105.16 65.66
79.82 72.00
81.26 64.51
79.24 57.89
93.06 48.96
87.30 48.67
104.01 43.20
101.41 36.00
109.48 29.67
101.70 29.38
101.70 23.33
108.04 3.17
103.72 4.61
103.72 9.22
99.97 6.05
97.96 14.69
96.81 20.45
93.93 27.36
88.17 11.24
88.45 6.05
80.39 6.34
76.65 7.21
79.53 27.07
74.06 16.13
71.47 23.91
69.45 28.23
66.57 29.95
66.57 37.73
78.66 40.03
83.56 32.83
88.74 26.21
69.45 49.54
74.63 54.72
54.48 45.50
45.84 24.77
51.60 22.76
61.67 29.67
63.69 17.86
66.57 24.20
59.66 13.54
64.84 10.66
59.95 9.22
46.99 13.25
41.23 11.81
32.59 10.66
27.12 20.45
29.42 25.35
34.03 23.33
31.73 28.51
36.62 29.95
30.86 34.27
23.66 35.14
48.43 40.32
21.07 38.88
15.31 37.73
19.06 27.65
12.43 25.92
4.08 27.65
5.81 21.60
4.66 12.39
13.01 11.52
1.20 22.47
4.37 73.72
5.81 52.13
8.69 43.78
29.42 70.85
42.09 60.19
54.19 61.05
23.09 15.27
16.18 122.39
28.85 142.55
59.37 145.72
66.28 75.45
120.13 110.58
223.22 277.21
202.20 585.04
609.96 567.76
606.50 259.07
606.50 222.21
546.61 212.99
582.31 185.35
409.53 4.90
398.59 6.05
364.90 26.21
376.13 39.17
382.47 43.78
384.77 31.68
379.87 18.44
391.11 19.30
399.74 21.32
405.79 20.16
404.35 12.96
413.85 10.66
418.46 8.36
422.49 13.54
426.52 15.56
422.21 16.13
418.17 19.59
413.85 21.89
419.04 26.21
423.93 23.62
414.72 34.27
403.20 33.12
397.44 26.79
426.24 40.61
419.33 47.81
410.69 54.43
411.55 82.65
392.26 99.64
369.51 102.23
416.45 74.59
434.30 79.77
418.17 137.08
426.81 136.21
440.92 130.17
461.08 127.00
479.80 124.41
508.59 149.17
525.01 165.30
531.34 114.33
512.91 120.09
514.93 78.33
535.38 89.56
484.12 78.91
490.16 61.05
474.04 43.78
454.17 43.49
440.63 31.97
456.76 25.92
447.55 22.47
437.76 15.27
443.80 16.71
445.24 8.65
451.00 9.51
448.41 5.77
457.34 4.04
463.10 2.60
458.78 11.24
474.61 22.76
479.22 23.91
478.65 11.81
476.34 5.48
470.01 4.33
476.05 1.73
499.38 22.76
502.84 27.36
506.29 31.39
497.94 31.68
495.92 39.46
486.13 41.47
484.98 33.70
502.26 39.17
506.87 36.29
517.52 35.71
538.54 74.88
528.46 65.37
531.92 55.58
557.84 89.56
561.29 75.74
563.88 61.63
578.28 65.09
554.38 63.36
554.09 40.90
543.73 29.38
525.01 19.01
520.98 19.59
537.39 17.57
531.92 13.54
537.97 8.65
559.85 17.00
550.06 18.44
575.69 24.77
578.86 25.35
584.33 40.03
581.45 10.37
575.40 9.22
570.22 4.33
527.31 6.34
516.37 9.22
519.54 0.87
497.36 11.24
506.87 10.08
503.70 16.13
565.90 19.01
569.35 15.84
578.57 36.58
488.72 3.46
509.46 21.89
533.65 4.61
538.54 2.02
553.52 6.92
547.47 10.66
542.00 4.04
557.26 9.51
554.67 14.12
599.02 5.48
597.29 13.54
609.67 15.84
610.82 11.52
613.99 63.36
607.94 25.92
588.65 18.44
582.03 17.00
588.07 49.82
594.41 65.09
597.58 84.96
612.55 86.40
458.78 180.24
310.01 577.49
221.01 506.91
143.26 501.79
64.49 507.93
494.14 374.94
31.50 280.38
42.76 229.23
30.99 207.75
91.35 208.77
103.62 293.17
194.16 305.96
25.11 53.31
32.01 54.34
41.99 46.66
109.25 17.51
109.25 9.84
26.64 11.37
15.90 21.09
580.84 1.40
384.30 8.70
382.13 2.31
386.22 1.16
400.29 2.95
396.32 0.01
390.70 8.19
394.66 9.85
431.36 10.62
432.38 16.89
425.60 12.54
432.13 27.76
411.79 45.79
456.68 21.36
461.15 25.71
451.95 14.46
451.05 18.80
454.76 1.54
458.85 0.13
497.72 7.68
480.46 6.14
484.94 8.57
488.01 9.47
491.84 10.36
485.83 19.57
528.03 21.62
513.71 13.43
507.06 14.33
502.84 10.36
544.53 6.02
515.11 18.28
42.87 143.51
60.74 26.42
67.59 19.04
7.66 60.24
82.57 4.97
97.56 25.19
91.46 36.97
72.73 34.29
51.54 36.81
61.92 43.44
45.12 35.74
410.28 14.81
463.69 32.04
468.39 33.54
453.84 32.26
460.10 41.94
475.73 33.59
479.47 36.86
468.29 60.24
403.54 3.90
405.73 8.87
420.55 6.46
420.98 4.32
432.97 5.50
470.32 8.93
467.54 25.94
527.69 31.29
532.18 30.01
550.91 33.97
535.82 26.05
542.13 16.95
522.66 39.21
498.04 26.80
526.29 14.38
526.08 10.96
478.56 17.92
488.41 14.17
472.14 16.95
463.15 15.78
445.60 4.54
501.57 6.79
512.70 7.43
521.58 0.47
523.78 5.13
523.89 8.18
543.42 1.22
600.25 13.53
599.28 23.48
605.49 19.95
602.60 15.45
605.81 12.24
597.25 57.51
609.24 52.38
588.80 91.49
