120.53 72.69
128.88 67.22
136.36 68.08
142.12 81.04
123.41 91.41
125.13 82.48
83.95 85.93
72.44 83.34
61.21 72.98
72.15 58.58
147.02 15.67
216.13 13.66
256.16 87.66
230.82 94.00
232.26 86.51
230.24 79.89
244.06 70.96
238.30 70.67
255.01 65.20
252.41 58.00
260.48 51.67
252.70 51.38
252.70 45.33
259.04 25.17
254.72 26.61
254.72 31.22
250.97 28.05
248.96 36.69
247.81 42.45
244.93 49.36
239.17 33.24
239.45 28.05
231.39 28.34
227.65 29.21
230.53 49.07
225.06 38.13
222.47 45.91
220.45 50.23
217.57 51.95
217.57 59.73
229.66 62.03
234.56 54.83
239.74 48.21
220.45 71.54
225.63 76.72
205.48 67.50
196.84 46.77
202.60 44.76
212.67 51.67
214.69 39.86
217.57 46.20
210.66 35.54
215.84 32.66
210.95 31.22
197.99 35.25
192.23 33.81
183.59 32.66
178.12 42.45
180.42 47.35
185.03 45.33
182.73 50.51
187.62 51.95
181.86 56.27
174.66 57.14
199.43 62.32
172.07 60.88
166.31 59.73
170.06 49.65
163.43 47.92
155.08 49.65
156.81 43.60
155.66 34.39
164.01 33.52
143.85 43.03
152.20 44.47
149.90 60.88
138.96 49.07
132.33 47.06
129.74 38.71
121.10 39.57
113.90 41.30
113.33 50.23
117.93 56.85
124.85 58.58
115.63 66.35
92.02 58.87
83.95 49.94
87.70 44.76
81.36 65.49
86.83 67.79
73.01 69.81
71.57 73.55
155.37 95.72
146.15 91.12
156.81 74.13
159.69 65.78
148.46 67.79
180.42 92.85
193.09 82.19
205.19 83.05
174.09 37.27
100.66 44.18
64.08 32.66
55.45 29.49
44.79 95.44
57.17 82.48
49.11 59.44
88.85 123.08
41.34 129.99
118.22 123.37
147.88 129.13
167.18 144.39
179.85 164.55
210.37 167.72
145.58 176.35
120.81 163.40
81.94 163.11
58.61 174.05
72.15 182.40
217.28 97.45
271.13 132.58
5.63 247.37
5.05 265.80
77.62 260.62
374.22 299.21
353.20 607.04
760.96 589.76
757.50 281.07
757.50 244.21
697.61 234.99
733.31 207.35
560.53 26.90
549.59 28.05
515.90 48.21
527.13 61.17
533.47 65.78
535.77 53.68
530.87 40.44
542.11 41.30
550.74 43.32
556.79 42.16
555.35 34.96
564.85 32.66
569.46 30.36
573.49 35.54
577.52 37.56
573.21 38.13
569.17 41.59
564.85 43.89
570.04 48.21
574.93 45.62
565.72 56.27
554.20 55.12
548.44 48.79
577.24 62.61
570.33 69.81
561.69 76.43
562.55 104.65
543.26 121.64
520.51 124.23
567.45 96.59
585.30 101.77
569.17 159.08
577.81 158.21
591.92 152.17
612.08 149.00
630.80 146.41
659.59 171.17
676.01 187.30
682.34 136.33
663.91 142.09
665.93 100.33
686.38 111.56
635.12 100.91
641.16 83.05
625.04 65.78
605.17 65.49
591.63 53.97
607.76 47.92
598.55 44.47
588.76 37.27
594.80 38.71
596.24 30.65
602.00 31.51
599.41 27.77
590.77 21.43
595.09 18.84
608.34 26.04
614.10 24.60
609.78 33.24
625.61 44.76
630.22 45.91
629.65 33.81
627.34 27.48
621.01 26.33
627.05 23.73
617.55 19.13
650.38 44.76
653.84 49.36
657.29 53.39
648.94 53.68
646.92 61.46
637.13 63.47
635.98 55.70
653.26 61.17
657.87 58.29
668.52 57.71
689.54 96.88
679.46 87.37
682.92 77.58
708.84 111.56
712.29 97.74
714.88 83.63
729.28 87.09
705.38 85.36
705.09 62.90
694.73 51.38
676.01 41.01
671.98 41.59
688.39 39.57
682.92 35.54
688.97 30.65
710.85 39.00
701.06 40.44
726.69 46.77
729.86 47.35
735.33 62.03
732.45 32.37
726.40 31.22
726.40 19.70
721.22 26.33
701.06 10.78
675.14 15.38
678.31 28.34
667.37 31.22
670.54 22.87
667.66 20.28
648.36 33.24
657.87 32.08
654.70 38.13
716.90 41.01
720.35 37.84
729.57 58.58
623.60 18.84
631.09 21.72
639.72 25.46
660.46 43.89
684.65 26.61
689.54 24.02
704.52 28.92
698.47 32.66
693.00 26.04
708.26 31.51
705.67 36.12
750.02 27.48
748.29 35.54
760.67 37.84
761.82 33.52
768.16 43.03
773.63 42.16
771.04 37.56
781.69 34.39
779.96 31.51
793.21 46.77
784.28 45.04
788.89 38.71
795.23 40.72
803.00 43.03
809.34 41.30
804.73 57.43
792.06 58.00
796.09 53.97
794.94 67.50
800.41 78.74
779.39 89.39
768.73 96.88
764.99 85.36
758.94 47.92
739.65 40.44
733.03 39.00
739.07 71.82
745.41 87.09
748.58 106.96
763.55 108.40
790.33 122.51
798.11 118.47
790.33 109.55
806.17 106.67
820.57 113.00
822.29 93.71
835.83 101.20
840.44 85.93
851.09 93.42
851.09 79.02
866.35 80.46
861.75 71.54
864.34 66.64
852.82 64.34
839.57 66.06
823.73 64.34
820.28 55.41
853.39 50.23
844.76 52.53
884.78 76.72
892.27 73.84
899.18 71.25
905.23 77.01
896.59 80.75
907.82 89.97
875.57 93.13
902.64 104.08
906.09 109.55
906.67 154.47
887.66 180.96
886.22 161.09
870.10 163.40
849.65 135.18
935.18 119.63
954.18 127.98
951.88 116.17
928.55 102.35
929.13 83.92
944.10 77.01
939.21 74.13
911.85 128.26
965.70 81.87
982.98 96.84
999.10 91.08
962.24 97.42
1003.14 124.49
998.53 182.65
919.05 231.61
857.43 287.47
816.53 224.12
609.78 202.24
461.01 599.49
372.01 528.91
294.26 523.79
215.49 529.93
645.14 396.94
41.33 240.49
48.49 195.99
105.27 237.94
182.50 302.38
193.76 251.23
181.99 229.75
242.35 230.77
254.62 315.17
345.16 327.96
137.49 145.36
64.09 88.87
57.96 86.05
56.42 120.84
68.70 104.21
50.79 104.72
125.22 52.04
142.35 39.77
101.18 37.98
176.11 75.31
183.01 76.34
192.99 68.66
260.25 39.51
260.25 31.84
177.64 33.37
166.90 43.09
731.84 23.40
630.05 18.79
535.30 30.70
533.13 24.31
537.22 23.16
536.71 18.68
533.38 20.22
530.57 19.45
527.12 15.36
529.55 15.10
529.16 12.42
526.09 11.27
522.39 10.37
528.65 9.48
532.23 11.52
534.15 13.57
536.20 13.18
539.01 12.29
539.78 15.10
540.29 19.58
542.46 16.64
544.00 14.21
542.97 11.39
549.24 11.52
551.29 15.74
551.29 24.95
547.32 22.01
541.70 30.19
545.66 31.85
559.47 21.11
561.26 18.94
556.91 16.25
559.98 16.25
559.85 14.21
561.52 13.31
564.07 12.67
566.63 17.53
569.06 15.87
572.00 17.15
576.35 17.15
578.14 14.59
579.67 13.57
579.67 20.86
581.85 18.04
585.04 17.28
583.77 15.74
587.35 15.49
589.39 11.78
594.00 13.70
591.44 15.74
582.36 32.62
583.38 38.89
576.60 34.54
583.13 49.76
562.79 67.79
607.68 43.36
612.15 47.71
602.95 36.46
602.05 40.80
605.76 23.54
599.88 17.28
597.96 12.80
603.46 15.36
607.55 14.59
610.11 13.18
608.57 11.78
611.77 11.91
612.28 19.07
609.85 22.13
619.95 14.46
625.71 12.42
628.14 14.85
632.87 16.76
636.06 18.17
645.78 16.64
645.27 21.75
656.40 21.11
648.72 29.68
631.46 28.14
635.94 30.57
639.01 31.47
642.84 32.36
636.83 41.57
679.03 43.62
664.71 35.43
658.06 36.33
653.84 32.36
695.53 28.02
734.91 17.26
666.11 40.28
82.03 60.09
65.55 65.87
64.69 59.13
55.70 46.07
60.73 56.45
67.69 54.63
73.25 51.64
53.24 67.37
77.75 45.75
87.06 39.97
91.98 33.82
98.51 55.38
70.42 68.81
78.66 69.94
105.25 94.23
92.84 78.28
107.72 69.29
193.87 165.51
211.74 48.42
218.59 41.04
145.71 57.84
133.51 84.06
158.66 82.24
233.57 26.97
248.56 47.19
242.46 58.97
223.73 56.29
202.54 58.81
212.92 65.44
196.12 57.74
561.28 36.81
614.69 54.04
619.39 55.54
604.84 54.26
611.10 63.94
626.73 55.59
630.47 58.86
619.29 82.24
554.65 19.37
554.54 25.90
556.73 30.87
571.55 28.46
571.98 26.32
583.97 27.50
621.32 30.93
618.54 47.94
678.69 53.29
683.18 52.01
701.91 55.97
686.82 48.05
693.13 38.95
673.66 61.21
649.04 48.80
677.29 36.38
677.08 32.96
629.56 39.92
639.41 36.17
623.14 38.95
614.15 37.78
596.60 26.54
652.57 28.79
663.70 29.43
672.58 22.47
674.78 27.13
674.89 30.18
721.17 10.56
693.56 11.85
685.32 14.52
680.13 11.69
694.42 23.22
730.59 17.55
741.08 15.09
743.86 13.27
735.94 21.94
751.25 35.53
750.28 45.48
756.49 41.95
753.60 37.45
756.81 34.24
748.25 79.51
760.24 74.38
776.40 82.19
786.35 82.30
739.80 113.49
