64.28 384.08
110.27 370.14
67.07 331.11
18.28 338.08
5.74 314.39
127.00 328.32
143.73 360.38
170.21 352.02
157.66 325.54
168.81 536.01
225.96 463.53
248.26 392.44
220.39 364.56
266.38 347.84
248.26 321.36
206.45 314.39
287.29 318.57
17.93 298.71
10.62 288.95
3.65 287.56
33.96 301.15
36.40 289.99
26.30 286.86
48.95 291.74
51.04 284.07
66.72 298.71
75.43 315.78
80.66 288.95
93.90 284.07
73.69 283.72
93.90 304.28
114.80 301.84
114.46 289.99
130.14 286.51
142.33 298.71
146.86 288.60
140.59 285.12
133.27 279.19
148.60 283.72
154.53 304.28
171.95 324.67
172.13 315.95
184.32 317.70
179.27 305.50
178.05 295.92
181.53 299.40
183.80 292.43
166.72 286.86
155.57 285.29
155.22 280.76
146.34 278.50
159.93 279.02
173.69 283.20
178.40 286.34
173.69 290.87
180.66 279.37
188.15 277.28
195.65 280.93
186.93 285.64
193.38 293.30
194.25 283.72
194.60 286.34
203.31 286.51
212.89 280.24
234.85 287.21
226.66 289.65
226.66 284.42
229.10 277.10
223.52 276.40
236.76 279.71
351.41 389.65
380.68 357.60
315.17 304.63
336.07 294.87
462.91 418.92
430.85 350.63
531.21 448.19
586.96 318.57
263.25 287.90
251.75 280.93
247.22 275.71
254.01 269.61
258.89 275.71
260.98 272.05
266.03 276.58
272.13 278.15
276.66 283.55
280.84 291.91
288.34 287.03
281.37 280.24
282.24 270.66
289.90 269.44
295.13 273.09
290.77 277.80
300.88 275.19
297.57 281.28
314.64 280.06
308.37 276.06
305.24 270.66
303.15 273.44
333.64 256.02
344.26 263.34
352.10 268.91
357.68 301.67
380.50 290.34
361.69 278.32
364.82 270.48
357.33 270.83
358.38 265.60
362.91 263.86
368.66 263.34
377.54 265.78
383.29 265.43
381.03 268.56
389.21 273.27
388.17 276.93
380.50 277.10
393.05 280.59
404.20 295.92
406.99 276.06
418.31 278.15
395.83 271.70
392.87 265.78
389.04 266.65
399.84 260.20
403.33 258.98
395.66 258.28
398.97 254.10
401.93 265.78
408.55 263.34
417.79 268.04
415.35 262.64
421.27 259.68
422.67 268.04
415.87 291.04
430.68 288.25
434.69 271.35
435.38 265.95
430.68 265.25
432.60 262.47
428.59 262.81
434.17 261.07
432.07 259.16
437.48 260.38
441.48 262.12
447.75 258.98
450.54 263.34
454.72 260.90
461.87 262.47
461.00 259.68
461.00 257.24
464.31 256.72
459.08 266.13
453.16 268.22
449.67 279.37
456.47 296.79
444.62 303.06
480.68 288.25
480.51 305.33
493.58 286.34
509.61 291.21
507.69 279.02
495.32 275.36
481.38 273.79
481.03 268.04
475.63 267.17
476.50 260.90
471.80 260.38
468.49 263.16
468.84 259.68
468.66 269.26
473.02 270.83
479.99 257.76
481.03 255.50
477.20 254.97
484.52 256.72
487.13 257.94
487.48 264.03
490.62 256.02
496.02 261.42
498.63 256.72
494.45 256.72
502.99 254.28
504.38 259.33
501.94 262.12
507.52 262.12
515.01 256.72
528.95 257.94
528.25 253.06
532.95 249.92
534.35 254.80
536.09 261.60
532.60 271.35
523.89 264.03
518.67 264.03
560.71 289.30
612.28 288.60
545.67 259.68
548.98 256.54
551.77 252.71
543.41 252.71
542.01 262.81
555.08 264.03
564.14 262.47
565.53 255.67
557.52 254.45
558.22 251.49
573.20 256.54
581.04 252.19
576.16 252.01
587.49 247.83
590.80 249.57
589.23 253.23
592.71 253.75
594.11 259.16
585.05 259.50
580.17 257.24
578.95 261.94
582.61 267.69
591.67 279.54
608.05 260.38
604.56 256.37
604.56 253.23
598.46 252.01
604.39 267.34
613.27 253.75
613.62 248.35
600.21 248.35
305.15 336.97
