1020.11 582.10
1015.23 550.04
1020.11 523.56
962.96 500.56
880.03 505.44
929.51 481.05
912.08 462.93
928.11 452.48
953.20 456.66
949.02 441.32
967.84 435.75
978.29 467.11
981.08 443.42
1012.44 444.81
998.97 476.17
1003.15 465.37
997.57 448.64
1001.40 436.45
1019.87 432.96
976.32 425.64
965.51 425.64
957.50 434.70
945.30 418.33
923.00 433.66
908.02 425.64
898.61 434.70
888.50 421.81
884.32 434.70
869.69 424.60
876.31 450.73
831.36 448.64
852.61 455.61
857.84 442.72
858.89 430.52
851.57 416.93
843.90 425.99
842.86 414.49
828.57 429.13
822.30 418.68
816.03 430.52
808.01 428.08
791.98 431.92
815.68 448.99
783.27 415.89
782.92 427.04
776.30 418.68
790.12 580.71
813.12 511.71
749.70 462.93
738.55 510.32
701.62 451.08
723.92 442.72
719.74 422.51
735.76 414.84
735.07 406.48
760.16 427.73
761.20 411.71
747.96 417.63
624.72 497.08
578.73 483.14
621.93 444.11
670.72 451.08
683.26 427.39
562.00 441.32
545.27 473.38
518.79 465.02
531.34 438.54
520.19 649.01
463.04 576.53
440.74 505.44
468.61 477.56
422.62 460.84
440.74 434.36
482.55 427.39
401.71 431.57
725.08 413.45
717.06 412.75
717.76 409.27
700.69 414.15
701.03 406.83
691.28 421.46
690.23 428.08
671.07 411.71
678.38 401.95
685.35 400.56
692.67 404.74
655.04 414.15
652.60 402.99
662.70 399.86
640.05 404.74
637.96 397.07
622.28 411.71
613.57 428.78
608.34 401.95
595.10 397.07
615.31 396.72
595.10 417.28
574.20 414.84
574.54 402.99
558.86 399.51
546.67 411.71
542.14 401.60
548.41 398.12
555.73 392.19
540.40 396.72
534.47 417.28
517.05 437.67
516.87 428.95
504.68 430.70
509.73 418.50
510.95 408.92
507.47 412.40
505.20 405.43
522.28 399.86
533.43 398.29
533.78 393.76
542.66 391.50
529.07 392.02
515.31 396.20
510.60 399.34
515.31 403.87
508.34 392.37
500.85 390.28
493.35 393.93
502.07 398.64
495.62 406.30
494.75 396.72
494.40 399.34
485.69 399.51
476.11 393.24
454.15 400.21
462.34 402.65
462.34 397.42
459.90 390.10
465.48 389.40
452.24 392.71
337.59 502.65
308.32 470.60
373.83 417.63
352.93 407.87
226.09 531.92
258.15 463.63
157.79 561.19
102.04 431.57
22.59 515.20
425.75 400.90
437.25 393.93
441.78 388.71
434.99 382.61
430.11 388.71
428.02 385.05
422.97 389.58
416.87 391.15
412.34 396.55
408.16 404.91
400.66 400.03
407.63 393.24
406.76 383.66
399.10 382.44
393.87 386.09
398.23 390.80
388.12 388.19
391.43 394.28
374.36 393.06
380.63 389.06
383.76 383.66
385.85 386.44
355.36 369.02
344.74 376.34
336.90 381.91
331.32 414.67
308.50 403.34
327.31 391.32
324.18 383.48
331.67 383.83
330.62 378.60
326.09 376.86
320.34 376.34
311.46 378.78
305.71 378.43
307.97 381.56
299.79 386.27
300.83 389.93
308.50 390.10
295.95 393.59
284.80 408.92
282.01 389.06
270.69 391.15
293.17 384.70
296.13 378.78
299.96 379.65
289.16 373.20
285.67 371.98
293.34 371.28
290.03 367.10
287.07 378.78
280.45 376.34
271.21 381.04
273.65 375.64
267.73 372.68
266.33 381.04
273.13 404.04
258.32 401.25
254.31 384.35
253.62 378.95
258.32 378.25
256.40 375.47
260.41 375.81
254.83 374.07
256.93 372.16
251.52 373.38
247.52 375.12
241.25 371.98
238.46 376.34
234.28 373.90
227.13 375.47
228.00 372.68
228.00 370.24
224.69 369.72
229.92 379.13
235.84 381.22
239.33 392.37
232.53 409.79
244.38 416.06
208.32 401.25
208.49 418.33
195.42 399.34
179.39 404.21
181.31 392.02
193.68 388.36
207.62 386.79
207.97 381.04
213.37 380.17
212.50 373.90
217.20 373.38
220.51 376.16
220.16 372.68
220.34 382.26
215.98 383.83
209.01 370.76
207.97 368.50
211.80 367.97
204.48 369.72
201.87 370.94
201.52 377.03
198.38 369.02
192.98 374.42
190.37 369.72
194.55 369.72
186.01 367.28
184.62 372.33
187.06 375.12
181.48 375.12
173.99 369.72
160.05 370.94
160.75 366.06
156.05 362.92
154.65 367.80
152.91 374.60
156.40 384.35
165.11 377.03
170.33 377.03
128.29 402.30
76.72 401.60
60.69 396.03
22.36 414.15
29.32 382.78
11.90 382.09
143.33 372.68
140.02 369.54
137.23 365.71
145.59 365.71
146.99 375.81
133.92 377.03
124.86 375.47
123.47 368.67
131.48 367.45
130.78 364.49
115.80 369.54
107.96 365.19
112.84 365.01
101.51 360.83
98.20 362.57
99.77 366.23
96.29 366.75
94.89 372.16
103.95 372.50
108.83 370.24
110.05 374.94
106.39 380.69
97.33 392.54
72.59 384.00
71.37 374.94
80.95 373.38
84.44 369.37
84.44 366.23
90.54 365.01
84.61 380.34
68.93 362.05
75.73 366.75
75.38 361.35
88.79 361.35
48.90 375.47
44.37 366.93
59.35 374.25
4.06 363.62
11.38 368.67
13.99 364.49
10.68 361.18
16.08 359.61
22.36 362.40
22.70 366.93
26.01 370.59
35.25 371.81
37.17 357.35
47.97 360.83
50.58 366.06
65.39 363.97
62.08 363.97
58.42 364.14
383.85 449.97
