16.64 308.64
4.10 285.99
5.14 274.49
19.43 289.13
25.70 278.68
31.97 290.52
39.99 288.08
56.02 291.92
32.32 308.99
64.73 275.89
65.08 287.04
71.70 278.68
57.88 440.71
34.88 371.71
98.30 322.93
109.45 370.32
146.38 311.08
124.08 302.72
128.26 282.51
112.24 274.84
112.93 266.48
87.84 287.73
86.80 271.71
100.04 277.63
223.28 357.08
269.27 343.14
226.07 304.11
177.28 311.08
164.74 287.39
286.00 301.32
302.73 333.38
329.21 325.02
316.66 298.54
327.81 509.01
384.96 436.53
407.26 365.44
379.39 337.56
425.38 320.84
407.26 294.36
365.45 287.39
446.29 291.57
122.92 273.45
130.94 272.75
130.24 269.27
147.31 274.15
146.97 266.83
156.72 281.46
157.77 288.08
176.93 271.71
169.62 261.95
162.65 260.56
155.33 264.74
192.96 274.15
195.40 262.99
185.30 259.86
207.95 264.74
210.04 257.07
225.72 271.71
234.43 288.78
239.66 261.95
252.90 257.07
232.69 256.72
252.90 277.28
273.80 274.84
273.46 262.99
289.14 259.51
301.33 271.71
305.86 261.60
299.59 258.12
292.27 252.19
307.60 256.72
313.53 277.28
330.95 297.67
331.13 288.95
343.32 290.70
338.27 278.50
337.05 268.92
340.53 272.40
342.80 265.43
325.72 259.86
314.57 258.29
314.22 253.76
305.34 251.50
318.93 252.02
332.69 256.20
337.40 259.34
332.69 263.87
339.66 252.37
347.15 250.28
354.65 253.93
345.93 258.64
352.38 266.30
353.25 256.72
353.60 259.34
362.31 259.51
371.89 253.24
393.85 260.21
385.66 262.65
385.66 257.42
388.10 250.10
382.52 249.40
395.76 252.71
510.41 362.65
539.68 330.60
474.17 277.63
495.07 267.87
589.85 323.63
422.25 260.90
410.75 253.93
406.22 248.71
413.01 242.61
417.89 248.71
419.98 245.05
425.03 249.58
431.13 251.15
435.66 256.55
439.84 264.91
447.34 260.03
440.37 253.24
441.24 243.66
448.90 242.44
454.13 246.09
449.77 250.80
459.88 248.19
456.57 254.28
473.64 253.06
467.37 249.06
464.24 243.66
462.15 246.44
492.64 229.02
503.26 236.34
511.10 241.91
516.68 274.67
539.50 263.34
520.69 251.32
523.82 243.48
516.33 243.83
517.38 238.60
521.91 236.86
527.66 236.34
536.54 238.78
542.29 238.43
540.03 241.56
548.21 246.27
547.17 249.93
539.50 250.10
552.05 253.59
563.20 268.92
565.99 249.06
577.31 251.15
554.83 244.70
551.87 238.78
548.04 239.65
558.84 233.20
562.33 231.98
554.66 231.28
557.97 227.10
560.93 238.78
567.55 236.34
576.79 241.04
574.35 235.64
580.27 232.68
581.67 241.04
574.87 264.04
589.68 261.25
593.69 244.35
594.38 238.95
589.68 238.25
591.60 235.47
587.59 235.81
593.17 234.07
591.07 232.16
596.48 233.38
600.48 235.12
606.75 231.98
609.54 236.34
613.72 233.90
612.16 241.22
608.67 252.37
603.62 276.06
464.15 309.97
