64.97 449.44
15.49 425.05
32.92 406.93
16.89 396.48
22.00 377.66
36.98 369.64
46.39 378.70
56.50 365.81
60.68 378.70
75.31 368.60
68.69 394.73
113.64 392.64
92.39 399.61
87.16 386.72
86.11 374.52
93.43 360.93
101.10 369.99
102.14 358.49
116.43 373.13
122.70 362.68
128.97 374.52
136.99 372.08
153.02 375.92
129.32 392.99
161.73 359.89
162.08 371.04
168.70 362.68
154.88 524.71
131.88 455.71
195.30 406.93
206.45 454.32
243.38 395.08
221.08 386.72
225.26 366.51
209.24 358.84
209.93 350.48
184.84 371.73
183.80 355.71
197.04 361.63
320.28 441.08
366.27 427.14
323.07 388.11
274.28 395.08
261.74 371.39
383.00 385.32
399.73 417.38
426.21 409.02
413.66 382.54
424.81 593.01
481.96 520.53
504.26 449.44
476.39 421.56
522.38 404.84
504.26 378.36
462.45 371.39
543.29 375.57
219.92 357.45
227.94 356.75
227.24 353.27
244.31 358.15
243.97 350.83
253.72 365.46
254.77 372.08
273.93 355.71
266.62 345.95
259.65 344.56
252.33 348.74
289.96 358.15
292.40 346.99
282.30 343.86
304.95 348.74
307.04 341.07
322.72 355.71
331.43 372.78
336.66 345.95
349.90 341.07
329.69 340.72
349.90 361.28
370.80 358.84
370.46 346.99
386.14 343.51
398.33 355.71
402.86 345.60
396.59 342.12
389.27 336.19
404.60 340.72
410.53 361.28
427.95 381.67
428.13 372.95
440.32 374.70
435.27 362.50
434.05 352.92
437.53 356.40
439.80 349.43
422.72 343.86
411.57 342.29
411.22 337.76
402.34 335.50
415.93 336.02
429.69 340.20
434.40 343.34
429.69 347.87
436.66 336.37
444.15 334.28
451.65 337.93
442.93 342.64
449.38 350.30
450.25 340.72
450.60 343.34
459.31 343.51
468.89 337.24
490.85 344.21
482.66 346.65
482.66 341.42
485.10 334.10
479.52 333.40
492.76 336.71
607.41 446.65
571.17 361.63
592.07 351.87
519.25 344.90
507.75 337.93
503.22 332.71
510.01 326.61
514.89 332.71
516.98 329.05
522.03 333.58
528.13 335.15
532.66 340.55
536.84 348.91
544.34 344.03
537.37 337.24
538.24 327.66
545.90 326.44
551.13 330.09
546.77 334.80
556.88 332.19
553.57 338.28
570.64 337.06
564.37 333.06
561.24 327.66
559.15 330.44
589.64 313.02
600.26 320.34
608.10 325.91
613.68 358.67
613.33 327.83
561.15 393.97
