29.38 360.08
7.08 351.72
11.26 331.51
106.28 406.08
152.27 392.14
109.07 353.11
60.28 360.08
47.74 336.39
169.00 350.32
185.73 382.38
212.21 374.02
199.66 347.54
210.81 558.01
267.96 485.53
290.26 414.44
262.39 386.56
308.38 369.84
290.26 343.36
248.45 336.39
329.29 340.57
5.92 322.45
13.94 321.75
13.24 318.27
30.31 323.15
29.97 315.83
39.72 330.46
40.77 337.08
59.93 320.71
52.62 310.95
45.65 309.56
38.33 313.74
75.96 323.15
78.40 311.99
68.30 308.86
90.95 313.74
93.04 306.07
108.72 320.71
117.43 337.78
122.66 310.95
135.90 306.07
115.69 305.72
135.90 326.28
156.80 323.84
156.46 311.99
172.14 308.51
184.33 320.71
188.86 310.60
182.59 307.12
175.27 301.19
190.60 305.72
196.53 326.28
213.95 346.67
214.13 337.95
226.32 339.70
221.27 327.50
220.05 317.92
223.53 321.40
225.80 314.43
208.72 308.86
197.57 307.29
197.22 302.76
188.34 300.50
201.93 301.02
215.69 305.20
220.40 308.34
215.69 312.87
222.66 301.37
230.15 299.28
237.65 302.93
228.93 307.64
235.38 315.30
236.25 305.72
236.60 308.34
245.31 308.51
254.89 302.24
276.85 309.21
268.66 311.65
268.66 306.42
271.10 299.10
265.52 298.40
278.76 301.71
393.41 411.65
422.68 379.60
357.17 326.63
378.07 316.87
504.91 440.92
472.85 372.63
573.21 470.19
305.25 309.90
293.75 302.93
289.22 297.71
296.01 291.61
300.89 297.71
302.98 294.05
308.03 298.58
314.13 300.15
318.66 305.55
322.84 313.91
330.34 309.03
323.37 302.24
324.24 292.66
331.90 291.44
337.13 295.09
332.77 299.80
342.88 297.19
339.57 303.28
356.64 302.06
350.37 298.06
347.24 292.66
345.15 295.44
375.64 278.02
386.26 285.34
394.10 290.91
399.68 323.67
422.50 312.34
403.69 300.32
406.82 292.48
399.33 292.83
400.38 287.60
404.91 285.86
410.66 285.34
419.54 287.78
425.29 287.43
423.03 290.56
431.21 295.27
430.17 298.93
422.50 299.10
435.05 302.59
446.20 317.92
448.99 298.06
460.31 300.15
437.83 293.70
434.87 287.78
431.04 288.65
441.84 282.20
445.33 280.98
437.66 280.28
440.97 276.10
443.93 287.78
450.55 285.34
459.79 290.04
457.35 284.64
463.27 281.68
464.67 290.04
457.87 313.04
472.68 310.25
476.69 293.35
477.38 287.95
472.68 287.25
474.60 284.47
470.59 284.81
476.17 283.07
474.07 281.16
479.48 282.38
483.48 284.12
489.75 280.98
492.54 285.34
496.72 282.90
503.87 284.47
503.00 281.68
503.00 279.24
506.31 278.72
501.08 288.13
495.16 290.22
491.67 301.37
498.47 318.79
486.62 325.06
522.68 310.25
522.51 327.33
535.58 308.34
551.61 313.21
549.69 301.02
537.32 297.36
523.38 295.79
523.03 290.04
517.63 289.17
518.50 282.90
513.80 282.38
510.49 285.16
510.84 281.68
510.66 291.26
515.02 292.83
521.99 279.76
523.03 277.50
519.20 276.97
526.52 278.72
529.13 279.94
529.48 286.03
532.62 278.02
538.02 283.42
540.63 278.72
536.45 278.72
544.99 276.28
546.38 281.33
543.94 284.12
549.52 284.12
557.01 278.72
570.95 279.94
570.25 275.06
574.95 271.92
576.35 276.80
578.09 283.60
574.60 293.35
565.89 286.03
560.67 286.03
602.71 311.30
587.67 281.68
590.98 278.54
593.77 274.71
585.41 274.71
584.01 284.81
597.08 286.03
606.14 284.47
607.53 277.67
599.52 276.45
600.22 273.49
347.15 358.97
