2.56 343.23
41.43 395.40
50.64 361.65
95.65 384.15
286.95 401.54
339.12 397.45
403.57 363.69
383.11 368.81
332.98 361.65
306.39 368.81
296.16 340.16
261.37 354.48
248.08 371.88
198.97 366.76
175.44 394.38
153.96 352.44
181.58 330.96
224.55 333.00
238.87 340.16
277.74 325.84
308.43 323.80
351.40 340.16
383.11 340.16
381.06 316.63
397.43 297.20
391.29 275.72
347.30 268.55
330.94 290.04
292.06 298.22
264.44 287.99
278.76 273.67
234.78 273.67
247.05 248.10
202.04 316.63
183.63 287.99
145.78 311.52
118.16 338.12
73.15 319.70
36.32 330.96
5.63 295.15
403.57 201.04
384.13 209.22
377.99 230.70
373.90 254.23
339.12 218.43
316.61 245.03
296.16 262.42
307.41 209.22
282.86 230.70
332.98 187.74
353.44 187.74
366.74 197.97
371.86 177.51
358.56 173.42
369.81 155.00
385.15 141.71
369.81 130.45
353.44 143.75
341.17 158.07
314.57 159.10
308.43 177.51
291.04 177.51
268.54 173.42
267.51 201.04
233.75 180.58
215.34 206.15
204.09 218.43
204.09 252.19
228.64 237.87
245.01 228.66
181.58 239.91
162.15 261.39
158.05 245.03
169.31 212.29
146.80 248.10
125.32 213.31
103.84 239.91
121.23 282.88
89.51 287.99
71.10 269.58
43.48 263.44
68.03 247.07
41.43 240.93
18.93 250.14
11.77 104.88
17.91 127.38
19.95 139.66
2.56 166.26
34.27 169.33
34.27 141.71
59.85 156.03
71.10 172.39
84.40 187.74
60.87 195.92
117.13 188.76
131.46 194.90
114.07 172.39
102.81 166.26
109.97 139.66
86.45 141.71
76.22 115.11
54.73 119.20
63.94 107.95
102.81 112.04
121.23 129.43
135.55 143.75
132.48 120.22
149.87 115.11
161.12 115.11
172.38 147.84
175.44 127.38
194.88 146.82
215.34 155.00
215.34 177.51
206.13 176.49
180.56 183.65
188.74 169.33
165.21 176.49
150.89 169.33
293.09 151.94
253.19 160.12
241.94 145.80
232.73 116.13
217.39 116.13
201.02 111.02
174.42 95.67
178.51 69.07
158.05 79.30
150.89 100.79
128.39 86.46
144.75 67.03
399.48 132.50
380.04 105.90
396.41 102.83
362.65 115.11
353.44 103.86
360.60 90.56
336.05 117.15
335.03 130.45
309.45 137.61
308.43 116.13
278.76 115.11
254.21 105.90
262.40 109.99
8.70 202.06
364.69 43.50
382.09 44.52
396.41 23.04
7.68 74.70
33.25 67.54
27.11 96.18
51.66 91.07
31.20 38.90
10.74 41.97
16.88 12.30
40.41 12.30
50.64 31.74
50.64 50.15
73.15 38.90
55.76 17.41
80.31 21.51
87.47 53.22
60.87 73.68
84.40 88.00
84.40 70.61
106.90 25.60
129.41 35.83
114.07 40.94
112.02 62.42
140.66 47.08
162.15 50.15
154.98 33.78
127.36 10.25
135.55 22.53
112.02 2.07
95.65 3.09
34.27 1.05
172.38 27.64
173.40 11.28
208.18 7.18
192.83 21.51
203.06 39.92
186.70 46.06
210.23 76.75
225.57 60.38
216.36 45.03
214.32 23.55
229.66 7.18
238.87 42.99
228.64 79.82
246.03 95.16
268.54 90.05
280.81 92.09
280.81 80.84
258.31 55.26
271.60 49.13
263.42 32.76
252.17 17.41
283.88 25.60
287.97 10.25
294.11 45.03
294.11 53.22
284.90 58.33
306.39 84.93
319.68 103.34
338.10 91.07
320.71 76.75
320.71 60.38
342.19 49.13
341.17 28.67
331.96 17.41
362.65 16.39
369.81 29.69
314.57 2.07
304.34 14.35
343.21 70.61
377.99 88.00
386.18 8.21
402.55 10.25
334.01 4.12
248.08 2.07
