19.91 380.86
4.56 308.23
43.43 360.40
52.64 326.65
97.65 349.15
85.38 380.86
65.94 393.14
119.13 369.61
139.59 378.82
183.58 389.05
193.81 389.05
241.89 388.02
360.56 400.30
295.09 400.30
288.95 366.54
341.12 362.45
385.11 333.81
334.98 326.65
308.39 333.81
298.16 305.16
263.37 319.48
250.08 336.88
200.97 331.76
177.44 359.38
155.96 317.44
183.58 295.96
226.55 298.00
240.87 305.16
279.74 290.84
310.43 288.80
353.40 305.16
385.11 305.16
383.06 281.63
399.43 262.20
393.29 240.72
349.30 233.55
332.94 255.04
294.06 263.22
266.44 252.99
280.76 238.67
236.78 238.67
249.05 213.10
204.04 281.63
185.63 252.99
147.78 276.52
120.16 303.12
75.15 284.70
38.32 295.96
7.63 260.15
386.13 174.22
379.99 195.70
375.90 219.23
341.12 183.43
318.61 210.03
298.16 227.42
309.41 174.22
284.86 195.70
334.98 152.74
355.44 152.74
368.74 162.97
373.86 142.51
360.56 138.42
371.81 120.00
387.15 106.71
371.81 95.45
355.44 108.75
343.17 123.07
316.57 124.10
310.43 142.51
293.04 142.51
270.54 138.42
269.51 166.04
235.75 145.58
217.34 171.15
206.09 183.43
206.09 217.19
230.64 202.87
247.01 193.66
183.58 204.91
164.15 226.39
160.05 210.03
171.31 177.29
148.80 213.10
127.32 178.31
105.84 204.91
123.23 247.88
91.51 252.99
73.10 234.58
45.48 228.44
70.03 212.07
43.43 205.93
20.93 215.14
0.47 190.59
13.77 69.88
19.91 92.38
21.95 104.66
4.56 131.26
36.27 134.33
36.27 106.71
61.85 121.03
73.10 137.39
86.40 152.74
62.87 160.92
119.13 153.76
133.46 159.90
116.07 137.39
104.81 131.26
111.97 104.66
88.45 106.71
78.22 80.11
56.73 84.20
65.94 72.95
104.81 77.04
123.23 94.43
137.55 108.75
134.48 85.22
151.87 80.11
163.12 80.11
174.38 112.84
177.44 92.38
196.88 111.82
217.34 120.00
217.34 142.51
208.13 141.49
182.56 148.65
190.74 134.33
167.21 141.49
152.89 134.33
295.09 116.94
255.19 125.12
243.94 110.80
234.73 81.13
219.39 81.13
203.02 76.02
176.42 60.67
180.51 34.07
160.05 44.30
152.89 65.79
130.39 51.46
146.75 32.03
401.48 97.50
382.04 70.90
398.41 67.83
364.65 80.11
355.44 68.86
362.60 55.56
338.05 82.15
337.03 95.45
311.45 102.61
310.43 81.13
280.76 80.11
256.21 70.90
264.40 74.99
10.70 167.06
366.69 8.50
384.09 9.52
9.68 39.70
35.25 32.54
29.11 61.18
53.66 56.07
33.20 3.90
12.74 6.97
52.64 15.15
75.15 3.90
89.47 18.22
62.87 38.68
86.40 53.00
86.40 35.61
131.41 0.83
116.07 5.94
114.02 27.42
142.66 12.08
164.15 15.15
205.06 4.92
188.70 11.06
212.23 41.75
227.57 25.38
218.36 10.03
240.87 7.99
230.64 44.82
248.03 60.16
270.54 55.05
282.81 57.09
282.81 45.84
260.31 20.26
273.60 14.13
296.11 10.03
296.11 18.22
286.90 23.33
308.39 49.93
321.68 68.34
340.10 56.07
322.71 41.75
322.71 25.38
344.19 14.13
345.21 35.61
379.99 53.00
