63.16 498.63
49.87 462.83
40.66 406.56
16.11 334.96
40.66 320.63
99.99 345.19
89.76 310.40
116.36 367.69
77.49 387.13
96.92 417.82
98.97 449.53
156.26 403.50
136.82 385.08
169.55 391.22
167.51 430.09
161.37 456.69
110.22 494.54
167.51 493.52
198.20 456.69
206.38 410.66
252.42 424.98
238.09 499.66
194.11 499.66
275.94 499.66
301.52 442.37
294.36 420.89
284.13 399.40
252.42 376.90
286.17 359.51
325.05 402.47
341.41 369.74
345.51 471.01
391.54 474.08
375.17 441.35
372.10 409.63
380.29 388.15
419.16 446.46
441.67 489.43
442.69 427.02
457.01 396.34
468.26 434.19
484.63 485.33
477.47 408.61
445.76 358.48
399.72 356.44
341.41 342.12
313.79 334.96
275.94 325.75
228.89 322.68
220.70 342.12
218.66 308.36
199.22 345.19
160.35 352.35
498.95 353.37
492.81 320.63
473.38 310.40
444.73 325.75
461.10 299.15
445.76 306.31
424.28 294.04
395.63 294.04
373.13 316.54
970.55 486.36
501.00 446.46
527.60 495.56
557.26 456.69
582.84 491.47
585.91 419.86
512.25 368.71
535.78 377.92
546.01 337.00
570.56 347.23
564.42 375.88
560.33 409.63
538.85 408.61
609.43 399.40
618.64 365.65
663.65 388.15
651.38 419.86
631.94 432.14
685.13 408.61
705.59 417.82
697.41 456.69
681.04 492.49
725.03 444.41
749.58 428.05
759.81 428.05
807.89 427.02
822.21 467.94
804.82 495.56
895.87 475.10
926.56 439.30
861.09 439.30
854.95 405.54
907.12 401.45
981.80 434.19
1024.76 439.30
1010.44 358.48
971.57 367.69
951.11 372.81
900.98 365.65
874.39 372.81
864.16 344.16
829.37 358.48
816.08 375.88
766.97 370.76
743.44 398.38
721.96 356.44
749.58 334.96
792.55 337.00
806.87 344.16
845.74 329.84
876.43 327.80
919.40 344.16
951.11 344.16
949.06 320.63
1004.30 338.03
1002.26 315.52
1012.49 294.04
982.82 287.90
965.43 301.20
959.29 279.72
915.30 272.55
898.94 294.04
860.06 302.22
832.44 291.99
846.76 277.67
802.78 277.67
815.05 252.10
770.04 320.63
751.63 291.99
713.78 315.52
686.16 342.12
641.15 323.70
604.32 334.96
573.63 299.15
997.14 252.10
1022.72 236.75
984.87 234.70
1000.21 217.31
988.96 210.15
1022.72 206.06
1007.37 191.74
1021.69 177.42
1020.67 155.94
998.17 177.42
1014.53 159.00
1005.33 144.68
989.98 167.19
977.71 152.87
975.66 187.65
971.57 205.04
982.82 198.90
952.13 213.22
945.99 234.70
941.90 258.23
907.12 222.43
884.61 249.03
864.16 266.42
875.41 213.22
850.86 234.70
900.98 191.74
921.44 191.74
934.74 201.97
939.86 181.51
926.56 177.42
937.81 159.00
953.15 145.71
937.81 134.45
921.44 147.75
909.17 162.07
882.57 163.10
876.43 181.51
859.04 181.51
836.54 177.42
835.51 205.04
801.75 184.58
783.34 210.15
772.09 222.43
772.09 256.19
796.64 241.87
813.01 232.66
749.58 243.91
730.15 265.39
726.05 249.03
737.31 216.29
714.80 252.10
693.32 217.31
671.84 243.91
689.23 286.88
657.51 291.99
639.10 273.58
611.48 267.44
636.03 251.07
609.43 244.93
586.93 254.14
559.31 265.39
552.15 284.83
522.48 299.15
503.04 273.58
519.41 263.35
530.66 258.23
566.47 229.59
462.13 277.67
428.37 249.03
406.88 258.23
383.36 258.23
364.94 272.55
323.00 297.11
345.51 301.20
285.15 297.11
302.54 270.51
315.84 251.07
309.70 229.59
336.30 227.54
349.60 252.10
279.01 259.26
252.42 261.30
258.55 241.87
237.07 289.95
213.54 272.55
210.47 251.07
182.85 267.44
177.74 284.83
187.97 301.20
146.03 313.47
141.93 296.08
126.59 268.46
107.15 261.30
66.23 281.76
59.07 265.39
30.43 256.19
10.99 236.75
-0.26 256.19
0.76 259.26
46.80 245.96
67.26 232.66
31.45 209.13
42.70 210.15
-1.28 199.92
1.79 197.88
41.68 177.42
23.27 170.26
71.35 191.74
74.42 166.17
96.92 180.49
97.95 162.07
106.13 198.90
122.50 197.88
137.84 198.90
151.14 198.90
175.69 213.22
184.90 237.77
162.39 249.03
128.63 241.87
148.07 223.45
94.88 238.80
107.15 236.75
203.31 230.61
224.79 220.38
261.62 212.20
284.13 209.13
304.59 201.97
323.00 206.06
268.78 187.65
252.42 188.67
232.98 198.90
235.02 170.26
202.29 201.97
184.90 173.33
156.26 159.00
170.58 156.96
135.80 156.96
125.57 163.10
97.95 140.59
74.42 147.75
65.21 147.75
50.89 151.84
28.38 138.54
65.21 128.32
91.81 117.06
113.29 126.27
137.84 123.20
142.96 134.45
162.39 126.27
187.97 140.59
196.15 147.75
198.20 126.27
220.70 136.50
191.04 123.20
231.96 166.17
231.96 147.75
250.37 160.03
256.51 140.59
281.06 149.80
299.47 166.17
286.17 174.35
317.89 178.44
352.67 171.28
333.23 148.77
309.70 147.75
380.29 181.51
376.20 210.15
363.92 210.15
409.95 229.59
444.73 227.54
417.11 192.76
427.34 187.65
392.56 162.07
373.13 145.71
349.60 143.66
386.43 119.11
401.77 136.50
437.57 164.12
444.73 126.27
466.22 197.88
494.86 198.90
477.47 216.29
495.88 231.64
509.18 227.54
515.32 199.92
560.33 188.67
529.64 176.39
497.93 167.19
506.11 149.80
497.93 147.75
470.31 147.75
465.19 124.22
463.15 102.74
479.52 100.69
512.25 129.34
532.71 108.88
560.33 99.67
560.33 133.43
552.15 120.13
579.77 108.88
585.91 131.38
587.95 143.66
570.56 170.26
544.99 164.12
602.27 173.33
602.27 145.71
627.85 160.03
639.10 176.39
652.40 191.74
628.87 199.92
685.13 192.76
699.46 198.90
682.07 176.39
670.81 170.26
677.97 143.66
654.45 145.71
644.22 119.11
622.73 123.20
631.94 111.95
670.81 116.04
689.23 133.43
703.55 147.75
700.48 124.22
717.87 119.11
729.12 119.11
740.38 151.84
743.44 131.38
762.88 150.82
783.34 159.00
783.34 181.51
774.13 180.49
748.56 187.65
756.74 173.33
733.21 180.49
718.89 173.33
861.09 155.94
821.19 164.12
809.94 149.80
800.73 120.13
785.39 120.13
769.02 115.02
742.42 99.67
746.51 73.07
726.05 83.30
718.89 104.79
696.39 90.46
712.75 71.03
967.48 136.50
989.98 137.52
985.89 149.80
998.17 133.43
1021.69 133.43
1012.49 119.11
1005.33 102.74
1021.69 99.67
1022.72 70.01
1006.35 72.05
1011.46 57.73
1014.53 26.02
1020.67 45.45
1005.33 45.45
1014.53 5.56
992.03 14.76
989.98 23.97
998.17 35.22
991.00 43.41
989.98 90.46
976.68 68.98
979.75 111.95
948.04 109.90
964.41 106.83
930.65 119.11
921.44 107.86
928.60 94.56
904.05 121.15
903.03 134.45
877.45 141.61
876.43 120.13
846.76 119.11
822.21 109.90
-87.21 396.34
830.40 113.99
338.35 128.32
317.89 116.04
298.45 122.18
264.69 123.20
277.99 109.90
241.16 126.27
227.86 121.15
234.00 101.72
234.00 87.40
202.29 99.67
210.47 87.40
196.15 71.03
174.67 106.83
170.58 90.46
180.81 68.98
171.60 74.10
138.86 80.24
152.16 65.91
128.63 66.94
125.57 97.63
103.06 91.49
94.88 64.89
97.95 36.25
79.53 83.30
86.69 68.98
79.53 54.66
68.28 41.36
63.16 57.73
48.84 59.78
44.75 83.30
44.75 99.67
9.97 97.63
27.36 90.46
22.25 72.05
16.11 51.59
263.67 88.42
248.32 84.33
247.30 70.01
269.81 70.01
279.01 61.82
334.25 97.63
343.46 76.14
319.93 73.07
368.01 70.01
401.77 93.53
406.88 61.82
433.48 77.17
437.57 61.82
454.96 83.30
470.31 85.35
359.83 102.74
513.27 98.65
493.84 93.53
496.91 78.19
524.53 84.33
524.53 100.69
507.14 61.82
519.41 50.57
495.88 59.78
502.02 44.43
486.68 48.52
448.83 42.38
459.06 28.06
442.69 45.45
390.52 36.25
370.06 47.50
380.29 55.68
363.92 18.86
342.44 14.76
320.95 26.02
309.70 40.34
309.70 14.76
297.43 14.76
272.87 8.63
264.69 33.18
273.90 49.55
250.37 52.61
241.16 54.66
244.23 11.70
221.73 8.63
173.65 21.93
190.01 42.38
193.08 47.50
207.40 57.73
220.70 68.98
208.43 55.68
171.60 51.59
157.28 51.59
147.05 27.04
135.80 38.29
117.38 34.20
106.13 28.06
97.95 18.86
61.12 21.93
72.37 16.81
47.82 35.22
26.34 27.04
32.48 14.76
48.84 5.56
19.18 0.44
3.83 33.18
82.60 34.20
205.36 29.09
170.58 11.70
203.31 4.53
131.70 11.70
142.96 11.70
291.29 34.20
342.44 48.52
351.64 36.25
325.05 45.45
320.95 2.49
361.87 2.49
407.91 77.17
430.41 113.99
442.69 93.53
535.78 142.64
576.70 206.06
479.52 178.44
932.69 47.50
950.09 48.52
964.41 27.04
253.56 104.93
197.31 59.94
174.41 30.21
148.70 37.84
35.41 41.06
24.56 28.20
58.31 107.75
73.57 100.92
116.56 142.70
294.94 109.35
287.71 86.45
307.40 88.86
319.45 30.21
378.91 90.07
114.15 57.13
107.32 132.66
283.69 50.30
224.23 43.87
246.73 45.07
197.72 41.06
188.88 35.83
357.62 47.08
33.87 226.22
352.14 61.21
248.83 28.90
392.78 8.82
385.93 13.23
399.15 13.23
400.62 64.15
552.15 45.97
563.40 52.10
557.26 75.63
575.68 78.70
601.25 71.54
595.11 100.18
619.66 95.07
599.20 42.90
578.74 45.97
567.49 30.62
567.49 14.25
555.22 20.39
432.46 26.53
414.05 24.48
436.55 9.14
447.80 11.18
477.47 19.37
467.24 10.16
482.59 5.05
506.11 13.23
543.96 21.41
533.73 24.48
584.88 16.30
608.41 16.30
618.64 35.74
618.64 54.15
641.15 42.90
623.76 21.41
648.31 25.51
655.47 57.22
628.87 77.68
652.40 92.00
652.40 74.61
674.90 29.60
697.41 39.83
682.07 44.94
680.02 66.42
708.66 51.08
730.15 54.15
722.98 37.78
695.36 14.25
703.55 26.53
680.02 6.07
663.65 7.09
602.27 5.05
740.38 31.64
741.40 15.28
776.18 11.18
760.83 25.51
771.06 43.92
754.70 50.06
778.23 80.75
793.57 64.38
784.36 49.03
782.32 27.55
797.66 11.18
806.87 46.99
796.64 83.82
814.03 99.16
836.54 94.05
848.81 96.09
848.81 84.84
826.31 59.26
839.60 53.13
831.42 36.76
820.17 21.41
851.88 29.60
855.97 14.25
862.11 49.03
862.11 57.22
852.90 62.33
874.39 88.93
887.68 107.34
906.10 95.07
888.71 80.75
888.71 64.38
910.19 53.13
909.17 32.67
899.96 21.41
930.65 20.39
937.81 33.69
882.57 6.07
872.34 18.35
911.21 74.61
945.99 92.00
954.18 12.21
970.55 14.25
902.01 8.12
816.08 6.07
