15.87 156.17
57.90 189.94
57.15 168.93
84.92 188.44
66.91 151.66
95.43 143.41
63.15 129.15
84.92 111.13
56.40 109.63
76.66 89.36
48.14 81.86
12.86 94.62
21.12 135.90
11.36 119.39
14.36 216.22
114.19 215.47
146.47 206.46
132.96 168.18
157.73 191.45
186.25 166.68
150.22 141.16
126.95 129.15
114.94 114.13
141.97 105.13
174.99 113.38
177.24 99.87
209.52 117.14
217.03 148.66
173.49 136.65
196.01 201.95
218.53 88.61
34.26 61.58
9.11 67.59
18.87 49.57
7.98 41.69
19.24 33.06
1.98 23.68
12.86 14.67
32.38 23.68
39.51 6.42
63.53 56.71
71.41 37.57
48.52 46.57
44.01 37.19
65.03 25.93
89.80 76.22
90.93 51.45
122.08 67.21
128.08 52.20
143.47 74.72
164.48 75.10
183.62 62.71
202.76 87.48
206.52 64.96
198.26 40.57
217.78 40.19
208.77 46.20
206.89 22.18
208.02 13.17
186.25 30.43
169.74 25.56
154.35 31.56
156.98 14.30
137.09 17.67
140.47 36.06
122.08 33.06
127.33 23.68
125.83 17.67
115.32 19.93
111.94 31.19
110.44 42.82
76.66 11.67
97.68 10.92
172.37 6.04
196.76 7.54
110.44 80.72
111.57 10.54
210.27 3.04
134.84 1.54
162.80 50.70
99.75 34.01
89.24 22.00
