171.51 166.93
150.49 211.21
133.98 178.18
140.73 146.66
188.77 136.15
158.75 112.88
194.03 83.61
181.27 90.36
137.73 72.35
89.69 97.87
31.15 126.39
90.44 184.19
100.95 159.42
120.47 122.64
57.42 121.14
60.42 184.94
43.16 205.21
13.88 213.46
6.38 183.44
7.13 100.12
18.39 114.38
203.22 27.68
186.33 40.44
155.18 39.32
170.95 25.81
200.22 12.29
194.21 1.79
178.08 0.28
122.91 32.94
97.39 33.31
93.26 45.32
79.37 58.83
119.90 59.96
99.64 64.09
74.49 41.19
48.22 26.56
69.24 18.30
2.06 71.59
10.69 55.45
21.58 46.07
32.84 25.05
47.47 46.45
68.11 92.98
86.88 82.85
29.46 94.49
84.63 11.17
103.39 10.42
10.69 11.92
18.95 20.55
30.96 11.54
139.42 17.55
149.55 25.43
143.55 43.44
115.03 10.04
72.24 1.04
64.74 6.66
177.51 15.30
199.28 64.09
113.90 100.69
46.72 66.16
44.47 91.68
112.02 34.44
214.86 2.16
41.84 5.16
39.97 40.82
48.75 168.23
60.94 133.52
