30.42 198.20
64.95 205.71
120.49 168.93
60.44 150.91
31.17 144.16
141.51 213.21
158.02 180.18
151.27 148.66
103.23 138.15
133.25 114.88
97.97 85.61
110.73 92.36
154.27 74.35
202.31 99.87
201.56 186.19
191.05 161.42
171.53 124.64
65.51 64.96
64.38 38.31
59.51 50.70
35.86 63.83
17.85 57.08
12.97 25.93
20.85 7.91
25.73 18.05
32.11 23.68
33.23 31.93
42.99 37.94
62.88 19.55
45.24 8.66
88.78 29.68
65.89 11.29
105.67 42.44
136.82 41.32
121.05 27.81
91.78 14.29
97.79 3.79
113.92 2.28
66.64 6.79
169.09 34.94
194.61 35.31
198.74 47.32
212.63 60.83
172.10 61.96
192.36 66.09
217.51 43.19
205.12 84.85
207.37 13.17
188.61 12.42
152.58 19.55
142.45 27.43
148.45 45.44
176.97 12.04
8.46 81.47
4.71 62.33
8.84 44.32
114.49 17.30
92.72 66.09
32.67 83.36
68.89 94.05
178.10 102.69
179.98 36.44
77.14 4.16
18.12 115.82
