56.42 230.20
90.95 237.71
146.49 200.93
86.44 182.91
57.17 176.16
23.39 179.91
23.39 212.94
109.71 268.48
167.51 245.21
184.02 212.18
177.27 180.66
129.23 170.15
159.25 146.88
123.97 117.61
136.73 124.36
180.27 106.35
228.31 131.87
286.85 160.39
227.56 218.19
217.05 193.42
197.53 156.64
260.58 155.14
257.58 218.94
274.84 239.21
235.81 260.97
335.64 233.95
304.12 247.46
311.62 217.44
325.88 188.92
385.18 256.47
352.91 260.22
331.14 269.98
368.67 215.94
341.65 164.15
366.42 137.88
344.65 140.13
310.87 134.12
299.61 148.38
318.38 158.89
412.20 167.90
429.47 150.64
469.25 158.14
455.74 140.13
491.02 177.66
476.76 200.93
492.52 215.94
527.80 219.69
561.57 230.95
568.33 192.67
536.80 272.23
509.78 249.71
482.76 248.96
448.98 236.20
505.28 205.43
533.80 197.92
557.82 170.15
518.04 155.14
540.56 139.38
583.34 164.15
588.59 192.67
614.87 191.17
598.35 228.70
656.90 224.94
656.15 203.93
683.92 223.44
665.91 186.66
694.43 178.41
662.15 164.15
683.92 146.13
655.40 144.63
675.66 124.36
647.14 116.86
611.86 129.62
593.10 134.87
578.09 146.13
620.12 170.90
610.36 154.39
563.82 257.22
613.36 251.22
614.12 267.73
671.91 262.47
734.21 263.98
713.19 250.47
745.47 241.46
731.96 203.18
756.73 226.45
785.25 201.68
749.22 176.16
725.95 164.15
713.94 149.13
740.97 140.13
773.99 148.38
776.24 134.87
808.52 152.14
816.03 183.66
845.30 167.15
772.49 171.65
874.57 151.39
860.31 191.92
837.79 212.18
795.01 236.95
848.30 240.71
912.10 254.22
921.11 240.71
817.53 123.61
920.36 149.13
897.84 126.62
877.58 109.35
858.06 88.34
844.55 96.59
840.05 128.12
936.12 71.07
855.62 143.69
831.23 150.45
900.28 186.85
91.51 96.96
90.38 70.31
85.51 82.70
61.86 95.83
43.85 89.08
16.45 62.81
4.82 73.32
38.97 57.93
14.20 52.67
46.85 39.91
25.08 44.42
51.73 50.05
58.11 55.68
59.23 63.93
68.99 69.94
88.88 51.55
71.24 40.66
68.99 28.66
52.10 25.28
46.47 14.39
38.22 19.65
9.69 19.65
26.58 15.90
17.58 14.77
76.87 15.14
62.99 12.14
64.86 22.65
77.25 24.15
114.78 61.68
91.89 43.29
131.67 74.44
162.82 73.32
147.05 59.81
117.78 46.29
123.79 35.79
139.92 34.28
130.92 24.15
117.41 22.65
108.02 23.78
92.64 38.79
154.56 14.02
149.68 20.02
156.06 26.78
171.07 26.78
185.71 27.15
195.09 66.94
220.61 67.31
224.74 79.32
238.63 92.83
198.10 93.96
218.36 98.09
243.51 75.19
269.78 60.56
248.76 52.30
355.35 107.84
343.71 84.95
315.94 105.59
307.31 89.45
320.44 68.81
296.42 80.07
285.16 59.05
270.53 80.45
249.89 126.98
231.12 116.85
288.54 128.49
233.37 45.17
214.61 44.42
231.12 27.90
263.40 24.15
307.31 45.92
299.05 54.55
287.04 45.54
348.97 46.67
362.48 44.04
231.50 9.51
211.23 15.90
196.97 16.65
198.10 24.53
206.73 30.53
178.58 51.55
168.45 59.43
174.45 77.44
202.97 44.04
279.54 5.76
297.55 8.01
288.92 9.51
275.41 26.78
298.68 18.90
307.68 10.64
321.57 29.78
310.31 21.90
378.61 4.64
382.37 16.65
372.99 25.65
389.12 20.40
393.25 27.53
396.25 34.28
374.86 33.16
415.77 42.54
421.02 28.28
405.64 20.02
415.39 21.15
434.53 21.90
445.42 17.77
450.67 31.28
458.18 38.79
434.16 32.03
448.04 50.80
439.04 55.30
449.55 90.96
400.76 94.33
425.90 122.10
457.05 122.48
398.88 115.35
366.98 91.71
361.35 58.30
347.09 69.19
379.74 54.55
379.37 43.67
393.25 59.43
412.77 56.05
466.81 7.64
245.76 35.04
253.26 40.66
409.39 81.57
442.04 66.19
463.06 98.46
460.43 83.07
105.40 8.39
94.51 18.52
114.40 15.14
135.80 10.27
163.94 18.90
177.08 12.14
156.06 5.01
4.82 106.34
22.08 121.73
34.46 113.47
22.83 108.22
30.71 94.33
34.84 76.32
334.70 45.92
324.95 57.18
360.60 74.07
454.43 4.26
248.01 17.02
256.27 7.26
140.49 49.30
118.72 98.09
58.67 115.36
94.89 126.05
204.10 134.69
271.28 100.16
273.53 125.68
20.95 33.91
3.31 36.16
205.98 68.44
364.73 18.90
353.09 16.27
344.84 11.39
336.58 9.14
324.95 12.52
315.94 10.27
329.07 21.90
339.58 28.66
278.78 21.15
268.65 8.39
240.50 20.02
189.84 12.14
103.14 36.16
88.51 31.66
81.75 27.90
72.75 10.27
75.75 12.14
84.75 7.26
19.83 23.78
35.59 29.78
463.06 26.40
462.12 50.80
471.13 39.16
469.62 29.41
480.13 34.66
473.38 23.03
488.01 11.77
473.38 17.40
490.64 24.90
483.89 24.15
492.14 38.79
486.89 45.92
472.63 56.05
491.39 62.43
489.14 73.69
481.26 66.56
456.49 68.44
468.50 77.44
479.38 104.47
500.02 103.34
494.77 88.70
516.91 102.96
537.93 119.48
543.93 99.21
523.29 75.19
518.41 64.68
513.91 49.67
503.78 65.81
503.78 48.92
511.66 28.66
503.03 31.66
525.92 29.03
533.43 40.29
547.69 40.66
545.44 29.78
549.56 56.43
539.06 61.31
541.68 75.19
560.82 70.31
587.47 87.58
569.45 87.58
589.35 110.47
633.26 96.58
608.11 102.59
617.87 84.57
606.98 76.69
618.24 68.06
584.84 67.31
600.98 58.68
572.08 60.18
577.71 48.55
590.85 48.17
611.86 49.67
606.98 32.78
583.72 36.54
574.33 30.53
562.32 27.90
631.38 58.68
652.77 34.66
638.51 41.42
622.37 33.91
629.50 27.15
614.87 27.15
662.53 91.71
670.41 72.57
647.52 81.57
643.01 72.19
664.03 60.93
688.80 111.22
689.93 86.45
721.08 102.21
727.08 87.20
742.47 109.72
763.48 110.10
782.62 97.71
801.76 122.48
805.52 99.96
797.26 75.57
826.91 81.20
816.78 75.19
807.77 81.20
805.89 57.18
807.02 48.17
785.25 65.43
768.74 60.56
753.35 66.56
755.98 49.30
736.09 52.67
739.47 71.06
721.08 68.06
726.33 58.68
724.83 52.67
714.32 54.93
710.94 66.19
709.44 77.82
675.66 46.67
668.53 34.28
688.42 34.28
703.06 30.16
696.68 45.92
769.86 7.26
771.37 41.04
775.49 29.41
795.76 42.54
833.67 63.18
821.28 52.30
709.44 115.72
716.20 22.65
662.53 2.38
808.15 30.91
795.38 15.90
723.70 30.91
710.57 45.54
675.29 4.26
690.30 3.51
673.41 21.90
700.06 9.14
651.65 2.01
635.88 3.51
744.34 4.26
819.40 42.17
809.27 38.04
833.67 37.29
822.03 29.41
733.84 36.54
786.38 11.02
796.14 6.14
808.52 9.89
817.53 12.89
276.16 39.16
422.52 91.33
395.13 75.94
278.03 74.82
883.02 8.01
920.17 15.52
910.41 15.90
907.04 8.76
893.90 5.01
865.38 33.16
864.25 47.80
877.76 59.05
898.40 53.05
892.78 42.17
878.89 45.17
849.99 41.04
845.86 67.69
916.42 59.81
914.17 50.80
925.05 45.17
932.56 54.55
934.06 61.68
920.92 76.69
899.91 85.33
906.29 74.44
882.27 95.08
917.54 103.72
861.63 71.06
889.40 71.06
761.80 85.70
913.42 33.35
938.56 50.99
877.01 79.89
559.13 40.49
698.75 69.01
688.24 57.00
554.63 123.05
441.29 177.09
860.87 11.39
-42.66 266.23
28.65 5.02
44.12 147.82
819.90 257.57
557.24 149.69
563.81 102.79
549.74 110.30
269.25 202.23
257.06 167.52
