932.82 210.47
905.80 121.90
888.53 104.64
848.75 112.14
862.26 94.13
826.98 131.66
841.24 154.93
825.48 169.94
790.20 173.69
756.43 184.95
749.67 146.67
808.22 203.71
835.24 202.96
869.02 190.20
812.72 159.43
784.20 151.92
760.18 124.15
799.96 109.14
777.44 93.38
734.66 118.15
729.41 146.67
724.90 88.87
739.91 100.13
754.18 211.22
869.96 4.80
878.96 9.30
868.45 44.96
917.24 48.33
892.10 76.10
860.95 76.48
919.12 69.35
938.26 8.55
924.75 13.43
905.23 10.05
908.61 35.57
875.96 20.19
854.94 52.46
857.57 37.07
855.88 4.80
845.37 10.05
826.61 16.43
828.86 27.69
836.74 20.56
861.51 22.44
849.50 31.44
838.62 58.47
817.98 57.34
823.23 42.70
801.09 56.96
780.07 73.48
774.07 53.21
794.71 29.19
799.59 18.68
804.09 3.67
814.22 19.81
814.22 2.92
768.44 10.43
778.94 15.31
776.32 29.19
757.18 24.31
730.53 41.58
748.55 41.58
728.65 64.47
733.16 21.31
745.92 14.18
740.29 2.55
727.15 2.17
895.48 45.33
922.87 29.94
763.37 77.05
876.71 131.09
760.76 103.69
754.19 56.79
768.26 64.30
