54.49 186.93
92.02 198.18
85.27 166.66
37.23 156.15
67.25 132.88
31.97 103.61
44.73 110.36
88.27 92.35
136.31 117.87
194.85 146.39
135.56 204.19
125.05 179.42
105.53 142.64
168.58 141.14
165.58 204.94
218.87 120.12
207.61 134.38
22.78 47.68
39.67 60.44
70.82 59.32
55.05 45.81
25.78 32.29
31.79 21.79
47.92 20.28
38.92 10.15
25.41 8.65
16.02 9.78
0.64 24.79
62.56 0.02
57.68 6.02
64.06 12.78
79.07 12.78
93.71 13.15
103.09 52.94
128.61 53.31
132.74 65.32
146.63 78.83
106.10 79.96
126.36 84.09
151.51 61.19
177.78 46.56
156.76 38.30
215.31 75.45
204.42 66.07
193.16 45.05
178.53 66.45
157.89 112.98
139.12 102.85
196.54 114.49
141.37 31.17
122.61 30.42
139.12 13.90
171.40 10.15
215.31 31.92
207.05 40.55
195.04 31.54
119.23 1.90
104.97 2.65
106.10 10.53
114.73 16.53
86.58 37.55
76.45 45.43
82.45 63.44
110.97 30.04
183.41 12.78
206.68 4.90
218.31 7.90
153.76 21.04
161.26 26.66
2.51 4.52
22.40 1.14
71.94 4.90
156.01 3.02
48.49 35.30
26.72 84.09
2.89 112.05
112.10 120.69
179.28 86.16
181.53 111.68
113.98 54.44
186.78 7.15
148.50 6.02
11.14 22.16
184.16 25.16
186.03 60.82
177.25 188.23
165.06 153.52
