235.40 589.68
210.31 552.05
208.22 244.02
206.82 209.87
192.19 182.69
275.12 151.33
293.94 207.08
303.00 198.72
323.21 236.35
331.57 211.26
387.32 257.26
400.57 221.02
289.06 333.22
312.06 170.84
334.36 161.08
337.84 151.33
344.81 168.75
378.26 171.54
378.96 148.54
404.05 134.60
450.74 183.38
490.70 139.48
474.67 127.63
506.03 124.15
542.97 139.48
575.03 215.44
553.42 301.86
612.66 280.95
136.78 98.88
153.51 94.70
156.65 91.57
143.06 90.87
129.81 76.93
132.95 68.22
149.33 72.05
155.25 75.88
159.78 66.82
154.55 66.13
173.37 97.14
202.29 92.26
207.87 89.13
217.63 82.51
223.20 68.57
232.61 94.70
238.88 114.91
255.96 63.17
270.24 64.56
247.24 89.65
253.52 96.27
262.58 104.98
274.08 110.90
301.95 117.18
311.36 109.51
350.39 126.59
362.23 121.36
349.34 104.63
320.07 90.69
322.16 81.98
312.41 77.10
308.57 71.88
281.74 85.12
283.83 76.41
285.92 56.89
304.04 69.09
308.57 56.89
301.60 54.45
329.48 59.33
323.56 45.39
304.57 36.77
305.78 26.84
309.62 25.45
310.14 21.79
318.68 21.61
317.11 28.93
319.03 40.08
313.63 36.77
308.75 34.33
331.22 43.39
334.88 35.90
330.53 34.68
328.09 32.07
324.43 36.77
332.96 24.05
325.47 27.19
321.99 21.26
343.07 52.63
343.77 45.66
342.72 38.86
339.93 32.07
341.15 26.67
342.90 24.75
346.90 23.53
350.21 21.96
340.46 22.31
337.15 24.40
350.91 33.98
354.74 28.41
362.41 34.33
365.20 28.58
362.93 26.49
356.14 40.60
358.23 48.62
344.81 71.96
347.77 67.96
367.46 53.50
368.86 47.92
374.26 50.36
378.44 55.41
377.92 65.17
378.61 71.27
370.77 36.77
372.17 30.85
375.30 28.41
372.17 20.57
386.98 40.95
381.92 37.12
383.67 30.15
379.66 20.92
387.15 19.87
397.95 30.85
393.42 35.20
391.16 29.10
389.07 33.29
392.03 32.07
393.07 73.18
396.56 60.47
397.43 55.06
398.47 47.75
403.53 51.06
410.67 56.28
419.73 77.89
435.24 76.67
419.56 52.28
431.75 49.84
410.84 46.53
423.21 33.63
418.34 19.87
406.66 33.63
411.19 17.95
422.17 19.87
426.35 21.96
428.96 23.18
430.01 25.62
432.97 27.71
436.28 24.05
429.49 18.82
428.62 15.51
436.46 14.29
443.25 15.51
379.14 2.10
373.21 3.67
363.98 2.62
350.74 3.32
347.60 2.97
341.85 3.67
448.83 16.39
451.09 13.08
443.77 24.40
445.69 24.75
449.70 23.70
452.83 23.18
461.02 24.40
456.84 37.64
451.27 30.15
452.14 42.52
444.30 42.87
435.76 36.77
433.32 34.68
441.68 49.31
442.90 61.68
456.32 61.34
460.50 52.28
456.67 44.26
463.11 39.56
468.51 27.27
460.33 5.32
466.95 10.20
472.17 13.34
477.57 21.53
470.78 16.82
484.54 11.77
483.85 27.62
477.75 33.02
472.87 34.24
472.87 41.39
471.65 45.22
480.19 52.19
475.66 67.35
481.93 51.14
476.35 51.84
479.32 79.89
491.34 60.90
493.60 46.96
497.78 39.12
497.09 26.75
490.64 25.01
489.25 31.63
500.75 27.62
503.88 33.55
505.28 44.00
509.81 67.17
518.17 64.73
524.27 75.01
534.72 76.23
531.24 60.03
526.18 48.18
518.34 49.75
523.40 38.43
522.87 32.85
516.78 33.72
518.17 21.70
519.56 16.47
526.71 17.69
526.71 8.98
530.37 24.84
524.44 24.14
534.90 32.85
534.72 25.36
539.08 27.27
542.91 39.65
539.08 48.53
554.76 39.30
551.80 32.33
556.85 26.23
561.20 22.74
558.76 19.09
544.83 22.57
544.83 16.65
543.96 63.51
557.02 56.02
567.13 56.28
565.39 47.05
569.39 36.42
568.70 29.28
568.17 21.09
570.79 6.63
574.62 67.61
584.20 56.46
592.22 57.16
597.97 50.36
602.84 39.21
591.35 37.64
581.94 26.67
579.15 13.77
595.00 10.81
595.18 14.82
600.06 9.59
607.37 9.59
590.65 20.57
594.66 24.23
604.41 25.27
598.14 29.10
612.95 18.82
496.59 108.85
476.13 108.85
456.18 117.55
387.13 126.24
362.07 88.90
294.55 101.69
458.23 79.18
474.59 94.02
488.92 88.39
515.00 96.06
548.25 89.93
561.55 74.58
169.23 73.56
168.72 88.39
138.69 70.49
119.85 75.41
124.24 78.20
135.69 83.01
142.65 81.73
212.86 472.90
289.59 57.54
289.91 64.39
308.75 64.28
315.81 60.11
319.02 63.96
301.69 83.87
307.79 89.33
287.99 87.19
346.85 30.52
348.99 29.55
368.47 23.03
398.01 20.67
374.14 60.91
359.05 73.65
358.84 62.73
367.93 70.01
372.96 79.86
371.57 89.22
342.25 99.28
325.34 112.34
457.19 68.99
425.73 60.43
431.18 64.28
349.52 42.88
381.31 103.35
413.85 95.43
436.96 112.55
460.94 89.86
354.77 151.19
432.04 258.64
277.93 213.69
253.95 159.75
243.68 135.56
235.76 136.42
557.90 197.64
517.02 202.99
547.84 197.64
487.48 153.76
588.51 29.45
540.13 36.51
512.63 24.69
553.83 21.05
571.06 18.21
533.82 20.51
