281.40 522.68
256.31 485.05
254.22 177.02
252.82 142.87
238.19 115.69
321.12 84.33
339.94 140.08
349.00 131.72
369.21 169.35
377.57 144.26
433.32 190.26
446.57 154.02
335.06 266.22
358.06 103.84
380.36 94.08
383.84 84.33
390.81 101.75
424.26 104.54
424.96 81.54
450.05 67.60
496.74 116.38
536.70 72.48
520.67 60.63
552.03 57.15
588.97 72.48
599.42 234.86
182.78 31.88
199.51 27.70
202.65 24.57
189.06 23.87
175.81 9.93
178.95 1.22
195.33 5.05
201.25 8.88
219.37 30.14
248.29 25.26
253.87 22.13
263.63 15.51
269.20 1.57
278.61 27.70
284.88 47.91
293.24 22.65
299.52 29.27
308.58 37.98
320.08 43.90
347.95 50.18
357.36 42.51
396.39 59.59
408.23 54.36
395.34 37.63
366.07 23.69
368.16 14.98
358.41 10.10
354.57 4.88
327.74 18.12
329.83 9.41
350.04 2.09
390.81 4.96
393.77 0.96
424.61 4.27
439.07 6.18
465.73 10.89
481.24 9.67
521.66 0.35
525.32 12.89
555.81 0.17
570.27 8.01
580.72 9.23
542.59 41.85
522.13 41.85
502.18 50.55
433.13 59.24
408.07 21.90
340.55 34.69
504.23 12.18
520.59 27.02
534.92 21.39
561.00 29.06
594.25 22.93
607.55 7.58
215.23 6.56
214.72 21.39
184.69 3.49
165.85 8.41
170.24 11.20
181.69 16.01
188.65 14.73
258.86 405.90
347.69 16.87
353.79 22.33
333.99 20.19
405.05 6.65
413.93 3.01
418.96 12.86
417.57 22.22
388.25 32.28
371.34 45.34
503.19 1.99
427.31 36.35
459.85 28.43
482.96 45.55
506.94 22.86
400.77 84.19
478.04 191.64
323.93 146.69
299.95 92.75
289.68 68.56
281.76 69.42
130.43 610.53
603.90 130.64
563.02 135.99
593.84 130.64
533.48 86.76
