196.40 577.68
171.31 540.05
169.22 232.02
167.82 197.87
153.19 170.69
236.12 139.33
254.94 195.08
264.00 186.72
284.21 224.35
292.57 199.26
348.32 245.26
361.57 209.02
250.06 321.22
273.06 158.84
295.36 149.08
298.84 139.33
305.81 156.75
339.26 159.54
339.96 136.54
365.05 122.60
411.74 171.38
451.70 127.48
435.67 115.63
467.03 112.15
503.97 127.48
536.03 203.44
514.42 289.86
573.66 268.95
578.54 132.36
97.78 86.88
114.51 82.70
117.65 79.57
104.06 78.87
90.81 64.93
93.95 56.22
110.33 60.05
116.25 63.88
120.78 54.82
115.55 54.13
134.37 85.14
163.29 80.26
168.87 77.13
178.63 70.51
184.20 56.57
193.61 82.70
199.88 102.91
216.96 51.17
231.24 52.56
208.24 77.65
214.52 84.27
223.58 92.98
235.08 98.90
262.95 105.18
272.36 97.51
311.39 114.59
323.23 109.36
310.34 92.63
281.07 78.69
283.16 69.98
273.41 65.10
269.57 59.88
242.74 73.12
244.83 64.41
246.92 44.89
265.04 57.09
269.57 44.89
262.60 42.45
290.48 47.33
284.56 33.39
265.57 24.77
266.78 14.84
270.62 13.45
271.14 9.79
279.68 9.61
278.11 16.93
280.03 28.08
274.63 24.77
269.75 22.33
292.22 31.39
295.88 23.90
291.53 22.68
289.09 20.07
285.43 24.77
293.96 12.05
286.47 15.19
282.99 9.26
304.07 40.63
304.77 33.66
303.72 26.86
300.93 20.07
302.15 14.67
303.90 12.75
307.90 11.53
311.21 9.96
301.46 10.31
298.15 12.40
311.91 21.98
315.74 16.41
323.41 22.33
326.20 16.58
323.93 14.49
317.14 28.60
319.23 36.62
305.81 59.96
308.77 55.96
328.46 41.50
329.86 35.92
335.26 38.36
339.44 43.41
338.92 53.17
339.61 59.27
331.77 24.77
333.17 18.85
336.30 16.41
333.17 8.57
347.98 28.95
342.92 25.12
344.67 18.15
340.66 8.92
348.15 7.87
358.95 18.85
354.42 23.20
352.16 17.10
350.07 21.29
353.03 20.07
354.07 61.18
357.56 48.47
358.43 43.06
359.47 35.75
364.53 39.06
371.67 44.28
380.73 65.89
396.24 64.67
380.56 40.28
392.75 37.84
371.84 34.53
384.21 21.63
379.34 7.87
367.66 21.63
372.19 5.95
383.17 7.87
387.35 9.96
389.96 11.18
391.01 13.62
393.97 15.71
397.28 12.05
390.49 6.82
389.62 3.51
397.46 2.29
404.25 3.51
409.83 4.39
412.09 1.08
404.77 12.40
406.69 12.75
410.70 11.70
413.83 11.18
422.02 12.40
417.84 25.64
412.27 18.15
413.14 30.52
405.30 30.87
396.76 24.77
394.32 22.68
402.68 37.31
403.90 49.68
417.32 49.34
421.50 40.28
417.67 32.26
424.11 27.56
429.51 15.27
433.17 1.34
438.57 9.53
431.78 4.82
444.85 15.62
438.75 21.02
433.87 22.24
433.87 29.39
432.65 33.22
441.19 40.19
436.66 55.35
442.93 39.14
437.35 39.84
440.32 67.89
452.34 48.90
454.60 34.96
458.78 27.12
458.09 14.75
451.64 13.01
450.25 19.63
461.75 15.62
464.88 21.55
466.28 32.00
470.81 55.17
479.17 52.73
485.27 63.01
495.72 64.23
492.24 48.03
487.18 36.18
479.34 37.75
484.40 26.43
483.87 20.85
477.78 21.72
479.17 9.70
480.56 4.47
487.71 5.69
491.37 12.84
485.44 12.14
495.90 20.85
495.72 13.36
500.08 15.27
503.91 27.65
500.08 36.53
515.76 27.30
512.80 20.33
517.85 14.23
522.20 10.74
519.76 7.09
505.83 10.57
505.83 4.65
504.96 51.51
518.02 44.02
528.13 44.28
526.39 35.05
530.39 24.42
529.70 17.28
529.17 9.09
535.62 55.61
545.20 44.46
553.22 45.16
558.97 38.36
563.84 27.21
552.35 25.64
542.94 14.67
540.15 1.77
556.18 2.82
551.65 8.57
555.66 12.23
565.41 13.27
559.14 17.10
575.17 15.88
573.95 6.82
578.83 3.69
587.71 8.57
594.68 2.64
599.39 1.42
597.99 16.93
594.33 13.27
582.84 21.46
590.85 17.10
580.74 33.48
576.91 43.94
588.24 31.74
602.18 22.33
605.14 17.10
606.36 58.05
457.59 96.85
437.13 96.85
417.18 105.55
348.13 114.24
323.07 76.90
255.55 89.69
419.23 67.18
435.59 82.02
449.92 76.39
476.00 84.06
509.25 77.93
522.55 62.58
130.23 61.56
129.72 76.39
99.69 58.49
80.85 63.41
85.24 66.20
96.69 71.01
103.65 69.73
173.86 460.90
250.59 45.54
250.91 52.39
269.75 52.28
276.81 48.11
280.02 51.96
262.69 71.87
268.79 77.33
248.99 75.19
307.85 18.52
309.99 17.55
329.47 11.03
359.01 8.67
335.14 48.91
320.05 61.65
319.84 50.73
328.93 58.01
333.96 67.86
332.57 77.22
303.25 87.28
286.34 100.34
418.19 56.99
386.73 48.43
392.18 52.28
310.52 30.88
342.31 91.35
374.85 83.43
397.96 100.55
421.94 77.86
315.77 139.19
393.04 246.64
238.93 201.69
214.95 147.75
204.68 123.56
196.76 124.42
594.24 331.62
518.90 185.64
478.02 190.99
508.84 185.64
448.48 141.76
607.94 34.04
549.51 17.45
501.13 24.51
473.63 12.69
514.83 9.05
532.06 6.21
494.82 8.51
