7.74 99.99
32.63 63.81
64.92 84.04
22.52 51.36
68.03 52.53
90.98 75.48
121.71 136.94
131.43 63.03
110.04 54.86
86.70 55.25
98.76 35.80
131.04 36.97
124.43 22.97
115.10 12.46
92.92 17.52
82.03 5.46
67.25 31.53
59.47 21.80
31.46 28.80
7.90 310.44
16.40 470.71
184.09 446.30
158.62 310.44
309.33 358.20
332.68 487.69
509.93 466.46
480.21 277.54
444.12 360.33
349.66 269.05
238.22 246.76
80.08 240.39
51.42 166.10
106.61 202.18
176.66 170.34
192.58 220.23
248.83 179.89
310.39 227.66
388.93 237.21
478.09 227.66
436.69 187.32
340.11 183.08
267.94 145.93
229.73 122.58
169.23 146.99
151.19 124.70
191.52 105.60
229.73 84.37
247.77 78.00
288.10 89.68
276.43 76.94
296.59 55.72
269.00 115.15
319.94 113.03
324.19 141.69
356.03 156.54
325.25 84.37
337.99 74.82
356.03 97.11
389.99 108.78
379.38 82.25
395.30 139.56
414.41 165.04
450.49 144.87
460.04 116.21
421.83 107.72
445.18 89.68
495.07 107.72
484.46 93.92
512.05 125.77
520.75 83.84
508.55 16.71
517.04 3.97
519.69 31.04
503.24 33.69
506.96 62.88
448.05 75.09
458.13 59.70
464.50 48.02
471.40 35.81
472.46 23.61
478.30 9.81
444.87 9.28
435.85 22.55
425.23 35.81
425.76 55.98
409.31 67.66
388.61 65.53
357.84 57.57
336.08 44.31
380.12 41.65
369.51 33.16
393.39 26.26
375.35 14.59
408.25 11.93
359.43 15.65
344.04 29.98
351.47 1.32
338.20 8.75
329.18 18.83
314.32 31.04
285.66 43.24
298.93 16.71
306.89 6.10
324.40 0.26
175.07 53.86
218.58 36.88
257.32 42.18
270.06 29.98
160.21 37.41
167.64 23.08
154.37 13.00
197.89 22.55
217.52 14.59
239.28 27.85
256.26 18.30
269.00 8.22
