51.60 219.94
74.55 195.43
17.76 193.88
17.37 12.61
17.37 6.00
9.20 26.61
2.20 87.30
8.81 132.03
19.70 152.65
37.60 156.54
67.16 170.15
73.38 153.03
90.50 141.75
80.00 126.58
55.10 135.92
109.17 153.42
120.45 163.93
32.15 118.80
36.82 100.52
60.16 108.30
54.32 79.52
26.32 77.57
27.87 66.29
13.87 58.51
18.15 41.78
13.87 34.39
25.15 23.11
37.21 28.56
47.71 37.89
51.99 26.61
48.10 14.94
69.88 16.11
66.38 22.72
71.83 26.22
58.21 6.00
69.88 37.89
61.71 42.95
65.60 49.56
39.15 46.06
31.37 54.23
40.32 61.23
53.16 67.07
65.99 62.01
9.98 49.56
88.94 98.58
110.73 128.14
80.77 81.07
91.28 74.07
82.72 57.73
86.22 41.40
94.39 34.00
87.00 31.28
87.78 24.67
91.28 19.61
97.89 16.50
115.39 31.28
108.39 26.22
116.56 16.11
112.28 8.33
131.73 9.89
139.51 16.11
112.28 56.57
113.84 43.73
97.11 58.51
125.51 60.46
125.90 73.29
118.90 91.57
111.12 79.52
137.96 140.59
145.74 182.99
170.63 146.81
202.92 167.04
160.52 134.36
206.03 135.53
228.98 158.48
259.71 219.94
269.43 146.03
248.04 137.86
224.70 138.25
236.76 118.80
269.04 119.97
262.43 105.97
253.10 95.46
247.65 81.07
230.92 100.52
220.03 88.46
205.25 114.53
197.47 104.80
169.46 111.80
153.51 76.79
144.96 74.07
158.96 62.79
178.02 76.02
138.73 48.79
130.18 44.51
132.90 30.50
158.96 23.50
154.29 20.00
164.41 34.39
157.79 29.73
160.13 41.78
181.13 41.01
156.24 9.11
159.35 2.11
179.19 0.55
188.91 12.61
172.19 13.39
177.63 18.83
181.13 30.50
190.86 22.72
198.25 34.78
194.36 58.51
179.97 50.73
211.86 41.78
213.42 51.51
210.31 63.57
238.31 53.07
241.82 36.73
260.10 46.06
221.98 35.95
214.97 30.50
214.20 22.34
220.03 17.67
235.59 25.84
253.10 34.78
245.32 30.11
266.32 30.50
260.49 25.06
248.82 20.78
259.71 14.17
272.16 15.33
240.65 4.44
253.10 6.00
249.21 13.00
267.49 5.61
233.26 12.61
220.81 3.66
218.48 11.05
210.31 5.61
198.64 1.33
5.81 386.01
35.52 480.47
145.90 393.44
119.37 348.86
296.62 393.44
447.33 441.20
487.66 352.05
376.22 329.76
218.08 323.39
115.13 276.69
189.42 249.10
244.61 285.18
314.66 253.34
330.58 303.23
386.83 262.89
448.39 310.66
478.11 266.08
405.94 228.93
367.73 205.58
307.23 229.99
289.19 207.70
329.52 188.60
367.73 167.37
385.77 161.00
426.10 172.68
414.43 159.94
434.59 138.72
407.00 198.15
457.94 196.03
462.19 224.69
494.03 239.54
463.25 167.37
475.99 157.82
494.03 180.11
517.38 165.25
495.84 140.57
474.08 127.31
518.12 124.65
507.51 116.16
513.35 97.59
497.43 98.65
482.04 112.98
489.47 84.32
476.20 91.75
467.18 101.83
452.32 114.04
423.66 126.24
436.93 99.71
444.89 89.10
462.40 83.26
476.73 75.83
478.85 64.15
442.77 72.12
435.34 62.56
419.42 57.79
422.60 81.67
439.05 47.17
451.79 54.60
474.08 49.83
479.38 53.54
502.73 59.38
510.16 63.09
516.00 49.83
504.33 41.34
477.79 43.46
478.32 32.84
493.18 38.68
495.30 25.95
512.29 19.05
505.39 12.15
512.29 4.72
464.53 6.31
473.55 13.21
481.51 8.96
488.94 4.72
491.06 12.68
478.85 23.29
466.12 25.95
462.93 36.56
455.50 25.42
455.50 15.86
454.97 8.43
444.89 32.31
427.91 25.42
436.93 15.33
435.87 37.62
419.42 38.15
419.42 29.13
420.48 13.74
313.07 136.86
356.58 119.88
395.32 125.18
408.06 112.98
298.21 120.41
305.64 106.08
292.37 96.00
283.35 79.54
293.43 68.93
301.39 75.83
318.91 82.73
310.42 65.22
325.27 73.71
335.89 105.55
355.52 97.59
377.28 110.85
394.26 101.30
407.00 91.22
384.18 82.73
399.57 60.44
384.71 68.93
350.22 76.89
341.73 69.99
324.21 50.89
338.01 56.73
344.38 48.23
356.05 51.95
368.26 59.38
360.83 41.34
372.51 46.11
388.43 50.89
377.28 30.72
387.36 38.15
402.22 49.83
386.83 29.66
395.32 24.35
407.00 22.23
410.71 36.56
277.51 36.56
286.00 24.88
291.84 27.54
289.72 16.39
286.00 11.09
278.04 8.43
316.78 30.72
302.46 23.82
301.92 12.15
314.13 18.52
325.81 13.74
321.03 8.43
331.11 25.95
339.60 21.17
343.85 11.09
356.05 18.52
363.48 14.27
358.71 7.90
381.00 10.03
391.08 4.72
