14.09 451.30
139.33 363.20
162.68 492.69
339.93 471.46
501.25 518.16
453.49 383.37
470.47 308.01
310.21 282.54
274.12 365.33
179.66 274.05
68.22 251.76
6.66 175.34
22.58 225.23
78.83 184.89
140.39 232.66
218.93 242.21
308.09 232.66
422.71 244.33
377.08 204.00
266.69 192.32
170.11 188.08
97.94 150.93
59.73 127.58
21.52 110.60
59.73 89.37
77.77 83.00
118.10 94.68
106.43 81.94
126.59 60.72
99.00 120.15
149.94 118.03
154.19 146.69
186.03 161.54
155.25 89.37
167.99 79.82
186.03 102.11
219.99 113.78
209.38 87.25
225.30 144.56
244.41 170.04
280.49 149.87
290.04 121.21
251.83 112.72
275.18 94.68
325.07 112.72
314.46 98.92
342.05 130.77
363.28 131.83
357.97 177.46
421.65 156.24
446.06 177.46
475.78 130.77
454.55 122.27
413.90 135.01
403.29 112.19
408.60 93.09
391.62 77.70
442.03 77.70
445.75 98.92
379.41 98.92
427.17 16.67
350.75 88.84
377.82 54.88
486.08 94.15
490.32 72.92
502.00 99.46
508.37 60.18
497.22 42.14
518.98 33.65
496.69 8.71
388.43 32.59
375.16 41.08
385.25 18.26
371.98 11.89
338.55 21.71
347.04 8.97
349.69 36.04
333.24 38.69
336.96 67.88
278.05 80.09
288.13 64.70
294.50 53.02
301.40 40.81
302.46 28.61
308.30 14.81
283.89 2.61
274.87 14.28
265.85 27.55
255.23 40.81
255.76 60.98
239.31 72.66
218.61 70.53
187.84 62.57
166.08 49.31
210.12 46.65
199.51 38.16
223.39 31.26
205.35 19.59
238.25 16.93
248.86 4.20
215.96 4.20
189.43 20.65
174.04 34.98
181.47 6.32
168.20 13.75
159.18 23.83
144.32 36.04
115.66 48.24
128.93 21.71
136.89 11.10
154.40 5.26
114.60 3.67
5.07 58.86
48.58 41.88
87.32 47.18
100.06 34.98
10.91 4.73
27.89 27.55
47.52 19.59
69.28 32.85
86.26 23.30
99.00 13.22
76.18 4.73
