26.37 278.42
173.91 287.18
247.34 296.61
294.50 247.43
226.46 271.69
60.05 258.89
144.94 223.18
130.79 216.44
157.07 213.75
169.19 208.36
159.76 198.25
144.27 194.21
132.14 183.43
120.01 179.39
105.19 184.11
111.25 182.09
215.68 216.44
20.98 151.77
32.43 158.51
38.50 145.71
8.18 136.27
3.46 46.00
14.92 33.87
45.91 39.93
61.40 140.99
56.69 161.20
72.18 144.36
69.49 152.44
64.10 185.45
50.62 175.35
30.41 169.28
159.76 178.72
159.76 164.57
170.54 169.96
179.97 159.85
283.05 169.96
248.69 179.39
267.55 182.09
217.03 177.37
221.07 161.87
232.52 177.37
175.93 183.43
169.19 184.11
121.70 161.71
104.18 164.06
74.20 185.29
96.43 189.33
118.67 143.85
139.55 137.45
127.42 149.92
156.06 138.46
173.57 137.45
207.93 158.00
198.16 156.32
274.63 168.11
272.27 159.35
261.49 156.32
254.75 163.39
242.63 164.06
237.91 143.52
247.34 152.95
262.16 144.53
279.34 149.92
217.70 147.56
202.88 138.46
208.27 123.30
232.86 120.95
225.45 114.55
253.07 133.75
306.63 133.75
300.23 155.31
287.76 157.66
287.09 133.75
263.85 107.81
242.63 110.17
191.09 125.66
175.93 122.97
183.34 115.22
163.80 119.60
147.63 118.59
129.44 114.55
134.50 110.50
121.36 109.16
111.25 107.81
134.83 102.42
157.74 106.80
152.69 92.99
144.60 89.96
138.88 48.52
165.15 88.95
172.90 101.75
188.39 105.45
188.06 95.68
198.84 104.10
224.77 105.45
252.73 100.06
240.94 96.36
190.08 88.95
211.97 87.60
198.16 85.24
224.10 80.52
230.84 83.22
219.05 71.43
233.53 75.81
239.93 80.86
250.37 82.88
206.25 88.27
198.84 80.52
207.93 64.36
200.86 62.00
204.56 56.95
204.56 68.73
191.76 66.38
147.97 63.01
148.98 53.24
283.05 92.31
274.96 98.04
297.87 107.14
282.71 123.30
325.16 98.04
306.63 100.06
316.06 97.03
312.02 97.70
248.69 111.35
115.30 33.87
102.50 36.57
317.41 160.53
268.23 134.93
233.19 127.52
219.72 133.58
165.82 161.20
149.66 164.57
143.59 158.51
125.40 126.84
213.66 96.53
213.66 111.35
229.83 97.87
224.44 92.48
221.07 87.09
177.95 83.05
153.70 81.03
307.30 84.57
297.53 80.19
321.11 70.42
308.31 73.79
322.80 78.17
317.41 86.25
331.89 68.40
210.29 52.73
221.74 58.80
190.08 57.45
217.70 202.30
219.72 172.65
153.70 255.52
124.73 263.60
250.04 38.59
250.04 11.64
230.50 21.07
215.68 19.72
204.23 24.44
186.71 37.91
196.81 18.38
285.07 17.70
293.15 16.35
299.89 12.99
237.91 39.93
220.39 49.37
277.66 81.03
303.93 75.64
296.52 70.25
279.68 126.84
294.50 123.47
315.39 126.84
122.71 44.65
47.93 122.13
58.71 125.49
72.18 124.15
58.03 111.35
68.14 118.76
113.28 169.96
113.28 149.07
329.20 2.39
