630.09 283.18
556.66 292.61
320.86 281.84
349.16 306.09
399.01 291.94
445.50 251.52
425.29 257.58
509.50 243.43
577.54 267.69
646.93 209.75
634.81 204.36
644.24 194.25
588.32 212.44
644.24 174.72
644.24 160.57
633.46 165.96
624.03 155.85
520.95 165.96
555.31 175.39
536.45 178.09
586.97 173.37
582.93 157.87
571.48 173.37
628.07 179.43
634.81 180.11
647.94 134.46
630.43 133.45
596.07 154.00
605.84 152.32
529.37 164.11
531.73 155.35
542.51 152.32
549.25 159.39
561.37 160.06
566.09 139.52
556.66 148.95
541.84 140.53
524.66 145.92
586.30 143.56
601.12 134.46
595.73 119.30
571.14 116.95
578.55 110.55
550.93 129.75
497.37 129.75
503.77 151.31
516.24 153.66
516.91 129.75
540.15 103.81
561.37 106.17
612.91 121.66
628.07 118.97
620.66 111.22
640.20 115.60
646.26 102.80
638.85 84.95
631.10 97.75
615.61 101.45
615.94 91.68
605.16 100.10
579.23 101.45
551.27 96.06
563.06 92.36
613.92 84.95
592.03 83.60
605.84 81.24
579.90 76.52
573.16 79.22
584.95 67.43
570.47 71.81
564.07 76.86
553.63 78.88
597.75 84.27
605.16 76.52
596.07 60.36
603.14 58.00
599.44 52.95
599.44 64.73
612.24 62.38
520.95 88.31
529.04 94.04
506.13 103.14
521.29 119.30
478.84 94.04
497.37 96.06
487.94 93.03
491.98 93.70
555.31 107.35
486.59 156.53
535.77 130.93
570.81 123.52
584.28 129.58
638.18 157.20
590.34 92.53
590.34 107.35
574.17 93.87
579.56 88.48
582.93 83.09
626.05 79.05
442.80 140.36
401.71 145.07
408.44 129.58
408.44 88.48
456.28 98.59
433.03 106.50
368.36 78.21
382.17 71.14
401.71 66.76
388.91 59.68
455.27 62.04
466.72 65.07
461.67 86.29
455.94 74.50
471.10 80.57
496.70 80.57
506.47 76.19
482.89 66.42
495.69 69.79
481.20 74.17
486.59 82.25
472.11 64.40
469.75 53.96
442.47 60.69
449.88 52.95
420.57 69.45
419.90 61.03
428.99 61.03
421.24 51.60
427.31 37.11
445.16 17.24
408.44 25.32
414.51 36.44
405.41 36.44
417.88 26.67
425.96 27.68
430.34 26.00
436.40 30.38
379.14 52.61
368.02 52.61
358.59 56.31
359.60 73.83
340.40 61.37
343.09 54.97
342.76 44.86
339.73 40.14
356.23 39.47
357.92 32.40
368.69 33.07
369.03 40.48
382.17 33.41
398.67 45.87
389.24 45.87
407.10 46.88
363.98 15.89
359.94 24.65
363.64 29.37
341.75 37.11
346.46 28.69
340.06 31.72
331.64 39.47
319.51 59.01
318.17 34.76
331.64 28.69
340.40 18.59
347.14 21.95
351.18 16.90
393.62 40.65
463.01 50.08
392.95 29.20
386.88 23.81
413.16 76.36
425.29 83.77
434.04 70.97
440.78 77.03
448.87 81.07
440.78 56.15
427.98 45.37
419.90 44.02
419.22 111.39
331.50 6.12
328.47 0.06
350.37 9.83
340.94 12.86
326.25 24.48
321.54 23.13
321.54 12.35
382.84 20.44
352.53 50.08
390.93 83.77
413.16 50.08
395.64 60.86
593.71 48.73
582.26 54.80
613.92 53.45
586.30 198.30
584.28 168.65
423.26 314.85
553.96 34.59
553.96 7.64
573.50 17.07
588.32 15.72
599.77 20.44
617.29 33.91
607.19 14.38
518.93 13.70
510.85 12.35
504.11 8.99
566.09 35.93
583.61 45.37
526.34 77.03
500.07 71.64
507.48 66.25
524.32 122.84
509.50 119.47
488.61 122.84
372.74 21.79
456.62 17.22
415.71 15.27
418.31 10.08
429.34 14.62
429.34 2.29
388.44 6.18
365.71 10.08
359.86 8.13
