2.91 274.18
76.34 283.61
312.14 272.84
283.84 297.09
233.99 282.94
187.50 242.52
207.71 248.58
123.50 234.43
55.46 258.69
44.68 203.44
8.97 146.85
112.05 156.96
77.69 166.39
96.55 169.09
46.03 164.37
50.07 148.87
61.52 164.37
4.93 170.43
2.57 124.45
36.93 145.00
27.16 143.32
103.63 155.11
101.27 146.35
90.49 143.32
83.75 150.39
71.63 151.06
66.91 130.52
76.34 139.95
91.16 131.53
108.34 136.92
46.70 134.56
31.88 125.46
37.27 110.30
61.86 107.95
54.45 101.55
82.07 120.75
135.63 120.75
129.23 142.31
116.76 144.66
116.09 120.75
92.85 94.81
71.63 97.17
20.09 112.66
4.93 109.97
12.34 102.22
1.90 88.75
17.39 92.45
17.06 82.68
27.84 91.10
53.77 92.45
81.73 87.06
69.94 83.36
19.08 75.95
40.97 74.60
27.16 72.24
53.10 67.52
59.84 70.22
48.05 58.43
62.53 62.81
68.93 67.86
79.37 69.88
35.25 75.27
27.84 67.52
36.93 51.36
29.86 49.00
33.56 43.95
33.56 55.73
20.76 53.38
112.05 79.31
103.96 85.04
126.87 94.14
111.71 110.30
154.16 85.04
135.63 87.06
145.06 84.03
141.02 84.70
77.69 98.35
146.41 147.53
97.23 121.93
62.19 114.52
48.72 120.58
42.66 83.53
42.66 98.35
58.83 84.87
53.44 79.48
50.07 74.09
6.95 70.05
190.20 131.36
231.29 136.07
224.56 120.58
224.56 79.48
176.72 89.59
199.97 97.50
264.64 69.21
250.83 62.14
231.29 57.76
244.09 50.68
177.73 53.04
166.28 56.07
171.33 77.29
177.06 65.50
161.90 71.57
136.30 71.57
126.53 67.19
150.11 57.42
137.31 60.79
151.80 65.17
146.41 73.25
160.89 55.40
163.25 44.96
190.53 51.69
183.12 43.95
212.43 60.45
213.10 52.03
204.01 52.03
211.76 42.60
205.69 28.11
187.84 8.24
224.56 16.32
218.49 27.44
227.59 27.44
215.12 17.67
207.04 18.68
202.66 17.00
196.60 21.38
253.86 43.61
264.98 43.61
274.41 47.31
273.40 64.83
292.60 52.37
289.91 45.97
290.24 35.86
293.27 31.14
276.77 30.47
275.08 23.40
264.31 24.07
263.97 31.48
250.83 24.41
234.33 36.87
243.76 36.87
225.90 37.88
269.02 6.89
273.06 15.65
269.36 20.37
291.25 28.11
286.54 19.69
292.94 22.72
301.36 30.47
313.49 50.01
326.29 31.82
314.83 25.76
301.36 19.69
292.60 9.59
285.86 12.95
281.82 7.90
239.38 31.65
169.99 41.08
240.05 20.20
246.12 14.81
219.84 67.36
207.71 74.77
198.96 61.97
192.22 68.03
184.13 72.07
192.22 47.15
205.02 36.37
213.10 35.02
213.78 102.39
329.79 13.29
323.06 15.65
330.80 17.00
317.33 10.26
282.63 0.83
292.06 3.86
328.98 47.15
306.75 15.48
311.46 14.13
311.46 3.35
250.16 11.44
280.47 41.08
242.07 74.77
219.84 41.08
237.36 51.86
39.29 39.73
50.74 45.80
19.08 44.45
46.70 189.30
48.72 159.65
209.74 305.85
79.04 25.59
59.50 8.07
44.68 6.72
33.23 11.44
15.71 24.91
25.81 5.38
114.07 4.70
122.15 3.35
66.91 26.93
49.39 36.37
106.66 68.03
132.93 62.64
125.52 57.25
108.68 113.84
123.50 110.47
144.39 113.84
260.26 12.79
176.38 8.22
217.29 6.27
214.69 1.08
203.66 5.62
267.29 1.08
