38.57 446.09
19.65 431.37
3.88 407.19
19.65 401.93
5.98 373.55
3.88 358.83
9.14 327.30
17.55 311.53
7.41 244.25
0.57 221.65
10.56 169.08
15.82 188.01
4.78 158.05
18.97 153.31
13.19 141.23
5.30 133.87
5.30 114.94
0.05 101.80
8.46 91.82
14.77 87.09
12.66 80.25
17.39 75.00
21.60 65.01
22.65 110.21
30.01 101.28
32.11 82.88
37.89 87.09
52.08 81.83
44.20 69.21
32.11 76.05
16.87 100.23
22.12 141.75
31.59 158.05
49.98 139.65
49.46 124.41
31.59 119.67
24.23 122.83
40.00 112.32
48.41 103.91
44.73 95.50
63.12 110.74
56.29 121.78
18.97 197.99
18.97 215.34
18.97 223.75
36.32 232.16
25.80 264.22
42.10 267.38
24.23 283.67
42.10 289.45
45.78 384.59
48.41 415.08
40.00 353.58
49.98 339.91
50.51 328.87
52.08 308.90
54.71 284.20
81.52 291.03
88.35 319.41
102.54 339.91
82.05 363.56
87.83 394.58
94.66 415.08
117.26 408.77
110.95 397.20
106.22 386.69
133.03 369.87
148.80 351.48
150.90 336.76
136.18 332.03
135.13 299.96
119.89 289.98
113.58 278.94
117.79 238.99
104.12 240.57
85.20 252.13
78.37 246.88
72.58 235.31
60.49 233.74
53.14 213.24
53.66 199.57
35.26 200.10
25.28 179.07
42.10 183.80
54.71 187.48
50.51 166.98
42.10 151.21
67.33 162.78
74.69 154.37
75.21 144.38
59.97 147.53
77.84 135.97
74.69 117.57
74.69 106.01
61.55 100.23
63.65 84.98
66.80 78.68
74.16 73.95
68.38 60.80
68.90 41.88
54.19 38.73
79.94 83.41
76.26 91.82
84.67 99.18
82.57 103.91
89.40 118.10
82.05 129.14
96.24 128.61
95.71 141.23
100.97 150.69
97.29 171.19
85.20 180.65
77.84 192.21
85.72 207.45
75.74 217.44
93.08 306.27
158.26 401.93
154.58 391.95
175.61 379.33
170.88 361.99
182.96 346.22
163.52 314.68
170.35 298.91
138.81 288.93
138.81 268.43
134.61 251.08
158.79 267.90
150.38 241.62
159.31 240.57
147.75 228.48
121.47 214.81
100.44 203.77
121.99 173.81
116.21 162.25
120.42 150.16
113.58 143.33
120.42 133.34
117.79 119.67
107.27 123.35
96.76 101.80
112.01 94.97
105.17 82.88
97.29 71.84
107.27 72.37
121.99 84.98
113.06 79.20
120.94 104.96
124.09 97.07
140.91 118.62
141.44 97.60
147.75 88.14
173.13 447.14
143.70 440.83
109.00 440.83
66.95 465.01
59.60 446.09
63.80 428.22
75.36 446.09
221.49 445.04
195.21 441.88
172.08 428.22
192.05 407.19
192.05 378.81
213.08 333.60
223.59 339.91
217.28 314.68
219.39 294.71
189.95 293.66
173.13 258.97
196.26 272.63
311.89 449.24
276.15 436.63
261.43 458.70
240.41 446.09
236.20 411.40
219.39 407.19
234.10 378.81
250.92 386.17
264.59 408.24
279.31 381.96
275.10 356.73
263.54 345.17
242.51 352.53
248.82 323.09
259.33 310.48
244.61 309.43
238.31 268.43
221.49 276.84
201.51 238.99
192.05 234.79
177.34 225.33
166.82 213.76
154.21 202.20
141.59 205.35
115.31 191.69
144.75 179.07
152.11 171.71
136.34 163.30
142.64 149.64
136.34 129.66
152.11 142.28
165.77 159.10
165.77 180.12
176.28 178.02
172.08 186.43
181.54 188.53
185.75 195.89
204.67 188.53
195.21 173.81
221.49 222.17
216.23 209.56
219.39 240.04
235.15 250.56
241.46 226.38
253.02 226.38
232.00 203.25
223.59 188.53
220.44 179.07
209.92 172.76
215.18 163.30
310.84 399.83
337.12 443.98
338.18 424.01
335.02 460.80
361.30 443.98
386.53 431.37
366.56 402.99
358.15 385.11
369.71 370.40
387.58 365.14
339.23 360.94
294.02 361.99
299.28 327.30
408.61 440.83
393.89 408.24
410.71 380.91
417.02 357.78
438.04 377.76
452.76 390.37
443.30 413.50
446.45 440.83
459.07 447.14
465.38 436.63
464.33 290.50
451.71 293.66
458.02 323.09
421.22 327.30
427.53 311.53
407.56 329.40
385.48 323.09
360.25 336.76
337.12 334.66
316.10 315.73
336.07 313.63
289.82 313.63
282.46 303.12
282.46 285.25
268.79 276.84
308.74 302.07
295.07 289.45
329.77 286.30
328.71 250.56
314.00 234.79
300.33 235.84
278.25 236.89
266.69 250.56
246.72 256.86
361.98 302.59
369.34 329.92
370.92 289.45
377.75 283.67
337.80 273.16
344.11 260.54
313.10 220.07
294.70 219.54
285.24 213.24
274.20 224.27
263.16 229.53
266.84 212.18
250.02 214.81
245.29 206.93
249.50 194.84
252.13 179.07
262.64 168.03
283.14 164.88
278.41 191.16
264.74 193.26
297.86 193.26
320.98 196.42
333.60 197.99
329.39 182.75
308.37 174.87
297.33 174.87
305.21 156.47
317.83 162.25
277.88 151.74
258.43 149.11
256.33 157.52
270.00 140.70
274.73 128.08
260.01 127.56
276.83 115.47
269.47 103.91
282.09 103.91
272.63 90.77
283.14 90.77
286.82 78.68
274.73 81.83
293.65 139.12
289.97 151.21
312.57 133.87
323.09 142.28
337.28 139.12
306.27 119.67
309.42 109.16
295.23 100.75
306.27 94.44
299.96 86.03
295.75 79.20
303.11 67.11
312.05 80.78
318.88 62.91
304.16 51.34
286.29 61.33
261.59 67.11
252.13 67.11
254.75 56.07
241.61 58.18
339.91 227.95
337.28 212.71
355.15 201.67
363.03 211.13
365.66 222.70
356.73 245.82
396.15 247.93
395.10 236.36
384.06 216.92
398.77 273.16
377.75 270.00
410.34 287.87
418.75 258.44
419.80 247.93
429.26 266.32
435.04 255.81
441.35 277.36
457.64 270.53
455.54 252.13
440.82 242.15
442.93 232.68
411.92 234.26
413.49 212.71
396.67 201.67
401.40 194.84
411.39 176.44
412.44 166.98
398.77 163.30
391.94 168.03
384.06 184.33
381.43 168.03
359.35 167.51
353.57 156.99
346.21 155.42
344.11 162.78
343.06 174.34
351.99 182.22
448.71 215.86
425.58 192.74
427.68 178.54
442.93 173.29
430.84 162.25
441.88 163.83
438.72 154.89
457.12 197.47
456.59 184.85
465.00 205.88
449.23 203.77
463.95 245.30
462.90 232.68
463.95 160.15
449.76 140.17
461.32 140.70
464.48 148.06
462.90 129.66
386.16 152.00
375.12 130.45
378.28 118.36
354.10 112.58
339.91 111.53
327.82 112.05
336.23 95.76
329.39 96.81
316.25 94.71
360.40 147.80
358.30 138.33
350.94 134.66
382.48 133.08
388.26 126.25
398.77 118.89
396.67 131.50
399.30 138.33
401.93 147.80
411.39 147.80
412.97 139.39
421.38 136.23
421.90 124.67
409.81 128.35
408.24 135.18
407.71 156.21
433.99 137.81
444.50 125.72
448.71 105.75
436.62 105.75
425.58 107.85
423.48 95.76
415.59 91.03
392.47 97.34
394.04 86.30
369.34 105.75
353.57 84.72
344.64 85.25
326.76 74.73
177.34 160.94
188.37 180.91
193.10 150.42
194.68 161.99
208.87 145.69
215.71 136.76
222.01 126.77
212.55 126.77
192.05 132.03
177.86 142.54
165.25 115.21
149.48 123.62
152.11 114.68
176.28 109.95
179.44 127.30
186.80 118.36
188.37 109.95
184.17 103.12
170.50 89.45
163.67 87.35
153.16 78.41
144.75 78.41
150.00 70.00
131.08 81.57
130.55 73.16
131.08 57.39
121.09 59.49
110.58 61.07
101.12 56.34
174.18 76.31
173.66 65.80
162.09 61.59
178.91 58.97
186.27 74.21
195.21 72.11
191.00 87.87
207.82 91.03
219.39 104.69
226.74 106.80
237.78 113.10
246.19 112.05
245.67 123.62
239.36 128.87
233.05 155.15
235.15 176.70
225.17 167.24
205.72 112.05
202.57 104.17
218.86 89.98
228.85 90.50
228.85 79.46
241.46 101.54
250.40 105.75
248.29 89.98
239.88 81.04
236.73 68.43
225.69 73.16
216.76 63.70
207.82 68.95
224.64 55.29
213.08 51.08
194.68 61.07
191.00 50.03
180.49 45.82
163.67 40.57
167.87 36.36
156.84 30.58
143.70 43.20
146.85 53.18
185.75 38.47
192.05 32.68
184.69 29.00
174.18 25.85
202.57 25.85
202.57 36.36
197.31 44.77
218.33 35.84
222.01 25.85
212.55 19.02
230.42 25.85
239.88 16.92
226.74 15.34
247.77 18.49
243.56 30.58
235.68 38.47
239.36 45.30
249.87 41.09
256.18 34.79
262.49 46.88
264.06 53.71
275.10 54.76
283.51 52.13
279.31 44.77
274.58 38.47
268.27 32.16
271.42 26.90
258.28 26.38
267.22 20.07
254.60 17.44
259.33 15.86
280.36 23.75
279.83 14.29
289.29 25.85
297.18 32.68
291.40 34.26
299.28 24.80
301.38 14.29
312.95 15.86
307.16 25.85
308.74 35.31
318.73 33.74
319.78 23.22
327.66 25.33
329.77 32.16
335.02 24.80
335.55 9.56
346.59 2.72
327.66 1.67
321.36 2.72
340.80 15.34
350.79 14.29
351.84 23.75
360.78 21.65
359.73 36.36
355.00 48.98
349.74 52.66
348.69 62.12
346.59 44.25
336.07 48.45
332.39 66.32
329.77 57.39
314.00 56.86
320.30 75.26
331.87 82.62
350.27 73.16
87.45 46.88
98.49 44.25
80.09 38.99
76.94 35.84
81.67 24.80
76.42 25.85
95.34 25.85
83.25 14.81
99.54 15.34
91.13 9.03
87.98 2.72
79.57 0.10
115.31 1.67
106.90 0.62
105.32 9.03
107.43 16.39
111.11 27.43
115.31 21.12
132.13 16.39
136.34 27.43
127.93 22.70
126.88 11.13
123.72 5.88
148.43 13.24
148.95 6.40
155.26 10.08
151.58 0.62
161.57 1.15
168.93 3.77
166.30 17.44
163.14 10.61
187.32 19.02
177.34 10.61
184.69 2.72
200.99 0.62
215.71 3.25
195.21 9.03
226.74 7.45
237.26 4.30
244.61 7.45
256.18 2.20
257.23 7.45
270.90 8.51
277.20 1.15
289.29 2.20
305.06 2.20
24.23 3.77
20.02 1.67
32.11 15.34
43.15 20.07
42.10 13.24
47.88 11.13
41.05 5.35
56.82 1.15
56.29 14.29
67.33 18.49
58.39 25.33
48.41 30.06
73.64 10.61
128.30 44.77
129.35 34.26
115.68 44.77
369.34 62.64
377.22 58.97
379.85 85.77
386.69 57.91
373.55 50.56
363.03 45.30
365.14 36.36
371.97 43.72
373.55 32.16
371.44 18.49
382.48 20.59
381.43 28.48
391.42 31.11
385.63 46.35
399.83 40.04
411.39 31.63
416.12 19.54
398.77 15.86
384.06 4.83
390.89 1.67
375.65 2.72
359.88 5.88
398.77 4.30
413.49 7.98
426.11 3.25
433.99 23.22
424.00 32.16
428.21 12.71
416.12 47.40
430.31 44.25
430.31 78.41
418.22 70.00
415.59 79.46
444.50 48.98
447.13 71.05
447.66 84.20
457.64 79.46
461.32 57.91
465.00 32.16
461.85 20.59
456.07 16.39
461.32 9.56
443.45 7.98
458.17 95.76
463.43 86.30
