27.57 438.09
8.65 423.37
8.65 393.93
6.55 303.53
4.82 180.01
7.97 145.31
2.19 133.23
3.77 79.09
1.66 72.25
6.39 67.00
10.60 57.01
11.65 102.21
19.01 93.28
21.11 74.88
26.89 79.09
41.08 73.83
33.20 61.21
21.11 68.05
5.87 92.23
11.12 133.75
20.59 150.05
38.98 131.65
38.46 116.41
20.59 111.67
13.23 114.83
29.00 104.32
37.41 95.91
33.73 87.50
52.12 102.74
45.29 113.78
7.97 189.99
7.97 207.34
7.97 215.75
25.32 224.16
14.80 256.22
31.10 259.38
13.23 275.67
31.10 281.45
34.78 376.59
37.41 407.08
29.00 345.58
38.98 331.91
39.51 320.87
41.08 300.90
43.71 276.20
70.52 283.03
77.35 311.41
91.54 331.91
71.05 355.56
76.83 386.58
83.66 407.08
106.26 400.77
99.95 389.20
95.22 378.69
122.03 361.87
137.80 343.48
139.90 328.76
125.18 324.03
124.13 291.96
108.89 281.98
102.58 270.94
106.79 230.99
93.12 232.57
74.20 244.13
67.37 238.88
61.58 227.31
49.49 225.74
42.14 205.24
42.66 191.57
24.26 192.10
14.28 171.07
31.10 175.80
43.71 179.48
39.51 158.98
31.10 143.21
56.33 154.78
63.69 146.37
64.21 136.38
48.97 139.53
66.84 127.97
63.69 109.57
63.69 98.01
50.55 92.23
52.65 76.98
55.80 70.68
63.16 65.95
57.38 52.80
57.90 33.88
43.19 30.73
68.94 75.41
65.26 83.82
73.67 91.18
71.57 95.91
78.40 110.10
71.05 121.14
85.24 120.61
84.71 133.23
89.97 142.69
86.29 163.19
74.20 172.65
66.84 184.21
74.72 199.45
64.74 209.44
82.08 298.27
147.26 393.93
143.58 383.95
164.61 371.33
159.88 353.99
171.96 338.22
152.52 306.68
159.35 290.91
127.81 280.93
127.81 260.43
123.61 243.08
147.79 259.90
139.38 233.62
148.31 232.57
136.75 220.48
110.47 206.81
89.44 195.77
110.99 165.81
105.21 154.25
109.42 142.16
102.58 135.33
109.42 125.34
106.79 111.67
96.27 115.35
85.76 93.80
101.01 86.97
94.17 74.88
86.29 63.84
96.27 64.37
110.99 76.98
102.06 71.20
109.94 96.96
113.09 89.07
129.91 110.62
130.44 89.60
136.75 80.14
162.13 439.14
132.70 432.83
98.00 432.83
55.95 457.01
48.60 438.09
52.80 420.22
64.36 438.09
210.49 437.04
184.21 433.88
161.08 420.22
181.05 399.19
181.05 370.81
202.08 325.60
212.59 331.91
206.28 306.68
208.39 286.71
178.95 285.66
162.13 250.97
185.26 264.63
290.38 465.42
277.77 459.11
300.89 441.24
265.15 428.63
250.43 450.70
229.41 438.09
225.20 403.40
208.39 399.19
223.10 370.81
239.92 378.17
253.59 400.24
268.31 373.96
264.10 348.73
252.54 337.17
231.51 344.53
237.82 315.09
248.33 302.48
233.61 301.43
227.31 260.43
210.49 268.84
190.51 230.99
181.05 226.79
166.34 217.33
155.82 205.76
143.21 194.20
130.59 197.35
104.31 183.69
133.75 171.07
141.11 163.71
125.34 155.30
131.64 141.64
125.34 121.66
141.11 134.28
154.77 151.10
154.77 172.12
165.28 170.02
161.08 178.43
170.54 180.53
174.75 187.89
193.67 180.53
184.21 165.81
210.49 214.17
205.23 201.56
208.39 232.04
224.15 242.56
230.46 218.38
242.02 218.38
221.00 195.25
212.59 180.53
209.44 171.07
198.92 164.76
204.18 155.30
299.84 391.83
326.12 435.98
327.18 416.01
324.02 452.80
355.56 460.16
350.30 435.98
375.53 423.37
355.56 394.99
347.15 377.11
358.71 362.40
376.58 357.14
328.23 352.94
283.02 353.99
288.28 319.30
376.58 464.37
397.61 432.83
382.89 400.24
399.71 372.91
406.02 349.78
427.04 369.76
441.76 382.37
432.30 405.50
435.45 432.83
448.07 439.14
454.38 428.63
453.33 282.50
440.71 285.66
447.02 315.09
410.22 319.30
416.53 303.53
396.56 321.40
374.48 315.09
349.25 328.76
326.12 326.66
305.10 307.73
325.07 305.63
278.82 305.63
271.46 295.12
271.46 277.25
257.79 268.84
297.74 294.07
284.07 281.45
318.77 278.30
317.71 242.56
303.00 226.79
289.33 227.84
267.25 228.89
255.69 242.56
235.72 248.86
350.98 294.59
358.34 321.92
359.92 281.45
366.75 275.67
326.80 265.16
333.11 252.54
302.10 212.07
283.70 211.54
274.24 205.24
263.20 216.27
252.16 221.53
255.84 204.18
239.02 206.81
234.29 198.93
238.50 186.84
241.13 171.07
251.64 160.03
272.14 156.88
267.41 183.16
253.74 185.26
286.86 185.26
309.98 188.42
322.60 189.99
318.39 174.75
297.37 166.87
286.33 166.87
294.21 148.47
306.83 154.25
266.88 143.74
247.43 141.11
245.33 149.52
259.00 132.70
263.73 120.08
249.01 119.56
265.83 107.47
258.47 95.91
271.09 95.91
261.63 82.77
272.14 82.77
275.82 70.68
263.73 73.83
282.65 131.12
278.97 143.21
301.57 125.87
312.09 134.28
326.28 131.12
295.27 111.67
298.42 101.16
284.23 92.75
295.27 86.44
288.96 78.03
284.75 71.20
292.11 59.11
301.05 72.78
307.88 54.91
293.16 43.34
275.29 53.33
250.59 59.11
241.13 59.11
243.75 48.07
230.61 50.18
328.91 219.95
326.28 204.71
344.15 193.67
352.03 203.13
354.66 214.70
345.73 237.82
385.15 239.93
384.10 228.36
373.06 208.92
387.77 265.16
366.75 262.00
399.34 279.87
407.75 250.44
408.80 239.93
418.26 258.32
424.04 247.81
430.35 269.36
446.64 262.53
444.54 244.13
429.82 234.15
431.93 224.68
400.92 226.26
402.49 204.71
385.67 193.67
390.40 186.84
400.39 168.44
401.44 158.98
387.77 155.30
380.94 160.03
373.06 176.33
370.43 160.03
348.35 159.51
342.57 148.99
335.21 147.42
333.11 154.78
332.06 166.34
340.99 174.22
437.71 207.86
414.58 184.74
416.68 170.54
431.93 165.29
419.84 154.25
430.88 155.83
427.72 146.89
446.12 189.47
445.59 176.85
454.00 197.88
438.23 195.77
452.95 237.30
451.90 224.68
460.84 151.62
452.95 152.15
438.76 132.17
465.57 235.72
460.84 130.60
450.32 132.70
453.48 140.06
455.05 113.25
451.90 121.66
465.57 100.11
375.16 144.00
364.12 122.45
367.28 110.36
343.10 104.58
328.91 103.53
316.82 104.05
325.23 87.76
318.39 88.81
305.25 86.71
349.40 139.80
347.30 130.33
339.94 126.66
371.48 125.08
377.26 118.25
387.77 110.89
385.67 123.50
388.30 130.33
390.93 139.80
400.39 139.80
401.97 131.39
410.38 128.23
410.90 116.67
398.81 120.35
397.24 127.18
396.71 148.21
422.99 129.81
433.50 117.72
437.71 97.75
425.62 97.75
414.58 99.85
412.48 87.76
404.59 83.03
381.47 89.34
383.04 78.30
358.34 97.75
342.57 76.72
333.64 77.25
315.76 66.73
166.34 152.94
177.37 172.91
182.10 142.42
183.68 153.99
197.87 137.69
204.71 128.76
211.01 118.77
201.55 118.77
181.05 124.03
166.86 134.54
154.25 107.21
138.48 115.62
141.11 106.68
165.28 101.95
168.44 119.30
175.80 110.36
177.37 101.95
173.17 95.12
159.50 81.45
152.67 79.35
142.16 70.41
133.75 70.41
139.00 62.00
120.08 73.57
119.55 65.16
120.08 49.39
110.09 51.49
99.58 53.07
90.12 48.34
163.18 68.31
162.66 57.80
151.09 53.59
167.91 50.97
175.27 66.21
184.21 64.11
180.00 79.87
196.82 83.03
208.39 96.69
215.74 98.80
226.78 105.10
235.19 104.05
234.67 115.62
228.36 120.87
222.05 147.15
224.15 168.70
214.17 159.24
194.72 104.05
191.57 96.17
207.86 81.98
217.85 82.50
217.85 71.46
230.46 93.54
239.40 97.75
237.29 81.98
228.88 73.04
225.73 60.43
214.69 65.16
205.76 55.70
196.82 60.95
213.64 47.29
202.08 43.08
183.68 53.07
180.00 42.03
169.49 37.82
152.67 32.57
156.87 28.36
145.84 22.58
132.70 35.20
135.85 45.18
174.75 30.47
181.05 24.68
173.69 21.00
163.18 17.85
191.57 17.85
191.57 28.36
186.31 36.77
207.33 27.84
211.01 17.85
201.55 11.02
219.42 17.85
228.88 8.92
215.74 7.34
236.77 10.49
232.56 22.58
224.68 30.47
228.36 37.30
238.87 33.09
245.18 26.79
251.49 38.88
253.06 45.71
264.10 46.76
272.51 44.13
268.31 36.77
263.58 30.47
257.27 24.16
260.42 18.90
247.28 18.38
256.22 12.07
243.60 9.44
248.33 7.86
269.36 15.75
268.83 6.29
278.29 17.85
286.18 24.68
280.40 26.26
288.28 16.80
290.38 6.29
301.95 7.86
296.16 17.85
297.74 27.31
307.73 25.74
308.78 15.22
316.66 17.33
318.77 24.16
324.02 16.80
324.55 1.56
329.80 7.34
339.79 6.29
340.84 15.75
349.78 13.65
348.73 28.36
344.00 40.98
338.74 44.66
337.69 54.12
335.59 36.25
325.07 40.45
321.39 58.32
318.77 49.39
303.00 48.86
309.30 67.26
320.87 74.62
339.27 65.16
76.45 38.88
87.49 36.25
69.09 30.99
65.94 27.84
70.67 16.80
65.42 17.85
84.34 17.85
72.25 6.81
88.54 7.34
80.13 1.03
94.32 1.03
96.43 8.39
100.11 19.43
104.31 13.12
121.13 8.39
125.34 19.43
116.93 14.70
115.88 3.13
137.43 5.24
144.26 2.08
155.30 9.44
152.14 2.61
176.32 11.02
166.34 2.61
184.21 1.03
259.90 0.51
21.11 7.34
32.15 12.07
31.10 5.24
36.88 3.13
45.29 6.29
56.33 10.49
47.39 17.33
37.41 22.06
62.64 2.61
117.30 36.77
118.35 26.26
104.68 36.77
358.34 54.64
366.22 50.97
368.85 77.77
375.69 49.91
362.55 42.56
352.03 37.30
354.14 28.36
360.97 35.72
362.55 24.16
360.44 10.49
371.48 12.59
370.43 20.48
380.42 23.11
374.63 38.35
388.83 32.04
400.39 23.63
405.12 11.54
387.77 7.86
422.99 15.22
413.00 24.16
417.21 4.71
405.12 39.40
419.31 36.25
419.31 70.41
407.22 62.00
404.59 71.46
433.50 40.98
436.13 63.05
436.66 76.20
446.64 71.46
455.58 67.26
450.32 49.91
460.84 55.70
465.57 64.11
457.68 47.29
457.16 36.77
454.00 24.16
450.85 12.59
445.07 8.39
450.32 1.56
464.52 28.89
465.57 15.75
457.16 89.86
447.17 87.76
452.43 78.30
