474.97 766.33
547.50 734.80
570.63 707.46
510.71 699.05
536.99 665.41
570.63 664.36
568.53 620.21
539.09 608.65
547.50 575.01
495.99 587.62
505.45 634.93
469.71 637.03
482.33 675.93
433.97 691.70
433.97 750.57
412.94 778.95
384.56 739.00
454.99 637.03
465.51 612.85
458.15 593.93
458.15 580.26
449.74 550.83
483.38 559.24
489.69 531.91
501.25 527.70
540.15 540.32
559.07 542.42
554.86 506.68
570.63 508.78
564.32 483.55
574.84 465.68
572.73 449.91
555.91 453.06
550.66 435.19
539.09 495.11
528.58 477.24
500.20 502.47
484.43 474.09
503.35 459.37
519.12 435.19
503.35 429.93
517.02 401.55
519.12 386.83
533.84 378.42
534.89 401.55
551.71 400.50
563.27 400.50
562.22 368.96
556.97 348.99
548.56 338.48
513.86 355.30
505.45 339.53
528.58 309.04
538.04 293.27
563.27 291.17
563.27 251.22
534.89 262.79
539.09 244.92
573.41 237.03
571.31 228.10
550.28 212.33
552.39 228.10
542.40 221.79
529.26 229.67
527.68 208.12
539.77 197.08
542.40 178.69
550.81 171.85
568.68 183.42
572.36 196.56
575.51 189.72
564.48 167.65
565.00 157.14
560.27 145.05
553.44 136.64
573.41 132.96
570.78 120.34
552.91 119.82
573.41 112.98
563.95 110.88
572.36 101.95
560.27 98.79
577.62 90.38
530.31 274.35
515.59 272.25
522.43 249.65
512.44 197.08
507.18 216.01
518.22 186.05
504.03 181.31
509.81 169.23
517.70 161.87
537.67 167.12
534.52 153.98
539.77 141.37
533.99 135.06
517.70 142.94
522.95 129.80
533.46 122.97
527.16 121.39
537.67 117.19
525.58 109.83
536.09 105.10
545.55 106.15
514.54 119.82
508.23 115.09
510.34 108.25
505.61 103.00
501.40 93.01
500.35 138.21
492.99 129.28
490.89 110.88
485.11 115.09
470.92 109.83
478.80 97.21
490.89 104.05
506.13 128.23
500.88 169.75
491.41 186.05
473.02 167.65
473.54 152.41
491.41 147.67
498.77 150.83
483.00 140.32
474.59 131.91
478.27 123.50
459.88 138.74
466.71 149.78
504.03 225.99
504.03 243.34
504.03 251.75
486.68 260.16
497.20 292.22
480.90 295.38
498.77 311.67
480.90 317.45
477.22 412.59
474.59 443.08
483.00 381.58
473.02 367.91
472.49 356.87
470.92 336.90
468.29 312.20
441.48 319.03
434.65 347.41
420.46 367.91
440.95 391.56
435.17 422.58
428.34 443.08
405.74 436.77
412.05 425.20
416.78 414.69
389.97 397.87
374.20 379.48
372.10 364.76
386.82 360.03
387.87 327.96
403.11 317.98
409.42 306.94
405.21 266.99
418.88 268.57
437.80 280.13
444.63 274.88
450.42 263.31
462.51 261.74
469.86 241.24
469.34 227.57
487.74 228.10
497.72 207.07
480.90 211.80
468.29 215.48
472.49 194.98
480.90 179.21
455.67 190.78
448.31 182.37
447.79 172.38
463.03 175.53
445.16 163.97
448.31 145.57
448.31 134.01
461.45 128.23
459.35 112.98
456.20 106.68
448.84 101.95
454.62 88.80
454.10 69.88
468.81 66.73
443.06 111.41
446.74 119.82
438.33 127.18
440.43 131.91
433.60 146.10
440.95 157.14
426.76 156.61
427.29 169.23
422.03 178.69
425.71 199.19
437.80 208.65
445.16 220.21
437.28 235.45
447.26 245.44
429.92 334.27
364.74 429.93
368.42 419.95
347.39 407.33
352.12 389.99
340.04 374.22
359.48 342.68
352.65 326.91
384.19 316.93
384.19 296.43
388.39 279.08
364.21 295.90
372.62 269.62
363.69 268.57
375.25 256.48
401.53 242.81
422.56 231.77
401.01 201.81
406.79 190.25
402.58 178.16
409.42 171.33
402.58 161.34
405.21 147.67
415.73 151.35
426.24 129.80
410.99 122.97
417.83 110.88
425.71 99.84
415.73 100.37
401.01 112.98
409.94 107.20
402.06 132.96
398.91 125.07
382.09 146.62
381.56 125.60
375.25 116.14
390.87 653.85
400.33 604.44
349.87 707.46
369.84 665.41
333.05 644.39
310.97 616.01
284.69 670.67
284.69 712.72
323.59 757.92
299.41 768.44
277.33 792.62
242.64 714.82
248.95 671.72
210.05 704.31
202.70 743.21
189.03 729.54
176.41 669.62
178.52 650.70
141.72 618.11
163.80 604.44
149.08 585.52
203.75 590.78
266.82 577.11
281.54 607.60
301.51 532.96
332.00 559.24
348.82 573.96
358.28 553.98
348.82 523.50
329.90 503.52
349.87 475.14
379.30 468.83
414.00 468.83
404.53 508.78
456.05 493.01
463.40 511.93
444.48 519.29
463.40 474.09
459.20 456.22
447.64 474.09
250.00 548.73
253.16 527.70
240.54 523.50
224.77 527.70
246.85 503.52
297.31 510.88
301.51 473.04
327.79 469.88
350.92 456.22
330.95 435.19
330.95 406.81
309.92 361.60
299.41 367.91
305.72 342.68
303.61 322.71
333.05 321.66
349.87 286.97
326.74 300.63
120.70 663.31
142.77 749.51
100.72 701.16
57.62 732.69
29.24 715.87
29.24 676.98
28.19 640.18
73.39 633.88
50.26 619.16
27.14 618.11
61.83 587.62
39.75 569.75
79.70 555.03
131.21 529.80
160.65 550.83
174.31 540.32
168.00 517.19
182.72 510.88
207.95 515.09
221.62 501.42
234.23 495.11
211.11 477.24
246.85 464.63
261.57 486.70
282.59 474.09
286.80 439.40
303.61 435.19
288.90 406.81
272.08 414.17
258.41 436.24
243.69 409.96
247.90 384.73
259.46 373.17
280.49 380.53
274.18 351.09
263.67 338.48
278.39 337.43
284.69 296.43
301.51 304.84
321.49 266.99
330.95 262.79
345.66 253.33
356.18 241.76
368.79 230.20
381.41 233.35
407.69 219.69
378.25 207.07
370.89 199.71
386.66 191.30
380.36 177.64
386.66 157.66
370.89 170.28
357.23 187.10
357.23 208.12
346.72 206.02
350.92 214.43
341.46 216.53
337.25 223.89
318.33 216.53
327.79 201.81
301.51 250.17
306.77 237.56
303.61 268.04
287.85 278.56
281.54 254.38
269.98 254.38
291.00 231.25
299.41 216.53
302.56 207.07
313.08 200.76
307.82 191.30
212.16 427.83
185.88 471.98
184.82 452.01
187.98 488.80
156.44 496.16
161.70 471.98
136.47 459.37
156.44 430.99
164.85 413.11
153.29 398.40
135.42 393.14
183.77 388.94
228.98 389.99
223.72 355.30
113.34 516.14
135.42 500.37
114.39 468.83
129.11 436.24
112.29 408.91
105.98 385.78
84.96 405.76
70.24 418.37
79.70 441.50
76.55 468.83
63.93 475.14
89.16 502.47
45.01 529.80
45.01 510.88
57.62 464.63
17.68 468.83
29.24 443.60
26.09 406.81
7.16 420.47
15.57 391.04
13.47 368.96
22.93 347.94
40.80 327.96
58.67 318.50
71.29 321.66
64.98 351.09
101.78 355.30
95.47 339.53
115.44 357.40
137.52 351.09
162.75 364.76
185.88 362.66
206.90 343.73
186.93 341.63
233.18 341.63
240.54 331.12
240.54 313.25
254.21 304.84
214.26 330.07
227.93 317.45
193.23 314.30
194.29 278.56
209.00 262.79
222.67 263.84
244.75 264.89
256.31 278.56
276.28 284.86
161.02 330.59
153.66 357.92
152.08 317.45
145.25 311.67
185.20 301.16
178.89 288.54
209.90 248.07
228.30 247.54
237.76 241.24
248.80 252.27
259.84 257.53
256.16 240.18
272.98 242.81
277.71 234.93
273.50 222.84
270.87 207.07
260.36 196.03
239.86 192.88
244.59 219.16
258.26 221.26
225.14 221.26
202.02 224.42
189.40 225.99
193.61 210.75
214.63 202.87
225.67 202.87
217.79 184.47
205.17 190.25
245.12 179.74
264.57 177.11
266.67 185.52
253.00 168.70
248.27 156.08
262.99 155.56
246.17 143.47
253.53 131.91
240.91 131.91
250.37 118.77
239.86 118.77
236.18 106.68
248.27 109.83
229.35 167.12
233.03 179.21
210.43 161.87
199.91 170.28
185.72 167.12
216.73 147.67
213.58 137.16
227.77 128.75
216.73 122.44
223.04 114.03
227.25 107.20
219.89 95.11
210.95 108.78
204.12 90.91
218.84 79.34
236.71 89.33
261.41 95.11
270.87 95.11
268.25 84.07
281.39 86.18
183.09 255.95
185.72 240.71
167.85 229.67
159.97 239.13
157.34 250.70
166.27 273.82
126.85 275.93
127.90 264.36
138.94 244.92
124.23 301.16
145.25 298.00
112.66 315.87
104.25 286.44
103.20 275.93
93.74 294.32
87.96 283.81
81.65 305.36
65.36 298.53
67.46 280.13
82.18 270.15
80.07 260.68
111.08 262.26
109.51 240.71
126.33 229.67
121.60 222.84
111.61 204.44
110.56 194.98
124.23 191.30
131.06 196.03
138.94 212.33
141.57 196.03
163.65 195.51
169.43 184.99
176.79 183.42
178.89 190.78
179.94 202.34
171.01 210.22
74.29 243.86
97.42 220.74
95.32 206.54
80.07 201.29
92.16 190.25
81.12 191.83
84.28 182.89
65.88 225.47
66.41 212.85
58.00 233.88
73.77 231.77
59.05 273.30
60.10 260.68
44.33 240.18
40.13 228.62
34.87 216.01
42.23 200.24
25.41 198.66
41.70 193.40
51.16 187.62
59.05 188.15
73.24 168.17
30.66 276.45
46.43 271.72
38.55 265.94
15.95 251.22
22.78 246.49
10.16 243.34
7.01 221.79
11.74 197.61
21.20 172.38
34.87 175.01
44.33 177.11
51.16 166.60
61.68 168.70
58.52 176.06
43.80 157.14
56.95 149.25
60.10 157.66
46.43 136.11
40.13 134.01
35.39 125.07
20.68 123.50
6.49 126.65
17.52 135.06
21.20 147.15
37.50 149.78
19.63 156.61
11.74 159.24
1.23 157.14
12.79 308.52
8.06 186.31
1.75 195.77
6.49 112.72
136.84 180.00
147.88 158.45
144.72 146.36
168.90 140.58
183.09 139.53
195.18 140.05
186.77 123.76
193.61 124.81
206.75 122.71
162.60 175.80
164.70 166.33
172.06 162.66
140.52 161.08
134.74 154.25
124.23 146.89
126.33 159.50
123.70 166.33
121.07 175.80
111.61 175.80
110.03 167.39
101.62 164.23
101.10 152.67
113.19 156.35
114.76 163.18
115.29 184.21
89.01 165.81
78.50 153.72
74.29 133.75
86.38 133.75
97.42 135.85
99.52 123.76
107.41 119.03
130.53 125.34
128.96 114.30
153.66 133.75
169.43 112.72
178.36 113.25
196.24 102.73
345.66 188.94
334.63 208.91
329.90 178.42
328.32 189.99
314.13 173.69
307.29 164.76
300.99 154.77
310.45 154.77
330.95 160.03
345.14 170.54
357.75 143.21
373.52 151.62
370.89 142.68
346.72 137.95
343.56 155.30
336.20 146.36
334.63 137.95
338.83 131.12
352.50 117.45
359.33 115.35
369.84 106.41
378.25 106.41
373.00 98.00
391.92 109.57
392.45 101.16
391.92 85.39
401.91 87.49
412.42 89.07
421.88 84.34
348.82 104.31
349.34 93.80
360.91 89.59
344.09 86.97
336.73 102.21
327.79 100.11
332.00 115.87
315.18 119.03
303.61 132.69
296.26 134.80
285.22 141.10
276.81 140.05
277.33 151.62
283.64 156.87
289.95 183.15
287.85 204.70
297.83 195.24
317.28 140.05
320.43 132.17
304.14 117.98
294.15 118.50
294.15 107.46
281.54 129.54
272.60 133.75
274.71 117.98
283.12 109.04
286.27 96.43
297.31 101.16
306.24 91.70
315.18 96.95
298.36 83.29
309.92 79.08
328.32 89.07
332.00 78.03
342.51 73.82
359.33 68.57
355.13 64.36
366.16 58.58
379.30 71.20
376.15 81.18
337.25 66.47
330.95 60.68
338.31 57.00
348.82 53.85
320.43 53.85
320.43 64.36
325.69 72.77
304.67 63.84
300.99 53.85
310.45 47.02
292.58 53.85
283.12 44.92
296.26 43.34
275.23 46.49
279.44 58.58
287.32 66.47
283.64 73.30
273.13 69.09
266.82 62.79
260.51 74.88
258.94 81.71
247.90 82.76
239.49 80.13
243.69 72.77
248.42 66.47
254.73 60.16
251.58 54.90
264.72 54.38
255.78 48.07
268.40 45.44
263.67 43.86
242.64 51.75
243.17 42.29
233.71 53.85
225.82 60.68
231.60 62.26
223.72 52.80
221.62 42.29
210.05 43.86
215.84 53.85
214.26 63.31
204.27 61.74
203.22 51.22
195.34 53.33
193.23 60.16
187.98 52.80
187.45 37.56
176.41 30.72
195.34 29.67
201.64 30.72
182.20 43.34
172.21 42.29
171.16 51.75
162.22 49.65
163.27 64.36
168.00 76.98
173.26 80.66
174.31 90.12
176.41 72.25
186.93 76.45
190.61 94.32
193.23 85.39
209.00 84.86
202.70 103.26
191.13 110.62
172.73 101.16
435.55 74.88
424.51 72.25
442.91 66.99
446.06 63.84
441.33 52.80
446.58 53.85
427.66 53.85
439.75 42.81
423.46 43.34
431.87 37.03
435.02 30.72
443.43 28.10
434.50 16.53
435.02 8.65
442.91 8.12
424.51 18.11
428.71 10.75
416.10 13.90
413.47 23.36
404.01 21.79
396.12 12.85
405.59 13.90
407.69 29.67
416.10 28.62
417.68 37.03
415.57 44.39
411.89 55.43
407.69 49.12
390.87 44.39
386.66 55.43
395.07 50.70
396.12 39.13
399.28 33.88
396.65 25.99
382.46 27.57
374.57 41.24
374.05 34.40
367.74 38.08
371.42 28.62
361.43 29.15
354.07 31.77
356.70 45.44
359.86 38.61
335.68 47.02
345.66 38.61
338.31 30.72
346.72 27.04
348.82 17.58
357.23 19.69
364.06 19.16
371.42 17.06
374.57 10.22
367.74 7.60
354.07 7.60
348.29 4.44
338.31 7.60
335.68 15.48
336.20 18.63
337.25 24.42
326.22 17.58
322.01 28.62
319.38 21.79
319.91 10.22
325.17 3.92
308.35 19.69
307.29 31.25
327.79 37.03
296.26 35.45
295.73 24.42
301.51 10.75
292.05 10.22
283.64 22.84
285.74 32.30
278.39 35.45
276.81 18.11
262.62 20.74
254.73 17.06
263.14 11.80
266.82 30.20
265.77 35.45
252.10 36.51
250.53 24.94
245.80 29.15
233.71 30.20
237.91 24.42
238.96 10.75
222.67 21.26
228.98 11.80
212.68 12.85
204.80 20.21
193.23 17.58
190.61 9.70
217.94 30.20
548.18 44.39
562.90 24.42
571.84 20.21
575.51 11.80
562.90 12.85
552.91 21.79
552.39 4.44
538.72 39.66
520.32 27.04
528.21 12.85
508.23 13.90
511.91 19.69
511.91 25.47
505.08 23.89
498.77 31.77
502.98 29.67
490.89 43.34
479.85 48.07
480.90 41.24
475.12 39.13
481.95 33.35
490.36 11.28
508.23 7.60
470.39 19.16
474.07 11.80
459.88 9.17
455.67 16.01
466.18 29.15
466.71 42.29
455.67 46.49
464.61 53.33
474.59 58.06
449.36 38.61
408.37 8.12
394.70 72.77
393.65 62.26
407.32 72.77
153.66 90.64
145.78 86.97
143.15 113.77
136.31 85.91
149.45 78.56
159.97 73.30
157.86 64.36
151.03 71.72
149.45 60.16
151.56 46.49
140.52 48.59
141.57 56.48
131.58 59.11
137.37 74.35
123.17 68.04
111.61 59.63
106.88 47.54
124.23 43.86
138.94 32.83
132.11 29.67
147.35 30.72
144.72 22.31
156.29 26.52
163.12 33.88
162.07 19.16
157.86 9.70
148.40 9.70
178.89 12.33
125.80 17.06
113.71 16.01
124.23 32.30
109.51 35.98
96.89 31.25
103.20 17.58
94.26 11.80
85.33 9.70
89.01 51.22
99.00 60.16
94.79 40.71
106.88 75.40
92.69 72.25
92.69 106.41
104.78 98.00
107.41 107.46
78.50 76.98
75.87 99.05
75.34 112.20
65.36 107.46
56.42 103.26
61.68 85.91
51.16 91.70
46.43 100.11
54.32 83.29
54.84 72.77
58.00 60.16
61.15 48.59
66.93 44.39
61.68 37.56
79.55 35.98
78.50 17.58
73.77 10.75
66.93 26.52
65.36 17.06
61.15 7.60
43.80 27.57
48.01 34.93
42.23 16.01
44.86 8.65
50.11 18.11
58.00 19.16
47.48 64.89
40.65 64.36
46.43 51.75
29.09 40.71
22.25 38.61
10.16 44.39
14.37 54.38
15.42 66.99
25.93 49.65
31.19 98.00
41.18 90.12
34.87 79.08
17.00 88.02
8.59 91.17
42.23 111.67
54.84 125.86
64.83 123.76
59.57 114.30
14.90 96.95
29.61 24.94
20.15 11.28
10.16 9.17
3.86 17.06
10.69 24.94
9.11 32.83
31.72 16.53
