1016.75 3.07
993.83 10.84
974.59 33.35
980.73 50.95
944.31 32.95
922.21 37.45
913.61 56.27
945.94 55.86
970.50 79.19
993.83 89.02
1006.11 80.01
1010.61 102.52
972.14 104.16
994.65 129.94
970.09 152.86
956.99 146.31
994.24 175.78
977.87 186.83
952.49 176.19
932.03 165.96
918.11 152.45
931.21 112.34
898.88 113.98
907.47 116.85
915.25 86.97
865.32 150.82
863.68 161.87
875.55 187.24
888.24 195.84
913.61 177.01
920.98 191.74
960.68 203.61
982.78 207.30
1010.20 213.02
1006.92 191.33
1017.57 251.91
983.60 224.89
963.95 231.44
950.44 244.13
925.89 227.76
914.02 247.81
886.60 224.08
856.72 215.48
868.18 208.52
931.62 85.33
872.68 69.72
891.10 67.47
859.18 47.42
836.87 36.57
827.87 56.83
839.74 73.00
793.90 81.59
803.31 82.82
813.13 109.42
850.17 105.74
860.20 96.74
773.23 102.26
885.17 14.88
909.52 15.29
820.71 12.63
782.44 20.61
797.79 57.04
1006.52 280.46
984.41 280.05
966.41 261.64
927.93 272.69
901.74 278.83
887.01 266.96
864.50 249.77
835.03 253.86
853.45 282.10
877.59 288.65
884.55 315.66
855.08 318.53
900.10 334.08
929.16 314.84
955.36 305.02
980.73 312.80
990.55 329.98
963.13 338.58
938.17 341.04
926.71 347.17
950.44 354.54
990.14 367.64
1015.52 356.59
997.10 415.11
1011.84 411.84
982.37 389.33
952.49 409.79
974.59 423.71
961.50 442.13
934.89 424.53
977.05 456.86
1011.84 459.31
1001.19 472.00
975.41 481.01
945.53 469.14
914.02 464.23
898.88 445.81
946.35 496.15
924.25 405.70
904.61 390.15
929.16 383.19
937.35 372.96
961.50 378.69
890.69 356.18
837.08 328.76
820.30 299.29
801.47 316.89
786.74 371.32
784.28 401.20
782.64 422.07
756.04 422.48
762.59 452.36
736.80 454.81
712.66 417.16
718.39 433.94
728.62 390.15
693.01 428.21
679.10 391.38
701.20 366.82
718.39 364.36
731.89 350.86
760.54 357.41
735.17 318.93
726.16 316.07
771.18 310.34
778.96 304.20
781.82 265.32
770.77 257.95
749.90 275.14
733.12 254.27
720.02 275.96
702.02 263.68
682.78 254.27
698.33 231.35
726.57 236.67
659.45 264.09
676.64 278.42
645.54 278.42
638.17 298.47
660.68 298.47
693.42 289.47
687.28 310.75
658.22 346.76
675.82 348.81
621.39 386.87
641.85 384.42
629.98 409.79
659.86 419.62
637.35 435.58
584.96 434.35
592.33 459.31
612.39 460.13
668.87 456.04
653.72 449.90
643.08 465.04
690.56 454.40
673.37 445.81
835.03 358.63
856.31 357.82
864.91 394.24
882.51 408.16
833.80 390.15
848.13 426.98
831.35 431.89
840.76 446.63
864.09 424.94
881.69 472.00
869.41 471.59
844.85 461.36
826.03 471.59
808.43 452.36
798.20 467.09
785.10 488.37
769.14 490.42
819.89 498.20
805.97 485.51
838.30 486.74
857.95 482.64
874.73 496.15
852.63 500.65
695.88 486.74
726.98 485.10
682.78 495.33
656.18 487.15
671.32 469.55
623.85 497.38
521.53 506.38
549.77 464.64
568.59 460.95
531.76 437.21
555.09 423.30
544.86 403.65
521.94 410.20
526.44 385.24
555.09 368.87
530.12 365.18
577.19 344.72
560.00 323.44
584.56 315.66
625.07 333.26
603.79 343.08
608.70 296.02
613.61 278.42
598.06 259.18
623.03 255.91
579.23 271.05
560.82 279.24
537.90 280.05
548.13 262.45
786.74 224.80
763.82 231.35
683.60 218.66
662.73 222.35
671.73 241.58
644.72 244.86
632.85 234.22
614.43 223.98
593.56 233.40
562.86 234.62
537.08 235.44
525.62 216.62
514.98 232.99
995.87 530.85
1006.52 554.58
980.32 540.67
983.60 582.00
1006.11 587.33
1012.65 603.29
977.87 607.38
955.36 604.51
930.80 604.11
940.62 573.41
961.09 573.41
910.75 582.82
890.28 590.60
894.78 567.27
911.56 562.36
943.90 547.22
927.53 539.03
914.43 519.80
928.34 500.15
918.52 508.74
841.58 578.73
857.54 561.13
828.48 585.28
831.35 603.70
804.74 593.05
814.57 569.73
778.55 566.45
772.00 579.96
769.96 537.39
748.67 530.85
753.99 554.99
709.79 564.41
726.57 591.01
627.53 609.43
688.51 586.92
599.29 619.66
593.15 587.33
562.45 587.73
525.21 575.87
615.66 568.50
593.15 572.18
561.64 548.85
584.96 532.89
582.51 518.98
553.45 518.98
544.45 527.98
635.30 530.44
605.43 511.61
602.15 499.74
702.02 529.62
792.47 536.17
822.34 516.11
830.12 536.58
837.49 514.88
857.54 521.02
883.73 521.02
896.83 538.21
871.05 540.26
781.01 449.81
500.45 585.28
466.89 568.50
486.53 554.17
506.59 539.85
478.35 529.21
466.89 540.26
478.76 487.87
467.71 495.24
500.04 467.41
507.82 462.09
501.27 434.26
471.39 441.21
475.89 417.89
492.67 403.15
507.82 391.28
514.77 375.32
491.04 376.96
475.07 390.06
471.39 368.77
501.68 352.40
367.85 467.82
388.72 461.27
432.10 474.78
416.96 476.41
418.19 493.60
394.45 521.84
376.85 520.20
381.76 541.49
401.41 556.63
429.24 557.86
422.28 565.63
380.53 579.55
364.57 567.27
351.47 586.51
380.53 611.47
327.74 541.90
309.32 538.21
320.78 568.91
302.77 564.41
331.01 507.11
331.42 476.82
462.80 464.95
476.71 471.09
426.37 442.85
401.81 435.08
380.12 428.53
399.77 417.07
431.69 417.48
422.28 398.65
394.86 396.19
454.20 408.88
511.91 328.66
428.01 341.76
470.57 327.44
379.71 354.45
395.68 359.36
387.90 338.49
356.79 334.80
373.98 317.61
399.77 318.02
354.75 386.37
367.44 374.50
354.75 410.52
334.28 407.25
343.29 440.40
337.97 452.27
299.91 454.31
283.54 460.04
265.12 446.54
286.81 435.49
266.75 411.75
294.59 404.38
291.72 387.60
243.84 400.70
251.61 379.41
211.09 408.47
211.91 384.33
222.55 352.40
219.69 335.62
278.21 357.31
303.18 358.54
323.23 333.17
316.69 426.48
315.05 400.70
239.33 435.08
214.37 448.58
232.38 486.64
228.28 505.88
262.66 518.98
279.03 496.88
256.93 487.05
252.84 566.86
281.49 567.68
268.80 595.10
246.29 591.01
219.69 597.15
288.86 612.70
306.45 608.61
240.15 541.90
216.01 530.85
369.89 450.22
421.87 315.57
270.03 318.84
233.60 325.80
319.14 516.93
836.05 172.92
817.64 159.82
799.63 174.55
777.12 148.77
719.41 156.55
753.38 117.26
736.19 108.66
755.02 79.19
767.30 75.51
737.42 186.83
719.41 185.60
691.17 147.54
706.31 131.99
661.29 161.46
656.38 126.26
683.80 99.66
697.72 83.29
712.04 82.88
694.85 45.22
740.28 49.73
645.33 42.36
664.98 27.22
645.74 19.44
622.41 41.13
610.95 21.89
595.81 18.21
596.63 48.91
568.39 34.58
549.97 40.31
528.69 41.95
515.18 44.40
771.80 189.70
814.36 195.43
786.94 205.66
813.13 262.96
659.66 195.02
684.62 198.70
635.51 200.34
618.32 187.65
584.35 166.37
599.49 133.63
621.19 128.31
610.13 95.97
618.32 73.87
646.56 86.97
664.57 80.01
569.21 78.78
568.39 57.50
544.24 71.42
571.66 102.11
542.60 135.67
584.76 125.85
567.16 130.35
535.24 160.33
534.01 185.50
560.61 180.39
580.46 146.42
560.00 202.90
494.72 192.87
482.65 181.20
507.00 169.54
513.55 147.85
492.06 144.98
469.14 139.87
486.94 108.56
467.50 110.40
521.12 115.31
510.48 125.95
533.40 98.12
545.47 111.83
506.59 95.46
461.57 175.47
433.53 190.62
416.34 209.65
593.76 195.73
586.81 202.38
512.32 259.68
498.81 276.46
470.98 293.65
496.77 216.71
474.26 226.94
465.66 242.49
450.11 238.81
404.48 245.66
388.10 253.44
427.80 262.44
418.60 266.95
379.10 225.20
355.57 247.51
366.41 221.31
351.27 221.72
324.87 239.32
305.84 254.46
301.95 278.82
337.15 295.60
374.80 289.46
390.97 275.34
466.68 280.86
501.68 307.06
523.16 303.78
301.54 225.20
317.50 211.49
335.51 204.12
293.56 170.77
265.53 176.29
314.03 188.16
298.06 202.28
238.11 160.74
248.75 146.83
272.48 110.81
309.52 117.56
314.03 147.03
327.12 166.27
289.26 130.04
326.51 107.33
186.33 124.52
173.85 139.05
204.34 150.92
218.05 140.28
215.60 177.73
192.88 187.75
191.04 208.01
181.01 83.18
166.89 195.32
165.05 218.86
148.48 217.42
130.06 202.08
126.37 178.54
111.85 177.52
103.25 196.55
120.64 218.45
86.68 206.37
90.77 219.68
109.80 241.16
155.02 237.68
142.54 139.87
131.49 152.55
99.36 139.25
102.23 129.43
96.09 110.20
81.15 113.67
250.79 217.22
251.20 241.98
279.03 225.41
128.52 254.67
132.41 240.75
155.74 263.47
191.14 261.22
208.95 255.28
185.41 293.34
160.04 284.34
130.77 283.73
150.01 305.83
100.90 295.19
100.49 258.76
86.37 271.65
66.11 288.84
65.70 274.93
62.43 252.62
44.01 264.29
19.66 262.65
10.86 277.38
45.03 234.61
76.55 238.50
46.26 199.62
44.83 188.98
78.39 194.10
214.68 220.90
221.63 295.19
244.35 290.68
239.64 307.87
13.93 230.11
293.97 306.03
282.10 278.00
261.64 256.51
125.15 319.74
188.38 339.80
177.94 356.37
186.74 381.95
119.52 452.76
124.84 426.97
151.03 422.47
130.98 398.12
101.92 379.50
109.70 399.55
176.20 413.06
198.30 420.22
187.87 454.60
193.19 481.00
208.33 494.91
84.94 354.74
44.62 371.93
19.45 359.24
5.54 380.72
58.95 419.61
79.41 401.80
86.57 419.40
106.63 418.79
79.41 439.86
74.70 454.39
54.44 449.48
87.39 475.47
118.50 483.45
111.33 497.16
161.47 479.97
152.67 448.46
144.08 467.90
48.31 475.06
10.24 443.75
9.42 465.44
5.95 425.54
285.27 471.38
40.12 604.57
50.35 582.06
82.68 571.83
150.83 555.66
124.02 554.84
177.43 565.49
203.22 575.51
220.61 576.13
191.35 592.70
143.05 527.01
108.06 516.99
62.22 524.56
81.46 501.84
53.83 500.00
16.18 481.58
175.79 525.99
187.66 506.75
166.59 513.71
216.11 557.10
228.79 615.42
152.87 577.35
133.43 581.86
433.33 104.10
444.58 89.57
456.45 52.33
485.51 45.78
479.37 73.61
500.25 68.09
493.90 22.04
454.61 5.47
425.14 12.83
431.69 31.66
419.41 46.80
402.43 27.16
375.42 16.72
364.98 38.82
348.00 66.24
334.08 57.65
398.34 59.08
402.43 79.14
424.53 71.77
334.90 87.12
318.12 92.44
292.13 102.67
291.72 88.55
360.27 115.97
364.57 102.26
395.47 103.90
381.97 116.18
375.42 136.23
399.36 142.16
414.71 105.94
406.52 124.16
357.82 141.14
328.15 8.74
316.48 9.56
309.11 23.88
287.01 36.98
269.42 21.43
276.78 49.46
262.25 58.47
267.37 92.64
375.83 198.80
375.42 166.88
350.86 156.24
360.48 178.54
275.55 201.67
146.53 96.48
114.81 95.26
150.42 42.46
125.86 61.49
192.57 78.07
224.29 55.97
202.81 77.04
90.26 44.71
69.79 51.06
106.63 61.08
84.53 75.41
59.56 78.68
47.08 65.38
77.16 95.46
62.22 104.67
67.34 137.82
60.58 157.88
37.26 147.23
17.20 134.96
25.18 122.68
21.91 163.20
38.07 90.75
8.40 103.03
19.66 70.50
30.50 58.63
6.76 46.76
32.34 21.43
192.37 19.79
232.68 24.29
156.56 8.54
62.43 338.48
27.43 339.71
83.30 314.53
2.88 323.74
1.24 346.46
982.68 508.85
904.30 213.85
754.40 504.35
712.86 4.71
651.68 520.92
647.38 510.07
643.90 592.50
677.26 538.06
582.30 6.08
541.58 4.65
525.01 17.75
539.54 23.07
523.78 65.84
193.70 539.85
110.62 342.17
47.59 320.98
303.59 7.16
172.83 13.30
267.01 295.61
606.64 207.63
45.02 128.86
380.56 96.13
1020.94 27.59
794.86 514.53
772.36 518.62
704.84 202.52
