485.45 147.09
471.54 161.42
464.17 181.47
486.68 181.47
484.22 229.76
447.39 269.87
467.85 267.42
455.98 292.79
485.86 302.62
463.35 318.58
410.96 317.35
418.33 342.31
438.39 343.13
494.87 339.04
479.72 332.90
469.08 348.04
499.37 328.81
482.18 370.15
497.32 352.55
449.85 380.38
347.53 389.38
375.77 347.64
394.59 343.95
357.76 320.21
381.09 306.30
370.86 286.65
347.94 293.20
352.44 268.24
381.09 251.87
356.12 248.18
403.19 227.72
386.00 206.44
410.56 198.66
451.07 216.26
429.79 226.08
434.70 179.02
439.61 161.42
424.06 142.18
449.03 138.91
405.23 154.05
386.82 162.24
363.90 163.05
374.13 145.45
488.73 105.35
497.73 124.58
470.72 127.86
458.85 117.22
440.43 106.98
419.56 116.40
388.86 117.62
363.08 118.44
351.62 99.62
340.98 115.99
453.53 492.43
419.15 470.33
388.45 470.73
351.21 458.87
441.66 451.50
419.15 455.18
387.64 431.85
410.96 415.89
408.51 401.98
379.45 401.98
370.45 410.98
461.30 413.44
431.43 394.61
428.15 382.74
326.45 468.28
292.89 451.50
312.53 437.17
332.59 422.85
304.35 412.21
292.89 423.26
304.76 370.87
293.71 378.24
326.04 350.41
333.82 345.09
327.27 317.26
297.39 324.21
301.89 300.89
318.67 286.15
333.82 274.28
340.77 258.32
317.04 259.96
301.07 273.06
297.39 251.77
327.68 235.40
193.85 350.82
214.72 344.27
258.10 357.78
242.96 359.41
244.19 376.60
220.45 404.84
202.85 403.20
207.76 424.49
227.41 439.63
255.24 440.86
248.28 448.63
206.53 462.55
190.57 450.27
177.47 469.51
206.53 494.47
153.74 424.90
135.32 421.21
146.78 451.91
128.77 447.41
157.01 390.11
157.42 359.82
288.80 347.95
302.71 354.09
252.37 325.85
227.81 318.08
206.12 311.53
225.77 300.07
257.69 300.48
248.28 281.65
220.86 279.19
280.20 291.88
337.91 211.66
254.01 224.76
296.57 210.44
205.71 237.45
221.68 242.36
213.90 221.49
182.79 217.80
199.98 200.61
225.77 201.02
180.75 269.37
193.44 257.50
180.75 293.52
160.28 290.25
169.29 323.40
163.97 335.27
125.91 337.31
109.54 343.04
91.12 329.54
112.81 318.49
92.75 294.75
120.59 287.38
117.72 270.60
69.84 283.70
77.61 262.41
37.09 291.47
37.91 267.33
48.55 235.40
45.69 218.62
104.21 240.31
129.18 241.54
149.23 216.17
142.69 309.48
141.05 283.70
65.33 318.08
40.37 331.58
58.38 369.64
54.28 388.88
88.66 401.98
105.03 379.88
82.93 370.05
78.84 449.86
107.49 450.68
94.80 478.10
72.29 474.01
45.69 480.15
114.86 495.70
132.45 491.61
66.15 424.90
42.01 413.85
195.89 333.22
247.87 198.57
96.03 201.84
59.60 208.80
145.14 399.93
487.29 44.46
482.38 9.26
485.66 78.02
461.51 83.34
444.32 70.65
410.35 49.37
425.49 16.63
447.19 11.31
368.60 18.67
410.76 8.85
393.16 13.35
361.24 43.33
360.01 68.50
386.61 63.39
406.46 29.42
386.00 85.90
320.72 75.87
308.65 64.20
333.00 52.54
339.55 30.85
318.06 27.98
295.14 22.87
336.48 8.95
287.57 58.47
259.53 73.62
242.34 92.65
419.76 78.73
412.81 85.38
338.32 142.68
324.81 159.46
296.98 176.65
322.77 99.71
300.26 109.94
291.66 125.49
276.11 121.81
230.48 128.66
214.10 136.44
253.80 145.44
244.60 149.95
205.10 108.20
181.57 130.51
192.41 104.31
177.27 104.72
150.87 122.32
131.84 137.46
127.95 161.82
163.15 178.60
200.80 172.46
216.97 158.34
292.68 163.86
327.68 190.06
349.16 186.78
127.54 108.20
143.50 94.49
161.51 87.12
119.56 53.77
91.53 59.29
140.03 71.16
124.06 85.28
64.11 43.74
74.75 29.83
135.52 0.56
140.03 30.03
153.12 49.27
115.26 13.04
12.33 7.52
30.34 33.92
44.05 23.28
41.60 60.73
18.88 70.75
17.04 91.01
76.79 100.22
77.20 124.98
105.03 108.41
17.14 144.22
34.95 138.28
11.41 176.34
40.68 103.90
47.63 178.19
70.35 173.68
65.64 190.87
119.97 189.03
108.10 161.00
87.64 139.51
14.38 222.80
3.94 239.37
12.74 264.95
2.20 296.06
24.30 303.22
13.87 337.60
19.19 364.00
34.33 377.91
111.27 354.38
3.43 448.49
29.22 458.51
46.61 459.13
17.35 475.70
1.79 408.99
13.66 389.75
42.11 440.10
54.79 498.42
201.42 19.23
225.36 25.16
232.52 7.16
183.82 24.14
201.83 81.80
201.42 49.88
176.86 39.24
186.48 61.54
101.55 84.67
477.68 403.92
473.38 393.07
469.90 475.50
19.70 422.85
93.01 178.61
432.64 90.63
