475.96 375.35
483.33 400.31
412.53 447.38
440.77 405.64
459.59 401.95
422.76 378.21
446.09 364.30
435.86 344.65
412.94 351.20
417.44 326.24
446.09 309.87
421.12 306.18
468.19 285.72
451.00 264.44
475.56 256.66
494.79 284.08
499.70 237.02
489.06 200.18
470.23 212.05
451.82 220.24
428.90 221.05
439.13 203.45
484.56 174.40
453.86 175.62
428.08 176.44
416.62 157.62
405.98 173.99
452.64 489.85
475.96 473.89
473.51 459.98
444.45 459.98
435.45 468.98
496.43 452.61
493.15 440.74
377.53 495.17
397.59 480.85
369.35 470.21
357.89 481.26
369.76 428.87
358.71 436.24
391.04 408.41
398.82 403.09
392.27 375.26
362.39 382.21
366.89 358.89
383.67 344.15
398.82 332.28
405.77 316.32
382.04 317.96
366.07 331.06
362.39 309.77
392.68 293.40
258.85 408.82
279.72 402.27
323.10 415.78
307.96 417.41
309.19 434.60
285.45 462.84
267.85 461.20
272.76 482.49
292.41 497.63
320.24 498.86
218.74 482.90
200.32 479.21
222.01 448.11
222.42 417.82
353.80 405.95
367.71 412.09
317.37 383.85
292.81 376.08
271.12 369.53
290.77 358.07
322.69 358.48
313.28 339.65
285.86 337.19
345.20 349.88
402.91 269.66
319.01 282.76
361.57 268.44
270.71 295.45
286.68 300.36
278.90 279.49
247.79 275.80
264.98 258.61
290.77 259.02
245.75 327.37
258.44 315.50
245.75 351.52
225.28 348.25
234.29 381.40
228.97 393.27
190.91 395.31
174.54 401.04
156.12 387.54
177.81 376.49
157.75 352.75
185.59 345.38
182.72 328.60
134.84 341.70
142.61 320.41
102.09 349.47
102.91 325.33
113.55 293.40
110.69 276.62
169.21 298.31
194.18 299.54
214.23 274.17
207.69 367.48
206.05 341.70
130.33 376.08
105.37 389.58
123.38 427.64
119.28 446.88
153.66 459.98
170.03 437.88
147.93 428.05
131.15 482.90
107.01 471.85
260.89 391.22
312.87 256.57
161.03 259.84
124.60 266.80
210.14 457.93
475.35 107.37
490.49 74.63
460.21 19.78
435.24 12.42
462.66 43.11
433.60 76.67
475.76 66.85
458.16 71.35
426.24 101.33
425.01 126.50
451.61 121.39
471.46 87.42
451.00 143.90
385.72 133.87
373.65 122.20
398.00 110.54
404.55 88.85
383.06 85.98
360.14 80.87
377.94 49.56
358.50 51.40
412.12 56.31
401.48 66.95
424.40 39.12
436.47 52.83
397.59 36.46
352.57 116.47
324.53 131.62
307.34 150.65
484.76 136.73
477.81 143.38
403.32 200.68
389.81 217.46
361.98 234.65
387.77 157.71
365.26 167.94
356.66 183.49
341.11 179.81
295.48 186.66
279.10 194.44
318.80 203.44
309.60 207.95
270.10 166.20
246.57 188.51
257.41 162.31
242.27 162.72
215.87 180.32
196.84 195.46
192.95 219.82
228.15 236.60
265.80 230.46
281.97 216.34
357.68 221.86
392.68 248.06
414.16 244.78
192.54 166.20
208.50 152.49
226.51 145.12
184.56 111.77
156.53 117.29
205.03 129.16
189.06 143.28
129.11 101.74
139.75 87.83
163.48 51.81
200.52 58.56
205.03 88.03
218.12 107.27
180.26 71.04
217.51 48.33
77.33 65.52
64.85 80.05
95.34 91.92
109.05 81.28
106.60 118.73
83.88 128.75
82.04 149.01
72.01 24.18
57.89 136.32
56.05 159.86
39.48 158.42
21.06 143.08
17.37 119.54
2.85 118.52
11.64 159.45
0.80 182.16
46.02 178.68
33.54 80.87
22.49 93.55
141.79 158.22
142.20 182.98
170.03 166.41
19.52 195.67
23.41 181.75
46.74 204.47
82.14 202.22
99.95 196.28
76.41 234.34
51.04 225.34
21.77 224.73
41.01 246.83
105.68 161.90
112.63 236.19
135.35 231.68
130.64 248.87
184.97 247.03
173.10 219.00
152.64 197.51
16.15 260.74
79.38 280.80
68.94 297.37
77.74 322.95
10.52 393.76
15.84 367.97
42.03 363.47
21.98 339.12
0.70 340.55
67.20 354.06
89.30 361.22
78.87 395.60
84.19 422.00
99.33 435.91
9.50 424.45
2.33 438.16
52.47 420.97
43.67 389.46
35.08 408.90
176.27 412.38
41.83 496.66
15.02 495.84
34.05 468.01
66.79 466.99
78.66 447.75
57.59 454.71
107.11 498.10
324.33 45.10
335.58 30.57
370.37 14.61
391.25 9.09
239.00 7.24
289.34 0.08
293.43 20.14
315.53 12.77
225.90 28.12
209.12 33.44
183.13 43.67
182.72 29.55
251.27 56.97
255.57 43.26
286.47 44.90
272.97 57.18
266.42 77.23
290.36 83.16
305.71 46.94
297.52 65.16
248.82 82.14
158.37 33.64
266.83 139.80
266.42 107.88
241.86 97.24
251.48 119.54
166.55 142.67
37.53 37.48
5.81 36.26
16.86 2.49
83.57 19.07
93.81 18.04
414.78 6.84
84.70 480.85
1.62 283.17
158.01 236.61
497.64 148.63
271.56 37.13
