29.47 471.38
1.23 429.64
19.24 402.21
6.14 368.65
29.06 375.20
24.56 350.24
20.88 330.18
13.10 245.05
2.87 227.45
13.92 200.44
25.38 181.62
36.02 197.99
6.55 492.98
72.65 494.21
72.24 452.87
83.29 460.24
50.96 432.41
43.18 427.09
49.73 399.26
79.61 406.21
75.11 382.89
58.33 368.15
43.18 356.28
36.23 340.32
59.96 341.96
75.93 355.06
79.61 333.77
49.32 317.40
183.15 432.82
162.28 426.27
118.90 439.78
134.04 441.41
132.81 458.60
156.55 486.84
174.15 485.20
219.99 472.11
219.58 441.82
88.20 429.95
74.29 436.09
124.63 407.85
149.19 400.08
170.88 393.53
151.23 382.07
119.31 382.48
128.72 363.65
156.14 361.19
96.80 373.88
39.09 293.66
122.99 306.76
80.43 292.44
171.29 319.45
155.32 324.36
163.10 303.49
194.21 299.80
177.02 282.61
151.23 283.02
196.25 351.37
183.56 339.50
196.25 375.52
216.72 372.25
207.71 405.40
213.03 417.27
251.09 419.31
267.46 425.04
285.88 411.54
264.19 400.49
284.25 376.75
256.41 369.38
259.28 352.60
307.16 365.70
299.39 344.41
339.91 373.47
339.09 349.33
328.45 317.40
331.31 300.62
272.79 322.31
247.82 323.54
227.77 298.17
234.31 391.48
235.95 365.70
311.67 400.08
336.63 413.58
318.62 451.64
322.72 470.88
288.34 483.98
271.97 461.88
294.07 452.05
334.99 495.85
181.11 415.22
129.13 280.57
280.97 283.84
317.40 290.80
231.86 481.93
1.03 5.31
22.31 6.95
35.82 9.40
6.76 36.42
8.40 100.67
15.76 125.33
16.99 150.50
56.28 157.87
68.35 146.20
44.00 134.54
37.45 112.85
58.94 109.98
81.86 104.87
64.06 73.56
83.50 75.40
29.88 80.31
40.52 90.95
17.60 63.12
5.53 76.83
44.41 60.46
89.43 140.47
117.47 155.62
134.66 174.65
38.68 224.68
52.19 241.46
80.02 258.65
54.23 181.71
76.74 191.94
85.34 207.49
100.89 203.81
146.52 210.66
162.90 218.44
123.20 227.44
132.40 231.95
171.90 190.20
195.43 212.51
184.59 186.31
199.73 186.72
226.13 204.32
245.16 219.46
249.05 243.82
213.85 260.60
176.20 254.46
160.03 240.34
84.32 245.86
49.32 272.06
27.84 268.78
249.46 190.20
233.50 176.49
215.49 169.12
257.44 135.77
285.47 141.29
236.97 153.16
252.94 167.28
312.89 125.74
302.25 111.83
278.52 75.81
241.48 82.56
236.97 112.03
223.88 131.27
261.74 95.04
224.49 72.33
364.67 89.52
377.15 104.05
346.66 115.92
332.95 105.28
335.40 142.73
358.12 152.75
359.96 173.01
369.99 48.18
384.11 160.32
385.95 183.86
402.52 182.42
420.94 167.08
424.63 143.54
439.15 142.52
447.75 161.55
430.36 183.45
464.32 171.37
460.23 184.68
441.20 206.16
395.98 202.68
408.46 104.87
419.51 117.55
451.64 104.25
448.77 94.43
454.91 75.20
469.85 78.67
300.21 182.22
299.80 206.98
271.97 190.41
422.48 219.67
418.59 205.75
395.26 228.47
359.86 226.22
342.05 220.28
365.59 258.34
390.96 249.34
420.23 248.73
400.99 270.83
450.10 260.19
450.51 223.76
464.63 236.65
484.89 253.84
485.30 239.93
488.57 217.62
474.45 203.50
472.61 159.10
336.32 185.90
329.37 260.19
306.65 255.68
311.36 272.87
257.03 271.03
268.90 243.00
289.36 221.51
425.85 284.74
362.62 304.80
373.06 321.37
364.26 346.95
431.48 417.76
426.16 391.97
399.97 387.47
420.02 363.12
449.08 344.50
441.30 364.55
374.80 378.06
352.70 385.22
363.13 419.60
357.81 446.00
342.67 459.91
466.06 319.74
492.05 384.61
471.59 366.80
464.43 384.40
444.37 383.79
471.59 404.86
476.30 419.39
496.56 414.48
463.61 440.47
432.50 448.45
439.67 462.16
389.53 444.97
398.33 413.46
406.92 432.90
265.73 436.38
407.95 492.01
442.94 481.99
488.78 489.56
469.54 466.84
497.17 465.00
375.21 490.99
363.34 471.75
384.41 478.71
117.67 69.10
106.42 54.57
94.55 17.33
65.49 10.78
71.63 38.61
50.75 33.09
131.59 11.80
186.02 3.82
203.00 31.24
216.92 22.65
152.66 24.08
148.57 44.14
126.47 36.77
216.10 52.12
232.88 57.44
258.87 67.67
259.28 53.55
190.73 80.97
186.43 67.26
155.53 68.90
169.03 81.18
175.58 101.23
151.64 107.16
136.29 70.94
144.48 89.16
193.18 106.14
263.99 1.98
274.22 14.46
288.75 23.47
283.63 57.64
175.17 163.80
175.58 131.88
200.14 121.24
190.52 143.54
275.45 166.67
404.47 61.48
436.19 60.26
400.58 7.46
425.14 26.49
358.43 43.07
326.71 20.97
348.19 42.04
460.74 9.71
481.21 16.06
444.37 26.08
466.47 40.41
491.44 43.68
473.84 60.46
488.78 69.67
483.66 102.82
490.42 122.88
488.57 303.48
467.70 279.53
27.22 30.84
440.38 307.17
283.99 260.61
170.44 61.13
