7.25 3.07
30.17 10.84
49.41 33.35
43.27 50.95
79.69 32.95
101.79 37.45
110.39 56.27
78.06 55.86
53.50 79.19
30.17 89.02
17.89 80.01
13.39 102.52
51.86 104.16
29.35 129.94
53.91 152.86
67.01 146.31
29.76 175.78
46.13 186.83
71.51 176.19
91.97 165.96
105.89 152.45
92.79 112.34
125.12 113.98
116.53 116.85
108.75 86.97
158.68 150.82
160.32 161.87
148.45 187.24
135.76 195.84
110.39 177.01
103.02 191.74
63.32 203.61
41.22 207.30
13.80 213.02
17.08 191.33
6.43 251.91
40.40 224.89
60.05 231.44
73.56 244.13
98.11 227.76
109.98 247.81
137.40 224.08
167.28 215.48
155.82 208.52
92.38 85.33
151.32 69.72
132.90 67.47
164.82 47.42
187.13 36.57
196.13 56.83
184.26 73.00
230.10 81.59
220.69 82.82
210.87 109.42
173.83 105.74
163.80 96.74
250.77 102.26
138.83 14.88
114.48 15.29
203.29 12.63
241.56 20.61
226.21 57.04
17.48 280.46
39.59 280.05
57.59 261.64
96.07 272.69
122.26 278.83
136.99 266.96
159.50 249.77
188.97 253.86
170.55 282.10
146.41 288.65
139.45 315.66
168.92 318.53
123.90 334.08
94.84 314.84
68.64 305.02
43.27 312.80
33.45 329.98
60.87 338.58
85.83 341.04
97.29 347.17
73.56 354.54
33.86 367.64
8.48 356.59
26.90 415.11
12.16 411.84
41.63 389.33
71.51 409.79
49.41 423.71
62.50 442.13
89.11 424.53
46.95 456.86
12.16 459.31
22.81 472.00
48.59 481.01
78.47 469.14
109.98 464.23
125.12 445.81
77.65 496.15
99.75 405.70
119.39 390.15
94.84 383.19
86.65 372.96
62.50 378.69
133.31 356.18
186.92 328.76
203.70 299.29
222.53 316.89
237.26 371.32
239.72 401.20
241.36 422.07
267.96 422.48
261.41 452.36
287.20 454.81
311.34 417.16
305.61 433.94
295.38 390.15
330.99 428.21
344.90 391.38
322.80 366.82
305.61 364.36
292.11 350.86
263.46 357.41
288.83 318.93
297.84 316.07
252.82 310.34
245.04 304.20
242.18 265.32
253.23 257.95
274.10 275.14
290.88 254.27
303.98 275.96
321.98 263.68
341.22 254.27
325.67 231.35
297.43 236.67
364.55 264.09
347.36 278.42
378.46 278.42
385.83 298.47
363.32 298.47
330.58 289.47
336.72 310.75
365.78 346.76
348.18 348.81
402.61 386.87
382.15 384.42
394.02 409.79
364.14 419.62
386.65 435.58
439.04 434.35
431.67 459.31
411.61 460.13
355.13 456.04
370.28 449.90
380.92 465.04
333.44 454.40
350.63 445.81
188.97 358.63
167.69 357.82
159.09 394.24
141.49 408.16
190.20 390.15
175.87 426.98
192.65 431.89
183.24 446.63
159.91 424.94
142.31 472.00
154.59 471.59
179.15 461.36
197.97 471.59
215.57 452.36
225.80 467.09
238.90 488.37
254.86 490.42
204.11 498.20
218.03 485.51
185.70 486.74
166.05 482.64
149.27 496.15
171.37 500.65
328.12 486.74
297.02 485.10
341.22 495.33
367.82 487.15
352.68 469.55
400.15 497.38
502.47 506.38
474.23 464.64
455.41 460.95
492.24 437.21
468.91 423.30
479.14 403.65
502.06 410.20
497.56 385.24
468.91 368.87
493.88 365.18
446.81 344.72
464.00 323.44
439.44 315.66
398.93 333.26
420.21 343.08
415.30 296.02
410.39 278.42
425.94 259.18
400.97 255.91
444.77 271.05
463.18 279.24
486.10 280.05
475.87 262.45
237.26 224.80
260.18 231.35
340.40 218.66
361.27 222.35
352.27 241.58
379.28 244.86
391.15 234.22
409.57 223.98
430.44 233.40
461.14 234.62
486.92 235.44
498.38 216.62
509.02 232.99
28.13 530.85
17.48 554.58
43.68 540.67
40.40 582.00
17.89 587.33
11.35 603.29
46.13 607.38
68.64 604.51
93.20 604.11
83.38 573.41
62.91 573.41
113.25 582.82
133.72 590.60
129.22 567.27
112.44 562.36
80.10 547.22
96.47 539.03
109.57 519.80
95.66 500.15
105.48 508.74
182.42 578.73
166.46 561.13
195.52 585.28
192.65 603.70
219.26 593.05
209.43 569.73
245.45 566.45
252.00 579.96
254.04 537.39
275.33 530.85
270.01 554.99
314.21 564.41
297.43 591.01
396.47 609.43
335.49 586.92
424.71 619.66
430.85 587.33
461.55 587.73
498.79 575.87
408.34 568.50
430.85 572.18
462.36 548.85
439.04 532.89
441.49 518.98
470.55 518.98
479.55 527.98
388.70 530.44
418.57 511.61
421.85 499.74
321.98 529.62
231.53 536.17
201.66 516.11
193.88 536.58
186.51 514.88
166.46 521.02
140.27 521.02
127.17 538.21
152.95 540.26
242.99 449.81
523.55 585.28
557.11 568.50
537.47 554.17
517.41 539.85
545.65 529.21
557.11 540.26
545.24 487.87
556.29 495.24
523.96 467.41
516.18 462.09
522.73 434.26
552.61 441.21
548.11 417.89
531.33 403.15
516.18 391.28
509.23 375.32
532.96 376.96
548.93 390.06
552.61 368.77
522.32 352.40
656.15 467.82
635.28 461.27
591.90 474.78
607.04 476.41
605.81 493.60
629.55 521.84
647.15 520.20
642.24 541.49
622.59 556.63
594.76 557.86
601.72 565.63
643.47 579.55
659.43 567.27
672.53 586.51
643.47 611.47
696.26 541.90
714.68 538.21
703.22 568.91
721.23 564.41
692.99 507.11
692.58 476.82
561.20 464.95
547.29 471.09
597.63 442.85
622.19 435.08
643.88 428.53
624.23 417.07
592.31 417.48
601.72 398.65
629.14 396.19
569.80 408.88
512.09 328.66
595.99 341.76
553.43 327.44
644.29 354.45
628.32 359.36
636.10 338.49
667.21 334.80
650.02 317.61
624.23 318.02
669.25 386.37
656.56 374.50
669.25 410.52
689.72 407.25
680.71 440.40
686.03 452.27
724.09 454.31
740.46 460.04
758.88 446.54
737.19 435.49
757.25 411.75
729.41 404.38
732.28 387.60
780.16 400.70
772.39 379.41
812.91 408.47
812.09 384.33
801.45 352.40
804.31 335.62
745.79 357.31
720.82 358.54
700.77 333.17
707.31 426.48
708.95 400.70
784.67 435.08
809.63 448.58
791.62 486.64
795.72 505.88
761.34 518.98
744.97 496.88
767.07 487.05
771.16 566.86
742.51 567.68
755.20 595.10
777.71 591.01
804.31 597.15
735.14 612.70
717.55 608.61
783.85 541.90
807.99 530.85
654.11 450.22
602.13 315.57
753.97 318.84
790.40 325.80
704.86 516.93
187.95 172.92
206.36 159.82
224.37 174.55
246.88 148.77
304.59 156.55
270.62 117.26
287.81 108.66
268.98 79.19
256.70 75.51
286.58 186.83
304.59 185.60
332.83 147.54
317.69 131.99
362.71 161.46
367.62 126.26
340.20 99.66
326.28 83.29
311.96 82.88
329.15 45.22
283.72 49.73
378.67 42.36
359.02 27.22
378.26 19.44
401.59 41.13
413.05 21.89
428.19 18.21
427.37 48.91
455.61 34.58
474.03 40.31
495.31 41.95
508.82 44.40
252.20 189.70
209.64 195.43
237.06 205.66
210.87 262.96
364.34 195.02
339.38 198.70
388.49 200.34
405.68 187.65
439.65 166.37
424.51 133.63
402.81 128.31
413.87 95.97
405.68 73.87
377.44 86.97
359.43 80.01
454.79 78.78
455.61 57.50
479.76 71.42
452.34 102.11
481.40 135.67
439.24 125.85
456.84 130.35
488.76 160.33
489.99 185.50
463.39 180.39
443.54 146.42
464.00 202.90
529.28 192.87
541.35 181.20
517.00 169.54
510.45 147.85
531.94 144.98
554.86 139.87
537.06 108.56
556.50 110.40
502.88 115.31
513.52 125.95
490.60 98.12
478.53 111.83
517.41 95.46
562.43 175.47
590.47 190.62
607.66 209.65
430.24 195.73
437.19 202.38
511.68 259.68
525.19 276.46
553.02 293.65
527.23 216.71
549.74 226.94
558.34 242.49
573.89 238.81
619.52 245.66
635.90 253.44
596.20 262.44
605.40 266.95
644.90 225.20
668.43 247.51
657.59 221.31
672.73 221.72
699.13 239.32
718.16 254.46
722.05 278.82
686.85 295.60
649.20 289.46
633.03 275.34
557.32 280.86
522.32 307.06
500.84 303.78
722.46 225.20
706.50 211.49
688.49 204.12
730.44 170.77
758.47 176.29
709.97 188.16
725.94 202.28
785.89 160.74
775.25 146.83
751.52 110.81
714.48 117.56
709.97 147.03
696.88 166.27
734.74 130.04
697.49 107.33
837.67 124.52
850.15 139.05
819.66 150.92
805.95 140.28
808.40 177.73
831.12 187.75
832.96 208.01
842.99 83.18
857.11 195.32
858.95 218.86
875.52 217.42
893.94 202.08
897.63 178.54
912.15 177.52
920.75 196.55
903.36 218.45
937.32 206.37
933.23 219.68
914.20 241.16
868.98 237.68
881.46 139.87
892.51 152.55
924.64 139.25
921.77 129.43
927.91 110.20
942.85 113.67
773.21 217.22
772.80 241.98
744.97 225.41
895.48 254.67
891.59 240.75
868.26 263.47
832.86 261.22
815.05 255.28
838.59 293.34
863.96 284.34
893.23 283.73
873.99 305.83
923.10 295.19
923.51 258.76
937.63 271.65
957.89 288.84
958.30 274.93
961.57 252.62
979.99 264.29
1004.34 262.65
1013.14 277.38
978.97 234.61
947.45 238.50
977.74 199.62
979.17 188.98
945.61 194.10
809.32 220.90
802.37 295.19
779.65 290.68
784.36 307.87
1010.07 230.11
730.03 306.03
741.90 278.00
762.36 256.51
898.85 319.74
835.62 339.80
846.06 356.37
837.26 381.95
904.48 452.76
899.16 426.97
872.97 422.47
893.02 398.12
922.08 379.50
914.30 399.55
847.80 413.06
825.70 420.22
836.13 454.60
830.81 481.00
815.67 494.91
939.06 354.74
979.38 371.93
1004.55 359.24
1018.46 380.72
965.05 419.61
944.59 401.80
937.43 419.40
917.37 418.79
944.59 439.86
949.30 454.39
969.56 449.48
936.61 475.47
905.50 483.45
912.67 497.16
862.53 479.97
871.33 448.46
879.92 467.90
975.69 475.06
1013.76 443.75
1014.58 465.44
1018.05 425.54
738.73 471.38
983.88 604.57
973.65 582.06
941.32 571.83
873.17 555.66
899.98 554.84
846.57 565.49
820.78 575.51
803.39 576.13
832.65 592.70
880.95 527.01
915.94 516.99
961.78 524.56
942.54 501.84
970.17 500.00
1007.82 481.58
848.21 525.99
836.34 506.75
857.41 513.71
807.89 557.10
795.21 615.42
871.13 577.35
890.57 581.86
590.67 104.10
579.42 89.57
567.55 52.33
538.49 45.78
544.63 73.61
523.75 68.09
530.10 22.04
569.39 5.47
598.86 12.83
592.31 31.66
604.59 46.80
621.57 27.16
648.58 16.72
659.02 38.82
676.00 66.24
689.92 57.65
625.66 59.08
621.57 79.14
599.47 71.77
689.10 87.12
705.88 92.44
731.87 102.67
732.28 88.55
663.73 115.97
659.43 102.26
628.53 103.90
642.03 116.18
648.58 136.23
624.64 142.16
609.29 105.94
617.48 124.16
666.18 141.14
695.85 8.74
707.52 9.56
714.89 23.88
736.99 36.98
754.58 21.43
747.22 49.46
761.75 58.47
756.63 92.64
648.17 198.80
648.58 166.88
673.14 156.24
663.52 178.54
748.45 201.67
877.47 96.48
909.19 95.26
873.58 42.46
898.14 61.49
831.43 78.07
799.71 55.97
821.19 77.04
933.74 44.71
954.21 51.06
917.37 61.08
939.47 75.41
964.44 78.68
976.92 65.38
946.84 95.46
961.78 104.67
956.66 137.82
963.42 157.88
986.74 147.23
1006.80 134.96
998.82 122.68
1002.09 163.20
985.93 90.75
1015.60 103.03
1004.34 70.50
993.50 58.63
1017.24 46.76
991.66 21.43
831.63 19.79
791.32 24.29
867.44 8.54
961.57 338.48
996.57 339.71
940.70 314.53
1021.12 323.74
1022.76 346.46
41.32 508.85
119.70 213.85
269.60 504.35
311.14 4.71
372.32 520.92
376.62 510.07
380.10 592.50
346.74 538.06
441.70 6.08
482.42 4.65
498.99 17.75
484.46 23.07
500.22 65.84
830.30 539.85
913.38 342.17
976.41 320.98
720.41 7.16
851.17 13.30
756.99 295.61
417.36 207.63
978.98 128.86
643.44 96.13
3.06 27.59
229.14 514.53
251.64 518.62
319.16 202.52
