1018.35 490.81
1017.32 390.56
982.54 380.33
972.31 317.93
977.43 298.49
1001.98 308.72
947.76 322.02
943.67 413.06
934.46 368.05
891.50 382.37
882.29 372.14
833.19 396.69
817.84 350.66
763.63 360.89
783.06 384.42
733.96 356.80
707.36 413.06
685.88 434.54
783.06 430.45
928.33 537.87
674.63 354.75
660.31 317.93
625.52 303.60
616.32 310.76
629.62 332.25
593.81 312.81
583.58 300.53
564.15 301.56
539.59 307.70
541.64 294.40
524.25 286.21
490.49 273.94
483.33 286.21
483.33 306.67
549.82 355.78
525.27 336.34
582.56 453.98
1001.72 290.82
977.17 271.38
967.97 262.17
1010.93 274.96
1023.21 241.71
1015.53 232.51
1020.65 227.90
1022.06 159.36
1018.73 158.85
1015.41 157.83
1011.83 156.29
1015.66 162.43
1018.73 164.48
1021.54 168.57
1022.06 172.41
1015.41 172.41
1019.50 182.64
1015.66 178.80
1014.38 185.45
1011.57 185.45
1015.66 191.84
1019.75 195.17
1002.36 189.80
1006.46 188.77
1004.66 177.52
1007.99 175.48
1010.55 172.15
1009.01 166.52
1009.01 161.15
1012.08 163.46
1013.62 165.25
1011.57 196.96
1009.01 203.10
1013.87 210.00
1007.48 220.23
1008.50 226.62
1013.10 223.56
1008.76 236.85
1010.80 242.74
1021.80 251.18
1010.55 251.43
1002.36 261.15
998.53 251.69
993.16 246.83
994.69 231.48
990.09 227.14
990.34 219.46
987.02 215.63
990.09 208.21
1002.87 211.54
999.55 217.93
999.29 204.89
1000.06 196.96
1006.20 195.68
993.92 192.35
996.74 186.73
1001.85 183.40
999.29 177.01
993.92 180.59
1001.60 174.20
997.25 173.69
993.92 172.92
994.18 168.57
996.99 163.71
1001.08 167.04
1005.43 166.52
991.88 163.20
986.76 160.64
981.65 170.11
981.39 179.06
983.95 188.26
986.00 194.66
991.11 186.22
986.25 179.57
986.00 174.20
990.09 174.45
985.23 165.25
980.11 163.20
981.65 158.09
987.02 154.50
996.23 154.76
1000.83 155.02
1004.41 154.76
973.72 251.43
981.90 248.87
975.25 239.16
973.98 231.74
979.35 214.09
978.83 205.14
980.37 196.45
985.23 202.58
990.09 201.31
978.07 187.75
972.95 180.85
975.51 174.71
971.93 172.41
975.25 168.57
971.42 167.29
972.19 163.20
975.25 158.85
974.23 155.02
967.84 158.34
963.49 160.64
963.23 155.02
958.38 156.81
958.89 160.13
960.42 169.34
956.84 165.25
966.56 164.73
964.77 170.62
966.81 175.48
962.47 182.64
964.51 187.75
966.56 178.29
952.24 174.45
953.77 169.34
957.35 179.57
959.14 186.73
954.28 182.64
950.70 183.40
948.91 186.73
949.94 192.10
956.07 189.80
954.54 194.15
959.91 195.17
966.56 193.89
968.60 197.21
967.58 203.10
969.63 208.47
964.00 207.44
965.79 216.14
960.42 222.79
960.17 233.27
964.26 244.02
952.24 239.92
949.94 229.69
946.61 221.51
952.24 217.42
948.91 211.54
956.33 207.70
953.77 200.28
947.63 200.79
948.91 264.47
958.89 254.25
949.42 254.50
941.24 262.43
937.66 257.31
920.78 265.50
924.36 256.29
923.08 248.11
936.13 239.92
933.57 232.76
934.85 223.56
934.85 211.28
940.73 208.21
937.15 200.03
940.22 193.89
944.05 182.13
936.89 181.87
940.98 179.31
943.03 174.45
951.21 165.50
950.96 160.39
950.45 156.04
946.10 153.23
943.03 158.85
939.45 162.43
938.68 167.29
946.10 170.36
946.10 166.27
935.87 152.71
940.22 152.97
936.89 157.06
938.17 160.13
935.36 161.15
931.52 158.34
932.03 151.95
928.71 154.25
923.08 152.97
927.17 159.62
924.62 162.18
924.62 158.09
927.94 162.69
932.54 169.08
928.71 171.90
935.87 175.48
932.80 178.80
931.78 175.22
925.13 180.59
927.43 177.27
931.52 186.73
928.96 193.89
918.48 200.03
922.06 203.10
925.38 210.26
929.73 206.42
924.36 218.44
911.06 214.09
904.16 209.23
906.46 203.61
912.09 205.40
914.39 200.54
910.30 194.40
906.71 184.94
912.60 185.45
922.57 186.98
915.67 184.43
917.46 179.31
917.20 172.92
923.59 171.90
922.57 166.52
927.17 166.01
919.50 163.20
917.46 166.27
913.88 166.27
913.36 162.43
913.11 158.09
913.11 156.04
915.92 153.23
916.94 156.55
910.55 171.90
904.41 168.31
905.44 162.18
909.53 162.18
909.27 158.85
905.18 158.09
904.67 156.81
899.81 152.97
907.99 153.99
897.25 189.80
898.53 204.37
895.97 216.14
902.62 221.00
910.04 222.79
916.43 235.83
919.76 225.86
925.64 233.02
902.37 246.83
905.69 264.99
914.39 257.31
886.51 255.78
886.77 247.08
891.63 233.27
886.51 221.00
878.07 227.39
874.49 241.97
871.68 230.72
864.26 226.62
870.40 220.49
878.33 218.95
887.79 210.00
878.84 205.14
879.09 199.52
886.77 198.49
894.44 185.45
895.72 179.31
903.13 179.82
909.27 180.59
911.57 181.61
904.16 172.92
901.34 176.50
898.28 173.43
897.00 168.31
899.81 167.04
901.09 163.71
900.07 158.34
895.97 162.18
893.42 165.25
892.65 172.66
886.77 162.69
889.84 165.25
891.37 159.11
890.09 156.55
892.14 155.02
892.90 151.95
888.30 151.95
884.47 151.18
880.88 150.92
880.12 154.25
884.72 154.25
882.42 157.06
882.16 162.18
884.72 171.90
884.98 177.52
880.12 175.99
881.91 181.36
886.26 180.59
880.88 192.35
890.60 200.28
888.30 185.45
875.00 189.80
869.38 181.36
874.49 169.85
878.84 169.85
883.70 166.52
879.61 167.29
875.00 164.73
877.56 161.15
874.75 159.11
877.30 155.02
873.98 155.02
869.76 268.06
861.58 245.55
847.25 244.02
856.21 232.76
856.21 224.07
858.51 215.88
872.32 207.70
858.51 207.44
849.56 208.72
848.79 217.42
842.14 225.60
840.60 218.95
843.16 207.96
836.77 210.26
837.28 199.52
843.16 195.68
845.21 202.84
854.67 200.54
856.46 195.42
863.62 190.05
868.99 189.29
867.97 197.98
873.34 197.73
852.37 184.43
861.58 182.13
865.67 178.03
863.88 174.96
868.74 168.57
863.62 162.69
856.59 168.70
857.87 160.00
862.09 152.33
865.28 148.75
868.86 151.31
869.76 154.63
854.54 154.25
858.00 149.52
850.32 151.31
846.87 155.02
841.88 161.79
843.67 165.89
842.40 170.11
843.93 177.39
851.35 175.35
858.51 174.45
854.03 169.08
854.42 160.13
849.94 157.70
843.80 150.16
840.86 149.90
836.26 150.41
831.91 151.69
832.42 156.29
836.51 157.96
839.07 156.42
842.52 158.34
838.18 159.88
836.90 167.93
829.48 164.35
827.82 158.72
831.91 160.77
825.26 161.28
827.82 153.48
825.00 155.53
823.60 151.18
822.32 157.45
821.42 161.03
822.70 166.27
821.17 168.95
820.40 171.51
827.31 170.11
831.78 175.86
830.25 178.67
837.41 180.46
822.57 175.86
824.75 184.81
834.34 188.77
843.55 185.96
847.25 181.74
858.00 156.81
861.83 156.04
868.99 160.64
871.55 168.06
870.27 172.41
833.44 170.36
838.05 172.41
835.49 152.46
835.75 155.27
827.82 151.18
817.84 158.09
818.10 161.15
814.77 157.83
814.26 160.64
811.71 161.92
810.68 159.11
811.96 154.25
811.45 149.90
817.08 150.16
819.12 150.92
819.12 154.25
818.36 177.01
816.05 168.31
812.98 175.22
810.94 169.34
810.94 172.41
807.61 165.76
804.80 166.78
807.36 162.43
807.61 157.06
807.10 154.50
803.27 154.76
805.82 150.92
808.64 146.83
801.22 150.92
797.64 155.53
805.82 160.13
803.01 159.11
800.96 167.29
799.69 169.34
803.27 174.45
806.85 178.80
804.80 186.98
811.96 183.40
818.10 183.92
823.98 197.73
814.52 193.89
819.12 189.03
828.33 209.23
825.77 217.42
825.26 228.16
814.52 229.95
809.15 217.42
807.87 212.05
804.54 208.72
813.50 204.12
798.41 202.07
791.76 202.07
796.36 191.84
801.73 195.68
796.87 210.77
797.38 222.53
785.36 224.32
801.99 234.81
831.91 236.85
783.06 215.88
783.83 207.19
772.58 213.84
758.26 214.09
759.53 202.58
773.60 199.52
778.71 195.42
766.44 196.19
766.44 190.31
759.28 191.84
752.12 192.87
747.51 186.47
748.28 199.00
745.21 207.96
745.21 214.60
728.59 213.07
720.41 212.81
728.08 206.42
733.70 199.26
731.15 193.89
737.03 188.77
741.38 195.94
797.13 184.43
801.22 182.64
794.57 177.01
797.64 177.01
795.59 172.92
798.15 165.50
794.57 166.01
788.69 173.69
779.48 182.13
775.90 180.85
775.39 175.99
779.23 173.69
783.83 173.94
787.15 169.85
787.15 165.50
780.76 165.76
783.32 160.64
792.01 161.41
793.55 158.60
790.22 155.27
797.13 162.43
800.96 161.41
794.06 153.48
794.83 150.41
796.36 148.37
790.73 149.39
785.88 146.32
786.64 150.16
784.60 156.55
781.53 156.55
781.53 150.92
776.67 155.78
774.62 154.25
773.60 157.57
770.79 154.76
772.07 150.41
773.34 144.28
776.92 149.90
777.69 167.55
775.90 164.48
776.16 161.67
770.28 168.31
773.60 168.06
765.93 167.80
764.39 160.13
765.16 162.43
768.74 159.62
768.74 152.20
765.42 154.50
761.32 153.48
761.84 151.18
758.00 146.58
762.35 146.58
756.47 151.44
753.91 149.39
754.42 146.32
751.09 145.55
750.84 152.46
754.42 154.50
752.37 157.83
749.05 156.55
757.23 155.78
756.21 158.60
759.28 164.22
761.58 167.80
760.81 158.34
754.16 160.90
756.47 165.76
756.98 173.69
761.84 175.22
765.42 175.73
767.21 178.03
771.30 175.48
770.28 184.43
762.60 181.61
746.49 175.99
752.63 172.15
749.30 169.85
747.77 162.18
750.33 164.22
741.89 168.83
738.82 163.71
738.56 160.39
744.19 159.88
746.49 152.97
745.47 149.13
738.82 148.37
741.89 152.71
738.82 155.78
738.82 153.23
736.26 148.37
727.57 143.76
725.52 149.65
728.08 152.71
731.91 150.92
731.66 158.60
735.24 160.13
733.70 156.55
731.91 165.76
731.66 169.08
737.80 168.31
738.05 173.43
743.93 172.92
736.52 179.57
728.59 188.01
725.01 190.31
717.85 202.58
716.31 195.94
703.78 209.23
700.97 204.63
710.18 198.49
706.85 192.87
710.69 185.96
718.10 179.06
727.05 179.57
724.24 172.66
727.31 166.78
728.33 172.92
725.01 169.85
727.57 169.08
716.31 168.31
721.43 166.78
725.26 162.43
721.43 161.67
717.34 160.13
717.08 155.27
724.24 154.50
720.66 156.55
720.66 150.92
718.87 148.62
723.47 146.83
713.24 147.34
709.15 145.55
705.57 146.32
708.90 149.13
712.48 156.55
709.15 153.74
705.57 186.47
705.44 177.65
713.12 175.09
708.26 171.51
702.89 169.85
702.89 163.20
702.89 158.47
709.02 160.77
702.76 153.23
703.91 151.18
697.13 153.74
694.06 154.38
697.00 162.43
696.37 167.29
691.76 175.60
695.34 173.05
691.51 183.53
696.37 188.01
689.72 195.68
689.20 203.48
699.18 195.94
682.17 201.31
677.70 197.09
681.79 190.82
678.59 188.39
683.83 180.72
686.14 173.56
691.12 167.42
689.20 160.39
691.76 158.98
687.41 152.33
691.25 153.61
693.94 151.31
694.83 146.19
697.39 143.89
701.86 144.28
684.98 145.43
683.83 141.97
681.53 143.38
682.04 146.58
680.51 149.90
690.87 148.88
692.02 146.96
684.60 160.51
684.86 155.27
687.67 155.53
681.28 157.57
679.61 161.92
677.95 157.19
675.14 154.50
678.21 152.59
675.78 147.34
676.93 144.91
671.56 150.03
669.00 150.80
668.23 143.38
664.78 151.69
667.08 154.12
669.77 155.91
672.33 160.26
675.91 163.20
675.39 169.85
671.05 170.49
671.81 167.93
679.74 169.21
682.04 172.15
678.85 174.45
673.73 176.50
668.74 190.69
668.36 199.13
670.66 206.29
656.21 207.70
658.64 200.92
661.07 193.51
658.77 184.55
664.40 183.40
663.12 173.69
664.14 164.35
665.55 159.36
668.23 162.43
666.70 167.42
654.93 174.07
660.82 169.21
658.00 167.93
656.47 161.15
660.31 158.60
663.50 149.52
661.07 146.83
663.12 142.61
655.96 145.55
655.57 149.52
654.93 154.63
651.87 153.61
647.13 155.14
649.18 151.05
649.95 146.45
652.76 146.45
653.53 142.87
650.20 142.87
645.34 141.59
642.66 141.33
643.94 145.04
644.83 149.52
642.79 156.68
644.70 162.30
641.76 170.49
644.45 165.89
649.44 169.21
647.65 165.12
650.97 158.72
649.31 161.79
671.81 181.87
647.26 184.30
642.15 181.10
650.46 195.04
654.93 192.74
652.76 185.71
647.13 202.20
652.89 201.69
635.50 206.68
634.48 196.70
640.36 195.68
639.85 186.73
634.73 184.43
633.96 176.50
630.13 184.68
625.27 181.36
620.66 175.35
619.26 181.87
612.48 183.28
614.53 190.69
620.15 194.15
624.63 190.31
628.21 199.00
611.84 172.79
616.19 169.47
621.18 169.59
621.43 165.37
625.01 167.16
633.20 167.93
634.09 164.35
638.06 167.68
638.44 164.10
639.85 160.51
639.59 156.93
639.59 152.84
642.02 148.75
639.59 148.75
639.59 144.53
640.87 145.94
637.29 147.09
636.52 152.33
632.94 157.45
630.77 152.33
628.08 162.30
626.55 156.93
625.78 154.12
627.83 150.92
632.94 147.22
630.13 145.30
628.34 145.43
628.85 141.59
622.58 147.98
624.50 150.28
621.05 151.44
619.13 148.24
619.64 154.76
620.66 158.60
619.90 163.71
610.44 160.00
616.45 156.42
611.84 167.42
615.68 164.99
614.78 151.69
610.69 154.89
614.40 154.89
611.59 151.82
614.02 147.09
608.90 143.51
613.76 143.64
600.59 151.44
603.27 141.59
605.32 139.54
610.56 130.34
621.18 139.03
638.69 139.03
601.48 137.88
595.73 139.29
593.81 144.40
594.20 141.97
586.01 139.67
586.52 142.74
589.98 142.10
582.18 141.33
583.07 144.02
585.37 146.70
587.67 146.19
590.74 149.77
588.31 152.46
589.46 156.29
584.99 163.46
584.09 151.82
580.64 147.73
578.98 143.25
575.78 144.15
574.50 147.34
571.05 141.08
567.85 138.78
560.95 141.08
564.91 144.02
569.00 144.91
571.18 146.70
573.22 157.45
572.07 154.38
578.72 152.71
577.83 162.05
580.39 164.73
576.17 167.04
582.81 171.00
579.23 179.06
584.86 182.64
584.86 189.54
586.91 201.56
571.43 202.20
578.72 189.29
570.28 190.69
572.07 180.33
565.42 172.79
567.73 167.55
566.45 163.33
569.90 159.75
567.85 154.38
560.82 151.44
559.80 159.11
556.35 172.28
553.66 166.91
552.25 159.36
555.58 149.65
559.80 146.45
556.22 143.12
554.17 140.57
552.25 138.65
551.10 148.24
552.13 145.04
544.96 141.46
542.79 138.01
545.60 147.34
546.50 157.45
542.79 155.91
544.58 159.62
549.57 151.82
553.15 156.29
557.62 155.14
561.97 178.80
552.25 189.16
559.16 191.33
542.53 183.53
541.77 192.23
549.57 184.43
555.19 183.79
549.82 202.97
533.58 196.45
523.74 198.62
530.90 186.60
536.14 188.26
537.55 182.64
535.37 173.81
536.01 165.89
539.21 161.03
540.23 157.83
538.44 156.17
533.71 160.39
536.52 153.23
534.10 150.03
533.84 146.07
538.19 146.58
536.52 141.33
538.32 138.39
536.91 136.22
531.41 141.08
529.62 138.78
525.14 138.52
520.16 136.99
516.07 135.96
512.10 136.47
506.99 135.32
523.10 142.87
529.24 145.30
528.72 149.52
525.14 152.97
527.83 154.63
525.27 157.19
527.70 160.64
522.97 160.77
521.44 173.69
525.40 177.14
521.82 186.73
514.15 176.75
505.96 180.97
511.33 172.28
509.16 169.21
515.30 165.76
512.48 160.90
518.37 159.75
515.68 157.83
518.88 145.81
521.31 146.58
520.67 150.54
513.51 149.77
512.10 146.32
513.51 143.89
511.72 142.87
516.07 141.85
509.67 150.03
509.42 158.60
506.48 163.20
504.17 156.93
505.32 153.61
506.22 149.01
502.38 148.88
500.85 146.32
503.79 146.70
505.32 144.15
502.77 143.25
505.71 138.78
503.02 140.06
500.85 138.78
498.16 136.35
495.22 131.87
493.56 154.76
495.22 149.01
498.16 151.69
498.04 156.17
498.04 164.86
502.26 169.85
491.51 186.98
488.83 181.74
483.07 178.93
487.17 169.72
485.76 163.71
486.14 158.85
491.51 160.77
485.38 148.62
481.28 152.59
481.80 141.33
485.38 139.80
490.87 140.69
490.87 148.24
485.89 144.28
