2.04 322.80
28.64 379.06
50.12 400.54
61.37 320.75
75.69 283.93
110.48 269.60
119.68 276.76
106.38 298.25
142.19 278.81
152.42 266.53
171.85 267.56
196.41 273.70
194.36 260.40
211.75 252.21
245.51 239.94
252.67 252.21
252.67 272.67
284.38 239.94
301.77 272.67
186.18 321.78
210.73 302.34
153.44 419.98
270.06 383.15
333.49 404.64
340.65 308.48
313.03 317.68
341.67 244.03
310.98 251.19
358.04 230.73
380.54 244.03
363.15 294.16
373.38 282.90
401.00 278.81
425.55 276.76
442.94 239.94
413.28 257.33
433.74 250.17
410.21 384.18
465.45 347.35
394.86 524.32
278.24 510.00
514.55 389.29
501.25 294.16
471.59 298.25
472.61 252.21
498.18 255.28
7.41 179.07
15.59 178.81
7.92 172.42
2.30 165.26
4.85 159.89
8.43 109.76
10.48 115.65
7.92 118.71
4.09 116.92
4.34 124.60
0.76 126.13
2.30 122.55
4.09 131.76
4.34 135.08
7.41 154.01
10.99 156.31
18.15 168.58
19.69 161.94
32.22 175.23
35.03 170.63
25.82 164.49
29.15 158.87
25.31 151.96
17.90 145.06
8.95 145.57
11.76 138.66
8.69 132.78
7.67 138.92
10.99 135.85
8.43 135.08
19.69 134.31
14.57 132.78
10.74 128.43
14.57 127.67
18.66 126.13
18.92 121.27
11.76 120.50
15.34 122.55
15.34 116.92
17.13 114.62
12.53 112.83
22.76 113.34
26.85 111.55
30.43 112.32
27.10 115.13
23.52 122.55
26.85 119.74
30.43 152.47
30.56 143.65
22.88 141.09
27.74 137.51
33.11 135.85
33.11 129.20
33.11 124.47
26.98 126.77
33.24 119.23
32.09 117.18
38.87 119.74
41.94 120.38
39.00 128.43
39.63 133.29
44.24 141.60
40.66 139.05
44.49 149.53
39.63 154.01
46.28 161.68
46.80 169.48
36.82 161.94
53.83 167.31
58.30 163.09
54.21 156.82
57.41 154.39
52.17 146.72
49.86 139.56
44.88 133.42
46.80 126.39
44.24 124.98
48.59 118.33
44.75 119.61
42.06 117.31
41.17 112.19
38.61 109.89
34.14 110.28
51.02 111.43
52.17 107.97
54.47 109.38
53.96 112.58
55.49 115.90
45.13 114.88
43.98 112.96
51.40 126.51
51.14 121.27
48.33 121.53
54.72 123.57
56.39 127.92
58.05 123.19
60.86 120.50
57.79 118.59
60.22 113.34
59.07 110.91
64.44 116.03
67.00 116.80
67.77 109.38
71.22 117.69
68.92 120.12
66.23 121.91
63.67 126.26
60.09 129.20
60.61 135.85
64.95 136.49
64.19 133.93
56.26 135.21
53.96 138.15
57.15 140.45
62.27 142.50
67.26 156.69
67.64 165.13
65.34 172.29
79.79 173.70
77.36 166.92
74.93 159.51
77.23 150.55
71.60 149.40
72.88 139.69
71.86 130.35
70.45 125.36
67.77 128.43
69.30 133.42
81.07 140.07
75.18 135.21
78.00 133.93
79.53 127.15
75.69 124.60
72.50 115.52
74.93 112.83
72.88 108.61
80.04 111.55
80.43 115.52
81.07 120.63
84.13 119.61
88.87 121.14
86.82 117.05
86.05 112.45
83.24 112.45
82.47 108.87
85.80 108.87
90.66 107.59
93.34 107.33
92.06 111.04
91.17 115.52
93.21 122.68
91.30 128.30
94.24 136.49
91.55 131.89
86.56 135.21
88.35 131.12
85.03 124.72
86.69 127.79
64.19 147.87
88.74 150.30
93.85 147.10
85.54 161.04
81.07 158.74
83.24 151.71
88.87 168.20
83.11 167.69
100.50 172.68
101.52 162.70
95.64 161.68
96.15 152.73
101.27 150.43
102.04 142.50
105.87 150.68
110.73 147.36
115.34 141.35
116.74 147.87
123.52 149.28
121.47 156.69
115.85 160.15
111.37 156.31
107.79 165.00
124.16 138.79
119.81 135.47
114.82 135.59
114.57 131.37
110.99 133.16
102.80 133.93
101.91 130.35
97.94 133.68
97.56 130.10
96.15 126.51
96.41 122.93
96.41 118.84
93.98 114.75
96.41 114.75
96.41 110.53
95.13 111.94
98.71 113.09
99.48 118.33
103.06 123.45
105.23 118.33
107.92 128.30
109.45 122.93
110.22 120.12
108.17 116.92
103.06 113.22
105.87 111.30
107.66 111.43
107.15 107.59
113.42 113.98
111.50 116.28
114.95 117.44
116.87 114.24
116.36 120.76
115.34 124.60
116.10 129.71
125.56 126.00
119.55 122.42
124.16 133.42
120.32 130.99
121.22 117.69
125.31 120.89
121.60 120.89
124.41 117.82
121.98 113.09
127.10 109.51
122.24 109.64
135.41 117.44
132.73 107.59
130.68 105.54
125.44 96.34
114.82 105.03
97.31 105.03
134.52 103.88
140.27 105.29
142.19 110.40
141.80 107.97
149.99 105.67
149.48 108.74
146.02 108.10
153.82 107.33
152.93 110.02
150.63 112.70
148.33 112.19
145.26 115.77
147.69 118.46
146.54 122.29
151.01 129.46
151.91 117.82
155.36 113.73
157.02 109.25
160.22 110.15
161.50 113.34
164.95 107.08
168.15 104.78
175.05 107.08
171.09 110.02
167.00 110.91
164.82 112.70
162.78 123.45
163.93 120.38
157.28 118.71
158.17 128.05
155.61 130.73
159.83 133.04
153.19 137.00
156.77 145.06
151.14 148.64
151.14 155.54
149.09 167.56
164.57 168.20
157.28 155.29
165.72 156.69
163.93 146.33
170.58 138.79
168.27 133.55
169.55 129.33
166.10 125.75
168.15 120.38
175.18 117.44
176.20 125.11
179.65 138.28
182.34 132.91
183.75 125.36
180.42 115.65
176.20 112.45
179.78 109.12
181.83 106.57
183.75 104.65
184.90 114.24
183.87 111.04
191.04 107.46
193.21 104.01
190.40 113.34
189.50 123.45
193.21 121.91
191.42 125.62
186.43 117.82
182.85 122.29
178.38 121.14
174.03 144.80
183.75 155.16
176.84 157.33
193.47 149.53
194.23 158.23
186.43 150.43
180.81 149.79
186.18 168.97
202.42 162.45
212.26 164.62
205.10 152.60
199.86 154.26
198.45 148.64
200.63 139.81
199.99 131.89
196.79 127.03
195.77 123.83
197.56 122.17
202.29 126.39
199.48 119.23
201.90 116.03
202.16 112.07
197.81 112.58
199.48 107.33
197.68 104.39
199.09 102.22
204.59 107.08
206.38 104.78
210.86 104.52
215.84 102.99
219.93 101.96
223.90 102.47
229.01 101.32
212.90 108.87
206.76 111.30
207.28 115.52
210.86 118.97
208.17 120.63
210.73 123.19
208.30 126.64
213.03 126.77
214.56 139.69
210.60 143.14
214.18 152.73
221.85 142.75
230.04 146.97
224.67 138.28
226.84 135.21
220.70 131.76
223.52 126.90
217.63 125.75
220.32 123.83
217.12 111.81
214.69 112.58
215.33 116.54
222.49 115.77
223.90 112.32
222.49 109.89
224.28 108.87
219.93 107.85
226.33 116.03
226.58 124.60
229.52 129.20
231.83 122.93
230.68 119.61
229.78 115.01
233.62 114.88
235.15 112.32
232.21 112.70
230.68 110.15
233.23 109.25
230.29 104.78
232.98 106.06
235.15 104.78
237.84 102.35
240.78 97.87
242.44 120.76
240.78 115.01
237.84 117.69
237.96 122.17
237.96 130.86
233.74 135.85
244.49 152.98
247.17 147.74
252.93 144.93
248.83 135.72
250.24 129.71
249.86 124.85
244.49 126.77
250.62 114.62
254.72 118.59
257.02 112.83
254.20 107.33
250.62 105.80
245.13 106.69
245.13 114.24
258.94 120.38
261.49 117.44
265.97 123.57
263.03 127.79
257.53 130.35
256.38 137.00
264.05 148.25
261.49 153.88
256.25 153.62
265.97 119.35
270.96 123.83
275.30 117.82
274.41 111.17
271.34 112.96
271.59 108.61
284.77 99.15
288.35 99.92
271.08 105.67
267.12 103.75
267.50 110.02
263.41 111.04
259.83 107.85
262.39 105.80
260.98 111.94
257.66 107.21
250.11 110.28
274.41 159.76
279.52 132.01
275.30 126.64
288.22 134.44
283.74 137.90
296.15 142.12
298.06 139.30
296.91 132.91
301.26 130.61
306.25 150.04
303.95 141.09
313.54 153.37
310.60 164.62
316.35 164.88
302.41 170.12
295.25 162.57
321.21 177.79
332.72 172.68
335.79 164.62
330.54 158.87
331.57 151.71
319.55 150.94
318.01 145.44
324.15 141.35
321.98 134.57
331.95 138.92
338.34 134.44
346.40 134.70
342.31 156.44
341.80 149.28
358.04 152.22
355.86 142.37
354.71 134.70
343.20 129.20
335.79 125.49
345.12 124.21
337.32 120.50
342.18 117.82
354.20 121.27
347.55 118.97
349.21 112.70
358.42 113.73
338.34 114.24
337.83 107.21
344.10 107.08
334.51 101.96
331.95 102.86
329.39 103.88
332.21 110.79
331.82 106.57
340.39 101.84
336.81 99.79
345.63 97.74
342.82 101.07
346.40 101.96
348.32 107.33
355.22 107.46
357.91 108.74
354.71 113.22
354.20 126.90
351.39 125.24
360.59 132.27
364.81 134.70
362.51 123.06
358.80 124.98
361.36 114.88
366.09 112.58
364.17 110.02
367.24 108.10
360.34 97.74
353.82 102.35
366.60 98.77
371.85 101.58
375.43 99.02
381.44 104.14
386.42 102.60
396.14 94.42
390.39 99.92
397.04 100.68
391.41 110.79
395.63 109.64
379.77 111.94
376.19 111.94
374.92 117.69
373.13 112.58
370.31 114.37
370.44 118.71
371.34 126.51
370.18 131.50
376.71 130.22
382.59 126.51
388.98 118.71
388.98 113.86
382.46 115.52
384.89 107.59
385.27 109.76
390.26 107.33
392.82 106.82
398.83 110.66
401.90 111.17
400.23 106.06
401.26 103.11
397.68 125.11
400.23 118.20
394.74 114.75
396.91 133.80
402.79 129.97
390.39 130.48
394.10 140.32
387.19 141.35
392.05 149.79
398.96 147.87
381.18 145.95
369.93 149.53
374.92 159.38
385.40 157.33
372.36 140.71
393.58 123.06
389.49 126.64
389.75 122.29
349.60 129.97
395.89 158.35
413.28 164.49
404.58 151.19
383.36 96.72
466.73 192.50
487.95 191.99
513.66 193.52
501.13 181.50
498.31 167.05
481.82 171.53
467.50 178.69
448.57 176.77
441.03 184.82
435.27 162.32
442.69 160.78
431.95 154.52
427.09 146.72
431.69 144.80
441.15 147.49
454.45 146.46
460.21 150.55
465.19 154.14
463.15 168.07
465.58 162.19
475.30 164.36
482.07 162.70
483.10 150.17
475.81 148.00
491.79 148.00
517.62 150.68
525.55 170.50
510.33 169.48
420.18 136.87
424.02 131.25
412.25 130.99
406.63 128.56
404.97 123.32
411.61 126.77
416.73 126.77
413.92 119.87
421.46 121.14
417.75 116.54
420.44 114.49
413.66 113.60
407.40 114.49
405.73 117.69
402.66 108.87
405.60 110.66
407.78 110.53
406.24 107.33
407.40 105.42
409.31 106.44
407.40 102.35
405.48 95.19
410.59 101.84
414.56 95.06
416.35 98.13
415.83 108.36
412.13 108.23
414.94 102.22
419.93 102.47
419.54 106.82
423.00 105.29
423.38 101.32
424.02 112.58
429.01 116.54
429.39 121.14
425.30 118.59
437.45 119.74
436.17 128.69
436.29 138.66
445.50 129.46
446.65 124.47
443.46 124.21
443.84 120.25
441.66 110.02
441.54 106.82
438.34 104.78
437.57 111.43
431.44 104.27
429.13 94.16
436.55 100.43
430.54 98.13
451.00 98.51
450.10 94.16
450.36 102.09
449.47 105.80
439.87 101.71
429.01 111.81
427.60 104.14
451.64 123.45
449.08 118.59
444.22 114.62
453.81 116.80
448.57 111.43
452.15 111.55
459.44 114.37
458.67 108.10
460.59 100.81
463.28 107.72
464.04 121.53
460.08 119.99
462.64 129.20
465.45 130.73
465.96 124.72
468.90 123.06
470.18 120.89
464.94 116.92
467.50 112.19
462.89 111.94
470.82 113.22
469.03 108.87
472.10 108.23
469.67 99.15
474.02 96.59
476.19 99.79
473.51 104.27
476.06 109.12
479.52 104.65
483.35 104.27
481.05 96.59
478.75 97.23
480.15 101.71
485.40 96.72
483.99 113.22
478.75 113.86
476.19 115.52
477.47 124.60
474.66 121.14
477.47 129.71
477.72 135.85
486.04 130.10
485.40 138.28
469.03 142.63
456.75 136.87
452.15 133.29
446.52 139.56
453.94 127.67
541.53 173.96
535.40 157.33
542.04 150.68
505.22 133.55
499.59 135.08
507.77 142.75
512.12 134.83
520.56 130.22
528.75 129.46
534.63 133.55
539.49 139.94
542.04 145.31
542.56 132.01
488.85 123.96
485.01 118.84
490.38 118.84
489.36 114.88
490.90 111.30
494.22 114.75
493.84 108.10
487.06 108.10
488.98 106.06
490.90 103.11
494.99 100.94
498.18 104.52
501.38 100.94
503.55 103.11
501.38 106.57
504.96 106.82
504.07 112.32
504.45 118.08
501.38 118.97
498.44 122.04
493.84 120.89
494.09 127.92
505.86 120.50
510.20 120.63
510.46 113.22
511.61 108.48
512.12 99.15
504.07 98.38
515.19 91.22
522.35 96.85
519.41 99.92
518.52 106.57
517.37 112.07
517.75 117.31
520.69 123.83
515.83 124.60
524.40 120.38
530.66 119.35
522.99 108.61
526.57 105.80
525.04 100.30
531.05 104.14
534.63 103.88
535.52 112.96
540.25 108.61
540.77 113.73
541.02 119.74
540.25 127.03
542.56 97.87
537.95 98.38
529.00 97.36
528.36 90.71
