3.41 386.08
9.88 458.31
57.31 378.54
109.06 514.37
160.80 405.49
85.34 337.57
28.20 300.92
47.61 266.42
22.81 267.50
110.13 289.06
195.30 293.37
188.83 340.80
224.41 363.44
279.39 470.17
17.87 230.84
44.82 227.61
8.70 269.65
86.86 223.84
104.11 224.38
127.29 233.00
154.78 230.30
183.89 265.34
166.10 204.97
201.13 226.53
228.09 233.54
220.00 208.20
190.89 183.41
223.23 182.87
237.25 190.42
209.22 166.16
152.08 175.86
163.40 154.30
176.34 154.30
146.69 142.98
159.63 129.51
131.06 160.23
108.96 175.86
75.54 183.41
53.98 203.35
22.72 200.12
20.56 182.87
31.34 172.09
38.89 153.76
59.37 135.98
75.00 154.84
87.40 162.39
61.53 168.86
109.50 140.83
94.95 124.66
143.46 110.64
182.27 113.88
213.53 126.27
195.20 142.98
227.01 113.88
182.81 88.54
138.61 91.24
113.27 96.09
58.83 105.25
37.27 113.88
39.43 130.05
30.26 139.75
9.78 153.76
1.16 125.20
1.70 113.88
7.62 86.39
0.08 58.90
15.17 68.60
11.40 61.05
22.72 56.20
25.41 86.92
10.86 76.68
39.43 79.92
35.65 66.44
27.57 63.75
9.24 42.72
1.70 49.19
22.72 42.72
27.03 36.80
30.26 44.88
77.70 88.54
60.99 78.84
51.82 86.39
53.98 65.90
58.29 61.05
50.21 57.82
55.60 51.35
42.66 37.87
15.71 47.04
75.54 67.52
79.31 57.82
66.38 57.82
74.46 51.89
86.86 54.58
89.56 52.43
95.49 47.58
71.23 44.34
66.38 44.34
78.78 44.88
121.36 84.23
105.19 79.38
99.80 76.68
126.75 68.60
118.66 70.75
106.27 56.74
100.88 57.82
100.88 44.88
110.58 37.33
119.74 37.87
115.97 46.50
115.43 54.58
126.21 54.04
146.15 71.83
136.45 76.14
209.76 92.85
197.90 86.92
176.88 90.70
160.17 79.92
159.63 63.75
169.33 73.45
152.62 63.75
140.22 63.75
153.16 47.04
159.09 49.19
146.69 44.88
133.22 42.19
138.61 36.80
167.18 44.34
160.17 36.80
171.49 51.89
176.34 61.59
183.89 49.19
187.12 37.87
175.80 41.65
189.81 44.34
190.89 69.14
176.88 72.37
201.67 72.91
216.23 75.07
224.31 63.75
217.84 62.13
209.76 69.14
214.61 43.26
202.21 40.57
211.91 40.03
196.82 37.87
224.31 38.41
221.62 46.50
234.55 38.41
228.62 45.42
234.55 68.60
314.96 367.76
371.02 405.49
408.75 366.68
477.75 403.33
511.17 262.11
516.56 313.85
443.25 289.06
399.05 303.07
464.81 271.81
470.20 245.94
483.14 227.61
493.92 218.99
477.75 207.13
421.69 235.16
447.56 221.14
268.61 300.92
312.81 324.63
346.23 298.76
386.11 273.97
320.35 242.70
283.70 242.70
269.69 226.53
266.45 206.05
293.40 213.60
305.26 203.89
320.89 213.60
319.28 197.42
292.86 179.10
260.52 171.55
244.89 153.76
274.00 160.77
233.03 145.14
281.54 141.90
303.10 147.83
317.66 147.30
327.90 156.46
330.60 183.95
345.69 186.64
347.30 158.61
341.91 141.90
393.66 121.96
401.75 101.48
425.46 123.04
434.09 160.77
420.07 144.06
433.01 139.21
392.04 186.10
394.74 211.98
373.72 232.46
400.67 231.38
422.77 204.43
454.57 195.27
466.97 159.69
473.44 176.94
483.14 155.92
490.69 174.25
518.18 153.76
484.22 144.06
499.31 134.36
511.71 176.94
525.18 187.18
240.58 70.75
247.05 78.30
255.67 83.15
252.44 65.90
261.60 59.97
255.13 51.89
267.53 73.99
277.23 79.92
286.40 75.60
295.02 61.05
298.79 70.21
296.64 79.92
304.18 70.75
309.57 73.45
312.81 85.85
319.28 73.45
317.12 63.21
313.89 63.21
328.44 82.07
337.60 69.68
331.13 61.59
346.23 69.68
344.07 96.63
351.62 85.85
364.55 83.15
388.27 81.00
366.17 70.75
367.79 65.36
375.87 68.60
361.32 65.36
406.06 83.15
386.11 66.98
401.21 69.14
409.29 69.68
419.53 75.60
424.39 79.92
415.76 95.55
440.56 92.85
429.78 97.70
445.95 85.85
443.25 75.60
434.63 70.21
451.88 75.60
447.02 65.90
451.34 61.05
427.08 73.45
417.92 68.60
421.69 64.82
429.24 62.67
466.97 90.70
455.65 102.56
456.19 113.88
470.74 106.33
480.44 98.24
485.30 91.78
490.69 91.78
497.69 105.25
518.18 107.95
523.03 84.77
510.63 95.55
519.25 92.85
526.26 97.70
503.62 88.54
498.23 83.15
505.78 81.00
485.30 79.92
477.21 86.92
471.82 74.53
462.66 76.68
485.83 73.99
483.14 66.98
495.54 69.68
496.08 55.66
477.75 45.96
507.93 43.80
499.31 48.65
484.76 49.73
528.42 43.80
510.09 51.35
491.76 60.51
512.25 66.44
504.16 64.82
522.49 68.06
528.42 58.90
502.64 130.05
457.36 6.61
446.04 6.61
434.72 6.61
429.87 6.61
443.89 30.33
468.68 27.63
458.98 44.88
450.35 45.96
461.13 52.43
474.61 52.43
465.99 59.43
482.16 60.51
453.59 54.58
457.90 58.36
445.50 54.58
432.57 42.19
421.79 42.72
408.31 42.72
419.63 49.73
414.24 47.58
413.16 53.50
418.01 54.58
413.16 58.36
419.63 59.43
406.15 49.73
401.30 50.81
406.69 56.74
400.76 55.66
406.15 61.59
394.83 45.96
392.14 29.25
381.90 29.25
354.95 2.30
335.54 10.38
328.53 9.30
367.34 40.03
384.05 45.96
383.51 52.43
388.90 51.89
378.66 55.66
379.74 61.59
386.21 58.36
358.72 56.74
364.65 56.74
361.95 44.88
351.17 43.80
350.10 56.74
339.85 54.58
345.24 50.81
344.17 44.88
340.39 40.03
335.54 44.88
335.54 50.81
331.23 51.89
323.14 40.03
328.53 42.72
316.14 41.11
305.36 43.80
300.50 47.04
297.27 41.11
294.58 40.03
287.57 41.11
283.80 50.81
270.86 50.81
303.20 27.63
297.27 27.63
291.34 28.17
287.03 25.48
282.72 23.32
274.63 26.01
259.54 43.80
259.54 37.33
264.39 38.95
269.78 36.26
263.31 21.70
260.62 24.40
248.22 24.94
250.91 29.25
244.99 29.25
261.16 31.40
257.92 29.25
248.76 36.26
256.30 33.02
254.69 37.87
6.55 18.74
4.93 31.14
0.08 32.21
60.45 34.37
65.30 32.21
55.60 34.37
49.67 42.99
51.82 40.30
48.59 27.36
51.82 24.67
55.60 24.67
41.04 26.28
33.50 24.67
23.80 19.82
49.13 32.21
56.14 30.60
63.68 27.36
62.60 24.67
72.85 37.06
71.23 30.60
92.79 37.06
87.94 32.21
79.85 39.22
86.86 45.69
102.49 31.14
106.80 26.28
148.85 20.35
162.32 24.67
168.25 19.82
175.26 20.89
179.03 25.21
183.35 28.44
186.58 23.59
193.05 25.21
197.36 22.51
190.89 27.36
194.13 29.52
197.90 33.29
202.75 29.52
205.45 27.36
211.38 32.21
214.61 27.36
222.16 25.75
231.32 28.44
225.93 29.52
228.09 25.21
237.79 23.59
177.96 33.29
169.33 30.06
170.95 25.75
174.72 28.44
154.24 27.36
149.93 27.36
141.30 28.44
151.54 37.06
24.23 30.73
28.55 32.17
36.72 34.57
16.54 17.76
15.10 26.41
20.38 26.41
31.44 17.76
26.63 16.80
37.20 16.80
43.45 15.83
49.21 14.87
53.06 15.35
56.90 11.03
61.71 11.99
60.75 16.31
52.10 19.20
64.59 18.72
68.44 20.64
73.72 25.44
72.28 16.31
74.20 12.47
70.36 11.99
82.37 17.76
79.97 11.99
86.21 12.95
89.58 11.51
91.98 19.20
88.62 24.00
81.41 24.96
78.53 32.65
96.79 26.41
106.40 23.04
103.51 22.08
109.76 17.76
116.49 18.72
120.33 17.28
115.53 28.33
128.98 19.20
110.72 28.33
106.40 34.09
