112.81 604.75
47.05 596.12
41.66 533.60
37.34 488.32
71.84 462.44
43.81 424.71
75.08 402.07
54.59 375.12
117.12 523.89
144.07 475.38
169.94 504.49
181.80 426.87
145.15 394.53
93.40 380.51
147.30 363.26
71.84 335.23
95.56 354.64
132.21 329.84
191.50 329.84
187.19 374.04
222.77 370.81
217.38 351.40
240.02 421.48
245.41 485.08
251.88 557.31
299.31 477.54
351.06 613.37
402.80 504.49
327.34 436.57
270.20 399.92
289.61 365.42
264.81 366.50
352.13 388.06
437.30 392.37
430.83 439.80
466.41 462.44
521.39 569.17
37.79 324.45
37.79 361.11
41.56 296.42
35.09 272.17
52.34 255.46
35.63 241.98
72.29 240.90
79.29 253.84
84.68 272.17
73.36 312.06
121.88 312.60
156.37 315.83
124.03 278.64
173.62 300.20
217.28 299.12
174.16 279.71
238.84 320.68
259.87 329.84
286.82 326.61
250.70 368.65
328.86 322.84
346.11 323.38
369.29 332.00
396.78 329.30
425.89 364.34
408.10 303.97
443.13 325.53
470.09 332.54
462.00 307.20
432.89 282.41
465.23 281.87
479.25 289.42
451.22 265.16
394.08 274.86
405.40 253.30
418.34 253.30
388.69 241.98
401.63 228.51
373.06 259.23
350.96 274.86
317.54 282.41
295.98 302.35
264.72 299.12
262.56 281.87
273.34 271.09
280.89 252.76
301.37 234.98
317.00 253.84
329.40 261.39
303.53 267.86
351.50 239.83
336.95 223.66
385.46 209.64
424.27 212.88
455.53 225.27
437.20 241.98
469.01 212.88
424.81 187.54
380.61 190.24
355.27 195.09
300.83 204.25
279.27 212.88
281.43 229.05
272.26 238.75
251.78 252.76
239.38 268.93
209.20 272.17
189.25 262.47
198.96 249.53
157.99 264.08
225.91 243.06
238.84 231.20
243.16 224.20
243.70 212.88
114.87 256.54
137.51 267.32
132.66 247.91
148.29 243.06
122.41 234.98
176.86 236.05
198.42 228.51
222.13 213.95
176.86 215.57
190.87 213.95
160.15 220.42
135.35 221.50
125.65 204.79
114.33 206.95
69.59 227.43
83.60 227.43
96.00 222.58
78.21 206.95
56.65 211.80
66.90 199.40
95.46 198.32
83.07 182.15
61.50 186.46
44.26 192.39
33.48 187.00
33.48 176.76
36.71 163.29
45.33 179.46
58.81 172.45
69.59 170.29
78.21 161.67
81.99 154.12
85.22 146.04
95.46 153.04
103.55 157.90
114.33 171.91
103.01 174.60
108.94 187.54
120.80 168.14
108.94 163.29
127.27 157.90
139.12 153.58
131.58 145.50
135.89 138.49
130.50 135.80
143.98 138.49
149.37 135.80
148.83 151.43
150.98 144.42
118.64 132.56
114.33 139.57
121.34 143.34
90.61 140.65
87.38 135.80
99.24 131.48
105.17 131.48
99.24 143.34
110.56 134.72
37.79 150.35
53.96 150.89
46.41 150.35
50.19 143.34
50.19 138.49
55.58 138.49
61.50 134.72
45.87 139.57
37.79 138.49
63.12 141.19
67.97 135.80
72.82 141.72
78.75 135.80
77.14 145.50
61.50 153.58
73.36 155.20
70.67 162.75
133.73 183.23
133.20 171.37
161.76 194.01
139.12 209.10
146.13 211.80
151.52 204.79
190.87 174.07
195.18 188.08
199.50 178.38
208.66 199.40
211.89 182.15
182.79 189.16
181.17 171.37
161.76 175.14
162.84 162.75
169.85 162.75
178.47 163.29
182.25 158.43
188.71 162.75
166.08 155.20
167.15 148.19
174.70 145.50
196.80 163.29
205.96 158.97
212.43 156.28
216.20 151.43
208.66 148.19
200.57 153.04
191.95 150.35
189.25 143.34
203.27 140.65
206.50 139.03
209.20 131.48
175.78 142.26
180.63 133.64
182.79 142.26
228.06 192.39
233.99 189.16
249.62 185.39
229.68 181.61
226.99 172.45
220.52 170.83
212.43 168.14
219.44 161.67
242.08 157.90
233.99 167.60
221.06 149.27
257.17 167.60
253.40 160.05
264.72 155.20
267.41 185.92
252.86 175.68
281.43 178.92
277.65 165.44
269.57 162.75
251.24 141.72
243.70 148.19
237.23 141.19
264.72 141.72
269.03 135.80
272.26 143.88
216.74 137.41
319.70 187.54
302.99 177.84
293.82 185.39
295.98 164.90
300.29 160.05
292.21 156.82
297.60 150.35
284.66 136.87
257.71 146.04
317.54 166.52
321.31 156.82
308.38 156.82
316.46 150.89
328.86 153.58
331.56 151.43
337.49 146.58
313.23 143.34
308.38 143.34
320.78 143.88
363.36 183.23
347.19 178.38
341.80 175.68
368.75 167.60
360.66 169.75
348.27 155.74
342.88 156.82
342.88 143.88
352.58 136.33
361.74 136.87
357.97 145.50
357.43 153.58
368.21 153.04
388.15 170.83
378.45 175.14
451.76 191.85
439.90 185.92
418.88 189.70
402.17 178.92
401.63 162.75
411.33 172.45
394.62 162.75
382.22 162.75
395.16 146.04
401.09 148.19
388.69 143.88
375.22 141.19
380.61 135.80
409.18 143.34
402.17 135.80
413.49 150.89
418.34 160.59
425.89 148.19
429.12 136.87
417.80 140.65
431.81 143.34
432.89 168.14
418.88 171.37
443.67 171.91
458.23 174.07
466.31 162.75
459.84 161.13
451.76 168.14
456.61 142.26
444.21 139.57
453.91 139.03
438.82 136.87
466.31 137.41
463.62 145.50
476.55 137.41
470.62 144.42
476.55 167.60
556.96 466.76
613.02 504.49
650.75 465.68
719.75 502.33
782.28 448.43
850.19 537.91
868.52 454.90
829.71 436.57
818.93 393.45
850.19 370.81
878.22 357.87
879.30 314.75
898.70 307.20
880.38 283.49
898.70 264.08
914.88 271.63
829.71 296.42
851.27 302.89
843.72 271.63
865.29 261.93
779.04 312.60
811.38 310.44
824.32 341.70
786.59 337.39
753.17 361.11
758.56 412.85
685.25 388.06
641.05 402.07
706.81 370.81
712.20 344.94
725.14 326.61
735.92 317.99
719.75 306.13
663.69 334.16
689.56 320.14
510.61 399.92
554.81 423.63
588.23 397.76
628.11 372.97
562.35 341.70
525.70 341.70
511.69 325.53
508.45 305.05
535.40 312.60
547.26 302.89
562.89 312.60
561.28 296.42
534.86 278.10
502.52 270.55
486.89 252.76
516.00 259.77
475.03 244.14
523.54 240.90
545.10 246.83
559.66 246.30
569.90 255.46
572.60 282.95
587.69 285.64
589.30 257.61
583.91 240.90
635.66 220.96
643.75 200.48
667.46 222.04
676.09 259.77
662.07 243.06
675.01 238.21
634.04 285.10
636.74 310.98
615.72 331.46
642.67 330.38
664.77 303.43
696.57 294.27
708.97 258.69
715.44 275.94
725.14 254.92
732.69 273.25
760.18 252.76
726.22 243.06
741.31 233.36
776.89 217.73
791.44 211.26
777.42 236.59
788.20 275.40
753.71 275.94
767.18 286.18
482.58 169.75
489.05 177.30
497.67 182.15
494.44 164.90
503.60 158.97
497.13 150.89
509.53 172.99
519.23 178.92
528.40 174.60
537.02 160.05
540.79 169.21
538.64 178.92
546.18 169.75
551.57 172.45
554.81 184.85
561.28 172.45
559.12 162.21
555.89 162.21
570.44 181.07
579.60 168.68
573.13 160.59
588.23 168.68
586.07 195.63
593.62 184.85
606.55 182.15
630.27 180.00
608.17 169.75
609.79 164.36
617.87 167.60
603.32 164.36
648.06 182.15
628.11 165.98
643.21 168.14
651.29 168.68
661.53 174.60
666.39 178.92
657.76 194.55
682.56 191.85
671.78 196.70
687.95 184.85
685.25 174.60
676.63 169.21
693.88 174.60
689.02 164.90
693.34 160.05
669.08 172.45
659.92 167.60
663.69 163.82
671.24 161.67
708.97 189.70
697.65 201.56
698.19 212.88
712.74 205.33
722.44 197.24
727.30 190.78
732.69 190.78
739.69 204.25
760.18 206.95
779.04 200.48
780.66 185.92
765.03 183.77
752.63 194.55
761.25 191.85
768.26 196.70
745.62 187.54
740.23 182.15
747.78 180.00
727.30 178.92
719.21 185.92
713.82 173.53
704.66 175.68
727.83 172.99
725.14 165.98
737.54 168.68
738.08 154.66
719.75 144.96
749.93 142.80
741.31 147.65
726.76 148.73
770.42 142.80
752.09 150.35
733.76 159.51
754.25 165.44
746.16 163.82
773.11 150.89
764.49 167.06
770.42 157.90
789.82 167.06
787.13 162.75
782.28 157.90
776.89 154.66
788.20 153.58
795.21 156.82
744.64 229.05
803.39 219.88
805.55 243.06
822.26 225.27
914.97 221.50
841.66 229.59
829.27 208.02
852.98 234.44
851.37 248.45
817.41 259.77
871.85 241.98
888.02 253.30
908.50 239.83
917.13 250.61
905.81 223.66
924.13 209.10
899.34 187.54
878.32 199.40
885.32 192.39
876.16 181.07
864.84 175.14
852.44 167.06
846.51 168.14
849.21 185.92
840.59 183.77
827.65 187.54
814.17 189.70
803.93 192.39
795.31 196.17
794.77 180.00
808.24 178.92
822.26 175.14
827.11 175.14
835.73 169.21
810.94 158.43
808.24 169.21
799.08 165.98
699.36 105.61
688.04 105.61
676.72 105.61
671.87 105.61
685.89 129.33
710.68 126.63
700.98 143.88
692.35 144.96
703.13 151.43
716.61 151.43
707.99 158.43
724.16 159.51
695.59 153.58
699.90 157.36
687.50 153.58
674.57 141.19
663.79 141.72
650.31 141.72
661.63 148.73
656.24 146.58
655.16 152.50
660.01 153.58
655.16 157.36
661.63 158.43
648.15 148.73
643.30 149.81
648.69 155.74
642.76 154.66
648.15 160.59
636.83 144.96
634.14 128.25
623.90 128.25
628.75 94.29
596.95 101.30
577.54 109.38
570.53 108.30
577.54 84.05
609.34 139.03
626.05 144.96
625.51 151.43
630.90 150.89
620.66 154.66
621.74 160.59
628.21 157.36
600.72 155.74
606.65 155.74
603.95 143.88
593.17 142.80
592.10 155.74
581.85 153.58
587.24 149.81
586.17 143.88
582.39 139.03
577.54 143.88
577.54 149.81
573.23 150.89
565.14 139.03
570.53 141.72
558.14 140.11
547.36 142.80
542.50 146.04
539.27 140.11
536.58 139.03
529.57 140.11
525.80 149.81
512.86 149.81
545.20 126.63
539.27 126.63
533.34 127.17
529.03 124.48
524.72 122.32
516.63 125.01
501.54 142.80
501.54 136.33
506.39 137.95
511.78 135.26
505.31 120.70
502.62 123.40
490.22 123.94
492.91 128.25
486.99 128.25
503.16 130.40
499.92 128.25
490.76 135.26
498.30 132.02
496.69 136.87
108.94 111.81
94.39 117.74
91.15 117.74
88.46 118.82
82.53 115.58
75.52 114.50
78.75 113.96
64.74 111.81
69.05 113.96
59.35 109.65
50.72 110.73
32.40 125.28
35.63 122.59
38.87 124.75
38.87 119.89
42.64 121.51
45.33 119.89
52.88 119.35
51.80 122.59
47.49 124.75
46.41 128.52
43.18 130.14
40.48 132.29
56.65 126.36
57.73 121.51
65.28 124.75
68.51 121.51
71.21 123.67
74.44 126.36
78.75 123.67
76.60 127.44
76.60 132.29
70.13 131.21
92.23 122.59
85.76 122.59
84.14 119.35
85.76 127.44
96.00 126.36
117.56 126.36
122.41 123.67
129.96 129.06
126.19 131.21
134.27 131.21
135.35 124.21
128.34 123.67
133.20 119.89
120.26 118.82
141.28 132.29
146.13 131.21
146.13 126.36
147.21 121.51
149.90 120.43
155.30 119.35
159.61 143.61
168.77 136.06
157.45 133.91
159.61 127.44
162.30 122.59
202.19 122.59
209.20 121.51
196.80 118.82
194.64 126.36
192.49 119.89
188.71 121.51
184.94 123.67
181.17 118.82
176.86 120.43
172.00 128.52
176.86 129.06
180.63 124.21
187.64 131.21
195.72 133.37
202.73 130.14
230.76 123.67
221.60 120.43
217.82 127.44
222.13 126.36
228.06 134.45
224.29 136.06
235.61 133.37
230.22 129.60
236.15 127.44
231.30 150.62
248.55 117.74
246.93 130.14
242.08 131.21
239.38 121.51
302.45 133.37
307.30 131.21
297.60 133.37
291.67 141.99
293.82 139.30
290.59 126.36
293.82 123.67
297.60 123.67
283.04 125.28
275.50 123.67
265.80 118.82
291.13 131.21
298.14 129.60
305.68 126.36
304.60 123.67
314.85 136.06
313.23 129.60
334.79 136.06
329.94 131.21
321.85 138.22
328.86 144.69
344.49 130.14
348.80 125.28
390.85 119.35
404.32 123.67
410.25 118.82
417.26 119.89
421.03 124.21
425.35 127.44
428.58 122.59
435.05 124.21
439.36 121.51
432.89 126.36
436.13 128.52
439.90 132.29
444.75 128.52
447.45 126.36
453.38 131.21
456.61 126.36
464.16 124.75
473.32 127.44
467.93 128.52
470.09 124.21
479.79 122.59
419.96 132.29
411.33 129.06
412.95 124.75
416.72 127.44
396.24 126.36
391.93 126.36
383.30 127.44
393.54 136.06
266.23 129.73
270.55 131.17
278.72 133.57
258.54 116.76
257.10 125.41
262.38 125.41
273.44 116.76
268.63 115.80
279.20 115.80
285.45 114.83
291.21 113.87
295.06 114.35
298.90 110.03
303.71 110.99
302.75 115.31
294.10 118.20
306.59 117.72
310.44 119.64
315.72 124.44
314.28 115.31
316.20 111.47
312.36 110.99
324.37 116.76
321.97 110.99
328.21 111.95
331.58 110.51
333.98 118.20
330.62 123.00
323.41 123.96
320.53 131.65
338.79 125.41
348.40 122.04
345.51 121.08
351.76 116.76
358.49 117.72
362.33 116.28
357.53 127.33
370.98 118.20
352.72 127.33
348.40 133.09
