849.19 604.75
914.95 596.12
920.34 533.60
924.66 488.32
890.16 462.44
918.19 424.71
886.92 402.07
907.41 375.12
844.88 523.89
817.93 475.38
792.06 504.49
780.20 426.87
816.85 394.53
868.60 380.51
814.70 363.26
890.16 335.23
866.44 354.64
829.79 329.84
770.50 329.84
774.81 374.04
739.23 370.81
744.62 351.40
721.98 421.48
716.59 485.08
710.12 557.31
662.69 477.54
610.94 613.37
559.20 504.49
634.66 436.57
691.80 399.92
672.39 365.42
697.19 366.50
609.87 388.06
524.70 392.37
531.17 439.80
495.59 462.44
440.61 569.17
924.21 324.45
924.21 361.11
920.44 296.42
926.91 272.17
909.66 255.46
926.37 241.98
889.71 240.90
882.71 253.84
877.32 272.17
888.64 312.06
840.12 312.60
805.63 315.83
837.97 278.64
788.38 300.20
744.72 299.12
787.84 279.71
723.16 320.68
702.13 329.84
675.18 326.61
711.30 368.65
633.14 322.84
615.89 323.38
592.71 332.00
565.22 329.30
536.11 364.34
553.90 303.97
518.87 325.53
491.91 332.54
500.00 307.20
529.11 282.41
496.77 281.87
482.75 289.42
510.78 265.16
567.92 274.86
556.60 253.30
543.66 253.30
573.31 241.98
560.37 228.51
588.94 259.23
611.04 274.86
644.46 282.41
666.02 302.35
697.28 299.12
699.44 281.87
688.66 271.09
681.11 252.76
660.63 234.98
645.00 253.84
632.60 261.39
658.47 267.86
610.50 239.83
625.05 223.66
576.54 209.64
537.73 212.88
506.47 225.27
524.80 241.98
492.99 212.88
537.19 187.54
581.39 190.24
606.73 195.09
661.17 204.25
682.73 212.88
680.57 229.05
689.74 238.75
710.22 252.76
722.62 268.93
752.80 272.17
772.75 262.47
763.04 249.53
804.01 264.08
736.09 243.06
723.16 231.20
718.84 224.20
718.30 212.88
847.13 256.54
824.49 267.32
829.34 247.91
813.71 243.06
839.59 234.98
785.14 236.05
763.58 228.51
739.87 213.95
785.14 215.57
771.13 213.95
801.85 220.42
826.65 221.50
836.35 204.79
847.67 206.95
892.41 227.43
878.40 227.43
866.00 222.58
883.79 206.95
905.35 211.80
895.10 199.40
866.54 198.32
878.93 182.15
900.50 186.46
917.74 192.39
928.52 187.00
928.52 176.76
925.29 163.29
916.67 179.46
903.19 172.45
892.41 170.29
883.79 161.67
880.01 154.12
876.78 146.04
866.54 153.04
858.45 157.90
847.67 171.91
858.99 174.60
853.06 187.54
841.20 168.14
853.06 163.29
834.73 157.90
822.88 153.58
830.42 145.50
826.11 138.49
831.50 135.80
818.02 138.49
812.63 135.80
813.17 151.43
811.02 144.42
843.36 132.56
847.67 139.57
840.66 143.34
871.39 140.65
874.62 135.80
862.76 131.48
856.83 131.48
862.76 143.34
851.44 134.72
924.21 150.35
908.04 150.89
915.59 150.35
911.81 143.34
911.81 138.49
906.42 138.49
900.50 134.72
916.13 139.57
924.21 138.49
898.88 141.19
894.03 135.80
889.18 141.72
883.25 135.80
884.86 145.50
900.50 153.58
888.64 155.20
891.33 162.75
828.27 183.23
828.80 171.37
800.24 194.01
822.88 209.10
815.87 211.80
810.48 204.79
771.13 174.07
766.82 188.08
762.50 178.38
753.34 199.40
750.11 182.15
779.21 189.16
780.83 171.37
800.24 175.14
799.16 162.75
792.15 162.75
783.53 163.29
779.75 158.43
773.29 162.75
795.92 155.20
794.85 148.19
787.30 145.50
765.20 163.29
756.04 158.97
749.57 156.28
745.80 151.43
753.34 148.19
761.43 153.04
770.05 150.35
772.75 143.34
758.73 140.65
755.50 139.03
752.80 131.48
786.22 142.26
781.37 133.64
779.21 142.26
733.94 192.39
728.01 189.16
712.38 185.39
732.32 181.61
735.01 172.45
741.48 170.83
749.57 168.14
742.56 161.67
719.92 157.90
728.01 167.60
740.94 149.27
704.83 167.60
708.60 160.05
697.28 155.20
694.59 185.92
709.14 175.68
680.57 178.92
684.35 165.44
692.43 162.75
710.76 141.72
718.30 148.19
724.77 141.19
697.28 141.72
692.97 135.80
689.74 143.88
745.26 137.41
642.30 187.54
659.01 177.84
668.18 185.39
666.02 164.90
661.71 160.05
669.79 156.82
664.40 150.35
677.34 136.87
704.29 146.04
644.46 166.52
640.69 156.82
653.62 156.82
645.54 150.89
633.14 153.58
630.44 151.43
624.51 146.58
648.77 143.34
653.62 143.34
641.22 143.88
598.64 183.23
614.81 178.38
620.20 175.68
593.25 167.60
601.34 169.75
613.73 155.74
619.12 156.82
619.12 143.88
609.42 136.33
600.26 136.87
604.03 145.50
604.57 153.58
593.79 153.04
573.85 170.83
583.55 175.14
510.24 191.85
522.10 185.92
543.12 189.70
559.83 178.92
560.37 162.75
550.67 172.45
567.38 162.75
579.78 162.75
566.84 146.04
560.91 148.19
573.31 143.88
586.78 141.19
581.39 135.80
552.82 143.34
559.83 135.80
548.51 150.89
543.66 160.59
536.11 148.19
532.88 136.87
544.20 140.65
530.19 143.34
529.11 168.14
543.12 171.37
518.33 171.91
503.77 174.07
495.69 162.75
502.16 161.13
510.24 168.14
505.39 142.26
517.79 139.57
508.09 139.03
523.18 136.87
495.69 137.41
498.38 145.50
485.45 137.41
491.38 144.42
485.45 167.60
405.04 466.76
348.98 504.49
311.25 465.68
242.25 502.33
179.72 448.43
111.81 537.91
93.48 454.90
132.29 436.57
143.07 393.45
111.81 370.81
83.78 357.87
82.70 314.75
63.30 307.20
81.62 283.49
63.30 264.08
47.12 271.63
132.29 296.42
110.73 302.89
118.28 271.63
96.71 261.93
182.96 312.60
150.62 310.44
137.68 341.70
175.41 337.39
208.83 361.11
203.44 412.85
276.75 388.06
320.95 402.07
255.19 370.81
249.80 344.94
236.86 326.61
226.08 317.99
242.25 306.13
298.31 334.16
272.44 320.14
451.39 399.92
407.19 423.63
373.77 397.76
333.89 372.97
399.65 341.70
436.30 341.70
450.31 325.53
453.55 305.05
426.60 312.60
414.74 302.89
399.11 312.60
400.72 296.42
427.14 278.10
459.48 270.55
475.11 252.76
446.00 259.77
486.97 244.14
438.46 240.90
416.90 246.83
402.34 246.30
392.10 255.46
389.40 282.95
374.31 285.64
372.70 257.61
378.09 240.90
326.34 220.96
318.25 200.48
294.54 222.04
285.91 259.77
299.93 243.06
286.99 238.21
327.96 285.10
325.26 310.98
346.28 331.46
319.33 330.38
297.23 303.43
265.43 294.27
253.03 258.69
246.56 275.94
236.86 254.92
229.31 273.25
201.82 252.76
235.78 243.06
220.69 233.36
185.11 217.73
170.56 211.26
184.58 236.59
173.80 275.40
208.29 275.94
194.82 286.18
479.42 169.75
472.95 177.30
464.33 182.15
467.56 164.90
458.40 158.97
464.87 150.89
452.47 172.99
442.77 178.92
433.60 174.60
424.98 160.05
421.21 169.21
423.36 178.92
415.82 169.75
410.43 172.45
407.19 184.85
400.72 172.45
402.88 162.21
406.11 162.21
391.56 181.07
382.40 168.68
388.87 160.59
373.77 168.68
375.93 195.63
368.38 184.85
355.45 182.15
331.73 180.00
353.83 169.75
352.21 164.36
344.13 167.60
358.68 164.36
313.94 182.15
333.89 165.98
318.79 168.14
310.71 168.68
300.47 174.60
295.61 178.92
304.24 194.55
279.44 191.85
290.22 196.70
274.05 184.85
276.75 174.60
285.37 169.21
268.12 174.60
272.98 164.90
268.66 160.05
292.92 172.45
302.08 167.60
298.31 163.82
290.76 161.67
253.03 189.70
264.35 201.56
263.81 212.88
249.26 205.33
239.56 197.24
234.70 190.78
229.31 190.78
222.31 204.25
201.82 206.95
182.96 200.48
181.34 185.92
196.97 183.77
209.37 194.55
200.75 191.85
193.74 196.70
216.38 187.54
221.77 182.15
214.22 180.00
234.70 178.92
242.79 185.92
248.18 173.53
257.34 175.68
234.17 172.99
236.86 165.98
224.46 168.68
223.92 154.66
242.25 144.96
212.07 142.80
220.69 147.65
235.24 148.73
191.58 142.80
209.91 150.35
228.24 159.51
207.75 165.44
215.84 163.82
188.89 150.89
197.51 167.06
191.58 157.90
172.18 167.06
174.87 162.75
179.72 157.90
185.11 154.66
173.80 153.58
166.79 156.82
217.36 229.05
158.61 219.88
156.45 243.06
139.74 225.27
47.03 221.50
120.34 229.59
132.73 208.02
109.02 234.44
110.63 248.45
144.59 259.77
90.15 241.98
73.98 253.30
53.50 239.83
44.87 250.61
56.19 223.66
37.87 209.10
62.66 187.54
83.68 199.40
76.68 192.39
85.84 181.07
97.16 175.14
109.56 167.06
115.49 168.14
112.79 185.92
121.41 183.77
134.35 187.54
147.83 189.70
158.07 192.39
166.69 196.17
167.23 180.00
153.76 178.92
139.74 175.14
134.89 175.14
126.27 169.21
151.06 158.43
153.76 169.21
162.92 165.98
262.64 105.61
273.96 105.61
285.28 105.61
290.13 105.61
276.11 129.33
251.32 126.63
261.02 143.88
269.65 144.96
258.87 151.43
245.39 151.43
254.01 158.43
237.84 159.51
266.41 153.58
262.10 157.36
274.50 153.58
287.43 141.19
298.21 141.72
311.69 141.72
300.37 148.73
305.76 146.58
306.84 152.50
301.99 153.58
306.84 157.36
300.37 158.43
313.85 148.73
318.70 149.81
313.31 155.74
319.24 154.66
313.85 160.59
325.17 144.96
327.86 128.25
338.10 128.25
333.25 94.29
365.05 101.30
384.46 109.38
391.47 108.30
384.46 84.05
352.66 139.03
335.95 144.96
336.49 151.43
331.10 150.89
341.34 154.66
340.26 160.59
333.79 157.36
361.28 155.74
355.35 155.74
358.05 143.88
368.83 142.80
369.90 155.74
380.15 153.58
374.76 149.81
375.83 143.88
379.61 139.03
384.46 143.88
384.46 149.81
388.77 150.89
396.86 139.03
391.47 141.72
403.86 140.11
414.64 142.80
419.50 146.04
422.73 140.11
425.42 139.03
432.43 140.11
436.20 149.81
449.14 149.81
416.80 126.63
422.73 126.63
428.66 127.17
432.97 124.48
437.28 122.32
445.37 125.01
460.46 142.80
460.46 136.33
455.61 137.95
450.22 135.26
456.69 120.70
459.38 123.40
471.78 123.94
469.09 128.25
475.01 128.25
458.84 130.40
462.08 128.25
471.24 135.26
463.70 132.02
465.31 136.87
853.06 111.81
867.61 117.74
870.85 117.74
873.54 118.82
879.47 115.58
886.48 114.50
883.25 113.96
897.26 111.81
892.95 113.96
902.65 109.65
911.28 110.73
929.60 125.28
926.37 122.59
923.13 124.75
923.13 119.89
919.36 121.51
916.67 119.89
909.12 119.35
910.20 122.59
914.51 124.75
915.59 128.52
918.82 130.14
921.52 132.29
905.35 126.36
904.27 121.51
896.72 124.75
893.49 121.51
890.79 123.67
887.56 126.36
883.25 123.67
885.40 127.44
885.40 132.29
891.87 131.21
869.77 122.59
876.24 122.59
877.86 119.35
876.24 127.44
866.00 126.36
844.44 126.36
839.59 123.67
832.04 129.06
835.81 131.21
827.73 131.21
826.65 124.21
833.66 123.67
828.80 119.89
841.74 118.82
820.72 132.29
815.87 131.21
815.87 126.36
814.79 121.51
812.10 120.43
806.70 119.35
802.39 143.61
793.23 136.06
804.55 133.91
802.39 127.44
799.70 122.59
759.81 122.59
752.80 121.51
765.20 118.82
767.36 126.36
769.51 119.89
773.29 121.51
777.06 123.67
780.83 118.82
785.14 120.43
790.00 128.52
785.14 129.06
781.37 124.21
774.36 131.21
766.28 133.37
759.27 130.14
731.24 123.67
740.40 120.43
744.18 127.44
739.87 126.36
733.94 134.45
737.71 136.06
726.39 133.37
731.78 129.60
725.85 127.44
730.70 150.62
713.45 117.74
715.07 130.14
719.92 131.21
722.62 121.51
659.55 133.37
654.70 131.21
664.40 133.37
670.33 141.99
668.18 139.30
671.41 126.36
668.18 123.67
664.40 123.67
678.96 125.28
686.50 123.67
696.20 118.82
670.87 131.21
663.86 129.60
656.32 126.36
657.40 123.67
647.15 136.06
648.77 129.60
627.21 136.06
632.06 131.21
640.15 138.22
633.14 144.69
617.51 130.14
613.20 125.28
571.15 119.35
557.68 123.67
551.75 118.82
544.74 119.89
540.97 124.21
536.65 127.44
533.42 122.59
526.95 124.21
522.64 121.51
529.11 126.36
525.87 128.52
522.10 132.29
517.25 128.52
514.55 126.36
508.62 131.21
505.39 126.36
497.84 124.75
488.68 127.44
494.07 128.52
491.91 124.21
482.21 122.59
542.04 132.29
550.67 129.06
549.05 124.75
545.28 127.44
565.76 126.36
570.07 126.36
578.70 127.44
568.46 136.06
695.77 129.73
691.45 131.17
683.28 133.57
703.46 116.76
704.90 125.41
699.62 125.41
688.56 116.76
693.37 115.80
682.80 115.80
676.55 114.83
670.79 113.87
666.94 114.35
663.10 110.03
658.29 110.99
659.25 115.31
667.90 118.20
655.41 117.72
651.56 119.64
646.28 124.44
647.72 115.31
645.80 111.47
649.64 110.99
637.63 116.76
640.03 110.99
633.79 111.95
630.42 110.51
628.02 118.20
631.38 123.00
638.59 123.96
641.47 131.65
623.21 125.41
613.60 122.04
616.49 121.08
610.24 116.76
603.51 117.72
599.67 116.28
604.47 127.33
591.02 118.20
609.28 127.33
613.60 133.09
