434.01 207.07
426.45 192.91
403.80 199.52
441.56 272.21
443.45 308.08
434.01 333.57
455.72 346.79
381.14 353.40
370.76 301.48
366.98 282.59
357.54 239.17
348.10 177.80
353.76 155.15
326.38 144.76
302.78 132.49
289.57 149.48
263.13 162.70
321.66 225.95
313.17 239.17
302.78 279.76
313.17 266.55
271.63 292.98
312.22 319.41
342.43 377.00
246.14 379.83
182.89 315.64
199.88 276.93
211.21 250.50
189.50 235.39
216.87 194.80
205.55 222.17
175.34 197.63
158.34 197.63
125.30 210.85
124.36 258.99
98.87 246.72
73.38 219.34
56.38 230.67
70.55 273.15
78.10 314.69
104.53 389.27
147.01 378.89
65.83 401.55
26.17 360.01
186.66 450.64
351.87 440.25
404.74 430.81
448.17 440.25
222.54 207.07
222.54 201.41
222.54 204.24
222.54 204.24
222.54 204.24
234.81 278.82
437.78 124.94
5.41 308.08
13.90 280.71
451.94 154.20
364.15 117.38
26.17 199.52
5.41 186.30
453.83 95.67
439.67 94.73
424.57 114.55
406.63 127.77
403.80 138.15
384.92 121.16
384.92 144.76
395.30 110.78
412.29 94.73
382.08 104.17
55.44 192.91
50.72 174.03
62.05 171.20
79.04 174.97
91.31 144.76
113.97 132.49
125.30 153.26
122.47 177.80
155.51 174.03
147.96 159.87
169.67 153.26
194.22 168.36
2.81 101.57
0.92 144.53
23.11 148.77
49.07 130.37
58.51 122.81
79.75 112.90
46.71 111.01
40.10 94.49
21.22 95.44
8.47 80.80
4.70 64.75
33.96 11.41
48.12 24.63
65.12 26.52
60.87 38.79
43.40 35.49
27.83 27.46
59.45 67.11
59.92 54.84
71.25 49.65
87.30 28.88
107.13 21.80
91.55 9.05
79.28 20.85
135.92 1.97
168.96 4.33
172.27 28.88
159.99 18.97
156.22 44.93
149.61 64.75
151.97 80.80
135.92 85.05
80.69 71.36
90.61 61.45
72.67 87.88
88.72 89.77
95.33 99.68
65.59 108.65
118.93 113.84
135.92 117.62
163.30 130.37
185.96 127.06
219.47 130.37
208.61 146.89
234.58 136.97
237.41 161.52
267.15 120.45
279.42 128.01
283.67 109.60
114.21 13.30
197.28 1.97
289.80 4.81
303.02 29.82
290.27 30.77
275.17 26.99
252.98 21.80
252.04 41.15
237.88 36.90
227.02 29.82
212.39 25.58
219.94 18.02
210.97 6.69
269.51 87.41
251.10 74.67
266.67 66.64
230.80 86.47
237.41 73.25
226.55 59.56
215.69 58.15
202.95 49.65
191.15 34.07
185.01 57.20
172.27 64.75
172.27 55.31
174.16 44.46
175.57 79.86
181.71 91.66
181.24 104.88
163.30 97.32
151.97 110.54
203.42 114.79
220.41 109.60
213.81 99.68
201.06 97.32
243.54 109.60
255.34 91.19
280.36 64.75
290.27 54.84
303.02 102.04
308.68 87.41
297.83 78.91
65.12 8.11
47.65 11.89
342.43 55.08
349.51 98.76
342.43 85.55
353.29 76.11
362.26 49.67
375.95 44.48
383.03 62.89
384.44 84.60
322.61 115.28
150.08 15.82
421.73 54.13
440.62 49.41
347.15 134.38
426.45 33.36
446.28 14.48
395.30 39.97
332.99 31.48
346.21 42.80
325.44 51.30
309.39 65.46
401.91 6.93
417.96 7.87
401.91 72.07
118.69 41.86
145.13 42.57
125.30 21.33
181.47 11.41
357.07 26.99
375.48 32.18
374.53 18.49
337.71 14.72
318.83 4.81
358.01 10.02
427.87 3.41
401.91 58.85
247.08 239.17
258.41 217.45
238.59 191.02
438.31 72.02
422.31 79.24
441.41 25.05
435.73 12.15
395.48 27.11
319.61 18.86
241.41 4.40
296.12 17.31
282.19 13.69
261.54 13.18
40.40 73.60
34.72 62.76
42.46 46.24
19.24 41.08
13.04 224.82
216.91 38.50
196.78 18.37
381.54 9.56
110.20 81.04
