907.27 518.27
876.11 529.59
863.84 489.94
837.41 516.38
806.25 554.14
770.38 531.48
750.55 489.94
759.05 455.01
748.66 371.94
808.14 397.43
894.05 373.83
937.48 373.83
871.39 407.81
907.27 435.19
641.99 412.53
689.19 425.75
712.79 336.06
631.60 331.34
591.01 319.07
583.45 304.91
560.80 311.52
598.56 384.21
600.45 420.08
591.01 445.57
612.72 458.79
538.14 465.40
527.76 413.48
523.98 394.59
514.54 351.17
505.10 289.80
510.76 267.15
483.38 256.76
459.78 244.49
446.57 261.48
420.13 274.70
478.66 337.95
470.17 351.17
459.78 391.76
470.17 378.55
428.63 404.98
469.22 431.41
499.43 489.00
403.14 491.83
339.89 427.64
356.88 388.93
368.21 362.50
346.50 347.39
373.87 306.80
362.55 334.17
332.34 309.63
315.34 309.63
282.30 322.85
281.36 370.99
255.87 358.72
230.38 331.34
213.38 342.67
227.55 385.15
235.10 426.69
261.53 501.27
304.01 490.89
222.83 513.55
183.17 472.01
147.30 490.89
102.93 490.89
60.45 477.67
343.66 562.64
484.33 569.24
508.87 552.25
561.74 542.81
605.17 552.25
662.76 569.24
698.63 556.97
927.09 326.62
857.23 329.45
870.45 298.30
929.92 273.76
939.36 263.37
927.09 251.10
907.27 239.77
883.66 250.15
846.85 268.09
822.30 280.36
768.49 283.20
791.15 274.70
791.15 252.99
768.49 234.10
748.66 273.76
718.45 266.20
705.24 286.03
675.97 291.69
690.13 266.20
661.81 271.87
379.54 319.07
379.54 313.41
379.54 316.24
379.54 316.24
379.54 316.24
391.81 390.82
619.33 242.60
594.78 236.94
162.41 420.08
170.90 392.71
142.58 388.93
113.31 365.33
91.60 357.78
84.99 373.83
52.90 375.71
10.41 387.99
10.41 440.85
71.78 432.36
93.49 427.64
88.77 414.42
872.34 150.08
880.83 144.42
894.99 138.76
911.99 106.66
608.94 266.20
703.35 230.33
688.24 231.27
521.15 229.38
715.62 151.97
739.22 169.91
183.17 311.52
162.41 298.30
131.25 294.52
81.22 305.85
57.62 314.35
31.18 339.84
20.80 303.02
2.86 320.01
32.13 268.09
19.85 261.48
50.06 256.76
84.05 263.37
96.32 244.49
91.60 231.27
117.09 233.16
822.30 254.87
825.13 237.88
821.36 216.17
861.01 216.17
865.73 197.29
880.83 223.72
906.32 211.45
730.73 244.49
747.72 210.50
709.01 193.51
679.75 171.80
669.36 187.85
650.48 177.46
647.65 203.90
631.60 217.11
610.83 207.67
615.55 196.34
596.67 206.73
581.57 226.55
563.63 239.77
560.80 250.15
541.92 233.16
541.92 256.76
552.30 222.78
569.29 206.73
539.08 216.17
212.44 304.91
207.72 286.03
219.05 283.20
236.04 286.97
248.31 256.76
270.97 244.49
282.30 265.26
279.47 289.80
312.51 286.03
304.96 271.87
326.67 265.26
351.22 280.36
144.47 267.15
124.64 263.37
123.70 256.76
131.25 249.21
91.60 283.20
32.13 214.28
9.47 227.50
53.84 213.34
47.23 206.73
84.99 192.57
113.31 187.85
71.54 221.60
107.41 219.24
102.69 211.68
86.17 221.60
140.46 203.19
159.81 213.57
142.82 220.65
154.15 238.12
157.92 256.53
180.11 260.77
206.07 242.37
215.51 234.81
236.75 224.90
203.71 223.01
197.10 206.49
178.22 207.44
165.47 192.80
156.03 186.67
161.70 176.75
150.37 169.20
134.32 173.92
131.02 192.80
121.10 181.95
119.22 148.90
105.05 132.38
98.92 116.33
89.48 128.61
72.96 127.66
50.77 119.64
49.83 137.58
69.65 138.52
34.72 156.46
42.27 173.92
15.37 183.83
129.13 110.67
190.96 123.41
199.46 101.23
193.32 107.37
176.33 105.95
165.47 95.56
155.56 98.87
142.34 107.37
181.99 81.40
188.13 93.68
194.27 79.04
205.12 136.63
222.12 138.52
217.87 150.79
200.40 147.49
184.83 139.46
216.45 179.11
216.92 166.84
228.25 161.65
244.30 140.88
264.13 133.80
248.55 121.05
236.28 132.85
256.58 110.20
292.92 113.97
305.67 109.25
325.96 116.33
329.27 140.88
316.99 130.97
313.22 156.93
306.61 176.75
308.97 192.80
292.92 197.05
237.69 183.36
247.61 173.45
229.67 199.88
245.72 201.77
252.33 211.68
222.59 220.65
275.93 225.84
292.92 229.62
320.30 242.37
342.96 239.06
376.47 242.37
365.61 258.89
391.58 248.97
394.41 273.52
424.15 232.45
436.42 240.01
440.67 221.60
277.82 96.98
269.79 90.37
240.05 80.46
216.45 94.62
206.54 87.07
114.97 115.86
21.03 141.82
23.87 131.91
9.70 140.41
7.34 150.32
19.15 161.65
24.34 155.04
271.21 125.30
354.28 113.97
343.90 107.84
360.42 102.65
411.40 109.25
441.14 105.95
455.30 105.48
446.80 116.81
460.02 141.82
447.27 142.77
432.17 138.99
409.98 133.80
409.04 153.15
394.88 148.90
384.02 141.82
369.39 137.58
376.94 130.02
367.97 118.69
373.17 107.37
426.51 199.41
408.10 186.67
423.67 178.64
387.80 198.47
394.41 185.25
383.55 171.56
372.69 170.15
359.95 161.65
348.15 146.07
342.01 169.20
329.27 176.75
329.27 167.31
331.16 156.46
332.57 191.86
338.71 203.66
338.24 216.88
320.30 209.32
308.97 222.54
360.42 226.79
377.41 221.60
370.81 211.68
358.06 209.32
400.54 221.60
412.34 203.19
437.36 176.75
447.27 166.84
460.02 214.04
465.68 199.41
454.83 190.91
316.52 73.85
334.46 77.16
357.59 77.63
378.36 82.35
257.05 79.04
272.15 74.80
217.40 72.44
207.48 70.55
405.26 88.96
391.10 95.56
387.80 111.14
460.49 87.07
432.64 84.71
439.72 83.76
436.42 73.85
420.37 72.91
421.31 84.71
151.31 122.00
155.56 142.77
222.12 120.11
214.56 109.25
204.65 123.89
499.43 167.08
239.35 62.08
256.81 65.38
291.27 55.47
304.96 55.94
305.43 70.10
298.82 63.02
286.55 71.99
283.72 85.68
325.73 56.88
323.37 47.44
329.98 42.72
339.89 50.75
342.72 62.08
344.14 44.61
354.52 47.44
366.79 40.36
383.31 55.47
374.35 51.22
387.56 45.55
396.06 42.72
408.80 40.36
407.86 30.92
397.95 30.45
407.86 67.74
389.45 67.27
426.27 59.24
430.52 50.27
438.07 40.36
423.91 32.81
430.05 24.78
438.54 12.51
450.81 4.02
472.53 78.60
498.02 105.50
489.99 96.53
485.27 88.51
489.99 78.60
498.49 78.60
478.19 106.92
506.51 210.76
499.43 197.55
510.29 188.11
519.26 161.67
532.95 156.48
540.03 174.89
541.44 196.60
479.61 227.28
307.08 127.82
578.73 166.13
597.62 161.41
504.15 246.38
583.45 145.36
603.28 126.48
653.31 140.64
650.48 127.43
700.52 141.59
688.24 130.26
698.63 117.04
793.98 200.12
791.15 224.66
777.93 189.73
770.38 176.52
756.22 180.29
830.80 160.47
818.52 170.85
799.64 163.30
797.76 150.08
810.03 140.64
552.30 151.97
489.99 143.48
503.21 154.80
482.44 163.30
466.39 177.46
558.91 118.93
574.96 119.87
558.91 184.07
275.69 153.86
302.13 154.57
282.30 133.33
338.47 123.41
452.70 60.16
471.11 68.19
508.40 88.96
520.67 84.24
540.03 85.18
517.37 71.02
481.50 66.77
514.07 138.99
439.96 29.48
304.01 97.45
311.57 103.59
532.48 144.18
531.53 130.49
516.90 106.89
506.99 105.01
494.71 126.72
475.83 116.81
774.15 140.64
759.99 131.20
740.17 121.76
806.25 123.65
785.48 117.04
844.01 105.71
871.39 110.43
876.11 121.76
863.84 92.50
850.62 90.61
844.96 82.11
830.80 92.50
863.84 71.73
882.72 77.39
876.11 68.90
894.99 84.00
919.54 167.08
925.20 146.31
922.37 134.98
932.76 117.04
939.36 97.22
911.99 68.90
922.37 50.96
933.70 64.17
912.93 57.57
901.60 53.79
888.38 57.57
891.22 49.07
854.40 57.57
872.34 57.57
851.57 47.18
812.86 70.78
784.54 78.34
786.43 95.33
776.04 91.55
755.27 110.43
744.89 84.00
683.52 114.21
675.97 107.60
629.24 169.23
641.51 151.76
617.91 141.85
626.88 133.35
621.22 111.64
613.19 105.03
602.34 103.61
604.22 111.64
585.34 98.89
574.49 105.97
559.85 105.50
548.05 99.37
552.30 91.81
562.21 85.20
566.46 79.54
634.91 126.74
647.18 111.64
692.02 105.50
703.82 102.20
716.57 100.31
727.42 109.28
648.59 91.81
835.99 127.69
750.55 63.49
731.67 78.60
698.63 82.37
690.13 75.29
668.42 82.84
677.39 95.59
642.46 76.71
655.67 79.54
632.07 65.38
643.87 67.74
616.50 67.74
617.44 59.24
607.53 52.63
599.50 48.86
718.45 49.33
734.50 55.94
740.17 67.74
803.42 47.44
817.11 48.86
829.85 39.42
835.99 34.23
846.85 30.45
849.21 18.18
824.19 60.66
793.98 29.03
805.31 32.34
785.48 26.20
770.85 25.73
734.03 31.39
711.37 30.92
701.93 40.36
594.31 62.08
604.22 84.26
617.91 80.96
584.87 75.29
557.02 48.86
632.55 12.98
631.60 19.12
526.81 56.88
518.31 46.97
505.10 54.52
684.47 55.94
676.92 48.86
661.34 45.55
651.43 47.91
641.04 34.23
607.53 36.11
619.80 38.95
597.14 43.67
591.48 22.42
842.13 189.99
846.37 176.78
835.52 60.66
767.55 35.64
759.05 29.51
738.28 20.54
726.95 19.12
719.40 24.31
832.69 13.93
543.80 59.72
527.76 38.00
545.69 33.75
562.21 41.31
667.71 161.56
663.46 150.93
662.99 131.82
620.51 97.12
720.81 125.21
574.96 95.00
489.99 51.22
480.55 40.83
481.02 34.23
481.50 25.73
474.42 21.01
461.67 34.70
469.22 35.64
456.95 29.51
456.95 23.84
465.45 24.78
502.74 38.95
508.40 33.75
512.65 25.73
521.15 29.03
538.14 23.84
497.55 38.95
494.24 34.70
490.94 27.15
485.74 7.79
564.57 56.88
502.74 19.59
525.40 10.62
564.10 24.78
550.41 27.15
567.41 12.98
551.36 12.98
540.97 12.98
534.36 19.12
468.28 16.29
607.53 20.54
607.53 12.51
607.53 4.49
599.03 4.49
589.12 7.32
582.98 11.57
566.46 4.96
515.01 122.02
584.87 115.41
663.70 92.28
681.16 68.68
698.16 67.74
699.10 55.47
709.49 60.66
687.77 62.55
663.70 57.35
608.47 64.44
469.22 2.60
460.26 6.38
498.02 4.49
364.91 65.38
350.27 64.44
558.91 170.85
675.97 152.92
404.08 351.17
415.41 329.45
395.59 303.02
-87.77 463.51
927.80 30.42
885.79 31.84
935.35 31.84
941.49 46.95
934.41 47.42
911.75 36.09
941.49 21.93
874.93 22.87
919.95 12.66
911.69 20.41
903.95 3.89
884.86 4.41
862.15 5.95
839.44 2.34
796.08 11.12
796.60 19.89
785.25 12.66
787.83 11.12
769.25 9.05
746.54 19.89
741.89 11.12
707.83 9.05
686.67 11.12
660.34 20.92
651.05 16.28
640.73 12.66
636.60 8.02
794.54 100.40
798.15 91.63
731.05 92.66
717.63 85.95
724.34 74.60
711.96 77.69
724.86 65.31
869.89 15.24
787.83 5.44
728.99 11.12
663.44 9.57
654.67 6.47
644.86 5.44
864.73 28.15
856.99 30.21
784.21 43.63
772.34 43.63
764.60 47.76
757.89 44.66
750.67 42.08
738.79 41.05
791.44 49.82
773.89 62.21
768.73 66.34
757.37 88.53
769.25 83.37
753.76 98.34
799.70 67.89
808.99 58.08
800.21 58.08
827.57 50.86
692.34 17.31
675.83 25.57
692.86 33.31
635.57 54.47
595.31 184.02
579.31 191.24
598.41 137.05
592.73 124.15
552.48 139.11
476.61 130.86
860.60 130.86
926.66 21.95
921.50 19.89
805.37 14.73
812.08 9.05
721.76 11.12
673.76 18.34
811.57 79.76
832.21 71.50
761.50 159.76
751.18 147.37
897.76 20.41
831.70 5.44
660.86 31.76
648.99 23.50
734.67 200.53
722.79 213.95
398.41 116.40
402.54 107.11
453.12 129.31
439.19 125.69
418.54 125.18
422.16 104.02
574.93 50.86
543.44 48.79
753.76 73.42
763.57 80.90
586.80 108.52
844.73 46.58
836.21 47.61
807.83 25.16
197.40 185.60
191.72 174.76
199.46 158.24
176.24 153.08
145.79 156.70
278.95 111.28
464.23 47.80
862.66 116.40
872.47 170.63
853.37 163.92
149.40 343.01
170.04 336.82
107.08 312.05
874.40 33.16
912.34 44.26
768.21 100.96
82.30 154.12
57.01 157.21
77.14 169.08
373.91 150.50
353.78 130.37
331.07 89.60
395.59 64.44
680.47 29.70
680.47 40.53
685.63 40.02
757.37 20.92
822.92 30.73
626.80 107.11
636.09 114.34
538.54 121.56
692.34 173.18
729.50 143.76
808.99 185.05
820.34 201.05
689.76 213.43
267.20 193.04
753.38 6.12
577.55 83.68
