37.73 518.27
68.89 529.59
81.16 489.94
107.59 516.38
138.75 554.14
174.62 531.48
194.45 489.94
185.95 455.01
196.34 371.94
136.86 397.43
50.95 373.83
7.52 373.83
73.61 407.81
37.73 435.19
303.01 412.53
255.81 425.75
232.21 336.06
313.40 331.34
353.99 319.07
361.55 304.91
384.20 311.52
346.44 384.21
344.55 420.08
353.99 445.57
332.28 458.79
406.86 465.40
417.24 413.48
421.02 394.59
430.46 351.17
439.90 289.80
434.24 267.15
461.62 256.76
485.22 244.49
498.43 261.48
524.87 274.70
466.34 337.95
474.83 351.17
485.22 391.76
474.83 378.55
516.37 404.98
475.78 431.41
445.57 489.00
541.86 491.83
605.11 427.64
588.12 388.93
576.79 362.50
598.50 347.39
571.13 306.80
582.45 334.17
612.66 309.63
629.66 309.63
662.70 322.85
663.64 370.99
689.13 358.72
714.62 331.34
731.62 342.67
717.45 385.15
709.90 426.69
683.47 501.27
640.99 490.89
722.17 513.55
761.83 472.01
797.70 490.89
842.07 490.89
884.55 477.67
601.34 562.64
460.67 569.24
436.13 552.25
383.26 542.81
339.83 552.25
282.24 569.24
246.37 556.97
17.91 326.62
87.77 329.45
74.55 298.30
15.08 273.76
5.64 263.37
17.91 251.10
37.73 239.77
61.34 250.15
98.15 268.09
122.70 280.36
176.51 283.20
153.85 274.70
153.85 252.99
176.51 234.10
196.34 273.76
226.55 266.20
239.76 286.03
269.03 291.69
254.87 266.20
283.19 271.87
565.46 319.07
565.46 313.41
565.46 316.24
565.46 316.24
565.46 316.24
553.19 390.82
325.67 242.60
350.22 236.94
782.59 420.08
774.10 392.71
802.42 388.93
831.69 365.33
853.40 357.78
860.01 373.83
892.10 375.71
934.59 387.99
934.59 440.85
873.22 432.36
851.51 427.64
856.23 414.42
72.66 150.08
64.17 144.42
50.01 138.76
33.01 106.66
336.06 266.20
241.65 230.33
256.76 231.27
423.85 229.38
229.38 151.97
205.78 169.91
761.83 311.52
782.59 298.30
813.75 294.52
863.78 305.85
887.38 314.35
913.82 339.84
924.20 303.02
942.14 320.01
912.87 268.09
925.15 261.48
894.94 256.76
860.95 263.37
848.68 244.49
853.40 231.27
827.91 233.16
122.70 254.87
119.87 237.88
123.64 216.17
83.99 216.17
79.27 197.29
64.17 223.72
38.68 211.45
214.27 244.49
197.28 210.50
235.99 193.51
265.25 171.80
275.64 187.85
294.52 177.46
297.35 203.90
313.40 217.11
334.17 207.67
329.45 196.34
348.33 206.73
363.43 226.55
381.37 239.77
384.20 250.15
403.08 233.16
403.08 256.76
392.70 222.78
375.71 206.73
405.92 216.17
732.56 304.91
737.28 286.03
725.95 283.20
708.96 286.97
696.69 256.76
674.03 244.49
662.70 265.26
665.53 289.80
632.49 286.03
640.04 271.87
618.33 265.26
593.78 280.36
800.53 267.15
820.36 263.37
821.30 256.76
813.75 249.21
853.40 283.20
912.87 214.28
935.53 227.50
891.16 213.34
897.77 206.73
860.01 192.57
831.69 187.85
873.46 221.60
837.59 219.24
842.31 211.68
858.83 221.60
804.54 203.19
785.19 213.57
802.18 220.65
790.85 238.12
787.08 256.53
764.89 260.77
738.93 242.37
729.49 234.81
708.25 224.90
741.29 223.01
747.90 206.49
766.78 207.44
779.53 192.80
788.97 186.67
783.30 176.75
794.63 169.20
810.68 173.92
813.98 192.80
823.90 181.95
825.78 148.90
839.95 132.38
846.08 116.33
855.52 128.61
872.04 127.66
894.23 119.64
895.17 137.58
875.35 138.52
910.28 156.46
902.73 173.92
929.63 183.83
815.87 110.67
754.04 123.41
745.54 101.23
751.68 107.37
768.67 105.95
779.53 95.56
789.44 98.87
802.66 107.37
763.01 81.40
756.87 93.68
750.73 79.04
739.88 136.63
722.88 138.52
727.13 150.79
744.60 147.49
760.17 139.46
728.55 179.11
728.08 166.84
716.75 161.65
700.70 140.88
680.87 133.80
696.45 121.05
708.72 132.85
688.42 110.20
652.08 113.97
639.33 109.25
619.04 116.33
615.73 140.88
628.01 130.97
631.78 156.93
638.39 176.75
636.03 192.80
652.08 197.05
707.31 183.36
697.39 173.45
715.33 199.88
699.28 201.77
692.67 211.68
722.41 220.65
669.07 225.84
652.08 229.62
624.70 242.37
602.04 239.06
568.53 242.37
579.39 258.89
553.42 248.97
550.59 273.52
520.85 232.45
508.58 240.01
504.33 221.60
667.18 96.98
675.21 90.37
704.95 80.46
728.55 94.62
738.46 87.07
830.03 115.86
923.97 141.82
921.13 131.91
935.30 140.41
937.66 150.32
925.85 161.65
920.66 155.04
673.79 125.30
590.72 113.97
601.10 107.84
584.58 102.65
533.60 109.25
503.86 105.95
489.70 105.48
498.20 116.81
484.98 141.82
497.73 142.77
512.83 138.99
535.02 133.80
535.96 153.15
550.12 148.90
560.98 141.82
575.61 137.58
568.06 130.02
577.03 118.69
571.83 107.37
518.49 199.41
536.90 186.67
521.33 178.64
557.20 198.47
550.59 185.25
561.45 171.56
572.31 170.15
585.05 161.65
596.85 146.07
602.99 169.20
615.73 176.75
615.73 167.31
613.84 156.46
612.43 191.86
606.29 203.66
606.76 216.88
624.70 209.32
636.03 222.54
584.58 226.79
567.59 221.60
574.19 211.68
586.94 209.32
544.46 221.60
532.66 203.19
507.64 176.75
497.73 166.84
484.98 214.04
479.32 199.41
490.17 190.91
628.48 73.85
610.54 77.16
587.41 77.63
566.64 82.35
687.95 79.04
672.85 74.80
727.60 72.44
737.52 70.55
539.74 88.96
553.90 95.56
557.20 111.14
484.51 87.07
512.36 84.71
505.28 83.76
508.58 73.85
524.63 72.91
523.69 84.71
793.69 122.00
789.44 142.77
722.88 120.11
730.44 109.25
740.35 123.89
445.57 167.08
705.65 62.08
688.19 65.38
653.73 55.47
640.04 55.94
639.57 70.10
646.18 63.02
658.45 71.99
661.28 85.68
619.27 56.88
621.63 47.44
615.02 42.72
605.11 50.75
602.28 62.08
600.86 44.61
590.48 47.44
578.21 40.36
561.69 55.47
570.65 51.22
557.44 45.55
548.94 42.72
536.20 40.36
537.14 30.92
547.05 30.45
537.14 67.74
555.55 67.27
518.73 59.24
514.48 50.27
506.93 40.36
521.09 32.81
514.95 24.78
506.46 12.51
494.19 4.02
472.47 78.60
446.98 105.50
455.01 96.53
459.73 88.51
455.01 78.60
446.51 78.60
466.81 106.92
438.49 210.76
445.57 197.55
434.71 188.11
425.74 161.67
412.05 156.48
404.97 174.89
403.56 196.60
465.39 227.28
637.92 127.82
366.27 166.13
347.38 161.41
440.85 246.38
361.55 145.36
341.72 126.48
291.69 140.64
294.52 127.43
244.48 141.59
256.76 130.26
246.37 117.04
151.02 200.12
153.85 224.66
167.07 189.73
174.62 176.52
188.78 180.29
114.20 160.47
126.48 170.85
145.36 163.30
147.24 150.08
134.97 140.64
392.70 151.97
455.01 143.48
441.79 154.80
462.56 163.30
478.61 177.46
386.09 118.93
370.04 119.87
386.09 184.07
669.31 153.86
642.87 154.57
662.70 133.33
606.53 123.41
492.30 60.16
473.89 68.19
436.60 88.96
424.33 84.24
404.97 85.18
427.63 71.02
463.50 66.77
430.93 138.99
505.04 29.48
640.99 97.45
633.43 103.59
412.52 144.18
413.47 130.49
428.10 106.89
438.01 105.01
450.29 126.72
469.17 116.81
170.85 140.64
185.01 131.20
204.83 121.76
138.75 123.65
159.52 117.04
100.99 105.71
73.61 110.43
68.89 121.76
81.16 92.50
94.38 90.61
100.04 82.11
114.20 92.50
81.16 71.73
62.28 77.39
68.89 68.90
50.01 84.00
25.46 167.08
19.80 146.31
22.63 134.98
12.24 117.04
5.64 97.22
33.01 68.90
22.63 50.96
11.30 64.17
32.07 57.57
43.40 53.79
56.62 57.57
53.78 49.07
90.60 57.57
72.66 57.57
93.43 47.18
132.14 70.78
160.46 78.34
158.57 95.33
168.96 91.55
189.73 110.43
200.11 84.00
261.48 114.21
269.03 107.60
315.76 169.23
303.49 151.76
327.09 141.85
318.12 133.35
323.78 111.64
331.81 105.03
342.66 103.61
340.78 111.64
359.66 98.89
370.51 105.97
385.15 105.50
396.95 99.37
392.70 91.81
382.79 85.20
378.54 79.54
310.09 126.74
297.82 111.64
252.98 105.50
241.18 102.20
228.43 100.31
217.58 109.28
296.41 91.81
109.01 127.69
194.45 63.49
213.33 78.60
246.37 82.37
254.87 75.29
276.58 82.84
267.61 95.59
302.54 76.71
289.33 79.54
312.93 65.38
301.13 67.74
328.50 67.74
327.56 59.24
337.47 52.63
345.50 48.86
226.55 49.33
210.50 55.94
204.83 67.74
141.58 47.44
127.89 48.86
115.15 39.42
109.01 34.23
98.15 30.45
95.79 18.18
120.81 60.66
151.02 29.03
139.69 32.34
159.52 26.20
174.15 25.73
210.97 31.39
233.63 30.92
243.07 40.36
350.69 62.08
340.78 84.26
327.09 80.96
360.13 75.29
387.98 48.86
312.45 12.98
313.40 19.12
418.19 56.88
426.69 46.97
439.90 54.52
260.53 55.94
268.08 48.86
283.66 45.55
293.57 47.91
303.96 34.23
337.47 36.11
325.20 38.95
347.86 43.67
353.52 22.42
102.87 189.99
98.63 176.78
109.48 60.66
177.45 35.64
185.95 29.51
206.72 20.54
218.05 19.12
225.60 24.31
112.31 13.93
401.20 59.72
417.24 38.00
399.31 33.75
382.79 41.31
277.29 161.56
281.54 150.93
282.01 131.82
324.49 97.12
224.19 125.21
370.04 95.00
455.01 51.22
464.45 40.83
463.98 34.23
463.50 25.73
470.58 21.01
483.33 34.70
475.78 35.64
488.05 29.51
488.05 23.84
479.55 24.78
442.26 38.95
436.60 33.75
432.35 25.73
423.85 29.03
406.86 23.84
447.45 38.95
450.76 34.70
454.06 27.15
459.26 7.79
380.43 56.88
442.26 19.59
419.60 10.62
380.90 24.78
394.59 27.15
377.59 12.98
393.64 12.98
404.03 12.98
410.64 19.12
476.72 16.29
337.47 20.54
337.47 12.51
337.47 4.49
345.97 4.49
355.88 7.32
362.02 11.57
378.54 4.96
429.99 122.02
360.13 115.41
281.30 92.28
263.84 68.68
246.84 67.74
245.90 55.47
235.51 60.66
257.23 62.55
281.30 57.35
336.53 64.44
475.78 2.60
484.74 6.38
446.98 4.49
580.09 65.38
594.73 64.44
386.09 170.85
269.03 152.92
540.92 351.17
529.59 329.45
549.41 303.02
1032.77 463.51
17.20 30.42
59.21 31.84
9.65 31.84
3.51 46.95
10.59 47.42
33.25 36.09
3.51 21.93
70.07 22.87
25.05 12.66
33.31 20.41
41.05 3.89
60.14 4.41
82.85 5.95
105.56 2.34
148.92 11.12
148.40 19.89
159.75 12.66
157.17 11.12
175.75 9.05
198.46 19.89
203.11 11.12
237.17 9.05
258.33 11.12
284.66 20.92
293.95 16.28
304.27 12.66
308.40 8.02
150.46 100.40
146.85 91.63
213.95 92.66
227.37 85.95
220.66 74.60
233.04 77.69
220.14 65.31
75.11 15.24
157.17 5.44
216.01 11.12
281.56 9.57
290.33 6.47
300.14 5.44
80.27 28.15
88.01 30.21
160.79 43.63
172.66 43.63
180.40 47.76
187.11 44.66
194.33 42.08
206.21 41.05
153.56 49.82
171.11 62.21
176.27 66.34
187.63 88.53
175.75 83.37
191.24 98.34
145.30 67.89
136.01 58.08
144.79 58.08
117.43 50.86
252.66 17.31
269.17 25.57
252.14 33.31
309.43 54.47
349.69 184.02
365.69 191.24
346.59 137.05
352.27 124.15
392.52 139.11
468.39 130.86
84.40 130.86
18.34 21.95
23.50 19.89
139.63 14.73
132.92 9.05
223.24 11.12
271.24 18.34
133.43 79.76
112.79 71.50
183.50 159.76
193.82 147.37
47.24 20.41
113.30 5.44
284.14 31.76
296.01 23.50
210.33 200.53
222.21 213.95
546.59 116.40
542.46 107.11
491.88 129.31
505.81 125.69
526.46 125.18
522.84 104.02
370.07 50.86
401.56 48.79
191.24 73.42
181.43 80.90
358.20 108.52
100.27 46.58
108.79 47.61
137.17 25.16
747.60 185.60
753.28 174.76
745.54 158.24
768.76 153.08
799.21 156.70
666.05 111.28
480.77 47.80
82.34 116.40
72.53 170.63
91.63 163.92
795.60 343.01
774.96 336.82
837.92 312.05
70.60 33.16
32.66 44.26
176.79 100.96
862.70 154.12
887.99 157.21
867.86 169.08
571.09 150.50
591.22 130.37
613.93 89.60
549.41 64.44
264.53 29.70
264.53 40.53
259.37 40.02
187.63 20.92
122.08 30.73
318.20 107.11
308.91 114.34
406.46 121.56
252.66 173.18
215.50 143.76
136.01 185.05
124.66 201.05
255.24 213.43
677.80 193.04
191.62 6.12
367.45 83.68
