372.05 427.01
361.66 343.94
421.14 369.43
254.99 384.53
302.19 397.75
325.79 308.06
244.60 303.34
204.01 291.07
196.45 276.91
173.80 283.52
211.56 356.21
213.45 392.08
204.01 417.57
225.72 430.79
151.14 437.40
140.76 385.48
136.98 366.59
127.54 323.17
118.10 261.80
123.76 239.15
96.38 228.76
72.78 216.49
59.57 233.48
33.13 246.70
91.66 309.95
83.17 323.17
72.78 363.76
83.17 350.55
41.63 376.98
82.22 403.41
435.30 252.36
381.49 255.20
404.15 246.70
404.15 224.99
381.49 206.10
361.66 245.76
331.45 238.20
318.24 258.03
288.97 263.69
303.13 238.20
274.81 243.87
4.81 362.82
232.33 214.60
207.78 208.94
221.94 238.20
316.35 202.33
301.24 203.27
134.15 201.38
328.62 123.97
352.22 141.91
435.30 226.87
438.13 209.88
434.36 188.17
343.73 216.49
360.72 182.50
322.01 165.51
292.75 143.80
282.36 159.85
263.48 149.46
260.65 175.90
244.60 189.11
223.83 179.67
228.55 168.34
209.67 178.73
194.57 198.55
176.63 211.77
173.80 222.15
154.92 205.16
154.92 228.76
165.30 194.78
182.29 178.73
152.08 188.17
4.58 220.97
7.41 245.52
37.15 204.45
49.42 212.01
53.67 193.60
24.40 81.25
54.14 77.95
68.30 77.48
59.80 88.81
73.02 113.82
60.27 114.77
45.17 110.99
22.98 105.80
22.04 125.15
7.88 120.90
39.51 171.41
21.10 158.67
36.67 150.64
0.80 170.47
7.41 157.25
13.54 193.60
25.34 175.19
50.36 148.75
60.27 138.84
73.02 186.04
78.68 171.41
67.83 162.91
18.26 60.96
4.10 67.56
0.80 83.14
73.49 59.07
45.64 56.71
52.72 55.76
49.42 45.85
33.37 44.91
34.31 56.71
112.43 139.08
0.56 17.55
9.06 14.72
21.80 12.36
20.86 2.92
10.95 2.45
20.86 39.74
2.45 39.27
39.27 31.24
43.52 22.27
51.07 12.36
36.91 4.81
85.53 50.60
111.02 77.50
102.99 68.53
98.27 60.51
102.99 50.60
111.49 50.60
91.19 78.92
119.51 182.76
112.43 169.55
123.29 160.11
132.26 133.67
145.95 128.48
153.03 146.89
154.44 168.60
92.61 199.28
191.73 138.13
210.62 133.41
117.15 218.38
196.45 117.36
216.28 98.48
266.31 112.64
263.48 99.43
313.52 113.59
301.24 102.26
311.63 89.04
406.98 172.12
404.15 196.66
390.93 161.73
383.38 148.52
369.22 152.29
443.80 132.47
431.52 142.85
412.64 135.30
410.76 122.08
423.03 112.64
165.30 123.97
102.99 115.48
116.21 126.80
95.44 135.30
79.39 149.46
171.91 90.93
187.96 91.87
171.91 156.07
65.70 32.16
84.11 40.19
121.40 60.96
133.67 56.24
153.03 57.18
130.37 43.02
94.50 38.77
127.07 110.99
52.96 1.48
145.48 116.18
144.53 102.49
129.90 78.89
119.99 77.01
107.71 98.72
88.83 88.81
387.15 112.64
372.99 103.20
353.17 93.76
419.25 95.65
398.48 89.04
443.80 64.50
425.86 42.78
397.54 50.34
399.43 67.33
389.04 63.55
368.27 82.43
357.89 56.00
296.52 86.21
288.97 79.60
242.24 141.23
254.51 123.76
230.91 113.85
239.88 105.35
234.22 83.64
226.19 77.03
215.34 75.61
217.22 83.64
198.34 70.89
187.49 77.97
172.85 77.50
161.05 71.37
165.30 63.81
175.21 57.20
179.46 51.54
247.91 98.74
260.18 83.64
305.02 77.50
316.82 74.20
329.57 72.31
340.42 81.28
261.59 63.81
448.99 99.69
363.55 35.49
344.67 50.60
311.63 54.37
303.13 47.29
281.42 54.84
290.39 67.59
255.46 48.71
268.67 51.54
245.07 37.38
256.87 39.74
229.50 39.74
230.44 31.24
220.53 24.63
212.50 20.86
331.45 21.33
347.50 27.94
353.17 39.74
416.42 19.44
430.11 20.86
442.85 11.42
448.99 6.23
437.19 32.66
406.98 1.03
418.31 4.34
347.03 3.39
324.37 2.92
314.93 12.36
207.31 34.08
217.22 56.26
230.91 52.96
197.87 47.29
170.02 20.86
139.81 28.88
131.31 18.97
118.10 26.52
297.47 27.94
289.92 20.86
274.34 17.55
264.43 19.91
254.04 6.23
220.53 8.11
232.80 10.95
210.14 15.67
455.13 161.99
448.52 32.66
380.55 7.64
372.05 1.51
156.80 31.72
140.76 10.00
158.69 5.75
175.21 13.31
280.71 133.56
276.46 122.93
275.99 103.82
233.51 69.12
333.81 97.21
187.96 67.00
102.99 23.22
93.55 12.83
94.02 6.23
74.67 6.70
82.22 7.64
69.95 1.51
115.74 10.95
121.40 5.75
134.15 1.03
110.55 10.95
107.24 6.70
177.57 28.88
128.01 94.02
197.87 87.41
276.70 64.28
294.16 40.68
311.16 39.74
312.10 27.47
322.49 32.66
300.77 34.55
276.70 29.35
221.47 36.44
171.91 142.85
288.97 124.92
17.08 323.17
28.41 301.45
8.59 275.02
407.54 72.40
411.15 63.63
344.05 64.66
330.63 57.95
337.34 46.60
324.96 49.69
337.86 37.31
397.21 15.63
385.34 15.63
377.60 19.76
370.89 16.66
363.67 14.08
351.79 13.05
404.44 21.82
386.89 34.21
381.73 38.34
370.37 60.53
382.25 55.37
366.76 70.34
412.70 39.89
421.99 30.08
413.21 30.08
440.57 22.86
305.86 5.31
248.57 26.47
208.31 156.02
192.31 163.24
211.41 109.05
205.73 96.15
165.48 111.11
89.61 102.86
424.57 51.76
445.21 43.50
374.50 131.76
364.18 119.37
273.86 3.76
347.67 172.53
335.79 185.95
11.41 88.40
15.54 79.11
66.12 101.31
52.19 97.69
31.54 97.18
35.16 76.02
187.93 22.86
156.44 20.79
366.76 45.42
376.57 52.90
199.80 80.52
449.21 19.61
77.23 19.80
381.21 72.96
8.59 36.44
293.47 1.70
293.47 12.53
298.63 12.02
435.92 2.73
239.80 79.11
249.09 86.34
151.54 93.56
305.34 145.18
342.50 115.76
421.99 157.05
433.34 173.05
302.76 185.43
190.55 55.68
