1018.83 498.26
1002.79 503.20
964.54 532.81
968.24 594.51
942.33 498.26
865.82 514.30
794.25 580.94
763.40 500.73
710.33 490.86
693.06 532.81
644.93 558.73
658.51 485.92
623.95 497.03
551.15 480.99
522.76 488.39
483.28 480.99
433.92 488.39
393.19 492.09
308.05 498.26
278.43 490.86
221.67 489.62
148.86 499.50
101.97 500.73
46.44 499.50
43.97 482.22
4.48 531.58
4.48 480.99
11.89 460.01
58.78 643.87
127.88 546.39
347.54 568.60
427.75 616.73
457.36 535.28
1018.83 419.29
979.35 393.37
885.56 378.56
853.48 382.27
838.67 387.20
788.08 379.80
776.97 387.20
736.25 394.61
669.61 395.84
637.53 399.54
601.74 395.84
563.49 388.44
540.04 382.27
522.76 395.84
521.53 387.20
419.11 385.97
404.30 402.01
394.43 390.90
367.28 388.44
350.00 393.37
352.47 377.33
327.79 395.84
303.11 394.61
283.37 390.90
268.56 387.20
236.48 387.20
195.75 393.37
219.20 385.97
183.41 385.97
173.54 425.46
173.54 404.48
159.97 413.12
159.97 393.37
137.76 403.24
135.29 393.37
101.97 399.54
78.52 399.54
47.67 399.54
50.14 408.18
34.10 387.20
6.95 408.18
11.89 427.92
32.87 436.56
106.91 447.67
87.16 473.58
145.16 460.01
257.45 439.03
274.73 442.73
236.48 447.67
298.18 462.48
315.45 413.12
292.01 485.92
388.26 434.09
411.70 437.80
474.64 323.03
542.51 445.20
575.83 437.80
614.08 416.82
684.42 431.63
673.31 414.35
723.91 422.99
753.52 446.43
764.63 416.82
753.52 403.24
757.23 416.82
779.44 462.48
843.61 434.09
838.67 405.71
852.24 411.88
738.72 479.75
885.56 464.94
921.35 436.56
911.48 420.52
888.03 410.65
960.84 437.80
955.90 464.94
1002.79 456.31
990.45 474.82
1020.07 457.54
896.00 427.31
794.19 499.50
846.02 484.07
750.38 459.39
292.06 444.89
330.32 384.42
337.72 369.00
370.42 371.47
447.55 373.94
950.57 219.07
947.80 211.97
907.69 195.93
904.61 195.93
912.01 202.41
910.16 247.14
910.00 259.48
885.17 247.91
946.41 232.49
947.02 227.71
940.39 227.24
931.14 222.62
932.83 228.02
923.42 239.74
947.02 244.06
920.65 248.68
902.91 243.59
884.86 222.15
859.56 219.69
866.66 221.23
860.49 224.62
854.01 223.70
926.51 252.70
932.37 252.70
940.70 242.21
870.70 165.70
846.94 164.46
858.05 165.08
810.23 157.68
791.41 156.75
775.06 165.70
748.84 167.24
735.27 163.85
727.55 165.08
721.69 165.70
719.22 165.08
687.14 167.24
711.20 204.57
731.26 203.95
690.22 200.87
664.00 202.72
675.73 199.63
763.96 231.41
746.06 228.32
650.43 212.90
647.96 204.26
616.80 210.74
604.15 200.25
617.73 224.31
583.18 204.57
546.77 211.66
524.87 203.64
503.58 222.46
517.77 228.32
564.97 237.89
544.30 241.28
536.59 240.66
525.18 247.14
577.01 253.00
589.04 245.60
598.60 241.28
613.72 241.28
607.55 248.07
604.77 235.73
618.04 254.24
591.81 274.60
612.48 295.27
585.95 299.59
554.18 303.60
530.73 294.34
531.66 269.97
505.43 260.72
492.48 249.30
475.82 244.06
492.48 267.81
504.20 309.46
461.93 248.68
454.84 248.38
439.11 246.53
443.12 251.77
445.89 224.93
439.41 224.93
435.40 232.33
422.75 236.65
424.61 230.17
419.98 225.86
420.60 218.14
410.11 219.69
426.46 224.62
417.20 238.81
411.96 239.43
399.31 239.74
396.22 230.17
387.28 225.55
389.44 224.62
385.12 221.23
380.18 223.39
376.48 224.00
375.25 219.38
359.82 221.54
356.74 221.54
376.79 243.75
434.79 292.80
444.04 289.10
453.60 289.10
455.46 309.77
470.26 282.93
421.21 286.94
411.96 282.00
410.11 320.87
396.22 308.53
397.15 291.26
378.33 278.30
366.61 278.92
384.50 311.00
395.92 321.18
367.22 325.19
365.68 298.35
352.72 296.19
339.15 290.64
341.93 281.08
320.64 321.18
323.11 305.45
318.79 305.45
310.77 309.15
305.83 302.67
311.08 325.19
302.75 325.81
288.25 324.27
284.55 319.33
275.29 306.99
267.58 301.44
270.05 317.79
279.92 278.61
295.04 280.46
327.12 280.46
312.93 295.58
301.51 289.72
279.61 243.13
266.65 240.36
289.48 246.22
316.32 247.45
281.77 244.37
309.84 243.75
340.08 245.29
332.36 244.06
340.69 232.33
331.13 225.55
318.79 215.37
312.00 220.30
305.52 224.00
300.90 216.91
304.29 217.83
294.73 225.86
290.41 227.71
283.31 225.55
280.54 220.61
288.87 220.61
270.66 216.29
266.65 223.39
275.60 226.16
321.57 224.62
324.34 219.38
330.20 220.30
413.25 337.22
404.61 329.51
385.48 332.91
405.23 373.01
386.41 367.15
362.04 358.82
348.15 352.03
334.58 354.19
327.79 340.62
352.78 327.35
363.89 315.94
301.26 344.94
300.34 338.46
289.85 350.18
288.30 367.77
294.47 360.67
305.27 362.83
318.85 359.13
323.78 352.03
308.36 386.89
312.68 381.65
320.08 365.91
313.29 363.45
268.56 364.37
279.05 358.82
269.18 353.57
271.34 344.01
274.42 335.99
257.76 344.94
244.19 320.87
247.27 313.78
242.65 311.31
242.34 302.36
233.39 295.27
256.22 280.77
241.41 277.99
232.47 276.76
241.41 340.31
245.11 347.10
253.44 349.56
255.29 354.19
252.21 355.73
249.74 359.13
258.38 368.69
252.83 377.95
245.73 378.56
237.71 367.77
240.79 361.29
233.08 357.89
240.49 355.73
246.35 354.50
244.19 351.42
240.18 349.26
222.28 348.33
217.04 350.18
226.30 353.57
216.11 361.29
223.83 363.14
217.04 369.93
206.86 375.79
188.66 369.62
199.76 360.67
206.86 357.28
205.63 344.63
195.45 352.65
186.81 350.18
186.50 357.28
180.02 357.28
182.18 346.79
190.51 338.46
196.99 334.45
208.40 322.42
195.14 316.55
207.79 295.89
191.13 294.03
192.67 301.44
204.70 277.07
194.52 275.52
187.12 282.93
250.72 234.80
259.67 235.42
258.44 218.45
263.37 212.90
258.74 209.20
247.64 212.28
258.44 211.05
235.91 218.76
236.53 213.21
228.82 239.12
226.66 235.42
242.70 244.06
250.72 224.62
222.96 239.12
222.34 234.80
222.65 227.40
218.64 226.16
215.55 235.42
213.39 239.12
208.77 237.58
210.93 233.88
210.62 220.61
201.05 221.84
204.76 211.97
200.44 211.97
194.58 224.62
187.17 226.16
188.71 217.53
184.09 220.30
183.47 214.13
176.68 216.60
182.24 232.64
163.11 236.34
167.12 221.84
159.10 220.61
166.50 215.37
159.41 211.97
158.79 207.04
148.61 221.23
153.24 215.06
148.92 228.94
141.82 227.09
137.81 224.93
142.13 215.06
135.96 218.14
126.71 218.76
123.31 211.97
105.73 211.36
150.15 236.34
158.79 235.42
128.56 239.74
118.07 238.50
121.77 233.26
111.28 233.57
98.63 246.22
82.90 240.05
84.13 231.72
99.56 223.39
108.81 222.46
105.42 222.46
97.40 212.28
88.45 211.05
85.98 218.76
79.20 224.62
75.19 216.29
69.63 212.90
63.77 219.69
67.78 221.23
52.97 216.60
29.84 214.44
28.60 262.26
41.87 288.79
48.35 299.59
50.51 285.09
38.47 300.82
175.45 293.73
179.77 275.52
184.39 279.84
168.35 276.45
162.18 277.68
161.87 290.95
151.39 286.63
133.80 272.75
129.17 277.68
118.38 277.68
123.00 276.45
109.12 269.05
102.33 269.35
92.15 284.47
102.64 287.56
127.32 288.79
135.34 287.25
79.50 280.77
73.03 284.16
175.14 330.75
164.03 322.42
166.81 335.68
166.81 366.84
148.92 375.48
156.94 373.63
146.14 366.53
148.92 359.74
143.67 348.64
136.58 344.32
149.84 348.02
155.70 337.22
150.77 334.45
141.20 333.52
144.60 321.80
155.40 321.80
152.31 317.79
157.86 306.68
163.73 315.63
112.82 404.48
112.82 379.49
123.00 383.19
126.40 375.48
136.58 376.71
123.31 367.46
132.57 353.57
125.16 348.02
119.30 335.06
124.55 328.89
124.85 317.79
124.85 306.68
115.32 305.45
109.46 306.99
109.77 315.32
101.74 326.43
105.14 334.45
116.55 319.33
120.87 313.16
98.66 353.88
93.72 350.49
97.73 332.91
75.21 352.03
76.14 345.55
85.09 341.85
85.39 345.86
84.78 369.31
95.27 371.16
102.67 382.57
90.95 379.80
90.95 397.38
81.08 389.67
74.29 381.34
72.44 368.38
66.27 366.22
66.88 358.20
60.71 353.27
57.32 364.68
56.70 375.48
52.38 372.70
63.80 375.48
59.79 386.28
53.93 389.98
42.20 385.35
44.05 378.87
50.53 381.03
53.31 381.03
30.48 370.54
37.58 374.86
35.11 362.52
23.69 361.60
15.67 374.55
22.15 380.41
15.98 390.29
4.26 392.14
9.81 354.81
3.33 353.27
2.10 343.70
12.59 328.28
16.29 335.06
21.84 345.86
41.59 344.63
60.71 330.44
47.76 329.51
26.47 333.83
26.16 319.33
18.45 315.63
39.43 317.79
45.60 320.26
82.62 333.21
79.22 319.33
73.05 311.31
27.09 296.81
18.76 276.76
11.66 265.96
0.86 295.27
730.58 508.59
