1000.42 674.34
967.97 564.73
920.21 637.60
851.02 668.21
830.81 602.08
807.55 566.57
900.00 554.94
892.66 491.26
960.62 485.75
942.25 452.68
1005.32 442.89
962.46 395.74
994.30 390.84
973.48 442.89
919.60 430.64
885.31 419.01
876.74 440.44
851.02 442.89
822.24 466.77
796.53 441.66
789.79 576.37
745.09 525.55
745.09 473.50
739.58 451.46
750.60 436.15
768.36 432.48
689.37 440.44
696.72 492.48
668.55 509.01
647.12 512.08
654.47 602.70
601.20 610.66
593.24 529.83
571.81 499.83
606.71 490.03
617.12 464.93
648.35 426.35
705.91 429.42
713.86 423.29
674.07 397.58
658.76 400.64
609.16 338.18
997.36 357.78
961.23 346.14
921.43 352.88
892.04 351.65
877.96 352.88
865.10 335.12
849.18 332.67
849.18 348.59
848.57 357.16
829.59 343.69
834.49 330.22
852.86 305.73
827.75 307.57
796.53 316.14
797.14 336.35
816.73 376.76
797.14 369.41
789.18 377.37
775.09 348.59
749.99 354.72
739.58 343.08
724.89 363.90
706.52 403.09
983.28 270.22
963.07 264.71
929.39 260.42
907.96 258.58
873.68 261.03
810.00 197.35
781.22 200.42
1003.48 234.70
981.44 233.48
925.11 241.44
838.16 219.40
890.82 400.03
923.88 403.70
539.36 676.78
762.14 266.39
743.47 283.23
735.81 285.37
731.53 320.89
716.22 327.01
756.63 322.42
706.73 348.44
699.69 334.66
707.04 318.13
719.28 300.99
708.87 305.88
699.08 303.74
710.71 296.09
738.26 240.06
732.14 238.84
734.90 251.08
751.73 248.63
746.53 251.39
740.41 261.49
730.00 263.33
728.16 275.27
733.06 274.66
725.71 280.17
715.30 276.19
705.81 277.11
709.18 276.49
705.50 267.92
701.22 268.84
696.01 269.15
692.03 268.23
689.89 268.84
701.22 260.57
705.81 261.49
711.63 264.25
698.46 283.54
672.13 284.15
686.22 278.94
681.32 307.11
686.83 304.97
668.15 307.72
663.26 301.60
665.71 295.48
677.95 294.25
655.60 293.94
660.50 292.11
663.26 285.07
728.47 244.35
683.46 340.79
684.38 369.87
651.62 360.69
659.28 338.64
661.42 354.56
679.48 326.40
657.44 312.01
649.48 318.74
643.36 327.31
640.60 346.91
634.17 350.58
652.23 343.54
722.96 270.37
679.79 251.08
584.58 352.11
576.62 367.42
571.10 381.81
583.04 391.61
597.43 406.30
560.39 393.75
569.57 349.36
566.21 339.56
577.23 334.66
591.00 330.68
596.21 336.81
624.07 337.42
636.01 334.05
563.76 327.93
578.45 325.78
610.29 308.03
616.42 298.23
622.84 295.48
634.78 299.46
642.74 292.11
605.09 297.62
916.54 376.15
470.17 651.07
402.20 671.27
450.58 599.02
486.70 564.12
448.74 504.73
412.61 520.04
412.61 484.52
382.61 479.01
363.02 509.01
334.85 531.06
359.34 570.24
298.11 589.23
299.95 628.41
225.86 670.66
155.45 668.82
193.41 514.53
235.05 460.03
187.90 442.89
207.49 440.44
299.95 458.19
315.87 487.58
544.87 333.28
553.44 316.75
544.26 319.81
536.30 333.90
528.34 333.90
519.77 335.73
527.11 389.62
526.50 401.86
514.26 389.62
512.42 415.95
495.89 392.07
498.95 433.70
484.25 421.46
447.51 410.43
434.66 453.91
397.31 450.23
383.22 453.91
361.18 424.52
374.04 365.12
373.43 338.18
504.46 335.12
502.01 324.71
492.21 338.18
484.86 368.80
494.05 354.72
505.07 351.65
521.60 352.27
557.73 357.78
556.50 368.19
546.09 362.68
466.50 365.12
475.68 365.74
465.27 352.88
473.84 351.65
435.88 370.64
427.31 352.88
442.00 362.68
429.15 398.80
419.96 385.33
448.74 387.17
467.72 385.94
459.76 381.66
478.13 396.35
411.39 410.43
422.41 418.39
440.17 422.68
431.59 436.15
399.14 357.16
413.23 359.61
407.10 338.18
396.08 333.28
419.96 352.88
434.04 324.10
443.84 326.55
457.92 324.71
473.84 336.35
141.36 447.17
132.79 428.19
150.55 420.84
165.24 433.70
178.10 432.48
201.37 425.13
177.49 414.72
168.31 407.37
214.23 407.99
247.29 399.41
258.93 396.35
252.80 381.66
220.96 388.39
189.74 377.98
159.73 381.66
141.36 371.25
132.79 382.27
125.45 376.15
116.26 372.47
96.67 424.52
96.05 385.33
108.30 392.68
448.13 311.85
440.17 313.69
433.43 308.79
424.25 307.57
417.51 308.79
413.84 327.16
351.38 348.59
342.20 339.41
354.45 330.84
321.99 354.10
323.83 365.12
311.58 372.47
305.46 357.78
314.03 359.61
293.22 371.25
328.12 382.88
328.12 404.92
315.87 410.43
273.62 425.13
274.85 440.44
348.93 463.70
236.88 339.41
212.39 357.16
201.98 359.61
499.56 536.57
336.08 350.43
320.77 322.88
298.73 329.61
299.95 340.63
289.54 341.86
307.91 340.63
317.09 346.14
153.61 365.12
133.41 362.68
106.46 349.82
104.01 335.12
94.83 338.80
123.00 336.35
132.18 346.14
138.92 333.28
142.59 340.63
276.07 340.63
273.01 361.45
255.86 368.19
262.60 354.10
271.17 316.14
279.74 322.26
113.20 327.77
200.15 347.37
200.15 335.12
207.49 335.12
394.86 305.12
396.69 316.75
416.29 292.26
438.94 299.61
456.70 288.59
462.21 272.67
470.17 277.57
473.23 280.01
476.29 283.69
483.03 285.53
488.54 285.53
491.60 288.59
494.66 283.08
496.50 313.08
492.21 302.06
508.13 289.20
529.56 291.04
540.58 297.16
542.42 280.01
532.01 282.46
552.83 295.32
558.95 299.61
576.10 296.55
589.57 294.71
585.28 291.04
581.00 280.01
639.16 275.12
628.76 274.50
617.12 275.12
622.63 265.93
651.41 266.54
658.15 273.28
664.27 266.54
661.21 250.62
663.66 244.50
686.31 243.89
655.08 245.11
243.62 348.59
186.68 368.19
233.21 512.08
255.25 303.28
244.23 307.57
231.99 297.16
216.68 316.14
195.25 316.14
410.16 287.97
413.84 285.53
512.42 297.77
505.07 297.77
531.40 302.67
534.46 313.08
475.07 325.32
479.97 318.59
685.70 254.91
690.60 257.97
684.47 264.71
656.46 279.86
650.65 277.11
603.19 314.15
591.25 317.52
594.01 310.48
586.97 263.94
583.29 259.35
617.27 263.94
679.73 241.29
722.28 263.64
451.34 299.15
478.28 304.97
482.26 272.51
521.76 277.11
511.04 275.27
511.04 285.37
520.23 295.17
383.99 318.13
348.17 320.27
373.27 289.96
427.46 293.33
433.89 280.47
584.82 268.84
594.62 268.23
604.11 270.98
602.89 260.88
576.25 284.76
576.56 275.88
559.72 277.11
534.31 281.70
518.08 267.00
529.41 272.51
577.48 266.08
404.50 268.84
431.75 316.91
367.15 321.80
475.83 296.70
641.15 266.39
645.44 260.57
627.07 250.17
629.52 262.72
637.48 262.72
556.66 262.10
564.62 268.84
565.84 276.19
566.76 285.37
548.70 306.80
489.30 314.76
471.24 314.15
636.87 252.61
584.21 253.23
281.73 311.40
364.70 291.19
169.07 364.67
72.63 318.13
201.52 310.17
282.96 305.88
300.72 310.17
314.80 314.76
365.31 314.15
367.46 300.68
378.48 299.46
385.83 297.01
408.17 275.88
228.16 314.46
175.19 350.89
188.36 342.62
183.15 337.42
181.62 332.52
172.75 324.25
104.47 326.40
362.25 282.31
371.44 281.39
393.48 286.60
453.48 271.29
444.61 290.88
333.78 319.66
293.67 323.03
315.72 330.68
314.19 339.25
294.59 361.91
241.94 363.44
234.28 361.30
233.67 351.19
219.28 338.34
190.50 395.59
182.24 391.61
149.48 325.78
164.17 315.99
126.21 326.40
132.64 332.52
68.96 346.91
65.29 366.20
264.59 326.70
341.13 427.73
160.19 359.15
152.23 345.38
305.31 320.27
86.72 305.88
69.27 304.66
116.72 319.66
252.96 346.91
521.76 327.01
451.34 329.46
451.95 366.81
199.07 452.53
208.26 316.91
206.42 311.40
337.76 289.35
329.26 388.93
280.13 382.65
273.85 300.45
280.28 322.49
418.81 273.05
416.82 293.87
384.37 308.87
337.53 301.22
360.19 301.98
341.36 370.86
553.44 428.19
581.61 442.89
549.16 456.97
526.50 470.44
536.30 506.57
498.95 456.97
530.18 430.64
407.10 439.21
488.54 263.48
500.78 255.52
486.09 259.20
470.17 270.22
463.43 262.26
467.11 262.26
380.16 271.44
388.73 270.22
391.18 277.57
558.34 267.77
590.79 251.24
591.41 244.50
688.61 237.61
669.01 240.06
667.18 238.84
682.18 238.53
670.85 263.33
674.52 257.82
402.36 327.93
495.12 274.66
343.88 325.78
611.15 251.08
493.90 259.66
532.78 252.61
541.96 262.41
156.15 309.25
172.69 307.42
74.69 522.00
47.07 541.43
14.33 563.94
74.69 427.88
60.37 410.49
82.87 408.45
78.78 387.99
56.28 396.17
42.98 397.19
33.77 400.26
21.49 409.47
164.97 326.61
181.33 313.82
186.96 312.29
249.87 313.31
257.55 313.82
235.55 326.61
225.83 325.07
242.71 300.01
330.18 309.73
341.94 311.78
347.57 305.13
353.71 306.66
353.71 295.41
354.22 285.69
324.55 294.39
313.81 302.06
307.16 298.99
300.51 292.34
293.35 288.25
275.96 278.53
151.67 319.45
136.32 317.40
141.95 324.05
89.27 325.07
87.73 332.75
72.90 336.33
60.62 329.68
54.49 320.98
51.93 315.87
39.14 313.31
45.28 325.59
52.44 332.24
52.95 338.37
61.13 349.63
61.65 342.98
57.04 346.05
40.67 347.58
34.03 339.40
35.05 335.82
25.33 337.86
23.28 355.76
16.12 342.47
15.10 366.51
8.96 378.27
5.89 400.78
6.92 434.53
21.75 423.28
180.06 487.22
123.79 469.83
136.07 478.01
217.91 493.35
866.22 240.17
861.61 235.05
855.99 234.03
847.29 215.10
832.46 218.17
826.32 222.78
837.06 229.94
824.79 230.45
51.16 445.27
12.29 462.67
24.56 479.03
33.77 466.76
46.05 360.37
36.84 375.71
12.29 323.54
95.15 362.41
