23.58 674.34
56.03 564.73
103.79 637.60
172.98 668.21
193.19 602.08
216.45 566.57
124.00 554.94
131.34 491.26
63.38 485.75
81.75 452.68
18.68 442.89
61.54 395.74
29.70 390.84
50.52 442.89
104.40 430.64
138.69 419.01
147.26 440.44
172.98 442.89
201.76 466.77
227.47 441.66
234.21 576.37
278.91 525.55
278.91 473.50
284.42 451.46
273.40 436.15
255.64 432.48
334.63 440.44
327.28 492.48
355.45 509.01
376.88 512.08
369.53 602.70
422.80 610.66
430.76 529.83
452.19 499.83
417.29 490.03
406.88 464.93
375.65 426.35
318.09 429.42
310.14 423.29
349.93 397.58
365.24 400.64
414.84 338.18
26.64 357.78
62.77 346.14
102.57 352.88
131.96 351.65
146.04 352.88
158.90 335.12
174.82 332.67
174.82 348.59
175.43 357.16
194.41 343.69
189.51 330.22
171.14 305.73
196.25 307.57
227.47 316.14
226.86 336.35
207.27 376.76
226.86 369.41
234.82 377.37
248.91 348.59
274.01 354.72
284.42 343.08
299.11 363.90
317.48 403.09
40.72 270.22
60.93 264.71
94.61 260.42
116.04 258.58
150.32 261.03
214.00 197.35
242.78 200.42
20.52 234.70
42.56 233.48
98.89 241.44
185.84 219.40
133.18 400.03
100.12 403.70
484.64 676.78
261.86 266.39
280.53 283.23
288.19 285.37
292.47 320.89
307.78 327.01
267.37 322.42
317.27 348.44
324.31 334.66
316.96 318.13
304.72 300.99
315.13 305.88
324.92 303.74
313.29 296.09
285.74 240.06
291.86 238.84
289.10 251.08
272.27 248.63
277.47 251.39
283.59 261.49
294.00 263.33
295.84 275.27
290.94 274.66
298.29 280.17
308.70 276.19
318.19 277.11
314.82 276.49
318.50 267.92
322.78 268.84
327.99 269.15
331.97 268.23
334.11 268.84
322.78 260.57
318.19 261.49
312.37 264.25
325.54 283.54
351.87 284.15
337.78 278.94
342.68 307.11
337.17 304.97
355.85 307.72
360.74 301.60
358.29 295.48
346.05 294.25
368.40 293.94
363.50 292.11
360.74 285.07
295.53 244.35
340.54 340.79
339.62 369.87
372.38 360.69
364.72 338.64
362.58 354.56
344.52 326.40
366.56 312.01
374.52 318.74
380.64 327.31
383.40 346.91
389.83 350.58
371.77 343.54
301.04 270.37
344.21 251.08
439.42 352.11
447.38 367.42
452.90 381.81
440.96 391.61
426.57 406.30
463.61 393.75
454.43 349.36
457.79 339.56
446.77 334.66
433.00 330.68
427.79 336.81
399.93 337.42
387.99 334.05
460.24 327.93
445.55 325.78
413.71 308.03
407.58 298.23
401.16 295.48
389.22 299.46
381.26 292.11
418.91 297.62
107.46 376.15
553.83 651.07
621.80 671.27
573.42 599.02
537.30 564.12
575.26 504.73
611.39 520.04
611.39 484.52
641.39 479.01
660.98 509.01
689.15 531.06
664.66 570.24
725.89 589.23
724.05 628.41
798.14 670.66
868.55 668.82
830.59 514.53
788.95 460.03
836.10 442.89
816.51 440.44
724.05 458.19
708.13 487.58
479.13 333.28
470.56 316.75
479.74 319.81
487.70 333.90
495.66 333.90
504.23 335.73
496.89 389.62
497.50 401.86
509.74 389.62
511.58 415.95
528.11 392.07
525.05 433.70
539.75 421.46
576.49 410.43
589.34 453.91
626.69 450.23
640.78 453.91
662.82 424.52
649.96 365.12
650.57 338.18
519.54 335.12
521.99 324.71
531.79 338.18
539.14 368.80
529.95 354.72
518.93 351.65
502.40 352.27
466.27 357.78
467.50 368.19
477.91 362.68
557.50 365.12
548.32 365.74
558.73 352.88
550.16 351.65
588.12 370.64
596.69 352.88
582.00 362.68
594.85 398.80
604.04 385.33
575.26 387.17
556.28 385.94
564.24 381.66
545.87 396.35
612.61 410.43
601.59 418.39
583.83 422.68
592.41 436.15
624.86 357.16
610.77 359.61
616.90 338.18
627.92 333.28
604.04 352.88
589.96 324.10
580.16 326.55
566.08 324.71
550.16 336.35
882.64 447.17
891.21 428.19
873.45 420.84
858.76 433.70
845.90 432.48
822.63 425.13
846.51 414.72
855.69 407.37
809.77 407.99
776.71 399.41
765.07 396.35
771.20 381.66
803.04 388.39
834.26 377.98
864.27 381.66
882.64 371.25
891.21 382.27
898.55 376.15
907.74 372.47
927.33 424.52
927.95 385.33
915.70 392.68
575.87 311.85
583.83 313.69
590.57 308.79
599.75 307.57
606.49 308.79
610.16 327.16
672.62 348.59
681.80 339.41
669.55 330.84
702.01 354.10
700.17 365.12
712.42 372.47
718.54 357.78
709.97 359.61
730.78 371.25
695.88 382.88
695.88 404.92
708.13 410.43
750.38 425.13
749.15 440.44
675.07 463.70
787.12 339.41
811.61 357.16
822.02 359.61
524.44 536.57
687.92 350.43
703.23 322.88
725.27 329.61
724.05 340.63
734.46 341.86
716.09 340.63
706.91 346.14
870.39 365.12
890.59 362.68
917.54 349.82
919.99 335.12
929.17 338.80
901.00 336.35
891.82 346.14
885.08 333.28
881.41 340.63
747.93 340.63
750.99 361.45
768.14 368.19
761.40 354.10
752.83 316.14
744.26 322.26
910.80 327.77
823.85 347.37
823.85 335.12
816.51 335.12
629.14 305.12
627.31 316.75
607.71 292.26
585.06 299.61
567.30 288.59
561.79 272.67
553.83 277.57
550.77 280.01
547.71 283.69
540.97 285.53
535.46 285.53
532.40 288.59
529.34 283.08
527.50 313.08
531.79 302.06
515.87 289.20
494.44 291.04
483.42 297.16
481.58 280.01
491.99 282.46
471.17 295.32
465.05 299.61
447.90 296.55
434.43 294.71
438.72 291.04
443.00 280.01
384.84 275.12
395.24 274.50
406.88 275.12
401.37 265.93
372.59 266.54
365.85 273.28
359.73 266.54
362.79 250.62
360.34 244.50
337.69 243.89
368.92 245.11
780.38 348.59
837.32 368.19
790.79 512.08
768.75 303.28
779.77 307.57
792.01 297.16
807.32 316.14
828.75 316.14
613.84 287.97
610.16 285.53
511.58 297.77
518.93 297.77
492.60 302.67
489.54 313.08
548.93 325.32
544.03 318.59
338.30 254.91
333.40 257.97
339.53 264.71
367.54 279.86
373.35 277.11
420.81 314.15
432.75 317.52
429.99 310.48
437.03 263.94
440.71 259.35
406.73 263.94
344.27 241.29
301.72 263.64
572.66 299.15
545.72 304.97
541.74 272.51
502.24 277.11
512.96 275.27
512.96 285.37
503.77 295.17
640.01 318.13
675.83 320.27
650.73 289.96
596.54 293.33
590.11 280.47
439.18 268.84
429.38 268.23
419.89 270.98
421.11 260.88
447.75 284.76
447.44 275.88
464.28 277.11
489.69 281.70
505.92 267.00
494.59 272.51
446.52 266.08
619.50 268.84
592.25 316.91
656.85 321.80
548.17 296.70
382.85 266.39
378.56 260.57
396.93 250.17
394.48 262.72
386.52 262.72
467.34 262.10
459.38 268.84
458.16 276.19
457.24 285.37
475.30 306.80
534.70 314.76
552.76 314.15
387.13 252.61
439.79 253.23
742.27 311.40
659.30 291.19
854.93 364.67
951.37 318.13
822.48 310.17
741.04 305.88
723.28 310.17
709.20 314.76
658.69 314.15
656.54 300.68
645.52 299.46
638.17 297.01
615.83 275.88
795.84 314.46
848.81 350.89
835.64 342.62
840.85 337.42
842.38 332.52
851.25 324.25
919.53 326.40
661.75 282.31
652.56 281.39
630.52 286.60
570.52 271.29
579.39 290.88
690.22 319.66
730.33 323.03
708.28 330.68
709.81 339.25
729.41 361.91
782.06 363.44
789.72 361.30
790.33 351.19
804.72 338.34
833.50 395.59
841.76 391.61
874.52 325.78
859.83 315.99
897.79 326.40
891.36 332.52
955.04 346.91
958.71 366.20
759.41 326.70
682.87 427.73
863.81 359.15
871.77 345.38
718.69 320.27
937.28 305.88
954.73 304.66
907.28 319.66
771.04 346.91
502.24 327.01
572.66 329.46
572.05 366.81
824.93 452.53
815.74 316.91
817.58 311.40
686.24 289.35
694.74 388.93
743.87 382.65
750.15 300.45
743.72 322.49
605.19 273.05
607.18 293.87
639.63 308.87
686.47 301.22
663.81 301.98
682.64 370.86
470.56 428.19
442.39 442.89
474.84 456.97
497.50 470.44
487.70 506.57
525.05 456.97
493.82 430.64
616.90 439.21
535.46 263.48
523.22 255.52
537.91 259.20
553.83 270.22
560.57 262.26
556.89 262.26
643.84 271.44
635.27 270.22
632.82 277.57
465.66 267.77
433.21 251.24
432.59 244.50
335.39 237.61
354.99 240.06
356.82 238.84
341.82 238.53
353.15 263.33
349.48 257.82
621.64 327.93
528.88 274.66
680.12 325.78
412.85 251.08
530.10 259.66
491.22 252.61
482.04 262.41
867.85 309.25
851.31 307.42
949.31 522.00
976.93 541.43
1009.67 563.94
949.31 427.88
963.63 410.49
941.13 408.45
945.22 387.99
967.72 396.17
981.02 397.19
990.23 400.26
1002.51 409.47
859.03 326.61
842.67 313.82
837.04 312.29
774.13 313.31
766.45 313.82
788.45 326.61
798.17 325.07
781.29 300.01
693.82 309.73
682.06 311.78
676.43 305.13
670.29 306.66
670.29 295.41
669.78 285.69
699.45 294.39
710.19 302.06
716.84 298.99
723.49 292.34
730.65 288.25
748.04 278.53
872.33 319.45
887.68 317.40
882.05 324.05
934.73 325.07
936.27 332.75
951.10 336.33
963.38 329.68
969.51 320.98
972.07 315.87
984.86 313.31
978.72 325.59
971.56 332.24
971.05 338.37
962.87 349.63
962.35 342.98
966.96 346.05
983.33 347.58
989.97 339.40
988.95 335.82
998.67 337.86
1000.72 355.76
1007.88 342.47
1008.90 366.51
1015.04 378.27
1018.11 400.78
1017.08 434.53
1002.25 423.28
843.94 487.22
900.21 469.83
887.93 478.01
806.09 493.35
157.78 240.17
162.39 235.05
168.01 234.03
176.71 215.10
191.54 218.17
197.68 222.78
186.94 229.94
199.21 230.45
972.84 445.27
1011.71 462.67
999.44 479.03
990.23 466.76
977.95 360.37
987.16 375.71
1011.71 323.54
928.85 362.41
