10.26 341.14
35.76 327.60
52.49 347.51
36.55 353.09
49.30 332.38
56.47 311.66
85.15 329.99
89.13 353.09
163.23 351.50
195.89 357.08
188.72 341.14
216.61 355.48
277.15 357.87
358.42 352.30
339.30 351.50
306.63 341.14
35.81 303.70
6.33 270.63
38.60 282.58
61.70 284.58
58.91 262.67
71.66 290.15
90.78 292.94
76.44 307.28
107.51 296.13
95.56 273.82
127.03 265.85
107.91 315.65
107.91 333.57
128.62 320.03
149.74 312.06
173.24 316.84
182.00 328.00
168.06 304.89
163.68 329.59
203.11 316.05
225.02 326.00
279.20 328.39
253.70 343.93
253.31 318.44
287.17 306.09
262.47 299.71
305.49 318.44
323.02 312.46
300.71 300.51
291.15 287.36
269.24 285.37
236.58 289.36
202.72 296.92
177.22 286.17
157.70 289.36
147.35 250.72
128.62 251.11
158.50 263.86
185.99 261.87
214.27 259.48
195.55 268.64
224.63 263.86
231.00 270.24
255.70 265.85
264.46 274.62
280.00 277.80
295.13 268.64
290.35 257.09
305.49 274.22
333.77 274.22
334.17 289.36
317.84 327.60
332.98 324.01
322.22 340.34
41.78 253.50
30.23 262.27
32.22 242.75
19.88 229.21
5.53 245.94
0.36 199.73
19.48 193.35
35.81 185.39
39.79 198.13
42.18 223.23
55.73 201.72
59.31 230.40
63.69 241.95
81.62 222.04
91.98 206.10
72.06 207.30
83.21 196.14
98.75 188.18
101.14 236.38
110.30 212.87
105.52 222.04
129.02 220.84
135.00 232.79
140.97 239.56
160.49 237.17
144.96 211.28
125.84 207.30
118.67 199.73
172.04 237.97
187.98 223.23
176.82 215.26
163.28 208.09
151.73 186.58
138.18 182.60
168.06 188.97
201.12 231.60
218.25 240.36
203.91 252.71
249.72 235.98
266.45 254.30
285.17 227.61
268.05 212.87
297.92 225.62
305.09 241.95
313.86 232.39
330.98 245.54
323.42 224.03
333.77 223.23
331.78 204.91
310.27 201.32
284.38 202.52
235.78 223.63
250.12 212.87
258.09 204.91
264.06 189.37
233.79 199.33
233.39 212.08
226.22 227.61
201.92 214.47
191.96 209.29
187.58 197.34
181.21 188.97
202.72 193.35
192.76 178.22
208.69 181.80
170.05 177.42
180.41 167.06
182.80 151.53
164.87 162.28
191.56 165.87
215.07 167.46
227.02 177.82
238.17 176.23
247.33 177.82
237.77 186.18
243.35 168.66
238.17 153.52
251.31 160.69
262.07 169.06
255.30 169.06
285.97 178.22
278.00 175.03
310.27 184.59
318.24 184.99
330.19 183.00
335.76 172.24
328.99 167.06
303.50 167.86
278.00 157.10
286.77 163.88
264.06 153.12
258.09 143.96
268.84 129.62
281.19 145.95
297.12 136.39
291.15 134.00
306.69 137.19
307.88 146.75
321.42 136.79
317.84 158.30
236.97 133.20
246.93 141.17
221.04 132.41
215.46 144.36
179.61 136.79
190.37 130.42
174.83 128.42
157.30 141.17
144.56 156.31
130.22 154.71
124.24 168.26
99.15 172.64
104.72 166.67
108.31 148.74
113.09 137.59
144.56 134.00
136.59 146.35
91.58 148.74
64.49 154.71
76.84 147.54
87.20 134.80
97.95 128.82
58.91 134.80
34.61 132.81
31.43 137.98
42.18 139.18
3.94 180.61
309.08 216.86
307.48 285.37
347.21 324.48
342.03 303.76
357.17 267.51
357.17 248.39
345.62 238.83
356.77 226.09
347.61 218.52
345.62 183.46
345.22 199.80
350.40 152.52
356.77 139.38
346.02 135.40
357.57 96.76
348.01 118.66
351.99 72.85
352.39 82.02
348.41 50.55
344.02 63.69
350.00 37.80
354.78 40.19
348.80 23.86
353.58 29.04
342.43 28.24
353.19 10.71
301.85 90.98
316.99 87.79
287.51 93.37
274.76 93.37
274.76 106.12
262.81 106.91
265.20 112.49
259.63 122.05
255.64 132.41
285.92 122.05
305.04 115.68
291.50 110.10
323.36 118.86
324.96 107.71
244.49 117.27
221.39 120.46
230.95 116.47
149.74 117.07
114.68 113.09
111.10 123.84
83.21 128.22
77.64 122.65
45.77 124.64
2.75 122.25
19.08 126.23
24.66 112.69
27.84 68.87
47.76 111.89
52.94 104.72
39.39 98.75
45.77 93.57
31.43 94.37
34.61 83.61
64.89 108.71
69.67 98.75
84.41 113.49
96.76 101.14
84.81 96.36
94.37 88.39
84.01 83.21
91.58 74.85
63.30 87.20
68.87 74.45
64.89 70.46
75.64 61.30
84.01 62.50
97.95 69.27
100.34 79.23
132.61 84.41
121.45 80.42
142.96 86.00
168.46 72.85
152.52 64.49
144.96 74.05
159.30 85.60
170.45 94.37
176.03 83.21
148.54 84.01
192.76 58.51
188.38 68.47
199.93 89.59
207.10 103.13
167.26 103.53
135.00 103.53
144.16 103.13
217.85 109.90
222.24 95.16
245.74 95.96
240.96 86.40
219.85 82.41
204.71 83.61
205.90 72.46
211.08 62.50
227.02 71.66
251.31 78.03
240.16 62.90
229.41 59.31
223.03 56.92
208.69 56.12
199.93 45.77
207.10 37.80
216.26 35.41
229.41 36.21
233.79 50.55
242.95 51.34
252.91 55.73
261.27 68.47
248.53 42.18
276.01 70.86
264.86 95.96
279.60 84.41
293.54 84.41
304.30 71.26
317.04 73.25
305.89 62.50
316.64 55.73
321.82 63.69
328.59 53.73
324.21 43.78
300.71 45.37
284.78 55.33
274.42 48.16
285.57 35.41
266.85 37.40
274.02 27.84
290.35 25.05
298.32 18.68
283.58 12.70
280.00 9.12
274.42 0.75
325.41 11.11
329.79 12.70
334.17 2.75
239.76 8.32
236.58 21.47
228.61 24.65
244.54 31.82
204.71 27.84
215.46 16.29
196.34 6.33
191.16 19.08
185.19 27.84
196.34 34.61
166.47 51.74
150.13 49.35
161.29 40.99
151.33 39.79
152.13 25.85
168.86 22.26
157.30 15.89
150.13 13.10
140.18 13.50
131.41 13.10
130.22 1.55
136.99 0.36
95.16 41.78
128.62 42.98
71.26 50.15
66.08 44.57
50.95 48.95
56.92 61.70
45.37 64.09
35.01 58.12
26.25 53.73
13.10 52.54
3.94 70.46
4.34 48.16
8.72 41.78
40.99 40.59
19.88 27.44
29.83 21.47
43.78 23.46
38.60 15.89
66.48 24.26
56.92 25.85
76.44 19.08
80.42 18.28
92.37 13.10
101.54 15.49
81.62 32.62
82.02 5.93
103.13 4.74
2.35 15.49
0.75 21.87
5.14 29.04
17.88 4.34
7.13 0.75
76.04 204.31
101.14 59.71
132.21 54.13
25.40 6.53
56.47 7.33
64.44 174.63
82.76 178.62
163.00 5.82
157.96 0.79
173.07 0.07
262.98 7.98
255.78 17.33
252.91 25.96
262.98 18.77
358.64 16.61
332.75 22.36
324.11 25.24
324.11 34.59
338.50 46.10
341.38 70.56
339.94 87.82
334.18 120.91
342.10 149.68
334.90 139.61
346.41 160.47
123.44 92.85
107.61 100.05
80.28 46.82
78.12 277.71
198.24 283.46
236.36 104.36
308.29 13.73
