654.20 358.88
674.12 336.57
611.98 337.37
586.48 351.71
704.39 309.48
698.02 327.01
678.90 317.45
643.05 330.99
643.85 311.87
512.39 345.33
473.35 353.30
552.23 332.59
562.58 306.30
581.70 305.50
614.37 295.14
611.98 315.06
695.98 280.00
641.80 282.39
667.30 297.93
667.69 272.44
633.83 260.09
658.53 253.71
615.51 272.44
597.98 266.46
620.29 254.51
629.85 241.36
651.76 239.37
684.42 243.36
706.73 213.48
696.37 217.86
690.00 224.24
665.30 219.85
656.54 228.62
641.00 231.80
625.87 222.64
630.65 211.09
615.51 228.22
587.23 228.22
586.83 243.36
603.16 281.60
588.02 278.01
598.78 294.34
702.75 194.36
671.28 189.98
654.55 208.30
635.83 181.61
652.95 166.87
623.08 179.62
615.91 195.95
607.14 186.39
590.02 199.54
597.58 178.03
587.23 177.23
589.22 158.91
610.73 155.32
636.62 156.52
685.22 177.63
670.88 166.87
662.91 158.91
656.94 143.37
687.21 153.33
687.61 166.08
694.78 181.61
712.31 135.80
705.93 121.46
693.98 131.82
682.83 130.23
673.67 131.82
683.23 140.18
677.65 122.66
682.83 107.52
669.69 114.69
658.93 123.06
665.70 123.06
635.03 132.22
643.00 129.03
610.73 138.59
602.76 138.99
590.81 137.00
585.24 126.24
592.01 121.06
617.50 121.86
643.00 111.10
634.23 117.88
656.94 107.12
662.91 97.96
652.16 83.62
639.81 99.95
623.88 90.39
629.85 88.00
614.31 91.19
613.12 100.75
599.58 90.79
603.16 112.30
684.03 87.20
674.07 95.17
699.96 86.41
705.54 98.36
611.92 170.86
613.52 239.37
494.92 347.79
482.97 333.45
495.31 313.93
524.39 312.74
514.04 294.81
548.30 291.62
573.79 278.48
558.65 277.68
546.70 257.76
534.75 258.16
536.74 276.49
516.43 266.93
578.97 257.76
561.44 240.24
563.83 221.51
533.16 241.03
553.87 223.51
527.18 224.70
499.30 227.49
506.47 245.41
494.92 249.80
520.01 245.02
475.00 279.27
502.49 280.07
497.31 295.61
467.03 315.13
447.51 333.85
457.47 358.55
426.80 341.81
386.96 348.19
379.00 356.16
370.63 310.74
418.43 302.78
430.38 286.44
402.90 289.23
359.08 296.40
373.02 288.44
371.03 273.30
387.76 280.07
423.21 265.33
442.33 274.49
463.05 264.54
471.41 248.60
447.51 256.97
425.60 245.02
412.06 249.80
372.62 242.63
375.81 262.54
363.06 225.10
380.99 220.72
394.93 226.69
369.84 198.01
380.59 203.59
411.66 210.76
391.35 195.62
394.93 206.38
357.09 184.07
374.22 184.07
398.12 182.87
381.79 173.71
371.03 169.33
365.45 153.00
392.54 143.04
393.34 163.75
400.51 158.97
416.04 169.33
407.28 184.07
427.99 197.21
441.94 207.17
442.73 236.65
458.67 220.32
475.80 229.88
482.97 203.19
523.20 212.35
508.06 215.14
493.32 209.96
508.06 187.26
518.42 172.52
545.90 178.09
549.89 196.82
535.95 191.24
532.76 202.79
563.83 202.39
575.38 192.83
564.23 180.09
573.39 172.52
557.86 162.16
561.44 144.63
575.38 137.46
548.30 154.59
575.78 153.80
530.37 141.45
528.38 168.14
535.55 153.00
517.22 155.79
508.06 142.64
494.92 143.84
503.28 155.79
499.30 177.30
489.74 180.88
461.46 169.33
478.19 166.94
450.30 180.88
455.88 202.79
440.34 161.76
438.75 142.64
422.02 134.67
412.06 150.61
421.22 152.60
422.42 167.34
468.23 150.61
481.37 137.46
516.03 127.24
531.56 120.47
550.69 124.05
561.04 117.68
517.62 96.96
510.85 95.37
495.31 94.57
500.49 109.31
570.60 106.52
564.23 93.38
574.98 89.40
541.52 100.15
549.49 88.20
529.17 79.83
480.97 103.74
466.63 103.34
453.49 110.11
455.88 96.57
469.42 88.20
435.16 108.52
457.87 129.23
474.20 126.84
485.36 127.64
502.88 128.83
441.94 130.82
428.39 120.07
415.25 122.86
379.79 128.83
359.48 130.42
361.47 110.11
363.86 96.96
363.46 81.83
408.87 88.20
424.41 94.18
394.13 110.51
450.30 73.46
437.16 56.33
452.29 62.71
461.46 55.14
457.87 44.78
482.17 71.87
527.98 71.87
525.59 63.90
531.56 45.18
563.43 50.76
553.87 63.50
572.99 72.66
506.07 49.56
506.87 27.25
490.53 12.91
477.79 18.89
467.43 35.22
478.58 32.83
484.56 28.05
490.14 25.66
496.11 32.43
551.48 26.46
569.01 26.85
556.66 38.01
568.61 36.02
572.59 4.55
576.98 17.69
554.27 1.76
540.73 0.17
522.00 9.73
458.27 17.29
447.11 32.43
433.57 25.66
426.80 23.27
416.04 22.87
424.81 44.38
396.92 40.80
388.16 57.13
382.58 69.88
364.66 53.54
373.02 35.62
402.10 31.24
412.46 69.48
401.30 58.32
379.79 26.46
369.84 7.34
392.14 0.96
431.18 9.73
445.12 10.92
359.88 18.49
417.24 7.34
482.17 0.17
466.63 7.34
541.52 28.05
547.50 16.50
405.63 8.33
394.48 9.92
505.22 38.61
485.30 48.96
619.15 44.98
604.01 41.79
633.49 47.37
646.24 47.37
646.24 60.12
658.19 60.91
655.80 66.49
661.37 76.05
665.36 86.41
635.08 76.05
615.96 69.68
629.50 64.10
597.64 72.86
596.04 61.71
676.51 71.27
699.61 74.46
690.05 70.47
713.90 57.13
703.15 63.90
698.76 49.16
675.26 49.96
680.04 40.40
701.15 36.41
715.10 26.46
709.92 16.50
693.98 25.66
669.69 32.03
680.84 16.90
691.59 13.31
697.97 10.92
712.31 10.12
687.21 4.55
678.05 5.34
668.09 9.73
659.73 22.47
644.99 24.86
656.14 49.96
641.40 38.41
627.46 38.41
616.70 25.26
603.96 27.25
615.11 16.50
604.36 9.73
599.18 17.69
592.41 7.73
636.22 9.33
646.58 2.16
525.93 26.66
392.89 90.39
392.09 79.24
438.30 78.44
424.75 80.83
582.50 0.10
579.62 24.56
581.06 41.82
586.82 74.91
578.90 103.68
586.10 93.61
574.59 114.47
684.64 58.36
542.30 351.43
