349.77 325.50
266.12 356.57
203.98 357.37
335.43 343.82
317.11 331.08
324.28 315.14
296.39 329.48
290.02 347.01
270.90 337.45
235.05 350.99
235.85 331.87
144.23 352.59
154.58 326.30
173.70 325.50
206.37 315.14
203.98 335.06
339.76 290.84
331.00 302.00
344.94 278.89
349.32 303.59
309.89 290.05
287.98 300.00
233.80 302.39
259.30 317.93
259.69 292.44
225.83 280.09
250.53 273.71
207.51 292.44
189.98 286.46
212.29 274.51
221.85 261.36
243.76 259.37
276.42 263.36
310.28 270.92
335.78 260.17
355.30 263.36
354.50 237.86
327.01 235.87
298.73 233.48
317.45 242.64
288.37 237.86
282.00 244.24
257.30 239.85
248.54 248.62
233.00 251.80
217.87 242.64
222.65 231.09
207.51 248.22
179.23 248.22
178.83 263.36
195.16 301.60
180.02 298.01
190.78 314.34
352.51 211.17
340.96 211.97
325.02 197.23
336.18 189.26
349.72 182.09
344.94 162.97
311.88 205.60
294.75 214.36
309.09 226.71
263.28 209.98
246.55 228.30
227.83 201.61
244.95 186.87
215.08 199.62
207.91 215.95
199.14 206.39
182.02 219.54
189.58 198.03
179.23 197.23
181.22 178.91
202.73 175.32
228.62 176.52
277.22 197.63
262.88 186.87
254.91 178.91
248.94 163.37
279.21 173.33
279.61 186.08
286.78 201.61
311.08 188.47
321.04 183.29
325.42 171.34
331.79 162.97
310.28 167.35
320.24 152.22
304.31 155.80
342.95 151.42
332.59 141.06
330.20 125.53
348.13 136.28
321.44 139.87
297.93 141.46
285.98 151.82
274.83 150.23
265.67 151.82
275.23 160.18
269.65 142.66
274.83 127.52
261.69 134.69
250.93 143.06
257.70 143.06
227.03 152.22
235.00 149.03
202.73 158.59
194.76 158.99
182.81 157.00
177.24 146.24
184.01 141.06
209.50 141.86
235.00 131.10
226.23 137.88
248.94 127.12
254.91 117.96
244.16 103.62
231.81 119.95
215.88 110.39
221.85 108.00
206.31 111.19
205.12 120.75
191.58 110.79
195.16 132.30
276.03 107.20
266.07 115.17
291.96 106.41
297.54 118.36
333.39 110.79
322.63 104.42
338.17 102.42
355.70 115.17
203.92 190.86
205.52 259.37
332.59 339.44
74.97 353.45
87.31 333.93
116.39 332.74
106.04 314.81
140.30 311.62
165.79 298.48
150.65 297.68
138.70 277.76
126.75 278.16
128.74 296.49
108.43 286.93
170.97 277.76
153.44 260.24
155.83 241.51
125.16 261.03
145.87 243.51
119.18 244.70
91.30 247.49
98.47 265.41
86.92 269.80
112.01 265.02
67.00 299.27
94.49 300.07
89.31 315.61
59.03 335.13
39.51 353.85
10.43 322.78
22.38 306.44
15.21 285.33
34.33 294.49
55.05 284.54
63.41 268.60
39.51 276.97
17.60 265.02
4.06 269.80
3.66 230.76
8.04 189.33
19.99 217.21
33.94 227.17
34.73 256.65
50.67 240.32
67.80 249.88
74.97 223.19
115.20 232.35
100.06 235.14
85.32 229.96
100.06 207.26
110.42 192.52
137.90 198.09
141.89 216.82
127.95 211.24
124.76 222.79
155.83 222.39
167.38 212.83
156.23 200.09
165.39 192.52
149.86 182.16
153.44 164.63
167.38 157.46
140.30 174.59
167.78 173.80
122.37 161.45
120.38 188.14
127.55 173.00
109.22 175.79
100.06 162.64
86.92 163.84
95.28 175.79
91.30 197.30
81.74 200.88
53.46 189.33
70.19 186.94
42.30 200.88
47.88 222.79
32.34 181.76
30.75 162.64
14.02 154.67
4.06 170.61
13.22 172.60
14.42 187.34
60.23 170.61
73.37 157.46
108.03 147.24
123.56 140.47
142.69 144.05
153.04 137.68
109.62 116.96
102.85 115.37
87.31 114.57
92.49 129.31
162.60 126.52
156.23 113.38
166.98 109.40
133.52 120.15
141.49 108.20
121.17 99.83
72.97 123.74
58.63 123.34
45.49 130.11
47.88 116.57
61.42 108.20
27.16 128.52
49.87 149.23
66.20 146.84
77.36 147.64
94.88 148.83
33.94 150.82
20.39 140.07
7.25 142.86
0.87 108.20
16.41 114.18
42.30 93.46
29.16 76.33
44.29 82.71
53.46 75.14
49.87 64.78
74.17 91.87
119.98 91.87
117.59 83.90
123.56 65.18
155.43 70.76
145.87 83.50
164.99 92.66
98.07 69.56
98.87 47.25
82.53 32.91
69.79 38.89
59.43 55.22
70.58 52.83
76.56 48.05
82.14 45.66
88.11 52.43
143.48 46.46
161.01 46.85
148.66 58.01
160.61 56.02
164.59 24.55
168.98 37.69
146.27 21.76
132.73 20.17
114.00 29.73
115.60 16.98
50.27 37.29
39.11 52.43
25.57 45.66
18.80 43.27
8.04 42.87
16.81 64.38
4.46 89.48
23.18 29.73
37.12 30.92
11.23 12.60
19.99 5.43
9.24 27.34
36.33 4.63
33.54 13.39
43.50 1.84
74.17 20.17
76.16 11.80
81.74 8.21
88.91 10.21
107.63 8.21
127.55 1.84
151.85 14.59
138.70 4.23
163.00 11.80
153.04 4.63
158.22 14.19
159.42 3.04
170.57 2.24
58.63 27.34
54.65 17.78
133.52 48.05
139.50 36.50
97.22 58.61
77.30 68.96
211.15 64.98
196.01 61.79
225.49 67.37
238.24 67.37
238.24 80.12
250.19 80.91
247.80 86.49
253.37 96.05
257.36 106.41
227.08 96.05
207.96 89.68
221.50 84.10
189.64 92.86
188.04 81.71
268.51 91.27
291.61 94.46
282.05 90.47
344.54 46.85
353.70 59.60
342.55 68.37
336.97 57.21
320.24 32.51
324.62 42.47
313.07 63.59
305.90 77.13
345.74 77.53
295.15 83.90
290.76 69.16
267.26 69.96
272.04 60.40
293.15 56.41
308.29 57.61
307.10 46.46
301.92 36.50
285.98 45.66
261.69 52.03
272.84 36.90
283.59 33.31
289.97 30.92
304.31 30.12
313.07 19.77
305.90 11.80
296.74 9.41
283.59 10.21
279.21 24.55
270.05 25.34
260.09 29.73
251.73 42.47
264.47 16.18
236.99 44.86
248.14 69.96
233.40 58.41
219.46 58.41
208.70 45.26
195.96 47.25
207.11 36.50
196.36 29.73
191.18 37.69
184.41 27.73
188.79 17.78
212.29 19.37
228.22 29.33
238.58 22.16
227.43 9.41
246.15 11.40
238.98 1.84
268.46 5.82
308.29 1.84
327.81 1.84
316.66 8.61
346.53 25.74
351.71 14.99
117.93 46.66
30.30 98.44
16.75 100.83
188.89 8.59
174.50 20.10
171.62 44.56
173.06 61.82
178.82 94.91
170.90 123.68
178.10 113.61
166.59 134.47
314.76 257.46
276.64 78.36
