564.94 349.63
569.84 330.06
585.74 319.05
582.68 303.76
594.91 291.52
592.47 273.79
596.14 255.44
591.24 214.46
596.14 230.97
596.75 190.00
588.80 184.49
584.52 164.92
595.52 158.80
574.12 153.30
586.35 122.72
596.75 130.67
591.85 111.10
596.14 96.42
590.02 84.19
580.85 97.03
575.34 101.31
574.12 116.60
580.23 56.66
588.80 49.93
592.47 21.19
576.56 37.09
577.18 19.35
562.50 13.85
567.39 30.97
552.71 32.20
542.93 15.07
536.20 26.08
527.02 21.19
542.31 45.04
550.26 47.49
558.22 46.88
557.60 62.17
568.00 64.00
555.77 79.90
561.89 89.08
555.77 109.26
545.37 98.86
534.97 98.25
566.17 136.78
547.21 135.56
534.97 150.24
561.89 154.52
558.22 167.37
551.49 173.48
562.50 184.49
568.00 197.33
556.38 197.95
538.64 199.78
528.86 194.28
558.22 223.02
549.65 239.54
574.12 223.63
569.84 253.60
565.56 265.22
540.48 253.60
525.80 242.59
520.30 221.19
533.75 218.13
530.69 256.66
532.53 273.79
512.34 262.17
509.29 244.43
516.63 287.24
542.31 288.47
539.26 306.20
538.03 333.11
490.94 329.44
520.30 337.40
509.29 328.83
510.51 367.98
509.90 386.94
484.21 382.04
471.98 365.53
493.38 361.86
470.75 347.18
461.58 338.01
454.24 317.82
453.63 297.03
495.83 300.70
488.49 283.57
505.62 283.57
466.47 275.01
453.02 264.00
492.77 252.38
468.92 239.54
460.97 230.97
489.10 219.35
473.20 210.18
481.15 202.23
497.05 191.22
511.12 183.27
455.46 201.62
450.57 189.38
449.96 173.48
465.25 172.26
473.20 190.00
484.21 172.26
504.39 174.09
503.78 161.25
520.91 158.80
512.96 148.41
490.94 135.56
500.11 145.35
509.29 126.39
522.13 120.88
509.29 100.70
490.94 123.33
481.76 118.44
488.49 105.59
500.11 85.41
514.18 78.07
528.86 77.46
539.87 62.78
529.47 66.45
528.25 52.38
518.46 35.26
509.90 46.88
505.62 54.22
506.23 64.00
495.22 54.22
489.10 75.62
476.87 94.58
463.41 89.08
453.63 98.86
456.69 108.04
454.24 117.82
462.80 126.39
470.75 145.96
477.48 155.13
465.86 155.13
454.24 139.84
424.27 150.24
491.55 30.36
475.04 19.35
479.93 53.60
486.04 45.04
474.42 34.03
474.42 62.17
461.58 65.22
460.97 30.36
454.24 13.85
449.35 34.03
439.56 42.59
450.57 46.88
445.07 57.89
453.63 75.01
443.84 90.91
432.83 65.22
429.16 26.69
432.22 19.35
406.53 16.91
419.38 12.63
408.98 34.03
418.77 37.09
413.26 46.88
393.69 34.64
401.03 46.88
419.99 52.38
415.10 66.45
424.88 75.01
416.32 83.57
419.38 95.19
427.94 99.48
442.62 107.43
432.83 134.95
420.60 139.23
405.92 140.45
401.64 130.67
429.16 113.54
405.92 159.41
410.20 178.37
401.03 178.99
386.35 152.69
388.80 186.94
404.09 197.33
417.54 191.22
424.88 205.29
411.43 213.85
440.17 218.13
440.78 239.54
438.95 264.00
404.70 240.15
392.47 238.31
427.33 268.28
419.38 280.52
397.97 269.51
386.35 265.84
392.47 292.14
406.53 315.38
424.27 328.22
432.22 341.68
434.67 377.15
422.44 369.81
419.38 384.49
396.14 364.31
383.29 384.49
364.94 375.32
353.32 350.24
328.25 366.75
334.97 381.43
294.61 375.93
297.67 357.58
315.40 336.17
329.47 323.33
369.84 342.29
379.01 328.83
366.78 306.81
359.44 274.40
344.76 278.68
333.14 296.42
374.12 287.85
325.19 274.40
301.95 278.07
312.96 246.88
327.63 252.38
341.70 248.10
356.99 248.10
366.17 243.82
360.66 221.19
426.72 246.88
374.12 212.63
374.12 195.50
369.22 178.99
359.44 178.99
346.59 178.99
334.97 167.37
319.68 174.09
334.36 190.00
341.70 209.57
329.47 219.35
301.33 223.02
311.12 231.59
286.04 229.75
273.81 226.69
260.97 234.03
308.06 204.06
275.04 207.12
301.95 185.10
280.54 177.76
262.80 185.10
374.73 164.92
363.11 154.52
363.72 140.45
374.73 134.95
389.41 136.17
389.41 122.11
383.90 105.59
368.61 101.31
405.31 106.20
380.85 83.57
392.47 72.56
388.19 53.60
375.95 47.49
378.40 13.24
372.28 24.25
351.49 30.97
348.43 13.85
361.27 41.37
347.21 38.31
335.59 28.53
360.05 54.22
357.60 66.45
345.37 64.61
333.75 82.35
325.80 64.00
330.69 43.82
317.24 43.82
306.23 36.48
319.07 26.08
297.05 37.09
287.88 18.13
278.09 32.20
297.05 55.44
306.84 64.00
289.10 73.79
313.57 81.13
300.11 89.69
303.17 100.70
308.67 109.87
324.58 103.15
349.65 104.98
354.55 115.99
335.59 124.55
346.59 135.56
318.46 127.00
328.86 152.07
300.72 154.52
292.77 132.50
284.21 112.32
276.87 106.20
264.03 103.15
268.31 87.85
287.27 96.42
252.41 70.73
267.08 68.28
275.65 51.77
260.36 51.16
266.47 40.76
286.04 62.78
256.69 19.35
229.16 16.91
219.38 19.35
232.22 29.75
254.85 29.75
248.12 35.26
245.68 56.05
232.22 51.16
224.27 38.31
213.26 38.31
223.66 58.50
201.64 38.31
206.53 64.00
235.89 76.23
249.96 92.75
247.51 103.76
226.72 92.14
224.88 109.26
243.23 117.82
252.41 130.67
259.13 137.40
280.54 141.68
273.81 163.70
262.19 167.98
246.29 150.85
233.44 152.07
222.44 143.51
227.94 126.39
210.81 122.11
202.25 137.40
198.58 103.76
208.37 84.80
216.32 103.76
208.98 148.41
190.02 169.81
196.75 152.69
180.23 147.79
178.40 163.70
243.84 171.65
231.00 188.16
214.48 180.21
240.17 212.63
251.18 202.23
244.45 229.75
213.26 215.68
203.48 201.00
226.72 213.85
192.47 216.91
171.06 202.23
166.17 193.67
152.71 205.90
172.28 227.92
201.03 242.59
215.71 238.31
253.63 255.44
275.04 266.45
254.24 292.14
262.19 310.48
284.21 338.01
290.94 319.05
298.89 302.53
313.57 311.10
276.26 353.91
262.80 362.47
244.45 377.76
255.46 344.74
210.81 353.91
246.29 332.50
221.82 314.77
202.25 299.48
207.15 330.67
171.06 376.54
161.27 379.60
209.59 369.81
166.78 341.07
144.15 353.91
119.68 369.81
82.99 369.81
46.90 372.26
28.55 374.09
53.63 350.85
99.50 358.80
102.56 334.95
122.13 319.05
152.71 320.88
171.06 311.10
178.40 287.85
175.95 271.95
156.38 279.90
141.70 284.80
124.58 289.08
109.29 295.19
94.00 280.52
91.55 309.26
72.59 317.82
43.84 319.05
32.83 328.22
13.26 331.89
38.95 295.19
4.70 289.69
31.00 274.40
59.74 275.62
78.70 265.84
98.89 264.00
141.09 256.66
141.09 242.59
167.39 238.31
147.82 221.19
131.92 222.41
116.63 218.13
100.72 211.40
94.61 229.75
103.17 244.43
59.13 210.79
76.26 205.29
48.12 199.78
43.84 183.27
26.72 188.77
4.09 186.94
19.99 170.42
32.83 163.08
41.40 150.85
13.26 158.80
21.82 149.02
6.53 146.57
65.25 163.08
86.04 175.93
103.17 177.76
112.34 169.81
94.00 156.97
78.70 163.08
71.98 150.85
84.21 139.23
64.64 141.07
46.90 130.67
57.30 120.27
78.09 119.66
95.83 122.11
29.78 105.59
19.99 120.88
13.87 136.17
2.86 106.20
131.92 188.77
150.26 178.37
138.03 167.37
150.88 165.53
163.11 155.13
123.96 143.51
141.09 140.45
167.39 134.95
180.85 128.22
167.39 119.05
184.52 105.59
182.68 92.14
192.47 89.08
178.40 81.13
169.84 75.01
163.72 87.85
158.83 101.92
156.99 114.15
144.76 112.32
150.26 92.14
133.14 117.82
115.40 117.82
96.44 104.98
81.76 99.48
71.37 89.08
52.41 99.48
40.78 85.41
24.88 75.62
62.19 77.46
87.27 83.57
105.00 89.08
117.85 98.86
131.30 82.35
146.59 70.73
160.05 58.50
186.35 60.33
182.68 42.59
163.72 30.97
147.82 24.25
162.50 15.07
151.49 45.04
128.25 43.21
124.58 35.26
138.64 13.24
123.35 15.07
116.01 23.63
98.89 22.41
98.89 38.31
106.84 25.47
110.51 42.59
103.17 53.60
114.18 75.01
100.72 71.34
76.87 66.45
78.09 37.09
75.04 23.63
59.13 21.80
24.88 17.52
27.33 43.82
43.84 43.82
14.48 51.16
44.45 75.01
59.74 43.82
350.26 81.13
213.87 80.52
193.08 386.33
63.41 244.43
45.07 240.76
24.88 230.97
10.81 218.13
22.44 252.38
122.13 130.67
114.79 152.69
3.48 126.39
516.01 208.34
487.71 10.88
497.30 19.88
524.87 13.88
554.25 23.47
467.93 292.60
32.77 25.27
13.59 4.89
51.95 9.69
75.32 6.09
86.11 17.48
168.83 7.89
185.01 6.69
198.80 6.09
198.20 15.08
219.78 6.69
234.17 6.09
266.53 23.47
271.33 3.69
299.50 6.09
431.97 6.69
403.80 6.09
225.77 255.99
223.68 272.17
