2.68 10.57
13.08 67.45
17.36 57.67
13.08 86.41
8.80 105.37
17.97 105.99
32.65 79.69
30.20 113.94
14.91 124.33
1.46 118.22
7.57 140.85
14.30 167.15
26.53 165.31
21.03 196.51
32.65 192.84
26.53 219.14
12.47 242.38
22.86 291.31
35.71 311.49
54.06 302.32
65.68 277.24
90.75 293.75
84.03 308.43
124.39 302.93
121.33 284.58
103.60 263.17
89.53 250.33
49.16 269.29
39.99 255.83
52.22 233.81
59.56 201.40
74.24 205.68
85.86 223.42
44.88 214.85
93.81 201.40
117.05 205.07
106.04 173.88
91.37 179.38
77.30 175.10
62.01 175.10
52.83 170.82
58.34 148.19
44.88 139.63
44.88 122.50
49.78 105.99
59.56 105.99
72.41 105.99
84.03 94.37
99.32 101.09
84.64 117.00
77.30 136.57
89.53 146.35
117.67 150.02
107.88 158.59
132.96 156.75
145.19 153.69
158.03 161.03
110.94 131.06
143.96 134.12
117.05 112.10
138.46 104.76
156.20 112.10
44.27 91.92
55.89 81.52
55.28 67.45
44.27 61.95
29.59 63.17
29.59 49.11
35.10 32.59
50.39 28.31
13.69 33.20
38.15 10.57
85.25 9.35
129.90 0.79
105.43 8.13
118.89 16.69
115.83 27.70
110.33 36.87
94.42 30.15
69.35 31.98
64.45 42.99
83.41 51.55
72.41 62.56
100.54 54.00
90.14 79.07
118.28 81.52
126.23 59.50
134.79 39.32
142.13 33.20
154.97 30.15
150.69 14.85
131.73 23.42
183.11 3.23
169.04 19.75
171.49 30.76
192.28 19.14
194.12 36.26
175.77 44.82
166.59 57.67
159.87 64.40
138.46 68.68
145.19 90.70
156.81 94.98
172.71 77.85
185.56 79.07
196.56 70.51
191.06 53.39
208.19 49.11
216.75 64.40
220.42 30.76
210.63 11.80
202.68 30.76
210.02 75.41
228.98 96.81
222.25 79.69
238.77 74.79
240.60 90.70
175.16 98.65
188.00 115.16
204.52 107.21
178.83 139.63
167.82 129.23
174.55 156.75
205.74 142.68
215.52 128.00
192.28 140.85
226.53 143.91
247.94 129.23
252.83 120.67
266.29 132.90
246.72 154.92
217.97 169.59
203.29 165.31
165.37 182.44
143.96 193.45
164.76 219.14
156.81 237.48
134.79 265.01
128.06 246.05
120.11 229.53
105.43 238.10
142.74 280.91
156.20 289.47
174.55 304.76
163.54 271.74
208.19 280.91
172.71 259.50
197.18 241.77
216.75 226.48
211.85 257.67
247.94 303.54
257.73 306.60
209.41 296.81
252.22 268.07
274.85 280.91
299.32 296.81
296.87 246.05
266.29 247.88
247.94 238.10
240.60 214.85
243.05 198.95
262.62 206.90
277.30 211.80
294.42 216.08
309.71 222.19
277.91 183.66
277.91 169.59
251.61 165.31
271.18 148.19
287.08 149.41
302.37 145.13
306.66 96.81
287.08 115.77
268.74 105.37
280.97 94.37
268.12 92.53
255.89 82.13
295.04 70.51
277.91 67.45
251.61 61.95
238.15 55.22
251.61 46.05
234.48 32.59
236.32 19.14
226.53 16.08
240.60 8.13
249.16 2.01
255.28 14.85
260.17 28.92
262.01 41.15
274.24 39.32
268.74 19.14
285.86 44.82
303.60 44.82
301.15 25.86
287.70 9.35
304.82 2.01
68.74 8.13
205.13 7.52
296.87 57.67
304.21 79.69
193.23 182.99
195.32 199.17
