906.19 523.97
738.85 588.25
688.98 403.17
805.35 311.19
923.93 337.79
1018.13 299.00
1008.15 263.54
1022.56 208.13
1002.61 204.80
1004.83 170.45
978.23 169.34
959.39 181.53
950.52 191.50
939.44 204.80
909.52 216.99
862.97 236.94
516.10 425.34
338.78 464.13
134.87 404.28
49.54 546.13
42.89 355.52
106.06 310.08
199.15 330.03
337.68 361.06
362.06 304.54
472.88 283.48
588.13 330.03
675.68 291.24
768.77 269.08
819.75 287.92
813.10 255.78
824.19 215.88
737.74 222.53
665.71 235.83
672.36 220.32
655.74 202.58
656.84 181.53
377.57 267.97
329.92 253.56
395.30 224.75
393.09 197.04
444.06 184.85
497.26 221.42
491.72 201.48
507.23 194.83
579.27 220.32
578.16 251.35
595.89 190.39
613.62 175.99
705.61 179.31
748.83 212.56
752.15 184.85
786.51 190.39
785.40 174.88
792.05 178.20
809.78 179.31
844.13 191.50
865.19 197.04
884.03 181.53
888.46 166.01
926.14 171.55
928.36 159.36
954.96 158.26
994.85 158.26
1007.04 154.93
1024.77 152.71
1021.45 116.14
1009.26 109.49
980.45 111.71
961.61 116.14
960.50 103.95
936.12 113.93
939.44 99.52
913.95 117.25
899.55 119.47
890.68 116.14
900.65 134.98
906.19 146.06
877.38 153.82
885.14 140.52
878.49 142.74
857.43 158.26
841.92 152.71
826.40 153.82
812.00 154.93
815.32 163.80
853.00 168.23
10.75 299.00
27.37 243.59
92.76 255.78
129.33 232.51
62.84 224.75
10.75 205.91
108.27 193.72
121.57 213.67
140.41 207.02
154.82 197.04
189.17 204.80
211.34 220.32
206.90 240.26
267.86 271.29
284.48 220.32
272.29 200.37
338.78 192.61
302.21 183.74
274.51 170.45
242.37 163.80
232.39 158.26
217.99 151.61
202.47 152.71
219.10 173.77
230.18 167.12
175.87 169.34
171.44 177.10
159.25 166.01
140.41 162.69
127.11 162.69
124.90 151.61
112.71 137.20
75.03 171.55
101.62 174.88
85.00 178.20
55.08 170.45
52.86 181.53
8.53 169.34
16.29 150.50
20.72 134.98
42.89 142.74
45.10 127.23
24.05 119.47
21.83 127.23
4.10 134.98
4.10 128.33
6.32 113.93
51.75 189.29
36.24 189.29
213.55 190.39
179.20 177.10
291.13 153.82
276.72 144.96
311.08 152.71
318.84 158.26
355.41 146.06
372.03 168.23
393.09 169.34
384.22 150.50
409.71 146.06
430.77 169.34
446.28 167.12
461.80 159.36
462.90 150.50
485.07 163.80
506.13 151.61
552.67 181.53
542.70 160.47
528.29 148.28
568.19 170.45
599.22 152.71
701.17 150.50
763.23 158.26
748.83 143.85
803.13 139.42
805.35 130.55
817.54 134.98
825.29 115.03
846.35 117.25
864.08 117.25
861.87 103.95
915.61 161.30
937.78 151.33
946.09 149.67
997.07 112.54
920.60 104.78
925.59 104.78
972.13 104.23
996.52 104.23
1004.27 103.68
886.25 106.45
885.69 95.92
850.23 105.34
833.61 102.57
841.36 104.23
819.75 110.32
812.55 102.57
799.25 110.32
803.68 108.11
795.93 104.23
800.36 100.35
805.90 99.80
797.59 97.03
780.97 98.69
789.28 110.32
775.98 111.43
782.63 106.45
772.10 101.46
759.91 105.34
763.79 100.35
753.81 93.15
759.35 94.81
748.83 98.69
749.38 115.87
836.93 141.35
848.01 138.03
867.41 149.67
961.05 158.53
1021.45 155.21
1017.02 118.64
876.83 108.66
882.37 106.45
896.77 97.58
897.33 110.32
823.08 107.00
735.53 102.57
741.07 94.81
745.50 93.15
734.97 94.81
728.88 95.36
748.27 106.45
727.77 103.12
722.78 106.45
723.34 94.81
714.47 95.36
711.15 104.78
711.15 99.24
699.51 103.68
702.84 100.90
698.40 92.59
692.31 110.32
689.54 103.68
683.44 106.45
679.56 93.70
682.89 92.04
671.81 93.70
666.26 99.80
666.26 104.78
665.16 95.36
661.83 93.70
654.07 91.48
652.41 95.36
648.53 108.66
654.07 102.57
654.07 109.22
658.51 107.55
666.26 110.88
636.34 95.92
642.44 92.04
649.09 93.15
632.46 105.34
637.45 104.78
639.67 102.57
642.44 99.80
642.44 107.00
635.23 113.10
620.83 110.32
617.50 120.85
604.20 112.54
599.22 114.20
599.22 104.78
605.31 103.12
611.96 103.12
612.52 95.92
618.61 95.92
610.85 88.71
623.04 93.70
626.92 94.81
629.14 92.59
601.43 92.04
606.97 92.04
593.68 90.93
592.01 96.47
593.12 100.35
595.34 98.69
585.92 108.11
580.38 102.57
577.05 110.32
583.70 93.70
580.38 91.48
573.17 93.70
568.74 99.80
561.54 95.92
552.12 94.81
556.55 100.35
560.43 107.55
560.43 110.32
564.86 100.90
551.56 104.78
548.24 106.45
547.13 120.30
537.71 120.30
531.06 113.10
515.55 113.10
523.30 105.34
513.33 96.47
517.76 98.69
534.94 104.23
531.61 98.69
534.39 92.04
537.71 91.48
655.74 140.25
667.37 141.35
665.16 132.49
692.86 134.15
709.48 136.37
720.57 120.30
727.22 130.27
704.50 153.55
686.77 170.17
646.87 166.29
651.86 151.88
602.54 165.18
616.95 159.09
588.13 143.57
591.46 119.19
522.19 184.58
572.62 118.08
681.78 157.42
494.49 111.43
496.71 122.52
508.34 162.41
478.42 122.52
485.07 126.39
484.52 114.20
479.53 102.57
480.64 97.58
493.94 100.90
500.58 100.90
459.03 114.20
463.46 102.57
450.16 97.58
447.39 106.45
440.19 120.30
437.42 105.34
425.23 124.18
425.23 112.54
420.24 106.45
411.93 118.08
399.18 106.45
396.97 111.99
403.06 97.58
413.59 99.24
421.90 99.80
391.42 102.57
383.67 100.90
365.94 109.22
372.58 100.90
378.68 110.88
342.66 110.88
356.52 100.90
346.54 98.69
336.01 107.00
328.26 113.10
331.58 123.07
341.55 137.48
371.48 154.65
394.19 155.21
419.68 164.07
434.65 153.55
421.35 149.67
337.12 165.18
296.67 136.37
311.08 118.08
314.96 107.00
322.16 102.57
327.15 101.46
328.81 98.69
336.01 98.69
302.77 100.35
300.55 109.22
309.97 99.24
314.40 99.24
300.00 95.36
289.47 99.80
284.48 106.45
275.61 113.10
285.03 124.73
268.97 132.49
254.56 133.60
240.15 145.79
233.50 139.69
216.88 115.87
223.53 111.43
226.85 107.00
230.73 116.42
243.48 109.22
228.52 104.23
229.07 93.70
237.94 95.36
243.48 95.92
246.25 98.69
249.02 102.57
255.11 110.32
257.33 99.24
266.19 108.11
272.84 99.24
215.22 103.12
210.23 106.45
205.80 94.81
196.93 106.45
199.70 118.08
188.62 121.96
173.10 121.96
178.09 115.87
180.31 106.45
173.66 95.92
169.78 104.23
173.10 103.12
175.87 98.69
165.35 110.32
160.36 114.20
156.48 104.78
157.59 98.69
159.25 148.00
185.85 148.00
159.25 197.32
163.13 158.53
141.52 107.55
147.61 95.92
150.39 108.66
140.97 124.18
137.64 112.54
133.76 104.23
130.44 98.69
137.09 97.03
122.13 108.11
125.45 125.84
117.69 122.52
87.22 106.45
97.19 110.32
107.72 103.12
95.53 128.06
84.45 128.06
74.47 128.61
92.20 118.64
63.39 114.76
74.47 108.66
49.54 114.20
30.14 115.31
62.84 126.39
28.48 138.03
92.20 166.29
61.73 197.32
