17.36 256.84
25.95 263.47
16.31 249.60
3.49 243.57
17.96 239.96
8.62 239.81
14.35 234.53
3.34 231.21
19.32 223.07
14.20 222.32
8.77 214.63
8.47 205.89
2.29 201.97
3.34 193.08
3.34 185.69
35.45 244.93
34.24 253.37
43.14 261.81
31.53 235.89
40.57 232.57
30.02 220.51
49.92 252.01
61.22 259.25
57.16 245.38
75.24 259.70
79.31 255.03
70.27 248.10
94.39 256.69
90.92 246.44
90.77 240.41
86.25 236.49
74.49 238.75
64.39 238.75
62.28 230.16
47.21 238.75
52.93 227.60
45.70 220.21
55.04 211.62
69.06 219.16
76.15 228.65
81.72 224.13
95.89 224.88
79.16 213.73
74.19 211.17
96.19 218.10
95.14 209.36
95.14 199.11
88.21 189.31
98.91 183.58
86.85 179.06
80.67 186.75
62.13 168.51
66.95 174.24
72.38 184.79
70.27 189.76
66.80 194.44
63.79 200.31
74.94 200.16
58.51 191.27
51.13 183.88
46.91 175.74
39.82 175.44
38.31 189.31
40.12 199.56
50.98 203.63
17.36 189.46
14.95 185.99
15.70 182.53
21.43 171.37
23.24 181.77
3.34 173.03
153.33 256.39
154.39 249.90
151.22 238.60
148.81 234.98
161.32 264.98
167.50 263.32
168.86 256.23
171.72 252.92
178.80 252.92
194.78 261.51
200.81 258.50
207.44 263.92
212.57 255.93
204.43 250.21
238.80 259.70
236.23 249.15
220.86 245.83
218.75 235.74
237.29 238.75
224.78 232.12
219.35 228.20
225.98 222.47
238.19 221.27
235.03 212.82
219.50 213.43
229.45 204.99
241.81 206.95
236.99 199.56
231.71 194.28
233.67 188.56
241.06 188.10
228.09 175.44
237.14 179.21
222.97 181.02
218.90 185.84
216.94 190.37
223.57 200.16
215.13 197.90
212.12 201.22
206.69 208.30
204.43 215.39
205.94 222.47
203.52 230.76
203.07 236.94
200.81 241.76
186.34 248.25
184.98 239.65
184.23 232.27
184.23 225.94
190.56 211.32
189.66 204.38
184.23 195.34
186.19 191.27
189.51 183.88
191.77 178.61
206.84 167.15
206.54 177.70
209.25 185.09
202.17 192.93
190.26 167.45
173.53 169.26
178.20 176.80
175.34 186.60
176.54 206.04
181.37 216.14
167.80 202.88
174.58 226.24
167.95 234.83
158.31 228.20
155.44 234.08
153.78 220.21
155.89 212.98
165.09 215.09
151.07 217.20
157.70 206.95
159.36 197.90
161.17 191.72
162.53 184.94
164.03 176.05
160.26 174.54
155.89 168.81
98.16 250.51
108.71 256.39
115.80 262.72
107.66 264.22
122.13 260.00
132.23 261.66
137.35 255.63
132.68 246.74
114.59 252.01
115.20 245.38
105.55 240.86
120.77 239.96
133.89 239.35
116.10 234.98
138.11 228.35
120.47 227.90
112.03 226.69
100.42 229.71
127.41 221.87
132.53 214.48
142.48 216.59
139.01 209.06
142.93 196.85
108.41 220.21
117.76 211.92
117.00 204.84
106.60 203.18
114.14 193.98
109.02 187.20
103.89 187.20
102.53 175.74
113.69 170.17
121.23 168.21
108.56 170.17
140.07 168.06
129.82 179.51
121.07 187.80
127.86 191.57
132.38 186.75
134.79 182.68
129.21 200.62
143.38 188.71
147.30 206.04
23.84 163.54
25.65 156.30
18.72 154.04
12.69 147.11
41.33 165.04
55.65 167.30
64.69 161.12
52.93 156.45
57.46 153.74
61.22 141.23
68.46 148.46
78.11 161.88
81.12 153.29
86.55 162.78
97.70 165.95
97.70 152.68
89.56 146.65
95.29 142.89
93.78 135.35
93.33 120.88
87.15 122.99
78.26 125.55
74.49 134.29
77.65 142.89
50.07 144.54
38.92 144.09
33.94 143.79
7.87 135.20
13.14 133.84
19.17 130.53
21.28 135.95
25.50 127.96
35.15 130.07
38.01 124.35
40.88 119.37
49.02 130.37
59.11 118.32
68.31 127.06
75.54 120.28
69.21 117.86
73.43 111.83
81.57 111.83
87.90 109.42
81.27 104.75
73.89 104.00
86.85 98.12
86.40 104.60
59.57 110.63
63.18 104.45
46.45 107.01
48.11 117.71
39.97 103.85
42.23 98.12
23.84 108.07
23.39 102.49
26.56 100.23
14.80 105.20
4.40 107.92
12.40 115.83
1.24 97.14
140.39 158.21
126.97 161.68
132.70 156.55
134.36 149.92
129.99 144.04
152.45 156.10
147.92 144.19
175.36 156.85
191.94 160.62
204.00 157.91
186.51 155.20
181.39 150.52
168.72 153.54
163.45 145.40
153.95 141.48
178.52 144.19
174.75 137.86
153.35 135.45
154.71 130.02
139.18 138.01
128.63 134.55
121.55 130.48
127.88 123.99
136.02 117.51
142.35 119.77
143.10 130.02
138.28 108.32
131.19 102.14
154.86 112.54
167.22 128.22
165.41 119.17
158.32 103.65
173.70 104.85
180.18 110.13
189.22 115.86
185.00 123.69
187.42 127.01
183.95 141.18
197.36 132.44
198.87 140.88
199.47 148.87
218.01 149.32
216.66 141.48
213.64 127.76
205.65 125.95
206.41 116.31
205.80 107.11
208.07 101.54
195.10 106.51
109.49 153.54
112.05 141.93
118.23 144.34
113.56 138.62
99.09 130.17
105.12 121.28
106.47 111.33
114.16 108.17
114.91 98.37
122.90 96.26
133.30 95.21
145.21 93.85
134.66 86.46
125.46 82.69
124.26 76.06
125.77 63.55
138.43 63.70
137.67 72.44
142.35 80.74
100.29 59.18
105.72 65.66
111.75 70.18
111.30 76.82
91.10 74.56
96.83 82.24
99.84 94.45
101.05 100.93
77.68 94.90
76.18 84.65
80.55 76.82
83.86 68.07
84.01 59.93
73.46 64.31
63.82 74.86
63.21 86.31
55.07 88.87
53.72 75.31
54.17 61.59
119.28 120.83
35.90 86.76
25.95 84.20
20.23 88.12
15.55 76.21
18.27 82.09
5.30 71.54
4.70 87.97
14.50 64.31
10.43 58.58
1.69 56.17
5.76 44.26
10.58 38.23
1.84 40.64
47.21 91.14
44.49 84.35
51.43 80.89
46.00 75.76
50.22 69.13
40.27 66.87
33.94 53.60
26.56 44.26
27.61 39.43
36.66 45.31
62.13 50.74
56.40 48.03
64.24 39.28
75.85 40.19
85.19 37.63
88.51 36.72
93.03 33.56
97.70 59.48
85.94 53.15
49.77 38.08
34.85 38.98
40.57 33.71
27.31 31.14
102.08 49.46
41.28 55.70
27.80 54.39
127.39 50.77
112.93 53.73
104.88 44.12
99.62 31.96
112.44 31.63
121.64 30.81
115.73 37.54
128.54 43.79
132.65 32.45
137.42 23.41
120.82 24.89
113.75 24.23
96.00 26.37
81.54 26.53
73.16 26.70
158.78 95.39
157.63 80.77
166.84 75.18
159.77 70.08
169.47 97.53
188.53 94.57
187.87 83.07
187.54 74.69
160.43 57.76
156.81 51.51
147.61 48.56
143.83 56.12
136.60 53.65
150.73 36.89
149.42 30.31
154.68 27.35
161.41 31.46
169.80 31.13
174.23 34.42
167.17 36.72
162.73 41.32
167.17 47.90
173.90 49.21
172.92 59.07
185.90 57.59
182.12 49.05
180.97 39.85
187.71 34.59
185.90 24.56
198.06 36.07
198.88 30.31
200.86 25.38
210.72 28.83
208.09 36.56
201.68 49.05
213.18 41.65
229.62 27.52
216.96 23.25
236.85 31.63
234.22 42.15
227.32 51.18
227.81 63.02
231.92 56.28
224.52 58.42
212.53 68.61
212.20 62.36
215.81 54.31
207.27 55.79
199.38 58.25
201.02 68.77
200.53 82.41
215.32 80.93
223.54 75.84
233.07 77.97
238.16 83.40
233.23 91.12
225.34 86.03
210.55 90.79
218.77 108.38
228.80 101.15
219.10 93.42
231.10 116.92
239.97 111.50
225.67 123.50
234.22 124.48
251.41 37.05
245.82 74.85
248.62 64.33
247.63 53.81
245.17 44.61
243.85 37.38
243.69 99.50
251.41 85.37
253.22 80.11
259.63 71.73
258.15 59.90
262.75 54.47
260.78 41.98
262.91 31.30
280.01 30.48
281.98 35.24
278.86 40.67
282.96 47.57
275.57 50.69
292.00 53.98
282.14 59.73
272.28 63.35
274.91 57.27
266.37 66.63
266.37 75.02
260.61 88.49
256.50 106.08
261.60 104.93
257.00 116.76
269.49 103.94
272.12 111.34
272.61 119.72
277.54 119.88
280.01 127.11
263.08 127.28
297.26 126.78
290.69 120.21
303.67 124.65
285.43 111.83
281.32 105.25
287.40 93.42
288.22 88.00
287.89 78.80
288.72 71.24
294.63 25.38
298.58 30.64
300.39 38.53
305.97 48.72
313.04 49.21
303.84 62.52
302.19 74.69
305.81 81.59
308.27 86.85
311.07 92.27
301.04 96.05
302.03 108.05
329.47 127.93
322.08 122.35
318.13 120.87
318.79 114.95
316.82 108.05
350.84 129.25
367.44 129.08
375.82 127.77
374.83 117.25
370.73 112.32
366.29 109.20
351.17 109.69
350.18 100.32
344.76 96.87
340.32 108.71
334.40 104.27
323.23 104.10
324.05 90.63
329.31 87.83
322.90 81.10
325.53 79.62
330.95 71.24
318.46 68.77
331.94 63.18
320.11 55.46
317.15 43.95
308.60 37.87
309.26 23.57
323.06 27.52
335.56 24.73
348.54 30.81
348.37 43.63
340.81 34.75
340.81 29.33
337.53 43.13
328.82 49.05
330.13 55.46
334.40 55.62
344.59 58.91
340.98 69.43
348.05 71.24
351.83 79.29
342.13 83.40
339.83 89.31
343.77 90.63
350.67 88.16
360.86 87.01
367.60 94.74
365.47 83.07
367.11 70.08
367.11 61.87
358.40 57.43
354.45 52.01
371.55 49.38
366.62 40.50
361.03 28.18
232.25 164.75
234.05 155.05
233.73 142.56
225.18 135.00
245.39 138.78
262.16 135.66
257.72 132.54
275.47 137.96
250.00 150.29
247.86 159.32
244.90 165.90
250.16 170.01
247.70 182.00
256.73 194.49
258.05 202.88
260.02 213.07
253.12 216.68
246.38 214.05
275.80 207.48
277.77 213.07
291.74 202.55
292.89 210.76
296.67 216.19
305.22 213.89
320.17 213.72
329.37 208.30
352.71 210.27
348.27 208.79
344.17 202.05
367.17 206.33
360.93 203.86
357.81 192.19
358.46 184.96
335.62 196.96
338.25 189.40
317.87 192.85
308.34 204.68
313.76 181.68
304.39 182.17
298.81 178.88
308.01 178.06
295.36 173.62
286.32 170.83
283.36 183.65
279.41 189.89
265.28 187.43
266.10 182.00
273.99 178.06
258.87 180.36
265.12 167.05
269.39 161.95
266.27 152.75
268.57 147.49
270.21 141.90
269.39 138.12
259.86 149.30
289.93 140.75
290.92 152.09
287.30 162.45
299.14 155.05
307.85 149.46
304.89 143.88
311.79 135.17
318.03 137.14
339.89 117.58
355.83 144.70
338.09 145.36
336.44 138.45
332.50 153.57
340.22 157.19
347.29 156.04
364.71 147.98
366.35 152.75
364.05 160.31
327.07 172.47
322.31 164.75
300.39 168.86
311.73 159.16
314.52 152.42
320.11 152.26
294.14 192.52
296.77 186.28
311.56 230.81
294.47 230.16
275.40 228.19
257.66 256.62
245.99 247.25
253.22 233.77
269.00 241.66
274.75 244.13
282.31 247.09
288.06 260.56
267.35 259.41
294.30 255.96
298.41 237.22
307.78 255.96
325.69 235.75
329.47 232.13
320.11 222.60
328.49 259.08
311.73 245.11
333.75 244.62
363.66 262.37
368.75 255.96
346.07 256.78
350.02 247.74
345.25 239.85
347.72 231.47
341.96 223.42
376.81 225.56
374.01 195.48
376.15 184.14
28.79 65.89
36.08 1001.78
17.25 981.60
17.25 958.72
60.30 958.05
53.58 934.50
73.76 935.85
85.87 949.30
69.72 993.03
90.58 991.69
96.64 970.83
115.47 953.34
27.34 924.41
32.05 905.57
7.83 907.59
15.90 881.35
39.45 886.06
7.15 925.08
65.69 892.12
61.65 875.30
50.89 861.17
39.45 852.42
17.25 849.06
24.65 834.25
9.84 832.24
139.02 985.63
139.02 962.09
122.87 917.68
137.00 919.70
101.34 896.15
85.20 868.57
108.07 878.66
117.49 873.28
136.33 884.71
110.09 855.78
106.05 840.98
83.18 838.96
83.85 817.43
87.22 803.31
109.42 828.87
118.84 822.14
130.28 828.20
139.02 845.02
149.11 821.47
165.26 853.09
162.57 837.62
169.97 824.16
178.04 835.60
113.79 1010.36
195.54 1003.63
183.09 976.38
175.02 928.95
169.97 948.46
196.55 926.26
173.33 904.73
158.20 882.53
189.15 858.31
186.79 876.47
206.30 864.36
202.60 884.55
212.69 830.05
213.37 810.20
179.73 800.11
146.09 794.05
118.50 792.71
42.48 791.70
21.28 798.09
54.59 816.26
211.35 940.72
211.35 960.24
181.74 999.93
230.96 1000.27
260.90 995.22
240.38 971.34
255.18 947.45
231.64 932.31
218.52 918.86
228.61 892.28
245.43 911.12
245.43 887.24
231.64 865.71
219.86 852.25
250.81 839.80
258.21 863.02
271.33 833.08
260.57 811.21
251.82 801.12
290.51 802.80
298.24 822.65
291.85 844.18
284.12 874.45
268.30 904.73
301.94 910.11
319.77 884.55
303.29 861.67
293.53 939.38
327.85 932.31
311.70 961.25
305.31 988.49
287.48 996.23
349.38 1002.29
371.24 981.43
359.47 955.53
352.40 905.74
338.95 902.38
365.86 868.74
351.06 862.68
336.26 839.47
318.43 827.02
313.05 803.47
339.62 791.70
361.49 814.24
385.71 795.74
369.90 828.03
387.05 854.27
384.03 903.05
383.02 936.02
391.09 966.12
387.05 963.10
414.97 967.13
416.32 939.88
414.97 995.73
448.28 936.18
460.05 981.93
493.69 960.40
477.88 933.16
459.38 921.72
466.44 886.73
437.51 874.29
434.49 900.19
408.25 904.56
403.87 875.63
424.06 831.90
399.16 823.15
421.70 801.29
438.52 793.89
459.04 814.07
467.79 855.45
489.32 872.27
490.66 902.54
522.62 939.88
537.42 952.67
545.50 987.65
571.06 951.99
567.36 913.64
527.33 891.44
569.05 880.34
515.89 845.69
535.74 870.59
566.02 851.41
565.34 830.89
530.70 831.23
512.87 814.07
532.71 792.20
548.86 800.28
573.75 780.09
493.69 782.11
465.77 785.14
589.33 969.49
596.74 944.59
638.45 958.72
629.70 991.69
663.34 995.73
669.40 955.36
673.43 937.19
640.47 923.74
683.53 911.63
674.11 882.70
656.61 860.49
619.61 856.46
585.97 845.02
609.52 832.91
607.50 809.36
641.14 815.42
662.00 794.56
635.76 784.47
674.11 830.22
688.91 784.47
705.73 810.03
725.91 838.29
697.66 865.20
711.11 874.62
702.08 938.87
706.45 954.01
725.63 933.49
748.17 939.88
740.43 896.82
738.75 963.10
745.48 980.59
781.81 963.77
768.35 950.31
775.42 933.83
768.02 896.49
811.75 952.67
809.73 924.07
815.78 971.84
805.02 984.29
807.71 892.45
819.15 874.96
798.29 850.40
806.70 834.59
816.79 806.00
825.88 771.35
775.08 791.53
759.27 775.72
745.14 787.16
741.10 819.79
697.03 841.32
831.93 920.37
830.92 817.77
830.92 853.77
375.38 779.76
421.47 772.36
395.57 757.89
410.71 733.67
387.16 742.42
375.38 727.62
406.33 708.44
385.14 703.06
393.21 679.85
423.15 702.05
415.42 691.28
433.92 693.98
427.19 721.56
434.93 726.61
444.01 758.90
461.50 736.03
461.17 709.79
480.68 733.00
483.71 705.41
474.29 682.54
487.41 681.19
512.97 699.02
523.40 674.13
509.27 719.21
532.48 725.60
523.74 741.07
511.63 747.46
513.98 765.29
476.98 760.58
555.36 736.03
562.09 715.17
556.70 698.69
537.87 638.81
563.10 647.22
518.02 633.42
502.54 655.96
489.42 642.51
469.91 666.39
458.81 659.66
431.56 668.07
433.25 651.59
412.39 662.35
369.67 653.61
379.08 663.03
373.70 636.12
391.53 643.85
374.71 615.59
407.01 614.25
404.65 594.40
421.13 601.47
428.87 591.04
435.26 609.54
450.07 590.03
455.11 608.87
454.77 628.04
472.94 630.40
478.66 606.51
487.07 587.67
489.42 576.91
508.60 614.25
526.09 600.46
515.33 586.33
539.21 583.97
551.66 589.02
565.79 606.18
548.63 575.56
522.05 569.51
503.22 561.43
464.19 569.17
443.34 562.78
421.47 567.15
403.98 582.96
377.40 576.91
380.77 559.08
375.38 597.77
664.40 775.72
665.75 748.14
632.78 750.83
637.83 736.36
661.38 722.91
635.47 707.10
637.83 688.26
635.47 671.44
640.52 647.22
634.46 638.47
641.53 615.59
632.45 602.81
652.63 604.16
682.23 609.54
672.14 640.49
666.09 671.77
690.31 665.72
682.57 685.23
666.76 707.43
687.95 703.06
714.53 681.53
720.25 708.44
732.02 746.79
752.54 708.44
739.76 697.00
744.13 666.39
716.21 666.39
726.64 649.91
732.36 634.43
743.46 624.00
701.74 635.44
710.83 621.99
728.66 600.46
757.25 602.48
782.14 595.07
786.52 621.31
766.67 644.19
754.56 650.58
766.33 690.28
534.22 728.29
781.81 677.16
783.15 712.81
784.84 736.36
754.56 742.08
768.02 760.92
805.69 752.51
821.84 731.32
805.02 655.96
827.22 658.65
812.08 630.40
809.73 617.95
828.57 595.07
696.03 737.03
696.36 750.49
723.61 728.62
750.52 726.94
600.10 745.11
571.17 759.91
596.74 771.35
581.26 730.98
602.12 715.51
584.62 712.14
597.41 695.99
589.33 679.17
569.82 671.10
611.54 685.23
594.04 655.63
614.90 644.86
579.92 623.33
611.54 598.44
600.77 578.93
578.57 580.27
624.32 575.56
641.14 578.25
588.66 608.53
156.28 769.67
184.20 770.00
207.08 787.16
225.58 787.49
235.34 762.94
199.34 766.64
219.53 753.18
206.74 741.74
187.57 750.83
185.55 728.62
146.53 736.36
157.63 756.88
149.22 715.84
143.50 700.03
165.03 695.66
178.49 703.39
189.59 681.19
205.40 713.15
208.76 694.31
220.87 701.71
216.50 728.62
238.70 737.37
245.09 713.15
278.06 712.14
287.14 720.55
296.23 733.00
271.67 748.81
286.81 758.56
255.52 748.47
258.21 781.78
305.98 779.76
316.07 749.82
316.41 732.66
314.05 717.86
335.25 724.25
340.63 742.08
337.94 714.83
337.94 690.61
309.68 687.25
303.96 691.62
268.64 689.94
286.13 668.07
302.62 660.00
320.78 648.56
339.96 667.06
300.60 639.14
325.16 630.40
302.62 626.36
323.14 618.62
311.70 609.54
339.62 613.58
325.83 589.69
298.58 590.03
280.41 589.69
285.12 604.49
278.06 615.26
284.45 632.41
265.28 665.38
252.16 643.18
261.24 628.71
257.54 610.21
271.33 598.44
236.68 618.62
226.25 606.18
210.44 629.05
223.56 649.91
209.77 649.91
225.25 657.64
209.43 671.44
231.97 678.16
251.15 682.87
176.80 670.43
179.49 652.60
186.56 637.80
183.53 619.63
166.71 618.29
168.73 637.46
166.04 657.31
149.56 674.80
191.94 607.18
209.77 596.76
189.25 585.66
164.36 600.79
145.18 584.65
172.09 577.58
141.82 604.83
141.15 646.54
345.00 598.44
349.04 580.95
355.10 574.22
363.17 714.83
357.79 756.55
132.40 772.69
68.48 780.77
86.65 780.77
55.03 770.67
70.50 748.47
40.90 751.84
63.77 726.94
94.05 731.65
93.38 711.47
125.67 732.33
122.31 713.49
113.56 702.05
131.05 698.01
119.62 680.52
108.18 677.16
17.87 758.90
27.96 776.73
23.58 727.28
11.14 744.10
12.15 709.45
49.49 702.39
49.82 721.22
40.07 682.54
41.08 670.76
24.26 672.45
56.55 669.08
70.34 674.80
88.17 663.36
78.08 690.28
68.66 721.56
83.80 650.92
120.80 648.56
124.17 660.00
112.73 615.59
125.85 618.62
82.79 623.67
70.68 623.33
69.00 646.54
54.20 636.79
37.04 630.40
36.03 646.54
21.90 638.13
18.54 662.69
37.04 604.16
31.99 590.03
57.56 600.12
57.22 610.55
74.38 600.46
73.37 585.66
90.19 583.64
108.69 579.94
92.55 607.52
114.41 592.72
124.84 579.26
20.89 579.60
105.49 632.08
14.84 559.75
4.07 536.54
5.08 514.67
16.86 520.73
20.56 536.20
27.28 539.57
35.36 556.72
50.83 551.01
63.62 564.13
43.43 533.85
38.39 516.02
27.28 504.92
15.17 512.99
14.16 492.81
23.25 480.70
18.87 467.58
29.30 461.86
4.07 457.15
15.51 450.42
1.05 440.33
20.22 429.57
0.71 426.20
6.09 410.73
20.22 420.15
30.31 409.72
11.14 398.95
4.41 389.87
4.41 384.15
17.19 379.44
25.94 392.23
48.14 404.67
41.41 402.65
52.51 389.20
58.91 393.91
63.28 383.48
72.70 389.20
74.72 399.96
64.29 402.65
59.58 417.12
55.21 428.56
64.29 433.27
47.13 452.78
48.81 446.39
45.11 468.59
46.46 480.36
59.58 455.80
66.31 471.28
76.06 458.50
72.70 482.38
81.44 493.48
97.93 479.35
88.17 472.62
75.39 511.31
65.30 516.02
50.83 505.59
79.09 527.12
73.71 533.18
74.38 541.92
92.55 528.47
86.15 514.34
100.62 494.83
106.34 520.06
108.36 494.15
114.08 494.49
118.45 513.67
116.43 528.47
108.36 541.59
89.18 546.63
104.66 558.07
72.03 563.12
123.16 548.65
142.67 555.04
159.15 560.09
155.79 571.53
180.68 562.11
198.18 556.72
200.87 569.51
182.36 544.28
164.87 529.48
152.76 525.44
150.74 539.90
125.51 538.22
135.61 528.47
151.75 510.64
136.61 499.54
157.81 501.22
178.33 509.63
198.51 494.83
203.89 507.95
112.73 475.32
103.65 459.84
91.54 447.06
94.56 434.28
71.69 425.19
73.37 416.11
84.47 419.14
93.22 385.83
96.92 404.00
98.26 396.93
116.43 404.00
108.02 415.77
114.41 422.50
125.85 436.97
130.56 423.85
131.90 407.03
139.64 394.58
149.06 399.96
156.80 389.53
153.77 381.46
135.27 381.12
129.89 373.72
145.36 371.71
103.98 371.37
95.57 372.04
83.46 377.09
167.23 372.38
170.93 379.11
191.45 377.42
179.34 395.93
180.35 391.22
196.49 404.34
173.95 411.06
164.20 425.19
150.74 419.81
146.03 448.40
148.05 459.84
136.95 467.92
125.85 460.51
156.46 473.30
173.95 466.57
180.68 473.97
197.84 477.33
198.85 463.54
183.71 457.82
163.53 454.46
192.12 436.29
204.57 447.73
204.23 428.56
185.06 422.50
189.43 407.36
123.16 391.55
114.41 386.84
63.28 371.37
38.72 412.07
41.41 427.55
39.39 436.29
32.67 446.39
209.67 528.47
222.45 535.87
221.10 548.65
248.69 560.09
227.83 573.54
231.20 588.35
254.07 571.53
257.43 584.98
272.91 570.85
266.18 556.72
282.33 549.32
274.93 541.92
268.20 538.56
306.55 540.58
311.26 554.71
317.99 539.23
338.84 545.96
340.86 520.39
359.03 529.81
362.39 542.60
362.39 556.05
376.52 547.31
402.76 548.65
385.94 531.83
405.45 525.78
395.36 520.39
224.80 446.72
225.81 434.28
211.35 423.17
226.82 414.09
232.88 419.81
212.02 382.13
221.10 378.77
207.65 357.24
184.44 364.30
186.79 355.89
168.29 358.25
227.49 360.94
239.27 369.69
243.64 359.93
261.47 376.08
257.77 382.47
267.86 396.26
257.43 406.35
266.18 428.56
262.14 430.91
245.32 437.30
265.84 452.78
235.23 455.13
234.22 464.21
240.95 474.31
223.79 476.33
225.48 488.44
225.48 505.26
240.95 515.68
253.40 519.38
242.97 544.95
229.85 523.08
240.28 530.82
266.18 507.95
252.05 492.14
260.80 478.01
272.57 490.12
286.36 500.88
285.69 487.43
299.48 482.38
303.52 510.97
303.18 522.41
316.64 492.81
321.35 518.38
351.29 498.53
349.27 485.74
328.75 481.03
323.71 471.95
311.59 468.25
302.18 459.84
284.01 458.50
321.69 450.76
315.30 441.68
334.47 442.69
339.52 447.73
338.51 456.48
352.30 468.59
356.67 459.84
353.64 437.64
337.50 424.52
353.31 420.48
347.59 415.77
350.62 399.29
356.34 392.56
345.57 378.43
346.58 360.60
331.11 363.63
326.40 375.07
314.96 363.97
298.14 383.82
303.18 390.54
301.17 403.66
290.40 396.60
283.67 403.66
286.36 366.66
265.84 354.21
319.00 569.17
342.21 564.46
366.43 593.06
348.26 648.23
355.66 630.06
278.96 436.97
274.93 422.16
291.75 422.16
309.24 424.86
316.64 424.86
320.68 414.76
225.81 390.54
151.80 432.26
366.43 513.67
375.17 511.65
366.43 492.14
388.63 498.19
371.14 479.35
377.19 467.24
365.08 447.73
375.85 436.97
377.87 420.82
367.10 410.05
367.77 393.91
359.70 383.14
379.88 375.74
387.96 367.67
370.46 367.00
389.30 387.85
388.63 401.98
387.28 412.75
396.70 429.57
394.01 460.51
391.99 469.93
409.49 480.03
424.96 486.75
405.45 498.19
422.94 511.65
424.29 530.49
440.44 529.14
459.27 547.98
459.95 566.14
449.18 518.38
458.60 499.54
439.09 498.86
461.97 529.14
416.55 454.80
419.24 445.71
408.81 422.84
406.12 404.67
402.09 386.51
410.83 372.71
419.24 387.85
433.71 391.89
433.37 372.71
422.27 358.92
404.44 354.21
382.24 354.89
380.22 345.47
357.68 341.43
354.32 329.66
373.16 325.95
400.74 328.98
406.12 336.05
428.66 342.10
435.39 349.84
450.53 359.59
445.48 367.67
446.83 335.37
459.95 344.79
462.64 323.26
481.48 332.35
486.52 342.44
489.21 355.89
485.51 361.28
468.36 360.60
465.67 373.05
473.40 388.19
489.55 381.12
452.21 383.82
455.57 393.91
468.36 409.38
449.85 413.75
441.44 410.05
433.37 426.20
427.65 429.23
452.55 447.06
457.59 470.61
436.40 458.83
428.66 471.62
484.84 443.69
480.80 462.20
480.80 478.34
470.71 488.77
469.03 433.94
481.14 432.59
488.20 417.79
478.79 405.68
497.29 393.23
484.84 400.30
512.43 394.24
513.10 380.12
510.74 368.34
508.72 342.44
495.27 331.34
481.48 324.27
501.66 325.28
522.52 332.01
533.62 328.65
527.23 351.18
534.96 365.31
528.24 343.11
548.08 328.98
554.48 341.77
548.76 352.53
550.44 367.67
543.37 385.50
532.61 395.59
536.98 416.11
520.50 409.38
525.88 428.56
508.39 445.04
534.29 439.66
549.77 433.27
533.28 453.79
514.11 462.20
511.75 483.05
506.71 492.14
529.92 494.15
545.06 476.66
548.42 488.44
536.65 516.69
531.94 533.85
506.37 539.23
480.47 519.72
497.29 508.62
489.55 506.26
480.80 551.34
523.19 550.00
515.79 513.67
544.05 548.65
553.47 537.89
561.54 523.08
560.87 510.30
571.63 497.52
585.09 531.16
595.18 523.08
606.62 557.40
606.62 550.67
624.78 543.27
621.42 527.79
640.93 534.52
656.40 542.60
651.69 523.08
638.91 507.61
614.02 501.56
632.18 492.14
626.80 474.64
651.02 469.93
650.35 479.35
655.06 490.79
585.76 485.41
593.83 475.99
606.62 459.84
573.65 455.80
579.03 441.00
567.59 427.55
594.51 437.64
593.83 424.86
591.82 414.09
614.02 409.38
668.85 479.02
671.88 488.44
684.66 505.26
691.05 499.20
682.31 524.09
701.48 487.76
715.27 480.03
708.55 507.27
706.86 523.76
688.03 472.62
697.78 461.19
673.22 459.84
716.62 451.77
726.38 460.85
664.14 438.31
679.62 435.62
693.07 436.97
698.12 424.86
685.33 416.78
686.68 406.69
703.84 393.91
713.59 406.02
717.97 421.49
719.31 380.45
676.59 382.13
681.97 373.39
634.54 373.39
645.30 383.82
653.04 399.29
640.59 411.74
631.51 419.81
639.92 433.27
640.93 448.40
660.78 425.53
661.79 412.75
622.09 439.66
621.75 430.57
622.43 396.26
701.15 353.54
707.87 373.72
719.98 340.42
697.78 342.44
711.57 321.92
720.32 316.54
729.07 323.26
681.63 326.96
657.75 341.77
644.29 331.67
657.41 320.24
685.67 313.84
699.13 314.52
614.35 333.69
620.75 341.09
622.43 326.29
636.56 315.86
604.60 327.97
594.84 324.27
609.98 308.80
581.05 319.23
573.31 329.66
574.66 311.49
553.13 314.85
565.24 360.94
564.90 373.72
560.19 392.90
569.28 405.68
597.87 388.52
596.86 373.05
601.57 362.62
605.61 350.51
583.74 351.86
617.38 358.92
635.88 352.87
728.39 524.09
730.08 504.25
556.83 472.62
552.79 461.52
545.39 402.32
533.95 312.50
531.37 660.34
540.79 673.79
654.60 567.49
672.09 572.87
668.72 582.29
688.24 583.64
704.38 574.22
678.14 547.98
712.46 552.69
723.89 579.60
734.66 568.16
750.13 562.11
739.37 548.65
755.52 534.52
775.70 515.01
749.46 504.92
765.61 488.77
746.10 492.14
748.79 475.32
787.81 570.85
762.92 587.67
778.39 560.76
771.66 537.89
797.90 562.78
820.78 556.05
820.78 582.96
820.78 535.20
797.90 521.07
794.54 504.92
783.10 502.23
792.52 482.72
793.19 469.93
800.59 451.77
816.07 500.21
538.20 759.91
762.92 464.55
775.03 457.15
758.21 447.06
764.93 428.89
739.37 427.55
746.10 415.44
770.99 402.65
771.66 416.11
788.48 413.42
789.83 429.57
805.30 420.82
808.67 407.36
821.45 432.26
828.18 416.78
815.39 391.89
796.56 384.49
739.37 375.07
738.02 389.20
735.72 348.83
739.42 338.74
741.78 350.51
746.49 357.58
738.08 367.33
638.16 295.01
651.96 297.36
660.37 288.95
666.42 299.04
671.47 292.65
687.28 299.72
717.22 291.31
728.66 304.43
737.74 295.01
757.25 296.35
756.24 306.44
753.21 313.51
756.91 322.25
769.70 323.60
771.38 349.50
780.46 330.66
805.69 328.98
805.36 319.23
826.89 325.62
820.16 310.48
803.67 309.81
817.80 296.69
796.61 297.02
785.51 296.35
802.33 287.94
773.40 299.72
786.18 315.53
792.24 326.96
778.44 320.24
800.31 361.28
797.62 339.75
815.11 371.03
826.21 347.15
830.92 399.29
821.84 454.46
703.09 306.11
700.74 296.69
776.43 388.52
758.26 382.81
772.05 375.07
775.75 360.94
787.86 353.20
794.93 371.37
647.92 361.95
652.97 357.58
659.36 375.74
666.09 365.65
6.76 304.76
19.88 279.53
16.18 265.74
14.84 354.21
3.40 368.68
27.62 356.90
34.69 342.10
48.48 349.50
52.85 365.99
59.58 347.48
56.89 340.08
45.45 329.99
55.21 328.65
56.89 317.88
42.76 311.49
51.84 306.11
60.92 309.81
58.91 298.37
44.78 294.33
34.35 291.98
43.10 281.21
52.18 288.95
31.32 281.55
34.01 272.13
62.94 269.10
66.98 288.95
70.34 283.23
74.04 278.86
84.47 284.58
81.78 298.37
85.82 294.00
90.53 296.69
97.59 298.03
85.15 306.78
77.41 317.54
83.80 321.25
88.85 313.84
97.93 334.03
89.85 342.10
84.14 333.36
73.71 338.40
78.75 348.83
76.74 362.62
96.92 363.63
93.89 358.25
108.02 356.23
103.98 346.81
107.01 363.30
122.15 353.54
123.16 342.44
118.79 367.33
131.57 337.73
133.59 324.95
136.28 322.93
118.11 319.90
110.04 311.15
114.08 306.11
113.07 295.34
100.96 284.24
129.21 297.36
123.16 282.90
142.33 281.21
139.64 272.47
111.05 274.49
105.33 269.10
91.20 270.11
82.45 266.41
110.38 338.40
145.36 310.48
147.72 299.72
168.57 290.63
150.41 285.59
160.84 282.90
158.48 274.15
148.05 270.45
188.42 277.51
177.99 293.32
177.99 266.75
198.18 298.37
199.52 307.45
205.24 288.95
204.57 318.89
184.72 326.63
192.79 329.66
203.22 328.98
183.37 342.77
196.49 342.77
170.59 345.80
168.91 339.41
149.06 342.10
154.11 334.03
163.53 329.32
165.54 318.55
157.81 302.41
140.31 352.87
151.42 363.30
221.44 338.07
212.02 335.71
231.20 334.70
230.86 324.27
221.10 315.19
220.77 305.77
225.14 288.95
232.20 278.19
224.47 271.79
209.33 270.11
207.65 278.86
236.58 298.71
237.25 317.54
243.64 289.96
251.72 277.51
255.42 269.10
255.08 299.04
264.84 291.64
273.58 292.31
253.73 324.61
248.02 344.79
236.24 341.77
275.60 346.48
278.63 333.36
272.24 329.66
298.81 344.46
314.62 344.46
334.13 345.13
321.35 338.07
323.71 324.61
296.79 323.60
302.18 336.38
284.01 318.22
278.29 306.11
294.77 305.43
283.67 272.13
298.81 283.57
303.52 292.65
306.55 312.16
315.63 299.72
325.39 309.47
334.81 299.72
338.84 312.84
329.76 290.63
337.50 290.63
300.83 270.45
305.54 270.45
316.64 282.90
319.33 271.12
339.85 269.10
342.88 319.90
354.99 310.48
359.03 301.73
349.61 281.55
375.17 271.46
378.54 296.35
397.38 303.75
392.67 298.37
416.21 318.55
418.91 292.99
431.02 301.06
436.40 321.25
436.40 272.80
436.40 282.90
412.18 272.80
394.01 272.13
379.21 260.69
400.74 258.67
392.67 251.95
396.03 243.20
398.05 232.44
409.49 246.56
409.49 254.64
426.98 245.89
426.31 231.09
411.51 225.71
420.25 214.27
425.63 206.87
442.45 210.91
442.45 229.07
444.47 255.31
425.63 262.71
439.76 270.11
387.28 316.54
380.89 233.44
396.70 221.67
386.95 208.21
383.92 185.34
388.29 178.61
389.30 155.74
405.11 150.69
411.51 156.07
404.44 172.22
417.90 162.46
416.55 180.63
415.21 194.76
427.32 171.55
447.84 163.81
440.77 180.97
434.04 194.42
440.77 151.36
461.97 172.56
461.29 183.32
477.44 182.98
474.75 192.74
486.19 208.55
480.47 215.62
464.32 210.23
449.52 198.12
452.88 192.40
454.23 222.68
468.69 226.04
457.93 240.17
461.63 249.26
457.26 252.96
472.73 247.24
480.47 256.66
477.78 281.21
471.05 268.09
493.92 270.79
496.95 259.35
480.80 236.14
452.21 285.92
455.57 293.66
455.24 300.39
449.18 306.44
448.17 316.54
463.98 309.47
472.73 303.75
481.81 296.69
496.28 208.21
491.23 225.37
490.56 235.13
491.90 190.39
486.19 175.58
486.19 167.85
484.17 157.08
472.06 149.34
472.39 142.95
461.97 161.12
455.57 143.63
460.28 136.23
486.52 129.50
495.27 134.21
489.21 114.02
474.41 118.40
473.07 113.01
452.88 118.06
445.15 113.01
440.44 130.84
424.96 112.68
411.51 120.75
413.19 112.34
397.04 112.34
390.65 119.74
378.54 134.88
375.17 142.95
396.37 137.23
393.00 130.17
401.75 139.59
330.43 175.92
343.22 170.54
496.95 285.25
519.83 295.34
513.10 302.07
513.77 317.54
517.47 278.52
511.08 261.70
499.64 247.24
509.40 223.02
514.78 232.10
521.51 215.28
516.46 206.20
512.09 203.17
498.97 202.16
502.00 186.35
516.46 194.76
522.18 191.06
526.22 183.66
520.16 179.62
532.61 175.58
538.33 182.65
538.66 196.10
541.36 203.84
537.32 217.97
538.66 225.71
535.64 231.43
530.93 249.59
522.85 257.67
529.58 265.07
534.96 274.49
538.66 286.60
542.70 299.38
546.74 285.92
551.11 306.78
563.56 299.04
568.94 285.59
561.54 272.47
571.30 280.88
587.44 277.18
587.44 292.31
593.50 300.39
607.96 286.93
614.69 276.84
627.47 287.61
640.26 276.50
646.65 267.76
653.71 264.39
624.45 267.76
616.04 264.39
607.96 262.38
590.47 255.98
580.71 252.96
563.56 256.32
546.74 249.26
553.13 231.09
562.89 238.15
568.27 225.71
552.12 222.01
562.55 217.97
554.81 211.24
570.62 187.36
576.00 193.75
576.00 200.81
578.36 216.96
578.70 229.74
588.45 223.35
598.88 215.62
606.95 219.99
611.66 206.20
589.80 203.84
598.21 196.10
595.52 181.30
582.40 174.24
601.23 172.89
609.31 176.93
617.38 184.33
614.02 193.08
617.72 199.80
632.18 205.86
625.12 218.31
619.06 225.71
621.42 238.49
637.23 229.74
644.63 239.16
647.66 249.59
635.55 254.30
632.18 248.58
625.79 253.63
602.24 246.56
651.02 228.74
643.62 222.01
636.89 217.30
649.00 205.86
642.61 201.15
642.61 186.01
638.91 180.29
670.87 272.13
679.62 261.70
665.15 248.58
674.23 234.12
673.90 226.38
669.19 220.33
695.43 221.00
702.83 227.05
711.24 209.90
676.25 207.88
688.70 248.92
694.75 262.04
695.76 279.20
713.93 267.42
722.34 280.54
727.72 273.48
711.57 253.29
725.03 245.89
726.38 263.05
735.79 245.22
748.91 257.33
745.89 282.90
759.34 285.92
780.54 279.20
770.11 262.71
767.75 253.97
787.94 269.10
793.66 253.97
802.40 255.98
801.06 271.12
773.81 241.18
760.02 232.44
784.57 232.10
797.36 232.77
792.65 224.03
783.90 212.59
765.40 215.62
772.13 207.88
754.30 212.92
760.02 206.87
746.90 200.81
736.80 193.41
719.31 191.39
700.14 192.74
683.32 193.75
679.28 181.64
664.14 189.38
661.79 174.57
653.04 165.16
641.60 165.16
624.45 176.93
719.65 174.91
731.08 168.86
742.19 175.25
750.26 163.47
763.72 188.03
773.13 193.75
793.66 183.32
801.73 213.26
804.42 188.37
798.36 170.20
798.03 164.82
770.44 165.16
767.08 176.93
611.66 163.81
821.17 284.91
829.91 277.18
822.18 262.71
813.77 259.68
817.13 254.64
809.06 266.41
824.19 242.86
814.10 241.52
823.52 230.08
830.92 222.34
830.25 205.19
811.07 204.85
812.08 226.04
817.80 196.44
818.81 180.97
810.07 157.75
799.30 158.43
797.28 156.07
780.80 155.06
776.76 150.02
793.58 143.29
816.12 144.30
825.20 179.96
830.59 162.80
702.42 166.50
685.26 159.44
681.90 156.41
668.10 162.46
676.85 169.53
676.85 145.31
705.11 155.06
711.50 147.66
696.03 145.31
728.99 153.05
734.38 158.09
747.16 154.39
748.17 142.62
823.47 341.77
752.15 407.70
627.01 458.16
581.26 382.13
540.89 262.38
550.98 166.16
511.29 154.73
507.25 170.20
526.76 164.82
528.78 156.75
548.97 175.58
565.11 162.80
585.97 162.13
591.35 155.40
633.74 159.44
619.61 159.44
604.81 159.44
381.67 81.90
386.38 88.62
384.03 102.75
393.11 101.41
396.47 97.37
400.85 79.88
404.88 73.49
384.70 57.00
399.16 55.32
375.62 55.32
385.03 46.24
389.41 40.86
379.32 31.10
398.49 26.39
420.69 25.72
415.65 26.05
412.96 34.46
407.24 43.88
411.27 52.29
396.14 49.94
422.71 45.57
428.43 58.01
427.08 38.84
437.85 30.09
445.25 27.40
452.99 28.75
446.60 40.52
463.08 25.72
440.20 55.99
437.18 65.75
447.94 61.38
455.01 67.10
413.63 63.73
420.36 72.14
420.36 73.49
420.36 79.88
423.72 94.01
425.07 105.44
438.19 102.08
443.90 89.30
439.87 89.30
450.63 94.68
464.76 96.70
464.43 103.76
460.05 84.59
443.90 83.24
468.80 81.22
471.83 88.62
481.25 76.18
486.29 85.26
458.71 55.66
461.40 61.04
473.17 61.04
466.44 47.25
466.11 39.85
477.54 35.14
495.37 44.56
482.93 41.53
484.61 30.43
504.46 25.05
508.83 30.43
476.87 49.27
483.26 53.30
501.43 67.77
485.62 67.10
489.66 62.39
505.80 63.39
494.70 82.23
490.33 90.98
507.15 89.63
496.05 101.41
502.77 112.85
504.12 120.92
506.48 107.46
509.50 136.06
419.01 139.76
555.36 140.77
536.86 129.67
526.09 132.36
522.05 140.43
520.37 123.27
535.17 113.52
533.49 106.45
530.80 102.75
542.57 103.43
545.94 102.42
546.28 98.72
549.98 114.86
549.30 121.93
571.51 117.89
564.78 132.02
570.83 137.74
565.11 152.88
579.92 144.80
602.45 145.14
600.77 131.01
590.01 142.45
612.55 133.37
634.08 141.44
622.64 123.27
637.78 120.58
649.55 124.28
646.19 139.76
639.79 110.49
628.36 102.42
622.64 97.37
620.96 110.83
597.41 98.72
590.34 111.16
600.44 120.25
583.62 123.95
585.63 102.75
592.36 91.99
605.82 87.28
589.67 80.55
576.89 86.61
568.48 101.74
566.46 94.01
558.39 87.28
541.23 86.94
537.53 61.71
547.62 58.69
515.66 66.76
509.27 52.63
531.81 43.21
532.15 25.72
540.56 37.49
548.97 30.09
549.30 48.26
514.99 95.69
533.16 92.33
554.69 73.15
558.05 65.08
542.91 72.81
568.81 46.91
563.77 33.46
575.21 30.76
582.27 34.80
587.32 27.74
582.27 44.22
574.53 52.63
572.85 70.46
573.52 64.07
583.62 63.06
569.49 61.38
601.78 77.52
602.12 60.03
597.07 48.93
606.83 45.57
596.40 36.48
591.69 35.14
607.50 30.76
615.24 37.49
616.58 43.55
618.94 35.47
623.65 27.74
639.46 25.38
639.79 35.47
643.49 42.20
640.47 50.61
625.67 54.98
623.98 52.97
618.94 62.72
612.88 76.51
628.69 78.53
636.43 76.18
640.80 89.63
625.33 90.64
650.22 140.93
665.02 135.89
667.38 123.11
657.62 98.55
656.61 88.46
649.89 78.36
650.90 74.33
659.98 57.51
659.98 48.76
672.76 52.13
680.16 57.17
673.43 72.98
664.69 79.04
670.74 89.80
669.06 98.89
677.13 104.27
685.21 106.29
689.58 97.54
697.32 84.76
697.32 100.57
705.39 93.50
705.73 103.93
706.40 109.99
716.83 96.87
709.43 86.77
704.72 77.69
705.39 73.66
707.07 61.21
705.73 50.44
693.28 47.08
694.29 40.35
690.25 38.00
663.68 37.66
722.55 53.13
718.18 67.26
736.00 49.10
734.66 62.55
737.69 64.24
749.46 36.99
744.75 35.64
757.20 43.72
763.93 47.75
752.49 57.51
758.54 56.16
752.49 65.92
752.49 76.35
745.76 76.35
746.77 88.46
739.03 97.20
730.96 87.11
729.61 76.68
727.59 109.99
752.82 117.39
748.45 110.32
750.81 101.91
754.51 95.52
764.60 89.13
715.82 122.77
714.14 135.22
726.59 128.15
724.57 136.56
685.54 121.76
690.59 127.14
735.67 146.65
737.35 230.75
739.03 222.01
758.54 248.25
744.80 122.94
764.31 128.32
778.44 124.28
782.48 136.73
789.54 124.96
804.01 139.08
807.04 126.97
793.58 112.85
781.47 114.19
769.02 112.51
767.01 96.70
791.90 96.70
785.51 93.67
787.19 84.25
794.59 74.50
797.95 70.46
788.87 71.47
768.69 65.75
776.43 54.31
757.59 30.09
778.44 24.71
761.29 23.36
745.81 25.72
725.63 22.35
801.32 30.43
815.11 25.72
812.42 36.82
819.15 40.18
825.54 37.49
800.65 49.60
821.17 56.33
806.03 68.78
812.42 85.26
802.33 87.95
807.37 96.70
813.43 112.17
817.80 101.74
831.26 103.09
787.53 35.47
792.91 37.49
63.00 15.46
60.30 26.22
52.90 14.79
34.74 15.46
41.47 23.53
41.47 7.38
36.08 5.37
4.46 24.88
9.84 7.38
25.99 20.84
76.45 12.77
75.11 3.35
67.03 3.35
53.58 2.67
89.23 12.09
95.96 12.77
110.09 6.71
104.04 15.46
120.86 8.06
134.31 16.13
136.33 8.06
130.28 12.77
114.80 15.46
153.82 13.44
148.44 10.75
143.73 6.04
153.82 4.02
164.59 6.71
167.95 18.82
180.74 16.13
182.75 8.73
178.72 6.71
171.99 3.35
186.12 3.35
196.21 4.02
204.28 14.79
206.97 10.08
219.76 13.44
242.63 10.08
250.03 10.08
250.03 21.51
273.58 10.75
270.22 20.17
289.06 14.11
297.80 8.06
288.38 4.02
326.06 14.11
346.24 14.11
334.13 3.35
320.00 4.02
354.32 6.71
359.03 16.13
372.48 21.51
375.17 6.71
380.56 10.75
388.63 6.71
393.34 12.77
403.43 4.02
458.03 7.38
474.85 10.75
446.60 3.35
435.16 2.67
417.67 6.04
431.79 12.09
483.60 5.37
490.33 10.75
502.44 9.40
517.24 14.11
519.93 4.02
525.31 12.77
536.75 16.80
530.70 7.38
538.77 5.37
550.88 10.08
564.34 5.37
577.79 9.40
588.56 15.46
594.61 6.71
604.03 16.13
610.09 8.73
620.85 14.79
628.25 5.37
644.40 12.77
642.38 4.69
659.20 6.71
659.87 16.13
663.91 26.90
671.31 19.49
678.04 10.08
682.75 12.77
692.17 13.44
704.28 6.71
719.75 6.71
724.46 14.11
731.19 8.06
756.76 4.69
768.19 9.40
783.77 9.40
781.08 2.67
795.88 4.02
791.17 17.48
804.63 20.17
808.67 10.08
820.10 12.09
