821.53 650.34
797.98 659.09
814.13 614.68
800.00 616.70
828.93 575.66
819.51 570.28
800.67 581.71
826.91 552.78
830.95 537.98
827.58 525.87
818.16 519.14
806.72 525.20
797.98 542.02
787.89 518.47
771.74 550.09
774.43 534.62
767.03 521.16
758.96 532.60
761.98 625.95
767.03 645.46
740.45 623.26
763.67 601.73
778.80 579.53
747.85 555.31
750.21 573.47
730.70 561.36
734.40 581.55
724.31 527.05
723.63 507.20
757.27 497.11
790.91 491.05
818.50 489.71
725.65 637.72
725.65 657.24
681.82 644.45
705.36 629.31
718.48 615.86
708.39 589.28
691.57 608.12
691.57 584.24
705.36 562.71
717.14 549.25
686.19 536.80
678.79 560.02
665.67 530.08
676.43 508.21
685.18 498.12
646.49 499.80
638.76 519.65
645.15 541.18
652.88 571.45
668.70 601.73
635.06 607.11
617.23 581.55
633.71 558.67
643.47 636.38
609.15 629.31
625.30 658.25
577.53 652.53
584.60 602.74
598.05 599.38
571.14 565.74
585.94 559.68
600.74 536.47
618.57 524.02
623.95 500.47
597.38 488.70
575.51 511.24
551.29 492.74
567.10 525.03
549.95 551.27
552.97 600.05
553.98 633.02
545.91 663.12
549.95 660.10
522.03 664.13
520.68 636.88
488.72 633.18
443.31 657.40
459.12 630.16
477.62 618.72
470.56 583.73
499.49 571.29
502.51 597.19
528.75 601.56
533.13 572.63
512.94 528.90
537.84 520.15
515.30 498.29
498.48 490.89
477.96 511.07
469.21 552.45
447.68 569.27
446.34 599.54
414.38 636.88
399.58 649.67
365.94 648.99
369.64 610.64
409.67 588.44
367.95 577.34
421.11 542.69
401.26 567.59
370.98 548.41
371.66 527.89
406.30 528.23
424.13 511.07
404.29 489.20
388.14 497.28
363.25 477.09
443.31 479.11
471.23 482.14
340.26 641.59
298.55 655.72
267.60 652.36
263.57 634.19
296.53 620.74
253.47 608.63
262.89 579.70
280.39 557.49
317.39 553.46
351.03 542.02
327.48 529.91
329.50 506.36
295.86 512.42
275.00 491.56
301.24 481.47
262.89 527.22
248.09 481.47
231.27 507.03
211.09 535.29
239.34 562.20
225.89 571.62
234.92 635.87
230.55 651.01
211.37 630.49
188.83 636.88
196.57 593.82
198.25 660.10
168.65 647.31
168.98 593.49
177.73 472.72
191.86 484.16
195.90 516.79
239.97 538.32
561.62 476.76
515.53 469.36
541.43 454.89
526.29 430.67
549.84 439.42
561.62 424.62
530.67 405.44
551.86 400.06
543.79 376.85
513.85 399.05
521.58 388.28
503.08 390.98
509.81 418.56
502.07 423.61
492.99 455.90
475.50 433.03
475.83 406.79
456.32 430.00
453.29 402.41
462.71 379.54
449.59 378.19
424.03 396.02
413.60 371.13
427.73 416.21
404.52 422.60
413.26 438.07
425.37 444.46
423.02 462.29
460.02 457.58
381.64 433.03
374.91 412.17
380.30 395.69
399.13 335.81
373.90 344.22
418.98 330.42
434.46 352.96
447.58 339.51
467.09 363.39
478.19 356.66
505.44 365.07
503.75 348.59
524.61 359.35
567.33 350.61
557.92 360.03
563.30 333.12
545.47 340.85
562.29 312.59
529.99 311.25
532.35 291.40
515.87 298.47
508.13 288.04
501.74 306.54
486.93 287.03
481.89 305.87
482.23 325.04
464.06 327.40
458.34 303.51
449.93 284.67
447.58 273.91
428.40 311.25
410.91 297.46
421.67 283.33
397.79 280.97
385.34 286.02
371.21 303.18
388.37 272.56
414.95 266.51
433.78 258.43
472.81 266.17
493.66 259.78
515.53 264.15
533.02 279.96
559.60 273.91
556.23 256.08
561.62 294.77
272.60 472.72
271.25 445.14
304.22 447.83
299.17 433.36
275.62 419.91
301.53 404.10
299.17 385.26
301.53 368.44
296.48 344.22
302.54 335.47
295.47 312.59
304.55 299.81
284.37 301.16
254.77 306.54
264.86 337.49
270.91 368.77
246.69 362.72
254.43 382.23
270.24 404.43
249.05 400.06
222.47 378.53
216.75 405.44
204.98 443.79
184.46 405.44
197.24 394.00
192.87 363.39
220.79 363.39
210.36 346.91
204.64 331.43
193.54 321.00
235.26 332.44
226.17 318.99
208.34 297.46
179.75 299.48
170.33 341.19
182.44 347.58
170.67 387.28
402.78 425.29
182.44 439.08
168.98 457.92
240.97 434.03
240.64 447.49
213.39 425.62
186.48 423.94
336.90 442.11
365.83 456.91
340.26 468.35
355.74 427.98
334.88 412.51
352.38 409.14
339.59 392.99
347.67 376.17
367.18 368.10
325.46 382.23
342.96 352.63
322.10 341.86
357.08 320.33
325.46 295.44
336.23 275.93
358.43 277.27
312.68 272.56
295.86 275.25
348.34 305.53
780.72 466.67
752.80 467.00
729.92 484.16
711.42 484.49
701.66 459.94
737.66 463.64
717.47 450.18
730.26 438.74
749.43 447.83
751.45 425.62
790.47 433.36
779.37 453.88
787.78 412.84
793.50 397.03
771.97 392.66
758.51 400.39
747.41 378.19
731.60 410.15
728.24 391.31
716.13 398.71
720.50 425.62
698.30 434.37
691.91 410.15
658.94 409.14
649.86 417.55
640.77 430.00
665.33 445.81
650.19 455.56
681.48 445.47
678.79 478.78
631.02 476.76
620.93 446.82
620.59 429.66
622.95 414.86
601.75 421.25
596.37 439.08
599.06 411.83
599.06 387.61
627.32 384.25
633.04 388.62
668.36 386.94
650.87 365.07
634.38 357.00
616.22 345.56
597.04 364.06
636.40 336.14
611.84 327.40
634.38 323.36
613.86 315.62
625.30 306.54
597.38 310.58
611.17 286.69
638.42 287.03
656.59 286.69
651.88 301.49
658.94 312.26
652.55 329.41
671.72 362.38
684.84 340.18
675.76 325.71
679.46 307.21
665.67 295.44
700.32 315.62
710.75 303.18
726.56 326.05
713.44 346.91
727.23 346.91
711.75 354.64
727.57 368.44
705.03 375.16
685.85 379.87
760.20 367.43
757.51 349.60
750.44 334.80
753.47 316.63
770.29 315.29
768.27 334.46
770.96 354.31
787.44 371.80
745.06 304.18
727.23 293.76
747.75 282.66
772.64 297.79
791.82 281.65
764.91 274.58
795.18 301.83
795.85 343.54
592.00 295.44
587.96 277.95
581.90 271.22
573.83 411.83
579.21 453.55
804.60 469.69
811.33 429.33
814.69 410.49
823.44 399.05
805.95 395.01
817.38 377.52
828.82 374.16
816.20 345.56
812.83 357.00
824.27 312.59
811.15 315.62
828.31 276.94
822.59 289.72
812.16 276.26
831.51 329.08
830.66 217.06
828.64 191.15
822.92 191.49
818.55 210.67
820.57 225.47
828.64 238.59
813.84 245.65
794.33 252.04
777.85 257.09
781.21 268.53
756.32 259.11
738.82 253.72
736.13 266.51
754.64 241.28
772.13 226.48
784.24 222.44
786.26 236.90
811.49 235.22
801.39 225.47
785.25 207.64
800.39 196.54
779.19 198.22
758.67 206.63
738.49 191.83
733.11 204.95
824.27 172.32
820.57 101.00
828.98 112.77
822.59 119.50
811.15 133.97
806.44 120.85
805.10 104.03
797.36 91.58
787.94 96.96
780.20 86.53
783.23 78.46
801.73 78.12
807.11 70.72
791.64 68.71
769.77 69.38
766.07 76.11
745.55 74.42
757.66 92.93
756.65 88.22
740.51 101.34
763.05 108.06
772.80 122.19
786.26 116.81
790.97 145.40
788.95 156.84
800.05 164.92
811.15 157.51
780.54 170.30
763.05 163.57
756.32 170.97
739.16 174.33
738.15 160.54
753.29 154.82
773.47 151.46
744.88 133.29
732.43 144.73
732.77 125.56
751.94 119.50
747.57 104.36
813.84 88.55
822.59 83.84
727.33 225.47
714.55 232.87
715.90 245.65
688.31 257.09
709.17 270.54
705.80 285.35
682.93 268.53
679.57 281.98
664.09 267.85
670.82 253.72
654.67 246.32
662.07 238.92
668.80 235.56
630.45 237.58
625.74 251.71
619.01 236.23
598.16 242.96
596.14 217.39
577.97 226.81
574.61 239.60
574.61 253.05
560.48 244.31
534.24 245.65
551.06 228.83
531.55 222.78
541.64 217.39
712.20 143.72
711.19 131.28
725.65 120.17
710.18 111.09
704.12 116.81
724.98 79.13
715.90 75.77
729.35 54.24
752.56 61.30
750.21 52.89
768.71 55.25
709.51 57.94
697.73 66.69
693.36 56.93
675.53 73.08
679.23 79.47
669.14 93.26
679.57 103.35
670.82 125.56
674.86 127.91
691.68 134.30
671.16 149.78
701.77 152.13
702.78 161.21
696.05 171.31
713.21 173.33
711.52 185.44
711.52 202.26
696.05 212.68
683.60 216.38
694.03 241.95
707.15 220.08
696.72 227.82
670.82 204.95
684.95 189.14
676.20 175.01
664.43 187.12
650.64 197.88
651.31 184.43
637.52 179.38
633.48 207.97
633.82 219.41
620.36 189.81
615.65 215.38
585.71 195.53
587.73 182.74
608.25 178.03
613.29 168.95
625.41 165.25
634.82 156.84
652.99 155.50
615.31 147.76
621.70 138.68
602.53 139.69
597.48 144.73
598.49 153.48
584.70 165.59
580.33 156.84
583.36 134.64
599.50 121.52
583.69 117.48
589.41 112.77
586.38 96.29
580.66 89.56
591.43 75.43
590.42 57.60
605.89 60.63
610.60 72.07
622.04 60.97
638.86 80.82
633.82 87.54
635.83 100.66
646.60 93.60
653.33 100.66
650.64 63.66
671.16 51.21
618.00 266.17
594.79 261.46
570.57 290.06
588.74 345.23
581.34 327.06
658.04 133.97
662.07 119.16
645.25 119.16
627.76 121.86
620.36 121.86
616.32 111.76
711.19 87.54
785.20 129.26
570.57 210.67
561.83 208.65
570.57 189.14
548.37 195.19
565.86 176.35
559.81 164.24
571.92 144.73
561.15 133.97
559.13 117.82
569.90 107.05
569.23 90.91
577.30 80.14
557.12 72.74
549.04 64.67
566.54 64.00
547.70 84.85
548.37 98.98
549.72 109.75
540.30 126.57
542.99 157.51
545.01 166.93
527.51 177.03
512.04 183.75
531.55 195.19
514.06 208.65
512.71 227.49
496.56 226.14
477.73 244.98
477.05 263.14
487.82 215.38
478.40 196.54
497.91 195.86
475.03 226.14
520.45 151.80
517.76 142.71
528.19 119.84
530.88 101.67
534.91 83.51
526.17 69.71
517.76 84.85
503.29 88.89
503.63 69.71
514.73 55.92
532.56 51.21
554.76 51.89
556.78 42.47
579.32 38.43
582.68 26.66
563.84 22.95
536.26 25.98
530.88 33.05
508.34 39.10
501.61 46.84
486.47 56.59
491.52 64.67
490.17 32.37
477.05 41.79
474.36 20.26
455.52 29.35
450.48 39.44
447.79 52.89
451.49 58.28
468.64 57.60
471.33 70.05
463.60 85.19
447.45 78.12
484.79 80.82
481.43 90.91
468.64 106.38
487.15 110.75
495.56 107.05
503.63 123.20
509.35 126.23
484.45 144.06
479.41 167.61
500.60 155.83
508.34 168.62
452.16 140.69
456.20 159.20
456.20 175.34
466.29 185.77
467.97 130.94
455.86 129.59
448.80 114.79
458.21 102.68
439.71 90.23
452.16 97.30
424.57 91.24
423.90 77.12
426.26 65.34
428.28 39.44
441.73 28.34
455.52 21.27
435.34 22.28
414.48 29.01
403.38 25.65
409.77 48.18
402.04 62.31
408.76 40.11
388.92 25.98
382.52 38.77
388.24 49.53
386.56 64.67
393.63 82.50
404.39 92.59
400.02 113.11
416.50 106.38
411.12 125.56
428.61 142.04
402.71 136.66
387.23 130.27
403.72 150.79
422.89 159.20
425.25 180.05
430.29 189.14
407.08 191.15
391.94 173.66
388.58 185.44
400.35 213.69
405.06 230.85
430.63 236.23
456.53 216.72
439.71 205.62
447.45 203.26
456.20 248.34
413.81 247.00
421.21 210.67
392.95 245.65
383.53 234.89
375.46 220.08
376.13 207.30
365.37 194.52
351.91 228.16
341.82 220.08
330.38 254.40
330.38 247.67
312.22 240.27
315.58 224.79
296.07 231.52
280.60 239.60
285.31 220.08
298.09 204.61
322.98 198.56
304.82 189.14
310.20 171.64
285.98 166.93
286.65 176.35
281.94 187.79
351.24 182.41
343.17 172.99
330.38 156.84
363.35 152.80
357.97 138.00
369.41 124.55
342.49 134.64
343.17 121.86
345.18 111.09
322.98 106.38
268.15 176.02
265.12 185.44
252.34 202.26
245.95 196.20
254.69 221.09
235.52 184.76
221.73 177.03
228.45 204.27
230.14 220.76
248.97 169.62
239.22 158.19
263.78 156.84
220.38 148.77
210.62 157.85
272.86 135.31
257.38 132.62
243.93 133.97
238.88 121.86
251.67 113.78
250.32 103.69
233.16 90.91
223.41 103.02
219.03 118.49
217.69 77.45
260.41 79.13
255.03 70.39
302.46 70.39
291.70 80.82
283.96 96.29
296.41 108.74
305.49 116.81
297.08 130.27
296.07 145.40
276.22 122.53
275.21 109.75
314.91 136.66
315.25 127.57
314.57 93.26
235.85 50.54
229.13 70.72
217.02 37.42
239.22 39.44
225.43 18.92
216.68 13.54
207.93 20.26
255.37 23.96
279.25 38.77
292.71 28.67
279.59 17.24
251.33 10.84
237.87 11.52
322.65 30.69
316.25 38.09
314.57 23.29
300.44 12.86
332.40 24.97
342.16 21.27
327.02 5.80
355.95 16.23
363.69 26.66
362.34 8.49
383.87 11.85
371.76 57.94
372.10 70.72
376.81 89.90
367.72 102.68
339.13 85.52
340.14 70.05
335.43 59.62
331.39 47.51
353.26 48.86
319.62 55.92
301.12 49.87
208.61 221.09
206.92 201.25
380.17 169.62
384.21 158.52
391.61 99.32
403.05 9.50
405.63 357.34
396.21 370.79
282.40 264.49
264.91 269.87
268.28 279.29
248.76 280.64
232.62 271.22
258.86 244.98
224.54 249.69
213.11 276.60
202.34 265.16
186.87 259.11
197.63 245.65
181.48 231.52
187.54 201.92
171.39 185.77
190.90 189.14
188.21 172.32
174.08 284.67
398.80 456.91
174.08 161.55
178.79 144.06
172.07 125.89
197.63 124.55
190.90 112.44
197.63 72.07
198.98 86.20
201.28 45.83
197.58 35.74
195.22 47.51
190.51 54.58
198.92 64.33
208.34 1.43
180.76 3.44
183.79 10.51
180.09 19.25
167.30 20.60
233.91 3.11
178.74 79.81
289.08 58.95
284.03 54.58
277.64 72.74
270.91 62.65
828.98 53.23
829.99 60.30
814.85 50.54
813.84 39.44
818.21 64.33
805.43 34.73
803.41 21.95
800.72 19.93
818.89 16.90
826.96 8.15
822.92 3.11
826.62 35.40
791.64 7.48
737.48 4.45
732.43 15.89
752.28 23.63
744.21 26.66
733.78 25.98
753.63 39.77
740.51 39.77
766.41 42.80
768.09 36.41
787.94 39.10
782.89 31.03
773.47 26.32
771.46 15.55
796.69 49.87
785.58 60.30
715.56 35.07
724.98 32.71
705.80 31.70
706.14 21.27
715.90 12.19
716.23 2.77
699.75 14.54
683.27 21.61
688.98 41.79
700.76 38.77
661.40 43.48
658.37 30.36
664.76 26.66
638.19 41.46
622.38 41.46
602.87 42.13
615.65 35.07
613.29 21.61
640.21 20.60
634.82 33.38
652.99 15.22
658.71 3.11
642.23 2.43
630.45 9.16
611.61 6.47
598.16 9.84
594.12 16.90
582.01 7.48
539.62 0.75
520.79 15.55
500.60 18.25
549.72 13.54
487.82 3.44
488.83 13.54
473.02 6.47
464.27 0.75
423.23 14.54
385.89 3.78
184.85 104.70
309.99 155.16
355.74 79.13
