655.67 75.39
654.61 68.90
657.78 57.60
660.19 53.98
647.68 83.98
641.50 82.32
640.14 75.23
637.28 71.92
630.20 71.92
614.22 80.51
608.19 77.50
601.56 82.92
596.43 74.93
604.57 69.21
570.20 78.70
572.77 68.15
588.14 64.83
590.25 54.74
571.71 57.75
584.22 51.12
589.65 47.20
583.02 41.47
570.81 40.27
573.97 31.82
589.50 32.43
579.55 23.99
567.19 25.95
572.01 18.56
577.29 13.28
575.33 7.56
567.94 7.10
586.03 0.02
590.10 4.84
592.06 9.37
585.43 19.16
593.87 16.90
596.88 20.22
602.31 27.30
604.57 34.39
603.06 41.47
605.48 49.76
605.93 55.94
608.19 60.76
622.66 67.25
624.02 58.65
624.77 51.27
624.77 44.94
618.44 30.32
619.34 23.38
624.77 14.34
622.81 10.27
619.49 2.88
599.75 4.09
606.83 11.93
633.66 5.60
632.46 25.04
627.63 35.14
641.20 21.88
634.42 45.24
641.05 53.83
650.69 47.20
653.56 53.08
655.22 39.21
653.11 31.98
643.91 34.09
657.93 36.20
651.30 25.95
649.64 16.90
647.83 10.72
646.47 3.94
661.70 25.04
561.30 1.00
552.27 13.49
550.95 21.88
548.98 32.07
555.88 35.68
562.62 33.05
533.20 26.48
531.23 32.07
517.26 21.55
516.11 29.76
512.33 35.19
503.78 32.89
488.83 32.72
479.63 27.30
456.29 29.27
460.73 27.79
464.83 21.05
441.83 25.33
448.07 22.86
451.19 11.19
450.54 3.96
473.38 15.96
470.75 8.40
491.13 11.85
500.66 23.68
495.24 0.68
504.61 1.17
525.64 2.65
529.59 8.89
543.72 6.43
542.90 1.00
514.86 11.52
512.23 5.28
497.44 49.81
514.53 49.16
533.60 47.19
551.34 75.62
563.01 66.25
555.78 52.77
540.00 60.66
534.25 63.13
526.69 66.09
520.94 79.56
541.65 78.41
514.70 74.96
510.59 56.22
501.22 74.96
483.31 54.75
479.53 51.13
488.89 41.60
480.51 78.08
497.27 64.11
475.25 63.62
445.34 81.37
440.25 74.96
462.93 75.78
458.98 66.74
463.75 58.85
461.28 50.47
467.04 42.42
432.19 44.56
434.99 14.48
432.85 3.14
659.89 640.47
646.43 656.62
639.03 643.16
630.96 654.60
596.31 649.05
595.63 629.20
629.27 619.11
662.91 613.05
558.19 658.80
537.67 652.08
548.43 630.21
557.18 620.12
518.49 621.80
510.76 641.65
517.15 663.18
472.74 658.47
490.57 646.02
495.95 622.47
469.38 610.70
447.51 633.24
423.29 614.74
439.10 647.03
384.94 650.90
409.84 642.15
387.30 620.29
370.48 612.89
349.96 633.07
293.11 664.69
243.66 649.89
278.30 650.23
296.13 633.07
276.29 611.20
260.14 619.28
235.25 599.09
315.31 601.11
343.23 604.14
223.03 664.02
199.48 651.91
201.50 628.36
167.86 634.42
147.00 613.56
173.24 603.47
134.89 649.22
120.09 603.47
103.27 629.03
83.09 657.29
2.30 653.59
33.92 610.53
49.73 594.72
63.86 606.16
67.90 638.79
111.97 660.32
433.62 598.76
387.53 591.36
413.43 576.89
398.29 552.67
421.84 561.42
433.62 546.62
402.67 527.44
423.86 522.06
415.79 498.85
385.85 521.05
393.58 510.28
375.08 512.98
381.81 540.56
374.07 545.61
364.99 577.90
347.50 555.03
347.83 528.79
328.32 552.00
325.29 524.41
334.71 501.54
321.59 500.19
296.03 518.02
285.60 493.13
299.73 538.21
276.52 544.60
285.26 560.07
297.37 566.46
295.02 584.29
332.02 579.58
253.64 555.03
246.91 534.17
252.30 517.69
271.13 457.81
245.90 466.22
290.98 452.42
306.46 474.96
319.58 461.51
339.09 485.39
350.19 478.66
377.44 487.07
375.75 470.59
396.61 481.35
439.33 472.61
429.92 482.03
435.30 455.12
417.47 462.85
434.29 434.59
401.99 433.25
404.35 413.40
387.87 420.47
380.13 410.04
373.74 428.54
358.93 409.03
353.89 427.87
354.23 447.04
336.06 449.40
330.34 425.51
321.93 406.67
319.58 395.91
300.40 433.25
282.91 419.46
293.67 405.33
269.79 402.97
257.34 408.02
243.21 425.18
260.37 394.56
286.95 388.51
305.78 380.43
344.81 388.17
365.66 381.78
387.53 386.15
405.02 401.96
431.60 395.91
428.23 378.08
433.62 416.77
144.60 594.72
143.25 567.14
176.22 569.83
171.17 555.36
147.62 541.91
173.53 526.10
171.17 507.26
173.53 490.44
168.48 466.22
174.54 457.47
167.47 434.59
176.55 421.81
156.37 423.16
126.77 428.54
136.86 459.49
142.91 490.77
118.69 484.72
126.43 504.23
142.24 526.43
121.05 522.06
94.47 500.53
88.75 527.44
76.98 565.79
56.46 527.44
69.24 516.00
64.87 485.39
92.79 485.39
82.36 468.91
76.64 453.43
65.54 443.00
107.26 454.44
98.17 440.99
80.34 419.46
51.75 421.48
26.86 414.07
22.48 440.31
42.33 463.19
54.44 469.58
42.67 509.28
274.78 547.29
27.19 496.16
25.85 531.81
24.16 555.36
54.44 561.08
40.98 579.92
3.31 571.51
3.98 474.96
112.97 556.03
112.64 569.49
85.39 547.62
58.48 545.94
208.90 564.11
237.83 578.91
212.26 590.35
227.74 549.98
206.88 534.51
224.38 531.14
211.59 514.99
219.67 498.17
239.18 490.10
197.46 504.23
214.96 474.63
194.10 463.86
229.08 442.33
197.46 417.44
208.23 397.93
230.43 399.27
184.68 394.56
167.86 397.25
220.34 427.53
652.72 588.67
624.80 589.00
601.92 606.16
583.42 606.49
573.66 581.94
609.66 585.64
589.47 572.18
602.26 560.74
621.43 569.83
623.45 547.62
662.47 555.36
651.37 575.88
659.78 534.84
643.97 514.66
630.51 522.39
619.41 500.19
603.60 532.15
600.24 513.31
588.13 520.71
592.50 547.62
570.30 556.37
563.91 532.15
530.94 531.14
521.86 539.55
512.77 552.00
537.33 567.81
522.19 577.56
553.48 567.47
550.79 600.78
503.02 598.76
492.93 568.82
492.59 551.66
494.95 536.86
473.75 543.25
468.37 561.08
471.06 533.83
471.06 509.61
499.32 506.25
505.04 510.62
540.36 508.94
522.87 487.07
506.38 479.00
488.22 467.56
469.04 486.06
508.40 458.14
483.84 449.40
506.38 445.36
485.86 437.62
497.30 428.54
469.38 432.58
483.17 408.69
510.42 409.03
528.59 408.69
523.88 423.49
530.94 434.26
524.55 451.41
543.72 484.38
556.84 462.18
547.76 447.71
551.46 429.21
537.67 417.44
572.32 437.62
582.75 425.18
598.56 448.05
585.44 468.91
599.23 468.91
583.75 476.64
599.57 490.44
577.03 497.16
557.85 501.87
632.20 489.43
629.51 471.60
622.44 456.80
625.47 438.63
642.29 437.29
640.27 456.46
642.96 476.31
659.44 493.80
617.06 426.18
599.23 415.76
619.75 404.66
644.64 419.79
663.82 403.65
636.91 396.58
464.00 417.44
459.96 399.95
453.90 393.22
445.83 533.83
451.21 575.55
649.85 379.09
653.21 390.53
628.32 381.11
610.82 375.72
608.13 388.51
626.64 363.28
644.13 348.48
656.24 344.44
658.26 358.90
657.25 329.64
651.19 320.22
630.67 328.63
610.49 313.83
605.11 326.95
659.94 218.96
652.20 208.53
655.23 200.46
663.64 190.71
641.77 191.38
638.07 198.11
617.55 196.42
629.66 214.93
628.65 210.22
612.51 223.34
635.05 230.06
644.80 244.19
658.26 238.81
662.97 267.40
660.95 278.84
652.54 292.30
635.05 285.57
628.32 292.97
611.16 296.33
610.15 282.54
625.29 276.82
645.47 273.46
616.88 255.29
604.43 266.73
604.77 247.56
623.94 241.50
619.57 226.36
599.33 347.47
586.55 354.87
587.90 367.65
560.31 379.09
581.17 392.54
577.80 407.35
554.93 390.53
551.57 403.98
536.09 389.85
542.82 375.72
526.67 368.32
534.07 360.92
540.80 357.56
502.45 359.58
497.74 373.71
491.01 358.23
470.16 364.96
468.14 339.39
449.97 348.81
446.61 361.60
446.61 375.05
432.48 366.31
406.24 367.65
423.06 350.83
403.55 344.78
413.64 339.39
584.20 265.72
583.19 253.28
597.65 242.17
582.18 233.09
576.12 238.81
596.98 201.13
587.90 197.77
601.35 176.24
624.56 183.30
622.21 174.89
640.71 177.25
581.51 179.94
569.73 188.69
565.36 178.93
547.53 195.08
551.23 201.47
541.14 215.26
551.57 225.35
542.82 247.56
546.86 249.91
563.68 256.30
543.16 271.78
573.77 274.13
574.78 283.21
568.05 293.31
585.21 295.33
583.52 307.44
583.52 324.26
568.05 334.68
555.60 338.38
566.03 363.95
579.15 342.08
568.72 349.82
542.82 326.95
556.95 311.14
548.20 297.01
536.43 309.12
522.64 319.88
523.31 306.43
509.52 301.38
505.48 329.97
505.82 341.41
492.36 311.81
487.65 337.38
457.71 317.53
459.73 304.74
480.25 300.03
485.29 290.95
497.41 287.25
506.82 278.84
524.99 277.50
487.31 269.76
493.70 260.68
474.53 261.69
469.48 266.73
470.49 275.48
456.70 287.59
452.33 278.84
455.36 256.64
471.50 243.52
455.69 239.48
461.41 234.77
458.38 218.29
452.66 211.56
463.43 197.43
462.42 179.60
477.89 182.63
482.60 194.07
494.04 182.97
510.86 202.82
505.82 209.54
507.83 222.66
518.60 215.60
525.33 222.66
522.64 185.66
543.16 173.21
490.00 388.17
466.79 383.46
442.57 412.06
460.74 467.23
453.34 449.06
530.04 255.97
534.07 241.16
517.25 241.16
499.76 243.86
492.36 243.86
488.32 233.76
583.19 209.54
657.20 251.26
442.57 332.67
433.83 330.65
442.57 311.14
420.37 317.19
437.86 298.35
431.81 286.24
443.92 266.73
433.15 255.97
431.13 239.82
441.90 229.05
441.23 212.91
449.30 202.14
429.12 194.74
421.04 186.67
438.54 186.00
419.70 206.85
420.37 220.98
421.72 231.75
412.30 248.57
414.99 279.51
417.01 288.93
399.51 299.03
384.04 305.75
403.55 317.19
386.06 330.65
384.71 349.49
368.56 348.14
349.73 366.98
349.05 385.14
359.82 337.38
350.40 318.54
369.91 317.86
347.03 348.14
392.45 273.80
389.76 264.71
400.19 241.84
402.88 223.67
406.91 205.51
398.17 191.71
389.76 206.85
375.29 210.89
375.63 191.71
386.73 177.92
404.56 173.21
426.76 173.89
428.78 164.47
451.32 160.43
454.68 148.66
435.84 144.95
408.26 147.98
402.88 155.05
380.34 161.10
373.61 168.84
358.47 178.59
363.52 186.67
362.17 154.37
349.05 163.79
346.36 142.26
327.52 151.35
322.48 161.44
319.79 174.89
323.49 180.28
340.64 179.60
343.33 192.05
335.60 207.19
319.45 200.12
356.79 202.82
353.43 212.91
340.64 228.38
359.15 232.75
367.56 229.05
375.63 245.20
381.35 248.23
356.45 266.06
351.41 289.61
372.60 277.83
380.34 290.62
324.16 262.69
328.20 281.20
328.20 297.34
338.29 307.77
339.97 252.94
327.86 251.59
320.80 236.79
330.21 224.68
311.71 212.23
324.16 219.30
296.57 213.24
295.90 199.12
298.26 187.34
300.28 161.44
313.73 150.34
327.52 143.27
307.34 144.28
286.48 151.01
275.38 147.65
281.77 170.18
274.04 184.31
280.76 162.11
260.92 147.98
254.52 160.77
260.24 171.53
258.56 186.67
265.63 204.50
276.39 214.59
272.02 235.11
288.50 228.38
283.12 247.56
300.61 264.04
274.71 258.66
259.23 252.27
275.72 272.79
294.89 281.20
297.25 302.05
302.29 311.14
279.08 313.15
263.94 295.66
260.58 307.44
272.35 335.69
277.06 352.85
302.63 358.23
328.53 338.72
311.71 327.62
319.45 325.26
328.20 370.34
285.81 369.00
293.21 332.67
264.95 367.65
255.53 356.89
247.46 342.08
248.13 329.30
237.37 316.52
223.91 350.16
213.82 342.08
202.38 376.40
202.38 369.67
184.22 362.27
187.58 346.79
168.07 353.52
152.60 361.60
157.31 342.08
170.09 326.61
194.98 320.56
176.82 311.14
182.20 293.64
157.98 288.93
158.65 298.35
153.94 309.79
223.24 304.41
215.17 294.99
202.38 278.84
235.35 274.80
229.97 260.00
241.41 246.55
214.49 256.64
215.17 243.86
217.18 233.09
194.98 228.38
140.15 298.02
137.12 307.44
124.34 324.26
117.95 318.20
126.69 343.09
107.52 306.76
93.73 299.03
100.45 326.27
102.14 342.76
120.97 291.62
111.22 280.19
135.78 278.84
92.38 270.77
82.62 279.85
144.86 257.31
129.38 254.62
115.93 255.97
110.88 243.86
123.67 235.78
122.32 225.69
105.16 212.91
95.41 225.02
91.03 240.49
89.69 199.45
132.41 201.13
127.03 192.39
174.46 192.39
163.70 202.82
155.96 218.29
168.41 230.74
177.49 238.81
169.08 252.27
168.07 267.40
148.22 244.53
147.21 231.75
186.91 258.66
187.25 249.57
186.57 215.26
107.85 172.54
101.13 192.72
89.02 159.42
111.22 161.44
97.43 140.92
88.68 135.54
79.93 142.26
127.37 145.96
151.25 160.77
164.71 150.67
151.59 139.24
123.33 132.84
109.87 133.52
194.65 152.69
188.25 160.09
186.57 145.29
172.44 134.86
204.40 146.97
214.16 143.27
199.02 127.80
227.95 138.23
235.69 148.66
234.34 130.49
255.87 133.85
243.76 179.94
244.10 192.72
248.81 211.90
239.72 224.68
211.13 207.52
212.14 192.05
207.43 181.62
203.39 169.51
225.26 170.86
191.62 177.92
173.12 171.87
80.61 343.09
78.92 323.25
252.17 291.62
256.21 280.52
263.61 221.32
275.05 131.50
277.63 479.34
268.21 492.79
154.40 386.49
136.91 391.87
140.28 401.29
120.76 402.64
104.62 393.22
130.86 366.98
96.54 371.69
85.11 398.60
74.34 387.16
58.87 381.11
69.63 367.65
53.48 353.52
33.30 334.01
59.54 323.92
43.39 307.77
62.90 311.14
60.21 294.32
21.19 389.85
46.08 406.67
30.61 379.76
37.34 356.89
11.10 381.78
11.10 340.07
14.46 323.92
25.90 321.23
16.48 301.72
15.81 288.93
8.41 270.77
270.80 578.91
46.08 283.55
33.97 276.15
50.79 266.06
44.07 247.89
69.63 246.55
62.90 234.44
38.01 221.65
37.34 235.11
20.52 232.42
19.17 248.57
3.70 239.82
0.33 226.36
12.44 203.49
69.63 194.07
70.98 208.20
73.28 167.83
69.58 157.74
67.22 169.51
62.51 176.58
70.92 186.33
170.84 114.01
157.04 116.36
148.63 107.95
142.58 118.04
137.53 111.65
121.72 118.72
91.78 110.31
80.34 123.43
71.26 114.01
51.75 115.35
52.76 125.44
55.79 132.51
52.09 141.25
39.30 142.60
37.62 168.50
28.54 149.66
3.31 147.98
3.64 138.23
5.33 128.81
12.39 116.02
23.49 115.35
6.67 106.94
35.60 118.72
22.82 134.53
16.76 145.96
30.56 139.24
8.69 180.28
11.38 158.75
105.91 125.11
108.26 115.69
32.57 207.52
50.74 201.81
36.95 194.07
33.25 179.94
21.14 172.20
14.07 190.37
161.08 180.95
156.03 176.58
149.64 194.74
142.91 184.65
663.64 129.48
661.28 118.72
640.43 109.63
658.59 104.59
648.16 101.90
650.52 93.15
660.95 89.45
620.58 96.51
631.01 112.32
631.01 85.75
610.82 117.37
609.48 126.45
603.76 107.95
604.43 137.89
624.28 145.63
616.21 148.66
605.78 147.98
625.63 161.77
612.51 161.77
638.41 164.80
640.09 158.41
659.94 161.10
654.89 153.03
645.47 148.32
643.46 137.55
651.19 121.41
657.58 182.30
587.56 157.07
596.98 154.71
577.80 153.70
578.14 143.27
587.90 134.19
588.23 124.77
583.86 107.95
576.80 97.19
584.53 90.79
599.67 89.11
601.35 97.86
572.42 117.71
571.75 136.54
565.36 108.96
557.28 96.51
553.58 88.10
553.92 118.04
544.16 110.64
535.42 111.31
555.27 143.61
560.98 163.79
572.76 160.77
533.40 165.48
530.37 152.36
536.76 148.66
510.19 163.46
494.38 163.46
474.87 164.13
487.65 157.07
485.29 143.61
512.21 142.60
506.82 155.38
524.99 137.22
530.71 125.11
514.23 124.43
525.33 91.13
510.19 102.57
505.48 111.65
502.45 131.16
493.37 118.72
483.61 128.47
474.19 118.72
470.16 131.84
479.24 109.63
471.50 109.63
508.17 89.45
503.46 89.45
492.36 101.90
489.67 90.12
469.15 88.10
466.12 138.90
454.01 129.48
449.97 120.73
459.39 100.55
433.83 90.46
430.46 115.35
411.62 122.75
416.33 117.37
392.79 137.55
390.09 111.99
377.98 120.06
372.60 140.25
372.60 91.80
372.60 101.90
396.82 91.80
414.99 91.13
429.79 79.69
408.26 77.67
416.33 70.95
412.97 62.20
410.95 51.44
399.51 65.56
399.51 73.64
382.02 64.89
382.69 50.09
397.49 44.71
388.75 33.27
383.37 25.87
366.55 29.91
366.55 48.07
364.53 74.31
383.37 81.71
369.24 89.11
421.72 135.54
428.11 52.44
412.30 40.67
422.05 27.21
425.08 4.34
393.79 13.76
374.96 13.42
347.71 2.32
331.56 1.98
334.25 11.74
322.81 27.55
328.53 34.62
344.68 29.23
359.48 17.12
356.12 11.40
354.77 41.68
340.31 45.04
351.07 59.17
347.37 68.26
351.74 71.96
336.27 66.24
328.53 75.66
331.22 100.21
337.95 87.09
315.08 89.79
312.05 78.35
328.20 55.14
356.79 104.92
353.43 112.66
353.76 119.39
359.82 125.44
360.83 135.54
345.02 128.47
336.27 122.75
327.19 115.69
312.72 27.21
317.77 44.37
318.44 54.13
317.10 9.39
312.05 104.25
289.17 114.34
295.90 121.07
295.23 136.54
291.53 97.52
297.92 80.70
309.36 66.24
299.60 42.02
294.22 51.10
287.49 34.28
292.54 25.20
296.91 22.17
310.03 21.16
307.00 5.35
292.54 13.76
286.82 10.06
282.78 2.66
270.67 1.65
270.34 15.10
267.64 22.84
271.68 36.97
270.34 44.71
273.36 50.43
278.07 68.59
286.15 76.67
279.42 84.07
274.04 93.49
270.34 105.60
266.30 118.38
262.26 104.92
257.89 125.78
245.44 118.04
240.06 104.59
247.46 91.47
237.70 99.88
221.56 96.18
221.56 111.31
215.50 119.39
201.04 105.93
194.31 95.84
181.53 106.61
168.74 95.50
162.35 86.76
155.29 83.39
184.55 86.76
192.96 83.39
201.04 81.38
218.53 74.98
228.29 71.96
245.44 75.32
262.26 68.26
255.87 50.09
246.11 57.15
240.73 44.71
256.88 41.01
246.45 36.97
254.19 30.24
238.38 6.36
233.00 12.75
233.00 19.81
230.64 35.96
230.30 48.74
220.55 42.35
210.12 34.62
202.05 38.99
197.34 25.20
219.20 22.84
210.79 15.10
213.48 0.30
191.62 3.33
194.98 12.08
191.28 18.80
176.82 24.86
183.88 37.31
189.94 44.71
187.58 57.49
171.77 48.74
164.37 58.16
161.34 68.59
173.45 73.30
176.82 67.58
183.21 72.63
206.76 65.56
157.98 47.74
165.38 41.01
172.11 36.30
160.00 24.86
166.39 20.15
166.39 5.01
138.13 91.13
129.38 80.70
143.85 67.58
134.77 53.12
135.10 45.38
139.81 39.33
113.57 40.00
106.17 46.05
97.76 28.90
132.75 26.88
120.30 67.92
114.25 81.04
113.24 98.20
95.07 86.42
86.66 99.54
81.28 92.48
97.43 72.29
83.97 64.89
82.62 82.05
73.21 64.22
60.09 76.33
63.11 101.90
49.66 104.92
28.46 98.20
38.89 81.71
41.25 72.97
21.06 88.10
15.34 72.97
6.60 74.98
7.94 90.12
35.19 60.18
48.98 51.44
24.43 51.10
11.64 51.77
16.35 43.03
25.10 31.59
43.60 34.62
36.87 26.88
54.70 31.92
48.98 25.87
62.10 19.81
72.20 12.41
89.69 10.39
108.86 11.74
125.68 12.75
129.72 0.64
144.86 8.38
45.28 7.03
35.87 12.75
15.34 2.32
7.27 32.26
4.58 7.37
56.85 226.70
181.99 277.16
227.74 201.13
268.11 81.38
71.65 49.75
69.97 41.01
50.46 67.25
