662.68 159.98
656.50 158.32
655.14 151.23
652.28 147.92
645.20 147.92
629.22 156.51
623.19 153.50
616.56 158.92
611.43 150.93
619.57 145.21
585.20 154.70
587.77 144.15
603.14 140.83
605.25 130.74
586.71 133.75
599.22 127.12
604.65 123.20
598.02 117.47
585.81 116.27
588.97 107.82
604.50 108.43
594.55 99.99
582.19 101.95
587.01 94.56
592.29 89.28
590.33 83.56
582.94 83.10
595.91 70.44
586.86 74.21
601.03 76.02
605.10 80.84
607.06 85.37
600.43 95.16
608.87 92.90
611.88 96.22
617.31 103.30
619.57 110.39
618.06 117.47
620.48 125.76
620.93 131.94
623.19 136.76
637.66 143.25
639.02 134.65
639.77 127.27
639.77 120.94
633.44 106.32
634.34 99.38
639.77 90.34
637.81 86.27
634.49 78.88
632.23 73.61
617.16 62.15
617.46 72.70
614.75 80.09
621.83 87.93
633.74 62.45
650.47 64.26
645.80 71.80
648.66 81.60
647.46 101.04
642.63 111.14
656.20 97.88
649.42 121.24
656.05 129.83
658.91 110.09
664.64 92.90
662.83 86.72
661.47 79.94
659.97 71.05
663.74 69.54
648.64 51.85
632.06 55.62
620.00 52.91
637.49 50.20
642.61 45.52
655.28 48.54
660.55 40.40
645.48 39.19
649.25 32.86
656.78 23.22
658.59 14.17
643.82 5.13
634.78 10.86
639.00 18.69
636.58 22.01
640.05 36.18
626.64 27.44
625.13 35.88
624.53 43.87
605.99 44.32
607.34 36.48
610.36 22.76
618.35 20.95
617.59 11.31
618.20 2.11
628.90 1.51
605.23 3.38
592.90 11.92
584.03 6.50
598.33 18.50
589.78 19.48
567.50 1.08
567.00 11.76
551.88 6.34
551.39 14.72
546.46 14.88
543.99 22.11
560.92 22.28
526.74 21.78
533.31 15.21
520.33 19.65
538.57 6.83
542.68 0.25
521.97 3.05
494.53 22.93
501.92 17.35
505.87 15.87
505.21 9.95
507.18 3.05
473.16 24.25
456.56 24.08
448.18 22.77
449.17 12.25
453.27 7.32
457.71 4.20
472.83 4.69
483.68 3.71
591.75 59.75
589.95 50.05
590.27 37.56
598.82 30.00
578.61 33.78
561.84 30.66
566.28 27.54
548.53 32.96
574.00 45.29
576.14 54.32
579.10 60.90
573.84 65.01
576.30 77.00
567.27 89.49
565.95 97.88
563.98 108.07
570.88 111.68
577.62 109.05
548.20 102.48
546.23 108.07
532.26 97.55
531.11 105.76
527.33 111.19
518.78 108.89
503.83 108.72
494.63 103.30
471.29 105.27
475.73 103.79
479.83 97.05
456.83 101.33
463.07 98.86
466.19 87.19
465.54 79.96
488.38 91.96
485.75 84.40
506.13 87.85
515.66 99.68
510.24 76.68
519.61 77.17
525.19 73.88
515.99 73.06
528.64 68.62
537.68 65.83
540.64 78.65
544.59 84.89
558.72 82.43
557.90 77.00
550.01 73.06
565.13 75.36
558.88 62.05
554.61 56.95
557.73 47.75
555.43 42.49
553.79 36.90
554.61 33.12
564.14 44.30
534.07 35.75
533.08 47.09
536.70 57.45
524.86 50.05
516.15 44.46
519.11 38.88
512.21 30.17
505.97 32.14
484.11 12.58
468.17 39.70
485.91 40.36
487.56 33.45
491.50 48.57
483.78 52.19
476.71 51.04
459.29 42.98
457.65 47.75
459.95 55.31
496.93 67.47
501.69 59.75
523.61 63.86
512.27 54.16
509.48 47.42
503.89 47.26
529.86 87.52
527.23 81.28
512.44 125.81
529.53 125.16
548.60 123.19
566.34 151.62
578.01 142.25
570.78 128.77
555.00 136.66
549.25 139.13
541.69 142.09
535.94 155.56
556.65 154.41
529.70 150.96
525.59 132.22
516.22 150.96
498.31 130.75
494.53 127.13
503.89 117.60
495.51 154.08
512.27 140.11
490.25 139.62
460.34 157.37
455.25 150.96
477.93 151.78
473.98 142.74
478.75 134.85
476.28 126.47
482.04 118.42
447.19 120.56
449.99 90.48
447.85 79.14
428.43 652.89
413.29 628.67
436.84 637.42
448.62 622.62
417.67 603.44
438.86 598.06
430.79 574.85
400.85 597.05
408.58 586.28
390.08 588.98
396.81 616.56
389.07 621.61
379.99 653.90
362.50 631.03
362.83 604.79
343.32 628.00
340.29 600.41
349.71 577.54
336.59 576.19
311.03 594.02
300.60 569.13
314.73 614.21
291.52 620.60
300.26 636.07
312.37 642.46
310.02 660.29
347.02 655.58
268.64 631.03
261.91 610.17
267.30 593.69
286.13 533.81
260.90 542.22
305.98 528.42
321.46 550.96
334.58 537.51
354.09 561.39
365.19 554.66
392.44 563.07
390.75 546.59
411.61 557.35
454.33 548.61
444.92 558.03
450.30 531.12
432.47 538.85
449.29 510.59
416.99 509.25
419.35 489.40
402.87 496.47
395.13 486.04
388.74 504.54
373.93 485.03
368.89 503.87
369.23 523.04
351.06 525.40
345.34 501.51
336.93 482.67
334.58 471.91
315.40 509.25
297.91 495.46
308.67 481.33
284.79 478.97
272.34 484.02
258.21 501.18
275.37 470.56
301.95 464.51
320.78 456.43
359.81 464.17
380.66 457.78
402.53 462.15
420.02 477.96
446.60 471.91
443.23 454.08
448.62 492.77
158.25 643.14
191.22 645.83
186.17 631.36
162.62 617.91
188.53 602.10
186.17 583.26
188.53 566.44
183.48 542.22
189.54 533.47
182.47 510.59
191.55 497.81
171.37 499.16
141.77 504.54
151.86 535.49
157.91 566.77
133.69 560.72
141.43 580.23
157.24 602.43
136.05 598.06
109.47 576.53
103.75 603.44
91.98 641.79
71.46 603.44
84.24 592.00
79.87 561.39
107.79 561.39
97.36 544.91
91.64 529.43
80.54 519.00
122.26 530.44
113.17 516.99
95.34 495.46
66.75 497.48
41.86 490.07
37.48 516.31
57.33 539.19
69.44 545.58
57.67 585.28
289.78 623.29
42.19 572.16
40.85 607.81
39.16 631.36
69.44 637.08
55.98 655.92
18.31 647.51
2.16 626.32
18.98 550.96
11.92 525.40
14.27 512.95
127.97 632.03
127.64 645.49
100.39 623.62
73.48 621.94
223.90 640.11
252.83 654.91
242.74 625.98
221.88 610.51
239.38 607.14
226.59 590.99
234.67 574.17
254.18 566.10
212.46 580.23
229.96 550.63
209.10 539.86
244.08 518.33
212.46 493.44
223.23 473.93
245.43 475.27
199.68 470.56
182.86 473.25
235.34 503.53
588.66 657.94
624.66 661.64
604.47 648.18
617.26 636.74
636.43 645.83
638.45 623.62
658.97 590.66
645.51 598.39
634.41 576.19
618.60 608.15
615.24 589.31
603.13 596.71
607.50 623.62
585.30 632.37
578.91 608.15
545.94 607.14
536.86 615.55
527.77 628.00
552.33 643.81
537.19 653.56
568.48 643.47
507.93 644.82
507.59 627.66
509.95 612.86
488.75 619.25
483.37 637.08
486.06 609.83
486.06 585.61
514.32 582.25
520.04 586.62
555.36 584.94
537.87 563.07
521.38 555.00
503.22 543.56
484.04 562.06
523.40 534.14
498.84 525.40
521.38 521.36
500.86 513.62
512.30 504.54
484.38 508.58
498.17 484.69
525.42 485.03
543.59 484.69
538.88 499.49
545.94 510.26
539.55 527.41
558.72 560.38
571.84 538.18
562.76 523.71
566.46 505.21
552.67 493.44
587.32 513.62
597.75 501.18
613.56 524.05
600.44 544.91
614.23 544.91
598.75 552.64
614.57 566.44
592.03 573.16
572.85 577.87
647.20 565.43
644.51 547.60
637.44 532.80
640.47 514.63
657.29 513.29
655.27 532.46
657.96 552.31
632.06 502.18
614.23 491.76
634.75 480.66
659.64 495.79
651.91 472.58
479.00 493.44
474.96 475.95
468.90 469.22
460.83 609.83
466.21 651.55
664.85 455.09
643.32 457.11
625.82 451.72
623.13 464.51
641.64 439.28
659.13 424.48
645.67 404.63
625.49 389.83
620.11 402.95
656.77 267.38
653.07 274.11
632.55 272.42
644.66 290.93
643.65 286.22
627.51 299.34
650.05 306.06
659.80 320.19
650.05 361.57
643.32 368.97
626.16 372.33
625.15 358.54
640.29 352.82
660.47 349.46
631.88 331.29
619.43 342.73
619.77 323.56
638.94 317.50
634.57 302.36
614.33 423.47
601.55 430.87
602.90 443.65
575.31 455.09
596.17 468.54
592.80 483.35
569.93 466.53
566.57 479.98
551.09 465.85
557.82 451.72
541.67 444.32
549.07 436.92
555.80 433.56
517.45 435.58
512.74 449.71
506.01 434.23
485.16 440.96
483.14 415.39
464.97 424.81
461.61 437.60
461.61 451.05
447.48 442.31
421.24 443.65
438.06 426.83
418.55 420.78
428.64 415.39
599.20 341.72
598.19 329.28
612.65 318.17
597.18 309.09
591.12 314.81
611.98 277.13
602.90 273.77
616.35 252.24
639.56 259.30
637.21 250.89
655.71 253.25
596.51 255.94
584.73 264.69
580.36 254.93
562.53 271.08
566.23 277.47
556.14 291.26
566.57 301.35
557.82 323.56
561.86 325.91
578.68 332.30
558.16 347.78
588.77 350.13
589.78 359.21
583.05 369.31
600.21 371.33
598.52 383.44
598.52 400.26
583.05 410.68
570.60 414.38
581.03 439.95
594.15 418.08
583.72 425.82
557.82 402.95
571.95 387.14
563.20 373.01
551.43 385.12
537.64 395.88
538.31 382.43
524.52 377.38
520.48 405.97
520.82 417.41
507.36 387.81
502.65 413.38
472.71 393.53
474.73 380.74
495.25 376.03
500.29 366.95
512.41 363.25
521.82 354.84
539.99 353.50
502.31 345.76
508.70 336.68
489.53 337.69
484.48 342.73
485.49 351.48
471.70 363.59
467.33 354.84
470.36 332.64
486.50 319.52
470.69 315.48
476.41 310.77
473.38 294.29
467.66 287.56
478.43 273.43
477.42 255.60
492.89 258.63
497.60 270.07
509.04 258.97
525.86 278.82
520.82 285.54
522.83 298.66
533.60 291.60
540.33 298.66
537.64 261.66
558.16 249.21
505.00 464.17
481.79 459.46
457.57 488.06
475.74 543.23
468.34 525.06
545.04 331.97
549.07 317.16
532.25 317.16
514.76 319.86
507.36 319.86
503.32 309.76
598.19 285.54
457.57 408.67
448.83 406.65
457.57 387.14
435.37 393.19
452.86 374.35
446.81 362.24
458.92 342.73
448.15 331.97
446.13 315.82
456.90 305.05
456.23 288.91
464.30 278.14
444.12 270.74
436.04 262.67
453.54 262.00
434.70 282.85
435.37 296.98
436.72 307.75
427.30 324.57
429.99 355.51
432.01 364.93
414.51 375.03
399.04 381.75
418.55 393.19
401.06 406.65
399.71 425.49
383.56 424.14
364.73 442.98
364.05 461.14
374.82 413.38
365.40 394.54
384.91 393.86
362.03 424.14
407.45 349.80
404.76 340.71
415.19 317.84
417.88 299.67
421.91 281.51
413.17 267.71
404.76 282.85
390.29 286.89
390.63 267.71
401.73 253.92
419.56 249.21
441.76 249.89
443.78 240.47
466.32 236.43
469.68 224.66
450.84 220.95
423.26 223.98
417.88 231.05
395.34 237.10
388.61 244.84
373.47 254.59
378.52 262.67
377.17 230.37
364.05 239.79
361.36 218.26
342.52 227.35
337.48 237.44
334.79 250.89
338.49 256.28
355.64 255.60
358.33 268.05
350.60 283.19
334.45 276.12
371.79 278.82
368.43 288.91
355.64 304.38
374.15 308.75
382.56 305.05
390.63 321.20
396.35 324.23
371.45 342.06
366.41 365.61
387.60 353.83
395.34 366.62
339.16 338.69
343.20 357.20
343.20 373.34
353.29 383.77
354.97 328.94
342.86 327.59
335.80 312.79
345.21 300.68
326.71 288.23
339.16 295.30
311.57 289.24
310.90 275.12
313.26 263.34
315.28 237.44
328.73 226.34
342.52 219.27
322.34 220.28
301.48 227.01
290.38 223.65
296.77 246.18
289.04 260.31
295.76 238.11
275.92 223.98
269.52 236.77
275.24 247.53
273.56 262.67
280.63 280.50
291.39 290.59
287.02 311.11
303.50 304.38
298.12 323.56
315.61 340.04
289.71 334.66
274.23 328.27
290.72 348.79
309.89 357.20
312.25 378.05
317.29 387.14
294.08 389.15
278.94 371.66
275.58 383.44
287.35 411.69
292.06 428.85
317.63 434.23
343.53 414.72
326.71 403.62
334.45 401.26
343.20 446.34
300.81 445.00
308.21 408.67
279.95 443.65
270.53 432.89
262.46 418.08
263.13 405.30
252.37 392.52
238.91 426.16
228.82 418.08
217.38 452.40
217.38 445.67
199.22 438.27
202.58 422.79
183.07 429.52
167.60 437.60
172.31 418.08
185.09 402.61
209.98 396.56
191.82 387.14
197.20 369.64
172.98 364.93
173.65 374.35
168.94 385.79
238.24 380.41
230.17 370.99
217.38 354.84
250.35 350.80
244.97 336.00
256.41 322.55
229.49 332.64
230.17 319.86
232.18 309.09
209.98 304.38
155.15 374.02
152.12 383.44
139.34 400.26
132.95 394.20
141.69 419.09
122.52 382.76
108.73 375.03
115.45 402.27
117.14 418.76
135.97 367.62
126.22 356.19
150.78 354.84
107.38 346.77
97.62 355.85
159.86 333.31
144.38 330.62
130.93 331.97
125.88 319.86
138.67 311.78
137.32 301.69
120.16 288.91
110.41 301.02
106.03 316.49
104.69 275.45
147.41 277.13
142.03 268.39
189.46 268.39
178.70 278.82
170.96 294.29
183.41 306.74
192.49 314.81
184.08 328.27
183.07 343.40
163.22 320.53
162.21 307.75
201.91 334.66
202.25 325.57
201.57 291.26
122.85 248.54
116.13 268.72
104.02 235.42
126.22 237.44
112.43 216.92
103.68 211.54
94.93 218.26
142.37 221.96
166.25 236.77
179.71 226.67
166.59 215.24
138.33 208.84
124.87 209.52
209.65 228.69
203.25 236.09
201.57 221.29
187.44 210.86
219.40 222.97
229.16 219.27
214.02 203.80
242.95 214.23
250.69 224.66
249.34 206.49
270.87 209.85
258.76 255.94
259.10 268.72
263.81 287.90
254.72 300.68
226.13 283.52
227.14 268.05
222.43 257.62
218.39 245.51
240.26 246.86
206.62 253.92
188.12 247.87
95.61 419.09
93.92 399.25
267.17 367.62
271.21 356.52
278.61 297.32
290.05 207.50
292.63 555.34
283.21 568.79
169.40 462.49
151.91 467.87
155.28 477.29
135.76 478.64
119.62 469.22
145.86 442.98
111.54 447.69
100.11 474.60
89.34 463.16
73.87 457.11
84.63 443.65
68.48 429.52
48.30 410.01
74.54 399.92
58.39 383.77
77.90 387.14
75.21 370.32
36.19 465.85
61.08 482.67
45.61 455.76
52.34 432.89
26.10 457.78
3.22 451.05
3.22 477.96
3.22 430.20
26.10 416.07
29.46 399.92
40.90 397.23
31.48 377.72
30.81 364.93
23.41 346.77
7.93 395.21
285.80 654.91
61.08 359.55
48.97 352.15
65.79 342.06
59.07 323.89
84.63 322.55
77.90 310.44
53.01 297.65
52.34 311.11
35.52 308.42
34.17 324.57
18.70 315.82
15.33 302.36
2.55 327.26
8.61 286.89
27.44 279.49
84.63 270.07
85.98 284.20
88.28 243.83
84.58 233.74
82.22 245.51
77.51 252.58
85.92 262.33
185.84 190.01
172.04 192.36
163.63 183.95
157.58 194.04
152.53 187.65
136.72 194.72
106.78 186.31
95.34 199.43
86.26 190.01
66.75 191.35
67.76 201.44
70.79 208.51
67.09 217.25
54.30 218.60
52.62 244.50
43.54 225.66
18.31 223.98
18.64 214.23
3.84 205.48
20.33 204.81
6.20 191.69
27.39 192.02
38.49 191.35
21.67 182.94
50.60 194.72
37.82 210.53
31.76 221.96
45.56 215.24
23.69 256.28
26.38 234.75
8.89 266.03
2.16 349.46
120.91 201.11
123.26 191.69
47.57 283.52
65.74 277.81
51.95 270.07
48.25 255.94
36.14 248.20
29.07 266.37
176.08 256.95
171.03 252.58
164.64 270.74
157.91 260.65
655.43 185.63
663.16 177.90
635.58 172.51
646.01 188.32
646.01 161.75
625.82 193.37
624.48 202.45
618.76 183.95
619.43 213.89
639.28 221.63
631.21 224.66
620.78 223.98
640.63 237.77
627.51 237.77
653.41 240.80
655.09 234.41
660.47 224.32
658.46 213.55
602.56 233.07
611.98 230.71
592.80 229.70
593.14 219.27
602.90 210.19
603.23 200.77
598.86 183.95
591.80 173.19
599.53 166.79
614.67 165.11
616.35 173.86
587.42 193.71
586.75 212.54
580.36 184.96
572.28 172.51
568.58 164.10
568.92 194.04
559.16 186.64
550.42 187.31
570.27 219.61
575.98 239.79
587.76 236.77
548.40 241.48
545.37 228.36
551.76 224.66
525.19 239.46
509.38 239.46
489.87 240.13
502.65 233.07
500.29 219.61
527.21 218.60
521.82 231.38
539.99 213.22
545.71 201.11
529.23 200.43
540.33 167.13
525.19 178.57
520.48 187.65
517.45 207.16
508.37 194.72
498.61 204.47
489.19 194.72
485.16 207.84
494.24 185.63
486.50 185.63
523.17 165.45
518.46 165.45
507.36 177.90
504.67 166.12
484.15 164.10
481.12 214.90
469.01 205.48
464.97 196.73
474.39 176.55
448.83 166.46
445.46 191.35
426.62 198.75
431.33 193.37
407.79 213.55
405.09 187.99
392.98 196.06
387.60 216.25
387.60 167.80
387.60 177.90
411.82 167.80
429.99 167.13
444.79 155.69
423.26 153.67
431.33 146.95
427.97 138.20
425.95 127.44
414.51 141.56
414.51 149.64
397.02 140.89
397.69 126.09
412.49 120.71
403.75 109.27
398.37 101.87
381.55 105.91
381.55 124.07
379.53 150.31
398.37 157.71
384.24 165.11
436.72 211.54
443.11 128.44
427.30 116.67
437.05 103.21
440.08 80.34
435.71 73.61
434.70 50.74
418.89 45.69
412.49 51.07
419.56 67.22
406.10 57.46
407.45 75.63
408.79 89.76
396.68 66.55
376.16 58.81
383.23 75.97
389.96 89.42
383.23 46.36
362.03 67.56
362.71 78.32
346.56 77.98
349.25 87.74
337.81 103.55
343.53 110.62
359.68 105.23
374.48 93.12
371.12 87.40
369.77 117.68
355.31 121.04
366.07 135.17
362.37 144.26
366.74 147.96
351.27 142.24
343.53 151.66
346.22 176.21
352.95 163.09
330.08 165.79
327.05 154.35
343.20 131.14
371.79 180.92
368.43 188.66
368.76 195.39
374.82 201.44
375.83 211.54
360.02 204.47
351.27 198.75
342.19 191.69
327.72 103.21
332.77 120.37
333.44 130.13
332.10 85.39
337.81 70.58
337.81 62.85
339.83 52.08
351.94 44.34
351.61 37.95
362.03 56.12
368.43 38.63
363.72 31.23
337.48 24.50
328.73 29.21
334.79 9.02
349.59 13.40
350.93 8.01
371.12 13.06
378.85 8.01
383.56 25.84
399.04 7.68
412.49 15.75
410.81 7.34
426.96 7.34
433.35 14.74
445.46 29.88
448.83 37.95
427.63 32.23
431.00 25.17
422.25 34.59
493.57 70.92
480.78 65.54
327.05 180.25
304.17 190.34
310.90 197.07
310.23 212.54
306.53 173.52
312.92 156.70
324.36 142.24
314.60 118.02
309.22 127.10
302.49 110.28
307.54 101.20
311.91 98.17
325.03 97.16
322.00 81.35
307.54 89.76
301.82 86.06
297.78 78.66
303.84 74.62
291.39 70.58
285.67 77.65
285.34 91.10
282.64 98.84
286.68 112.97
285.34 120.71
288.36 126.43
293.07 144.59
301.15 152.67
294.42 160.07
289.04 169.49
285.34 181.60
281.30 194.38
277.26 180.92
272.89 201.78
260.44 194.04
255.06 180.59
262.46 167.47
252.70 175.88
236.56 172.18
236.56 187.31
230.50 195.39
216.04 181.93
209.31 171.84
196.53 182.61
183.74 171.50
177.35 162.76
170.29 159.39
199.55 162.76
207.96 159.39
216.04 157.38
233.53 150.98
243.29 147.96
260.44 151.32
277.26 144.26
270.87 126.09
261.11 133.15
255.73 120.71
271.88 117.01
261.45 112.97
269.19 106.24
253.38 82.36
248.00 88.75
248.00 95.81
245.64 111.96
245.30 124.74
235.55 118.35
225.12 110.62
217.05 114.99
212.34 101.20
234.20 98.84
225.79 91.10
228.48 76.30
241.60 69.24
222.77 67.89
214.69 71.93
206.62 79.33
209.98 88.08
206.28 94.80
191.82 100.86
198.88 113.31
204.94 120.71
202.58 133.49
186.77 124.74
179.37 134.16
176.34 144.59
188.45 149.30
191.82 143.58
198.21 148.63
221.76 141.56
172.98 123.74
180.38 117.01
187.11 112.30
175.00 100.86
181.39 96.15
181.39 81.01
185.09 75.29
153.13 167.13
144.38 156.70
158.85 143.58
149.77 129.12
150.10 121.38
154.81 115.33
128.57 116.00
121.17 122.05
112.76 104.90
147.75 102.88
135.30 143.92
129.25 157.04
128.24 174.20
110.07 162.42
101.66 175.54
96.28 168.48
112.43 148.29
98.97 140.89
97.62 158.05
88.21 140.22
75.09 152.33
78.11 177.90
64.66 180.92
43.46 174.20
53.89 157.71
56.25 148.97
36.06 164.10
30.34 148.97
21.60 150.98
22.94 166.12
50.19 136.18
63.98 127.44
39.43 127.10
26.64 127.77
31.35 119.03
40.10 107.59
58.60 110.62
51.87 102.88
69.70 107.92
63.98 101.87
77.10 95.81
87.20 88.41
104.69 86.39
123.86 87.74
140.68 88.75
144.72 76.64
159.86 84.38
162.21 69.57
170.96 60.16
182.40 60.16
199.55 71.93
104.35 69.91
92.92 63.86
81.81 70.25
73.74 58.47
60.28 83.03
50.87 88.75
30.34 78.32
22.27 108.26
19.58 83.37
25.64 65.20
25.97 59.82
53.56 60.16
56.92 71.93
212.34 58.81
2.83 179.91
1.82 157.71
10.23 154.68
6.87 149.64
14.94 161.41
9.90 136.52
0.48 125.08
12.93 99.85
11.92 121.04
6.20 91.44
5.19 75.97
13.93 52.75
24.70 53.43
26.72 51.07
43.20 50.06
47.24 45.02
30.42 38.29
7.88 39.30
121.58 61.50
138.74 54.44
142.10 51.41
155.90 57.46
147.15 64.53
147.15 40.31
118.89 50.06
112.50 42.66
127.97 40.31
95.01 48.05
89.62 53.09
76.84 49.39
75.83 37.62
0.53 236.77
71.85 302.70
196.99 353.16
242.74 277.13
283.11 157.38
273.02 61.16
312.71 49.73
316.75 65.20
297.24 59.82
295.22 51.75
275.03 70.58
258.89 57.80
238.03 57.13
232.65 50.40
190.26 54.44
204.39 54.44
219.19 54.44
398.93 0.44
321.23 7.85
319.88 15.92
317.52 2.46
314.50 31.06
404.99 34.76
268.64 35.77
287.14 24.67
297.91 27.36
301.95 35.43
303.63 18.27
288.83 8.52
290.51 1.45
274.02 9.86
274.70 16.93
252.49 12.89
259.22 27.02
253.17 32.74
258.89 47.88
244.08 39.80
221.55 40.14
223.23 26.01
233.99 37.45
211.45 28.37
189.92 36.44
201.36 18.27
186.22 15.58
174.45 19.28
177.81 34.76
184.21 5.49
203.04 5.83
233.66 6.16
223.56 15.25
240.38 18.95
173.78 35.93
158.98 30.89
156.62 18.11
138.79 1.29
117.60 4.99
96.41 4.99
71.18 12.39
75.55 5.32
108.18 17.77
109.86 30.22
97.41 23.15
99.43 31.56
138.46 16.76
133.41 22.14
88.33 41.65
86.65 125.75
84.97 117.01
65.46 143.25
79.20 17.94
59.69 23.32
45.56 19.28
41.52 31.73
34.46 19.96
19.99 34.08
16.96 21.97
30.42 7.85
42.53 9.19
54.98 7.51
10.57 7.17
