28.63 453.26
537.77 442.62
523.85 343.57
505.02 373.86
416.62 393.50
335.59 405.78
210.35 504.83
288.93 467.99
80.20 350.94
358.51 340.30
387.15 325.56
404.34 330.48
414.17 307.56
485.38 305.10
450.18 336.21
518.94 274.00
541.86 198.69
521.40 201.96
527.94 215.88
521.40 212.61
532.86 225.70
534.49 258.44
496.02 246.98
472.28 258.44
455.09 266.63
411.71 279.73
424.81 279.73
388.79 278.91
380.61 293.64
343.77 269.90
332.31 258.44
333.13 281.36
315.12 294.46
290.57 359.94
220.17 364.04
177.61 381.23
177.61 333.75
196.43 328.84
226.72 310.01
252.91 337.02
432.99 264.17
420.71 255.99
409.25 258.44
379.79 255.99
369.96 259.26
344.59 247.80
349.50 264.17
329.04 235.52
368.33 228.16
401.07 222.43
385.52 224.06
414.17 239.62
390.43 239.62
446.09 243.71
460.00 242.07
436.27 241.25
448.55 225.70
469.01 227.34
481.29 227.34
505.84 227.34
520.58 224.88
497.66 226.52
482.11 219.15
476.38 222.43
483.74 192.14
465.73 192.14
455.91 202.78
453.46 209.33
459.19 210.97
466.55 207.69
456.73 218.34
456.73 224.06
442.82 219.15
426.44 218.34
413.35 229.79
23.11 262.67
4.28 200.05
48.89 262.26
64.03 263.90
79.18 275.36
89.00 301.55
56.26 319.15
66.90 289.68
48.89 286.81
93.91 244.66
82.86 243.84
72.63 230.74
39.48 242.20
47.66 236.47
30.88 240.16
17.38 234.43
2.64 245.07
14.92 226.65
14.92 222.97
7.55 212.74
24.33 207.83
50.94 218.47
84.50 227.06
83.68 215.60
68.13 213.15
61.99 215.19
83.27 204.55
91.86 207.83
85.32 198.41
68.13 200.05
61.99 198.41
50.53 200.05
41.11 201.69
37.84 205.78
34.98 199.64
23.92 198.41
27.61 192.68
20.65 194.32
16.97 189.82
72.83 202.61
93.09 197.29
73.65 198.51
137.40 203.68
147.12 206.55
143.53 222.30
147.32 234.99
102.20 218.62
76.31 219.85
92.78 221.89
98.31 205.22
100.77 200.61
39.99 195.19
76.41 207.36
152.49 264.71
130.39 245.68
121.38 243.84
120.56 218.06
164.97 217.24
169.47 231.97
156.78 234.84
178.07 249.78
185.64 278.63
127.93 280.68
101.12 273.51
179.29 198.21
195.66 227.27
188.30 222.97
181.54 230.95
187.27 245.89
194.44 262.46
122.40 257.55
100.10 222.97
159.65 208.44
155.76 207.01
188.50 204.76
186.46 209.67
181.13 205.57
169.88 206.80
17.43 202.50
14.15 194.52
109.10 198.41
106.03 201.89
61.22 206.39
166.30 290.50
112.27 294.59
193.31 212.33
201.09 209.87
160.98 204.14
28.12 235.29
14.08 244.83
54.48 246.56
37.48 250.00
44.13 297.05
200.80 198.03
171.73 194.58
180.60 189.65
174.68 196.06
173.70 203.45
157.93 202.46
169.76 260.10
98.32 215.27
153.50 218.72
179.12 212.81
202.27 247.79
112.61 261.09
55.95 200.00
183.55 188.18
3.24 230.54
170.74 355.19
111.62 189.65
33.29 203.94
29.10 203.32
29.84 197.66
18.02 208.50
45.86 203.08
174.93 208.00
233.24 272.26
264.95 272.26
281.32 280.45
245.77 257.43
226.85 254.87
213.04 250.27
216.11 267.15
208.43 262.03
209.97 234.92
213.04 226.23
218.66 219.07
214.06 216.51
205.88 209.86
208.95 205.77
214.57 204.75
217.64 202.70
220.20 186.84
210.48 186.84
204.34 186.84
201.27 187.35
225.31 190.42
234.52 188.89
237.59 188.38
245.26 188.38
251.40 190.42
256.51 190.42
263.67 187.35
271.86 188.89
278.51 190.42
281.06 190.42
295.39 197.07
311.75 204.75
319.94 209.35
315.85 215.49
313.29 220.09
318.40 228.27
323.01 219.07
334.77 216.51
343.98 212.93
365.46 215.49
355.74 212.93
378.76 216.51
390.01 212.93
400.75 212.93
402.80 209.86
415.07 210.88
431.44 199.12
439.63 206.79
421.21 206.79
398.71 207.30
383.36 205.77
376.71 199.63
367.00 195.54
360.86 197.58
336.82 195.54
323.52 199.12
324.03 194.00
319.43 194.00
298.46 191.96
291.81 191.96
288.23 194.52
337.33 195.54
345.00 192.47
341.42 192.47
259.58 221.11
248.84 217.02
245.26 231.85
263.16 234.41
273.90 250.27
291.29 249.76
226.85 235.95
228.38 225.20
239.12 227.25
236.05 217.02
223.78 210.37
232.99 206.79
235.03 203.72
220.20 201.16
232.99 208.33
242.70 208.33
242.19 205.77
245.26 200.14
247.31 207.30
256.51 203.72
276.97 206.79
259.07 209.35
274.93 219.07
270.32 219.07
272.37 212.93
282.09 212.93
285.16 219.07
296.41 229.81
286.18 235.95
303.57 229.81
312.27 235.43
302.04 220.60
302.04 210.88
291.81 212.93
292.83 219.07
295.90 206.79
307.66 204.75
289.76 203.21
349.60 203.21
328.63 205.77
323.52 206.28
325.56 215.49
353.70 210.37
367.51 211.91
370.58 206.28
432.98 229.81
442.18 233.39
539.88 210.88
533.23 241.57
517.37 244.13
516.35 253.85
490.78 355.63
