581.37 495.26
698.42 576.29
795.83 518.18
871.13 497.71
854.76 434.69
879.32 451.87
731.16 434.69
761.45 402.76
747.53 372.48
820.38 372.48
885.05 392.94
1004.56 343.83
959.54 333.19
926.79 359.38
1018.47 325.82
1016.83 311.90
993.92 284.07
72.23 484.62
58.32 411.77
31.31 343.83
63.23 347.10
86.15 385.57
104.98 415.86
193.38 435.50
274.41 447.78
399.65 546.83
321.07 509.99
529.80 392.94
655.86 411.77
619.84 411.77
610.02 325.82
638.67 370.02
682.05 374.93
692.69 343.83
681.23 325.00
730.34 309.45
708.24 315.18
751.63 312.72
772.91 332.37
784.37 310.27
795.83 335.64
838.39 323.36
849.85 344.65
858.04 310.27
871.95 311.90
886.69 323.36
921.88 297.17
946.44 288.98
962.81 302.90
979.18 303.72
934.16 289.80
897.33 290.62
875.23 286.53
251.49 382.30
222.85 367.56
205.66 372.48
195.83 349.56
124.62 347.10
159.82 378.21
91.06 316.00
53.41 321.73
45.22 318.45
36.22 306.17
10.84 323.36
22.30 286.53
10.84 284.07
8.39 280.80
17.39 271.79
15.75 241.51
24.76 246.42
37.85 244.78
51.77 241.51
45.22 241.51
68.14 240.69
88.60 243.96
82.06 257.88
88.60 254.61
77.14 267.70
55.86 261.97
44.40 254.61
26.39 264.43
37.04 262.79
32.94 262.79
45.22 278.34
65.69 288.98
75.51 300.44
113.98 288.98
137.72 300.44
154.91 308.63
198.29 321.73
185.19 321.73
221.21 320.91
229.39 335.64
266.23 311.90
277.69 300.44
276.87 323.36
294.88 336.46
319.43 401.94
389.83 406.04
432.39 423.23
432.39 375.75
413.57 370.84
383.28 352.01
357.09 379.02
177.01 306.17
189.29 297.99
200.75 300.44
230.21 297.99
240.04 301.26
265.41 289.80
260.50 306.17
280.96 277.52
241.67 270.16
208.93 264.43
224.48 266.06
195.83 281.62
219.57 281.62
163.91 285.71
150.00 284.07
173.73 283.25
161.45 267.70
140.99 269.34
128.71 269.34
104.16 269.34
89.42 266.88
112.34 268.52
127.89 261.15
133.62 264.43
126.26 234.14
144.27 234.14
154.09 244.78
156.54 251.33
150.81 252.97
143.45 249.69
153.27 260.34
153.27 266.06
167.18 261.15
183.56 260.34
196.65 271.79
957.08 270.16
970.18 267.70
993.10 271.79
1011.92 278.34
1011.10 255.42
1018.47 261.97
1017.65 225.96
974.27 222.68
980.82 224.32
985.73 225.96
990.64 222.68
969.36 234.96
966.08 254.61
978.36 248.88
969.36 247.24
967.72 243.96
961.17 244.78
984.09 244.78
979.18 243.96
937.44 273.43
917.79 261.15
931.71 258.70
920.25 244.78
905.51 252.97
900.60 261.97
887.50 266.88
872.77 266.88
856.40 280.80
880.96 271.79
842.48 287.35
829.39 280.80
841.67 266.88
855.58 263.61
857.22 255.42
869.50 256.24
887.50 252.97
871.95 245.60
880.96 248.88
912.06 234.14
742.62 284.07
764.72 284.07
780.28 288.98
803.19 294.71
808.92 283.25
817.93 280.80
826.11 274.25
817.93 268.52
832.66 257.88
826.11 262.79
826.11 254.61
849.85 252.15
864.59 248.88
861.31 244.78
867.86 243.96
821.20 234.96
985.53 261.28
938.87 253.51
948.69 257.60
956.88 260.88
863.56 267.83
825.09 248.19
832.05 246.55
842.69 246.55
847.19 243.28
854.15 245.32
785.39 273.56
757.56 277.66
751.83 267.83
793.99 267.83
803.40 267.83
799.31 260.06
819.77 240.41
812.81 243.69
826.32 242.05
795.62 254.33
806.67 251.46
807.49 244.91
810.77 259.24
817.31 257.60
818.13 253.51
816.90 247.78
772.29 251.46
782.12 254.74
790.71 260.06
793.58 247.78
785.80 248.19
785.39 244.91
791.12 243.28
802.58 246.55
800.94 241.64
674.48 178.61
653.61 325.13
637.23 339.05
719.09 294.44
703.54 287.89
727.27 280.11
712.13 274.38
703.13 269.47
719.91 262.10
728.09 251.46
722.77 244.91
733.82 243.28
753.88 254.74
743.65 251.46
809.54 236.32
804.63 234.68
770.25 242.05
761.65 244.91
765.75 262.92
774.34 264.97
750.19 246.55
742.83 243.28
703.13 253.51
693.30 255.56
716.22 247.78
706.81 251.46
711.72 252.28
775.98 236.32
626.59 272.34
641.33 283.39
658.93 299.35
683.48 296.48
671.61 284.20
656.06 285.84
671.20 274.38
639.69 264.15
649.10 255.15
647.88 248.19
638.05 244.91
639.69 234.68
642.15 227.32
658.52 244.91
654.42 245.32
705.17 244.91
586.89 304.67
621.68 302.21
634.37 314.49
627.41 287.07
605.72 242.05
561.11 304.26
545.97 305.90
530.82 317.36
521.00 343.55
553.74 361.15
543.10 331.68
561.11 328.81
516.09 286.66
527.14 285.84
537.37 272.74
570.52 284.20
562.34 278.47
579.12 282.16
592.62 276.43
607.36 287.07
595.08 268.65
595.08 264.97
602.45 254.74
585.67 249.83
559.06 260.47
525.50 269.06
526.32 257.60
541.87 255.15
548.01 257.19
526.73 246.55
518.14 249.83
764.52 253.51
754.29 241.64
791.12 237.96
850.87 239.18
963.83 233.45
757.56 222.81
752.65 279.29
743.65 272.74
737.92 274.38
724.41 269.47
524.68 240.41
541.87 242.05
548.01 240.41
559.47 242.05
568.89 243.69
572.16 247.78
575.02 241.64
586.08 240.41
582.39 234.68
589.35 236.32
593.03 231.82
729.73 236.73
761.86 242.56
779.25 242.97
692.69 246.45
695.15 278.17
657.90 255.25
677.14 310.91
610.22 295.36
537.17 244.61
516.91 239.29
536.35 240.51
638.46 253.82
655.45 234.99
734.85 255.04
472.60 245.68
462.88 248.55
466.47 264.30
462.68 276.99
507.80 260.62
533.69 261.85
517.22 263.89
511.69 247.22
509.23 242.61
570.01 237.19
533.59 249.36
457.51 306.71
479.61 287.68
488.62 285.84
489.44 260.06
445.03 259.24
440.53 273.97
453.22 276.84
431.93 291.78
424.36 320.63
482.07 322.68
508.88 315.51
430.71 240.21
414.34 269.27
421.70 264.97
428.46 272.95
422.73 287.89
415.56 304.46
487.60 299.55
509.90 264.97
450.35 250.44
454.24 249.01
421.50 246.76
423.54 251.67
428.87 247.57
440.12 248.80
592.57 244.50
595.85 236.52
500.90 240.41
503.97 243.89
548.78 248.39
443.70 332.50
497.73 336.59
416.69 254.33
408.91 251.87
449.02 246.14
893.90 237.55
884.49 236.73
903.31 243.28
910.68 251.46
893.70 277.35
883.06 242.36
872.41 241.13
878.35 243.58
840.29 259.95
820.64 265.68
795.47 273.05
870.16 297.61
894.72 300.88
958.98 241.74
960.00 237.85
960.20 253.20
919.69 271.01
903.52 274.69
878.55 254.43
870.98 250.95
867.30 253.61
860.95 251.56
797.11 244.40
776.64 243.58
757.41 264.46
942.24 242.97
692.24 240.71
718.22 240.46
724.01 241.94
654.67 249.82
634.72 273.34
581.88 277.29
666.37 262.94
650.61 244.71
612.43 253.58
614.15 243.23
595.92 286.83
555.52 288.56
572.52 292.00
565.87 339.05
409.20 240.03
438.27 236.58
429.40 231.65
435.32 238.06
436.30 245.45
452.07 244.46
440.24 302.10
511.68 257.27
919.60 336.59
823.04 348.41
816.14 320.82
739.28 407.53
678.69 399.65
623.02 405.07
456.50 260.72
430.88 254.81
407.73 289.79
497.39 303.09
554.05 242.00
426.45 230.18
606.76 272.54
702.33 238.06
829.93 217.37
1007.29 230.18
1010.24 237.57
1015.17 234.12
1005.81 234.12
1006.80 248.90
1021.58 235.10
1020.10 291.76
439.26 397.19
498.38 231.65
576.71 245.94
580.90 245.32
580.16 239.66
672.04 242.61
591.98 250.50
564.14 245.08
435.07 250.00
284.69 718.34
61.68 588.42
376.76 314.26
345.05 314.26
328.68 322.45
364.23 299.43
383.15 296.87
396.96 292.27
393.89 309.15
401.57 304.03
400.03 276.92
396.96 268.23
391.34 261.07
395.94 258.51
404.12 251.86
401.05 247.77
395.43 246.75
392.36 244.70
389.80 228.84
399.52 228.84
405.66 228.84
408.73 229.35
384.69 232.42
375.48 230.89
372.41 230.38
364.74 230.38
358.60 232.42
353.49 232.42
346.33 229.35
338.14 230.89
331.49 232.42
328.94 232.42
314.61 239.07
298.25 246.75
290.06 251.35
294.15 257.49
296.71 262.09
291.60 270.27
286.99 261.07
275.23 258.51
266.02 254.93
244.54 257.49
254.26 254.93
231.24 258.51
219.99 254.93
209.25 254.93
207.20 251.86
194.93 252.88
178.56 241.12
170.37 248.79
188.79 248.79
211.29 249.30
226.64 247.77
233.29 241.63
243.00 237.54
249.14 239.58
273.18 237.54
286.48 241.12
285.97 236.00
290.57 236.00
311.54 233.96
318.19 233.96
321.77 236.52
272.67 237.54
265.00 234.47
268.58 234.47
350.42 263.11
361.16 259.02
364.74 273.85
346.84 276.41
336.10 292.27
318.71 291.76
383.15 277.95
381.62 267.20
370.88 269.25
373.95 259.02
386.22 252.37
377.01 248.79
374.97 245.72
389.80 243.16
377.01 250.33
367.30 250.33
367.81 247.77
364.74 242.14
362.69 249.30
353.49 245.72
333.03 248.79
350.93 251.35
335.07 261.07
339.68 261.07
337.63 254.93
327.91 254.93
324.84 261.07
313.59 271.81
323.82 277.95
306.43 271.81
297.73 277.43
307.96 262.60
307.96 252.88
318.19 254.93
317.17 261.07
314.10 248.79
302.34 246.75
320.24 245.21
260.40 245.21
281.37 247.77
286.48 248.28
284.44 257.49
256.30 252.37
242.49 253.91
239.42 248.28
177.02 271.81
167.82 275.39
70.12 252.88
63.98 259.53
61.94 269.76
76.77 283.57
92.63 286.13
93.65 295.85
48.64 399.68
119.22 397.63
4.65 305.05
