256.07 422.78
420.88 389.81
110.49 310.16
54.64 371.50
37.25 340.37
10.69 297.34
38.16 322.98
35.42 271.70
58.31 249.73
20.77 254.31
15.27 237.83
72.95 229.59
42.74 214.02
99.51 258.89
140.71 267.13
148.95 295.51
175.50 274.45
165.43 248.81
164.51 229.59
133.38 216.77
110.49 217.69
86.69 213.11
65.63 214.94
64.71 198.46
137.96 365.09
196.56 333.05
231.35 327.56
226.77 287.27
332.98 333.05
306.43 290.93
258.82 275.37
256.07 232.33
298.19 233.25
103.17 192.05
130.64 197.54
411.72 348.61
413.55 265.30
377.84 290.93
358.62 299.17
337.56 258.89
329.32 236.00
349.46 223.18
405.31 223.18
399.82 249.73
423.62 211.28
225.86 248.81
224.03 226.84
230.44 206.70
205.71 217.69
195.64 204.87
181.91 216.77
157.19 203.95
152.61 185.64
137.05 181.98
147.12 175.57
213.04 192.05
187.40 192.05
177.33 194.80
186.49 181.06
208.46 176.48
235.01 181.98
242.34 198.46
257.90 197.54
282.62 203.95
334.81 188.39
325.66 214.94
335.73 207.61
370.52 206.70
366.86 191.13
395.24 188.39
287.20 227.76
245.08 184.72
255.16 181.98
266.14 175.57
281.71 182.89
19.69 215.63
19.23 225.24
2.75 215.63
21.98 209.67
26.10 196.40
114.45 197.77
120.40 177.17
107.58 177.63
98.43 168.01
107.58 164.35
119.49 163.44
35.71 147.41
28.39 150.62
22.89 158.40
14.65 167.56
32.96 169.85
25.18 180.38
14.65 189.07
0.00 149.47
8.70 150.39
9.16 154.97
38.92 154.51
49.90 148.10
9.16 143.98
2.75 143.98
25.18 143.98
22.89 139.86
19.23 141.69
59.52 149.47
60.43 167.33
70.96 175.11
71.88 151.31
89.27 146.27
87.90 164.12
91.56 170.53
89.73 177.86
81.03 183.35
129.56 175.11
134.14 154.51
145.58 149.02
162.06 153.59
171.68 163.21
152.91 164.58
142.38 159.09
137.34 167.79
101.63 156.80
93.39 160.92
99.80 149.02
122.23 156.80
119.03 150.39
109.87 144.90
167.56 146.27
173.05 140.78
156.57 143.06
1.15 166.07
251.04 159.77
263.40 158.86
241.42 160.23
235.01 163.44
245.54 168.47
239.59 172.59
218.53 166.64
224.03 167.56
229.06 157.94
223.57 150.62
243.25 150.16
121.48 141.92
136.13 142.84
171.38 154.74
184.20 162.06
198.85 174.88
199.31 163.89
205.71 161.15
185.57 138.26
223.57 139.17
246.00 141.00
281.25 139.17
263.40 139.63
267.06 149.25
267.97 156.57
272.55 150.16
291.78 139.63
305.97 141.00
313.30 140.09
340.31 141.46
358.62 141.46
320.62 149.25
329.32 145.13
327.03 136.88
393.87 150.62
404.85 155.65
420.88 150.16
419.50 159.77
431.41 158.86
417.67 185.41
406.69 173.51
407.14 197.31
377.39 178.09
368.23 171.68
362.28 171.68
349.92 167.56
345.34 177.17
325.20 165.27
332.06 159.77
310.55 157.94
317.87 155.65
297.73 170.76
287.66 172.59
300.48 190.90
300.94 151.53
285.83 158.86
354.04 150.16
342.14 160.23
336.64 173.05
374.18 138.26
381.05 133.22
368.69 134.60
370.98 131.39
448.34 239.66
445.60 214.94
440.10 152.68
446.51 150.85
344.88 147.19
338.47 155.43
299.10 161.83
308.26 164.58
318.33 168.24
308.26 178.31
321.08 178.31
308.26 169.16
414.47 168.24
380.59 163.67
376.01 160.00
436.44 127.96
448.34 129.79
433.69 137.11
417.21 138.03
410.81 142.61
402.56 132.54
397.99 130.70
67.46 160.00
72.95 164.58
77.53 139.86
63.80 140.78
55.56 138.94
424.54 144.44
403.48 140.78
394.32 139.86
159.02 127.04
153.53 127.04
165.43 129.79
142.54 127.96
133.38 127.96
132.47 125.21
128.81 136.20
122.40 127.96
127.89 127.04
435.53 120.63
419.05 130.70
412.64 130.70
408.06 124.30
418.13 118.80
426.37 120.63
444.68 119.72
352.21 132.54
30.05 138.01
35.86 138.01
39.19 142.16
45.84 138.84
41.68 134.68
48.33 133.85
56.64 132.19
60.80 133.85
68.28 137.18
71.60 137.18
79.92 133.85
85.73 138.01
93.21 134.68
103.19 133.02
98.20 134.68
99.03 139.67
110.67 138.01
110.67 139.67
110.67 132.19
112.33 133.02
116.49 135.51
119.81 136.34
121.47 133.85
137.27 132.19
140.59 137.18
147.24 137.18
151.40 134.68
156.38 137.18
167.19 123.88
172.18 122.21
230.36 146.32
15.08 137.18
11.76 137.18
37.53 131.36
66.62 131.36
74.93 128.86
84.90 128.03
94.05 128.86
99.86 128.86
105.68 125.54
113.99 127.20
120.64 128.86
