793.77 357.00
748.91 418.35
580.44 378.98
520.93 337.78
666.51 225.16
722.36 286.50
739.75 255.37
766.31 212.34
738.84 237.98
741.58 186.70
718.69 164.73
756.23 169.31
761.73 152.83
785.53 141.84
810.25 165.65
815.75 231.57
704.05 144.59
734.26 129.02
677.49 173.89
636.29 182.13
628.05 210.51
601.50 189.45
611.57 163.81
612.49 144.59
643.62 131.77
666.51 132.69
690.31 128.11
711.37 129.94
712.29 113.46
639.04 280.09
580.44 248.05
545.65 242.56
550.23 202.27
444.02 248.05
470.57 205.93
518.18 190.37
520.93 147.33
478.81 148.25
673.83 107.05
646.36 112.54
399.16 205.93
418.38 214.17
439.44 173.89
447.68 151.00
427.54 138.18
551.14 163.81
552.97 141.84
546.56 121.70
571.29 132.69
581.36 119.87
595.09 131.77
619.81 118.95
624.39 100.64
639.95 96.98
629.88 90.57
563.96 107.05
589.60 107.05
599.67 109.80
590.51 96.06
568.54 91.48
541.99 96.98
534.66 113.46
519.10 112.54
494.38 118.95
442.19 103.39
451.34 129.94
441.27 122.61
406.48 121.70
410.14 106.13
381.76 103.39
489.80 142.76
531.92 99.72
521.84 96.98
510.86 90.57
495.29 97.89
826.90 132.91
823.69 115.98
804.01 116.89
798.51 194.72
757.31 130.63
757.77 140.24
774.25 130.63
782.03 111.86
799.89 103.16
811.33 109.57
755.02 124.67
750.90 111.40
662.55 112.77
656.60 92.17
669.42 92.63
678.57 83.01
669.42 79.35
657.51 78.44
741.29 62.41
748.61 65.62
754.11 73.40
762.35 82.56
744.04 84.85
751.82 95.38
778.37 93.09
762.35 104.07
787.53 73.40
804.46 73.40
816.82 70.20
817.28 95.38
826.44 91.25
831.93 105.45
829.19 71.57
818.20 150.77
831.47 52.80
786.15 59.90
777.00 64.47
768.30 65.39
767.84 69.97
789.36 65.39
806.30 63.10
738.08 69.51
727.10 63.10
767.84 58.98
774.25 58.98
751.82 58.98
754.11 54.86
757.77 56.69
717.48 64.47
716.57 82.33
706.04 90.11
705.12 66.31
687.73 61.27
689.10 79.12
685.44 85.53
687.27 92.86
695.97 98.35
647.44 90.11
642.86 69.51
631.42 64.02
614.94 68.59
605.32 78.21
624.09 79.58
634.62 74.09
639.66 82.79
675.37 71.80
683.61 75.92
677.20 64.02
654.77 71.80
657.97 65.39
667.13 59.90
609.44 61.27
603.95 55.78
620.43 58.06
775.85 81.07
525.96 74.77
513.60 73.86
535.58 75.23
541.99 78.44
531.46 83.47
537.41 87.59
558.47 81.64
552.97 82.56
547.94 72.94
553.43 65.62
533.75 65.16
655.52 56.92
640.87 57.84
605.62 69.74
592.80 77.06
578.15 89.88
577.69 78.89
571.29 76.15
591.43 53.26
553.43 54.17
531.00 56.00
495.75 54.17
513.60 54.63
509.94 64.25
509.03 71.57
504.45 65.16
485.22 54.63
471.03 56.00
463.70 55.09
436.69 56.46
418.38 56.46
456.38 64.25
447.68 60.13
449.97 51.88
383.13 65.62
399.61 93.09
408.77 86.68
414.72 86.68
427.08 82.56
431.66 92.17
451.80 80.27
444.94 74.77
466.45 72.94
459.13 70.65
479.27 85.76
489.34 87.59
476.52 105.90
476.06 66.53
491.17 73.86
422.96 65.16
434.86 75.23
440.36 88.05
402.82 53.26
395.95 48.22
408.31 49.60
406.02 46.39
432.12 62.19
438.53 70.43
477.90 76.83
468.74 79.58
458.67 83.24
468.74 93.31
455.92 93.31
468.74 84.16
396.41 78.67
400.99 75.00
709.54 75.00
704.05 79.58
699.47 54.86
713.20 55.78
721.44 53.94
382.68 54.86
617.98 42.04
623.47 42.04
611.57 44.79
634.46 42.96
643.62 42.96
644.53 40.21
648.19 51.20
654.60 42.96
649.11 42.04
424.79 47.54
822.59 58.82
830.90 57.16
746.95 53.01
741.14 53.01
737.81 57.16
731.16 53.84
735.32 49.68
728.67 48.85
720.36 47.19
716.20 48.85
708.72 52.18
705.40 52.18
697.08 48.85
691.27 53.01
683.79 49.68
673.81 48.02
678.80 49.68
677.97 54.67
666.33 53.01
666.33 54.67
666.33 47.19
664.67 48.02
660.51 50.51
657.19 51.34
655.53 48.85
639.73 47.19
636.41 52.18
629.76 52.18
625.60 49.68
620.62 52.18
609.81 38.88
604.82 37.21
546.64 61.32
813.45 57.99
804.31 57.99
799.32 60.49
797.66 56.33
791.01 53.84
805.14 53.84
816.77 52.18
810.12 49.68
800.15 49.68
792.67 49.68
783.53 54.67
761.92 52.18
765.24 52.18
739.47 46.36
710.38 46.36
702.07 43.86
692.10 43.03
682.95 43.86
677.14 43.86
671.32 40.54
663.01 42.20
656.36 43.86
