970.28 493.85
988.76 476.87
936.31 472.87
934.31 454.89
928.82 434.41
914.83 472.87
908.84 496.85
900.35 433.41
851.89 423.42
938.81 382.96
943.80 366.98
952.29 338.50
973.27 311.03
993.75 310.53
986.26 289.05
927.32 327.01
938.31 349.49
909.34 396.95
916.33 378.96
897.85 335.01
912.33 324.52
864.38 361.98
881.86 374.97
845.90 375.47
846.40 406.94
818.43 405.44
800.95 457.88
808.44 490.35
798.45 475.87
746.50 486.36
764.48 465.88
771.48 430.91
746.50 390.45
729.02 389.95
759.99 356.99
779.97 342.50
810.94 342.50
819.93 375.47
842.40 344.50
832.41 321.02
813.93 308.53
828.92 297.04
896.35 303.04
912.33 281.06
920.83 273.07
934.31 283.56
954.79 281.06
961.78 270.07
976.77 249.59
952.79 243.10
962.28 247.59
923.82 252.09
913.33 254.09
928.82 240.60
940.31 226.62
963.78 217.62
976.27 222.62
981.76 214.63
990.76 242.60
992.75 255.09
975.27 266.08
920.83 221.12
903.84 219.12
918.83 194.15
950.80 208.13
954.29 195.65
949.30 184.16
942.30 187.65
960.79 186.16
876.37 220.62
886.86 250.09
893.35 233.11
868.38 252.59
874.37 237.10
870.88 267.07
848.40 241.60
828.42 239.10
815.93 243.60
806.44 285.56
792.95 289.05
774.47 288.05
780.47 311.53
751.00 325.02
739.51 331.01
747.50 301.04
741.01 296.55
777.97 267.07
769.48 247.09
793.45 234.11
816.93 228.11
844.40 197.14
870.88 201.14
906.84 193.15
956.29 174.00
936.31 172.00
941.31 165.51
960.29 160.51
948.80 159.52
957.29 149.53
957.29 134.54
951.79 126.55
968.28 130.54
980.27 124.55
989.76 125.05
980.77 134.04
975.77 153.52
985.26 178.50
954.29 114.56
966.28 109.07
956.79 99.58
964.28 92.08
975.77 96.08
964.78 50.62
980.27 69.61
962.78 71.10
944.30 51.12
931.32 56.62
931.32 65.61
946.80 80.10
943.80 97.58
931.32 113.56
945.80 120.06
939.31 113.56
930.32 130.54
919.83 106.57
916.33 79.60
917.33 64.11
903.84 64.11
902.84 59.62
896.35 56.12
881.86 69.61
895.85 79.10
896.85 106.07
899.85 121.05
877.87 112.56
890.36 116.06
881.37 120.55
879.87 97.08
901.84 131.54
913.33 133.04
911.34 152.02
927.82 147.53
894.35 169.51
889.86 156.52
885.36 146.03
895.85 139.54
888.36 136.54
858.89 128.55
852.89 122.05
847.40 143.53
848.90 154.02
864.38 158.52
863.88 148.53
866.88 168.01
876.87 179.50
898.85 180.50
880.37 188.49
853.39 182.49
828.42 183.49
830.42 223.45
848.40 214.96
826.92 206.97
791.95 195.48
807.44 183.49
801.45 181.99
814.43 163.51
825.42 164.51
824.42 158.52
817.93 141.03
832.41 140.04
830.92 128.05
816.43 132.54
843.40 124.05
843.90 112.06
836.41 101.57
860.39 85.09
847.40 80.10
828.42 88.59
815.43 62.11
809.94 78.60
797.45 76.10
834.91 51.62
848.40 40.63
822.92 41.63
814.43 48.63
802.44 46.13
797.95 43.63
870.88 61.61
880.37 56.62
860.39 64.11
824.92 98.58
826.92 114.06
814.43 118.56
811.44 100.57
804.44 112.56
798.45 124.55
802.44 93.08
788.46 95.08
790.96 82.09
780.97 84.59
780.97 71.10
782.46 61.61
775.47 70.60
763.48 80.10
763.48 49.13
761.98 30.64
750.50 48.63
746.50 44.63
739.01 43.63
743.50 57.12
739.51 78.60
746.50 66.61
752.49 87.09
754.49 78.60
729.02 98.58
720.53 97.08
723.52 86.59
723.02 76.10
729.02 52.62
723.52 45.13
714.53 37.14
732.01 24.15
708.54 52.62
716.53 52.62
715.03 64.11
707.04 74.10
698.55 73.60
757.49 101.57
772.97 117.06
788.46 118.06
780.47 106.57
776.47 127.55
784.46 138.54
797.45 151.02
806.44 134.54
786.46 154.02
776.97 158.52
762.48 152.02
755.49 134.04
754.99 119.56
752.49 113.06
743.50 118.06
741.01 134.54
731.02 140.04
728.52 160.51
736.51 161.51
742.00 181.49
751.00 170.50
755.49 164.01
760.99 172.50
782.96 170.01
752.49 197.98
764.48 204.97
758.49 230.45
770.48 232.94
765.98 212.46
736.51 227.45
736.51 186.49
704.54 240.44
708.54 222.95
702.04 193.48
708.54 177.00
702.54 149.03
703.04 137.54
693.55 125.55
702.54 119.06
689.56 83.59
707.04 100.57
703.54 89.09
690.56 106.57
686.56 56.62
693.05 51.12
692.55 46.13
694.55 35.14
699.55 32.14
676.57 43.13
685.06 39.64
686.06 48.13
668.58 60.61
664.08 52.12
673.57 36.64
664.08 31.14
675.57 52.62
682.56 68.61
670.58 79.10
646.60 64.11
667.08 101.07
681.07 90.09
656.59 110.07
639.11 97.58
646.10 78.60
627.12 79.10
711.29 495.85
657.84 485.36
669.33 460.88
654.34 438.90
681.32 431.41
685.31 418.42
689.31 398.94
698.30 409.93
710.29 393.45
695.80 362.48
707.79 354.49
728.77 347.00
715.28 330.01
726.27 318.02
701.30 310.53
684.31 320.02
684.81 301.04
711.29 274.57
732.26 295.05
659.34 304.04
677.32 281.56
679.32 252.59
677.82 241.10
657.34 254.09
653.84 235.11
658.34 219.12
653.34 209.13
640.86 213.13
686.31 215.13
681.81 205.64
633.36 325.02
671.33 337.50
645.35 353.49
664.33 382.96
621.87 363.98
615.38 437.90
623.37 468.87
546.45 434.91
557.94 421.92
554.44 384.96
583.41 386.96
565.43 366.98
594.90 355.49
589.41 323.02
604.89 322.02
599.90 304.04
627.37 296.05
641.36 267.07
635.86 255.59
616.88 259.08
647.35 253.09
626.87 227.61
625.37 239.10
613.38 237.60
585.91 251.09
595.40 260.08
591.90 284.06
559.44 294.05
569.43 290.55
543.45 273.57
560.44 283.56
554.94 255.09
556.94 307.53
574.42 341.00
515.98 402.94
503.49 435.91
481.02 416.43
500.50 408.43
478.52 464.38
538.96 500.84
599.40 475.87
579.92 501.84
442.05 492.85
417.58 474.87
388.11 497.84
407.59 456.89
399.60 440.90
438.06 440.40
436.06 414.43
463.53 405.94
439.56 373.97
447.05 355.49
470.03 350.99
504.49 334.51
499.50 305.54
531.96 358.48
351.64 464.38
321.67 466.88
329.67 496.85
421.57 403.44
514.48 295.05
525.47 279.06
514.48 265.08
506.49 254.59
517.98 244.10
531.47 241.60
541.95 238.60
550.45 236.11
561.44 235.61
573.92 235.11
587.41 225.12
595.90 225.12
603.39 231.11
567.43 196.65
613.88 214.13
621.38 209.63
616.88 198.14
613.38 185.16
590.41 192.65
640.36 181.66
656.34 185.16
655.34 195.65
680.32 184.66
471.52 316.53
457.54 326.02
521.48 335.51
524.97 319.52
528.47 312.03
491.50 288.05
480.52 288.55
478.02 276.57
485.01 273.07
476.52 265.08
492.50 248.09
485.01 232.11
509.99 232.11
520.98 221.62
533.46 225.62
552.44 224.12
539.96 218.12
542.95 205.64
564.93 218.12
572.92 211.63
511.98 202.14
524.97 210.13
530.47 214.63
544.45 200.14
346.65 410.93
383.61 386.46
409.59 369.47
414.58 335.51
438.56 332.01
419.08 307.53
425.57 295.05
443.55 300.54
455.04 286.56
442.55 266.08
431.56 255.59
437.56 241.60
464.03 248.09
463.53 220.62
422.57 280.06
402.09 295.05
391.60 304.54
381.61 318.52
370.13 348.49
353.14 353.99
346.65 373.97
329.17 391.45
333.16 398.94
303.69 375.97
283.71 399.44
288.71 344.50
296.20 330.51
288.21 315.53
314.18 314.03
311.19 288.05
333.66 292.05
322.17 287.55
356.14 271.57
361.14 292.05
367.63 279.56
383.61 282.06
399.60 259.58
411.09 228.11
386.11 231.11
359.14 232.61
361.14 252.09
293.70 282.06
480.52 219.62
483.51 191.15
461.04 197.14
468.53 214.63
442.55 204.14
428.07 218.62
271.97 483.86
274.47 500.34
210.54 494.35
204.54 471.87
221.52 454.39
244.50 449.39
220.53 386.96
238.01 358.48
238.01 333.01
275.47 383.96
325.92 340.50
332.91 329.51
212.03 418.92
201.54 401.44
161.58 446.40
144.60 435.91
134.61 417.42
154.59 382.96
185.06 378.46
194.05 361.48
188.56 327.51
204.54 320.52
223.02 314.53
242.00 303.54
264.48 318.02
254.99 290.55
260.49 279.56
233.01 267.57
235.51 245.10
318.93 269.57
302.44 244.60
279.47 257.08
278.97 245.60
287.46 233.11
284.46 212.63
267.98 229.11
256.49 213.13
240.51 224.62
245.00 241.10
347.90 208.13
348.40 197.14
364.38 186.16
369.38 206.14
388.36 197.64
406.34 198.14
419.83 191.15
395.85 185.66
405.34 183.16
382.86 180.66
344.40 181.66
166.58 332.01
181.56 318.02
170.08 298.54
118.63 395.95
101.15 437.40
90.66 455.89
96.65 494.85
36.71 493.85
40.71 455.89
164.58 357.98
154.59 369.47
206.04 290.05
211.04 306.54
220.03 304.54
208.04 271.07
185.06 262.58
164.58 286.56
158.09 281.06
158.59 293.05
126.62 306.54
94.15 379.96
88.66 424.92
56.69 403.44
41.21 422.92
9.24 445.90
12.73 424.92
20.23 380.96
44.70 370.97
76.67 371.47
68.68 320.02
36.71 334.51
32.71 357.98
16.73 321.52
42.20 317.02
8.24 308.03
17.23 298.04
56.69 298.04
82.66 277.06
102.64 298.04
111.63 283.56
122.62 254.09
139.11 252.09
151.59 246.10
158.59 232.61
168.58 231.61
179.07 239.10
192.55 244.60
210.04 216.13
220.03 208.13
228.02 216.13
248.00 204.14
260.99 199.64
330.42 237.60
338.41 231.11
330.42 206.14
337.41 199.14
317.93 206.14
317.43 192.65
320.43 180.16
328.92 184.16
308.44 184.16
292.45 186.16
297.95 203.64
282.96 197.14
270.48 182.66
242.50 184.66
226.02 190.15
216.53 186.66
199.05 220.62
198.55 212.13
180.07 212.13
171.08 208.13
166.58 200.14
183.56 201.64
190.56 193.15
176.57 181.16
151.59 191.65
197.55 204.14
367.38 330.51
746.25 247.43
84.16 253.42
69.18 250.43
74.67 263.41
60.69 258.92
60.69 246.43
53.69 239.44
66.68 215.96
81.17 214.46
101.15 245.43
96.15 224.45
108.64 225.95
127.62 241.93
125.62 232.44
110.14 215.96
142.60 227.95
132.11 224.45
150.60 204.97
139.11 177.00
118.63 174.50
127.62 182.49
127.12 192.98
109.64 198.48
111.14 185.49
118.63 191.48
81.66 182.49
63.68 197.48
79.17 188.99
64.68 183.99
54.19 182.49
30.72 194.48
33.21 221.95
14.23 221.45
22.72 204.47
12.73 196.48
17.23 182.49
25.22 171.00
9.24 164.01
0.25 165.01
17.23 154.52
46.70 157.02
48.20 164.51
30.72 165.51
36.71 171.50
33.21 152.52
76.17 168.01
63.18 168.01
73.67 159.02
68.18 147.03
158.59 169.01
146.60 157.02
152.59 150.52
162.08 143.53
170.58 157.02
196.05 163.51
224.02 180.00
229.52 173.00
233.01 162.51
229.02 156.52
238.51 152.52
248.00 156.52
260.49 166.51
273.97 157.52
287.96 151.52
289.96 160.51
298.45 167.01
300.45 154.52
309.44 145.03
311.44 135.54
300.95 136.04
293.95 142.03
288.46 133.04
276.47 128.55
292.45 118.06
270.98 116.06
247.50 122.55
258.49 116.06
241.01 137.54
250.50 131.54
229.52 132.54
218.53 136.04
212.03 140.04
216.53 152.02
201.54 144.53
201.54 139.04
203.54 129.55
215.53 126.55
210.04 116.56
222.52 115.06
241.01 112.56
237.01 102.07
336.41 172.50
340.41 164.51
356.89 172.00
363.38 155.02
357.39 158.02
382.36 155.52
403.84 166.51
414.83 168.51
432.81 180.50
444.80 183.49
454.79 177.50
460.29 184.49
481.76 174.50
464.28 170.01
438.31 159.52
442.30 133.04
424.82 138.54
413.33 133.54
425.82 123.05
457.79 132.54
484.26 143.53
486.76 133.54
98.65 162.51
112.13 160.51
122.12 160.51
111.63 137.54
103.14 141.53
102.64 128.55
114.63 124.05
125.62 132.04
136.61 144.53
173.57 142.53
182.06 144.53
190.06 155.52
189.06 136.54
174.57 128.05
177.07 119.06
198.55 114.06
207.04 99.58
197.05 94.08
187.06 98.58
248.50 102.57
1.25 147.53
15.73 145.53
25.72 136.54
30.22 127.55
40.71 125.05
41.70 135.54
50.20 142.53
57.19 148.53
56.69 132.04
61.68 135.54
70.68 122.05
52.69 114.56
23.22 77.10
34.21 64.61
52.69 51.62
12.73 51.62
10.24 47.13
5.24 61.11
7.74 81.09
93.65 171.50
99.15 186.49
162.08 125.55
163.58 114.56
158.59 108.07
175.07 102.57
166.58 88.59
145.10 102.07
128.12 108.57
136.61 111.06
118.63 92.58
129.62 85.59
130.12 77.10
128.62 63.11
152.09 57.12
393.85 128.55
406.34 116.56
390.86 114.56
372.37 125.55
374.37 133.04
376.37 146.53
356.39 134.54
360.39 117.06
345.40 117.56
334.41 124.55
327.42 126.05
335.41 142.53
329.92 98.58
378.37 99.08
410.34 104.57
418.83 98.58
458.29 154.52
463.78 126.05
471.28 115.56
450.30 116.56
477.27 102.07
466.28 105.07
464.78 97.58
470.28 90.58
476.27 80.10
488.26 90.09
487.76 77.10
465.28 76.60
466.78 71.60
448.30 68.61
450.30 75.10
436.31 96.58
426.32 80.59
418.83 79.60
414.83 88.59
400.35 94.08
390.36 95.08
396.35 104.57
405.84 83.09
394.35 78.60
360.39 101.07
360.39 85.59
352.39 96.08
322.42 87.59
314.43 89.59
315.93 116.06
334.41 110.56
300.45 106.57
290.46 102.57
294.45 94.58
297.95 81.59
291.46 87.59
306.94 74.60
292.45 73.60
286.96 62.61
275.97 84.59
258.49 84.09
261.49 90.58
266.48 100.57
276.47 102.57
262.48 67.11
248.50 78.60
251.00 87.09
242.50 72.60
683.31 163.51
669.83 171.50
670.33 159.52
680.82 144.03
668.33 145.03
657.34 141.53
636.36 144.53
642.35 152.52
625.87 141.03
634.36 131.54
607.39 159.52
610.39 150.52
596.40 151.52
594.40 157.52
592.90 142.53
582.41 164.51
614.38 175.50
606.39 173.00
594.40 178.00
564.43 180.99
555.94 169.01
548.95 143.03
538.46 132.54
528.47 129.05
575.42 127.55
590.41 122.05
604.39 125.05
602.39 117.56
619.88 93.58
613.38 102.07
620.38 128.55
640.36 122.05
648.35 113.56
634.36 117.56
626.37 117.06
601.40 98.58
608.89 75.10
602.39 82.59
590.91 81.59
586.41 87.59
583.41 104.07
592.40 103.57
564.93 117.06
565.43 125.05
564.43 139.54
570.93 137.54
576.42 147.53
578.42 159.52
508.49 185.49
522.47 173.50
514.48 160.51
524.47 149.53
540.46 147.03
518.98 141.03
499.00 168.01
500.50 183.49
503.99 139.04
495.00 143.03
512.98 137.54
512.48 130.54
506.99 122.55
514.48 119.56
527.97 120.55
526.47 114.06
531.47 113.06
539.96 117.56
550.95 108.07
537.46 101.57
532.46 90.58
522.47 99.08
516.48 94.08
508.49 95.58
502.99 101.57
502.99 113.56
487.01 122.55
504.99 83.59
509.99 79.60
508.49 63.11
527.97 76.60
550.45 75.10
553.44 62.11
562.43 54.62
577.42 67.61
584.41 61.11
593.90 56.12
612.88 55.62
597.90 69.11
615.88 63.61
639.36 51.62
633.36 58.62
631.86 50.62
652.34 42.13
648.85 51.62
646.85 35.64
642.85 35.14
641.85 25.65
638.36 20.65
617.38 33.64
622.37 31.64
620.38 47.63
616.38 42.63
625.87 36.64
604.39 44.13
608.89 33.64
588.41 43.13
593.90 31.64
566.43 35.64
556.94 46.63
564.93 47.63
576.42 23.65
560.94 19.66
543.95 35.64
545.95 21.65
535.96 59.62
538.46 50.13
526.97 49.63
530.97 39.64
520.98 35.64
523.47 29.15
530.47 26.65
520.48 56.12
508.49 54.12
502.49 50.62
510.99 39.64
506.99 36.14
510.49 31.14
378.62 71.10
382.61 78.60
374.12 88.59
367.63 95.08
494.00 71.60
489.51 59.12
482.51 54.62
478.52 63.61
452.54 49.63
469.03 50.13
478.52 47.63
493.00 23.65
484.51 21.15
490.51 30.15
452.04 29.15
446.55 25.15
436.56 32.64
440.06 42.13
438.56 37.14
428.07 29.65
425.57 39.64
416.08 41.13
420.58 46.13
410.09 43.63
410.09 28.65
417.58 29.65
388.11 57.12
397.60 60.12
398.10 53.62
418.08 61.11
424.57 67.61
424.57 54.62
441.55 56.62
437.06 67.11
464.03 61.11
397.10 70.60
377.12 60.12
370.13 65.11
358.14 73.60
342.65 61.11
330.67 56.12
346.15 52.12
332.66 45.63
328.67 40.14
340.66 34.64
352.14 31.14
355.14 35.14
362.63 26.65
366.63 31.64
369.13 47.63
366.63 39.14
373.12 38.64
378.62 42.63
378.62 32.64
396.60 28.15
402.59 29.65
400.60 44.13
394.10 40.63
388.61 27.15
390.61 35.14
460.54 39.14
464.53 27.65
452.54 17.16
433.06 20.16
423.57 18.16
414.58 21.15
398.60 15.66
392.60 15.66
375.62 15.66
378.12 23.15
371.13 22.15
383.61 19.16
368.13 16.66
358.14 14.66
354.14 23.65
344.15 27.15
345.15 16.16
341.16 11.66
327.67 23.65
324.67 15.66
317.68 15.16
313.68 39.64
322.17 31.64
329.67 83.09
317.18 69.61
327.17 65.11
302.69 60.61
298.70 49.13
276.72 56.62
289.21 54.62
282.71 49.13
267.73 49.63
270.23 65.61
262.23 47.63
258.24 59.62
252.74 49.63
243.25 57.12
239.76 53.62
221.77 54.12
216.28 51.62
226.77 42.63
225.77 79.10
232.76 79.60
220.78 91.08
213.28 87.59
224.27 87.09
227.27 101.57
219.78 103.07
205.29 80.10
194.30 77.60
201.79 67.11
211.78 67.61
178.82 80.59
188.81 89.59
169.83 80.10
173.82 65.61
180.32 75.10
186.31 70.60
190.81 55.62
176.82 52.62
151.84 72.10
158.84 74.10
152.34 88.09
104.89 62.11
108.89 74.10
102.89 77.60
119.88 118.56
112.88 111.56
102.89 115.06
266.73 36.14
282.71 39.64
300.70 37.64
292.70 32.64
312.68 23.65
306.69 31.14
305.19 16.66
289.21 15.16
290.71 25.65
270.23 19.66
262.73 19.66
243.75 23.65
236.26 16.16
232.76 10.66
258.74 10.66
191.55 26.98
182.56 32.98
178.07 20.99
178.57 11.00
197.05 20.99
217.03 13.00
222.52 7.50
205.54 20.99
23.72 31.98
20.23 37.47
14.73 30.98
1.74 34.47
7.74 32.98
64.68 14.99
83.66 13.50
98.65 14.99
105.64 16.99
120.13 11.00
130.12 18.99
128.62 9.00
160.59 12.50
169.58 10.50
166.58 17.49
152.59 9.00
56.69 14.99
51.69 18.49
45.20 14.49
32.21 18.99
522.90 17.45
608.56 2.51
623.50 3.51
600.59 3.51
599.59 17.45
571.70 9.48
691.22 1.51
679.27 2.51
258.96 2.51
306.77 4.50
408.36 6.50
420.31 2.51
426.29 4.50
436.25 5.50
455.17 3.51
469.12 2.51
472.10 6.50
484.06 5.50
478.08 15.46
560.75 9.48
617.52 16.46
681.26 586.67
