5.43 398.44
80.35 405.93
43.39 381.46
17.41 364.47
12.42 330.51
7.92 302.53
1.43 290.05
4.43 275.06
24.91 290.05
35.40 299.54
45.39 313.52
56.87 343.49
73.86 348.99
80.35 368.97
97.83 386.45
93.84 393.94
123.31 370.97
143.29 394.44
138.29 339.50
130.80 325.51
138.79 310.53
112.82 309.03
115.81 283.05
93.34 287.05
104.83 282.55
70.86 266.57
65.86 287.05
59.37 274.56
43.39 277.06
27.40 254.58
15.91 223.11
40.89 226.11
67.86 227.61
65.86 247.09
133.30 277.06
206.47 381.96
188.99 353.48
188.99 328.01
151.53 378.96
101.08 335.50
94.09 324.51
225.46 396.44
272.41 377.96
241.94 373.46
232.95 356.48
238.44 322.51
222.46 315.52
203.98 309.53
185.00 298.54
162.52 313.02
172.01 285.55
166.51 274.56
193.99 262.57
191.49 240.10
108.07 264.57
124.56 239.60
147.53 252.08
148.03 240.60
139.54 228.11
142.54 207.63
159.02 224.11
170.51 208.13
186.49 219.62
182.00 236.10
79.10 203.13
78.60 192.14
62.62 181.16
57.62 201.14
38.64 192.64
20.66 193.14
7.17 186.15
31.15 180.66
21.66 178.16
44.14 175.66
82.60 176.66
260.42 327.01
245.44 313.02
256.92 293.54
308.37 390.95
262.42 352.98
272.41 364.47
220.96 285.05
215.96 301.54
206.97 299.54
218.96 266.07
241.94 257.58
262.42 281.56
268.91 276.06
268.41 288.05
300.38 301.54
332.85 374.96
370.31 398.44
382.30 365.97
350.33 366.47
358.32 315.02
390.29 329.51
394.29 352.98
384.80 312.02
370.31 293.04
344.34 272.06
324.36 293.04
315.37 278.56
304.38 249.09
287.89 247.09
275.41 241.10
268.41 227.61
258.42 226.61
247.93 234.10
234.45 239.60
216.96 211.13
206.97 203.13
198.98 211.13
179.00 199.14
166.01 194.64
96.58 232.60
88.59 226.11
96.58 201.14
89.59 194.14
109.07 201.14
109.57 187.65
106.57 175.16
98.08 179.16
118.56 179.16
134.55 181.16
129.05 198.64
144.04 192.14
156.52 177.66
184.50 179.66
200.98 185.15
210.47 181.66
227.95 215.62
228.45 207.13
246.93 207.13
255.92 203.13
260.42 195.14
243.44 196.64
236.44 188.15
250.43 176.16
275.41 186.65
229.45 199.14
59.62 325.51
342.84 248.42
357.82 245.43
352.33 258.41
366.31 253.92
366.31 241.43
373.31 234.44
360.32 210.96
345.83 209.46
325.85 240.43
330.85 219.45
318.36 220.95
299.38 236.93
301.38 227.44
316.86 210.96
284.40 222.95
294.89 219.45
276.40 199.97
287.89 172.00
308.37 169.50
299.38 177.49
299.88 187.98
317.36 193.48
315.86 180.49
308.37 186.48
345.34 177.49
363.32 192.48
347.83 183.99
362.32 178.99
372.81 177.49
396.28 189.48
393.79 216.95
404.28 199.47
401.78 166.00
380.30 152.02
378.80 159.51
396.28 160.51
390.29 166.50
393.79 147.52
350.83 163.01
363.82 163.01
353.33 154.02
358.82 142.03
268.41 164.01
280.40 152.02
274.41 145.52
264.92 138.53
256.42 152.02
230.95 158.51
202.98 175.00
197.48 168.00
193.99 157.51
197.98 151.52
188.49 147.52
179.00 151.52
166.51 161.51
153.03 152.52
139.04 146.52
137.04 155.51
128.55 162.01
126.55 149.52
117.56 140.03
115.56 130.54
126.05 131.04
133.05 137.03
138.54 128.04
150.53 123.55
134.55 113.06
156.02 111.06
179.50 117.55
168.51 111.06
185.99 132.54
176.50 126.54
197.48 127.54
208.47 131.04
214.97 135.04
210.47 147.02
225.46 139.53
225.46 134.04
223.46 124.55
211.47 121.55
216.96 111.56
204.48 110.06
185.99 107.56
189.99 97.07
90.59 167.50
86.59 159.51
70.11 167.00
63.62 150.02
69.61 153.02
44.64 150.52
23.16 161.51
12.17 163.51
2.18 133.54
13.67 128.54
1.18 118.05
328.35 157.51
314.87 155.51
304.88 155.51
315.37 132.54
323.86 136.53
324.36 123.55
312.37 119.05
301.38 127.04
290.39 139.53
253.43 137.53
244.94 139.53
236.94 150.52
237.94 131.54
252.43 123.05
249.93 114.06
228.45 109.06
219.96 94.58
229.95 89.08
239.94 93.58
178.50 97.57
401.28 131.54
396.78 122.55
386.29 120.05
385.30 130.54
376.80 137.53
369.81 143.53
370.31 127.04
365.32 130.54
356.32 117.05
374.31 109.56
403.78 72.10
392.79 59.61
374.31 46.62
333.35 166.50
327.85 181.49
264.92 120.55
263.42 109.56
268.41 103.07
251.93 97.57
260.42 83.59
281.90 97.07
298.88 103.57
290.39 106.06
308.37 87.58
297.38 80.59
296.88 72.10
298.38 58.11
274.91 52.12
33.15 123.55
20.66 111.56
36.14 109.56
54.63 120.55
52.63 128.04
50.63 141.53
70.61 129.54
66.61 112.06
81.60 112.56
92.59 119.55
99.58 121.05
91.59 137.53
97.08 93.58
48.63 94.08
16.66 99.57
8.17 93.58
0.68 75.59
8.17 74.60
12.17 83.59
26.65 89.08
36.64 90.08
30.65 99.57
21.16 78.09
32.65 73.60
66.61 96.07
66.61 80.59
74.61 91.08
104.58 82.59
112.57 84.59
111.07 111.06
92.59 105.56
126.55 101.57
136.54 97.57
132.55 89.58
129.05 76.59
135.54 82.59
120.06 69.60
134.55 68.60
140.04 57.61
151.03 79.59
168.51 79.09
165.51 85.58
160.52 95.57
150.53 97.57
164.52 62.11
178.50 73.60
176.00 82.09
184.50 67.60
48.38 66.10
44.39 73.60
52.88 83.59
59.37 90.08
1.43 34.64
10.92 36.13
6.42 41.13
16.91 38.63
16.91 23.65
9.42 24.65
38.89 52.12
29.40 55.12
28.90 48.62
8.92 56.11
2.43 62.61
2.43 49.62
29.90 65.60
49.88 55.12
56.87 60.11
68.86 68.60
84.35 56.11
96.33 51.12
80.85 47.12
94.34 40.63
98.33 35.14
86.34 29.64
74.86 26.14
71.86 30.14
64.37 21.65
60.37 26.64
57.87 42.63
60.37 34.14
53.88 33.64
48.38 37.63
48.38 27.64
30.40 23.15
24.41 24.65
26.40 39.13
32.90 35.63
38.39 22.15
36.39 30.14
3.43 13.16
12.42 16.15
28.40 10.66
34.40 10.66
51.38 10.66
48.88 18.15
55.87 17.15
43.39 14.16
58.87 11.66
68.86 9.66
72.86 18.65
82.85 22.15
81.85 11.16
85.84 6.66
99.33 18.65
102.33 10.66
109.32 10.16
113.32 34.64
104.83 26.64
97.33 78.09
109.82 64.61
99.83 60.11
124.31 55.61
128.30 44.13
150.28 51.62
137.79 49.62
144.29 44.13
159.27 44.63
156.77 60.61
164.77 42.63
168.76 54.62
174.26 44.63
183.75 52.12
187.24 48.62
205.23 49.12
210.72 46.62
200.23 37.63
201.23 74.10
194.24 74.60
206.22 86.08
213.72 82.59
202.73 82.09
199.73 96.57
207.22 98.07
221.71 75.10
232.70 72.60
225.21 62.11
215.22 62.61
248.18 75.59
238.19 84.59
257.17 75.10
253.18 60.61
246.68 70.10
240.69 65.60
236.19 50.62
250.18 47.62
275.16 67.10
268.16 69.10
274.66 83.09
322.11 57.11
318.11 69.10
324.11 72.60
307.12 113.56
314.12 106.56
324.11 110.06
160.27 31.14
144.29 34.64
126.30 32.64
134.30 27.64
114.32 18.65
120.31 26.14
121.81 11.66
137.79 10.16
136.29 20.65
156.77 14.66
164.27 14.66
183.25 18.65
190.74 11.16
194.24 5.66
168.26 5.66
235.45 21.98
244.44 27.98
248.93 15.99
248.43 6.00
229.95 15.99
209.97 8.00
204.48 2.50
221.46 15.99
403.28 26.98
362.32 9.99
343.34 8.50
328.35 9.99
321.36 11.99
306.87 6.00
296.88 13.99
298.38 4.00
266.41 7.50
257.42 5.50
260.42 12.49
274.41 4.00
370.31 9.99
375.31 13.49
381.80 9.49
394.79 13.99
18.64 1.50
