938.45 348.91
949.94 335.92
946.44 298.96
975.41 300.96
957.43 280.98
986.90 269.49
981.41 237.02
996.89 236.02
991.90 218.04
977.91 165.09
987.40 174.08
983.90 198.06
951.44 208.05
961.43 204.55
935.45 187.57
952.44 197.56
946.94 169.09
948.94 221.53
966.42 255.00
907.98 316.94
895.49 349.91
873.02 330.43
892.50 322.43
870.52 378.38
991.40 389.87
809.58 388.87
799.59 370.89
791.60 354.90
830.06 354.40
828.06 328.43
855.53 319.94
831.56 287.97
839.05 269.49
862.03 264.99
896.49 248.51
891.50 219.54
923.96 272.48
743.64 378.38
713.67 380.88
813.57 317.44
906.48 209.05
917.47 193.06
906.48 179.08
898.49 168.59
909.98 158.10
923.47 155.60
933.95 152.60
942.45 150.11
953.44 149.61
965.92 149.11
979.41 139.12
987.90 139.12
995.39 145.11
959.43 110.65
982.41 106.65
863.52 230.53
849.54 240.02
913.48 249.51
916.97 233.52
920.47 226.03
883.50 202.05
872.52 202.55
870.02 190.57
877.01 187.07
868.52 179.08
884.50 162.09
877.01 146.11
901.99 146.11
912.98 135.62
925.46 139.62
944.44 138.12
931.96 132.12
934.95 119.64
956.93 132.12
964.92 125.63
903.98 116.14
916.97 124.13
922.47 128.63
936.45 114.14
738.65 324.93
775.61 300.46
801.59 283.47
806.58 249.51
830.56 246.01
811.08 221.53
817.57 209.05
835.55 214.54
847.04 200.56
834.55 180.08
823.56 169.59
829.56 155.60
856.03 162.09
855.53 134.62
814.57 194.06
794.09 209.05
783.60 218.54
773.61 232.52
762.13 262.49
745.14 267.99
738.65 287.97
721.17 305.45
725.16 312.94
695.69 289.97
675.71 313.44
680.71 258.50
688.20 244.51
680.21 229.53
706.18 228.03
703.19 202.05
725.66 206.05
714.17 201.55
748.14 185.57
753.14 206.05
759.63 193.56
775.61 196.06
791.60 173.58
803.09 142.11
778.11 145.11
751.14 146.61
753.14 166.09
685.70 196.06
872.52 133.62
875.51 105.15
853.04 111.14
860.53 128.63
834.55 118.14
820.07 132.62
663.97 397.86
596.54 385.87
613.52 368.39
636.50 363.39
612.53 300.96
630.01 272.48
630.01 247.01
667.47 297.96
717.92 254.50
724.91 243.51
604.03 332.92
593.54 315.44
596.54 234.52
615.02 228.53
634.00 217.54
656.48 232.02
646.99 204.55
652.49 193.56
625.01 181.57
627.51 159.10
710.93 183.57
694.44 158.60
671.47 171.08
670.97 159.60
679.46 147.11
676.46 126.63
659.98 143.11
648.49 127.13
632.51 138.62
637.00 155.10
739.90 122.13
740.40 111.14
756.38 100.16
761.38 120.14
780.36 111.64
798.34 112.14
811.83 105.15
787.85 99.66
797.34 97.16
774.86 94.66
736.40 95.66
598.04 204.05
603.04 220.54
612.03 218.54
600.04 185.07
602.04 130.13
612.03 122.13
620.02 130.13
640.00 118.14
652.99 113.64
722.42 151.60
730.41 145.11
722.42 120.14
729.41 113.14
709.93 120.14
709.43 106.65
712.43 94.16
720.92 98.16
700.44 98.16
684.45 100.16
689.95 117.64
674.96 111.14
662.48 96.66
634.50 98.66
618.02 104.15
608.53 100.66
591.05 134.62
759.38 244.51
616.02 94.00
621.52 87.00
625.01 76.51
621.02 70.52
630.51 66.52
640.00 70.52
652.49 80.51
665.97 71.52
679.96 65.52
681.96 74.51
690.45 81.01
692.45 68.52
701.44 59.03
703.44 49.54
692.95 50.04
685.95 56.03
680.46 47.04
668.47 42.55
684.45 32.06
662.98 30.06
639.50 36.55
650.49 30.06
633.01 51.54
642.50 45.54
621.52 46.54
610.53 50.04
604.03 54.04
608.53 66.02
593.54 58.53
593.54 53.04
595.54 43.55
607.53 40.55
602.04 30.56
614.52 29.06
633.01 26.56
629.01 16.07
728.41 86.50
732.41 78.51
748.89 86.00
755.38 69.02
749.39 72.02
774.36 69.52
795.84 80.51
806.83 82.51
824.81 94.50
836.80 97.49
846.79 91.50
852.29 98.49
873.76 88.50
856.28 84.01
830.31 73.52
834.30 47.04
816.82 52.54
805.33 47.54
817.82 37.05
849.79 46.54
876.26 57.53
878.76 47.54
599.04 13.58
640.50 16.57
785.85 42.55
798.34 30.56
782.86 28.56
764.37 39.55
766.37 47.04
768.37 60.53
748.39 48.54
752.39 31.06
737.40 31.56
726.41 38.55
719.42 40.05
727.41 56.53
721.92 12.58
770.37 13.08
802.34 18.57
810.83 12.58
850.29 68.52
855.78 40.05
863.28 29.56
842.30 30.56
869.27 16.07
858.28 19.07
856.78 11.58
862.28 4.58
880.26 4.09
828.31 10.58
806.83 2.59
792.35 8.08
782.36 9.08
788.35 18.57
752.39 15.07
744.39 10.08
714.42 1.59
706.43 3.59
707.93 30.06
726.41 24.56
692.45 20.57
682.46 16.57
686.45 8.58
683.46 1.59
653.49 4.58
658.48 14.57
668.47 16.57
643.00 1.09
988.40 65.52
986.40 71.52
984.90 56.53
974.41 78.51
986.40 92.00
956.43 94.99
947.94 83.01
940.95 57.03
930.46 46.54
920.47 43.05
967.42 41.55
982.41 36.05
996.39 39.05
994.39 31.56
993.40 12.58
978.41 1.59
975.41 18.07
984.40 17.57
956.93 31.06
957.43 39.05
956.43 53.54
962.93 51.54
968.42 61.53
970.42 73.52
900.49 99.49
914.47 87.50
906.48 74.51
916.47 63.53
932.46 61.03
910.98 55.03
891.00 82.01
892.50 97.49
895.99 53.04
887.00 57.03
904.98 51.54
904.48 44.54
898.99 36.55
906.48 33.56
919.97 34.55
918.47 28.06
923.47 27.06
931.96 31.56
942.95 22.07
929.46 15.57
924.46 4.58
914.47 13.08
908.48 8.08
900.49 9.58
894.99 15.57
894.99 27.56
879.01 36.55
766.12 2.59
759.63 9.08
612.78 5.08
605.28 1.59
616.27 1.09
619.27 15.57
611.78 17.07
