12.02 361.94
24.51 394.91
46.98 375.43
27.50 367.43
128.40 399.90
89.94 399.40
91.94 373.43
64.47 364.94
88.44 332.97
80.95 314.49
57.97 309.99
23.51 293.51
28.50 264.54
106.43 362.44
13.52 254.05
2.53 238.06
13.52 224.08
21.51 213.59
10.02 203.10
56.48 275.53
70.46 285.02
6.52 294.51
3.03 278.52
36.50 247.05
47.48 247.55
49.98 235.57
42.99 232.07
51.48 224.08
35.50 207.09
42.99 191.11
18.01 191.11
7.02 180.62
16.02 161.14
3.03 169.13
181.35 369.93
144.39 345.46
118.41 328.47
113.42 294.51
89.44 291.01
108.92 266.53
102.43 254.05
84.45 259.54
72.96 245.56
85.45 225.08
96.44 214.59
90.44 200.60
63.97 207.09
64.47 179.62
105.43 239.06
125.91 254.05
136.40 263.54
146.39 277.52
157.87 307.49
174.86 312.99
181.35 332.97
198.83 350.45
194.84 357.94
224.31 334.97
244.29 358.44
239.29 303.50
231.80 289.51
239.79 274.53
213.82 273.03
216.81 247.05
194.34 251.05
205.83 246.55
171.86 230.57
166.86 251.05
160.37 238.56
144.39 241.06
128.40 218.58
116.91 187.11
141.89 190.11
168.86 191.61
166.86 211.09
234.30 241.06
47.48 178.62
44.49 150.15
66.96 156.14
59.47 173.63
85.45 163.14
99.93 177.62
307.47 345.96
289.99 317.48
289.99 292.01
252.53 342.96
202.08 299.50
195.09 288.51
315.97 377.92
326.46 360.44
366.42 405.40
383.40 394.91
393.39 376.42
373.41 341.96
342.94 337.46
333.95 320.48
339.44 286.51
323.46 279.52
304.98 273.53
286.00 262.54
263.52 277.02
273.01 249.55
267.51 238.56
294.99 226.57
292.49 204.10
209.07 228.57
225.56 203.60
248.53 216.08
249.03 204.60
240.54 192.11
243.54 171.63
260.02 188.11
271.51 172.13
287.49 183.62
283.00 200.10
180.10 167.13
179.60 156.14
163.62 145.16
158.62 165.14
139.64 156.64
121.66 157.14
108.17 150.15
132.15 144.66
122.66 142.16
145.14 139.66
183.60 140.66
361.42 291.01
346.44 277.02
357.92 257.54
363.42 316.98
373.41 328.47
321.96 249.05
316.96 265.54
307.97 263.54
319.96 230.07
342.94 221.58
363.42 245.56
369.91 240.06
369.41 252.05
401.38 265.54
405.38 213.09
388.89 211.09
376.41 205.10
369.41 191.61
359.42 190.61
348.93 198.10
335.45 203.60
317.96 175.13
307.97 167.13
299.98 175.13
280.00 163.14
267.01 158.64
197.58 196.60
189.59 190.11
197.58 165.14
190.59 158.14
210.07 165.14
210.57 151.65
207.57 139.16
199.08 143.16
219.56 143.16
235.55 145.16
230.05 162.64
245.04 156.14
257.52 141.66
285.50 143.66
301.98 149.15
311.47 145.66
328.95 179.62
329.45 171.13
347.93 171.13
356.92 167.13
361.42 159.14
344.44 160.64
337.44 152.15
351.43 140.16
376.41 150.65
330.45 163.14
160.62 289.51
400.38 200.93
402.38 191.44
385.40 186.95
395.89 183.45
377.40 163.97
388.89 136.00
400.38 141.49
400.88 151.98
369.41 128.01
381.40 116.02
375.41 109.52
365.92 102.53
357.42 116.02
331.95 122.51
303.98 139.00
298.48 132.00
294.99 121.51
298.98 115.52
289.49 111.52
280.00 115.52
267.51 125.51
254.03 116.52
240.04 110.52
238.04 119.51
229.55 126.01
227.55 113.52
218.56 104.03
216.56 94.54
227.05 95.04
234.05 101.03
239.54 92.04
251.53 87.55
235.55 77.06
257.02 75.06
280.50 81.55
269.51 75.06
286.99 96.54
277.50 90.54
298.48 91.54
309.47 95.04
315.97 99.04
311.47 111.02
326.46 103.53
326.46 98.04
324.46 88.55
312.47 85.55
317.96 75.56
305.48 74.06
286.99 71.56
290.99 61.07
191.59 131.50
187.59 123.51
171.11 131.00
164.62 114.02
170.61 117.02
145.64 114.52
124.16 125.51
113.17 127.51
95.19 139.50
83.20 142.49
73.21 136.50
67.71 143.49
46.24 133.50
63.72 129.01
89.69 118.52
85.70 92.04
103.18 97.54
114.67 92.54
102.18 82.05
70.21 91.54
43.74 102.53
41.24 92.54
405.88 119.51
402.38 91.04
391.39 103.53
354.43 101.53
345.94 103.53
337.94 114.52
338.94 95.54
353.43 87.05
350.93 78.06
329.45 73.06
320.96 58.58
330.95 53.08
340.94 57.58
279.50 61.57
365.92 84.55
364.42 73.56
369.41 67.07
352.93 61.57
361.42 47.59
382.90 61.07
399.88 67.57
391.39 70.06
398.38 44.59
397.88 36.10
399.38 22.11
375.91 16.12
134.15 87.55
121.66 75.56
137.14 73.56
155.63 84.55
153.63 92.04
151.63 105.53
171.61 93.54
167.61 76.06
182.60 76.56
193.59 83.55
200.58 85.05
192.59 101.53
198.08 57.58
149.63 58.08
117.66 63.57
109.17 57.58
69.71 113.52
64.22 85.05
56.72 74.56
77.70 75.56
50.73 61.07
61.72 64.07
63.22 56.58
57.72 49.58
51.73 39.10
39.74 49.09
40.24 36.10
62.72 35.60
61.22 30.60
79.70 27.61
77.70 34.10
91.69 55.58
101.68 39.59
109.17 38.60
113.17 47.59
127.65 53.08
137.64 54.08
131.65 63.57
122.16 42.09
133.65 37.60
167.61 60.07
167.61 44.59
175.61 55.08
205.58 46.59
213.57 48.59
212.07 75.06
193.59 69.56
227.55 65.57
237.54 61.57
233.55 53.58
230.05 40.59
236.54 46.59
221.06 33.60
235.55 32.60
241.04 21.61
252.03 43.59
269.51 43.09
266.51 49.58
261.52 59.57
251.53 61.57
265.52 26.11
279.50 37.60
277.00 46.09
285.50 31.60
19.51 144.49
5.53 132.50
13.52 119.51
3.53 108.53
9.02 100.03
29.00 127.01
27.50 142.49
24.01 98.04
33.00 102.03
15.02 96.54
15.52 89.54
21.01 81.55
13.52 78.56
0.03 79.55
1.53 73.06
5.53 58.08
11.52 53.08
19.51 54.58
25.01 60.57
25.01 72.56
40.99 81.55
23.01 42.59
18.01 38.60
19.51 22.11
0.03 35.60
1.03 8.63
7.52 15.12
19.51 13.12
25.51 9.62
149.38 30.10
145.39 37.60
153.88 47.59
160.37 54.08
34.00 30.60
38.49 18.12
45.49 13.62
49.48 22.61
75.46 8.63
58.97 9.13
49.48 6.63
87.94 1.13
111.92 0.13
107.42 5.13
117.91 2.63
139.89 16.12
130.40 19.12
129.90 12.62
109.92 20.11
103.43 26.61
103.43 13.62
86.45 15.62
90.94 26.11
63.97 20.11
130.90 29.60
150.88 19.12
157.87 24.11
169.86 32.60
185.35 20.11
197.33 15.12
181.85 11.12
195.34 4.63
158.87 6.63
149.38 1.63
127.40 3.13
198.33 42.09
210.82 28.61
200.83 24.11
225.31 19.61
229.30 8.13
251.28 15.62
238.79 13.62
245.29 8.13
260.27 8.63
257.77 24.61
265.77 6.63
269.76 18.62
275.26 8.63
284.75 16.12
288.24 12.62
306.23 13.12
311.72 10.62
301.23 1.63
302.23 38.10
295.24 38.60
307.22 50.08
314.72 46.59
303.73 46.09
300.73 60.57
308.22 62.07
322.71 39.10
333.70 36.60
326.21 26.11
316.22 26.61
349.18 39.59
339.19 48.59
358.17 39.10
354.18 24.61
347.68 34.10
341.69 29.60
337.19 14.62
351.18 11.62
376.16 31.10
369.16 33.10
375.66 47.09
