10.57 560.56
35.92 552.11
15.43 483.39
46.59 507.16
6.45 445.36
2.23 311.74
12.79 366.14
17.54 413.14
34.97 394.66
40.78 414.73
54.51 413.67
48.71 444.31
70.36 444.31
86.20 487.61
87.79 479.69
93.07 463.32
131.10 476.00
143.25 466.49
147.47 481.80
142.72 573.70
155.39 552.05
181.80 538.32
199.76 528.81
237.79 573.18
245.71 562.61
226.69 501.87
223.00 443.25
150.64 391.49
173.88 393.60
134.80 386.21
145.89 378.29
84.09 377.23
100.99 373.53
64.02 342.90
55.57 321.77
34.97 300.65
15.96 281.10
2.23 280.58
49.23 290.61
90.96 320.19
103.11 357.69
117.89 323.36
158.03 334.98
147.47 312.27
119.48 273.18
184.44 330.22
195.01 339.20
184.97 308.04
222.47 296.95
214.02 290.61
239.37 289.03
246.24 295.36
249.93 361.91
9.62 81.25
33.39 79.14
27.58 59.07
24.94 41.11
43.42 58.02
92.01 74.92
118.42 32.66
150.64 2.56
178.10 4.67
18.60 145.16
5.40 200.09
21.24 201.68
54.51 171.04
81.45 165.76
64.02 195.34
78.28 224.39
78.28 185.83
95.71 210.65
112.08 206.43
102.05 155.73
132.15 150.44
136.91 161.01
118.42 244.46
145.36 232.84
140.08 216.99
145.89 171.04
155.92 203.26
154.87 152.03
167.01 171.04
163.84 51.15
149.06 81.25
170.71 80.73
174.41 90.23
183.91 47.45
200.29 35.30
205.04 49.57
223.00 63.83
211.91 103.97
226.69 115.06
239.37 62.24
230.92 38.47
240.43 11.01
197.12 127.73
185.50 108.72
167.01 115.06
151.17 114.00
175.46 130.90
188.14 154.67
212.43 189.53
210.85 206.43
202.40 222.80
183.39 227.03
219.83 233.36
229.86 242.87
246.24 253.43
249.93 243.93
246.24 211.18
144.30 265.58
254.69 227.03
256.69 398.94
264.09 400.53
263.03 354.05
301.59 349.82
294.19 469.19
269.90 459.15
293.66 482.92
256.16 518.83
251.94 531.51
268.31 530.45
321.66 480.28
355.99 468.13
334.33 556.33
371.30 563.73
387.15 564.26
395.07 544.19
403.52 513.03
429.93 539.43
436.79 479.22
436.79 467.08
455.81 470.24
455.28 431.16
333.80 315.49
362.32 277.99
387.15 277.47
402.99 275.35
429.93 329.23
438.91 341.37
449.47 365.14
467.43 361.97
473.24 367.78
463.73 325.53
452.64 317.08
479.05 317.61
485.91 333.98
508.10 345.60
496.48 442.78
462.15 507.22
456.34 537.85
472.71 522.00
480.10 543.13
485.91 569.54
505.98 550.00
521.83 564.26
536.62 567.43
538.73 548.94
532.39 491.37
545.60 464.43
529.22 411.62
542.43 401.58
526.05 384.15
549.29 347.71
520.77 328.17
523.94 314.44
499.65 298.06
508.10 293.84
537.67 300.71
551.41 326.58
544.54 281.16
450.00 264.26
491.20 266.37
470.07 261.62
562.39 562.61
572.42 552.05
587.21 569.48
566.61 506.63
586.16 481.28
580.35 440.08
566.09 425.82
557.11 415.78
557.11 388.85
561.86 361.38
580.87 332.34
562.92 311.74
554.99 301.17
579.82 290.61
589.85 370.36
579.82 401.00
578.76 379.34
530.28 579.57
429.93 573.24
339.09 586.97
555.63 261.62
539.79 257.40
527.11 251.06
504.93 247.89
490.14 248.95
442.60 239.44
420.42 251.06
415.14 236.27
587.21 247.63
575.59 250.27
552.35 247.63
568.73 221.22
591.97 182.13
547.60 209.07
535.45 192.17
524.89 174.74
516.97 210.13
509.57 222.27
493.20 211.18
485.81 224.39
473.66 210.65
443.02 209.07
415.56 218.58
419.26 200.09
443.02 164.70
453.06 185.83
375.42 252.91
360.63 237.06
360.63 212.24
332.64 208.01
314.68 202.20
298.84 210.65
295.67 201.15
301.48 189.53
275.60 230.72
257.64 225.97
317.85 174.74
345.84 181.61
355.35 155.73
370.67 122.45
388.10 125.62
397.60 127.20
393.38 148.33
490.03 127.20
499.54 123.51
551.30 108.72
535.45 163.65
555.52 160.48
568.20 152.56
572.95 164.18
563.97 144.11
581.40 130.37
583.52 71.22
512.21 0.97
505.88 11.54
486.86 21.04
468.38 9.95
457.81 36.36
451.48 59.60
430.88 72.28
401.30 74.39
345.84 71.22
321.02 89.18
279.82 72.80
314.68 41.11
343.73 55.90
369.08 46.92
378.59 46.92
384.40 18.40
370.67 12.59
358.52 11.01
359.58 19.46
343.73 7.84
335.81 30.55
303.59 18.40
316.27 0.97
279.30 11.54
285.11 12.59
257.11 23.69
370.77 307.04
85.57 591.19
477.47 92.54
420.43 351.61
581.82 279.11
