16.81 516.36
27.37 537.49
37.94 539.60
27.37 494.18
49.56 486.78
68.57 482.56
93.92 474.11
4.77 361.55
38.57 370.53
46.49 425.99
73.43 405.39
104.59 429.16
64.45 367.36
57.59 356.27
60.23 233.74
70.79 288.14
75.54 335.14
92.97 316.66
98.78 336.73
112.51 335.67
106.71 366.31
128.36 366.31
144.20 409.61
145.79 401.69
151.07 385.32
189.10 398.00
201.25 388.49
205.47 403.80
200.72 495.70
213.39 474.05
239.80 460.32
257.76 450.81
295.79 495.18
303.71 484.61
284.69 423.87
281.00 365.25
208.64 313.49
231.88 315.60
192.80 308.21
203.89 300.29
142.09 299.23
158.99 295.53
122.02 264.90
113.57 243.77
92.97 222.65
73.96 203.10
60.23 202.58
107.23 212.61
148.96 242.19
161.11 279.69
175.89 245.36
216.03 256.98
205.47 234.27
177.48 195.18
242.44 252.22
253.01 261.20
242.97 230.04
280.47 218.95
272.02 212.61
297.37 211.03
304.24 217.36
307.93 283.91
67.62 3.25
91.39 1.14
1.60 83.01
0.02 124.20
17.45 107.30
29.07 69.27
48.61 69.80
76.60 67.16
36.46 146.39
23.78 147.44
63.40 122.09
79.24 123.68
112.51 93.04
139.45 87.76
122.02 117.34
136.28 146.39
136.28 107.83
153.71 132.65
170.08 128.43
160.05 77.73
190.15 72.44
194.91 83.01
176.42 166.46
203.36 154.84
198.08 138.99
203.89 93.04
213.92 125.26
212.87 74.03
225.01 93.04
207.06 3.25
228.71 2.73
232.41 12.23
269.91 25.97
284.69 37.06
255.12 49.73
243.50 30.72
225.01 37.06
209.17 36.00
233.46 52.90
246.14 76.67
270.43 111.53
268.85 128.43
260.40 144.80
241.39 149.03
277.83 155.36
287.86 164.87
304.24 175.43
307.93 165.93
304.24 133.18
202.30 187.58
312.69 149.03
314.69 320.94
322.09 322.53
321.03 276.05
359.59 271.82
352.19 391.19
327.90 381.15
351.66 404.92
314.16 440.83
309.94 453.51
326.31 452.45
379.66 402.28
413.99 390.13
392.33 478.33
429.30 485.73
445.15 486.26
453.07 466.19
461.52 435.03
487.93 461.43
494.79 401.22
494.79 389.08
513.81 392.24
513.28 353.16
391.80 237.49
420.32 199.99
445.15 199.47
460.99 197.35
487.93 251.23
496.91 263.37
507.47 287.14
525.43 283.97
531.24 289.78
521.73 247.53
510.64 239.08
537.05 239.61
543.91 255.98
566.10 267.60
554.48 364.78
520.15 429.22
514.34 459.85
530.71 444.00
538.10 465.13
543.91 491.54
563.98 472.00
579.83 486.26
590.39 413.37
587.22 333.62
584.05 306.15
578.77 250.17
581.94 236.44
557.65 220.06
566.10 215.84
508.00 186.26
549.20 188.37
528.07 183.62
588.28 501.57
487.93 495.24
397.09 508.97
413.99 525.87
459.41 526.92
462.58 539.60
475.25 526.92
506.94 514.25
519.62 514.25
585.11 173.06
562.93 169.89
548.14 170.95
500.60 161.44
478.42 173.06
473.14 158.27
582.89 96.74
574.97 132.13
567.57 144.27
551.20 133.18
543.81 146.39
531.66 132.65
501.02 131.07
473.56 140.58
477.26 122.09
501.02 86.70
511.06 107.83
433.42 174.91
418.63 159.06
418.63 134.24
390.64 130.01
372.68 124.20
356.84 132.65
353.67 123.15
359.48 111.53
333.60 152.72
315.64 147.97
375.85 96.74
403.84 103.61
413.35 77.73
428.67 44.45
446.10 47.62
455.60 49.20
451.38 70.33
548.03 49.20
557.54 45.51
379.02 11.18
428.77 229.04
143.57 513.19
42.66 575.59
57.05 552.13
67.71 588.38
85.30 569.73
113.02 588.92
129.01 546.80
232.43 588.92
247.35 581.45
371.02 559.06
392.88 538.27
391.81 527.08
475.63 547.34
531.07 573.46
507.62 554.80
575.32 559.06
535.47 14.54
478.43 273.61
