2.09 298.53
1.03 252.05
39.59 247.82
32.19 367.19
7.90 357.15
31.66 380.92
6.31 428.45
59.66 378.28
93.99 366.13
72.33 454.33
109.30 461.73
125.15 462.26
133.07 442.19
141.52 411.03
167.93 437.43
174.79 377.22
174.79 365.08
193.81 368.24
193.28 329.16
71.80 213.49
100.32 175.99
125.15 175.47
140.99 173.35
167.93 227.23
176.91 239.37
187.47 263.14
205.43 259.97
211.24 265.78
201.73 223.53
190.64 215.08
217.05 215.61
223.91 231.98
246.10 243.60
234.48 340.78
200.15 405.22
194.34 435.85
210.71 420.00
218.10 441.13
223.91 467.54
243.98 448.00
259.83 462.26
274.62 465.43
276.73 446.94
270.39 389.37
283.60 362.43
267.22 309.62
280.43 299.58
264.05 282.15
287.29 245.71
258.77 226.17
261.94 212.44
237.65 196.06
246.10 191.84
275.67 198.71
289.41 224.58
282.54 179.16
188.00 162.26
229.20 164.37
208.07 159.62
300.39 460.61
310.42 450.05
325.21 467.48
335.25 454.28
304.61 404.63
324.16 379.28
352.15 393.54
341.06 366.07
377.50 377.16
318.35 338.08
304.09 323.82
295.11 313.78
295.11 286.85
299.86 259.38
318.87 230.34
300.92 209.74
292.99 199.17
317.82 188.61
345.28 233.50
345.28 253.05
327.85 268.36
333.66 296.36
317.82 299.00
316.76 277.34
358.49 273.12
363.24 254.10
373.27 236.67
382.25 259.91
371.16 290.55
378.56 292.66
379.61 280.51
379.08 310.09
351.62 329.10
381.20 206.04
268.28 477.57
167.93 471.24
77.09 484.97
93.99 501.87
139.41 502.92
142.58 515.60
155.25 502.92
186.94 490.25
199.62 490.25
311.59 497.64
391.87 497.64
397.15 337.08
293.63 159.62
277.79 155.40
265.11 149.06
242.93 145.89
228.14 146.95
180.60 137.44
158.42 149.06
153.14 134.27
389.76 162.79
325.21 145.63
313.59 148.27
290.35 145.63
306.73 119.22
329.97 80.13
356.37 72.74
334.19 127.14
334.19 112.35
355.85 130.84
349.51 139.29
371.69 149.85
377.50 148.27
285.60 107.07
273.45 90.17
262.89 72.74
254.97 108.13
247.57 120.27
231.20 109.18
223.81 122.39
211.66 108.65
181.02 107.07
153.56 116.58
157.26 98.09
181.02 62.70
191.06 83.83
113.42 150.91
98.63 135.06
98.63 110.24
70.64 106.01
52.68 100.20
36.84 108.65
33.67 99.15
39.48 87.53
13.60 128.72
55.85 72.74
83.84 79.61
93.35 53.73
108.67 20.45
126.10 23.62
135.60 25.20
131.38 46.33
228.03 25.20
237.54 21.51
289.30 6.72
273.45 61.65
293.52 58.48
306.20 50.56
310.95 62.18
301.97 42.11
319.40 28.37
351.62 22.56
108.77 205.04
16.91 591.57
37.16 579.84
81.41 586.24
51.02 535.06
72.88 514.27
71.81 503.08
155.63 523.34
173.23 588.90
211.07 549.46
187.62 530.80
255.32 535.06
290.50 548.92
305.96 547.86
340.61 530.27
391.25 539.86
412.57 544.66
383.79 585.17
436.56 588.90
495.20 541.46
506.92 545.19
519.72 540.93
517.58 520.14
515.99 532.93
543.17 522.80
554.37 556.39
566.63 543.59
584.75 571.85
570.36 576.64
591.15 524.94
550.10 504.68
552.23 515.34
538.91 497.75
530.91 488.15
513.85 458.84
503.72 454.57
452.55 434.85
438.69 446.58
437.09 411.93
461.61 417.26
467.48 413.53
461.61 351.69
455.22 340.50
415.24 337.83
410.97 302.12
428.56 295.72
461.61 308.51
468.01 294.12
484.00 297.85
495.20 307.98
492.53 327.17
509.06 322.90
515.99 344.23
506.92 343.69
507.99 354.89
526.11 359.15
507.46 383.67
485.07 374.61
550.10 374.61
544.77 343.16
546.90 328.24
554.37 309.58
575.69 349.03
577.29 439.65
553.30 448.17
544.77 452.97
535.18 467.90
551.70 479.09
526.11 448.17
511.72 443.91
525.05 438.05
542.11 439.11
514.39 298.92
550.63 297.32
569.29 300.52
583.15 292.52
413.77 275.73
398.31 252.27
411.63 253.34
439.35 268.80
402.04 218.69
415.37 219.22
413.23 200.57
420.16 195.24
415.90 161.12
407.90 159.52
429.23 121.67
447.35 147.26
454.81 153.66
453.75 195.24
459.08 205.90
458.01 236.28
451.08 265.60
472.40 267.73
486.80 246.94
501.72 256.01
481.47 285.86
526.78 262.40
520.91 244.28
505.99 229.89
494.26 219.76
487.86 206.96
472.40 212.29
548.10 253.87
556.63 285.32
576.35 272.53
562.49 241.61
566.22 229.89
583.28 234.68
565.69 210.16
530.51 208.56
542.23 171.78
580.08 144.06
548.10 104.08
587.55 110.48
443.62 45.98
470.80 44.38
487.86 64.10
500.12 75.83
469.74 20.39
505.45 14.53
531.57 42.78
558.23 77.96
549.70 31.59
533.71 21.99
530.51 7.60
561.43 24.66
158.43 249.61
319.82 177.11
