599.77 132.42
597.23 109.64
597.23 102.68
584.58 91.92
588.37 113.44
586.47 126.09
567.49 146.98
571.28 136.85
575.08 165.97
587.74 171.66
597.87 162.17
590.91 181.16
592.17 198.88
594.07 214.70
596.60 236.85
578.25 236.85
567.49 257.11
580.15 261.54
580.78 279.89
588.37 297.61
578.25 312.17
432.04 179.89
445.34 174.83
571.92 179.26
569.39 188.12
564.96 202.04
552.93 188.12
558.63 173.56
562.42 160.27
552.93 154.58
542.17 144.45
549.77 133.69
559.89 126.09
568.12 122.30
568.75 115.34
557.99 115.34
548.50 115.97
570.02 300.15
557.99 282.42
552.30 268.50
534.58 260.27
528.88 275.46
503.56 280.53
519.39 308.37
523.82 315.97
538.37 293.18
547.23 309.64
461.79 310.91
475.08 288.75
465.59 268.50
448.50 261.54
439.01 281.79
419.39 295.72
395.34 313.44
375.72 318.50
369.39 291.28
392.17 279.26
403.56 284.32
416.85 273.56
420.65 246.98
440.91 246.98
422.55 232.42
443.44 221.03
441.54 205.84
485.21 164.70
493.44 171.66
495.97 151.41
512.42 146.98
523.18 136.22
523.18 120.40
518.12 126.73
507.36 126.09
525.72 44.45
330.15 238.75
336.47 251.41
353.56 236.85
352.93 217.23
355.46 208.37
344.70 196.98
349.13 176.73
356.73 166.60
375.08 152.68
290.27 142.55
287.11 126.09
306.73 131.79
311.16 142.55
349.13 129.26
333.94 142.55
333.94 155.84
314.96 179.26
315.59 192.55
313.69 166.60
321.28 205.84
321.28 219.13
299.77 216.60
305.46 231.16
306.09 246.98
305.46 268.50
293.44 281.16
291.54 300.15
280.78 265.97
289.01 251.41
280.15 192.55
295.97 209.01
290.91 171.03
311.16 317.87
314.96 298.88
326.35 291.28
330.15 267.87
371.28 235.59
395.97 248.25
401.66 231.16
409.89 207.74
404.20 183.69
411.79 169.13
409.89 157.11
397.23 152.68
404.83 142.55
426.35 151.41
440.27 149.51
460.53 157.11
463.06 169.13
475.72 177.99
500.40 193.82
514.32 183.69
529.51 173.56
542.17 167.87
483.31 204.58
491.54 213.44
487.11 223.56
518.75 210.27
521.28 200.15
522.55 224.20
532.04 222.30
543.44 232.42
558.63 226.73
575.72 215.34
509.89 257.74
514.32 252.68
525.08 246.98
482.68 259.01
495.34 237.49
465.59 203.31
470.02 215.34
464.32 244.45
380.78 264.70
378.88 250.15
355.46 259.01
353.56 276.73
352.30 297.61
379.51 215.97
381.41 193.82
384.58 183.69
390.27 167.23
395.97 192.55
464.32 133.69
459.26 120.40
461.16 104.58
476.98 118.50
476.98 131.16
483.31 140.02
494.70 138.12
431.41 129.26
431.41 122.93
432.68 109.01
414.96 112.17
397.87 116.60
383.31 134.96
372.55 119.77
587.74 9.01
587.74 31.16
598.50 62.80
589.01 58.37
581.41 63.44
583.31 72.30
594.07 72.93
566.85 84.96
559.26 78.63
557.36 68.50
564.96 71.03
566.85 62.80
557.99 56.47
544.70 66.60
539.01 66.60
546.60 75.46
544.70 84.96
539.64 98.88
557.36 106.47
562.42 96.35
480.78 54.58
482.68 40.02
487.74 24.83
501.03 23.56
515.59 13.44
517.49 4.58
524.45 6.47
531.41 14.07
525.72 23.56
548.50 29.89
550.40 40.65
537.74 40.02
542.17 2.68
548.50 9.01
494.07 2.04
487.11 5.21
473.82 9.64
459.26 15.34
461.79 36.85
451.66 36.22
449.77 24.83
445.34 55.21
433.94 41.28
423.82 29.89
418.12 15.97
418.12 2.04
440.91 4.58
449.77 7.11
286.47 54.58
324.45 51.41
314.96 48.88
301.03 59.64
349.13 46.98
334.58 38.75
356.73 18.50
373.82 33.69
371.28 44.45
406.09 45.08
406.73 33.69
395.34 31.16
397.87 21.03
385.84 20.40
397.23 10.27
433.31 31.16
431.41 12.17
397.23 0.15
316.68 27.42
309.50 13.41
322.15 0.42
354.97 0.42
280.45 7.59
297.54 8.28
290.36 23.32
297.20 34.26
488.06 48.88
506.41 66.60
510.84 53.31
505.78 37.49
321.60 124.83
555.79 243.60
577.97 190.85
568.98 26.62
578.57 41.60
571.38 39.80
574.37 12.23
565.98 14.63
558.79 5.64
543.80 105.74
532.42 112.33
530.02 145.30
536.01 127.32
542.61 204.64
540.21 191.45
517.43 283.76
476.07 222.62
474.27 19.42
471.28 27.82
411.34 22.42
404.74 54.19
372.38 59.58
426.32 214.23
351.40 153.09
360.99 147.10
348.40 13.43
364.58 13.43
375.97 4.44
332.22 14.03
334.61 5.04
307.04 85.96
310.64 76.37
