25.18 386.89
20.75 367.91
38.47 359.04
14.42 346.39
35.31 343.22
34.04 329.30
6.20 316.01
28.35 295.75
20.75 293.85
35.31 283.09
28.98 267.91
16.32 264.74
37.21 252.72
13.16 241.96
25.82 224.23
46.70 229.30
47.34 242.59
39.74 214.74
6.20 230.56
8.09 212.84
4.93 201.45
15.69 201.45
43.54 201.45
33.41 191.96
39.74 178.03
28.35 175.50
30.25 166.01
8.09 172.34
16.32 162.21
27.08 153.35
40.37 148.28
31.51 142.59
4.30 144.49
27.08 130.56
47.34 138.16
47.34 126.77
39.11 117.27
24.55 121.07
7.46 124.87
14.42 108.41
32.15 107.78
27.08 95.12
11.26 95.12
10.63 88.16
48.60 101.45
42.27 93.22
35.94 84.36
31.51 72.97
49.87 74.87
44.80 62.21
28.35 61.58
24.55 59.04
13.16 45.75
37.21 48.92
40.37 41.32
38.47 33.73
30.88 33.09
19.49 33.73
18.22 19.17
6.83 22.34
35.94 14.74
37.84 9.04
42.91 5.88
45.44 19.17
56.83 391.32
67.59 375.50
84.04 388.16
99.87 385.63
91.01 360.94
66.32 345.75
65.06 327.40
79.61 328.03
93.54 323.60
93.54 309.68
74.55 303.98
53.66 318.54
44.80 293.85
65.06 289.42
54.30 272.97
44.17 260.31
71.39 254.61
86.58 280.56
99.87 298.28
106.83 278.03
96.70 263.47
89.74 249.55
70.75 236.89
74.55 226.13
78.98 210.94
64.42 200.82
68.22 173.60
80.25 181.83
81.51 195.12
89.11 200.82
94.80 197.65
99.23 222.97
112.53 205.25
57.46 166.01
73.28 160.31
87.84 164.74
87.84 152.72
78.98 139.42
63.16 147.02
61.89 137.53
56.83 117.91
68.85 114.74
63.79 99.55
54.30 85.63
64.42 83.73
75.18 85.63
65.06 74.87
59.36 55.88
65.06 47.02
75.82 52.72
77.08 41.32
68.85 32.46
58.73 42.59
59.99 17.27
62.53 4.61
75.18 3.98
73.28 12.84
86.58 19.17
97.97 7.15
106.20 17.27
99.87 21.70
90.37 29.30
106.83 38.16
109.36 59.04
95.44 48.92
94.17 66.01
106.20 70.44
113.79 68.54
99.23 84.36
89.74 93.85
97.97 105.88
106.20 104.61
113.79 88.16
125.82 90.69
130.25 105.88
109.99 129.30
118.22 132.46
129.61 135.63
123.28 143.85
117.59 155.25
101.13 138.16
94.17 129.30
91.64 119.17
80.88 112.84
80.25 104.61
141.01 146.39
134.68 157.15
116.96 166.01
103.03 157.15
103.03 174.87
118.85 174.87
110.63 193.22
130.25 199.55
149.23 189.42
141.01 175.50
130.88 168.54
151.77 166.64
151.77 159.68
164.42 148.92
160.63 170.44
162.53 183.09
181.51 203.98
177.72 193.85
173.92 222.97
161.26 228.66
151.13 219.17
146.70 228.66
158.09 238.16
123.28 217.27
121.39 231.83
128.35 241.96
135.31 248.28
156.83 255.88
154.93 271.70
139.11 262.84
123.92 269.17
116.96 253.98
152.40 293.85
170.75 293.85
181.51 314.11
168.85 318.54
127.08 305.25
117.59 283.73
126.45 290.06
141.64 283.73
135.94 328.03
141.64 334.99
168.22 336.89
160.63 354.61
147.97 375.50
125.18 356.51
116.32 340.69
111.89 321.70
99.23 343.22
108.09 367.91
132.15 375.50
139.74 392.59
151.77 391.96
170.75 369.17
316.96 236.89
303.66 231.83
177.08 236.26
179.61 245.12
184.04 259.04
196.07 245.12
190.37 230.56
186.58 217.27
196.07 211.58
206.83 201.45
199.23 190.69
189.11 183.09
180.88 179.30
180.25 172.34
191.01 172.34
200.50 172.97
178.98 357.15
191.01 339.42
196.70 325.50
214.42 317.27
220.12 332.46
245.44 337.53
229.61 365.37
225.18 372.97
208.73 383.73
210.63 350.18
201.77 366.64
263.16 379.30
244.80 392.59
291.64 387.53
287.21 367.91
273.92 345.75
283.41 325.50
300.50 318.54
309.99 338.79
329.61 352.72
325.82 379.30
313.16 393.85
353.03 393.85
353.66 370.44
373.28 375.50
379.61 348.28
356.83 336.26
345.44 341.32
332.15 330.56
328.35 303.98
308.09 303.98
326.45 289.42
305.56 278.03
307.46 262.84
263.79 221.70
255.56 228.66
253.03 208.41
236.58 203.98
225.82 193.22
225.82 177.40
230.88 183.73
241.64 183.09
223.28 101.45
418.85 295.75
412.53 308.41
395.44 293.85
396.07 274.23
393.54 265.37
404.30 253.98
399.87 233.73
392.27 223.60
373.92 209.68
623.92 193.85
550.50 198.28
559.36 214.74
578.35 209.68
589.11 217.27
592.91 215.37
591.01 190.69
589.11 250.18
573.92 250.18
577.72 257.15
584.04 281.83
551.13 290.69
541.64 254.61
527.72 276.13
519.49 250.82
528.35 245.12
508.73 226.13
498.60 219.80
497.34 232.46
475.82 219.17
482.15 212.84
473.92 191.96
458.73 199.55
461.89 183.09
442.27 188.79
437.84 199.55
399.87 186.26
415.06 199.55
415.06 212.84
434.04 236.26
433.41 249.55
435.31 223.60
427.72 262.84
427.72 276.13
449.23 273.60
443.54 288.16
442.91 303.98
443.54 325.50
455.56 338.16
457.46 357.15
461.89 378.66
479.61 345.12
468.22 322.97
459.99 308.41
479.61 264.11
468.85 249.55
453.03 266.01
458.09 228.03
471.39 239.42
499.23 276.13
493.54 292.59
501.13 314.11
507.46 302.72
513.79 316.01
527.08 298.92
514.42 341.96
504.93 366.01
533.41 371.07
543.54 343.85
562.53 336.89
544.80 322.97
571.39 316.01
575.18 356.51
596.07 336.26
591.64 166.64
577.72 173.60
437.84 374.87
434.04 355.88
422.65 348.28
418.85 324.87
377.72 292.59
353.03 305.25
347.34 288.16
339.11 264.74
344.80 240.69
337.21 226.13
339.11 214.11
351.77 209.68
344.17 199.55
322.65 208.41
308.73 206.51
288.47 214.11
285.94 226.13
273.28 234.99
248.60 250.82
234.68 240.69
219.49 230.56
206.83 224.87
265.69 261.58
257.46 270.44
261.89 280.56
230.25 267.27
227.72 257.15
226.45 281.20
216.96 279.30
205.56 289.42
190.37 283.73
173.28 272.34
239.11 314.74
234.68 309.68
223.92 303.98
266.32 316.01
253.66 294.49
283.41 260.31
278.98 272.34
284.68 301.45
368.22 321.70
370.12 307.15
393.54 316.01
395.44 333.73
396.70 354.61
408.09 386.26
369.49 272.97
367.59 250.82
364.42 240.69
358.73 224.23
353.03 249.55
284.68 190.69
289.74 177.40
287.84 161.58
272.02 175.50
272.02 188.16
265.69 197.02
254.30 195.12
317.59 186.26
317.59 179.93
316.32 166.01
334.04 169.17
351.13 173.60
365.69 191.96
376.45 176.77
508.09 202.72
491.01 179.30
500.50 168.54
520.12 164.11
120.12 53.35
123.92 41.32
128.98 22.34
113.79 19.17
139.74 10.31
146.07 21.70
147.34 38.16
131.51 57.78
144.17 63.47
147.34 54.61
143.54 84.99
137.84 79.30
121.39 77.40
161.26 66.01
161.26 88.16
147.97 97.65
139.74 102.08
150.50 119.80
159.99 115.37
167.59 120.44
165.69 129.30
154.93 129.93
132.78 123.60
182.15 141.96
189.74 135.63
191.64 125.50
184.04 128.03
182.15 119.80
191.01 113.47
204.30 123.60
209.99 123.60
202.40 132.46
204.30 141.96
209.36 155.88
191.64 163.47
186.58 153.35
268.22 111.58
266.32 97.02
261.26 81.83
247.97 80.56
233.41 70.44
231.51 61.58
224.55 63.47
217.59 71.07
223.28 80.56
200.50 86.89
198.60 97.65
211.26 97.02
206.83 59.68
200.50 66.01
197.34 52.72
204.30 47.02
216.96 47.02
209.99 32.46
213.16 14.74
203.03 12.84
182.78 34.99
173.28 34.99
172.65 50.18
159.36 36.89
158.09 10.31
170.75 5.88
177.08 12.84
181.51 17.27
194.80 5.88
228.35 26.77
234.68 12.84
237.21 28.03
241.64 32.46
246.70 40.06
237.21 43.85
230.25 37.53
240.37 55.88
254.93 59.04
261.89 62.21
269.49 55.88
275.18 66.64
289.74 72.34
287.21 93.85
297.34 93.22
299.23 81.83
303.66 112.21
315.06 98.28
325.18 86.89
330.88 72.97
330.88 59.04
327.08 48.28
308.09 61.58
299.23 64.11
308.09 48.28
295.44 43.85
285.31 47.02
280.88 53.35
272.65 30.56
261.26 35.63
278.35 7.15
299.87 10.94
582.78 152.72
595.44 140.06
582.15 120.44
566.96 123.60
566.32 143.85
558.09 138.16
536.58 128.03
514.42 129.93
511.89 139.42
511.89 150.18
508.09 159.04
492.27 145.75
497.34 136.89
493.54 124.87
482.15 117.27
469.49 162.21
480.88 150.82
484.04 128.03
462.53 111.58
424.55 108.41
434.04 105.88
447.97 116.64
399.87 103.98
414.42 95.75
392.27 75.50
375.18 90.69
377.72 101.45
342.91 102.08
342.27 90.69
353.66 88.16
351.13 78.03
363.16 77.40
351.77 67.27
315.69 88.16
317.59 69.17
351.77 57.15
361.26 54.61
369.49 48.92
366.32 41.32
352.40 39.42
341.01 32.46
337.84 21.70
325.82 28.03
319.49 36.89
309.36 35.63
304.93 28.66
301.13 23.60
282.78 26.13
267.59 16.01
253.66 14.74
263.16 10.31
337.84 6.51
350.50 17.27
363.79 16.01
374.55 14.74
320.75 17.27
316.32 8.41
482.78 97.02
432.32 84.42
439.50 70.41
426.85 57.42
420.70 51.60
408.05 47.84
411.81 38.61
423.77 32.12
422.75 12.98
410.44 11.27
401.55 27.68
390.96 36.56
393.69 22.55
394.03 57.42
378.99 55.36
485.30 21.86
489.41 11.27
468.89 36.56
455.22 45.45
468.55 64.59
451.46 65.28
458.64 80.32
451.80 91.26
477.44 89.89
489.75 78.95
497.95 68.01
513.33 57.42
522.22 53.66
526.32 45.45
523.25 28.70
520.85 21.52
526.32 8.87
514.36 10.93
497.27 12.98
561.53 99.12
582.73 82.71
592.64 92.28
590.93 67.67
585.46 55.36
586.83 37.25
576.23 49.21
565.29 42.03
551.96 36.22
582.73 19.13
587.85 5.80
569.39 8.53
566.66 21.52
560.51 17.76
554.01 4.77
517.09 87.84
518.80 76.56
501.03 103.91
529.40 111.08
543.42 99.80
552.99 87.50
562.56 78.95
571.45 73.48
551.62 72.80
540.00 67.67
532.48 62.54
548.88 56.05
529.06 89.89
511.62 117.58
496.24 52.97
491.11 36.56
443.26 15.71
454.88 26.31
441.21 30.07
453.85 3.41
260.94 105.88
242.59 123.60
238.16 110.31
243.22 94.49
538.16 172.34
540.69 162.21
568.54 164.11
545.75 120.44
554.61 110.31
427.40 181.83
13.39 8.09
7.39 159.14
31.97 244.26
9.19 393.51
102.10 235.27
112.89 6.89
137.46 8.69
108.69 117.78
182.42 380.32
189.01 394.11
193.21 300.60
171.03 247.85
180.02 83.62
170.43 98.60
177.62 96.80
174.63 69.23
183.02 71.63
184.22 5.10
191.41 24.88
190.21 62.64
205.20 162.74
216.58 169.33
218.98 202.30
212.99 184.32
206.39 261.64
208.79 248.45
231.57 340.76
272.93 279.62
274.73 76.42
277.72 84.82
298.70 3.90
310.09 5.10
362.24 5.69
389.81 3.90
407.19 5.10
337.66 79.42
344.26 111.19
376.62 116.58
322.68 271.23
397.60 210.09
388.01 204.10
400.60 70.43
384.42 70.43
373.03 61.44
389.81 45.26
437.76 5.10
425.18 3.30
416.78 71.03
414.39 62.04
432.97 45.85
444.96 53.65
441.96 142.96
438.36 133.37
471.93 276.62
570.23 392.91
525.87 217.28
529.47 209.49
527.07 196.90
533.67 152.55
552.25 142.96
555.84 156.14
561.24 166.93
580.42 104.60
562.44 57.24
539.06 31.47
540.26 17.68
541.46 6.29
