95.67 296.57
67.22 294.72
56.71 282.97
39.39 292.25
36.30 266.89
14.65 268.74
2.90 261.32
20.22 255.76
7.85 237.82
30.73 232.87
50.52 245.86
65.98 264.41
74.64 265.65
91.96 274.31
115.46 288.53
93.20 262.56
87.63 253.28
100.00 211.85
64.13 211.23
58.56 228.54
36.30 217.41
33.21 212.46
35.68 203.19
14.65 190.20
1.66 176.59
1.66 164.84
7.23 162.37
22.69 174.74
40.01 156.80
36.30 160.51
20.84 138.87
43.10 197.62
53.62 201.95
59.80 187.73
81.45 198.86
85.77 186.49
106.18 195.15
112.99 189.58
85.77 242.77
127.21 264.41
135.87 275.55
147.62 295.34
159.37 281.73
166.79 262.56
176.69 239.68
152.57 228.54
140.20 221.12
151.95 213.70
137.73 237.20
150.09 156.18
128.45 156.18
127.21 167.94
126.59 175.98
206.37 211.23
187.20 211.23
181.02 224.21
192.77 234.73
215.65 219.89
208.23 273.07
226.78 261.32
219.36 252.66
237.92 244.01
242.24 227.93
255.23 222.36
269.46 213.08
283.68 227.93
275.64 247.10
288.63 255.14
255.23 269.36
249.05 273.07
231.73 292.25
240.39 299.05
277.50 279.88
310.27 273.07
316.46 284.82
307.80 260.09
309.66 215.56
325.12 248.33
323.88 235.35
338.11 226.69
315.84 208.75
337.49 197.62
373.98 203.81
363.46 242.15
343.05 254.52
353.57 271.84
349.86 293.48
386.35 291.01
378.92 273.07
398.10 260.09
391.29 223.60
414.79 210.61
422.22 192.06
385.73 189.58
364.08 186.49
357.28 202.57
330.07 152.47
309.66 151.86
291.72 164.84
261.42 161.13
273.17 156.18
263.89 143.82
246.57 141.34
278.12 139.49
288.63 147.53
303.47 143.20
378.31 256.37
404.90 273.07
432.11 250.19
441.39 229.78
440.77 258.23
427.78 284.21
413.56 232.87
401.81 250.81
429.64 148.76
415.41 138.87
385.11 138.87
374.59 135.16
367.79 147.53
350.47 221.74
326.97 134.54
317.70 126.50
311.51 114.75
296.67 109.80
296.05 132.68
273.79 122.79
260.80 130.21
248.43 120.31
264.51 117.22
271.93 106.09
231.73 136.39
218.12 137.63
206.99 149.38
194.62 131.45
189.06 125.88
187.20 145.67
221.22 117.22
233.59 117.22
216.27 100.52
199.57 109.80
180.40 119.08
167.41 130.21
169.27 146.29
142.05 131.45
130.30 126.50
115.46 121.55
100.00 125.88
347.38 128.97
344.29 114.13
362.84 123.41
359.75 112.89
386.35 126.50
407.37 130.21
419.12 121.55
439.53 136.39
435.20 124.64
430.87 111.66
443.86 108.56
424.07 107.33
403.04 113.51
390.67 112.89
379.54 98.67
405.52 100.52
414.79 104.85
414.18 96.19
434.58 90.01
441.39 84.44
291.10 93.10
292.34 104.23
293.58 86.92
263.27 94.34
260.80 86.92
267.60 85.68
306.56 107.33
321.41 98.67
336.25 104.23
328.83 115.98
338.11 88.77
343.05 93.10
327.59 84.44
338.11 80.11
315.22 69.60
332.54 60.94
324.50 64.03
307.80 62.18
304.09 54.14
314.60 51.05
353.57 68.36
364.08 79.50
358.51 82.59
367.17 72.69
360.99 62.80
383.87 71.46
380.78 87.54
394.38 77.02
397.48 64.03
403.04 53.52
406.75 51.05
420.98 55.38
435.82 68.36
427.78 77.02
395.62 86.92
401.81 88.15
382.63 59.71
392.53 49.81
395.62 26.93
411.08 35.59
422.22 35.59
435.82 49.19
431.49 29.40
436.44 18.89
448.81 15.79
446.34 17.03
416.03 81.35
418.50 68.36
359.75 49.19
353.57 57.85
348.00 46.10
359.75 38.68
347.38 34.35
372.12 26.93
378.92 40.53
344.29 52.28
334.39 42.39
326.35 51.05
323.88 58.47
305.95 79.50
293.58 75.17
283.06 65.27
290.48 60.94
289.25 55.38
289.25 40.53
294.81 39.91
297.29 46.72
302.85 30.02
291.10 33.73
273.79 46.10
278.12 36.20
285.54 26.93
299.14 20.12
299.14 20.12
328.21 13.94
235.44 92.48
242.86 93.10
259.56 77.02
262.04 62.80
253.38 64.03
271.93 56.61
244.72 43.01
244.72 49.81
238.53 56.61
234.20 59.71
231.73 84.44
231.11 73.93
224.31 77.02
209.47 93.10
197.72 85.68
197.72 77.02
206.37 68.36
202.66 64.03
213.80 56.61
216.27 41.77
210.08 42.39
202.04 34.35
209.47 31.87
206.37 17.03
218.12 12.08
226.16 16.41
223.69 51.05
229.88 52.90
219.98 56.61
201.43 52.90
184.73 49.81
190.91 38.68
186.58 28.78
190.91 20.74
203.90 10.23
208.85 8.99
312.13 28.78
327.59 35.59
272.55 13.94
279.97 25.07
262.65 17.03
254.61 25.07
251.52 13.94
482.82 223.60
264.51 26.93
304.71 2.81
259.56 4.04
335.63 27.55
348.00 7.75
364.70 16.41
383.87 7.75
390.06 4.66
396.86 39.91
399.95 42.39
413.56 52.28
179.16 16.41
171.12 10.23
171.74 23.22
171.74 29.40
181.02 22.60
154.42 22.60
147.62 13.94
154.42 10.23
153.81 5.28
148.24 5.28
142.05 9.61
138.96 7.14
127.83 4.66
128.45 12.08
130.30 20.74
134.63 23.22
140.20 27.55
148.24 27.55
173.60 42.39
163.70 49.19
164.32 56.61
161.85 44.24
164.94 23.22
173.60 60.94
178.54 62.80
187.82 61.56
188.44 81.35
181.02 77.02
188.44 69.60
191.53 67.13
169.88 79.50
171.12 88.77
180.40 101.14
169.88 104.23
159.99 109.80
156.90 94.34
155.66 88.15
148.86 81.35
141.44 92.48
147.00 70.84
144.53 62.18
164.32 69.60
148.24 52.28
140.20 47.34
127.21 44.86
128.45 38.68
129.69 33.11
121.03 26.93
115.46 16.41
117.93 25.07
108.66 11.47
108.04 2.81
101.24 12.08
90.72 18.89
88.25 12.70
83.92 20.12
78.97 12.70
82.06 7.14
85.77 5.28
74.02 3.43
60.42 7.14
66.60 4.66
64.13 12.70
39.39 18.27
57.94 21.36
65.37 24.45
70.93 25.07
75.88 18.89
87.63 35.59
98.76 34.35
104.95 28.78
92.58 25.69
100.00 49.19
108.04 46.72
125.36 55.38
137.73 68.36
129.69 61.56
133.40 82.59
119.17 78.88
117.93 70.22
112.99 62.80
107.42 70.84
116.70 91.87
109.89 101.76
130.92 97.43
132.78 104.85
121.65 109.80
150.09 107.33
87.63 70.84
100.62 84.44
104.95 94.34
87.63 98.67
87.63 120.31
91.34 117.22
76.50 122.79
72.79 117.22
80.83 138.87
94.43 158.04
111.13 164.84
112.37 159.28
79.59 169.17
64.75 162.37
58.56 145.67
68.46 140.10
43.72 135.78
40.01 128.97
51.76 130.21
17.13 125.88
23.31 119.08
17.74 114.75
43.72 117.22
57.94 108.56
67.84 104.23
64.13 93.10
73.41 90.01
85.77 84.44
83.30 91.87
65.37 78.88
67.22 85.68
54.85 83.83
36.30 104.23
27.64 98.67
31.97 94.34
10.94 88.15
5.38 105.47
1.66 99.90
5.38 81.35
14.03 79.50
5.38 71.46
0.43 56.61
30.73 86.92
27.64 84.44
26.40 69.60
53.00 65.27
35.68 57.85
25.17 36.20
14.03 20.12
20.84 22.60
31.35 26.93
40.01 33.73
40.63 26.93
41.25 41.77
75.88 60.94
61.04 64.03
68.46 53.52
72.17 43.01
87.63 53.52
79.59 38.06
58.56 38.68
59.18 31.26
12.80 10.23
15.89 3.43
22.69 12.08
28.26 4.04
404.43 17.12
425.46 14.95
425.46 5.98
420.21 18.04
352.48 23.61
339.19 61.03
384.34 48.97
390.21 44.02
422.68 45.87
418.35 26.39
282.91 10.62
257.86 35.36
252.91 48.66
259.72 48.66
243.33 16.81
249.51 2.27
269.61 1.65
295.59 7.53
359.29 22.37
383.41 32.27
250.44 83.91
291.57 3.82
336.71 14.95
342.28 11.55
372.89 40.93
373.51 49.58
333.00 147.92
122.73 95.35
46.97 39.69
48.51 22.37
181.79 43.71
187.97 7.22
231.27 8.15
222.61 6.60
258.17 22.68
133.55 8.46
32.02 18.57
47.72 7.36
40.99 2.88
55.34 3.32
