20.65 191.49
4.19 179.09
8.47 131.51
1.26 116.41
1.26 101.75
28.31 96.56
32.36 38.30
56.76 16.34
60.55 51.04
28.30 56.19
20.17 56.73
75.19 74.62
72.75 107.69
73.02 142.12
43.48 144.56
34.26 153.23
91.77 0.45
82.90 54.76
117.45 58.10
134.59 39.51
153.91 39.14
132.77 74.88
153.55 98.94
159.75 77.43
156.10 122.27
153.91 138.68
134.59 118.63
123.65 100.03
94.12 113.52
98.49 104.41
112.71 94.20
36.14 131.75
44.53 111.70
38.33 121.18
90.47 140.87
123.29 136.13
115.99 123.37
142.25 158.74
147.71 177.70
118.91 157.28
155.74 202.12
146.62 220.72
130.94 203.58
139.69 246.24
111.98 222.18
111.62 181.71
98.13 202.12
83.54 203.58
79.17 218.17
62.76 222.18
68.96 200.30
91.20 180.61
76.62 152.17
63.85 183.16
42.34 200.30
37.60 225.82
47.08 246.61
41.98 239.68
23.38 240.77
21.19 224.73
144.96 14.86
174.88 15.97
192.61 15.97
215.89 23.73
239.16 25.94
265.76 0.45
293.46 2.67
21.73 313.30
53.41 312.69
83.88 313.30
72.91 333.40
47.32 330.66
23.86 332.49
84.18 369.05
73.82 366.92
50.97 360.21
31.17 364.48
9.85 362.35
17.16 449.17
56.76 458.31
61.03 449.78
91.80 448.56
89.06 479.02
90.27 432.41
56.76 428.76
82.96 407.43
45.80 402.56
54.02 384.89
28.43 448.56
16.85 429.37
5.89 404.69
22.64 380.62
83.57 385.19
17.82 290.92
10.71 266.23
44.39 291.30
69.08 282.69
84.43 277.45
122.59 261.74
99.77 287.56
125.96 293.92
159.27 295.04
119.60 314.12
117.36 334.33
110.99 359.40
146.54 335.45
139.81 357.91
128.21 380.36
142.80 399.82
121.85 415.53
148.04 422.27
14.18 510.15
39.43 507.23
66.31 503.99
98.05 500.43
210.10 36.15
230.59 35.36
264.21 41.14
267.10 35.36
301.25 20.66
331.46 18.82
327.78 30.64
369.28 16.98
411.57 15.14
387.40 39.30
362.19 32.48
347.74 60.32
341.44 68.99
326.99 59.27
304.66 55.06
296.26 60.32
269.47 55.06
241.89 54.54
216.93 59.79
195.66 80.54
182.26 98.67
181.74 118.89
185.15 142.01
199.60 158.82
211.16 140.96
204.06 126.25
211.94 102.61
226.92 77.92
238.47 99.45
238.47 115.21
238.73 138.33
233.74 158.82
261.59 158.55
260.27 143.32
267.89 122.04
271.83 98.67
253.18 80.02
276.82 76.87
294.94 37.99
307.55 95.51
294.68 120.21
287.85 139.64
290.48 163.28
313.86 166.96
355.62 161.18
374.27 173.26
412.09 155.14
416.56 132.29
390.55 142.27
376.37 141.48
341.96 145.68
336.97 118.37
373.74 95.78
379.52 117.05
400.27 115.21
406.58 97.35
419.45 77.92
391.61 76.08
406.84 61.11
386.35 58.74
316.22 139.12
174.58 180.60
174.58 158.61
209.02 181.43
235.58 181.43
189.93 203.84
182.88 225.83
178.31 250.32
194.49 270.65
186.61 290.16
209.02 290.99
223.54 268.99
230.18 246.17
201.96 225.83
220.64 205.50
245.12 208.82
238.90 224.17
258.40 247.00
257.99 268.16
265.87 293.06
238.07 288.91
284.13 270.65
291.60 249.90
315.67 267.33
301.56 286.42
331.44 253.22
338.08 223.76
317.33 222.51
295.34 222.10
303.64 201.76
322.72 202.18
316.92 181.84
285.38 186.41
264.63 182.67
275.83 210.48
267.95 228.32
434.04 13.84
472.90 11.43
501.34 15.04
520.57 16.24
528.98 29.06
485.32 29.46
443.66 40.28
424.83 40.28
433.24 55.90
462.48 53.50
497.34 52.29
520.97 56.30
458.08 76.73
480.51 75.53
483.31 93.96
429.64 97.96
432.84 117.99
476.91 117.99
467.69 122.80
435.64 162.86
446.46 136.02
397.19 179.28
393.58 192.90
401.99 190.10
360.73 194.50
352.72 194.91
438.85 214.94
424.43 246.58
452.07 243.78
467.69 242.58
474.90 242.98
496.53 218.94
485.32 220.14
487.32 196.51
494.53 180.08
508.55 159.65
537.39 120.40
533.39 158.45
531.79 179.68
508.15 202.12
515.36 228.15
518.57 242.58
530.58 218.14
545.41 220.54
544.20 201.31
456.47 222.95
359.75 245.57
407.58 263.24
382.60 278.17
348.78 261.42
321.06 310.46
292.12 309.24
267.14 305.28
277.50 336.05
311.62 337.27
273.23 354.94
265.31 363.47
286.64 388.45
311.62 394.24
330.20 374.13
355.79 367.74
360.36 355.85
388.39 333.92
405.14 288.83
425.25 263.55
447.79 259.28
472.77 263.24
489.83 276.34
516.95 282.44
519.99 269.64
478.56 308.33
458.15 289.14
437.13 280.61
437.74 306.20
425.25 339.71
409.71 346.41
401.79 353.72
404.84 379.01
371.33 378.70
383.82 381.14
420.37 378.70
441.09 356.46
458.15 331.79
479.17 329.66
503.85 329.05
507.20 314.12
522.73 306.20
521.21 334.83
511.77 354.94
531.87 354.33
535.53 375.05
504.45 376.27
477.65 381.44
451.45 385.10
172.75 312.75
199.13 306.86
231.96 313.88
244.03 333.80
212.88 333.80
180.32 332.12
188.18 359.34
170.22 367.20
169.38 396.67
177.24 401.72
190.15 385.44
175.83 430.07
183.41 448.87
157.59 459.54
204.74 430.07
217.09 379.55
212.60 366.08
112.69 446.63
233.65 364.39
258.91 360.18
246.00 392.18
269.85 428.66
295.39 432.59
317.00 416.88
354.89 434.56
334.40 395.27
333.00 449.43
301.85 454.48
321.21 466.27
290.98 368.57
403.87 421.27
390.15 410.05
365.51 398.51
373.62 423.46
366.14 457.45
382.66 442.17
412.60 449.96
437.23 422.21
421.95 407.86
439.42 400.69
473.41 405.68
470.60 422.52
457.50 457.45
124.98 475.72
123.60 499.13
131.17 508.76
184.53 485.70
173.51 479.51
199.33 477.10
212.41 485.36
239.26 497.40
248.55 476.75
267.49 496.37
266.11 485.36
287.45 472.62
294.34 492.93
355.95 476.75
362.84 543.53
389.34 479.85
539.30 426.17
518.07 451.76
514.80 428.89
526.23 403.84
497.92 487.16
528.41 487.16
475.59 483.89
482.13 453.40
499.01 398.40
444.01 482.25
419.51 475.72
177.47 36.57
178.12 62.71
342.60 179.01
