6.13 149.15
12.57 168.97
170.17 334.01
12.20 95.00
7.74 105.41
35.74 123.75
30.79 104.17
36.73 103.68
17.16 104.91
19.39 89.80
30.29 91.04
36.49 81.13
28.80 74.19
16.41 79.89
12.94 67.25
2.78 75.92
7.49 38.75
2.29 55.35
13.44 55.35
24.84 53.87
29.79 45.19
24.84 39.00
16.17 40.49
12.70 20.41
5.01 25.87
15.42 14.71
5.01 14.96
9.23 4.06
1.05 4.80
84.06 4.06
17.40 4.06
24.10 3.56
48.63 1.33
42.93 57.09
32.77 63.28
48.63 71.96
39.21 49.65
41.94 43.46
51.60 47.67
61.51 52.13
65.73 63.78
77.13 70.72
58.54 79.89
69.69 84.59
47.39 89.80
63.50 105.41
68.70 116.31
60.77 119.04
52.59 135.64
60.27 137.87
66.47 145.31
85.30 148.77
97.20 152.49
113.80 132.92
97.69 135.39
81.34 125.98
91.00 119.04
85.30 107.39
85.80 86.33
99.92 88.06
89.52 68.49
27.07 20.66
22.86 21.40
34.75 18.43
36.49 6.54
30.04 4.80
95.21 6.54
87.04 56.10
77.87 48.42
68.45 43.95
63.50 38.75
66.72 27.60
53.34 18.43
43.18 24.13
49.62 32.31
44.66 35.53
31.53 36.27
22.11 35.28
123.22 107.14
116.53 120.53
109.09 134.90
107.36 115.07
128.42 77.16
128.17 88.06
114.79 78.89
100.17 72.45
107.11 65.51
121.23 56.10
109.09 46.68
101.66 53.12
96.21 42.22
87.78 35.28
79.36 24.87
82.82 20.91
69.44 12.73
62.50 3.32
114.05 30.33
124.95 39.00
98.19 28.59
109.83 25.12
105.13 17.94
92.74 19.67
114.05 1.33
121.48 2.57
108.84 8.27
129.16 26.61
130.90 19.92
67.96 1.58
143.78 30.51
130.90 39.06
284.94 310.78
327.84 339.20
323.19 314.91
325.00 173.02
326.81 181.03
331.98 193.70
327.33 293.98
263.75 276.92
286.49 270.97
317.25 278.21
312.60 260.64
315.96 235.83
328.88 226.26
305.62 202.74
297.09 198.61
305.88 183.10
276.93 214.12
298.38 224.45
274.35 203.00
257.80 221.87
273.31 235.05
261.16 255.47
238.94 277.44
241.01 252.88
215.68 261.41
214.39 245.65
235.06 226.52
215.42 221.87
195.78 234.02
169.42 218.77
148.48 204.81
135.04 193.18
125.48 170.44
137.63 169.40
157.53 185.69
176.13 181.03
169.67 171.99
191.90 173.02
200.17 186.72
184.41 194.99
214.64 202.74
216.97 178.45
211.28 193.18
228.86 184.91
243.07 166.04
251.60 183.10
218.78 169.66
268.14 173.80
254.96 199.13
235.58 207.40
245.92 220.32
304.58 164.23
289.85 179.48
331.98 207.40
96.92 165.56
111.39 175.89
117.60 160.39
135.17 142.30
139.31 116.45
129.48 130.92
148.61 125.24
168.77 6.35
156.88 6.35
151.19 6.35
146.54 2.22
135.17 0.67
142.41 22.89
120.18 15.66
128.45 6.87
140.34 14.11
135.17 9.97
138.27 46.15
141.89 44.09
140.34 36.85
79.86 18.76
140.86 99.39
147.06 89.06
137.24 78.72
141.89 70.96
130.52 60.11
157.40 34.78
151.71 42.02
164.12 18.76
172.90 11.52
216.32 1.18
210.64 11.52
203.40 4.28
195.65 6.35
205.47 19.27
198.23 16.69
189.44 20.83
181.69 21.34
184.28 12.04
175.49 38.40
180.66 38.40
168.25 42.02
164.63 60.11
158.43 57.52
158.43 49.25
147.58 52.87
141.89 60.11
154.30 70.96
165.67 73.55
150.16 78.20
176.52 76.65
180.66 64.24
193.06 73.03
174.45 56.49
184.79 53.91
197.20 52.87
191.51 60.11
203.40 60.11
202.88 78.72
199.27 83.89
208.05 85.44
198.75 105.60
193.06 95.26
186.86 88.54
185.83 81.30
183.24 75.62
172.39 92.16
164.12 85.44
171.87 121.62
161.02 109.21
173.94 103.53
153.26 100.43
182.73 97.33
190.48 118.00
188.93 131.44
180.66 107.66
179.62 135.06
186.34 144.36
196.16 161.94
215.29 149.53
215.81 138.68
213.74 127.31
201.85 127.31
209.60 109.73
224.59 94.74
224.08 106.11
238.55 127.82
240.10 132.99
232.35 116.45
236.48 84.40
220.98 88.02
222.01 78.72
219.94 68.38
204.43 72.00
214.26 66.31
149.64 153.15
159.98 142.81
168.25 161.94
120.18 142.30
199.27 28.06
155.85 20.83
224.08 7.90
326.81 154.06
328.36 166.98
274.35 153.54
254.19 148.63
281.06 137.00
270.73 127.69
263.49 116.58
253.15 115.80
238.94 103.66
252.89 88.15
238.68 95.39
265.04 102.62
257.29 99.52
269.43 90.74
275.90 104.43
281.58 109.09
276.93 117.61
291.92 111.67
294.50 102.62
311.05 111.15
322.68 119.42
316.21 115.03
301.74 126.14
317.25 135.45
308.20 142.17
296.57 154.06
329.91 111.41
318.80 102.62
329.39 86.86
315.44 89.18
312.60 98.49
307.69 81.43
321.12 79.11
301.74 76.78
285.72 84.02
289.34 90.74
269.95 81.69
252.12 69.80
240.23 73.68
231.44 63.86
225.50 57.91
218.52 52.23
206.63 54.81
210.25 40.85
212.83 35.43
230.41 31.29
242.04 54.81
253.93 61.01
263.75 54.81
260.13 48.87
269.69 48.09
279.00 51.97
285.46 57.14
292.44 59.20
280.81 65.41
285.20 74.45
304.84 63.86
313.11 51.97
321.12 68.51
337.67 73.68
343.09 82.72
313.11 64.63
343.87 48.35
336.63 67.99
330.69 52.74
332.24 38.53
214.90 12.17
238.68 4.16
229.63 9.58
232.48 21.99
222.14 20.44
292.70 0.02
259.10 6.48
256.25 0.02
245.92 6.74
240.49 21.21
246.95 12.68
257.80 19.40
260.13 9.07
267.63 15.79
276.93 15.53
272.79 8.29
282.10 18.11
280.03 10.87
271.50 1.05
289.59 9.32
294.25 9.32
305.62 7.26
310.01 13.20
303.29 16.82
295.28 17.59
283.13 27.16
273.83 23.02
267.88 32.33
280.03 34.91
274.86 42.66
262.20 28.97
248.50 14.75
237.90 43.70
240.75 38.27
227.31 44.73
246.95 32.07
293.73 48.87
298.12 38.53
292.44 26.38
298.64 28.97
311.05 39.56
320.09 30.00
326.81 17.34
308.46 21.21
319.06 11.39
322.68 0.54
332.75 2.09
340.25 13.72
337.67 7.77
343.35 27.16
190.35 31.81
190.09 40.34
260.39 64.89
266.59 68.51
286.23 126.66
236.09 151.21
290.37 97.71
317.25 43.18
334.31 25.35
302.77 0.54
258.84 40.08
286.23 166.72
335.42 266.33
305.07 298.54
173.14 204.39
121.11 151.13
333.56 149.27
340.99 133.16
48.64 159.49
