613.80 353.03
566.72 315.86
580.10 271.26
601.41 252.42
615.29 234.09
611.82 218.23
572.17 211.78
537.48 221.70
530.54 198.90
518.64 201.38
503.28 165.69
479.00 174.61
468.59 182.05
450.25 210.30
481.47 201.38
436.87 227.15
430.43 246.97
272.83 412.01
569.57 173.75
555.44 149.46
544.04 149.96
534.13 147.73
617.39 49.10
606.24 57.03
604.26 71.65
602.77 83.05
611.94 88.25
613.43 101.14
597.57 104.61
604.26 112.54
596.83 118.98
613.68 121.95
618.63 107.33
611.94 131.62
599.55 136.08
604.51 147.23
614.92 138.81
575.76 151.69
592.61 147.73
583.94 135.83
576.75 128.15
583.69 116.75
575.27 117.25
586.91 111.05
579.48 101.39
590.63 94.20
583.20 87.51
594.84 77.60
582.70 78.09
582.70 60.25
589.14 53.31
588.65 63.23
571.05 77.10
560.89 107.58
573.28 94.45
567.59 112.54
565.85 118.98
558.66 120.96
551.48 135.34
564.61 132.61
542.06 121.21
543.30 130.13
531.41 131.12
521.49 114.27
535.12 110.31
543.30 107.58
553.96 92.96
551.97 80.32
563.87 74.13
568.82 66.45
562.88 61.99
563.13 50.84
569.32 50.84
556.93 46.87
522.49 73.63
531.16 84.78
533.88 94.20
539.34 101.14
518.52 101.64
517.78 88.50
527.94 63.72
535.37 48.11
523.48 51.58
520.01 64.96
529.18 54.55
556.93 57.77
599.55 52.82
523.72 124.93
484.08 147.73
510.34 139.05
521.00 138.56
550.24 66.70
548.01 58.52
561.14 67.69
556.43 66.70
505.14 49.84
503.90 58.02
489.78 60.25
499.94 55.05
500.68 85.53
494.73 81.07
483.33 75.37
485.07 86.27
480.61 91.97
480.61 96.93
473.67 100.40
469.21 108.33
471.93 116.75
484.57 107.33
482.84 119.23
492.25 117.25
497.95 103.37
493.25 94.94
484.32 59.76
480.61 53.56
489.53 50.84
458.06 51.08
462.27 47.37
469.46 47.37
476.39 45.88
471.19 55.05
475.65 62.98
450.87 83.05
455.08 94.45
445.91 89.74
446.91 103.12
453.10 109.32
464.50 108.33
464.75 99.65
469.21 93.21
474.91 87.26
463.26 87.26
468.71 84.04
475.16 79.33
466.73 74.13
464.00 64.71
458.80 59.76
448.39 182.67
430.80 173.00
435.26 183.41
407.26 201.75
412.21 182.17
406.27 181.68
425.84 182.91
423.61 167.80
412.71 169.04
406.51 159.13
414.20 152.19
426.59 157.89
430.06 145.25
440.22 153.92
447.40 151.69
459.79 154.42
463.51 171.52
445.91 166.56
470.94 146.98
454.09 144.01
484.32 135.83
477.63 128.89
463.76 125.67
454.84 134.34
447.65 129.88
435.51 116.75
440.71 133.35
429.56 133.35
418.16 131.87
413.21 123.19
418.16 117.00
426.83 118.49
430.30 98.41
437.99 103.87
427.58 92.71
437.99 92.96
433.77 82.06
441.95 82.80
358.94 82.06
371.82 69.92
423.36 46.38
437.74 52.07
448.89 45.14
445.67 56.78
425.60 82.06
418.90 81.56
414.20 64.96
406.51 60.75
430.30 60.25
436.99 60.25
448.39 59.51
394.37 79.33
402.05 74.62
383.96 70.66
392.89 63.72
380.74 56.04
373.06 52.82
360.18 50.34
391.89 45.88
450.13 198.28
400.07 135.09
410.23 141.28
394.37 149.96
403.79 127.65
401.06 121.46
391.40 125.67
381.49 130.13
377.27 141.78
365.87 148.72
384.46 157.89
373.31 162.59
395.61 167.80
379.50 183.41
374.30 194.31
382.23 197.04
390.41 213.64
382.73 215.87
376.53 223.31
357.70 226.77
345.80 230.49
329.20 210.92
345.31 213.39
361.66 203.98
352.00 197.04
357.70 185.39
357.20 164.33
343.08 166.06
353.48 146.49
415.93 98.66
420.14 99.40
408.25 96.43
406.51 84.54
412.96 82.80
413.21 46.87
347.79 84.54
352.99 73.63
342.58 76.85
338.86 75.86
342.83 57.28
338.86 49.84
355.96 134.10
365.13 126.42
374.55 121.95
379.50 116.75
376.28 105.60
389.66 96.43
399.82 102.13
393.38 110.31
398.34 113.53
411.47 114.27
420.89 113.28
319.78 185.14
326.47 198.53
333.91 212.90
335.64 193.07
314.58 155.16
314.83 166.06
328.21 156.89
342.83 150.45
335.89 143.51
321.77 134.10
333.91 124.68
341.34 131.12
346.79 120.22
355.22 113.28
363.64 102.87
360.18 98.91
373.56 90.73
380.50 81.32
366.62 55.05
328.95 108.33
318.05 117.00
344.81 106.59
333.17 103.12
337.87 95.94
350.26 97.67
351.01 49.84
369.34 61.99
394.37 54.30
400.57 51.08
419.65 56.78
461.28 71.16
411.97 75.86
433.28 68.43
424.60 67.19
332.67 55.05
327.96 56.04
323.50 72.39
328.95 79.33
321.52 80.57
334.16 86.27
313.84 104.61
312.10 97.92
316.81 62.23
322.51 64.71
375.04 79.58
367.86 76.85
299.22 108.51
297.36 66.76
304.30 46.44
351.63 38.14
288.68 39.99
309.38 42.97
306.65 62.54
315.32 74.19
312.10 117.06
158.06 388.78
115.16 417.20
119.81 392.91
161.42 429.35
75.87 419.53
85.95 400.41
51.84 408.93
59.85 389.29
34.26 389.81
2.47 373.53
13.59 358.54
26.77 344.58
32.71 328.30
14.88 308.91
22.11 301.16
46.15 278.16
50.80 263.17
6.61 257.22
48.99 246.63
78.97 249.47
118.00 251.02
116.19 259.03
111.02 271.70
96.03 284.88
83.88 298.06
70.70 281.26
55.45 313.83
61.14 304.26
60.11 346.39
63.98 329.85
49.77 359.05
72.77 378.70
80.27 355.18
96.03 365.77
115.67 371.98
179.25 354.92
156.51 348.97
125.75 356.21
130.40 338.64
127.04 313.83
114.12 304.26
137.38 280.74
145.91 276.61
137.12 261.10
166.07 292.12
144.62 302.45
168.65 281.00
185.20 299.87
169.69 313.05
181.84 333.47
204.06 355.44
201.99 330.88
227.32 339.41
228.61 323.65
207.94 304.52
227.58 299.87
247.22 312.02
273.58 296.77
294.52 282.81
307.96 271.18
317.52 248.44
305.37 247.40
285.47 263.69
266.87 259.03
273.33 249.99
251.10 251.02
242.83 264.72
258.59 272.99
228.36 280.74
226.03 256.45
231.72 271.18
214.14 262.91
199.93 244.04
191.40 261.10
224.22 247.66
174.86 251.80
188.04 277.13
207.42 285.40
197.08 298.32
138.42 242.23
153.15 257.48
225.25 437.62
111.02 285.40
6.09 276.35
9.19 420.82
37.62 428.58
346.08 243.56
331.61 253.89
325.40 238.39
307.83 220.30
303.69 194.45
313.52 208.92
294.39 203.24
673.28 264.75
690.85 261.13
697.57 262.68
696.02 280.26
674.31 270.95
657.25 263.72
648.46 247.69
363.14 67.81
376.58 65.74
357.45 57.47
411.21 55.41
453.08 62.13
445.32 64.19
488.23 69.88
496.50 71.43
539.40 67.81
377.09 60.57
284.05 64.19
287.67 62.13
298.53 57.47
275.78 62.64
285.60 55.92
274.23 84.35
286.12 84.35
291.81 84.35
296.46 80.22
302.66 76.60
307.83 78.67
306.28 69.36
292.32 74.01
284.05 75.05
274.75 71.43
300.59 100.89
322.82 93.66
314.55 84.87
302.66 92.11
307.83 87.97
304.73 124.15
301.11 122.09
302.66 114.85
354.87 69.88
363.14 96.76
559.56 78.67
302.14 177.39
295.94 167.06
305.76 156.72
301.11 148.96
312.48 138.11
285.60 112.78
291.29 120.02
278.88 96.76
270.10 89.52
257.69 75.05
252.00 76.60
258.72 68.33
270.61 66.78
262.86 57.47
271.13 55.41
248.90 65.74
243.22 62.13
242.18 56.96
253.56 58.51
241.67 71.43
235.46 66.26
227.71 62.13
230.81 59.54
218.92 67.81
223.58 72.98
231.33 73.50
226.68 79.18
232.36 89.52
239.60 82.28
247.35 84.35
237.53 97.27
244.77 94.69
253.56 98.83
261.31 99.34
258.72 90.04
267.51 116.40
262.34 116.40
274.75 120.02
278.37 138.11
284.57 135.52
284.57 127.25
295.42 130.87
301.11 138.11
288.70 148.96
277.33 151.55
292.84 156.20
266.48 154.65
262.34 142.24
249.94 151.03
268.55 134.49
258.21 131.91
245.80 130.87
251.49 138.11
239.60 138.11
240.12 156.72
243.73 161.89
234.95 163.44
244.25 183.60
249.94 173.26
256.14 166.54
257.17 159.30
259.76 153.62
270.61 170.16
278.88 163.44
271.13 199.62
281.98 187.21
269.06 181.53
289.74 178.43
260.27 175.33
252.52 196.00
254.07 209.44
262.34 185.66
263.38 213.06
256.66 222.36
246.84 239.94
227.71 227.53
227.19 216.68
229.26 205.31
241.15 205.31
233.40 187.73
218.41 172.74
218.92 184.11
204.45 205.82
202.90 210.99
210.65 194.45
206.52 162.40
222.02 166.02
220.99 156.72
223.06 146.38
238.57 150.00
228.74 144.31
293.36 231.15
283.02 220.81
274.75 239.94
322.82 220.30
243.73 106.06
287.15 98.83
289.74 68.33
214.27 56.96
223.58 53.34
218.92 85.90
78.97 243.69
80.52 232.31
116.19 232.06
114.64 244.98
168.65 231.54
188.81 226.63
161.94 215.00
172.27 205.69
179.51 194.58
189.85 193.80
204.06 181.66
190.11 166.15
204.32 173.39
177.96 180.62
185.71 177.52
173.57 168.74
167.10 182.43
161.42 187.09
166.07 195.61
151.08 189.67
148.50 180.62
131.95 189.15
120.32 197.42
126.79 193.03
141.26 204.14
125.75 213.45
134.80 220.17
146.43 232.06
82.85 195.61
85.43 215.00
76.65 216.81
74.58 207.76
59.85 212.93
38.65 209.57
50.03 229.21
59.59 239.55
34.78 225.08
20.82 212.41
25.99 204.66
13.07 196.13
4.54 203.11
39.95 199.23
32.97 188.89
39.43 185.02
33.74 175.71
47.18 175.20
67.08 170.80
78.20 184.24
90.60 185.02
97.84 195.10
113.09 189.41
124.20 180.62
113.61 164.86
127.56 167.18
130.40 176.49
135.31 159.43
121.88 157.11
141.26 154.78
157.28 162.02
153.66 168.74
173.05 159.69
190.88 147.80
202.77 151.68
211.56 141.86
217.50 135.91
224.48 130.23
236.37 132.81
232.75 118.85
230.17 113.43
212.59 109.29
200.96 132.81
189.07 139.01
179.25 132.81
182.87 126.87
173.31 126.09
164.00 129.97
157.54 135.14
150.56 137.20
162.19 143.41
157.80 152.45
138.16 141.86
129.89 129.97
121.88 146.51
89.57 139.79
105.33 151.68
99.91 160.72
129.89 142.63
71.99 151.68
78.71 142.63
65.28 143.41
85.43 149.87
83.88 162.02
83.37 173.39
55.97 149.87
62.95 154.26
40.98 158.91
37.36 147.80
22.37 141.60
16.17 149.87
12.29 167.96
8.93 173.90
6.61 138.24
10.23 132.04
19.53 132.29
28.32 131.52
44.08 125.06
58.04 137.20
61.66 127.90
61.92 119.63
69.93 125.57
74.32 129.71
77.94 116.53
90.60 124.28
99.13 126.35
97.84 137.20
106.37 145.99
112.31 130.74
110.76 116.53
228.10 90.17
210.52 65.61
209.23 71.82
204.32 82.16
213.37 87.58
210.52 99.99
220.86 98.44
152.37 69.49
154.18 75.44
150.30 78.02
165.55 68.97
171.24 64.84
166.07 60.19
182.87 58.64
182.35 64.06
183.90 84.48
186.75 78.02
180.03 75.69
197.08 84.74
202.51 99.21
196.05 90.68
185.20 97.40
182.87 87.07
175.37 93.79
166.07 93.53
170.21 86.29
160.90 96.11
162.97 88.87
171.50 79.05
164.78 77.24
153.41 87.32
148.75 87.32
137.38 85.26
132.99 91.20
139.71 94.82
147.72 95.59
159.87 105.16
169.17 101.02
175.12 110.33
162.97 112.91
168.14 120.66
180.80 106.97
194.50 92.75
205.10 121.70
202.25 116.27
215.69 122.73
196.05 110.07
149.27 126.87
144.88 116.53
150.56 104.38
144.36 106.97
131.95 117.56
122.91 108.00
116.19 95.34
134.54 99.21
136.35 59.15
114.38 59.93
120.84 59.15
123.94 89.39
120.32 78.54
122.65 74.92
110.25 80.09
108.18 73.11
75.10 79.31
81.82 76.21
86.47 73.11
91.12 77.50
95.26 81.64
102.75 91.72
105.33 85.77
83.37 90.68
70.44 96.63
73.80 93.01
89.57 102.06
99.65 105.16
97.32 116.53
14.62 87.07
15.91 99.73
12.55 120.66
61.66 68.97
60.11 76.73
36.33 63.03
29.61 64.58
43.05 70.01
34.78 78.02
30.64 97.92
49.25 106.19
57.00 101.54
51.06 91.72
17.72 184.76
30.38 81.12
66.57 88.10
78.71 61.74
92.41 61.74
2.73 93.79
4.80 87.58
12.81 75.69
22.63 68.97
25.47 74.40
4.28 74.40
3.51 62.00
24.70 118.08
6.87 109.03
2.21 158.14
47.70 136.43
31.94 130.74
38.65 136.43
67.60 103.35
58.56 192.77
69.41 197.68
252.65 109.81
252.91 118.34
182.61 142.89
176.41 146.51
144.62 59.93
53.65 62.77
41.76 115.24
35.81 86.55
31.68 89.91
54.16 82.16
59.59 83.45
2.73 68.20
156.77 204.66
206.91 229.21
152.63 175.71
125.75 121.18
108.69 103.35
140.23 78.54
184.16 118.08
156.77 244.72
59.33 160.32
31.94 158.00
598.13 24.42
581.41 30.61
577.07 32.47
595.03 33.71
596.27 33.09
603.09 23.80
611.76 6.46
611.14 31.23
611.14 42.38
605.56 47.96
592.56 46.72
598.75 15.13
582.65 15.13
575.83 28.14
555.39 45.48
558.49 17.61
563.45 15.13
562.21 39.29
562.83 41.14
534.34 38.05
539.91 29.38
550.44 39.29
543.01 49.82
536.19 29.38
547.96 22.56
560.97 28.14
543.01 37.43
540.53 17.61
539.29 13.27
533.10 25.04
528.76 36.81
521.33 33.71
527.52 15.75
531.86 10.79
540.53 3.36
543.63 4.60
551.68 7.08
567.78 6.46
571.50 4.60
586.98 6.46
560.35 11.41
550.44 8.94
559.73 2.74
567.78 18.23
575.21 17.61
578.31 15.13
502.13 26.28
500.89 26.28
488.50 31.23
490.98 37.43
497.79 35.57
505.84 25.04
509.56 13.27
512.66 13.27
503.37 38.05
502.13 45.48
492.22 45.48
494.08 19.47
500.27 13.27
498.41 17.61
489.74 26.28
488.50 26.28
482.93 15.13
487.26 6.46
475.49 18.23
474.26 20.09
477.35 32.47
479.83 36.81
481.07 36.81
482.31 28.14
482.93 22.56
492.22 12.03
468.06 11.41
467.44 12.03
464.96 26.28
468.68 34.95
469.92 33.71
471.16 28.76
473.02 25.04
446.38 23.80
429.66 22.56
435.85 26.90
441.43 30.61
436.47 34.95
441.43 33.09
459.39 29.38
451.34 42.38
431.52 49.82
430.90 48.58
438.95 41.14
449.48 34.95
456.91 28.14
458.77 15.13
456.91 9.56
448.86 8.94
434.00 18.23
457.53 7.08
470.54 10.79
465.58 19.47
457.53 19.47
447.00 19.47
438.33 6.46
432.76 6.46
429.66 10.79
441.43 13.89
445.76 12.03
453.20 12.03
419.13 15.13
416.03 16.37
415.41 28.14
424.70 34.95
427.80 41.76
424.09 28.14
432.76 28.76
419.13 41.76
412.94 36.81
410.46 33.09
404.27 26.28
401.17 36.81
398.69 41.76
394.97 39.29
388.16 36.81
381.97 35.57
379.49 30.61
383.21 28.76
390.64 22.56
397.45 19.47
401.17 21.94
411.70 5.22
410.46 3.36
385.06 10.79
375.77 10.79
364.01 15.13
362.77 19.47
368.34 32.47
369.58 41.14
372.06 41.14
370.82 46.10
377.63 44.24
393.12 29.38
398.69 29.38
394.36 33.71
407.98 6.46
403.03 6.46
391.88 10.79
387.54 19.47
399.93 19.47
393.74 15.13
375.77 19.47
355.95 30.61
351.62 31.23
365.24 26.90
368.96 26.90
359.67 23.80
351.62 15.13
357.19 10.79
350.38 20.70
341.71 31.23
362.77 13.89
372.06 6.46
360.91 6.46
333.04 4.60
324.98 4.60
331.80 7.08
344.19 7.08
331.18 19.47
329.94 21.94
335.51 24.42
342.95 15.75
339.85 15.13
326.22 15.75
322.51 19.47
321.89 33.71
333.04 34.95
322.51 45.48
322.51 45.48
333.04 43.62
341.71 42.38
336.13 44.24
334.28 41.14
341.09 39.29
322.51 41.76
320.03 41.76
360.91 45.48
355.95 46.72
308.88 21.94
297.11 20.70
285.34 39.29
305.16 32.47
316.93 23.80
311.36 33.09
303.31 33.09
319.41 44.24
315.69 52.29
307.64 52.29
289.68 50.44
277.29 48.58
271.72 36.81
287.82 25.04
300.83 33.71
294.02 47.96
284.11 50.44
283.49 34.95
290.92 31.23
292.78 41.76
295.25 13.89
307.02 11.41
289.68 24.42
292.78 13.27
298.35 8.94
302.07 23.80
304.54 4.60
317.55 15.13
295.25 4.60
305.16 3.36
303.93 18.23
281.01 19.47
261.19 25.04
277.29 8.94
282.87 13.89
261.81 26.90
255.61 28.14
266.14 28.14
271.72 31.23
275.43 28.14
273.58 19.47
260.57 13.27
249.42 16.37
237.65 28.76
225.26 28.14
230.84 37.43
240.13 41.76
235.79 56.63
213.50 52.91
212.88 35.57
205.44 30.61
204.82 23.80
207.92 21.94
222.17 13.27
215.97 11.41
203.59 10.79
199.87 9.56
203.59 11.41
222.79 18.23
230.22 24.42
207.30 36.81
169.52 36.81
144.74 23.80
154.65 20.09
170.14 23.80
183.15 33.71
188.10 41.14
137.93 39.91
109.44 39.29
111.92 33.09
134.83 36.81
165.18 44.24
191.82 50.44
216.59 49.82
232.70 45.48
248.18 44.24
265.52 41.14
266.14 35.57
227.12 43.62
191.20 46.72
218.45 46.10
253.14 44.24
251.90 33.71
250.04 28.14
250.66 15.75
259.95 10.79
268.62 -1.59
251.90 -2.21
237.03 3.36
230.84 6.46
241.99 6.46
257.47 8.94
268.00 17.61
251.90 21.94
241.37 20.70
237.65 19.47
228.36 12.03
215.97 6.46
200.49 7.08
187.48 9.56
179.43 12.03
189.96 15.13
198.63 19.47
196.77 21.94
188.72 23.80
178.19 32.47
157.13 42.38
132.98 43.62
121.83 46.72
150.94 57.25
185.00 20.09
172.62 60.96
176.33 48.58
181.91 49.82
193.06 57.25
181.91 58.49
163.33 54.77
142.89 54.15
124.31 54.15
141.03 51.05
147.84 47.96
155.27 41.14
157.75 36.81
150.94 23.80
156.51 15.13
168.90 13.27
167.04 11.41
132.36 8.94
123.69 8.94
92.72 26.90
75.37 26.28
67.32 21.94
93.34 20.09
102.01 23.80
59.89 47.96
25.20 41.76
42.55 33.09
92.10 43.62
66.08 56.63
31.40 48.58
56.79 35.57
73.52 37.43
22.73 43.62
41.93 21.94
73.52 23.80
41.93 41.76
39.45 21.94
82.19 11.41
35.11 43.62
57.41 15.75
111.92 13.27
74.75 39.29
62.99 23.80
104.49 7.70
99.53 28.14
98.29 25.04
115.63 22.56
43.17 17.61
33.88 13.89
24.58 28.14
23.97 39.91
10.34 41.14
27.06 15.13
18.39 8.94
14.67 8.94
7.86 22.56
4.76 35.57
4.15 43.62
12.82 46.72
8.48 37.43
12.82 19.47
19.01 32.47
12.82 49.82
5.38 52.29
-2.05 46.72
8.48 15.13
17.77 6.46
22.11 21.94
25.20 33.09
28.30 47.96
33.88 52.91
48.74 45.48
54.93 47.96
17.77 58.49
10.96 59.11
37.59 58.49
47.50 58.49
57.41 58.49
83.43 55.39
105.10 55.39
113.16 56.63
122.45 62.82
136.07 67.16
137.93 69.64
122.45 67.78
117.49 52.91
108.20 47.96
92.72 35.57
93.96 29.38
101.39 37.43
108.20 32.47
116.87 26.90
135.45 23.80
139.17 30.61
119.35 30.61
121.21 21.94
129.26 15.75
149.08 10.79
167.04 4.60
183.77 0.27
201.11 3.36
226.50 0.88
258.71 2.12
267.38 2.12
271.10 3.36
220.93 6.46
188.10 4.60
162.09 5.22
131.74 6.46
109.44 6.46
89.00 6.46
74.14 10.79
65.46 17.61
80.33 17.61
97.67 15.75
102.63 13.27
79.71 10.79
70.42 9.56
64.23 7.70
71.66 6.46
90.86 8.94
104.49 10.79
64.84 13.27
57.41 13.27
74.14 22.56
87.14 41.14
78.47 45.48
85.28 34.95
82.81 48.58
154.65 33.09
171.38 28.76
186.24 26.90
202.35 28.14
212.88 29.38
219.07 30.61
222.79 33.71
199.87 42.38
149.08 28.76
163.33 34.95
163.95 29.38
159.61 26.90
176.95 8.94
159.61 17.61
144.13 7.70
327.46 26.28
321.89 30.61
321.27 67.78
341.09 65.30
346.04 65.30
334.89 62.82
331.18 62.82
315.07 6.46
307.02 12.03
264.29 15.75
399.93 4.60
406.12 5.22
412.32 5.22
424.09 5.22
432.14 5.22
463.73 4.60
500.27 4.60
500.27 4.60
513.90 5.22
411.08 20.40
407.36 17.30
403.65 13.58
420.99 24.11
426.56 19.16
467.44 1.81
474.26 3.05
474.87 7.39
479.83 11.10
479.83 3.05
484.78 3.05
490.98 2.43
491.60 6.15
499.65 8.63
535.57 4.29
531.86 4.29
593.80 2.43
598.75 3.67
605.56 7.39
611.14 12.96
616.71 4.91
616.71 14.82
604.33 32.78
588.22 24.73
586.36 32.16
590.08 34.02
587.60 43.31
582.65 37.74
590.70 37.74
599.99 38.98
607.42 38.36
617.33 32.78
616.71 21.63
581.41 6.77
576.45 9.25
573.36 11.72
572.12 32.16
575.21 40.83
575.83 47.65
575.83 53.84
571.50 24.73
567.16 24.73
561.59 94.10
98.91 313.36
107.58 344.33
137.93 376.54
269.86 282.39
321.89 229.13
95.81 248.33
109.44 227.27
102.01 211.16
14.06 213.02
48.12 12.34
41.31 9.25
32.64 7.39
37.59 4.29
48.74 4.91
56.17 4.91
56.79 22.87
62.99 30.92
66.70 47.65
74.14 55.70
71.04 63.13
49.98 71.18
19.01 14.82
23.97 9.25
25.82 6.15
80.33 4.29
95.81 3.05
116.25 3.67
118.73 10.49
142.27 3.05
141.65 15.44
155.27 3.67
149.08 3.67
216.59 1.81
347.90 4.91
350.38 9.87
391.88 4.29
386.30 4.91
380.73 4.91
283.49 6.77
289.06 6.15
394.36 237.49
