35.77 309.75
9.09 227.55
68.94 223.23
31.44 193.67
97.78 242.69
104.27 214.57
119.41 254.95
139.60 233.32
77.59 294.61
68.94 264.33
45.86 253.51
156.90 291.00
115.08 299.66
170.60 252.07
159.06 216.74
135.27 194.39
215.30 248.46
195.84 222.51
213.14 280.19
208.09 309.75
246.31 293.89
267.94 314.80
309.04 322.01
301.11 298.93
297.50 259.28
257.84 248.46
257.12 213.13
212.42 204.48
242.70 178.52
222.51 185.73
285.96 170.59
261.45 160.50
299.66 233.32
322.74 209.53
320.57 119.40
296.78 125.17
298.94 100.65
186.46 171.85
149.33 171.85
134.19 148.06
165.19 131.48
182.50 115.25
222.87 119.94
207.01 131.12
152.21 115.25
123.01 127.51
97.78 130.03
92.37 162.48
104.99 173.30
56.68 179.79
67.49 147.70
77.95 141.93
75.06 115.61
17.02 125.71
23.51 96.51
20.27 66.58
19.19 44.23
37.57 51.08
83.36 97.59
114.36 90.38
110.75 103.00
79.39 54.33
106.43 66.22
130.58 62.62
136.71 87.49
182.50 79.92
213.50 79.92
201.60 75.60
169.88 44.23
154.74 47.84
150.41 38.10
137.43 44.59
112.92 34.50
93.45 34.50
65.33 39.55
54.52 44.59
43.70 35.58
255.68 136.16
250.63 116.70
223.60 103.36
183.58 101.19
238.02 167.17
269.02 105.52
271.90 70.55
282.72 60.46
247.75 67.31
235.85 54.33
241.62 48.20
254.24 44.95
239.10 34.50
266.86 45.68
282.72 41.71
302.19 48.92
324.90 34.50
318.05 63.70
307.95 94.34
285.78 1.18
300.17 17.29
299.88 38.30
269.95 17.29
263.91 14.13
247.22 33.12
168.37 142.18
47.65 17.04
33.84 10.71
27.51 4.38
93.12 9.56
86.79 17.04
162.18 25.10
146.64 28.55
130.53 106.25
289.38 32.58
247.36 17.00
200.74 57.90
30.96 175.31
55.71 8.41
2.76 16.46
35.28 112.92
77.63 82.29
142.51 69.67
66.82 71.47
58.71 55.25
60.51 92.20
51.50 74.18
43.39 84.09
211.90 0.29
69.52 12.00
11.85 80.48
29.87 30.92
81.24 28.22
124.49 7.49
54.20 115.63
49.70 129.14
60.51 126.44
112.77 119.23
255.15 0.29
234.42 19.21
199.28 14.70
216.40 32.73
188.47 41.74
158.73 10.20
183.96 10.20
