887.44 306.30
825.43 212.57
812.45 242.85
761.98 361.82
780.73 339.47
824.71 400.04
816.78 364.71
883.11 382.73
891.05 329.38
859.32 261.60
712.23 338.75
679.06 366.15
734.58 403.64
782.17 268.81
764.15 250.78
738.91 256.55
679.06 252.23
716.56 222.67
650.22 271.69
643.73 243.57
628.59 283.95
608.40 262.32
670.41 323.61
679.06 293.33
702.14 282.51
591.10 320.00
602.64 371.20
632.92 328.66
763.42 212.57
766.31 185.17
577.40 281.07
588.94 245.74
612.73 223.39
978.29 302.70
532.70 277.46
552.16 251.51
534.86 309.19
531.98 379.85
539.91 338.75
501.69 322.89
480.06 343.80
480.78 378.41
438.96 351.01
446.89 327.93
450.50 288.28
490.16 277.46
490.88 242.13
535.58 233.48
505.30 207.52
525.49 214.73
462.04 199.59
486.55 189.50
448.34 262.32
425.26 238.53
407.96 294.05
386.33 307.02
388.49 336.59
391.38 371.20
324.32 339.47
301.97 382.73
312.06 277.46
299.81 315.68
353.16 281.79
363.26 226.99
330.09 255.11
309.90 239.25
285.39 270.25
242.12 273.14
234.19 309.91
219.05 322.89
208.96 355.33
259.43 381.29
251.50 402.92
186.61 389.22
165.70 345.96
170.02 283.23
126.76 298.37
92.87 360.38
53.94 357.50
21.49 289.72
49.61 286.84
33.03 324.33
89.99 269.53
128.20 277.46
136.13 239.25
193.82 245.74
175.07 214.01
192.37 192.38
221.21 211.85
247.89 193.82
262.31 177.24
283.94 203.92
311.34 196.71
329.37 202.48
301.97 175.80
251.50 153.45
242.85 132.54
233.47 104.42
270.24 110.91
201.75 92.88
208.96 128.21
165.70 131.10
146.95 137.58
148.39 111.63
109.46 137.58
119.55 119.56
172.91 172.91
116.67 176.52
127.48 159.94
110.90 198.15
46.73 171.47
61.87 209.69
88.55 246.46
29.42 257.27
15.72 234.92
26.54 191.66
28.70 152.00
56.10 139.03
33.75 128.21
78.45 114.51
61.15 100.81
87.10 183.73
74.13 67.65
106.57 102.25
117.39 105.14
177.95 107.30
253.66 97.93
305.57 108.74
357.49 150.56
325.76 152.00
351.72 171.47
371.19 183.73
387.77 202.48
420.94 177.96
427.43 148.40
405.08 156.33
412.29 140.47
451.22 154.17
449.06 129.65
561.54 200.85
598.67 200.85
613.81 177.06
582.81 160.48
565.50 144.25
525.13 148.94
540.99 160.12
595.79 144.25
624.99 156.51
650.22 159.03
655.63 191.48
643.01 202.30
691.32 208.79
680.51 176.70
670.05 170.93
672.94 144.61
730.98 154.71
724.49 125.51
727.73 95.58
728.81 73.23
710.43 80.08
664.64 126.59
633.64 119.38
637.25 132.00
668.61 83.33
641.57 95.22
617.42 91.62
611.29 116.49
565.50 108.92
534.50 108.92
546.40 104.60
578.12 73.23
593.26 76.84
597.59 67.10
610.57 73.59
635.08 63.50
654.55 63.50
682.67 68.55
693.48 73.59
704.30 64.58
492.32 165.16
497.37 145.70
524.40 132.36
564.42 130.19
509.98 196.17
478.98 134.52
476.10 99.55
465.28 89.46
500.25 96.31
512.15 83.33
506.38 77.20
493.76 73.95
508.90 63.50
481.14 74.68
465.28 70.71
445.81 77.92
423.10 63.50
429.95 92.70
402.55 120.82
440.05 123.34
390.28 67.01
368.12 95.50
384.81 108.16
368.69 134.64
385.10 143.27
390.56 130.90
329.85 77.66
293.30 62.12
282.08 61.54
250.13 60.97
228.26 65.86
217.04 77.37
318.05 74.49
333.87 38.23
315.74 37.37
373.30 43.99
364.09 9.74
269.99 6.00
238.33 6.29
271.43 24.71
220.49 20.68
240.35 25.28
220.78 30.18
222.79 39.10
251.28 39.10
280.92 41.40
215.89 52.62
203.23 44.56
194.31 48.88
208.12 27.30
189.41 9.17
249.27 6.58
240.92 12.62
423.08 28.74
462.22 30.18
456.46 23.56
447.83 46.29
448.12 67.30
478.05 46.29
484.09 43.13
500.78 62.12
467.40 7.73
579.63 171.18
700.35 46.04
714.16 39.71
720.49 33.38
715.89 23.59
714.74 10.36
688.84 4.03
684.23 15.54
654.88 38.56
661.21 46.04
610.56 26.47
622.08 20.72
585.24 24.17
570.28 21.29
585.82 54.10
601.36 57.55
617.47 135.25
458.62 61.58
206.54 17.84
552.15 3.13
500.64 46.00
257.76 232.51
209.99 166.33
433.30 15.54
547.26 86.90
717.04 204.31
542.08 10.36
525.38 9.78
692.29 37.41
275.03 48.92
751.00 32.23
745.24 45.46
712.72 141.92
670.37 111.29
686.59 402.34
26.08 28.38
46.81 13.97
59.42 13.07
76.54 19.37
57.62 53.62
27.88 76.14
7.16 86.96
1.75 98.67
59.42 81.55
110.79 83.35
90.96 48.21
110.79 31.09
103.58 8.56
136.02 27.48
137.82 17.57
148.63 16.67
148.63 42.80
163.05 42.80
175.66 45.51
174.76 59.92
162.15 56.32
154.04 67.13
166.65 78.85
139.62 74.34
119.80 59.02
128.81 58.12
142.32 51.81
176.57 27.48
183.77 34.69
120.70 14.87
143.23 99.57
134.21 87.86
203.60 73.44
340.57 61.73
341.47 17.57
300.92 23.88
318.04 27.48
318.04 17.57
324.35 5.86
334.26 4.05
342.37 4.05
296.41 39.20
350.48 126.60
605.49 98.67
681.18 100.47
689.29 84.25
687.49 121.20
696.50 103.18
704.61 113.09
756.87 124.80
770.39 125.70
821.75 149.13
838.87 247.35
482.94 402.34
331.55 398.74
85.55 156.34
109.88 67.13
97.27 67.13
307.23 41.90
293.71 47.31
311.73 93.26
310.83 81.55
468.52 20.27
513.58 10.36
497.36 6.76
502.76 19.37
536.10 29.29
593.77 12.16
607.29 12.16
581.16 5.86
573.95 5.86
673.07 13.97
678.48 41.00
649.64 22.08
736.15 109.48
761.38 85.15
718.13 59.92
666.76 57.22
623.51 36.49
693.80 144.63
698.30 158.14
687.49 155.44
635.23 148.23
236.94 179.77
492.85 29.29
513.58 48.21
510.87 27.48
548.72 43.70
531.60 61.73
559.53 70.74
405.45 92.36
195.49 155.44
194.59 144.63
1019.09 350.08
1.75 51.81
4.46 177.97
159.45 153.64
225.23 88.76
695.60 26.58
257.66 123.90
175.66 11.26
377.51 117.59
116.19 332.05
589.27 39.20
564.04 39.20
192.79 227.53
309.03 9.46
295.51 13.07
407.25 18.47
399.14 7.66
418.06 5.86
445.09 5.86
635.23 4.05
615.40 5.86
663.16 5.86
