23.30 246.46
3.84 220.51
21.14 278.19
16.09 307.75
54.31 291.89
75.94 312.80
117.04 320.01
109.11 296.93
105.50 257.28
65.84 246.46
65.12 211.13
20.42 202.48
50.70 176.52
30.51 183.73
93.96 168.59
69.45 158.50
107.66 231.32
130.74 207.53
148.04 263.05
169.67 276.02
167.51 305.59
231.68 308.47
243.94 246.46
256.19 284.68
202.84 250.79
192.74 195.99
225.91 224.11
246.10 208.25
270.61 239.25
313.88 242.14
321.81 278.91
308.11 162.82
293.69 146.24
272.06 172.92
244.66 165.71
226.63 171.48
254.03 144.80
304.50 122.45
313.15 101.54
322.53 73.42
285.76 79.91
302.34 66.93
250.43 77.74
198.51 119.56
230.24 121.00
204.28 140.47
184.81 152.73
168.23 171.48
135.06 146.96
128.57 117.40
150.92 125.33
143.71 109.47
104.78 123.17
106.94 98.65
30.87 117.94
15.01 129.12
21.50 77.92
9.60 73.60
63.68 134.16
58.63 114.70
31.60 101.36
46.02 165.17
77.02 103.52
79.90 68.55
90.72 58.46
55.75 65.31
43.85 52.33
49.62 46.20
62.24 42.95
47.10 32.50
74.86 43.68
90.72 39.71
110.19 46.92
132.90 32.50
126.05 61.70
153.45 89.82
115.95 92.34
165.72 36.01
187.88 64.50
171.19 77.16
187.31 103.64
170.90 112.27
165.44 99.90
226.15 46.66
262.70 31.12
273.92 30.54
305.87 29.97
237.95 43.49
222.13 7.23
240.26 6.37
182.70 12.99
304.72 8.10
275.08 10.40
108.17 15.29
107.88 36.30
77.95 15.29
71.91 12.13
55.22 31.12
97.38 30.58
55.36 15.00
298.24 201.51
8.74 55.90
280.97 17.92
215.43 30.73
259.59 8.20
205.52 95.60
248.77 10.90
262.29 16.31
244.27 62.26
245.17 50.55
319.06 148.77
42.42 17.21
7.28 12.70
24.40 30.73
150.55 61.36
298.34 92.90
178.49 86.59
