14.56 306.30
76.57 212.57
89.55 242.85
140.02 361.82
121.27 339.47
77.29 400.04
85.22 364.71
18.89 382.73
10.95 329.38
42.68 261.60
189.77 338.75
222.94 366.15
167.42 403.64
119.83 268.81
137.85 250.78
163.09 256.55
222.94 252.23
185.44 222.67
251.78 271.69
258.27 243.57
273.41 283.95
293.60 262.32
231.59 323.61
222.94 293.33
199.86 282.51
310.90 320.00
299.36 371.20
269.08 328.66
138.58 212.57
135.69 185.17
324.60 281.07
313.06 245.74
289.27 223.39
-76.29 302.70
369.30 277.46
349.84 251.51
367.14 309.19
370.02 379.85
362.09 338.75
400.31 322.89
421.94 343.80
421.22 378.41
463.04 351.01
455.11 327.93
451.50 288.28
411.84 277.46
411.12 242.13
366.42 233.48
396.70 207.52
376.51 214.73
439.96 199.59
415.45 189.50
453.66 262.32
476.74 238.53
494.04 294.05
515.67 307.02
513.51 336.59
510.62 371.20
577.68 339.47
600.03 382.73
589.94 277.46
602.19 315.68
548.84 281.79
538.74 226.99
571.91 255.11
592.10 239.25
616.61 270.25
659.88 273.14
667.81 309.91
682.95 322.89
693.04 355.33
642.57 381.29
650.50 402.92
715.39 389.22
736.30 345.96
731.98 283.23
775.24 298.37
809.13 360.38
848.06 357.50
880.51 289.72
852.39 286.84
868.97 324.33
812.01 269.53
773.80 277.46
765.87 239.25
708.18 245.74
726.93 214.01
709.63 192.38
680.79 211.85
654.11 193.82
639.69 177.24
618.06 203.92
590.66 196.71
572.63 202.48
600.03 175.80
650.50 153.45
659.15 132.54
668.53 104.42
631.76 110.91
700.25 92.88
693.04 128.21
736.30 131.10
755.05 137.58
753.61 111.63
792.54 137.58
782.45 119.56
729.09 172.91
785.33 176.52
774.52 159.94
791.10 198.15
855.27 171.47
840.13 209.69
813.45 246.46
872.58 257.27
886.28 234.92
875.46 191.66
873.30 152.00
845.90 139.03
868.25 128.21
823.55 114.51
840.85 100.81
814.90 183.73
827.87 67.65
795.43 102.25
784.61 105.14
724.05 107.30
648.34 97.93
596.43 108.74
544.51 150.56
576.24 152.00
550.28 171.47
530.81 183.73
514.23 202.48
481.06 177.96
474.57 148.40
496.92 156.33
489.71 140.47
450.78 154.17
452.94 129.65
340.46 200.85
303.33 200.85
288.19 177.06
319.19 160.48
336.50 144.25
376.87 148.94
361.01 160.12
306.21 144.25
277.01 156.51
251.78 159.03
246.37 191.48
258.99 202.30
210.68 208.79
221.49 176.70
231.95 170.93
229.06 144.61
171.02 154.71
177.51 125.51
174.27 95.58
173.19 73.23
191.57 80.08
237.36 126.59
268.36 119.38
264.75 132.00
233.39 83.33
260.43 95.22
284.58 91.62
290.71 116.49
336.50 108.92
367.50 108.92
355.60 104.60
323.88 73.23
308.74 76.84
304.41 67.10
291.43 73.59
266.92 63.50
247.45 63.50
219.33 68.55
208.52 73.59
197.70 64.58
409.68 165.16
404.63 145.70
377.60 132.36
337.58 130.19
392.02 196.17
423.02 134.52
425.90 99.55
436.72 89.46
401.75 96.31
389.85 83.33
395.62 77.20
408.24 73.95
393.10 63.50
420.86 74.68
436.72 70.71
456.19 77.92
478.90 63.50
472.05 92.70
499.45 120.82
461.95 123.34
511.72 67.01
533.88 95.50
517.19 108.16
533.31 134.64
516.90 143.27
511.44 130.90
572.15 77.66
608.70 62.12
619.92 61.54
651.87 60.97
673.74 65.86
684.96 77.37
583.95 74.49
568.13 38.23
586.26 37.37
528.70 43.99
537.91 9.74
632.01 6.00
663.67 6.29
630.57 24.71
681.51 20.68
661.65 25.28
681.22 30.18
679.21 39.10
650.72 39.10
621.08 41.40
686.11 52.62
698.77 44.56
707.69 48.88
693.88 27.30
712.59 9.17
652.73 6.58
661.08 12.62
478.92 28.74
439.78 30.18
445.54 23.56
454.17 46.29
453.88 67.30
423.95 46.29
417.91 43.13
401.22 62.12
434.60 7.73
322.37 171.18
201.65 46.04
187.84 39.71
181.51 33.38
186.11 23.59
187.26 10.36
213.16 4.03
217.77 15.54
247.12 38.56
240.79 46.04
291.44 26.47
279.92 20.72
316.76 24.17
331.72 21.29
316.18 54.10
300.64 57.55
284.53 135.25
443.38 61.58
695.46 17.84
349.85 3.13
401.36 46.00
644.24 232.51
692.01 166.33
468.70 15.54
354.74 86.90
184.96 204.31
359.92 10.36
376.62 9.78
209.71 37.41
626.97 48.92
151.00 32.23
156.76 45.46
189.28 141.92
231.63 111.29
215.41 402.34
875.92 28.38
855.19 13.97
842.58 13.07
825.46 19.37
844.38 53.62
874.12 76.14
894.84 86.96
900.25 98.67
842.58 81.55
791.21 83.35
811.04 48.21
791.21 31.09
798.42 8.56
765.98 27.48
764.18 17.57
753.37 16.67
753.37 42.80
738.95 42.80
726.34 45.51
727.24 59.92
739.85 56.32
747.96 67.13
735.35 78.85
762.38 74.34
782.20 59.02
773.19 58.12
759.68 51.81
725.43 27.48
718.23 34.69
781.30 14.87
758.77 99.57
767.79 87.86
698.40 73.44
561.43 61.73
560.53 17.57
601.08 23.88
583.96 27.48
583.96 17.57
577.65 5.86
567.74 4.05
559.63 4.05
605.59 39.20
551.52 126.60
296.51 98.67
220.82 100.47
212.71 84.25
214.51 121.20
205.50 103.18
197.39 113.09
145.13 124.80
131.61 125.70
80.25 149.13
63.13 247.35
419.06 402.34
570.45 398.74
816.45 156.34
792.12 67.13
804.73 67.13
594.77 41.90
608.29 47.31
590.27 93.26
591.17 81.55
433.48 20.27
388.42 10.36
404.64 6.76
399.24 19.37
365.90 29.29
308.23 12.16
294.71 12.16
320.84 5.86
328.05 5.86
228.93 13.97
223.52 41.00
252.36 22.08
165.85 109.48
140.62 85.15
183.87 59.92
235.24 57.22
278.49 36.49
208.20 144.63
203.70 158.14
214.51 155.44
266.77 148.23
665.06 179.77
409.15 29.29
388.42 48.21
391.13 27.48
353.28 43.70
370.40 61.73
342.47 70.74
496.55 92.36
706.51 155.44
707.41 144.63
-117.09 350.08
900.25 51.81
897.54 177.97
742.55 153.64
676.77 88.76
206.40 26.58
644.34 123.90
726.34 11.26
524.49 117.59
785.81 332.05
312.73 39.20
337.96 39.20
709.21 227.53
592.97 9.46
606.49 13.07
494.75 18.47
502.86 7.66
483.94 5.86
456.91 5.86
266.77 4.05
286.60 5.86
238.84 5.86
