0.90 306.00
14.60 267.07
3.06 231.74
59.30 263.46
39.84 237.51
57.14 295.19
52.09 324.75
90.31 308.89
145.11 313.93
141.50 274.28
101.84 263.46
101.12 228.13
56.42 219.48
86.70 193.52
66.51 200.73
129.96 185.59
105.45 175.50
143.66 248.32
166.74 224.53
184.04 280.05
205.67 293.02
203.51 322.59
267.68 325.47
279.94 263.46
292.19 301.68
238.84 267.79
228.74 212.99
261.91 241.11
282.10 225.25
306.61 256.25
308.06 189.92
280.66 182.71
262.63 188.48
290.03 161.80
321.76 96.91
286.43 94.74
234.51 136.56
266.24 138.00
240.28 157.47
220.81 169.73
204.23 188.48
171.06 163.96
164.57 134.40
186.92 142.33
179.71 126.47
140.78 140.17
142.94 115.65
30.46 186.85
9.19 146.48
26.50 130.25
66.87 134.94
51.01 146.12
26.50 94.92
57.50 94.92
45.60 90.60
13.88 59.23
99.68 151.16
94.63 131.70
67.60 118.36
27.58 116.19
82.02 182.17
113.02 120.52
115.90 85.55
126.72 75.46
91.75 82.31
79.85 69.33
85.62 63.20
98.24 59.95
83.10 49.50
110.86 60.68
126.72 56.71
146.19 63.92
168.90 49.50
162.05 78.70
189.45 106.82
151.95 109.34
201.72 53.01
223.88 81.50
207.19 94.16
223.31 120.64
206.90 129.27
201.44 116.90
262.15 63.66
298.70 48.12
309.92 47.54
273.95 60.49
258.13 24.23
276.26 23.37
218.70 29.99
320.57 10.71
311.08 27.40
168.92 14.74
129.78 16.18
135.54 9.56
144.17 32.29
143.88 53.30
113.95 32.29
107.91 29.13
91.22 48.12
12.37 157.18
6.76 10.17
21.72 7.29
6.18 40.10
133.38 47.58
91.36 32.00
158.70 1.54
44.74 72.90
316.97 34.92
251.43 47.73
250.53 3.57
291.08 9.88
273.96 13.48
273.96 3.57
295.59 25.20
241.52 112.60
284.77 27.90
298.29 33.31
280.27 79.26
281.17 67.55
123.48 6.27
89.24 5.37
55.90 15.29
99.15 15.29
78.42 34.21
81.13 13.48
43.28 29.70
60.40 47.73
32.47 56.74
186.55 78.36
214.49 103.59
2.73 25.20
27.96 25.20
184.75 4.47
