44.05 435.78
100.91 397.87
167.25 372.15
213.29 378.92
244.43 404.64
172.67 470.98
291.81 492.64
305.35 410.06
358.16 399.22
404.19 435.78
339.20 468.27
470.53 416.82
493.55 372.15
547.70 369.44
546.35 433.07
612.69 433.07
646.54 410.06
681.74 385.69
714.23 381.62
807.65 361.31
848.27 389.75
910.55 385.69
802.24 426.30
748.08 423.59
689.86 442.55
715.59 489.94
791.40 487.23
26.45 156.88
53.53 137.92
80.61 137.92
92.79 114.90
144.24 125.74
125.28 141.98
141.53 160.94
115.81 189.37
86.02 198.85
54.88 173.12
21.03 225.92
50.82 257.06
57.59 282.79
92.79 280.08
96.85 242.17
169.96 185.31
191.63 133.86
213.29 137.92
192.98 204.26
207.87 235.40
207.87 254.36
229.53 205.62
248.49 229.99
240.37 286.85
172.67 286.85
207.87 311.22
221.41 334.24
263.38 334.24
267.44 255.71
276.92 234.05
271.51 213.74
224.12 158.23
207.87 113.55
228.18 110.84
241.72 106.78
249.84 105.43
260.67 95.95
241.72 144.69
262.03 147.40
272.86 140.63
262.03 175.83
278.27 162.29
271.51 147.40
297.23 147.40
301.29 160.94
294.52 129.80
286.40 135.21
275.57 113.55
287.75 104.07
310.77 101.37
234.95 128.44
249.84 118.97
317.54 320.70
340.55 305.80
308.06 242.17
291.81 266.54
337.85 243.53
321.60 201.55
294.52 198.85
297.23 178.54
276.92 194.78
355.45 198.85
336.49 200.20
343.26 178.54
347.32 166.35
322.95 156.88
343.26 150.11
347.32 104.07
337.85 101.37
348.68 124.38
367.63 110.84
382.53 106.78
381.17 97.30
385.23 91.89
374.40 91.89
367.63 95.95
360.86 104.07
383.88 347.78
374.40 313.93
381.17 270.60
358.16 251.65
375.76 234.05
423.14 225.92
405.54 208.32
419.08 188.02
359.51 167.71
366.28 152.81
385.23 131.15
397.42 124.38
404.19 86.47
420.43 95.95
433.97 94.60
425.85 113.55
415.02 125.74
405.54 132.51
400.13 144.69
389.29 151.46
408.25 156.88
408.25 150.11
417.73 139.27
423.14 133.86
432.62 124.38
421.79 175.83
410.96 162.29
439.39 143.34
440.74 90.53
455.64 104.07
462.41 323.41
428.56 328.82
462.41 285.50
443.45 261.13
482.71 242.17
469.18 219.16
442.10 204.26
463.76 189.37
432.62 175.83
439.39 169.06
448.87 156.88
454.28 147.40
469.18 129.80
485.42 113.55
475.94 100.01
456.99 166.35
473.24 156.88
492.19 147.40
494.90 135.21
481.36 135.21
477.30 204.26
478.65 185.31
490.84 167.71
471.88 171.77
508.44 332.88
490.84 328.82
501.67 276.02
520.62 263.83
500.31 243.53
536.87 234.05
520.62 209.68
496.25 215.09
498.96 188.02
521.98 189.37
528.75 175.83
515.21 171.77
515.21 156.88
526.04 162.29
536.87 163.65
551.76 160.94
534.16 144.69
534.16 131.15
534.16 112.20
542.29 100.01
536.87 91.89
519.27 110.84
517.92 94.60
504.38 85.12
486.78 95.95
498.96 77.00
485.42 86.47
1008.03 290.91
998.55 254.36
1012.09 225.92
1003.97 235.40
1009.38 194.78
998.55 170.41
995.84 158.23
1018.86 150.11
991.78 116.26
962.00 135.21
975.53 154.17
966.06 167.71
951.16 156.88
936.27 140.63
938.98 175.83
974.18 198.85
936.27 220.51
963.35 224.57
979.60 235.40
968.76 251.65
932.21 270.60
926.79 346.42
901.07 229.99
901.07 204.26
924.09 205.62
911.90 171.77
925.44 150.11
914.61 133.86
898.36 143.34
895.65 123.03
875.35 156.88
882.12 110.84
888.88 147.40
894.30 166.35
883.47 178.54
882.12 229.99
875.35 271.96
853.68 254.36
859.10 219.16
852.33 185.31
863.16 162.29
852.33 158.23
852.33 137.92
869.93 140.63
867.22 120.32
861.81 112.20
853.68 125.74
836.08 114.90
833.37 143.34
837.44 129.80
841.50 156.88
841.50 204.26
818.48 209.68
827.96 234.05
791.40 223.22
795.47 188.02
807.65 158.23
798.17 170.41
787.34 140.63
811.71 137.92
803.59 124.38
817.13 114.90
806.30 90.53
792.76 104.07
779.22 105.43
768.39 114.90
760.26 94.60
779.22 90.53
790.05 85.12
745.37 94.60
734.54 95.95
733.19 116.26
739.96 106.78
750.79 106.78
761.62 137.92
761.62 125.74
769.74 139.27
776.51 152.81
772.45 162.29
760.26 152.81
739.96 151.46
718.29 137.92
718.29 121.67
718.29 106.78
722.35 156.88
726.42 175.83
741.31 175.83
756.20 166.35
754.85 182.60
771.10 181.25
776.51 196.14
752.14 200.20
726.42 194.78
734.54 223.22
772.45 224.57
765.68 244.88
745.37 258.42
790.05 251.65
769.74 289.56
804.94 290.91
841.50 305.80
718.29 313.93
734.54 285.50
708.82 270.60
706.11 239.46
708.82 220.51
704.75 194.78
703.40 160.94
688.51 166.35
696.63 143.34
684.45 123.03
699.34 114.90
687.15 112.20
688.51 94.60
702.05 87.83
708.82 100.01
708.82 104.07
670.91 90.53
674.97 104.07
670.91 118.97
657.37 114.90
657.37 106.78
649.24 94.60
635.71 101.37
642.47 118.97
641.12 128.44
647.89 128.44
654.66 139.27
666.84 132.51
683.09 141.98
672.26 147.40
662.78 167.71
650.60 150.11
647.89 163.65
643.83 185.31
673.61 185.31
681.74 217.80
683.09 234.05
653.31 225.92
639.77 242.17
672.26 258.42
685.80 290.91
650.60 290.91
668.20 328.82
635.71 346.42
630.29 276.02
611.33 266.54
619.46 185.31
599.15 217.80
599.15 178.54
612.69 170.41
611.33 152.81
620.81 140.63
635.71 150.11
628.94 135.21
605.92 137.92
607.27 123.03
607.27 85.12
580.20 104.07
592.38 128.44
581.55 121.67
586.96 140.63
586.96 156.88
597.80 151.46
586.96 175.83
582.90 196.14
565.30 181.25
573.43 162.29
561.24 158.23
569.36 147.40
561.24 139.27
566.66 132.51
565.30 125.74
565.30 114.90
558.53 100.01
569.36 105.43
551.76 123.03
551.76 140.63
551.76 194.78
568.01 235.40
585.61 225.92
554.47 262.48
546.35 299.04
596.44 286.85
593.73 323.41
296.10 103.74
347.55 94.93
366.50 118.63
567.56 102.04
570.94 86.47
558.76 79.70
549.62 74.29
506.63 80.38
528.30 84.10
547.25 94.26
575.68 116.94
593.28 91.21
565.19 169.40
852.44 96.29
865.98 81.73
863.61 73.95
844.32 71.58
827.06 68.53
792.87 78.35
796.59 100.01
789.15 91.55
835.52 104.41
839.92 91.55
729.91 81.73
727.88 72.26
717.05 77.00
711.64 82.07
587.08 63.12
621.94 73.95
631.76 77.67
644.28 83.76
654.43 77.00
698.10 64.47
685.91 64.81
644.96 106.44
689.30 107.46
552.89 108.47
652.65 201.64
822.46 182.20
982.05 339.74
980.00 404.19
735.51 349.97
759.04 381.68
