979.95 435.78
923.09 397.87
856.75 372.15
810.71 378.92
779.57 404.64
851.33 470.98
732.19 492.64
718.65 410.06
665.84 399.22
619.81 435.78
684.80 468.27
553.47 416.82
530.45 372.15
476.30 369.44
477.65 433.07
411.31 433.07
377.46 410.06
342.26 385.69
309.77 381.62
216.35 361.31
175.73 389.75
113.45 385.69
221.76 426.30
275.92 423.59
334.14 442.55
308.41 489.94
232.60 487.23
997.55 156.88
970.47 137.92
943.39 137.92
931.21 114.90
879.76 125.74
898.72 141.98
882.47 160.94
908.19 189.37
937.98 198.85
969.12 173.12
1002.97 225.92
973.18 257.06
966.41 282.79
931.21 280.08
927.15 242.17
854.04 185.31
832.37 133.86
810.71 137.92
831.02 204.26
816.13 235.40
816.13 254.36
794.47 205.62
775.51 229.99
783.63 286.85
851.33 286.85
816.13 311.22
802.59 334.24
760.62 334.24
756.56 255.71
747.08 234.05
752.49 213.74
799.88 158.23
816.13 113.55
795.82 110.84
782.28 106.78
774.16 105.43
763.33 95.95
782.28 144.69
761.97 147.40
751.14 140.63
761.97 175.83
745.73 162.29
752.49 147.40
726.77 147.40
722.71 160.94
729.48 129.80
737.60 135.21
748.43 113.55
736.25 104.07
713.23 101.37
789.05 128.44
774.16 118.97
706.46 320.70
683.45 305.80
715.94 242.17
732.19 266.54
686.15 243.53
702.40 201.55
729.48 198.85
726.77 178.54
747.08 194.78
668.55 198.85
687.51 200.20
680.74 178.54
676.68 166.35
701.05 156.88
680.74 150.11
676.68 104.07
686.15 101.37
675.32 124.38
656.37 110.84
641.47 106.78
642.83 97.30
638.77 91.89
649.60 91.89
656.37 95.95
663.14 104.07
640.12 347.78
649.60 313.93
642.83 270.60
665.84 251.65
648.24 234.05
600.86 225.92
618.46 208.32
604.92 188.02
664.49 167.71
657.72 152.81
638.77 131.15
626.58 124.38
619.81 86.47
603.57 95.95
590.03 94.60
598.15 113.55
608.98 125.74
618.46 132.51
623.87 144.69
634.71 151.46
615.75 156.88
615.75 150.11
606.27 139.27
600.86 133.86
591.38 124.38
602.21 175.83
613.04 162.29
584.61 143.34
583.26 90.53
568.36 104.07
561.59 323.41
595.44 328.82
561.59 285.50
580.55 261.13
541.29 242.17
554.82 219.16
581.90 204.26
560.24 189.37
591.38 175.83
584.61 169.06
575.13 156.88
569.72 147.40
554.82 129.80
538.58 113.55
548.06 100.01
567.01 166.35
550.76 156.88
531.81 147.40
529.10 135.21
542.64 135.21
546.70 204.26
545.35 185.31
533.16 167.71
552.12 171.77
515.56 332.88
533.16 328.82
522.33 276.02
503.38 263.83
523.69 243.53
487.13 234.05
503.38 209.68
527.75 215.09
525.04 188.02
502.02 189.37
495.25 175.83
508.79 171.77
508.79 156.88
497.96 162.29
487.13 163.65
472.24 160.94
489.84 144.69
489.84 131.15
489.84 112.20
481.71 100.01
487.13 91.89
504.73 110.84
506.08 94.60
519.62 85.12
537.22 95.95
525.04 77.00
538.58 86.47
15.97 290.91
25.45 254.36
11.91 225.92
20.03 235.40
14.62 194.78
25.45 170.41
28.16 158.23
5.14 150.11
32.22 116.26
62.00 135.21
48.47 154.17
57.94 167.71
72.84 156.88
87.73 140.63
85.02 175.83
49.82 198.85
87.73 220.51
60.65 224.57
44.40 235.40
55.24 251.65
91.79 270.60
97.21 346.42
122.93 229.99
122.93 204.26
99.91 205.62
112.10 171.77
98.56 150.11
109.39 133.86
125.64 143.34
128.35 123.03
148.65 156.88
141.88 110.84
135.12 147.40
129.70 166.35
140.53 178.54
141.88 229.99
148.65 271.96
170.32 254.36
164.90 219.16
171.67 185.31
160.84 162.29
171.67 158.23
171.67 137.92
154.07 140.63
156.78 120.32
162.19 112.20
170.32 125.74
187.92 114.90
190.63 143.34
186.56 129.80
182.50 156.88
182.50 204.26
205.52 209.68
196.04 234.05
232.60 223.22
228.53 188.02
216.35 158.23
225.83 170.41
236.66 140.63
212.29 137.92
220.41 124.38
206.87 114.90
217.70 90.53
231.24 104.07
244.78 105.43
255.61 114.90
263.74 94.60
244.78 90.53
233.95 85.12
278.63 94.60
289.46 95.95
290.81 116.26
284.04 106.78
273.21 106.78
262.38 137.92
262.38 125.74
254.26 139.27
247.49 152.81
251.55 162.29
263.74 152.81
284.04 151.46
305.71 137.92
305.71 121.67
305.71 106.78
301.65 156.88
297.58 175.83
282.69 175.83
267.80 166.35
269.15 182.60
252.90 181.25
247.49 196.14
271.86 200.20
297.58 194.78
289.46 223.22
251.55 224.57
258.32 244.88
278.63 258.42
233.95 251.65
254.26 289.56
219.06 290.91
182.50 305.80
305.71 313.93
289.46 285.50
315.18 270.60
317.89 239.46
315.18 220.51
319.25 194.78
320.60 160.94
335.49 166.35
327.37 143.34
339.55 123.03
324.66 114.90
336.85 112.20
335.49 94.60
321.95 87.83
315.18 100.01
315.18 104.07
353.09 90.53
349.03 104.07
353.09 118.97
366.63 114.90
366.63 106.78
374.76 94.60
388.29 101.37
381.53 118.97
382.88 128.44
376.11 128.44
369.34 139.27
357.16 132.51
340.91 141.98
351.74 147.40
361.22 167.71
373.40 150.11
376.11 163.65
380.17 185.31
350.39 185.31
342.26 217.80
340.91 234.05
370.69 225.92
384.23 242.17
351.74 258.42
338.20 290.91
373.40 290.91
355.80 328.82
388.29 346.42
393.71 276.02
412.67 266.54
404.54 185.31
424.85 217.80
424.85 178.54
411.31 170.41
412.67 152.81
403.19 140.63
388.29 150.11
395.06 135.21
418.08 137.92
416.73 123.03
416.73 85.12
443.80 104.07
431.62 128.44
442.45 121.67
437.04 140.63
437.04 156.88
426.20 151.46
437.04 175.83
441.10 196.14
458.70 181.25
450.57 162.29
462.76 158.23
454.64 147.40
462.76 139.27
457.34 132.51
458.70 125.74
458.70 114.90
465.47 100.01
454.64 105.43
472.24 123.03
472.24 140.63
472.24 194.78
455.99 235.40
438.39 225.92
469.53 262.48
477.65 299.04
427.56 286.85
430.27 323.41
727.90 103.74
676.45 94.93
657.50 118.63
456.44 102.04
453.06 86.47
465.24 79.70
474.38 74.29
517.37 80.38
495.70 84.10
476.75 94.26
448.32 116.94
430.72 91.21
458.81 169.40
171.56 96.29
158.02 81.73
160.39 73.95
179.68 71.58
196.94 68.53
231.13 78.35
227.41 100.01
234.85 91.55
188.48 104.41
184.08 91.55
294.09 81.73
296.12 72.26
306.95 77.00
312.36 82.07
436.92 63.12
402.06 73.95
392.24 77.67
379.72 83.76
369.57 77.00
325.90 64.47
338.09 64.81
379.04 106.44
334.70 107.46
471.11 108.47
371.35 201.64
201.54 182.20
41.95 339.74
44.00 404.19
288.49 349.97
264.96 381.68
