28.25 275.15
74.29 281.92
105.43 307.64
33.67 373.98
152.81 395.64
166.35 313.06
219.16 302.22
265.19 338.78
200.20 371.27
331.53 319.82
354.55 275.15
408.70 272.44
407.35 336.07
473.69 336.07
507.54 313.06
542.74 288.69
575.23 284.62
550.86 345.55
576.59 392.94
5.24 28.74
2.53 63.94
30.96 88.31
52.63 36.86
74.29 40.92
53.98 107.26
68.87 138.40
68.87 157.36
90.53 108.62
109.49 132.99
101.37 189.85
33.67 189.85
68.87 214.22
82.41 237.24
124.38 237.24
128.44 158.71
137.92 137.05
132.51 116.74
85.12 61.23
68.87 16.55
89.18 13.84
102.72 9.78
110.84 8.43
102.72 47.69
123.03 50.40
133.86 43.63
123.03 78.83
139.27 65.29
132.51 50.40
158.23 50.40
162.29 63.94
155.52 32.80
147.40 38.21
136.57 16.55
148.75 7.07
171.77 4.37
95.95 31.44
110.84 21.97
178.54 223.70
201.55 208.80
169.06 145.17
152.81 169.54
198.85 146.53
182.60 104.55
155.52 101.85
158.23 81.54
137.92 97.78
216.45 101.85
197.49 103.20
204.26 81.54
208.32 69.35
183.95 59.88
204.26 53.11
208.32 7.07
198.85 4.37
209.68 27.38
228.63 13.84
243.53 9.78
242.17 0.30
221.86 7.07
244.88 250.78
235.40 216.93
242.17 173.60
219.16 154.65
236.76 137.05
284.14 128.92
266.54 111.32
280.08 91.02
220.51 70.71
227.28 55.81
246.23 34.15
258.42 27.38
286.85 16.55
276.02 28.74
266.54 35.51
261.13 47.69
250.29 54.46
269.25 59.88
269.25 53.11
278.73 42.27
284.14 36.86
293.62 27.38
282.79 78.83
271.96 65.29
300.39 46.34
316.64 7.07
323.41 226.41
289.56 231.82
323.41 188.50
304.45 164.13
343.71 145.17
330.18 122.16
303.10 107.26
324.76 92.37
293.62 78.83
300.39 72.06
309.87 59.88
315.28 50.40
330.18 32.80
346.42 16.55
336.94 3.01
317.99 69.35
334.24 59.88
353.19 50.40
355.90 38.21
342.36 38.21
338.30 107.26
339.65 88.31
351.84 70.71
332.88 74.77
369.44 235.88
351.84 231.82
362.67 179.02
381.62 166.83
361.31 146.53
397.87 137.05
381.62 112.68
357.25 118.09
359.96 91.02
382.98 92.37
389.75 78.83
376.21 74.77
376.21 59.88
387.04 65.29
397.87 66.65
412.76 63.94
395.16 47.69
395.16 34.15
395.16 15.20
403.29 3.01
380.27 13.84
594.19 19.26
579.29 40.92
579.29 24.67
579.29 9.78
583.35 59.88
587.42 78.83
587.42 97.78
595.54 126.22
579.29 216.93
595.54 188.50
569.82 173.60
567.11 142.46
569.82 123.51
565.75 97.78
564.40 63.94
549.51 69.35
557.63 46.34
545.45 26.03
560.34 17.90
548.15 15.20
569.82 3.01
569.82 7.07
535.97 7.07
531.91 21.97
518.37 17.90
518.37 9.78
496.71 4.37
503.47 21.97
502.12 31.44
508.89 31.44
515.66 42.27
527.84 35.51
544.09 44.98
533.26 50.40
523.78 70.71
511.60 53.11
508.89 66.65
504.83 88.31
534.61 88.31
542.74 120.80
544.09 137.05
514.31 128.92
500.77 145.17
533.26 161.42
546.80 193.91
511.60 193.91
529.20 231.82
496.71 249.42
491.29 179.02
472.33 169.54
480.46 88.31
460.15 120.80
460.15 81.54
473.69 73.41
472.33 55.81
481.81 43.63
496.71 53.11
489.94 38.21
466.92 40.92
468.27 26.03
441.20 7.07
453.38 31.44
442.55 24.67
447.96 43.63
447.96 59.88
458.80 54.46
447.96 78.83
443.90 99.14
426.30 84.25
434.43 65.29
422.24 61.23
430.36 50.40
422.24 42.27
427.66 35.51
426.30 28.74
426.30 17.90
419.53 3.01
430.36 8.43
412.76 26.03
412.76 43.63
412.76 97.78
429.01 138.40
446.61 128.92
415.47 165.48
407.35 202.04
457.44 189.85
454.73 226.41
157.10 6.74
227.50 21.63
428.56 5.04
436.68 19.94
426.19 72.40
505.96 9.44
550.30 10.46
413.89 11.47
513.65 104.64
