183.85 9.09
193.25 17.44
186.98 17.44
183.33 25.79
180.72 29.96
188.81 11.21
194.29 3.91
200.29 18.26
202.12 12.00
199.25 6.26
208.12 9.13
207.08 13.30
214.65 1.30
214.91 5.99
220.13 8.08
223.26 7.82
230.83 7.56
215.17 14.35
169.24 6.80
164.93 9.02
132.05 3.41
138.18 1.84
136.23 10.06
121.22 10.71
118.61 4.97
112.61 13.71
96.56 9.02
103.74 6.28
104.00 1.32
239.70 14.61
256.92 2.86
267.36 3.12
229.52 21.13
233.96 29.74
237.35 27.65
239.18 22.70
224.56 24.78
212.56 26.87
210.99 32.09
204.21 27.92
198.21 26.09
199.51 31.31
188.81 30.79
194.29 49.57
191.94 54.53
195.60 61.32
204.47 55.32
207.60 46.70
208.90 52.97
213.60 62.62
210.47 68.10
204.73 66.54
224.04 65.49
219.86 52.18
230.04 58.19
230.56 48.27
239.18 61.06
225.61 51.40
222.74 42.53
227.43 41.22
241.26 48.79
247.79 68.36
241.52 68.10
253.27 68.62
261.10 70.71
256.14 71.76
143.40 11.48
143.66 14.35
148.62 4.17
159.06 15.91
152.54 13.56
159.58 25.83
164.02 22.44
163.76 31.83
157.50 36.27
154.36 43.57
156.97 47.75
171.59 46.70
172.11 36.27
168.20 61.58
163.76 70.19
158.02 61.58
155.15 54.53
145.49 56.36
145.49 44.62
137.92 48.53
142.62 63.14
148.36 69.41
177.59 60.54
178.63 54.01
183.85 57.93
181.24 68.10
250.40 58.97
253.27 54.53
249.35 48.79
244.39 44.62
245.96 39.92
236.83 38.35
242.31 32.87
250.40 32.35
252.75 33.66
253.79 24.26
249.61 21.13
257.18 8.87
258.49 32.35
262.40 39.40
259.79 46.70
265.79 56.88
273.10 56.62
275.71 69.41
283.02 58.71
273.62 37.31
136.10 67.32
134.79 59.49
129.05 55.32
122.53 67.06
119.13 63.14
110.52 70.71
110.78 60.27
101.39 60.80
101.39 67.06
95.65 62.36
89.65 64.71
85.99 65.49
80.51 65.49
79.73 59.49
83.38 53.49
86.52 58.97
99.56 55.58
92.78 52.18
89.91 53.75
93.56 48.01
98.52 46.97
104.26 45.92
112.09 45.40
112.61 50.88
121.74 31.83
125.40 42.53
125.92 47.49
130.36 46.18
113.65 34.70
106.87 34.96
102.17 34.18
94.34 40.96
87.30 42.79
86.78 37.83
85.73 35.74
79.47 37.31
77.12 36.53
75.82 47.23
72.95 45.92
69.55 50.10
66.42 50.88
55.98 49.31
60.94 47.75
78.95 41.22
82.34 41.22
58.85 44.62
57.55 44.88
42.41 44.36
55.20 64.71
54.16 73.32
70.60 74.11
70.60 63.41
62.77 68.62
76.86 72.80
47.63 62.62
39.54 65.23
39.28 72.28
30.93 64.97
33.28 41.75
33.28 22.70
37.45 13.82
41.11 23.48
53.90 13.56
67.99 14.08
46.59 17.74
82.86 7.30
61.20 15.65
87.56 14.87
96.17 3.65
68.25 2.34
59.11 4.17
47.37 0.78
43.98 3.12
30.93 0.51
33.54 10.17
39.28 6.26
67.20 26.83
74.51 26.83
53.63 29.44
41.63 35.18
49.46 32.57
41.11 29.96
21.28 45.10
25.97 49.27
313.81 4.39
321.64 7.00
293.98 19.52
284.58 18.48
285.10 23.70
309.63 31.53
300.24 40.40
326.34 1.26
341.99 6.48
353.48 4.91
359.22 3.34
348.78 21.09
355.56 20.05
308.07 51.36
296.06 51.88
284.58 51.36
301.28 58.15
316.94 53.45
332.08 52.93
320.07 63.89
326.34 43.53
346.17 52.93
336.25 43.01
343.04 44.05
341.99 37.27
348.78 36.23
355.56 37.79
362.35 35.18
364.44 40.92
290.85 361.21
271.01 357.04
159.84 361.74
104.00 360.69
112.87 357.56
101.91 334.08
87.82 350.25
77.38 348.17
65.90 352.86
48.68 350.25
15.80 326.77
5.36 318.42
25.19 315.81
37.72 340.34
34.06 354.95
73.21 323.64
83.12 328.86
94.60 321.03
118.61 312.15
127.49 327.29
136.36 312.15
139.49 333.55
150.45 351.82
167.67 339.29
183.33 349.21
183.85 336.68
205.77 343.47
198.47 333.55
167.67 315.81
155.15 310.59
144.19 292.32
161.93 291.28
154.10 279.80
180.72 295.45
186.98 314.24
204.21 319.98
212.56 329.90
228.74 329.90
248.05 331.47
268.40 337.21
285.63 341.90
301.28 337.73
327.38 346.08
325.29 363.30
303.37 364.35
339.91 354.95
345.12 342.43
361.83 356.52
361.83 335.64
348.78 321.55
323.73 322.07
299.72 325.20
284.06 314.76
266.32 322.07
243.87 312.68
227.69 309.02
111.31 302.24
95.13 291.80
70.60 314.76
65.90 299.63
47.11 309.54
37.19 298.58
13.71 291.28
14.75 271.45
28.32 263.62
49.72 261.53
40.33 250.57
61.20 269.88
78.95 273.53
89.91 266.23
94.08 275.62
109.22 267.27
117.57 252.66
125.92 278.23
140.53 274.58
138.97 259.44
125.92 247.44
158.28 262.05
166.63 273.53
177.59 259.44
192.73 265.70
183.33 280.84
213.08 284.49
226.65 295.45
242.83 289.19
261.62 285.54
277.28 279.27
295.54 268.84
309.11 298.06
292.93 295.98
306.50 311.11
322.68 297.02
338.86 289.19
347.73 305.89
362.87 298.58
357.65 283.97
358.69 265.70
338.34 250.05
349.30 250.05
364.96 245.87
359.22 234.39
16.32 46.94
11.21 35.69
5.07 38.76
3.54 21.88
27.07 28.53
15.81 24.44
20.93 28.02
20.93 20.35
26.04 18.81
7.12 53.59
14.28 68.94
16.84 79.68
4.56 78.14
24.00 80.70
36.27 80.19
37.30 94.51
33.20 83.26
43.95 87.35
50.59 85.31
58.78 88.89
59.80 80.70
71.57 88.37
77.70 88.37
75.15 78.66
80.26 79.68
84.86 80.19
97.65 103.72
108.39 101.16
113.00 92.47
124.25 96.56
134.99 101.16
129.36 92.47
140.62 90.93
148.29 95.54
139.59 84.79
130.90 75.59
160.05 97.07
161.59 107.30
149.31 84.28
139.59 79.17
156.98 84.79
155.96 73.54
164.14 89.91
174.37 92.98
181.54 97.07
178.47 105.25
75.15 108.83
82.31 108.32
64.40 104.23
53.66 107.30
200.46 86.33
204.55 75.08
189.72 77.12
184.60 80.70
185.12 87.86
214.27 97.58
209.67 75.08
232.17 100.65
222.45 89.91
227.06 81.72
238.82 80.70
244.96 81.72
256.72 80.70
266.44 83.77
273.09 83.26
273.09 75.59
288.44 74.56
294.57 85.31
290.48 87.35
291.51 97.58
280.76 103.72
276.16 105.76
329.87 58.71
321.68 58.71
298.67 74.05
295.09 70.47
336.52 57.17
339.59 52.57
345.21 72.01
349.30 52.06
1.49 106.79
4.56 94.00
13.26 105.25
20.93 94.00
15.81 94.51
26.04 92.98
20.16 104.74
33.72 109.86
37.81 106.02
45.99 107.55
56.73 97.84
0.72 20.09
11.21 9.09
0.47 9.35
92.54 69.70
86.40 70.22
126.55 61.78
304.80 208.93
314.52 205.35
307.62 189.24
308.13 177.47
305.06 161.11
297.90 166.99
291.51 178.75
290.23 194.35
279.74 187.70
272.32 207.40
276.16 216.60
253.66 210.21
261.58 194.86
262.09 214.30
255.96 185.66
258.77 170.06
273.09 166.73
271.05 157.78
277.44 156.50
268.49 112.00
284.34 109.96
266.70 123.51
313.24 112.00
244.19 181.31
238.57 183.87
234.47 217.11
219.39 212.00
202.76 175.68
209.67 177.22
218.36 169.80
231.66 172.61
222.45 146.27
242.66 148.06
233.45 135.79
241.89 131.95
246.24 131.70
249.56 119.42
241.89 123.26
225.78 116.35
233.71 127.60
183.58 205.09
191.51 200.75
192.02 187.45
175.40 190.77
185.12 176.19
182.30 165.71
163.12 182.08
158.77 180.29
152.12 182.84
154.17 192.56
144.96 215.32
187.67 136.55
176.42 140.39
171.31 146.27
167.73 153.18
158.52 149.34
159.29 135.28
151.10 149.85
145.73 158.04
136.01 166.22
132.94 153.69
133.97 146.02
144.96 142.44
134.22 139.37
165.94 116.35
163.38 124.02
151.36 123.26
142.15 114.05
186.14 111.75
193.04 131.95
212.48 149.34
157.24 162.90
167.47 161.11
170.79 176.45
132.69 203.81
146.24 202.28
118.37 217.37
109.42 208.93
119.39 197.68
83.07 208.16
65.43 212.00
75.40 195.12
67.99 204.07
85.38 214.30
87.42 197.93
85.63 192.56
74.38 186.42
77.96 178.75
63.13 183.61
70.03 175.94
93.82 176.71
108.14 176.45
104.30 161.87
89.21 167.76
79.75 169.03
69.52 160.08
70.03 140.13
67.73 136.04
68.24 120.19
74.38 126.58
81.80 121.47
90.49 129.39
88.44 120.19
94.84 114.82
102.00 126.07
82.56 141.41
87.42 148.57
94.58 151.39
101.23 140.39
108.90 136.04
117.34 172.87
120.16 161.87
110.95 157.01
78.73 113.54
134.22 134.00
143.94 125.05
132.18 121.98
124.50 133.23
131.41 114.30
213.76 206.37
204.04 222.74
206.60 236.04
205.06 249.85
192.79 237.57
181.54 245.25
187.67 225.81
172.33 230.41
162.61 215.07
161.08 241.15
153.92 235.02
143.69 232.46
129.88 223.25
110.44 238.08
91.00 228.37
98.67 218.65
97.14 207.40
73.61 221.72
75.66 238.60
57.24 224.27
42.92 212.00
46.50 198.19
49.06 184.89
53.15 172.10
50.08 160.85
53.66 147.04
61.34 149.09
256.72 135.28
308.38 104.07
299.69 100.49
271.56 93.84
262.35 93.84
255.19 94.36
256.21 100.49
250.59 98.96
319.77 171.34
325.90 165.45
309.02 150.11
316.44 138.34
316.70 130.93
323.60 113.28
325.14 103.31
326.93 108.17
334.60 124.79
338.69 115.33
346.62 126.07
351.99 122.49
346.87 112.51
360.17 122.74
344.06 172.36
351.22 168.52
339.20 158.29
345.34 158.55
358.38 168.27
361.71 132.21
354.55 101.26
345.34 88.22
334.60 100.24
332.81 90.01
362.47 86.94
332.81 137.07
334.09 144.23
227.44 96.15
352.37 143.46
361.58 155.22
311.97 217.63
307.87 226.83
297.64 230.41
288.44 243.71
286.90 252.41
278.21 232.46
265.42 225.81
265.93 244.22
250.07 222.74
239.33 242.69
216.83 243.20
224.50 226.32
253.66 236.04
242.40 169.55
6.09 244.99
4.05 236.55
0.72 207.65
16.07 224.53
31.93 221.21
24.25 173.38
41.39 187.45
40.36 168.01
8.40 197.68
21.18 200.49
32.18 197.17
5.58 182.08
0.47 178.24
9.93 171.85
11.21 162.13
24.25 162.90
19.91 152.92
33.46 151.39
34.74 162.90
1.24 162.13
5.07 154.20
9.16 141.92
25.02 141.92
16.32 127.60
12.23 118.91
27.58 113.79
25.02 127.09
37.81 130.67
38.83 143.97
47.01 134.25
58.27 123.51
48.04 113.28
49.06 119.42
18.88 8.09
22.72 2.47
26.04 12.44
21.44 12.95
