351.54 5.36
347.23 13.58
363.93 27.02
331.05 21.41
337.18 19.84
335.23 28.06
320.22 28.71
317.61 22.97
311.61 31.71
295.56 27.02
302.74 24.28
303.00 19.32
303.26 9.53
297.78 2.10
321.79 14.86
316.05 12.25
311.09 8.60
326.75 4.68
341.36 1.29
342.40 29.48
342.66 32.35
347.62 22.17
358.06 33.91
351.54 31.56
358.58 43.83
363.02 40.44
362.76 49.83
356.50 54.27
353.36 61.57
355.97 65.75
362.76 88.19
357.02 79.58
354.15 72.53
344.49 74.36
344.49 62.62
336.92 66.53
341.62 81.14
347.36 87.41
335.10 85.32
333.79 77.49
328.05 73.32
321.53 85.06
318.13 81.14
309.52 88.71
309.78 78.27
300.39 78.80
300.39 85.06
294.65 80.36
288.65 82.71
284.99 83.49
279.51 83.49
278.73 77.49
282.38 71.49
285.52 76.97
298.56 73.58
291.78 70.18
288.91 71.75
292.56 66.01
297.52 64.97
303.26 63.92
311.09 63.40
311.61 68.88
320.74 49.83
324.40 60.53
324.92 65.49
329.36 64.18
312.65 52.70
305.87 52.96
301.17 52.18
293.34 58.96
286.30 60.79
285.78 55.83
284.73 53.74
278.47 55.31
276.12 54.53
274.82 65.23
271.95 63.92
268.55 68.10
265.42 68.88
254.98 67.31
259.94 65.75
277.95 59.22
281.34 59.22
257.85 62.62
256.55 62.88
241.41 62.36
254.20 82.71
253.16 91.32
269.60 92.11
269.60 81.41
261.77 86.62
275.86 90.80
246.63 80.62
238.54 83.23
238.28 90.28
229.93 82.97
232.28 59.75
232.28 40.70
236.45 31.82
240.11 41.48
252.90 31.56
266.99 32.08
245.59 35.74
281.86 25.30
260.20 33.65
286.56 32.87
289.95 16.95
281.86 8.86
275.34 9.38
273.25 10.43
295.17 21.65
296.74 15.91
267.25 20.34
251.33 16.17
258.11 22.17
246.37 18.78
242.98 21.12
229.93 18.51
233.06 12.25
237.24 5.47
228.89 2.34
232.02 7.03
333.53 13.03
336.92 13.03
308.74 3.12
249.24 6.51
253.42 10.43
255.77 8.34
262.29 1.29
260.99 6.77
240.11 9.64
232.54 28.17
238.28 24.26
266.20 44.83
273.51 44.83
252.63 47.44
240.63 53.18
248.46 50.57
240.11 47.96
220.28 63.10
224.97 67.27
300.91 352.08
123.46 358.86
143.81 358.86
161.56 353.64
174.61 358.86
192.87 351.55
214.80 344.77
204.36 336.42
224.19 333.81
236.72 358.34
272.21 341.64
282.12 346.86
293.60 339.03
317.61 330.15
326.49 345.29
335.36 330.15
338.49 351.55
354.15 328.59
343.19 310.32
360.93 309.28
353.10 297.80
310.31 320.24
294.13 309.80
269.60 332.76
264.90 317.63
246.11 327.54
236.19 316.58
212.71 309.28
190.27 311.89
177.74 314.50
162.60 316.58
165.21 335.90
141.73 333.29
133.38 321.80
117.20 328.59
129.72 312.41
143.29 312.93
116.15 300.93
140.16 284.75
132.85 267.52
122.42 268.57
119.28 255.00
134.42 258.13
153.21 286.84
160.52 286.84
179.31 283.18
197.57 291.53
213.75 289.45
227.32 281.62
248.72 279.53
239.33 268.57
260.20 287.88
277.95 291.53
288.91 284.23
293.08 293.62
308.22 285.27
316.57 270.66
324.92 296.23
339.53 292.58
337.97 277.44
324.92 265.44
357.28 280.05
215.32 64.94
210.21 53.69
204.07 56.76
193.33 46.53
202.54 39.88
184.12 42.95
188.73 39.37
177.99 42.95
171.85 47.55
163.66 37.83
158.04 38.35
153.95 48.58
151.90 53.69
143.72 39.88
139.11 45.51
140.65 51.64
136.56 38.86
135.53 41.42
127.35 38.86
130.42 47.55
226.07 46.53
214.81 42.44
219.93 46.02
219.93 38.35
225.04 36.81
162.13 58.29
171.85 60.34
172.36 65.97
179.01 62.90
185.66 65.97
179.01 70.57
167.76 75.68
163.66 73.64
156.50 69.55
141.16 64.43
134.51 66.48
134.51 59.83
133.49 53.69
206.12 71.59
198.45 73.13
213.28 86.94
195.38 77.73
215.84 97.68
203.56 96.14
223.00 98.70
235.27 98.19
236.30 112.51
232.20 101.26
242.95 105.35
249.59 103.31
257.78 106.89
258.80 98.70
270.57 106.37
276.70 106.37
274.15 96.66
279.26 97.68
283.86 98.19
296.65 121.72
307.39 119.16
312.00 110.47
323.25 114.56
333.99 119.16
328.36 110.47
339.62 108.93
347.29 113.54
338.59 102.79
329.90 93.59
359.05 115.07
360.59 125.30
348.31 102.28
338.59 97.17
355.98 102.79
354.96 91.54
363.14 107.91
274.15 126.83
281.31 126.32
263.40 122.23
252.66 125.30
132.46 74.15
121.21 80.29
130.93 83.87
129.39 89.50
145.25 75.68
147.81 79.27
136.56 96.14
127.35 92.56
118.65 104.33
127.35 101.26
145.76 101.26
147.30 96.14
196.91 134.51
182.08 136.55
200.49 124.79
187.70 115.07
198.45 112.00
203.56 112.00
212.26 123.25
219.93 112.00
214.81 112.51
225.04 110.98
194.61 58.04
151.13 37.07
140.65 32.98
142.95 27.86
164.18 29.14
172.36 28.37
108.17 73.13
117.63 68.52
99.73 71.59
107.91 59.57
103.31 47.81
98.71 62.90
111.24 46.27
115.84 40.39
109.96 92.82
97.94 93.84
104.33 104.84
95.64 114.56
93.59 108.68
93.85 122.49
100.24 125.81
109.70 126.32
112.52 118.39
120.44 128.11
131.70 128.62
124.28 116.60
135.79 114.05
134.00 109.70
148.06 122.23
142.69 120.44
137.58 131.18
147.30 131.44
144.48 107.91
162.64 102.03
160.85 107.91
156.50 97.17
147.55 87.45
141.67 83.10
96.66 38.35
96.92 30.93
93.59 25.30
109.45 34.25
110.47 41.16
219.16 122.74
232.72 127.86
236.81 124.02
244.99 125.55
255.73 115.84
199.72 38.09
210.21 27.09
199.47 27.35
291.54 87.70
285.40 88.22
325.55 79.78
175.94 95.12
160.85 89.50
169.03 82.85
175.17 84.38
171.59 91.54
187.96 91.03
178.50 79.01
123.00 29.91
123.77 23.77
362.12 200.08
357.77 198.29
351.12 200.84
353.17 210.56
343.96 233.32
357.52 167.34
358.29 153.28
350.10 167.85
344.73 176.04
335.01 184.22
331.94 171.69
332.97 164.02
343.96 160.44
333.22 157.37
364.94 134.35
362.38 142.02
350.36 141.26
341.15 132.05
356.24 180.90
331.69 221.81
345.24 220.28
317.37 235.37
308.42 226.93
318.39 215.68
282.07 226.16
264.43 230.00
274.40 213.12
266.99 222.07
284.38 232.30
286.42 215.93
284.63 210.56
273.38 204.42
276.96 196.75
262.13 201.61
269.03 193.94
292.82 194.71
307.14 194.45
303.30 179.87
288.21 185.76
278.75 187.03
268.52 178.08
269.03 158.13
266.73 154.04
267.24 138.19
273.38 144.58
280.80 139.47
289.49 147.39
287.44 138.19
293.84 132.82
301.00 144.07
281.56 159.41
286.42 166.57
293.58 169.39
300.23 158.39
307.90 154.04
316.34 190.87
319.16 179.87
309.95 175.01
277.73 131.54
333.22 152.00
342.94 143.05
331.18 139.98
323.50 151.23
330.41 132.30
361.61 233.07
360.08 259.15
352.92 253.02
342.69 250.46
328.88 241.25
309.44 256.08
290.00 246.37
297.67 236.65
296.14 225.40
272.61 239.72
274.66 256.60
256.24 242.27
241.92 230.00
245.50 216.19
248.06 202.89
252.15 190.10
249.08 178.85
252.66 165.04
260.34 167.09
205.09 262.99
203.05 254.55
186.43 262.73
172.87 263.25
105.61 266.31
92.06 255.06
82.34 257.87
104.84 257.87
109.19 245.60
98.19 235.37
88.99 234.35
73.90 227.44
59.58 236.65
81.83 218.49
90.27 210.31
107.66 226.16
123.77 235.37
123.51 227.70
158.55 235.11
140.90 239.72
153.18 226.67
167.24 246.88
150.37 245.60
184.38 230.51
175.68 253.02
193.59 240.23
193.59 220.79
199.72 225.65
215.07 242.53
230.93 239.21
223.25 191.38
240.39 205.45
239.36 186.01
207.40 215.68
220.18 218.49
231.18 215.17
182.33 200.84
189.75 194.96
195.12 204.68
204.58 200.08
199.47 196.24
208.93 189.85
210.21 180.13
223.25 180.90
218.91 170.92
232.46 169.39
233.74 180.90
200.24 180.13
204.07 172.20
183.10 185.50
174.92 184.22
156.25 203.66
172.87 229.74
192.56 172.20
175.68 172.20
134.25 201.36
139.37 210.82
121.47 213.63
117.37 204.68
123.00 195.22
130.93 190.87
113.79 198.29
109.19 197.01
101.77 209.28
108.17 218.49
126.07 182.43
112.00 178.08
102.03 183.96
92.82 250.46
76.97 178.59
70.83 195.47
60.60 195.47
58.30 185.24
52.93 190.36
55.48 225.14
49.09 221.05
42.95 218.23
46.02 210.82
52.16 208.26
73.90 205.96
45.51 191.64
40.40 190.10
47.30 177.83
45.51 167.09
49.09 169.13
92.31 168.11
81.31 165.55
99.98 165.81
136.81 171.69
139.88 166.83
142.44 190.10
151.13 199.57
135.02 227.70
145.76 178.59
159.32 180.64
153.18 182.69
158.55 261.20
149.60 267.85
96.15 300.07
100.75 304.68
85.92 321.56
76.20 309.79
102.29 278.08
88.48 277.06
74.15 281.66
81.83 270.92
39.88 293.93
30.68 294.45
85.92 187.03
69.55 185.50
69.04 212.61
65.46 203.40
32.72 231.53
15.84 242.27
6.64 281.66
33.75 266.31
50.63 274.50
42.95 252.50
3.57 236.65
21.98 325.14
61.37 169.13
65.46 170.15
63.92 162.99
79.78 158.39
75.18 151.23
84.90 150.72
91.03 157.37
104.84 154.30
110.98 157.37
106.38 168.62
93.08 180.38
125.81 158.90
119.16 159.92
102.80 149.18
109.96 146.63
143.72 154.81
128.37 151.23
136.56 145.09
122.23 141.51
116.61 142.02
129.39 135.88
144.23 147.65
148.32 139.47
162.13 146.63
167.76 136.91
158.55 133.84
172.36 122.59
164.69 153.79
165.20 160.95
178.50 158.39
195.38 150.72
189.24 147.65
196.40 159.92
208.16 159.92
224.02 159.92
215.32 145.60
211.23 136.91
226.58 131.79
224.02 145.09
236.81 148.67
237.83 161.97
246.01 152.25
257.27 141.51
247.04 131.28
248.06 137.42
176.45 137.93
168.27 129.24
151.90 110.82
64.95 274.50
7.15 228.98
12.26 224.37
10.73 208.52
5.61 209.03
28.63 211.07
20.45 224.88
21.98 197.26
22.49 193.17
37.84 193.68
31.70 184.99
29.14 176.80
30.68 166.06
1.01 192.15
11.75 190.61
7.15 180.90
12.78 175.78
10.22 160.95
16.87 159.41
24.54 167.60
26.07 151.23
28.12 152.76
34.26 131.28
43.46 128.21
40.91 144.07
45.51 155.83
60.86 131.28
69.04 133.33
79.78 134.86
72.62 142.53
60.86 151.23
1.52 166.57
0.50 161.46
6.64 137.42
18.40 139.98
11.24 123.61
23.52 117.47
24.54 134.35
33.23 120.03
57.27 120.03
65.46 115.43
65.97 108.26
45.00 323.60
54.21 171.18
48.84 360.07
37.58 348.82
20.19 358.03
6.89 352.91
13.03 333.48
24.28 332.45
49.86 331.43
65.20 334.50
92.82 341.66
57.53 114.91
43.72 106.22
35.54 105.71
13.54 104.68
6.38 109.80
17.63 101.10
24.80 101.10
26.33 111.84
150.62 33.25
155.22 16.37
155.22 8.70
162.13 8.19
171.85 18.42
177.22 18.68
178.50 22.26
183.87 8.96
184.38 12.79
189.24 9.47
193.59 16.89
200.75 16.63
195.12 6.91
198.70 7.42
204.58 3.84
222.49 2.05
213.02 15.10
206.12 15.10
192.05 34.53
183.87 28.91
176.96 37.86
188.47 27.12
217.88 26.09
221.72 20.47
225.04 30.44
220.44 30.95
144.74 19.44
152.67 27.63
151.64 20.98
151.64 17.14
143.20 9.47
137.58 12.28
132.46 7.68
126.58 14.84
135.53 17.65
133.74 20.98
131.70 34.28
106.12 25.33
110.47 6.66
114.82 1.80
82.34 32.49
74.15 35.56
76.97 25.58
83.87 24.81
87.20 31.21
86.17 47.58
86.17 37.86
82.85 50.64
77.48 57.29
79.78 62.92
90.52 71.87
91.03 86.19
80.04 87.98
73.13 90.03
75.43 80.05
88.48 56.01
93.08 36.07
96.92 17.65
94.87 14.58
88.99 16.12
87.20 9.73
99.98 13.05
198.70 20.47
70.57 3.84
70.06 0.01
63.67 6.91
69.04 15.35
75.43 13.05
76.46 19.95
81.31 12.03
78.25 6.14
81.57 0.52
94.36 4.61
88.22 1.80
92.57 0.77
68.02 2.82
60.34 6.14
57.02 15.61
62.65 18.16
68.02 24.30
60.60 21.23
66.23 35.81
54.46 36.32
47.04 26.09
65.46 42.20
76.71 52.95
68.27 58.57
68.02 64.97
68.02 76.73
68.53 80.05
48.84 83.38
58.81 90.54
50.88 75.71
41.67 74.17
34.26 73.92
22.49 81.08
14.05 80.05
23.00 69.57
23.00 63.69
21.73 58.32
45.77 56.53
37.07 45.53
28.38 42.46
16.36 40.16
19.17 31.21
10.99 31.72
27.35 36.83
39.37 34.79
30.17 39.14
41.93 20.47
37.84 3.08
31.70 4.35
27.61 4.35
21.47 5.89
23.00 13.56
26.84 12.54
35.02 10.49
38.35 9.47
15.84 4.35
17.63 2.05
13.54 20.98
16.36 9.21
30.17 47.06
30.93 60.11
14.05 65.22
18.66 93.35
26.84 87.73
27.86 28.47
38.61 26.94
25.82 17.22
29.91 94.97
40.65 97.01
40.65 86.27
2.29 91.39
8.43 101.62
8.43 89.34
8.43 81.67
1.27 72.97
1.01 62.15
5.61 12.79
