53.00 351.73
29.51 332.42
24.82 324.59
44.13 314.68
71.79 351.73
106.23 361.65
14.12 305.36
137.29 345.03
158.17 345.03
160.25 357.56
173.82 358.60
361.73 55.59
360.71 46.90
359.94 77.84
357.64 98.56
355.59 92.68
355.85 106.49
362.24 109.81
358.66 22.35
358.92 14.93
355.59 9.30
354.06 239.06
344.34 241.87
360.19 219.37
350.99 218.35
335.90 211.44
321.58 220.65
343.83 202.49
352.27 194.31
363.77 193.28
364.03 167.96
354.82 234.46
338.97 162.59
332.83 179.47
322.60 179.47
320.30 169.24
314.93 174.36
317.48 209.14
311.09 205.05
304.95 202.23
308.02 194.82
314.16 192.26
335.90 189.96
307.51 175.64
302.40 174.10
309.30 161.83
307.51 151.09
311.09 153.13
354.31 152.11
343.31 149.55
361.98 149.81
358.15 284.07
362.75 288.68
347.92 305.56
338.20 293.79
364.29 262.08
350.48 261.06
336.15 265.66
343.83 254.92
301.88 277.93
292.68 278.45
347.92 171.03
331.55 169.50
331.04 196.61
327.46 187.40
294.72 215.53
277.84 226.27
268.64 265.66
295.75 250.31
312.63 258.50
304.95 236.50
265.57 220.65
259.94 299.93
283.98 309.14
323.37 153.13
327.46 154.15
325.92 146.99
341.78 142.39
337.18 135.23
346.90 134.72
353.03 141.37
355.08 164.38
364.80 133.18
326.95 258.50
233.34 264.64
214.42 269.75
207.26 259.01
208.79 244.18
215.95 250.31
226.70 252.36
184.24 251.85
193.45 242.64
186.29 235.48
229.76 304.02
219.02 295.84
239.48 290.72
245.11 237.53
221.58 219.63
198.56 203.77
190.38 195.59
185.78 185.87
194.47 176.66
206.75 180.24
211.86 191.49
218.51 192.52
244.60 219.11
269.15 212.98
274.26 208.37
258.41 208.37
246.64 210.42
246.64 203.26
246.13 197.12
257.38 197.63
272.73 192.52
267.61 193.03
290.63 195.07
282.45 208.88
283.98 181.26
284.49 177.17
299.84 177.68
293.70 168.99
291.14 160.80
292.68 150.06
257.90 167.96
251.25 181.26
242.04 173.59
251.76 166.94
263.01 176.15
273.75 174.61
269.15 164.90
274.78 159.78
272.22 144.95
278.87 143.41
286.54 151.60
288.07 135.23
290.12 136.76
296.26 115.28
305.46 112.21
302.91 128.07
307.51 139.83
322.86 115.28
331.04 117.33
341.78 118.86
334.62 126.53
322.86 135.23
263.52 150.57
262.50 145.46
257.90 121.42
252.27 121.42
261.48 121.42
268.64 121.42
280.40 123.98
244.09 142.39
251.25 133.70
240.51 133.70
231.30 153.64
229.25 143.92
182.71 146.99
196.52 146.99
205.72 165.41
215.95 165.41
223.11 171.03
228.74 170.01
204.70 126.02
210.84 130.11
178.10 117.84
186.80 108.12
198.56 107.61
211.86 113.75
231.30 108.12
238.97 116.82
248.69 110.68
242.55 115.28
251.76 104.54
259.94 104.03
273.24 107.61
285.52 101.47
286.54 118.35
295.23 104.03
319.27 104.03
327.46 99.43
327.97 92.26
183.22 302.49
307.00 307.60
316.21 155.18
220.56 130.11
228.23 120.91
359.94 363.51
340.50 358.39
327.20 358.39
310.84 344.07
299.58 332.82
282.19 342.03
263.78 359.42
268.89 336.91
275.03 317.48
286.28 316.45
311.86 315.43
327.20 318.50
354.82 325.66
214.68 338.96
193.19 341.00
148.18 326.68
136.93 323.61
153.30 295.99
142.04 295.99
192.17 311.34
88.85 323.61
103.17 339.98
99.08 310.31
21.08 308.78
43.58 295.99
36.42 291.39
23.12 294.97
61.48 282.18
66.60 304.69
86.55 298.04
74.27 282.18
107.52 270.93
91.15 266.84
127.47 279.62
104.96 287.30
128.49 261.72
97.29 241.26
85.52 249.45
54.84 259.17
37.96 267.86
7.78 266.84
12.38 253.54
0.62 242.29
17.50 219.78
15.96 211.09
49.72 243.31
25.17 243.31
43.58 234.61
62.00 230.52
55.86 225.92
76.83 232.06
38.47 245.36
89.62 259.68
100.36 257.12
109.05 258.65
115.70 259.68
65.06 208.53
50.23 203.41
85.52 209.55
95.75 208.02
102.40 228.99
108.03 220.80
100.87 215.69
116.73 230.52
114.68 238.19
147.93 262.75
139.74 216.71
147.93 225.92
157.13 228.99
158.16 252.00
168.39 223.87
67.11 270.93
139.74 204.95
158.67 208.02
174.52 198.30
176.57 224.38
162.25 184.49
171.97 187.56
34.38 197.79
134.12 312.36
54.84 195.74
54.32 188.07
59.44 192.16
73.76 177.84
67.62 177.33
21.59 182.95
113.14 208.02
99.33 183.21
169.92 120.55
170.69 112.62
161.74 114.67
159.69 131.80
153.30 123.37
148.18 134.36
154.83 142.29
174.78 134.11
170.94 146.64
147.67 159.94
140.00 133.08
132.33 130.01
119.54 126.43
120.31 117.74
124.65 110.07
129.26 107.25
132.33 109.55
137.44 112.88
140.25 103.67
132.07 100.60
122.35 101.37
124.40 94.47
131.56 96.51
131.56 91.65
137.18 98.30
150.74 98.56
104.45 93.70
117.75 89.86
95.75 102.39
79.13 110.58
86.55 117.74
75.55 108.79
66.09 108.79
67.62 102.39
71.97 100.09
77.34 94.21
82.20 92.16
55.60 94.98
50.23 92.16
45.88 94.98
34.38 98.30
106.24 166.33
119.79 164.80
116.47 171.19
148.69 180.40
140.25 186.02
122.86 185.00
91.92 169.14
90.38 157.89
85.52 125.67
102.40 127.20
93.96 122.60
89.36 137.43
89.87 145.36
85.52 143.57
81.18 152.78
68.13 156.87
67.11 163.26
69.92 168.63
50.23 162.75
42.82 171.96
20.31 162.75
33.86 154.57
43.84 153.54
18.78 154.05
18.26 147.92
17.50 142.29
9.06 142.55
34.89 141.01
45.88 144.08
29.26 136.41
26.19 126.69
13.40 126.95
22.10 112.37
18.52 107.25
9.31 109.81
30.28 114.93
42.05 110.07
49.21 111.60
41.28 122.09
60.46 120.81
55.35 114.93
21.33 97.79
9.31 100.09
10.85 91.91
20.82 87.31
106.24 134.62
119.03 144.59
45.12 131.55
218.26 101.63
223.37 93.95
213.91 93.95
188.85 90.89
199.33 95.49
222.35 87.05
233.09 90.63
238.46 90.37
249.46 88.58
256.11 92.68
101.38 142.55
110.08 149.20
52.79 125.16
53.30 151.24
63.53 145.10
168.64 263.26
179.89 277.58
6.76 188.58
12.89 189.60
66.22 76.56
59.57 87.31
46.52 83.98
91.02 79.89
93.58 73.75
75.93 76.56
73.12 72.73
87.95 68.64
69.54 81.42
81.82 76.05
86.42 73.75
105.86 71.70
107.39 65.57
99.97 69.40
21.97 30.02
27.34 34.11
29.64 37.69
31.69 41.53
22.48 41.02
24.27 47.15
26.83 52.27
25.04 56.87
14.56 47.41
14.56 40.25
17.11 55.34
18.14 59.43
12.51 61.48
36.29 58.15
42.18 68.12
35.78 72.47
28.88 76.05
22.23 66.59
47.55 61.99
55.73 63.01
49.59 68.89
45.50 74.52
53.43 55.59
58.80 54.31
72.10 47.15
61.87 43.57
93.07 46.90
83.35 47.66
77.72 41.53
1.51 34.62
0.49 47.66
47.29 23.62
17.37 22.09
21.20 23.37
30.92 24.65
34.76 28.23
47.80 33.60
64.17 27.46
87.70 20.04
76.70 20.56
119.79 44.18
70.69 26.28
249.46 307.25
0.11 10.43
5.22 3.78
11.36 12.98
13.92 10.94
11.36 19.12
2.66 84.59
3.69 17.59
55.86 70.27
65.58 66.18
62.51 63.11
71.71 62.60
81.43 64.64
80.41 57.99
72.74 57.48
22.10 7.87
32.33 2.24
319.53 98.91
305.72 90.22
297.54 89.71
275.54 88.68
268.38 93.80
279.63 85.10
286.80 85.10
288.33 95.84
344.34 16.49
336.15 19.56
338.97 9.58
345.87 8.81
349.20 15.21
348.17 31.58
348.17 21.86
344.85 34.64
339.48 41.29
341.78 46.92
352.52 55.87
353.03 70.19
342.04 71.98
335.13 74.03
337.43 64.05
350.48 40.01
355.08 20.07
358.92 1.65
350.99 0.12
338.46 3.95
324.65 2.16
330.02 8.30
322.60 5.23
328.23 19.81
316.46 20.32
309.04 10.09
327.46 26.20
338.71 36.95
330.27 42.57
330.02 48.97
330.02 60.73
330.53 64.05
310.84 67.38
320.81 74.54
312.88 59.71
303.67 58.17
296.26 57.92
284.49 65.08
276.05 64.05
285.00 53.57
285.00 47.69
283.73 42.32
307.77 40.53
299.07 29.53
290.38 26.46
278.36 24.16
281.17 15.21
272.99 15.72
289.35 20.83
301.37 18.79
292.17 23.14
303.93 4.47
275.54 4.98
292.17 31.06
292.93 44.11
276.05 49.22
280.66 77.35
288.84 71.73
289.86 12.47
300.61 10.94
287.82 1.22
291.91 78.97
302.65 81.01
302.65 70.27
264.29 75.39
270.43 85.62
270.43 73.34
270.43 65.67
263.27 56.97
196.26 84.59
196.77 78.45
210.07 76.41
223.88 76.92
219.79 71.29
231.55 62.60
204.70 73.26
181.94 70.96
171.71 70.96
159.43 67.64
151.25 77.10
141.02 71.22
120.05 59.20
116.98 70.96
137.70 63.80
145.11 63.80
153.81 62.01
155.09 54.85
148.18 52.55
143.32 51.27
165.83 57.41
179.38 49.99
174.27 48.45
168.90 43.85
157.90 41.81
161.99 35.41
167.36 35.41
185.01 43.85
191.40 40.53
200.35 30.81
203.17 45.13
211.86 42.57
209.05 38.48
216.47 45.39
219.79 49.48
224.91 51.27
227.21 47.43
223.11 42.83
222.09 34.39
230.53 45.13
234.11 48.97
246.90 43.08
241.53 40.78
247.41 49.73
238.72 36.95
249.97 37.20
255.08 41.04
263.01 46.15
251.50 24.67
243.83 31.58
239.48 23.65
230.79 25.18
234.37 25.69
217.49 20.07
215.44 17.00
205.47 12.14
229.76 14.44
223.11 7.54
224.14 2.42
135.14 51.52
115.96 54.34
86.80 54.85
95.50 52.80
102.92 57.92
240.76 0.12
210.84 5.23
203.17 4.21
172.48 33.37
175.29 24.93
188.33 27.23
189.87 32.60
182.45 36.43
183.73 21.35
185.26 15.72
178.87 8.56
183.99 4.21
178.62 0.89
162.25 8.30
163.78 25.18
155.09 27.23
152.79 35.92
149.46 23.90
146.39 22.37
142.04 20.83
135.14 22.62
145.62 28.76
144.35 26.46
116.47 37.46
149.97 7.28
155.09 10.60
156.37 12.14
148.44 2.42
96.52 0.37
101.38 2.16
108.29 4.21
98.06 6.51
89.36 7.54
82.71 15.21
78.88 10.35
71.97 28.25
67.62 29.02
88.59 24.67
98.31 19.30
98.82 14.70
122.10 24.93
117.24 18.28
108.80 23.90
100.10 29.53
99.85 25.18
93.71 32.60
163.01 75.56
62.51 2.16
69.67 12.14
69.92 15.46
65.06 22.62
79.64 26.20
82.20 32.93
92.94 38.05
98.57 38.05
110.84 31.91
44.86 31.40
39.75 31.40
38.72 25.77
20.82 17.59
18.78 15.03
171.20 15.54
168.13 8.89
177.34 18.61
178.87 12.98
43.33 11.96
33.61 6.33
25.42 350.21
