346.29 4.57
343.94 9.53
347.60 16.32
356.47 10.32
359.60 1.70
360.90 7.97
362.47 23.10
356.73 21.54
308.97 2.75
323.59 1.70
320.20 16.58
315.76 25.19
310.02 16.58
307.15 9.53
297.49 11.36
289.92 3.53
294.62 18.14
300.36 24.41
329.59 15.54
330.63 9.01
335.85 12.93
333.24 23.10
288.10 22.32
286.79 14.49
281.05 10.32
274.53 22.06
271.13 18.14
262.52 25.71
262.78 15.27
253.39 15.80
253.39 22.06
247.65 17.36
241.65 19.71
237.99 20.49
232.51 20.49
231.73 14.49
235.38 8.49
238.52 13.97
251.56 10.58
244.78 7.18
241.91 8.75
245.56 3.01
250.52 1.97
256.26 0.92
264.09 0.40
264.61 5.88
277.92 2.49
282.36 1.18
227.82 2.23
224.95 0.92
221.55 5.10
218.42 5.88
207.98 4.31
212.94 2.75
207.20 19.71
206.16 28.32
222.60 29.11
222.60 18.41
214.77 23.62
228.86 27.80
199.63 17.62
191.54 20.23
191.28 27.28
182.93 19.97
173.28 0.10
177.97 4.27
72.28 340.74
92.64 352.23
110.38 356.92
101.51 354.31
135.44 363.19
175.10 354.84
191.80 359.01
217.90 346.49
245.04 353.79
280.01 357.97
306.63 363.71
319.15 356.40
342.12 361.10
354.64 356.40
362.99 336.05
344.73 332.92
330.63 330.83
311.84 316.74
307.15 325.09
289.40 326.13
286.27 340.22
246.60 334.48
240.86 324.04
256.00 315.69
264.87 312.56
253.91 289.08
239.82 305.25
229.38 303.17
217.90 307.86
200.68 305.25
187.63 335.00
178.76 321.43
157.88 346.49
133.87 334.48
138.05 321.96
117.17 336.05
97.86 327.70
85.85 314.13
76.46 295.86
96.81 295.86
114.56 290.64
127.61 295.86
142.74 309.95
145.87 288.55
167.80 281.77
157.36 273.42
177.19 270.81
189.72 295.34
186.06 309.95
225.21 278.64
235.12 283.86
246.60 276.03
270.61 267.15
279.49 282.29
288.36 267.15
291.49 288.55
302.45 306.82
319.67 294.29
335.33 304.21
335.85 291.68
357.77 298.47
350.47 288.55
319.67 270.81
307.15 265.59
296.19 247.32
313.93 246.28
306.10 234.80
332.72 250.45
338.98 269.24
356.21 274.98
364.56 284.90
263.31 257.24
247.13 246.80
222.60 269.76
217.90 254.63
199.11 264.54
189.19 253.58
165.71 246.28
143.27 248.89
130.74 251.50
115.60 253.58
118.21 272.90
94.73 270.29
86.38 258.80
70.20 265.59
82.72 249.41
96.29 249.93
69.15 237.93
93.16 221.75
85.85 204.52
75.42 205.57
72.28 192.00
87.42 195.13
106.21 223.84
113.52 223.84
132.31 220.18
150.57 228.53
166.75 226.45
180.32 218.62
201.72 216.53
192.33 205.57
213.20 224.88
230.95 228.53
241.91 221.23
246.08 230.62
261.22 222.27
269.57 207.66
277.92 233.23
292.53 229.58
290.97 214.44
277.92 202.44
310.28 217.05
318.63 228.53
329.59 214.44
344.73 220.70
335.33 235.84
168.32 1.94
125.36 2.97
138.66 2.97
132.01 7.57
120.76 12.68
116.66 10.64
109.50 6.55
94.16 1.43
87.51 3.48
159.12 8.59
151.45 10.13
166.28 23.94
148.38 14.73
168.84 34.68
156.56 33.14
176.00 35.70
188.27 35.19
189.30 49.51
185.20 38.26
195.95 42.35
202.59 40.31
210.78 43.89
211.80 35.70
223.57 43.37
229.70 43.37
227.15 33.66
232.26 34.68
236.86 35.19
249.65 58.72
260.39 56.16
265.00 47.47
276.25 51.56
286.99 56.16
281.36 47.47
292.62 45.93
300.29 50.54
291.59 39.79
282.90 30.59
312.05 52.07
313.59 62.30
301.31 39.28
291.59 34.17
308.98 39.79
307.96 28.54
316.14 44.91
326.37 47.98
333.54 52.07
330.47 60.25
227.15 63.83
234.31 63.32
216.40 59.23
205.66 62.30
352.46 41.33
356.55 30.08
341.72 32.12
336.60 35.70
337.12 42.86
361.67 30.08
85.46 11.15
74.21 17.29
83.93 20.87
82.39 26.50
98.25 12.68
100.81 16.27
89.56 33.14
80.35 29.56
71.65 41.33
80.35 38.26
98.76 38.26
100.30 33.14
149.91 71.51
135.08 73.55
153.49 61.79
140.70 52.07
151.45 49.00
156.56 49.00
165.26 60.25
172.93 49.00
167.81 49.51
178.04 47.98
61.17 10.13
70.63 5.52
52.73 8.59
62.96 29.82
50.94 30.84
57.33 41.84
48.64 51.56
46.59 45.68
46.85 59.49
53.24 62.81
62.70 63.32
65.52 55.39
73.44 65.11
84.70 65.62
77.28 53.60
88.79 51.05
87.00 46.70
101.06 59.23
95.69 57.44
90.58 68.18
100.30 68.44
97.48 44.91
115.64 39.03
113.85 44.91
109.50 34.17
100.55 24.45
94.67 20.10
172.16 59.74
185.72 64.86
189.81 61.02
197.99 62.55
208.73 52.84
244.54 24.70
238.40 25.22
278.55 16.78
128.94 32.12
113.85 26.50
122.03 19.85
128.17 21.38
124.59 28.54
140.96 28.03
131.50 16.01
354.76 130.68
361.67 132.22
335.58 160.09
343.51 155.75
344.02 142.45
327.40 145.77
337.12 131.19
334.30 120.71
315.12 137.08
310.77 135.29
304.12 137.84
306.17 147.56
296.96 170.32
339.67 91.55
328.42 95.39
323.31 101.27
319.73 108.18
310.52 104.34
311.29 90.28
303.10 104.85
297.73 113.04
288.01 121.22
284.94 108.69
285.97 101.02
296.96 97.44
286.22 94.37
317.94 71.35
315.38 79.02
303.36 78.26
294.15 69.05
338.14 66.75
345.04 86.95
364.48 104.34
309.24 117.90
319.47 116.11
322.79 131.45
284.69 158.81
298.24 157.28
270.37 172.37
261.42 163.93
271.39 152.68
235.07 163.16
217.43 167.00
227.40 150.12
219.99 159.07
237.38 169.30
239.42 152.93
237.63 147.56
226.38 141.42
229.96 133.75
215.13 138.61
222.03 130.94
245.82 131.71
260.14 131.45
256.30 116.87
241.21 122.76
231.75 124.03
221.52 115.08
222.03 95.13
219.73 91.04
220.24 75.19
226.38 81.58
233.80 76.47
242.49 84.39
240.44 75.19
246.84 69.82
254.00 81.07
234.56 96.41
239.42 103.57
246.58 106.39
253.23 95.39
260.90 91.04
269.34 127.87
272.16 116.87
262.95 112.01
230.73 68.54
286.22 89.00
295.94 80.05
284.18 76.98
276.50 88.23
283.41 69.30
356.04 177.74
358.60 191.04
357.06 204.85
344.79 192.57
333.54 200.25
339.67 180.81
324.33 185.41
314.61 170.07
313.08 196.15
305.92 190.02
295.69 187.46
281.88 178.25
262.44 193.08
243.00 183.37
250.67 173.65
249.14 162.40
225.61 176.72
227.66 193.60
209.24 179.27
194.92 167.00
198.50 153.19
201.06 139.89
205.15 127.10
202.08 115.85
205.66 102.04
213.34 104.09
158.09 199.99
156.05 191.55
139.43 199.73
125.87 200.25
58.61 203.31
45.06 192.06
35.34 194.87
57.84 194.87
62.19 182.60
51.19 172.37
41.99 171.35
26.90 164.44
12.58 173.65
34.83 155.49
43.27 147.31
60.66 163.16
76.77 172.37
76.51 164.70
111.55 172.11
93.90 176.72
106.18 163.67
120.24 183.88
103.37 182.60
137.38 167.51
128.68 190.02
146.59 177.23
146.59 157.79
152.72 162.65
168.07 179.53
183.93 176.21
176.25 128.38
193.39 142.45
192.36 123.01
160.40 152.68
173.18 155.49
184.18 152.17
135.33 137.84
142.75 131.96
148.12 141.68
157.58 137.08
152.47 133.24
161.93 126.85
163.21 117.13
176.25 117.90
171.91 107.92
185.46 106.39
186.74 117.90
153.24 117.13
157.07 109.20
136.10 122.50
127.92 121.22
109.25 140.66
125.87 166.74
145.56 109.20
128.68 109.20
87.25 138.36
92.37 147.82
74.47 150.63
70.37 141.68
76.00 132.22
83.93 127.87
66.79 135.29
62.19 134.01
54.77 146.28
61.17 155.49
79.07 119.43
65.00 115.08
55.03 120.96
45.82 187.46
29.97 115.59
23.83 132.47
13.60 132.47
11.30 122.24
5.93 127.36
8.48 162.14
2.09 158.05
5.16 145.26
26.90 142.96
0.30 114.83
2.09 106.13
45.31 105.11
34.31 102.55
52.98 102.81
89.81 108.69
92.88 103.83
95.44 127.10
104.13 136.57
88.02 164.70
98.76 115.59
112.32 117.64
106.18 119.69
111.55 198.20
102.60 204.85
49.15 237.07
53.75 241.68
38.92 258.56
29.20 246.79
55.29 215.08
41.48 214.06
27.15 218.66
34.83 207.92
38.92 124.03
22.55 122.50
22.04 149.61
18.46 140.40
3.63 211.50
14.37 106.13
18.46 107.15
16.92 99.99
32.78 95.39
28.18 88.23
37.90 87.72
44.03 94.37
57.84 91.30
63.98 94.37
59.38 105.62
46.08 117.38
78.81 95.90
72.16 96.92
55.80 86.18
62.96 83.63
96.72 91.81
81.37 88.23
89.56 82.09
75.23 78.51
69.61 79.02
82.39 72.88
97.23 84.65
101.32 76.47
115.13 83.63
120.76 73.91
111.55 70.84
125.36 59.59
117.69 90.79
118.20 97.95
131.50 95.39
148.38 87.72
142.24 84.65
149.40 96.92
161.16 96.92
177.02 96.92
168.32 82.60
164.23 73.91
179.58 68.79
177.02 82.09
189.81 85.67
190.83 98.97
199.01 89.25
210.27 78.51
200.04 68.28
201.06 74.42
129.45 74.93
121.27 66.24
104.90 47.82
17.95 211.50
13.86 68.28
22.04 70.33
32.78 71.86
25.62 79.53
13.86 88.23
10.27 57.03
18.46 52.43
18.97 45.26
7.21 108.18
67.31 316.51
50.94 316.51
31.50 311.39
18.20 311.39
1.84 297.07
2.86 268.43
18.20 271.50
45.82 278.66
0.81 343.11
55.03 339.01
10.53 51.91
43.52 8.87
44.03 23.19
33.04 24.98
26.13 27.03
28.43 17.05
21.02 1.97
21.02 13.73
21.53 17.05
1.84 20.38
11.81 27.54
3.88 12.71
