20.51 300.41
30.49 265.50
29.24 223.73
26.12 210.02
31.73 186.95
41.08 163.27
18.02 157.66
11.79 84.10
4.31 109.03
36.72 119.01
61.03 133.97
80.36 101.55
46.69 101.55
32.98 86.59
36.10 52.31
7.42 59.79
17.40 29.24
46.07 344.05
56.05 314.12
66.64 276.72
74.12 244.93
72.88 218.75
68.51 185.08
80.98 170.75
94.07 152.05
117.14 141.45
97.81 116.51
117.76 108.41
95.94 84.72
74.12 62.90
66.02 85.97
47.32 39.84
32.98 24.88
24.88 8.05
45.45 3.06
75.37 7.42
60.41 23.01
75.99 29.24
88.46 33.60
99.06 324.10
89.71 354.64
97.19 300.41
120.88 289.81
117.14 264.88
120.25 229.34
102.80 200.05
128.36 169.50
138.33 152.05
137.08 130.23
137.08 100.93
121.50 61.66
102.80 51.06
117.14 42.33
103.42 19.27
163.89 5.55
139.58 6.18
128.36 21.14
143.32 47.94
159.53 29.24
168.25 48.56
175.73 33.60
183.21 14.90
193.81 46.69
157.66 71.01
157.66 91.58
173.86 104.05
170.75 126.49
190.07 89.08
172.62 153.29
200.67 147.06
187.58 180.10
178.23 195.68
219.99 183.84
215.01 206.28
168.88 224.98
148.93 206.28
141.45 244.93
160.15 247.42
162.02 275.47
164.51 300.41
140.20 318.49
171.37 326.59
161.40 342.80
202.54 335.32
204.41 362.75
236.82 326.59
211.89 304.77
226.23 274.23
196.93 258.02
213.14 231.84
230.59 162.64
239.94 143.32
234.33 110.90
210.02 107.79
222.49 88.46
215.01 52.31
224.36 22.38
269.24 16.77
332.82 29.24
320.36 18.02
358.38 10.54
375.99 11.63
375.99 37.50
351.99 48.41
360.72 37.50
318.33 53.40
320.20 74.59
297.45 65.86
275.63 59.94
282.80 84.56
291.53 35.32
300.56 98.90
279.68 113.55
323.32 101.08
348.56 80.20
372.25 82.07
361.97 131.63
348.25 114.18
336.41 129.76
294.95 133.19
273.76 137.86
313.66 144.10
347.32 141.92
383.94 372.10
342.18 362.75
309.14 358.38
260.51 349.66
307.27 337.19
272.98 315.99
339.68 317.24
373.34 322.85
380.20 162.64
371.47 253.66
362.12 276.72
317.86 255.53
342.18 230.59
362.75 211.89
360.88 185.08
329.08 192.56
316.62 208.77
316.62 167.63
264.88 162.64
246.80 195.68
281.08 204.41
288.56 227.47
272.36 252.41
254.28 269.86
251.16 223.73
253.66 315.37
258.02 71.63
244.93 53.55
255.53 100.93
251.16 33.60
266.12 36.10
307.27 304.77
336.56 287.32
