6.51 361.41
16.49 326.50
15.24 284.73
12.12 271.02
17.73 247.95
27.08 224.27
4.02 218.66
22.72 180.01
47.03 194.97
66.36 162.55
32.69 162.55
18.98 147.59
22.10 113.31
3.40 90.24
42.05 375.12
52.64 337.72
60.12 305.93
58.88 279.75
54.51 246.08
66.98 231.75
80.07 213.05
103.14 202.45
83.81 177.51
103.76 169.41
81.94 145.72
60.12 123.90
52.02 146.97
33.32 100.84
18.98 85.88
10.88 69.05
10.25 37.88
7.76 3.59
48.90 3.59
42.05 21.05
45.16 48.47
31.45 64.06
61.37 68.42
46.41 84.01
61.99 90.24
74.46 94.60
83.19 361.41
106.88 350.81
103.14 325.88
106.25 290.34
88.80 261.05
114.36 230.50
124.33 213.05
123.08 191.23
123.08 161.93
107.50 122.66
88.80 112.06
103.14 103.33
89.42 80.27
106.88 58.45
82.56 52.84
105.63 42.24
84.44 33.51
94.41 9.20
110.62 11.69
63.86 44.11
129.94 2.97
166.10 1.10
149.89 20.42
134.31 21.05
146.77 36.63
123.08 32.27
131.19 52.84
149.89 66.55
125.58 67.18
114.36 82.14
129.32 108.94
145.53 90.24
154.25 109.56
161.73 94.60
169.21 75.90
179.81 107.69
143.66 132.01
143.66 152.58
159.86 165.05
156.75 187.49
176.07 150.08
158.62 214.29
186.67 208.06
173.58 241.10
164.23 256.68
205.99 244.84
201.01 267.28
154.88 285.98
134.93 267.28
127.45 305.93
146.15 308.42
148.02 336.47
150.51 361.41
126.20 379.49
197.89 365.77
212.23 335.23
182.93 319.02
199.14 292.84
216.59 223.64
225.94 204.32
220.33 171.90
196.02 168.79
208.49 149.46
201.01 113.31
210.36 83.38
191.66 57.82
182.31 37.88
174.20 49.10
187.92 17.93
171.71 31.02
209.11 9.82
279.55 0.47
249.01 11.69
279.55 16.68
252.75 27.90
222.82 24.79
222.82 44.73
241.53 49.10
204.75 50.97
255.24 77.77
270.82 57.82
272.69 44.73
282.05 29.15
292.64 32.27
297.63 48.47
313.21 29.15
303.24 12.32
340.02 4.84
333.16 22.29
333.79 47.23
318.82 90.24
306.36 79.02
344.38 71.54
358.72 49.10
370.56 11.69
358.72 23.54
370.10 81.05
361.99 72.63
383.50 73.56
361.99 98.50
337.99 109.41
346.72 98.50
304.33 114.40
306.20 135.59
283.45 126.86
261.63 120.94
268.80 145.56
277.53 96.32
286.56 159.90
265.68 174.55
309.32 162.08
334.56 141.20
358.25 143.07
375.40 129.05
382.25 160.84
374.46 172.68
347.97 192.63
334.25 175.18
322.41 190.76
280.95 194.19
259.76 198.86
299.66 205.10
333.32 202.92
379.45 203.85
258.98 376.99
325.68 378.24
359.34 383.85
366.20 223.64
373.68 266.66
373.68 294.71
357.47 314.66
348.12 337.72
303.86 316.53
328.18 291.59
348.75 272.89
346.88 246.08
315.08 253.56
302.62 269.77
302.62 228.63
250.88 223.64
232.80 256.68
267.08 265.41
274.56 288.47
258.36 313.41
240.28 330.86
237.16 284.73
239.66 376.37
244.02 132.63
230.93 114.55
241.53 161.93
237.16 94.60
252.12 97.10
293.27 365.77
322.56 348.32
