580.80 443.41
595.76 399.77
556.49 395.41
546.51 360.50
595.14 362.37
585.79 332.45
547.76 318.73
617.58 339.93
620.07 368.60
618.82 306.89
593.89 291.93
606.98 270.11
577.68 270.11
550.88 305.02
545.27 281.95
535.92 258.27
558.98 252.66
582.05 240.19
616.95 216.50
599.50 185.95
619.45 185.95
598.88 167.88
609.47 152.29
565.21 179.10
572.69 204.03
540.28 214.01
515.97 228.97
496.64 196.55
530.31 196.55
544.02 181.59
540.90 147.31
569.58 154.79
559.60 124.24
588.28 133.59
611.34 122.37
578.31 113.02
601.99 104.29
530.93 439.05
520.95 409.12
510.36 371.72
502.88 339.93
504.12 313.75
508.49 280.08
496.02 265.75
482.93 247.05
459.86 236.45
479.19 211.51
459.24 203.41
481.06 179.72
502.88 157.90
510.98 180.97
529.68 134.84
544.02 119.88
552.12 103.05
577.06 91.82
563.34 82.47
590.15 81.23
601.99 51.93
572.69 69.38
552.75 71.88
555.24 37.59
553.99 10.79
514.10 37.59
520.95 55.05
517.84 82.47
531.55 98.06
501.63 102.42
516.59 118.01
501.01 124.24
488.54 128.60
477.94 419.10
487.29 449.64
479.81 395.41
456.12 384.81
459.86 359.88
456.75 324.34
474.20 295.05
448.64 264.50
438.67 247.05
439.92 225.23
439.92 195.93
455.50 156.66
474.20 146.06
459.86 137.33
473.58 114.27
456.12 92.45
480.44 86.84
457.37 76.24
478.56 67.51
468.59 43.20
452.38 45.69
459.24 23.88
499.14 78.11
433.06 36.97
396.90 35.10
408.75 15.15
413.11 54.42
428.69 55.05
416.23 70.63
439.92 66.27
431.81 86.84
413.11 100.55
437.42 101.18
448.64 116.14
433.68 142.94
417.47 124.24
408.75 143.56
401.27 128.60
393.79 109.90
383.19 141.69
419.34 166.01
419.34 186.58
403.14 199.05
406.25 221.49
386.93 184.08
404.38 248.29
376.33 242.06
389.42 275.10
398.77 290.68
357.01 278.84
361.99 301.28
408.12 319.98
428.07 301.28
435.55 339.93
416.85 342.42
414.98 370.47
412.49 395.41
436.80 413.49
405.63 421.59
415.60 437.80
374.46 430.32
372.59 457.75
340.18 421.59
365.11 399.77
350.77 369.23
380.07 353.02
363.86 326.84
346.41 257.64
337.06 238.32
342.67 205.90
366.98 202.79
354.51 183.46
361.99 147.31
352.64 117.38
371.34 91.82
380.69 71.88
388.80 83.10
375.08 51.93
391.29 65.02
353.89 43.82
339.55 24.50
344.54 8.92
315.24 18.27
264.12 8.92
283.45 34.47
313.99 45.69
283.45 50.68
310.25 61.90
340.18 58.79
340.18 78.73
321.47 83.10
358.25 84.97
307.76 111.77
292.18 91.82
290.31 78.73
280.95 63.15
270.36 66.27
265.37 82.47
249.79 63.15
259.76 46.32
222.98 38.84
229.84 56.29
229.21 81.23
244.18 124.24
256.64 113.02
218.62 105.54
204.28 83.10
192.44 45.69
173.73 41.33
204.28 57.54
173.73 65.02
161.89 52.55
143.19 61.28
125.73 54.42
107.03 47.56
80.23 31.36
148.18 21.38
103.29 23.88
20.38 47.56
62.77 48.19
90.20 55.05
108.28 66.27
75.86 76.24
45.32 56.29
45.94 72.50
7.92 70.01
23.50 86.84
53.42 86.84
167.97 82.32
139.92 79.82
192.90 115.05
201.01 106.63
179.50 107.56
158.62 100.40
148.33 115.05
119.97 115.36
112.49 90.11
78.20 119.41
95.66 126.58
67.92 104.14
58.25 118.47
35.50 108.19
19.60 124.71
1.84 109.75
20.23 143.41
1.84 152.14
61.99 145.59
89.11 146.21
107.50 151.20
134.93 140.60
135.24 168.66
165.79 148.71
201.01 132.50
225.01 143.41
216.28 132.50
258.67 148.40
256.80 169.59
279.55 160.86
301.37 154.94
294.20 179.56
285.47 130.32
276.44 193.90
297.32 208.55
253.68 196.08
228.44 175.20
204.75 177.07
187.60 163.05
157.99 180.50
180.75 194.84
188.54 206.68
155.81 203.25
131.81 196.40
115.92 184.86
96.59 171.46
86.93 187.67
77.89 200.76
54.20 200.76
10.56 190.47
18.98 170.84
83.19 219.15
118.10 211.98
140.23 217.59
168.28 222.58
215.03 226.63
228.75 209.18
240.59 224.76
282.05 228.19
303.24 232.86
263.34 239.10
229.68 236.92
183.55 237.85
88.95 91.20
50.93 245.80
28.49 209.64
54.67 222.73
19.76 228.97
2.93 212.14
14.15 262.63
29.73 288.19
6.05 308.14
46.56 313.75
15.40 341.18
29.73 376.08
49.68 383.56
67.14 432.19
5.42 409.12
26.62 444.03
105.16 443.41
112.64 412.86
97.06 380.45
193.06 467.10
234.82 457.75
267.86 453.38
316.49 444.66
269.73 432.19
304.02 410.99
237.32 412.24
203.66 417.85
179.34 432.81
175.60 404.14
166.25 361.75
124.49 369.23
145.68 353.02
134.46 326.84
110.77 328.08
107.66 358.63
88.33 296.29
120.12 286.32
103.29 273.23
81.47 263.25
83.97 243.31
114.51 252.66
138.20 240.19
153.79 255.77
163.14 283.20
196.80 257.64
189.32 300.66
189.32 328.71
205.53 348.66
214.88 371.72
259.14 350.53
234.82 325.59
214.25 306.89
216.12 280.08
247.92 287.56
260.38 303.77
260.38 262.63
312.12 257.64
330.20 290.68
295.92 299.41
288.44 322.47
304.64 347.41
322.72 364.86
325.84 318.73
323.34 410.37
318.98 166.63
332.07 148.55
321.47 195.93
325.84 128.60
310.88 131.10
52.18 161.02
64.64 293.80
57.16 344.29
72.75 369.23
269.73 399.77
240.44 382.32
144.44 427.20
