43.20 443.41
28.24 399.77
67.51 395.41
77.49 360.50
28.86 362.37
38.21 332.45
76.24 318.73
6.42 339.93
3.93 368.60
5.18 306.89
30.11 291.93
17.02 270.11
46.32 270.11
73.12 305.02
78.73 281.95
88.08 258.27
65.02 252.66
41.95 240.19
7.05 216.50
24.50 185.95
4.55 185.95
25.12 167.88
14.53 152.29
58.79 179.10
51.31 204.03
83.72 214.01
108.03 228.97
127.36 196.55
93.69 196.55
79.98 181.59
83.10 147.31
54.42 154.79
64.40 124.24
35.72 133.59
12.66 122.37
45.69 113.02
22.01 104.29
93.07 439.05
103.05 409.12
113.64 371.72
121.12 339.93
119.88 313.75
115.51 280.08
127.98 265.75
141.07 247.05
164.14 236.45
144.81 211.51
164.76 203.41
142.94 179.72
121.12 157.90
113.02 180.97
94.32 134.84
79.98 119.88
71.88 103.05
46.94 91.82
60.66 82.47
33.85 81.23
22.01 51.93
51.31 69.38
71.25 71.88
68.76 37.59
70.01 10.79
109.90 37.59
103.05 55.05
106.16 82.47
92.45 98.06
122.37 102.42
107.41 118.01
122.99 124.24
135.46 128.60
146.06 419.10
136.71 449.64
144.19 395.41
167.88 384.81
164.14 359.88
167.25 324.34
149.80 295.05
175.36 264.50
185.33 247.05
184.08 225.23
184.08 195.93
168.50 156.66
149.80 146.06
164.14 137.33
150.42 114.27
167.88 92.45
143.56 86.84
166.63 76.24
145.44 67.51
155.41 43.20
171.62 45.69
164.76 23.88
124.86 78.11
190.94 36.97
227.10 35.10
215.25 15.15
210.89 54.42
195.31 55.05
207.77 70.63
184.08 66.27
192.19 86.84
210.89 100.55
186.58 101.18
175.36 116.14
190.32 142.94
206.53 124.24
215.25 143.56
222.73 128.60
230.21 109.90
240.81 141.69
204.66 166.01
204.66 186.58
220.86 199.05
217.75 221.49
237.07 184.08
219.62 248.29
247.67 242.06
234.58 275.10
225.23 290.68
266.99 278.84
262.01 301.28
215.88 319.98
195.93 301.28
188.45 339.93
207.15 342.42
209.02 370.47
211.51 395.41
187.20 413.49
218.37 421.59
208.40 437.80
249.54 430.32
251.41 457.75
283.82 421.59
258.89 399.77
273.23 369.23
243.93 353.02
260.14 326.84
277.59 257.64
286.94 238.32
281.33 205.90
257.02 202.79
269.49 183.46
262.01 147.31
271.36 117.38
252.66 91.82
243.31 71.88
235.20 83.10
248.92 51.93
232.71 65.02
270.11 43.82
284.45 24.50
279.46 8.92
308.76 18.27
359.88 8.92
340.55 34.47
310.01 45.69
340.55 50.68
313.75 61.90
283.82 58.79
283.82 78.73
302.53 83.10
265.75 84.97
316.24 111.77
331.82 91.82
333.69 78.73
343.05 63.15
353.64 66.27
358.63 82.47
374.21 63.15
364.24 46.32
401.02 38.84
394.16 56.29
394.79 81.23
379.82 124.24
367.36 113.02
405.38 105.54
419.72 83.10
431.56 45.69
450.27 41.33
419.72 57.54
450.27 65.02
462.11 52.55
480.81 61.28
498.27 54.42
516.97 47.56
543.77 31.36
475.82 21.38
520.71 23.88
603.62 47.56
561.23 48.19
533.80 55.05
515.72 66.27
548.14 76.24
578.68 56.29
578.06 72.50
616.08 70.01
600.50 86.84
570.58 86.84
456.03 82.32
484.08 79.82
431.10 115.05
422.99 106.63
444.50 107.56
465.38 100.40
475.67 115.05
504.03 115.36
511.51 90.11
545.80 119.41
528.34 126.58
556.08 104.14
565.75 118.47
588.50 108.19
604.40 124.71
622.16 109.75
603.77 143.41
622.16 152.14
562.01 145.59
534.89 146.21
516.50 151.20
489.07 140.60
488.76 168.66
458.21 148.71
422.99 132.50
398.99 143.41
407.72 132.50
365.33 148.40
367.20 169.59
344.45 160.86
322.63 154.94
329.80 179.56
338.53 130.32
347.56 193.90
326.68 208.55
370.32 196.08
395.56 175.20
419.25 177.07
436.40 163.05
466.01 180.50
443.25 194.84
435.46 206.68
468.19 203.25
492.19 196.40
508.08 184.86
527.41 171.46
537.07 187.67
546.11 200.76
569.80 200.76
613.44 190.47
605.02 170.84
540.81 219.15
505.90 211.98
483.77 217.59
455.72 222.58
408.97 226.63
395.25 209.18
383.41 224.76
341.95 228.19
320.76 232.86
360.66 239.10
394.32 236.92
440.45 237.85
535.05 91.20
573.07 245.80
595.51 209.64
569.33 222.73
604.24 228.97
621.07 212.14
609.85 262.63
594.27 288.19
617.95 308.14
577.44 313.75
608.60 341.18
594.27 376.08
574.32 383.56
556.86 432.19
618.58 409.12
597.38 444.03
518.84 443.41
511.36 412.86
526.94 380.45
430.94 467.10
389.18 457.75
356.14 453.38
307.51 444.66
354.27 432.19
319.98 410.99
386.68 412.24
420.34 417.85
444.66 432.81
448.40 404.14
457.75 361.75
499.51 369.23
478.32 353.02
489.54 326.84
513.23 328.08
516.34 358.63
535.67 296.29
503.88 286.32
520.71 273.23
542.53 263.25
540.03 243.31
509.49 252.66
485.80 240.19
470.21 255.77
460.86 283.20
427.20 257.64
434.68 300.66
434.68 328.71
418.47 348.66
409.12 371.72
364.86 350.53
389.18 325.59
409.75 306.89
407.88 280.08
376.08 287.56
363.62 303.77
363.62 262.63
311.88 257.64
293.80 290.68
328.08 299.41
335.56 322.47
319.36 347.41
301.28 364.86
298.16 318.73
300.66 410.37
305.02 166.63
291.93 148.55
302.53 195.93
298.16 128.60
313.12 131.10
571.82 161.02
559.36 293.80
566.84 344.29
551.25 369.23
354.27 399.77
383.56 382.32
479.56 427.20
