24.24 376.77
63.51 372.41
73.49 337.50
24.86 339.37
34.21 309.45
72.24 295.73
2.42 316.93
1.18 283.89
26.11 268.93
13.02 247.11
42.32 247.11
69.12 282.02
74.73 258.95
84.08 235.27
61.02 229.66
37.95 217.19
3.05 193.50
20.50 162.95
0.55 162.95
21.12 144.88
10.53 129.29
54.79 156.10
47.31 181.03
79.72 191.01
104.03 205.97
123.36 173.55
89.69 173.55
75.98 158.59
79.10 124.31
50.42 131.79
60.40 101.24
31.72 110.59
8.66 99.37
41.69 90.02
18.01 81.29
109.64 348.72
117.12 316.93
115.88 290.75
111.51 257.08
123.98 242.75
137.07 224.05
160.14 213.45
140.81 188.51
160.76 180.41
138.94 156.72
117.12 134.90
109.02 157.97
90.32 111.84
75.98 96.88
67.88 80.05
42.94 68.82
56.66 59.47
29.85 58.23
18.01 28.93
47.31 46.38
67.25 48.88
64.76 14.59
105.90 14.59
99.05 32.05
102.16 59.47
88.45 75.06
118.37 79.42
103.41 95.01
118.99 101.24
131.46 105.60
140.19 372.41
163.88 361.81
160.14 336.88
163.25 301.34
145.80 272.05
171.36 241.50
181.33 224.05
180.08 202.23
180.08 172.93
164.50 133.66
145.80 123.06
160.14 114.33
146.42 91.27
163.88 69.45
139.56 63.84
162.63 53.24
141.44 44.51
151.41 20.20
167.62 22.69
160.76 0.88
120.86 55.11
186.94 13.97
223.10 12.10
206.89 31.42
191.31 32.05
203.77 47.63
180.08 43.27
188.19 63.84
206.89 77.55
182.58 78.18
171.36 93.14
186.32 119.94
202.53 101.24
211.25 120.56
218.73 105.60
226.21 86.90
236.81 118.69
200.66 143.01
200.66 163.58
216.86 176.05
213.75 198.49
233.07 161.08
215.62 225.29
243.67 219.06
230.58 252.10
221.23 267.68
262.99 255.84
258.01 278.28
211.88 296.98
191.93 278.28
184.45 316.93
203.15 319.42
205.02 347.47
207.51 372.41
254.89 376.77
269.23 346.23
239.93 330.02
256.14 303.84
273.59 234.64
282.94 215.32
277.33 182.90
253.02 179.79
265.49 160.46
258.01 124.31
267.36 94.38
248.66 68.82
239.31 48.88
231.20 60.10
244.92 28.93
228.71 42.02
266.11 20.82
280.45 1.50
336.55 11.47
306.01 22.69
336.55 27.68
309.75 38.90
279.82 35.79
279.82 55.73
298.53 60.10
261.75 61.97
312.24 88.77
327.82 68.82
329.69 55.73
339.05 40.15
349.64 43.27
354.63 59.47
370.21 40.15
360.24 23.32
375.82 101.24
363.36 90.02
361.33 125.40
363.20 146.59
340.45 137.86
318.63 131.94
325.80 156.56
334.53 107.32
343.56 170.90
322.68 185.55
366.32 173.08
379.41 201.76
337.95 205.19
316.76 209.86
356.66 216.10
360.86 327.53
372.08 264.56
359.62 280.77
359.62 239.63
307.88 234.64
289.80 267.68
324.08 276.41
331.56 299.47
315.36 324.41
297.28 341.86
294.16 295.73
301.02 143.63
287.93 125.55
298.53 172.93
294.16 105.60
309.12 108.10
350.27 376.77
379.56 359.32
