545.51 129.22
497.13 58.95
459.12 73.93
433.78 106.18
360.06 137.28
393.46 64.71
414.20 34.77
399.22 17.49
377.34 0.21
352.00 9.42
307.07 46.28
307.07 83.14
251.79 293.93
128.54 482.84
52.51 389.54
6.44 299.69
62.88 223.67
142.36 219.06
110.11 158.01
58.27 181.05
20.26 149.95
97.44 136.13
157.33 136.13
210.32 161.47
220.69 141.89
261.00 67.02
256.39 25.55
302.47 16.34
197.65 18.64
218.38 54.35
166.55 25.55
93.98 85.45
37.54 57.80
82.46 50.89
96.29 32.46
77.86 16.34
2.98 26.70
28.33 32.46
112.41 8.27
364.67 53.20
156.47 1.34
45.22 32.28
78.34 37.88
3.98 7.80
106.72 68.70
251.41 227.52
297.22 42.15
221.02 1.81
266.18 14.86
42.08 320.20
