178.96 420.44
166.29 263.79
78.75 137.08
52.25 120.96
61.47 92.16
47.65 39.18
74.14 32.26
102.93 12.68
93.72 44.94
120.21 32.26
102.93 89.86
140.95 51.85
152.46 11.53
162.83 10.38
220.42 13.84
263.04 13.84
159.38 138.24
208.91 152.06
286.08 205.04
274.56 137.08
335.61 43.78
357.49 184.31
370.16 205.04
448.49 282.22
496.87 211.95
534.88 226.93
560.22 259.18
633.94 290.28
600.54 217.71
579.80 187.77
594.78 170.49
587.87 146.30
616.66 153.21
642.00 162.42
686.93 199.28
686.93 236.14
742.21 446.93
865.46 635.84
941.49 542.54
987.56 452.69
1014.05 385.88
931.12 376.67
851.64 372.06
883.89 311.01
935.73 334.05
973.74 302.95
896.56 289.13
836.67 289.13
783.68 314.47
773.31 294.89
733.00 220.02
737.61 178.55
691.53 169.34
684.62 152.06
700.75 141.69
721.48 147.45
796.35 171.64
775.62 207.35
827.45 178.55
900.02 238.45
956.46 210.80
911.54 203.89
897.71 185.46
916.14 169.34
991.02 179.70
965.67 185.46
976.04 149.75
950.70 142.84
868.92 127.87
881.59 161.27
1017.51 140.54
980.65 122.11
906.93 91.01
895.41 82.95
874.68 85.25
859.70 79.49
822.84 97.92
789.44 78.34
774.47 76.04
681.17 103.68
691.53 105.98
629.33 120.96
607.45 101.38
518.75 80.64
474.98 89.86
483.05 70.28
443.88 33.42
363.25 39.18
343.67 23.05
337.91 10.38
412.78 12.68
427.76 5.77
439.28 18.44
451.95 14.99
456.55 4.62
465.77 16.14
485.35 23.05
499.17 12.68
508.39 31.11
544.10 49.54
544.10 21.90
576.35 46.09
625.88 59.91
646.61 70.28
1020.96 91.01
1005.99 79.49
985.26 88.71
992.17 97.92
1003.69 108.29
995.62 108.29
896.56 107.14
800.96 127.87
784.83 109.44
688.08 31.11
701.90 25.35
708.81 39.18
696.14 36.87
714.57 51.85
750.28 40.33
741.06 42.63
758.34 41.48
785.98 36.87
844.73 53.00
838.97 62.21
897.71 27.66
948.40 56.45
378.23 109.44
400.11 94.47
407.02 67.97
623.57 21.90
658.13 34.57
668.50 41.48
680.01 51.85
716.87 13.84
721.48 19.59
727.24 11.53
811.33 2.32
809.02 26.51
991.02 57.61
940.33 77.19
629.33 206.20
761.80 89.86
784.83 92.16
804.41 104.83
860.86 117.50
682.32 71.43
775.13 58.00
775.26 67.59
680.12 22.71
671.17 10.69
668.74 6.34
678.20 1.23
688.43 9.67
688.43 3.79
698.92 3.79
693.17 4.04
694.57 12.48
706.59 17.60
705.19 8.52
709.79 4.81
716.44 2.63
719.89 5.06
730.12 2.12
722.45 0.46
736.13 1.36
740.99 7.11
737.41 10.31
743.80 6.47
754.03 9.92
749.30 18.36
754.67 15.55
760.04 5.96
768.23 10.31
771.30 3.79
792.78 17.72
739.58 18.87
742.40 14.65
734.47 23.22
712.99 23.22
711.20 30.51
716.95 38.69
712.35 43.55
703.01 58.51
704.80 66.95
680.25 37.42
685.62 16.83
680.89 13.38
725.52 21.18
731.14 14.40
791.24 37.93
788.05 53.78
756.85 64.78
768.61 71.94
760.17 75.65
751.73 85.37
744.95 69.90
762.73 2.38
709.66 15.17
696.11 18.11
772.70 32.17
956.71 70.41
956.97 34.99
940.98 40.10
936.38 32.81
935.87 26.67
940.98 32.04
943.16 34.09
915.54 35.24
909.53 22.71
915.02 11.33
921.03 17.98
891.24 25.27
890.22 32.94
896.35 34.35
902.75 35.88
912.47 45.86
919.88 39.72
912.85 54.04
905.69 59.79
897.51 67.59
887.92 56.08
883.31 48.67
878.96 40.87
872.70 45.98
870.52 37.16
864.00 29.10
851.98 27.44
853.26 19.51
864.90 17.34
857.35 13.38
856.97 6.85
848.27 6.21
843.29 9.92
839.07 10.56
857.10 69.13
873.34 53.53
887.15 68.36
919.63 78.72
924.74 67.47
936.25 61.71
860.29 30.51
977.23 43.73
987.46 46.67
1006.90 69.94
896.29 55.88
1011.12 97.53
1004.34 126.30
949.10 102.77
974.55 86.79
966.88 76.94
974.55 63.90
979.41 59.30
1020.20 125.28
1014.44 115.82
1020.07 102.26
1019.43 75.92
907.93 83.21
909.33 139.99
933.76 136.28
547.65 28.21
530.26 37.67
530.26 48.16
508.13 50.59
503.79 37.16
506.98 19.90
507.50 11.07
510.95 4.42
520.15 5.45
531.28 6.60
530.51 13.38
524.63 15.42
538.44 10.82
541.51 14.14
546.50 17.72
548.54 11.07
543.43 5.45
550.46 1.48
546.11 2.63
555.96 2.63
557.11 7.88
562.74 12.48
566.06 20.15
567.85 24.88
556.60 28.72
592.79 28.08
595.47 16.44
586.39 10.31
606.60 14.27
613.12 4.30
591.89 3.53
574.88 4.55
587.03 35.11
594.70 40.48
610.94 33.84
563.38 93.30
517.73 15.81
526.42 3.02
516.32 2.12
500.46 1.48
489.34 8.52
570.15 9.80
574.24 22.45
581.66 17.08
493.56 4.55
397.01 10.05
405.71 14.53
417.35 6.85
418.62 12.48
420.80 18.87
434.48 10.18
444.07 12.35
435.25 27.70
446.76 28.85
352.77 15.29
345.10 8.52
341.52 33.20
666.44 17.47
665.55 28.46
649.69 29.10
645.47 25.40
644.57 14.02
642.91 8.01
646.62 8.52
653.14 8.52
655.06 13.25
660.05 10.56
665.03 7.49
663.24 0.59
613.37 26.29
603.53 24.63
646.36 53.66
645.21 58.90
656.72 23.73
685.24 11.20
582.30 25.40
830.24 72.63
792.14 104.85
690.86 93.86
812.09 148.33
837.15 141.68
867.84 141.17
898.53 139.38
858.89 106.39
806.46 11.76
800.07 18.92
809.79 21.22
802.11 35.63
828.97 23.86
824.87 20.15
835.23 27.57
835.87 45.09
826.02 53.78
819.50 45.34
799.68 50.59
769.89 45.34
761.96 32.68
753.52 35.63
747.90 31.92
797.25 77.70
814.13 57.11
834.98 4.94
830.76 1.74
826.41 1.36
806.97 1.36
803.26 1.87
799.56 1.36
792.65 12.61
303.92 2.04
310.57 2.55
226.94 2.30
129.25 9.56
140.50 4.95
47.92 26.95
172.21 44.85
837.53 154.34
948.78 185.28
819.63 4.47
801.98 113.16
915.66 190.88
620.53 105.49
668.87 107.79
651.74 87.08
378.60 11.89
960.27 115.85
1006.51 138.97
987.03 134.04
994.30 148.60
990.02 160.80
955.67 43.55
1027.59 57.25
929.02 38.20
924.74 29.32
964.23 61.53
984.03 64.69
927.95 58.48
938.22 111.57
925.60 102.79
924.53 89.09
961.77 141.32
887.28 221.70
742.59 380.52
696.78 195.15
823.92 86.95
897.13 126.98
745.58 99.58
726.96 98.08
734.02 81.60
713.05 95.30
763.13 139.82
743.87 133.83
772.98 154.81
727.82 167.86
793.53 58.91
817.50 67.26
897.34 40.99
951.60 58.75
888.67 49.55
857.10 51.47
843.62 29.64
891.13 13.05
866.52 10.27
907.51 38.20
903.01 30.50
829.06 109.00
843.62 92.30
852.18 59.77
733.60 47.14
729.31 48.42
740.23 56.99
719.04 69.62
710.05 74.75
695.28 61.48
827.35 35.21
819.96 34.67
827.13 67.05
806.91 83.10
819.96 79.25
864.38 66.83
874.65 94.98
820.28 23.22
814.08 11.55
825.31 11.23
787.21 27.72
798.24 26.22
781.86 14.23
785.39 12.68
787.32 6.69
789.68 5.83
797.38 7.33
794.28 20.01
810.01 7.81
749.11 9.52
747.83 5.56
765.92 114.14
757.25 113.07
557.54 35.21
563.54 33.71
530.68 28.46
524.47 28.04
529.18 21.72
533.57 21.83
633.53 9.41
610.63 62.71
595.75 87.76
632.46 24.72
629.89 20.54
598.10 29.53
606.34 36.71
630.21 50.99
592.32 59.34
593.39 49.07
423.23 32.32
463.36 13.80
466.36 24.72
458.55 30.71
483.05 49.76
467.00 43.45
486.37 40.45
457.05 68.81
485.94 12.30
475.67 12.41
422.91 3.31
413.60 87.17
414.45 63.57
396.36 31.89
385.02 32.00
368.75 30.07
365.01 14.55
394.01 18.40
389.19 11.66
377.85 1.49
373.46 2.99
348.95 0.85
358.16 0.64
309.14 13.96
286.45 136.18
327.23 2.24
191.95 7.92
169.90 12.52
174.08 6.74
252.85 24.29
228.45 19.26
4.55 54.42
19.11 20.17
27.24 20.17
34.95 2.40
97.23 0.69
93.17 9.04
66.84 50.78
70.26 78.18
216.78 22.79
243.00 175.25
951.92 473.20
3.27 740.33
