509.04 399.44
521.71 242.79
609.25 116.08
613.86 11.26
594.28 23.94
567.79 11.26
585.07 68.86
547.05 30.85
528.62 117.24
479.09 131.06
401.92 184.04
413.44 116.08
352.39 22.78
330.51 163.31
317.84 184.04
239.51 261.22
191.13 190.95
153.12 205.93
127.78 238.18
54.06 269.28
87.46 196.71
108.20 166.77
93.22 149.49
100.13 125.30
71.34 132.21
46.00 141.42
1.07 178.28
1.07 215.14
3.38 131.06
6.83 82.68
58.67 99.96
80.55 80.38
169.25 59.64
213.02 68.86
204.95 49.28
244.12 12.42
324.75 18.18
344.33 2.05
202.65 2.05
179.61 10.11
143.90 28.54
143.90 0.90
111.65 25.09
62.12 38.91
41.39 49.28
309.77 88.44
287.89 73.47
280.98 46.97
64.43 0.90
29.87 13.57
19.50 20.48
7.99 30.85
58.67 185.20
5.68 50.43
7.88 1.71
7.75 16.42
140.35 7.21
157.74 16.67
157.74 27.16
179.87 29.59
184.21 16.16
120.15 3.88
131.40 7.72
95.21 7.08
100.97 14.11
93.30 19.48
77.06 12.84
124.62 72.30
113.76 1.45
252.75 6.70
241.24 7.85
346.48 12.20
22.45 7.46
38.31 8.10
42.53 4.40
74.63 5.29
84.47 3.63
41.64 32.66
42.79 37.90
31.28 2.73
105.70 4.40
515.79 23.85
67.47 84.49
19.13 86.79
36.26 66.08
130.46 14.21
124.46 12.71
157.32 7.46
163.53 7.04
158.82 0.72
154.43 0.83
77.37 41.71
92.25 66.76
55.54 3.72
89.90 8.53
81.66 15.71
57.79 29.99
95.68 38.34
94.61 28.07
264.77 11.32
221.64 3.72
229.45 9.71
204.95 28.76
221.00 22.45
201.63 19.45
230.95 47.81
274.40 66.17
273.55 42.57
291.64 10.89
302.98 11.00
319.25 9.07
401.55 115.18
435.15 3.29
471.22 1.79
445.00 154.25
