10.45 302.20
15.00 342.49
23.76 333.73
32.52 322.87
4.84 335.14
36.72 307.81
18.16 308.51
15.00 314.11
3.09 330.23
23.06 372.97
9.75 364.56
3.09 348.80
103.99 368.77
89.63 357.21
72.11 356.51
55.64 364.56
59.50 381.38
41.98 375.77
64.05 372.97
6.60 408.36
11.50 392.24
7.30 378.23
55.99 323.22
51.79 307.11
64.40 309.21
57.75 293.79
34.62 296.25
48.29 293.79
43.73 301.50
24.46 301.50
58.10 283.63
34.62 286.09
80.87 312.71
73.16 305.71
20.61 321.82
27.97 316.57
10.10 326.38
6.95 316.57
0.99 343.54
47.24 326.38
26.92 443.74
40.58 411.86
77.36 375.07
89.28 367.72
82.97 349.85
88.58 349.15
91.03 331.98
78.42 335.14
83.32 325.68
72.11 326.38
61.25 336.89
113.45 341.44
116.60 335.14
105.39 335.84
98.39 330.93
83.67 289.59
81.57 291.69
87.52 283.98
68.61 292.04
75.61 292.39
71.06 297.30
96.98 281.18
116.60 284.69
139.03 288.54
129.57 416.06
137.62 450.05
119.41 442.34
95.93 447.60
61.25 443.39
69.66 345.65
49.34 353.00
24.46 348.10
31.47 340.04
89.98 317.97
84.02 300.45
108.90 295.90
145.33 348.10
119.41 326.38
127.81 333.38
117.65 305.71
108.90 323.92
143.93 323.92
157.24 328.83
163.55 327.08
185.97 376.83
170.21 363.16
150.24 381.38
152.34 367.72
131.32 353.35
109.60 357.91
118.00 350.55
136.57 396.09
128.16 371.92
116.60 372.97
160.05 402.05
176.86 425.87
179.31 399.60
204.89 414.66
232.92 406.61
213.30 398.90
228.71 395.39
225.91 385.58
209.09 381.03
199.28 368.42
183.17 356.16
172.31 345.65
182.82 336.89
176.86 328.48
194.38 303.95
209.44 301.50
228.36 303.95
223.11 295.90
173.71 292.39
164.95 294.14
120.46 294.85
126.06 285.04
129.22 278.73
160.05 276.28
176.86 271.37
182.47 280.83
229.41 288.54
235.37 272.07
239.57 272.07
273.91 265.07
281.62 257.36
281.97 261.56
273.21 260.16
264.45 259.11
257.44 264.37
265.15 265.07
260.59 260.51
258.14 259.81
246.93 261.21
242.38 261.21
237.47 259.81
282.32 255.26
285.82 259.81
276.71 261.56
276.36 255.26
174.76 279.08
165.65 274.53
162.85 286.09
171.26 277.33
136.57 283.28
137.62 294.85
129.22 293.09
102.59 301.15
95.58 298.35
234.32 431.83
324.36 424.82
326.81 381.38
292.48 382.43
263.75 395.39
232.92 353.70
217.50 354.75
208.74 347.40
113.10 311.66
226.61 329.53
231.17 333.73
206.64 326.38
184.92 325.33
284.42 334.43
294.23 343.19
277.06 331.63
322.96 331.98
319.10 340.04
311.39 356.16
328.21 363.86
314.20 373.32
293.88 358.61
285.47 369.47
263.40 366.32
254.64 360.36
244.13 368.07
214.35 325.33
196.13 330.93
309.99 251.40
299.13 255.26
303.69 259.11
308.24 258.76
314.55 252.45
318.75 248.95
304.04 255.26
297.38 333.38
274.96 353.70
335.57 320.42
323.66 317.97
342.58 307.11
328.21 302.20
328.56 293.44
339.42 284.69
350.98 279.08
352.03 300.45
264.45 349.15
354.95 369.82
365.81 394.69
378.07 374.37
379.47 360.36
349.69 358.26
349.69 348.10
351.45 338.29
356.00 317.97
356.70 305.01
372.82 306.41
361.61 272.42
357.40 257.71
363.36 257.71
357.40 252.10
364.41 254.21
377.37 254.91
377.02 261.21
398.04 276.63
386.83 279.43
370.71 281.18
372.82 274.88
362.66 281.88
372.82 290.29
385.43 293.44
395.59 289.59
382.28 289.24
381.22 259.46
386.48 257.01
388.23 253.86
391.38 256.66
389.63 259.46
396.64 260.16
396.64 256.31
403.65 255.61
400.49 258.06
402.95 260.51
405.75 256.66
412.41 256.66
413.81 262.61
417.66 259.46
421.86 260.16
424.67 272.42
417.66 271.37
410.65 266.47
393.14 266.47
385.08 334.43
377.02 345.65
363.36 351.95
400.14 358.61
368.96 335.14
379.47 326.03
389.28 314.46
379.82 309.91
405.75 315.52
405.40 308.86
412.06 313.06
409.25 298.35
410.30 301.50
423.27 381.73
446.04 378.93
399.44 369.12
436.93 339.69
448.49 343.54
459.70 341.44
447.79 298.35
440.43 296.60
426.07 281.88
405.05 281.88
435.53 274.18
408.20 276.28
421.86 263.66
407.85 269.97
437.63 269.97
444.64 287.49
434.83 289.94
433.78 295.90
441.83 281.88
484.58 310.61
477.92 321.12
479.32 392.24
476.87 375.77
410.65 331.98
433.43 319.72
454.80 320.42
444.99 317.97
423.62 295.90
410.65 290.99
417.31 287.49
473.37 340.04
477.57 365.97
484.93 331.63
456.55 294.50
431.67 308.16
416.26 350.55
396.64 341.79
377.72 301.85
364.41 303.95
360.90 292.39
285.58 348.80
482.24 281.18
444.75 357.21
423.73 327.43
476.63 267.52
479.78 269.97
313.26 441.81
184.33 461.43
456.20 267.34
464.61 273.65
434.48 256.83
428.17 258.23
419.76 262.44
423.97 260.34
436.58 262.44
452.69 260.34
462.50 261.74
465.31 293.27
473.72 288.36
487.73 300.98
457.60 275.75
450.59 270.85
448.49 268.04
255.10 261.74
250.90 265.94
245.29 265.94
256.50 268.74
98.15 312.89
94.64 310.09
44.19 312.89
189.00 347.06
270.09 331.81
242.79 337.43
317.46 302.90
