15.99 389.77
1.63 378.21
1.28 388.72
0.58 370.15
3.03 352.98
25.45 362.44
28.60 356.14
17.39 356.84
10.39 351.93
8.98 302.18
28.60 305.69
51.03 309.54
41.57 437.06
49.62 471.05
31.41 463.34
7.93 468.60
1.98 338.97
20.90 316.90
57.33 369.10
31.41 347.38
39.81 354.38
29.65 326.71
20.90 344.92
55.93 344.92
69.24 349.83
75.55 348.08
97.97 397.83
82.21 384.16
62.24 402.38
64.34 388.72
43.32 374.35
21.60 378.91
30.00 371.55
48.57 417.09
40.16 392.92
28.60 393.97
72.05 423.05
88.86 446.87
91.31 420.60
116.89 435.66
144.92 427.61
125.30 419.90
140.71 416.39
137.91 406.58
121.09 402.03
111.28 389.42
95.17 377.16
84.31 366.65
94.82 357.89
88.86 349.48
106.38 324.95
121.44 322.50
140.36 324.95
135.11 316.90
85.71 313.39
76.95 315.14
32.46 315.85
38.06 306.04
41.22 299.73
72.05 297.28
88.86 292.37
94.47 301.83
141.41 309.54
147.37 293.07
151.57 293.07
185.91 286.07
193.62 278.36
193.97 282.56
185.21 281.16
176.45 280.11
169.44 285.37
177.15 286.07
172.59 281.51
170.14 280.81
158.93 282.21
154.38 282.21
149.47 280.81
194.32 276.26
197.82 280.81
188.71 282.56
188.36 276.26
86.76 300.08
77.65 295.53
74.85 307.09
83.26 298.33
48.57 304.28
49.62 315.85
41.22 314.09
14.59 322.15
7.58 319.35
146.32 452.83
236.36 445.82
238.81 402.38
204.48 403.43
175.75 416.39
144.92 374.70
129.50 375.75
120.74 368.40
25.10 332.66
138.61 350.53
143.17 354.73
118.64 347.38
96.92 346.33
196.42 355.43
206.23 364.19
189.06 352.63
234.96 352.98
231.10 361.04
223.39 377.16
240.21 384.86
226.20 394.32
205.88 379.61
197.47 390.47
175.40 387.32
166.64 381.36
156.13 389.07
126.35 346.33
108.13 351.93
221.99 272.40
211.13 276.26
215.69 280.11
220.24 279.76
226.55 273.45
230.75 269.95
216.04 276.26
209.38 354.38
186.96 374.70
247.57 341.42
235.66 338.97
254.58 328.11
240.21 323.20
240.56 314.44
251.42 305.69
262.98 300.08
264.03 321.45
176.45 370.15
266.95 390.82
277.81 415.69
290.07 395.37
291.47 381.36
261.69 379.26
261.69 369.10
263.45 359.29
268.00 338.97
268.70 326.01
284.82 327.41
273.61 293.42
269.40 278.71
275.36 278.71
269.40 273.10
276.41 275.21
289.37 275.91
289.02 282.21
310.04 297.63
298.83 300.43
282.71 302.18
284.82 295.88
274.66 302.88
284.82 311.29
297.43 314.44
307.59 310.59
294.28 310.24
293.22 280.46
298.48 278.01
300.23 274.86
303.38 277.66
301.63 280.46
308.64 281.16
308.64 277.31
315.65 276.61
312.49 279.06
314.95 281.51
317.75 277.66
324.41 277.66
325.81 283.61
329.66 280.46
333.86 281.16
336.67 293.42
329.66 292.37
322.65 287.47
305.14 287.47
297.08 355.43
289.02 366.65
275.36 372.95
312.14 379.61
280.96 356.14
291.47 347.03
301.28 335.46
291.82 330.91
317.75 336.52
317.40 329.86
324.06 334.06
321.25 319.35
322.30 322.50
335.27 402.73
358.04 399.93
311.44 390.12
348.93 360.69
360.49 364.54
371.70 362.44
359.79 319.35
352.43 317.60
338.07 302.88
317.05 302.88
347.53 295.18
320.20 297.28
333.86 284.66
319.85 290.97
349.63 290.97
356.64 308.49
346.83 310.94
345.78 316.90
353.83 302.88
453.68 308.84
461.39 315.85
415.14 331.61
406.74 332.31
396.58 331.61
389.92 342.12
443.52 356.84
391.32 413.24
388.87 396.77
322.65 352.98
345.43 340.72
366.80 341.42
356.99 338.97
335.62 316.90
322.65 311.99
329.31 308.49
385.37 361.04
389.57 386.97
424.60 396.42
433.36 391.17
415.14 378.56
431.96 375.75
401.13 362.09
396.93 352.63
415.85 347.38
450.18 321.80
440.72 320.05
457.54 385.56
459.29 360.34
428.81 361.74
417.95 367.35
424.60 349.48
368.55 315.50
343.67 329.16
328.26 371.55
308.64 362.79
289.72 322.85
276.41 324.95
272.90 313.39
197.58 369.80
454.73 397.48
394.24 302.18
461.15 328.46
470.96 330.21
475.17 361.39
434.17 459.49
448.89 481.56
485.68 405.18
474.11 373.65
455.20 370.85
440.13 368.40
356.75 378.21
335.73 348.43
441.18 328.11
427.87 315.85
415.96 296.23
484.62 335.11
388.63 288.52
391.78 290.97
225.26 462.81
96.33 482.43
368.20 288.34
376.61 294.65
346.48 277.83
340.17 279.23
331.76 283.44
335.97 281.34
348.58 283.44
364.69 281.34
374.50 282.74
428.46 306.56
422.15 311.47
377.31 314.27
385.72 309.36
399.73 321.98
409.54 320.58
408.84 310.77
416.55 310.77
414.44 320.58
428.46 325.48
434.06 326.18
369.60 296.75
362.59 291.85
360.49 289.04
167.10 282.74
162.90 286.94
157.29 286.94
168.50 289.74
10.15 333.89
6.64 331.09
442.09 313.87
446.90 312.26
437.67 309.05
464.97 309.45
468.98 316.28
474.60 313.07
474.60 319.49
481.43 314.27
482.63 322.30
480.63 309.05
475.00 309.45
468.18 310.25
101.00 368.06
182.09 352.81
154.79 358.43
229.46 323.90
