754.05 387.35
730.93 449.71
766.08 293.98
741.55 216.20
755.56 221.11
737.00 256.49
728.24 247.73
719.48 236.87
747.16 249.14
715.28 221.81
733.84 222.51
737.00 228.11
757.32 229.87
748.91 244.23
755.21 240.73
728.94 286.97
742.25 278.56
753.11 276.11
748.91 262.80
765.72 266.30
761.17 254.74
648.01 282.77
662.37 271.21
679.89 270.51
696.36 278.56
692.50 295.38
710.02 289.77
687.95 286.97
745.40 322.36
740.50 306.24
744.70 292.23
696.01 237.22
700.21 221.11
687.60 223.21
694.25 207.79
717.38 210.25
703.71 207.79
708.27 215.50
727.54 215.50
693.90 197.63
717.38 200.09
671.13 226.71
678.84 219.71
731.39 235.82
724.03 230.57
741.90 240.38
745.05 230.57
751.01 257.54
704.76 240.38
725.08 357.74
711.42 325.86
674.64 289.07
662.72 281.72
669.03 263.85
663.42 263.15
660.97 245.98
673.58 249.14
668.68 239.68
679.89 240.38
690.75 250.89
638.55 255.44
635.40 249.14
646.61 249.84
653.61 244.93
668.33 203.59
670.43 205.69
664.48 197.98
683.39 206.04
676.39 206.39
680.94 211.30
655.02 195.18
635.40 198.69
612.97 202.54
622.43 330.06
614.38 364.05
632.59 356.34
656.07 361.60
690.75 357.39
682.34 259.65
702.66 267.00
727.54 262.10
720.53 254.04
662.02 231.97
667.98 214.45
643.10 209.90
606.67 262.10
632.59 240.38
624.19 247.38
634.35 219.71
643.10 237.92
608.07 237.92
594.76 242.83
588.45 241.08
566.03 290.83
581.79 277.16
601.76 295.38
599.66 281.72
620.68 267.35
642.40 271.91
634.00 264.55
615.43 310.09
623.84 285.92
635.40 286.97
591.95 316.05
575.14 339.87
572.69 313.60
547.11 328.66
519.08 320.61
538.70 312.90
523.29 309.39
526.09 299.58
542.91 295.03
552.72 282.42
568.83 270.16
579.69 259.65
569.18 250.89
575.14 242.48
557.62 217.95
542.56 215.50
523.64 217.95
528.89 209.90
578.29 206.39
587.05 208.14
631.54 208.85
625.94 199.04
622.78 192.73
591.95 190.28
575.14 185.37
569.53 194.83
522.59 202.54
516.63 186.07
512.43 186.07
478.09 179.07
470.38 171.36
470.03 175.56
478.79 174.16
487.55 173.11
494.56 178.37
486.85 179.07
491.41 174.51
493.86 173.81
505.07 175.21
509.62 175.21
514.53 173.81
469.68 169.26
466.18 173.81
475.29 175.56
475.64 169.26
577.24 193.08
586.35 188.53
589.15 200.09
580.74 191.33
615.43 197.28
614.38 208.85
622.78 207.09
649.41 215.15
656.42 212.35
517.68 345.83
427.64 338.82
425.19 295.38
459.52 296.43
488.25 309.39
519.08 267.70
534.50 268.75
543.26 261.40
638.90 225.66
525.39 243.53
520.83 247.73
545.36 240.38
567.08 239.33
467.58 248.43
457.77 257.19
474.94 245.63
429.04 245.98
432.90 254.04
440.61 270.16
423.79 277.86
437.80 287.32
458.12 272.61
466.53 283.47
488.60 280.32
497.36 274.36
507.87 282.07
537.65 239.33
555.87 244.93
442.01 165.40
452.87 169.26
448.31 173.11
443.76 172.76
437.45 166.45
433.25 162.95
447.96 169.26
454.62 247.38
477.04 267.70
416.43 234.42
428.34 231.97
409.42 221.11
423.79 216.20
423.44 207.44
412.58 198.69
401.02 193.08
399.97 214.45
487.55 263.15
397.05 283.82
386.19 308.69
373.93 288.37
372.53 274.36
402.31 272.26
402.31 262.10
400.55 252.29
396.00 231.97
395.30 219.01
379.18 220.41
390.39 186.42
394.60 171.71
388.64 171.71
394.60 166.10
387.59 168.21
374.63 168.91
374.98 175.21
353.96 190.63
365.17 193.43
381.29 195.18
379.18 188.88
389.34 195.88
379.18 204.29
366.57 207.44
356.41 203.59
369.72 203.24
370.78 173.46
365.52 171.01
363.77 167.86
360.62 170.66
362.37 173.46
355.36 174.16
355.36 170.31
348.35 169.61
351.51 172.06
349.05 174.51
346.25 170.66
339.59 170.66
338.19 176.61
334.34 173.46
330.14 174.16
327.33 186.42
334.34 185.37
341.35 180.47
358.86 180.47
366.92 248.43
374.98 259.65
388.64 265.95
351.86 272.61
383.04 249.14
372.53 240.03
362.72 228.46
372.18 223.91
346.25 229.52
346.60 222.86
339.94 227.06
342.75 212.35
341.70 215.50
328.73 295.73
305.96 292.93
352.56 283.12
315.07 253.69
303.51 257.54
292.30 255.44
304.21 212.35
311.57 210.60
325.93 195.88
346.95 195.88
316.47 188.18
343.80 190.28
330.14 177.66
344.15 183.97
314.37 183.97
307.36 201.49
317.17 203.94
318.22 209.90
310.17 195.88
341.35 245.98
318.57 233.72
297.20 234.42
307.01 231.97
328.38 209.90
341.35 204.99
334.69 201.49
295.45 208.50
320.33 222.16
335.74 264.55
355.36 255.79
374.28 215.85
387.59 217.95
391.10 206.39
466.42 262.80
307.25 271.21
328.27 241.43
668.57 438.50
641.24 437.09
698.00 423.08
407.21 411.17
438.74 355.81
567.67 375.43
522.12 420.28
295.80 181.34
287.39 187.65
317.52 170.83
323.83 172.23
332.24 176.44
328.03 174.34
315.42 176.44
299.31 174.34
289.50 175.74
286.69 207.27
294.40 189.75
301.41 184.85
303.51 182.04
496.90 175.74
501.10 179.94
506.71 179.94
495.50 182.74
653.85 226.89
657.36 224.09
707.81 226.89
563.00 261.06
481.91 245.81
509.21 251.43
434.54 216.90
