1.97 310.83
20.89 348.66
48.92 340.61
29.30 332.90
44.71 329.39
41.91 319.58
25.09 315.03
15.28 302.42
10.38 237.95
25.44 235.50
44.36 237.95
39.11 229.90
45.41 222.54
51.37 206.07
55.57 206.07
89.91 199.07
97.62 191.36
97.97 195.56
89.21 194.16
80.45 193.11
73.44 198.37
81.15 199.07
76.59 194.51
74.14 193.81
62.93 195.21
58.38 195.21
53.47 193.81
98.32 189.26
101.82 193.81
92.71 195.56
92.36 189.26
50.32 365.83
140.36 358.82
142.81 315.38
108.48 316.43
79.75 329.39
48.92 287.70
33.50 288.75
24.74 281.40
42.61 263.53
47.17 267.73
22.64 260.38
0.92 259.33
100.42 268.43
110.23 277.19
93.06 265.63
138.96 265.98
135.10 274.04
127.39 290.16
144.21 297.86
130.20 307.32
109.88 292.61
101.47 303.47
79.40 300.32
70.64 294.36
60.13 302.07
30.35 259.33
12.13 264.93
125.99 185.40
115.13 189.26
119.69 193.11
124.24 192.76
130.55 186.45
134.75 182.95
120.04 189.26
113.38 267.38
90.96 287.70
151.57 254.42
139.66 251.97
158.58 241.11
144.21 236.20
144.56 227.44
155.42 218.69
166.98 213.08
168.03 234.45
80.45 283.15
170.95 303.82
181.81 328.69
194.07 308.37
195.47 294.36
165.69 292.26
165.69 282.10
167.45 272.29
172.00 251.97
172.70 239.01
188.82 240.41
177.61 206.42
173.40 191.71
179.36 191.71
173.40 186.10
180.41 188.21
193.37 188.91
193.02 195.21
214.04 210.63
202.83 213.43
186.71 215.18
188.82 208.88
178.66 215.88
188.82 224.29
201.43 227.44
211.59 223.59
198.28 223.24
197.22 193.46
202.48 191.01
204.23 187.86
207.38 190.66
205.63 193.46
212.64 194.16
212.64 190.31
219.65 189.61
216.49 192.06
218.95 194.51
221.75 190.66
228.41 190.66
229.81 196.61
233.66 193.46
237.86 194.16
240.67 206.42
233.66 205.37
226.65 200.47
209.14 200.47
201.08 268.43
193.02 279.65
179.36 285.95
216.14 292.61
184.96 269.14
195.47 260.03
205.28 248.46
195.82 243.91
221.75 249.52
221.40 242.86
228.06 247.06
225.25 232.35
226.30 235.50
239.27 315.73
262.04 312.93
215.44 303.12
252.93 273.69
264.49 277.54
275.70 275.44
263.79 232.35
256.43 230.60
242.07 215.88
221.05 215.88
251.53 208.18
224.20 210.28
237.86 197.66
223.85 203.97
253.63 203.97
260.64 221.49
250.83 223.94
249.78 229.90
257.83 215.88
357.68 221.84
365.39 228.85
319.14 244.61
310.74 245.31
300.58 244.61
293.92 255.12
347.52 269.84
295.32 326.24
292.87 309.77
226.65 265.98
249.43 253.72
270.80 254.42
260.99 251.97
239.62 229.90
226.65 224.99
233.31 221.49
289.37 274.04
293.57 299.97
328.60 309.42
337.36 304.17
319.14 291.56
335.96 288.75
305.13 275.09
300.93 265.63
319.85 260.38
354.18 234.80
344.72 233.05
361.54 298.56
363.29 273.34
332.81 274.74
321.95 280.35
328.60 262.48
272.55 228.50
247.67 242.16
232.26 284.55
212.64 275.79
193.72 235.85
180.41 237.95
176.90 226.39
101.58 282.80
358.73 310.48
298.24 215.18
365.15 241.46
374.96 243.21
451.34 281.40
418.40 285.25
414.55 272.64
399.49 281.75
379.17 274.39
395.98 261.08
406.14 255.47
415.25 255.82
485.32 268.08
476.21 289.10
475.86 270.19
338.17 372.49
352.89 394.56
407.89 417.33
400.89 369.33
431.02 353.22
389.68 318.18
378.11 286.65
359.20 283.85
344.13 281.40
400.54 296.11
408.24 312.23
415.60 312.23
446.43 317.83
432.77 292.61
484.62 390.70
462.90 380.89
482.17 309.07
451.34 306.27
453.09 295.06
260.75 291.21
239.73 261.43
345.18 241.11
331.87 228.85
319.96 209.23
470.96 252.32
473.06 260.38
449.93 253.02
455.54 268.43
462.20 264.23
464.65 254.42
467.80 276.84
442.58 283.15
388.62 248.11
292.63 201.52
295.78 203.97
160.79 431.17
129.26 375.81
0.33 395.43
45.88 440.28
377.30 487.22
337.36 486.52
445.27 476.71
471.89 426.97
428.45 439.58
444.57 410.85
272.20 201.34
280.61 207.65
250.48 190.83
244.17 192.23
235.76 196.44
239.97 194.34
252.58 196.44
268.69 194.34
278.50 195.74
332.46 219.56
326.15 224.47
281.31 227.27
289.72 222.36
303.73 234.98
313.54 233.58
312.84 223.77
320.55 223.77
318.44 233.58
332.46 238.48
338.06 239.18
273.60 209.75
266.59 204.85
264.49 202.04
71.10 195.74
66.90 199.94
61.29 199.94
72.50 202.74
346.09 226.87
350.90 225.26
341.67 222.05
368.97 222.45
372.98 229.28
378.60 226.07
378.60 232.49
385.43 227.27
386.63 235.30
393.46 237.31
399.48 243.73
410.32 236.50
415.94 235.30
420.35 229.68
409.11 230.08
392.65 223.25
384.63 222.05
379.00 222.45
372.18 223.25
456.48 232.49
454.48 225.66
462.51 224.86
466.52 220.04
460.90 218.84
467.32 215.23
5.00 281.06
86.09 265.81
58.79 271.43
133.46 236.90
315.72 432.81
432.94 309.97
