11.03 276.54
1.57 404.06
9.62 438.05
17.33 336.10
15.93 311.92
29.24 316.83
35.55 315.08
57.97 364.83
42.21 351.16
22.24 369.38
24.34 355.72
3.32 341.35
8.57 384.09
0.16 359.92
32.05 390.05
48.86 413.87
51.31 387.60
76.89 402.66
104.92 394.61
85.30 386.90
100.71 383.39
97.91 373.58
81.09 369.03
71.28 356.42
55.17 344.16
44.31 333.65
54.82 324.89
48.86 316.48
66.38 291.95
81.44 289.50
100.36 291.95
95.11 283.90
45.71 280.39
36.95 282.14
1.22 266.73
32.05 264.28
48.86 259.37
54.47 268.83
101.41 276.54
107.37 260.07
111.57 260.07
145.91 253.07
153.62 245.36
153.97 249.56
145.21 248.16
136.45 247.11
129.44 252.37
137.15 253.07
132.59 248.51
130.14 247.81
118.93 249.21
114.38 249.21
109.47 247.81
154.32 243.26
157.82 247.81
148.71 249.56
148.36 243.26
46.76 267.08
37.65 262.53
34.85 274.09
43.26 265.33
8.57 271.28
9.62 282.85
1.22 281.09
106.32 419.83
196.36 412.82
198.81 369.38
164.48 370.43
135.75 383.39
104.92 341.70
89.50 342.75
80.74 335.40
98.61 317.53
103.17 321.73
78.64 314.38
56.92 313.33
156.42 322.43
166.23 331.19
149.06 319.63
194.96 319.98
191.10 328.04
183.39 344.16
200.21 351.86
186.20 361.32
165.88 346.61
157.47 357.47
135.40 354.32
126.64 348.36
116.13 356.07
86.35 313.33
68.13 318.93
181.99 239.40
171.13 243.26
175.69 247.11
180.24 246.76
186.55 240.45
190.75 236.95
176.04 243.26
169.38 321.38
146.96 341.70
207.57 308.42
195.66 305.97
214.58 295.11
200.21 290.20
200.56 281.44
211.42 272.69
222.98 267.08
224.03 288.45
136.45 337.15
226.95 357.82
237.81 382.69
250.07 362.37
251.47 348.36
221.69 346.26
221.69 336.10
223.45 326.29
228.00 305.97
228.70 293.01
244.82 294.41
233.61 260.42
229.40 245.71
235.36 245.71
229.40 240.10
236.41 242.21
249.37 242.91
249.02 249.21
270.04 264.63
258.83 267.43
242.71 269.18
244.82 262.88
234.66 269.88
244.82 278.29
257.43 281.44
267.59 277.59
254.28 277.24
253.22 247.46
258.48 245.01
260.23 241.86
263.38 244.66
261.63 247.46
268.64 248.16
268.64 244.31
275.65 243.61
272.49 246.06
274.95 248.51
277.75 244.66
284.41 244.66
285.81 250.61
289.66 247.46
293.86 248.16
296.67 260.42
289.66 259.37
282.65 254.47
265.14 254.47
257.08 322.43
249.02 333.65
235.36 339.95
272.14 346.61
240.96 323.14
251.47 314.03
261.28 302.46
251.82 297.91
277.75 303.52
277.40 296.86
284.06 301.06
281.25 286.35
282.30 289.50
295.27 369.73
318.04 366.93
271.44 357.12
308.93 327.69
320.49 331.54
331.70 329.44
319.79 286.35
312.43 284.60
298.07 269.88
277.05 269.88
307.53 262.18
280.20 264.28
293.86 251.66
279.85 257.97
309.63 257.97
316.64 275.49
306.83 277.94
305.78 283.90
313.83 269.88
413.68 275.84
421.39 282.85
375.14 298.61
366.74 299.31
356.58 298.61
349.92 309.12
403.52 323.84
351.32 380.24
348.87 363.77
282.65 319.98
305.43 307.72
326.80 308.42
316.99 305.97
295.62 283.90
282.65 278.99
289.31 275.49
345.37 328.04
349.57 353.97
384.60 363.42
393.36 358.17
375.14 345.56
391.96 342.75
361.13 329.09
356.93 319.63
375.85 314.38
410.18 288.80
400.72 287.05
417.54 352.56
419.29 327.34
388.81 328.74
377.95 334.35
384.60 316.48
328.55 282.50
303.67 296.16
288.26 338.55
268.64 329.79
249.72 289.85
236.41 291.95
232.90 280.39
157.58 336.80
414.73 364.48
354.24 269.18
421.15 295.46
430.96 297.21
474.40 339.25
470.55 326.64
455.49 335.75
435.17 328.39
451.98 315.08
462.14 309.47
471.25 309.82
394.17 426.49
408.89 448.56
463.89 471.33
456.89 423.33
487.02 407.22
445.68 372.18
434.11 340.65
415.20 337.85
400.13 335.40
456.54 350.11
464.24 366.23
471.60 366.23
316.75 345.21
295.73 315.43
401.18 295.11
387.87 282.85
375.96 263.23
444.62 302.11
348.63 255.52
351.78 257.97
216.79 485.17
185.26 429.81
56.33 449.43
328.20 255.34
336.61 261.65
306.48 244.83
300.17 246.23
291.76 250.44
295.97 248.34
308.58 250.44
324.69 248.34
334.50 249.74
388.46 273.56
382.15 278.47
337.31 281.27
345.72 276.36
359.73 288.98
369.54 287.58
368.84 277.77
376.55 277.77
374.44 287.58
388.46 292.48
394.06 293.18
329.60 263.75
322.59 258.85
320.49 256.04
127.10 249.74
122.90 253.94
117.29 253.94
128.50 256.74
402.09 280.87
406.90 279.26
397.67 276.05
424.97 276.45
428.98 283.28
434.60 280.07
434.60 286.49
441.43 281.27
442.63 289.30
449.46 291.31
455.48 297.73
466.32 290.50
471.94 289.30
476.35 283.68
465.11 284.08
448.65 277.25
440.63 276.05
435.00 276.45
428.18 277.25
61.00 335.06
142.09 319.81
114.79 325.43
189.46 290.90
371.72 486.81
