907.50 302.62
609.79 396.10
759.36 305.49
996.66 227.83
1015.36 181.81
952.08 209.13
907.50 214.89
838.46 227.83
822.64 342.89
828.39 272.42
494.73 363.02
543.63 305.49
504.80 299.74
634.24 278.17
687.45 247.97
724.84 224.95
996.66 153.04
1018.42 12.40
1017.70 41.89
1010.15 59.51
1018.78 67.77
1020.93 88.63
1001.88 23.19
987.14 14.56
993.25 2.34
1000.44 1.62
988.57 39.73
1000.44 50.16
991.09 53.03
1003.32 64.54
1001.88 81.08
990.73 96.90
1013.38 119.55
1004.75 104.81
970.96 10.61
960.17 26.79
978.51 58.43
956.21 50.52
952.62 66.34
963.41 74.61
970.96 101.21
985.34 74.61
942.19 59.51
937.52 49.44
946.87 39.37
946.15 21.75
930.69 8.09
923.14 5.57
912.35 3.77
920.98 35.42
915.23 52.67
931.76 72.09
927.81 87.91
917.02 80.72
942.19 96.18
911.27 104.45
894.37 76.40
893.65 51.95
905.88 30.74
896.17 22.83
897.61 9.53
887.90 6.29
880.71 2.34
878.91 16.72
888.98 34.34
954.42 131.42
977.79 129.62
924.21 153.35
945.79 114.52
892.57 145.80
884.66 101.21
864.89 95.46
875.32 135.01
868.84 119.55
841.16 103.73
850.87 97.26
855.18 76.40
872.44 79.64
874.96 64.54
874.96 51.24
877.11 36.49
855.54 34.34
852.66 21.39
861.65 1.98
832.17 21.39
829.65 11.33
835.41 46.20
845.47 52.67
844.03 66.34
845.11 40.45
818.51 51.24
823.54 80.72
839.36 81.08
855.90 113.80
842.24 152.99
815.63 119.55
861.83 169.07
933.02 170.51
960.35 155.40
863.99 211.49
877.65 191.36
828.03 187.04
812.93 170.51
799.27 148.93
784.17 150.37
774.82 155.40
771.94 130.95
809.34 102.19
806.46 90.68
790.64 93.56
789.92 79.18
781.29 107.22
776.26 81.34
781.29 66.24
809.34 68.39
803.58 55.45
803.58 43.22
805.02 22.37
802.87 2.24
816.53 12.30
797.11 13.02
788.48 7.99
780.57 14.46
771.94 9.43
789.20 37.47
793.52 50.42
780.57 48.98
772.66 63.36
764.75 82.77
756.84 100.03
746.78 126.64
743.18 145.34
764.03 174.10
810.78 215.81
775.54 207.18
794.96 223.72
780.57 182.73
756.12 197.83
721.61 160.44
708.66 136.71
735.27 115.85
723.05 105.07
738.87 98.60
751.81 81.34
757.56 60.48
751.09 48.26
749.65 37.47
754.69 18.06
747.50 13.74
746.06 2.95
728.62 67.77
731.85 42.25
719.99 40.45
725.74 56.27
739.41 22.83
745.16 30.74
730.06 12.76
728.98 29.66
697.70 9.17
721.43 12.04
722.87 23.91
700.21 22.83
705.97 26.79
730.06 82.16
694.46 51.95
686.55 39.37
709.92 39.37
705.25 54.47
685.47 8.81
685.11 22.83
675.05 19.24
668.93 8.81
670.37 27.86
672.53 45.48
681.52 56.27
688.71 68.13
692.66 83.95
681.52 82.16
689.79 118.83
693.38 138.61
705.25 123.86
713.52 117.39
666.42 95.46
679.00 106.61
727.90 133.21
658.87 24.63
648.80 21.75
634.06 29.30
659.23 33.26
643.41 29.66
644.12 44.40
649.88 55.19
657.43 76.40
647.36 87.91
647.36 67.06
651.32 80.36
647.36 108.76
658.87 118.83
651.67 132.49
679.72 135.01
649.88 157.66
641.97 11.33
658.51 8.81
630.82 4.85
627.58 13.84
630.10 53.75
625.79 93.66
620.03 119.55
615.00 50.88
626.15 39.37
614.64 19.59
589.47 1.26
594.51 13.84
606.01 22.11
612.84 33.98
588.39 32.90
594.15 23.19
606.01 40.45
604.93 63.82
598.82 62.74
581.56 55.19
616.44 60.94
622.55 62.74
621.47 73.89
634.42 63.46
607.09 101.57
594.15 106.61
609.97 114.52
604.21 125.66
609.97 132.85
600.62 145.08
591.27 126.02
636.21 152.63
700.03 175.70
695.72 197.99
686.37 218.12
670.55 172.10
657.61 233.94
628.84 219.56
633.88 179.29
647.54 175.70
613.74 177.13
587.14 167.07
575.63 180.73
596.48 187.20
594.33 210.93
568.44 194.39
576.35 155.56
579.23 120.33
574.91 236.10
606.55 250.48
538.24 253.36
540.39 231.07
548.30 215.97
537.52 200.86
559.81 207.34
506.60 233.94
479.27 262.71
497.97 205.90
487.90 212.37
486.28 166.53
520.08 184.51
521.52 156.10
536.26 165.09
545.61 144.95
562.87 107.20
568.26 89.94
558.91 88.86
587.67 81.67
585.52 68.37
572.21 67.29
537.70 67.29
545.97 62.62
566.10 52.19
549.20 80.24
553.88 69.81
538.78 76.64
522.60 59.02
540.93 50.75
506.42 61.18
498.15 56.15
513.25 94.98
513.97 84.19
538.06 103.97
529.07 99.65
528.71 111.52
521.88 132.37
543.81 130.93
498.87 141.72
493.83 123.02
494.19 112.60
499.23 102.89
489.16 97.85
484.48 86.71
495.99 68.37
497.43 85.27
480.89 110.44
512.17 117.63
479.09 137.40
575.45 30.74
567.18 38.29
553.88 14.92
571.50 8.81
563.23 1.26
534.82 9.89
536.62 1.62
547.76 25.71
542.37 20.67
534.46 33.26
521.16 34.34
508.57 28.22
503.18 21.39
509.29 13.12
522.24 11.68
506.78 3.77
492.75 0.18
495.27 34.34
496.35 46.92
484.12 43.68
483.76 8.81
854.10 6.76
