76.47 254.55
223.17 378.24
401.50 264.62
6.90 136.64
5.10 77.31
21.64 28.06
54.72 28.77
37.82 70.12
67.66 73.00
103.62 79.83
135.26 92.77
103.98 44.24
111.89 28.42
66.58 16.19
33.50 3.97
97.86 14.75
80.61 25.54
90.31 6.48
31.71 44.24
15.89 44.24
112.25 1.37
136.70 28.34
175.53 7.12
156.83 9.64
128.79 10.36
158.99 30.49
175.53 28.34
198.18 8.92
193.15 24.74
167.26 59.26
182.72 52.79
200.70 71.12
164.02 71.48
166.18 85.86
196.38 78.31
212.20 53.86
202.13 36.61
215.80 15.39
167.08 117.92
218.85 142.37
312.34 189.83
293.64 143.81
356.92 171.13
401.50 176.89
470.54 189.83
486.36 304.89
480.61 234.42
227.48 102.10
264.88 97.79
312.34 115.04
243.84 6.40
233.42 12.52
230.18 25.10
230.54 39.12
255.71 51.71
271.89 46.67
263.98 19.71
291.30 3.89
278.00 18.99
298.85 21.51
276.20 32.29
290.22 29.77
288.07 50.63
262.90 62.85
273.68 78.31
320.43 1.73
308.56 12.16
317.91 15.03
305.68 26.54
307.12 43.08
318.27 58.90
295.62 81.55
304.25 66.81
330.49 20.43
352.79 12.52
356.38 28.34
345.59 36.61
338.04 63.21
323.66 36.61
366.81 21.51
371.48 11.44
362.13 1.37
393.77 14.67
377.24 34.09
381.19 49.91
391.98 42.72
366.81 58.18
397.73 66.45
414.63 38.40
415.35 13.95
354.58 93.42
331.21 91.62
384.79 115.35
363.21 76.52
416.43 107.80
424.34 63.21
444.11 57.46
433.68 97.01
440.16 81.55
467.84 65.73
458.13 59.26
453.82 38.40
436.56 41.64
434.04 26.54
434.04 13.24
473.59 8.20
463.53 14.67
464.97 28.34
463.89 2.45
490.49 13.24
485.46 42.72
469.64 43.08
453.10 75.80
466.76 114.99
493.37 81.55
447.17 131.07
375.98 132.51
348.65 117.40
445.01 173.49
431.35 153.36
480.97 149.04
496.07 132.51
509.73 110.93
524.83 112.37
534.18 117.40
537.06 92.95
499.66 64.19
502.54 52.68
518.36 55.56
519.08 41.18
527.71 69.22
532.74 43.34
527.71 28.24
499.66 30.39
505.42 17.45
505.42 5.22
515.48 12.42
528.43 10.98
536.34 25.36
544.25 44.77
544.97 136.10
498.22 177.81
533.46 169.18
514.04 185.72
528.43 144.73
252.29 244.68
