23.72 470.28
39.54 476.75
39.54 445.11
78.38 481.79
87.72 467.41
69.75 456.62
15.10 457.34
195.59 532.13
128.71 460.22
117.21 458.78
130.15 443.68
158.92 451.59
200.62 455.18
191.99 458.06
185.52 432.89
172.58 427.14
240.89 535.00
125.84 417.07
145.97 419.23
149.57 404.84
162.51 409.16
128.71 391.90
110.02 405.56
71.19 438.64
61.84 431.45
63.99 412.75
38.11 372.49
25.16 384.71
8.62 391.90
9.34 363.86
5.75 381.83
50.33 373.92
74.06 370.33
74.06 358.82
48.17 357.38
75.50 349.47
96.35 371.77
92.76 383.99
89.70 420.49
67.05 387.77
108.40 369.43
110.20 356.84
134.65 380.22
129.97 362.96
134.65 352.17
185.70 416.17
171.68 380.93
167.01 349.29
153.70 356.49
149.03 350.37
166.65 364.40
174.92 364.40
183.90 389.92
196.49 385.97
215.19 397.11
172.76 335.99
209.79 361.16
210.51 371.95
213.39 347.86
222.74 341.02
133.39 280.08
92.22 396.75
152.62 316.93
220.94 317.65
229.57 328.80
241.79 316.93
256.17 326.28
251.14 316.22
293.21 307.59
284.58 320.17
292.13 315.86
268.04 329.16
236.76 345.34
234.96 369.07
241.07 355.41
242.51 367.99
238.92 389.56
242.15 379.50
276.31 375.54
278.11 366.19
266.60 346.42
280.26 351.09
246.11 349.29
300.76 366.91
284.94 361.88
312.62 336.35
304.35 332.40
314.42 320.17
278.11 329.52
321.97 328.80
330.96 315.86
336.35 328.80
342.47 333.83
343.19 356.13
315.50 363.32
322.69 391.36
294.29 409.34
263.72 404.31
251.86 392.08
234.96 446.73
278.11 438.46
295.01 434.51
253.66 408.62
274.15 401.07
326.65 383.81
335.63 374.10
330.96 381.29
353.25 371.59
380.58 346.42
367.99 345.34
402.15 371.95
387.05 362.60
376.26 369.43
360.08 358.28
374.47 384.53
363.32 385.97
342.11 398.91
344.62 387.05
369.07 406.10
353.25 414.01
344.26 426.96
385.61 409.70
392.80 430.55
330.60 455.72
422.29 446.01
439.19 419.41
428.76 397.11
408.62 359.00
401.07 342.10
387.05 319.81
380.58 311.90
345.34 344.98
410.78 328.44
405.75 318.01
425.52 324.49
430.20 318.01
420.85 357.56
416.17 347.14
409.70 347.14
430.56 346.06
442.78 347.50
452.85 353.25
444.22 373.38
438.83 363.32
455.37 403.95
480.89 311.54
476.22 323.77
498.42 325.83
461.39 341.83
461.03 331.23
481.88 348.49
493.93 333.92
473.25 339.68
474.51 372.93
526.20 323.05
540.94 316.22
515.05 335.63
514.69 345.34
497.07 362.60
506.78 372.31
524.04 374.82
540.22 374.82
544.89 325.56
510.74 401.07
499.59 398.19
478.38 394.24
543.81 398.19
494.56 412.22
492.76 397.11
537.16 428.22
517.39 426.78
517.75 435.77
477.48 419.95
302.02 531.33
323.59 524.13
379.68 512.63
373.21 488.90
419.23 502.56
477.48 478.83
524.94 522.70
463.10 445.83
460.94 432.89
386.87 375.36
381.84 387.59
