21.38 484.79
30.72 470.41
12.75 459.62
138.59 535.13
71.71 463.22
60.21 461.78
73.15 446.68
101.92 454.59
143.62 458.18
134.99 461.06
128.52 435.89
115.58 430.14
183.89 538.00
68.84 420.07
88.97 422.23
92.57 407.84
105.51 412.16
71.71 394.90
53.02 408.56
14.19 441.64
4.84 434.45
6.99 415.75
17.06 373.33
17.06 361.82
18.50 352.47
39.35 374.77
35.76 386.99
32.70 423.49
10.05 390.77
51.40 372.43
53.20 359.84
77.65 383.22
72.97 365.96
77.65 355.17
128.70 419.17
114.68 383.93
110.01 352.29
96.70 359.49
92.03 353.37
109.65 367.40
117.92 367.40
126.90 392.92
139.49 388.97
158.19 400.11
115.76 338.99
152.79 364.16
153.51 374.95
156.39 350.86
165.74 344.02
76.39 283.08
35.22 399.75
95.62 319.93
163.94 320.65
172.57 331.80
184.79 319.93
199.17 329.28
194.14 319.22
236.21 310.59
227.58 323.17
235.13 318.86
211.04 332.16
179.76 348.34
177.96 372.07
184.07 358.41
185.51 370.99
181.92 392.56
185.15 382.50
219.31 378.54
221.11 369.19
209.60 349.42
223.26 354.09
189.11 352.29
243.76 369.91
227.94 364.88
255.62 339.35
247.35 335.40
257.42 323.17
221.11 332.52
264.97 331.80
273.96 318.86
279.35 331.80
285.47 336.83
286.19 359.13
258.50 366.32
265.69 394.36
237.29 412.34
206.72 407.31
194.86 395.08
177.96 449.73
221.11 441.46
238.01 437.51
196.66 411.62
217.15 404.07
269.65 386.81
278.63 377.10
273.96 384.29
296.25 374.59
323.58 349.42
310.99 348.34
345.15 374.95
330.05 365.60
319.26 372.43
303.08 361.28
317.47 387.53
306.32 388.97
285.11 401.91
287.62 390.05
312.07 409.10
296.25 417.01
287.26 429.96
328.61 412.70
335.80 433.55
273.60 458.72
365.29 449.01
382.19 422.41
371.76 400.11
351.62 362.00
344.07 345.10
330.05 322.81
323.58 314.90
288.34 347.98
353.78 331.44
348.75 321.01
368.52 327.49
373.20 321.01
363.85 360.56
359.17 350.14
352.70 350.14
373.56 349.06
385.78 350.50
395.85 356.25
387.22 376.38
381.83 366.32
398.37 406.95
423.89 314.54
419.22 326.77
441.42 328.83
404.39 344.83
404.03 334.23
424.88 351.49
436.93 336.92
416.25 342.68
417.51 375.93
469.20 326.05
483.94 319.22
458.05 338.63
457.69 348.34
440.07 365.60
449.78 375.31
467.04 377.82
483.22 377.82
488.61 364.52
498.68 342.23
487.89 328.56
453.74 404.07
442.59 401.19
421.38 397.24
486.81 401.19
437.56 415.22
435.76 400.11
502.81 329.46
519.35 336.65
513.24 333.42
508.57 412.16
527.98 413.24
529.42 402.09
528.34 391.31
537.33 383.04
530.14 373.69
499.22 373.69
502.10 362.90
538.05 331.62
540.93 429.42
519.35 434.81
488.43 436.25
480.16 431.22
460.39 429.78
460.75 438.77
420.48 422.95
519.71 370.45
245.02 534.33
266.59 527.13
322.68 515.63
316.21 491.90
362.23 505.56
420.48 481.83
498.14 537.20
467.94 525.70
544.88 537.20
406.10 448.83
403.94 435.89
329.87 378.36
324.84 390.59
498.86 370.45
