969.75 554.59
968.31 524.38
1019.01 500.29
995.99 473.69
981.61 469.37
955.01 473.69
931.28 477.28
1003.19 434.14
982.33 438.45
1020.44 433.42
1009.66 468.65
1019.01 470.09
915.46 483.75
915.46 452.11
876.62 488.79
867.28 474.41
885.25 463.62
939.90 464.34
956.44 408.97
973.70 416.88
987.37 393.87
1001.75 383.80
1013.97 401.78
1017.57 349.28
937.03 654.90
867.28 646.99
738.56 631.17
750.78 561.42
759.41 539.13
826.29 467.22
837.79 465.78
824.85 450.68
796.08 458.59
754.38 462.18
763.01 465.06
769.48 439.89
782.42 434.14
714.11 542.00
687.50 589.46
705.48 595.93
635.72 637.64
647.95 607.44
829.16 424.07
809.03 426.23
805.43 411.84
792.49 416.16
826.29 398.90
844.98 412.56
883.81 445.64
893.16 438.45
891.01 419.75
916.89 379.49
929.84 391.71
946.38 398.90
945.66 370.86
949.25 388.83
973.70 367.98
992.40 378.77
988.08 370.86
972.26 347.13
992.40 352.16
904.67 380.92
880.94 377.33
880.94 365.82
906.83 364.38
879.50 356.47
858.65 378.77
862.24 390.99
865.30 427.49
887.95 394.77
846.60 376.43
844.80 363.84
820.35 387.22
825.03 369.96
820.35 359.17
769.30 423.17
783.32 387.93
787.99 356.29
801.30 363.49
805.97 357.37
788.35 371.40
780.08 371.40
771.10 396.92
758.51 392.97
739.81 404.11
782.24 342.99
745.21 368.16
744.49 378.95
741.61 354.86
732.26 348.02
821.61 287.08
1012.53 229.19
971.54 239.26
974.42 324.83
1015.41 333.46
955.72 301.82
862.78 403.75
802.38 323.93
734.06 324.65
725.43 335.80
713.21 323.93
698.83 333.28
703.86 323.22
661.79 314.59
670.42 327.17
662.87 322.86
686.96 336.16
718.24 352.34
720.04 376.07
713.93 362.41
712.49 374.99
716.08 396.56
712.85 386.50
678.69 382.54
676.89 373.19
688.40 353.42
674.74 358.09
708.89 356.29
654.24 373.91
670.06 368.88
642.38 343.35
650.65 339.40
640.58 327.17
676.89 336.52
633.03 335.80
624.04 322.86
618.65 335.80
612.53 340.83
611.81 363.13
639.50 370.32
632.31 398.36
660.71 416.34
691.28 411.31
703.14 399.08
720.04 453.73
676.89 445.46
659.99 441.51
701.34 415.62
680.85 408.07
628.35 390.81
619.37 381.10
624.04 388.29
601.75 378.59
574.42 353.42
587.01 352.34
552.85 378.95
567.95 369.60
578.74 376.43
594.92 365.28
580.53 391.53
591.68 392.97
612.89 405.91
610.38 394.05
585.93 413.10
601.75 421.01
610.74 433.96
569.39 416.70
562.20 437.55
624.40 462.72
532.71 453.01
515.81 426.41
526.24 404.11
546.38 366.00
553.93 349.10
567.95 326.81
574.42 318.90
609.66 351.98
544.22 335.44
549.25 325.01
529.48 331.49
524.80 325.01
534.15 364.56
538.83 354.14
545.30 354.14
524.44 353.06
512.22 354.50
502.15 360.25
510.78 380.38
516.17 370.32
499.63 410.95
474.11 318.54
478.78 330.77
456.58 332.83
493.61 348.83
493.97 338.23
473.12 355.49
461.07 340.92
481.75 346.68
480.49 379.93
428.80 330.05
414.06 323.22
439.95 342.63
440.31 352.34
457.93 369.60
448.22 379.31
430.96 381.82
414.78 381.82
409.39 368.52
399.32 346.23
410.11 332.56
444.26 408.07
455.41 405.19
476.62 401.24
411.19 405.19
460.44 419.22
462.24 404.11
395.19 333.46
378.65 340.65
384.76 337.42
344.85 332.38
389.43 416.16
370.02 417.24
368.58 406.09
369.66 395.31
360.67 387.04
367.86 377.69
398.78 377.69
395.90 366.90
359.95 335.62
357.07 433.42
339.46 430.54
378.65 438.81
409.57 440.25
417.84 435.22
437.61 433.78
437.25 442.77
477.52 426.95
378.29 374.45
309.97 334.90
333.34 350.00
343.41 397.82
336.22 410.41
329.75 397.10
310.33 354.32
277.97 396.74
303.86 414.72
293.07 419.40
277.61 422.27
285.52 443.49
262.15 411.13
247.05 419.75
236.26 434.50
247.77 392.07
238.42 382.72
253.88 360.43
244.53 353.60
277.25 337.42
271.50 328.07
308.17 343.53
320.76 342.45
321.12 367.62
299.54 358.63
241.30 342.81
266.83 355.04
219.90 330.77
221.70 338.32
222.42 380.74
205.88 414.18
198.33 373.19
204.08 361.69
195.81 349.82
197.97 333.64
166.33 343.35
175.32 333.28
174.24 394.41
183.59 413.46
221.70 446.54
217.39 458.05
186.83 449.06
180.71 433.60
167.77 432.88
157.34 426.41
142.96 435.40
143.32 412.02
145.48 388.65
158.42 370.68
165.25 358.09
154.11 358.09
175.68 369.96
108.08 363.49
127.14 360.97
108.44 339.75
127.86 333.64
136.13 356.65
82.20 369.96
91.90 366.72
89.39 353.06
92.62 340.83
84.35 333.64
76.08 318.54
71.41 353.06
77.52 340.83
92.26 381.46
128.94 398.36
127.86 430.36
135.41 421.73
118.51 444.38
98.02 437.91
89.75 417.42
74.29 416.70
80.76 395.84
66.74 393.33
42.65 409.87
42.29 388.65
49.48 376.43
30.78 363.49
27.19 346.23
8.49 346.23
40.85 345.87
12.08 432.52
63.50 422.81
72.13 449.78
32.22 437.55
3.10 375.71
48.04 336.88
652.98 538.33
631.41 531.13
575.32 519.63
581.79 495.90
535.77 509.56
477.52 485.83
512.04 620.30
504.13 605.92
518.51 651.94
571.01 662.73
686.06 664.17
399.86 541.20
430.06 529.70
353.12 541.20
447.32 670.64
481.84 610.24
341.61 519.63
275.99 603.22
260.17 551.45
240.04 542.10
240.40 480.26
304.76 484.57
322.74 524.12
217.93 594.42
195.63 553.43
151.77 553.43
132.35 605.20
97.84 575.00
118.69 553.43
106.47 534.73
146.02 467.13
163.99 462.82
253.16 462.10
257.48 441.97
5.07 598.01
7.23 519.63
41.75 527.54
78.42 587.94
491.90 452.83
494.06 439.89
568.13 382.36
573.16 394.59
399.14 374.45
12.26 327.71
316.29 393.70
