30.22 536.42
21.59 514.13
26.62 437.18
17.99 440.06
11.52 414.89
66.89 517.00
11.70 398.17
0.92 346.40
9.90 371.92
22.49 367.97
41.19 379.11
35.79 343.16
36.51 353.95
39.39 329.86
48.74 323.02
46.94 299.65
55.57 310.80
67.79 298.93
82.17 308.28
77.14 298.22
119.21 289.59
110.58 302.17
118.13 297.86
94.04 311.16
62.76 327.34
60.96 351.07
67.07 337.41
68.51 349.99
64.92 371.56
68.15 361.50
102.31 357.54
104.11 348.19
92.60 328.42
106.26 333.09
72.11 331.29
126.76 348.91
110.94 343.88
138.62 318.35
130.35 314.40
140.42 302.17
104.11 311.52
147.97 310.80
156.96 297.86
162.35 310.80
168.47 315.83
169.19 338.13
141.50 345.32
148.69 373.36
120.29 391.34
89.72 386.31
77.86 374.08
60.96 428.73
104.11 420.46
121.01 416.51
79.66 390.62
100.15 383.07
152.65 365.81
161.63 356.10
156.96 363.29
179.25 353.59
206.58 328.42
193.99 327.34
228.15 353.95
213.05 344.60
202.26 351.43
186.08 340.28
200.47 366.53
189.32 367.97
168.11 380.91
170.62 369.05
195.07 388.10
179.25 396.01
170.26 408.96
211.61 391.70
218.80 412.55
156.60 437.72
248.29 428.01
265.19 401.41
254.76 379.11
234.62 341.00
227.07 324.10
213.05 301.81
206.58 293.90
171.34 326.98
236.78 310.44
231.75 300.01
251.52 306.49
256.20 300.01
246.85 339.56
242.17 329.14
235.70 329.14
256.56 328.06
268.78 329.50
278.85 335.25
270.22 355.38
264.83 345.32
281.37 385.95
306.89 293.54
302.22 305.77
324.42 307.83
287.39 323.83
287.03 313.23
307.88 330.49
319.93 315.92
299.25 321.68
300.51 354.93
352.20 305.05
366.94 298.22
341.05 317.63
340.69 327.34
323.07 344.60
332.78 354.31
350.04 356.82
366.22 356.82
371.61 343.52
381.68 321.23
370.89 307.56
336.74 383.07
325.59 380.19
304.38 376.24
369.81 380.19
320.56 394.22
318.76 379.11
385.81 308.46
402.35 315.65
396.24 312.42
436.15 307.38
391.57 391.16
410.98 392.24
412.42 381.09
411.34 370.31
420.33 362.04
413.14 352.69
382.22 352.69
385.10 341.90
421.05 310.62
423.93 408.42
441.54 405.54
402.35 413.81
371.43 415.25
363.16 410.22
343.39 408.78
343.75 417.77
303.48 401.95
402.71 349.45
471.03 309.90
447.66 325.00
437.59 372.82
444.78 385.41
451.25 372.10
470.67 329.32
503.03 371.74
477.14 389.72
487.93 394.40
503.39 397.27
495.48 418.49
518.85 386.13
533.95 394.75
544.74 409.50
533.23 367.07
542.58 357.72
527.12 335.43
536.47 328.60
503.75 312.42
509.50 303.07
472.83 318.53
460.24 317.45
459.88 342.62
481.46 333.63
539.70 317.81
514.17 330.04
128.02 513.33
149.59 506.13
205.68 494.63
199.21 470.90
245.23 484.56
303.48 460.83
381.14 516.20
350.94 504.70
427.88 516.20
439.39 494.63
520.83 526.45
540.96 517.10
540.60 455.26
476.24 459.57
458.26 499.12
527.84 437.10
523.52 416.97
289.10 427.83
286.94 414.89
212.87 357.36
207.84 369.59
381.86 349.45
464.71 368.70
