5.38 491.82
25.55 442.23
28.91 500.23
36.48 512.84
58.33 496.03
45.72 473.33
60.01 468.29
75.98 469.13
107.93 494.34
120.53 493.50
108.77 533.01
168.45 535.53
147.43 501.91
144.91 476.69
120.53 463.24
118.85 446.43
120.53 431.30
123.06 416.17
69.26 427.94
178.53 496.03
175.17 452.32
147.43 423.74
141.55 413.65
153.32 396.84
167.61 390.96
186.94 380.87
186.10 401.04
232.33 537.21
216.36 516.20
283.60 485.94
297.89 476.69
304.62 448.95
263.43 457.36
238.21 448.11
206.27 432.98
190.30 423.74
225.60 411.97
206.27 405.25
234.85 395.16
259.23 403.56
273.52 392.64
265.95 417.01
274.36 430.46
295.37 447.27
417.25 523.76
381.11 496.87
378.58 467.45
389.51 454.00
415.57 437.19
431.54 427.10
412.21 459.04
429.86 491.82
452.55 454.84
472.73 446.43
475.25 470.81
482.81 488.46
472.73 516.20
449.19 538.89
521.48 526.29
515.60 487.62
519.80 460.72
508.03 448.95
534.93 409.45
535.77 356.49
529.89 322.03
536.61 305.22
508.03 322.03
492.90 309.42
490.38 330.44
479.45 323.71
461.80 306.90
453.39 299.33
441.63 299.33
442.47 318.67
456.76 313.62
464.32 356.49
481.13 356.49
463.48 372.46
458.44 396.00
466.00 403.56
492.06 389.27
504.67 373.30
480.29 381.71
495.42 406.93
421.45 411.97
429.86 390.96
433.22 374.14
443.31 352.29
435.74 340.52
428.18 341.36
427.34 319.51
410.53 308.58
392.87 320.35
396.24 345.57
384.47 363.22
371.86 361.54
350.01 359.01
355.89 312.78
381.95 277.48
406.32 378.35
403.80 396.00
387.83 401.04
386.99 387.59
365.14 393.48
364.30 428.78
347.48 417.01
318.06 439.71
291.17 374.99
304.62 365.74
306.30 350.61
323.95 355.65
323.11 364.90
333.19 373.30
333.19 339.68
351.69 335.48
362.61 344.72
270.15 351.45
285.28 351.45
288.65 338.00
240.73 348.09
214.68 343.88
200.39 338.84
191.98 336.32
176.85 325.39
165.92 343.88
176.01 351.45
181.05 367.42
188.62 386.75
207.95 384.23
221.40 373.30
239.05 369.94
134.82 346.41
120.53 328.75
128.94 333.80
118.01 352.29
151.63 357.33
143.23 370.78
116.33 389.27
114.65 367.42
88.59 354.81
93.64 375.83
86.07 388.43
189.46 406.93
64.22 411.97
49.93 407.77
63.38 401.04
64.22 384.23
49.09 352.29
43.20 367.42
39.84 348.93
14.62 348.09
11.26 361.54
20.51 379.19
28.91 389.27
39.00 389.27
19.67 401.88
24.71 417.01
32.28 232.09
58.33 232.93
36.48 275.80
56.65 271.60
103.72 224.53
102.88 273.28
105.40 247.22
130.62 268.23
157.52 268.23
129.78 233.77
143.23 225.37
136.50 224.53
150.79 227.89
165.92 225.37
197.02 237.13
207.11 245.54
241.57 243.02
270.99 232.09
330.67 234.61
319.75 228.73
341.60 224.53
352.53 222.84
358.41 237.97
358.41 227.89
511.39 227.89
492.06 223.68
456.76 222.84
442.47 219.48
424.82 221.16
413.89 225.37
408.85 215.28
398.76 216.96
381.95 226.21
405.60 230.52
389.23 231.03
280.79 235.64
234.76 248.42
300.74 348.16
382.07 345.10
351.38 537.30
165.20 485.24
322.48 505.19
