1.48 423.84
23.33 407.03
10.72 384.33
25.01 379.29
40.98 380.13
72.93 405.34
85.53 404.50
73.77 444.01
52.75 461.66
46.87 485.20
101.50 468.39
136.81 475.95
157.82 463.34
133.45 446.53
112.43 412.91
109.91 387.69
85.53 374.24
83.85 357.43
85.53 342.30
88.06 327.17
34.26 338.94
143.53 407.03
140.17 363.32
112.43 334.74
106.55 324.65
118.32 307.84
132.61 301.96
151.94 291.87
151.10 312.04
197.33 448.21
181.36 427.20
248.60 396.94
262.89 387.69
269.62 359.95
228.43 368.36
203.21 359.11
171.27 343.98
155.30 334.74
190.60 322.97
171.27 316.25
199.85 306.16
224.23 314.56
238.52 303.64
230.95 328.01
239.36 341.46
260.37 358.27
275.50 486.88
308.28 460.82
314.17 523.02
242.72 536.47
364.60 535.63
359.56 504.53
378.05 520.50
395.70 465.02
431.84 538.99
428.48 514.62
467.99 525.54
473.87 500.33
432.68 478.47
379.73 464.18
382.25 434.76
346.11 407.87
343.58 378.45
354.51 365.00
380.57 348.19
396.54 338.10
377.21 370.04
394.86 402.82
417.55 365.84
437.73 357.43
440.25 381.81
447.81 399.46
437.73 427.20
430.16 456.62
414.19 449.89
486.48 437.29
514.22 475.11
515.90 445.69
480.60 398.62
484.80 371.72
473.03 359.95
515.06 366.68
514.22 337.26
499.93 320.45
525.99 296.07
511.70 278.42
500.77 267.49
509.17 247.32
494.89 233.03
501.61 216.22
520.94 214.54
473.03 233.03
457.90 220.42
455.38 241.44
444.45 234.71
426.80 217.90
418.39 210.33
406.63 210.33
407.47 229.67
421.76 224.62
429.32 267.49
446.13 267.49
428.48 283.46
423.44 307.00
431.00 314.56
457.06 300.27
469.67 284.30
445.29 292.71
460.42 317.93
386.45 322.97
394.86 301.96
398.22 285.14
408.31 263.29
400.74 251.52
393.18 252.36
392.34 230.51
375.53 219.58
357.87 231.35
361.24 256.57
349.47 274.22
336.86 272.54
315.01 270.01
320.89 223.78
346.95 188.48
371.32 289.35
368.80 307.00
352.83 312.04
351.99 298.59
330.14 304.48
329.30 339.78
312.48 328.01
283.06 350.71
256.17 285.99
269.62 276.74
271.30 261.61
288.95 266.65
288.11 275.90
298.19 284.30
298.19 250.68
316.69 246.48
327.61 255.72
235.15 262.45
250.28 262.45
253.65 249.00
205.73 259.09
179.68 254.88
165.39 249.84
156.98 247.32
141.85 236.39
130.92 254.88
141.01 262.45
146.05 278.42
153.62 297.75
172.95 295.23
186.40 284.30
204.05 280.94
99.82 257.41
85.53 239.75
93.94 244.80
83.01 263.29
116.63 268.33
108.23 281.78
81.33 300.27
79.65 278.42
53.59 265.81
58.64 286.83
51.07 299.43
154.46 317.93
29.22 322.97
14.93 318.77
28.38 312.04
29.22 295.23
14.09 263.29
8.20 278.42
4.84 259.93
4.00 300.27
23.33 143.93
1.48 186.80
21.65 182.60
68.72 135.53
67.88 184.28
70.40 158.22
95.62 179.23
122.52 179.23
94.78 144.77
108.23 136.37
101.50 135.53
115.79 138.89
130.92 136.37
162.02 148.13
172.11 156.54
206.57 154.02
235.99 143.09
295.67 145.61
284.75 139.73
306.60 135.53
317.53 133.84
323.41 148.97
323.41 138.89
476.39 138.89
457.06 134.68
421.76 133.84
407.47 130.48
389.82 132.16
378.89 136.37
373.85 126.28
363.76 127.96
346.95 137.21
538.11 317.99
529.92 331.28
540.15 285.25
537.09 208.53
370.60 141.52
354.23 142.03
245.79 146.64
199.76 159.42
265.74 259.16
347.07 256.10
288.25 484.11
316.38 448.30
317.40 497.92
130.20 396.24
287.48 416.19
