984.27 646.52
998.60 625.04
1014.96 585.14
994.50 539.11
1013.94 495.12
983.25 515.58
969.95 497.17
937.22 485.91
933.13 527.86
946.42 556.50
933.13 668.00
898.34 655.73
844.13 618.90
837.99 545.25
834.92 528.88
853.33 506.37
895.28 504.33
891.18 465.45
909.60 469.55
917.78 451.13
936.19 450.11
961.77 455.23
922.90 427.60
909.60 409.19
898.34 390.78
883.00 409.19
889.14 435.79
855.38 427.60
820.60 462.39
798.09 439.88
823.67 409.19
862.54 405.10
851.29 399.98
879.93 391.80
881.98 374.41
848.22 380.55
839.01 365.20
823.67 376.46
814.46 394.87
788.89 417.37
806.28 424.54
802.18 509.44
792.98 547.29
806.28 636.29
781.72 663.91
728.53 642.43
702.96 612.76
765.36 535.02
759.22 514.56
760.24 485.91
713.19 472.62
679.43 540.13
688.63 522.74
658.97 495.12
692.73 447.04
718.30 454.20
715.23 439.88
745.92 469.55
738.76 405.10
757.17 376.46
780.70 387.71
797.07 376.46
800.14 354.97
803.21 336.56
775.59 362.13
831.85 277.23
856.40 270.07
862.54 257.79
876.86 258.81
879.93 242.45
1004.99 221.99
989.64 208.18
1015.22 196.92
1010.10 189.25
1000.90 190.27
993.74 180.56
984.53 173.39
976.35 193.34
963.56 182.09
963.05 173.91
962.54 167.26
973.79 206.64
975.32 234.77
978.90 248.58
966.12 252.68
955.37 251.14
941.56 255.74
942.08 240.40
927.24 237.84
917.01 217.89
923.15 229.15
939.52 205.62
957.42 207.66
954.86 197.43
945.66 197.95
931.33 184.65
939.52 178.00
951.79 128.38
904.74 210.22
873.03 215.85
884.79 234.26
894.00 241.42
902.69 258.30
913.94 258.30
906.78 246.54
849.50 215.85
857.68 235.80
841.31 252.68
828.01 247.05
835.18 231.19
834.15 217.89
840.29 201.53
850.52 205.62
812.67 232.22
805.00 240.40
781.47 236.31
787.61 226.08
798.35 218.41
815.23 199.99
804.49 188.23
788.63 203.57
801.42 181.07
767.15 203.57
768.68 215.85
763.57 221.99
751.80 207.66
743.62 197.43
769.70 184.65
799.37 146.80
813.69 150.38
858.19 148.33
837.73 141.68
790.16 146.29
780.45 146.80
773.80 136.57
779.42 125.83
759.99 134.52
743.11 134.01
735.43 125.83
734.92 120.20
726.23 122.25
732.88 116.11
718.56 109.46
720.60 96.16
733.90 87.98
742.08 91.05
768.68 174.42
759.99 162.65
749.25 161.63
735.95 170.33
733.39 187.21
718.04 189.76
731.85 204.60
728.79 219.43
714.46 201.53
709.35 196.41
693.49 190.79
698.10 209.20
692.47 221.47
681.73 203.57
673.54 187.72
675.59 179.02
691.96 179.02
685.31 171.35
689.91 160.61
700.14 166.23
702.19 176.46
716.51 169.81
706.28 158.56
712.42 120.71
716.00 115.09
702.19 109.46
708.33 114.57
699.12 115.60
689.91 112.53
689.40 127.87
680.19 135.54
689.91 141.68
699.12 148.84
688.38 151.91
671.50 158.05
672.52 149.35
665.36 143.73
673.54 123.78
678.66 111.50
692.98 105.37
706.28 91.56
698.10 91.56
683.26 99.74
688.38 100.76
677.64 91.05
681.73 86.95
662.80 90.53
666.38 98.21
672.01 105.37
654.11 114.06
649.50 97.69
644.39 98.72
638.76 87.98
629.56 95.14
618.30 79.28
640.30 116.62
644.39 135.03
644.39 149.35
651.55 149.87
655.13 162.14
646.95 168.79
646.44 179.53
642.34 158.56
633.65 160.61
665.36 213.29
655.13 209.71
635.18 199.48
630.58 191.30
620.35 183.11
617.79 170.84
615.24 159.58
608.59 170.33
611.65 166.23
601.42 156.00
603.98 162.65
679.68 238.87
702.70 252.68
663.32 254.21
633.14 244.49
633.14 219.94
601.94 222.50
614.21 261.88
616.26 232.73
629.56 269.04
647.46 290.53
631.09 301.78
628.53 293.59
634.16 314.57
637.23 331.44
636.72 325.82
682.75 339.63
694.00 326.33
702.19 319.17
728.27 313.54
754.36 314.05
756.92 266.49
750.27 238.35
746.18 339.12
755.89 329.40
739.53 354.97
729.30 360.60
725.72 334.00
732.88 342.70
706.79 336.56
666.90 356.51
651.30 584.99
634.01 498.55
633.56 470.18
628.24 453.33
649.97 442.70
672.57 436.05
672.57 422.75
699.61 432.06
687.20 373.10
625.14 373.54
618.93 432.06
622.92 417.87
568.40 394.82
575.49 370.88
576.82 352.26
598.54 328.77
596.33 310.15
573.72 319.90
561.31 331.43
559.53 345.17
572.39 344.29
532.94 340.74
541.36 354.92
526.29 330.54
527.17 381.52
520.52 362.90
513.88 336.75
514.76 318.57
503.24 322.12
485.50 338.08
495.70 349.16
481.96 359.80
493.48 397.92
474.87 402.80
501.46 434.72
485.06 429.40
530.28 415.66
509.00 465.30
559.53 448.02
568.40 434.27
575.49 490.13
595.00 527.81
610.96 507.42
605.64 578.79
594.55 564.60
543.58 545.54
538.70 518.50
515.20 498.11
504.57 502.54
502.79 532.24
477.53 534.46
463.78 536.67
458.91 550.42
446.50 545.54
446.05 508.75
452.26 498.11
476.20 472.40
459.35 410.78
447.82 442.70
423.44 471.51
428.32 459.10
415.91 435.60
419.45 420.97
414.58 409.45
392.86 413.88
394.19 448.90
378.67 461.76
404.38 486.14
557.76 476.63
514.32 612.28
572.83 609.62
553.33 639.76
478.86 643.31
466.44 602.53
429.21 607.85
403.50 589.23
395.52 636.22
377.79 592.77
348.53 608.73
370.69 561.74
389.31 547.56
395.52 523.62
416.79 528.94
368.92 512.98
376.90 500.57
304.20 613.17
298.88 568.84
334.34 533.37
289.13 547.56
274.06 538.69
251.00 505.89
271.40 501.46
313.95 508.55
308.63 468.65
344.10 488.16
355.62 455.35
359.17 434.96
325.48 429.64
344.10 430.53
336.12 409.25
348.53 399.50
354.73 385.32
408.82 367.58
229.73 501.46
197.81 513.87
150.82 513.87
193.38 491.70
180.96 487.27
168.55 458.90
148.16 442.94
203.13 441.17
245.68 467.77
250.12 452.70
274.94 455.35
297.11 444.72
304.20 429.64
306.86 413.69
290.90 411.91
293.56 401.27
289.13 391.52
290.90 373.79
313.06 374.68
317.50 388.86
335.23 363.15
315.72 331.23
303.31 323.25
297.11 308.18
289.13 337.44
265.19 319.71
253.66 334.78
260.76 359.60
250.12 407.48
270.51 420.78
283.81 427.87
275.83 407.48
257.21 388.86
274.94 380.88
250.12 371.13
230.61 373.79
235.05 388.86
228.84 413.69
260.76 441.17
254.55 426.98
225.29 427.87
204.02 417.23
211.11 395.95
184.51 411.91
147.27 383.54
153.48 372.02
142.84 364.92
160.57 363.15
172.99 356.94
170.33 348.97
154.37 343.65
199.58 380.00
178.30 393.29
182.74 375.56
189.83 360.49
210.22 363.15
237.71 357.83
237.71 347.19
234.16 330.35
250.12 325.91
227.95 316.16
211.11 323.25
221.75 346.31
208.45 343.65
189.83 341.87
184.51 328.57
195.15 324.14
201.36 315.28
193.38 312.62
207.56 303.75
220.86 298.43
196.92 295.77
186.28 267.40
175.64 291.34
168.55 285.13
159.69 292.22
162.35 318.82
180.08 311.73
147.27 308.18
143.73 264.74
165.89 247.01
430.72 346.30
433.11 331.68
452.49 329.64
442.97 309.23
460.31 311.27
473.24 299.03
455.55 291.54
442.97 295.29
447.39 277.60
435.49 283.04
445.01 265.70
427.66 271.48
420.86 276.92
418.82 288.82
421.88 304.47
429.36 294.95
420.86 321.47
411.00 335.76
394.33 320.11
395.69 311.95
408.28 304.13
409.64 294.26
409.30 282.70
404.54 276.58
397.39 273.52
392.97 283.38
392.97 299.71
375.29 288.14
360.66 291.88
356.58 282.70
346.04 279.30
335.15 277.60
328.35 287.46
319.17 269.44
328.35 261.27
335.83 268.08
361.00 270.80
378.01 274.54
376.65 262.29
391.27 259.23
379.71 255.49
409.64 262.63
423.58 251.07
431.06 241.21
412.36 239.85
399.09 241.55
392.97 237.81
394.67 248.35
369.85 245.97
365.42 255.83
355.56 260.59
357.60 248.01
345.02 250.39
325.97 246.31
339.58 238.83
373.25 227.94
387.87 222.50
394.67 215.02
398.07 226.24
411.34 219.78
430.38 224.88
485.48 240.53
314.07 256.17
317.47 245.29
323.25 238.83
314.75 238.49
326.31 231.69
321.55 220.46
340.60 224.88
342.98 230.32
363.38 231.00
352.16 224.20
364.06 223.86
376.31 216.38
367.46 212.64
355.56 211.96
347.40 214.00
354.20 203.80
335.83 214.68
337.54 206.18
328.69 212.64
313.73 210.26
326.99 201.76
322.91 198.35
321.89 193.25
343.32 197.67
355.56 194.61
370.87 194.27
379.71 203.12
387.87 201.42
431.74 195.63
445.01 199.03
483.10 225.22
479.36 216.38
481.74 192.23
469.84 188.15
463.37 188.15
445.69 188.15
446.03 195.29
293.32 244.27
310.67 228.96
310.33 220.80
300.12 214.68
290.26 221.14
292.98 230.32
265.09 237.13
287.54 206.52
300.12 203.80
292.98 197.33
304.20 192.23
302.50 184.41
308.63 177.61
294.68 178.63
274.28 190.19
286.18 192.23
280.74 183.73
287.20 174.21
278.70 170.13
278.36 160.60
292.30 165.70
301.14 166.72
304.88 170.47
317.81 168.43
311.35 169.11
326.99 172.85
325.63 160.94
337.88 183.73
341.96 174.55
357.26 179.99
380.39 174.21
372.23 166.38
383.45 164.34
416.78 182.71
426.30 164.34
451.81 209.92
460.99 214.34
256.93 205.84
257.61 189.51
263.39 175.91
264.41 164.34
271.55 162.64
264.75 155.84
254.89 171.15
249.11 159.24
234.48 165.02
224.62 166.38
233.12 176.25
242.31 179.65
214.42 172.51
214.08 160.26
202.85 165.70
199.11 165.70
194.35 171.83
186.53 165.36
186.87 182.71
174.28 171.15
168.84 172.17
157.96 183.05
154.22 177.27
158.98 169.79
157.28 163.66
559.28 309.23
545.34 304.81
516.77 299.71
504.19 304.47
496.36 296.99
495.34 252.77
518.81 266.38
514.05 260.25
525.95 254.47
516.43 250.39
520.17 240.53
531.06 244.61
539.56 239.17
554.18 240.53
580.03 251.41
575.95 267.06
562.01 268.76
587.85 274.54
601.80 273.86
590.91 288.14
574.25 287.12
612.34 183.05
585.81 177.95
578.67 187.47
556.90 187.13
559.28 177.95
568.47 171.83
573.23 161.62
571.53 152.44
577.31 152.10
585.47 159.24
582.75 166.04
589.55 151.08
584.11 139.18
594.66 134.41
575.61 134.41
559.96 141.90
552.82 143.94
550.10 157.54
547.04 150.74
537.18 145.30
538.88 136.46
536.50 129.99
545.68 129.99
557.58 127.27
526.29 149.38
527.31 186.11
506.91 158.90
502.83 149.38
514.39 140.88
520.51 128.97
507.59 128.97
492.62 229.98
502.15 219.10
517.45 218.42
535.14 225.56
494.32 211.96
504.53 211.28
487.86 205.84
459.29 174.55
470.18 151.42
481.06 153.46
475.96 141.56
492.28 128.97
455.89 127.27
445.01 179.99
442.63 168.43
421.88 153.12
415.42 156.52
407.26 154.14
390.25 153.46
423.92 190.19
467.12 217.74
333.45 152.94
324.27 150.56
312.37 155.32
313.05 147.49
304.20 157.70
297.06 152.94
304.20 143.07
301.48 138.31
309.31 133.55
321.21 133.55
326.99 141.37
340.60 130.15
336.51 118.93
384.13 125.39
396.03 125.39
364.40 117.90
356.92 111.44
353.86 102.26
344.68 105.66
325.97 88.32
307.95 115.86
303.86 109.74
295.70 106.00
301.82 100.56
297.06 93.76
301.14 86.62
311.01 92.74
349.78 70.63
364.40 76.41
386.51 81.51
397.73 85.25
411.34 84.91
424.94 101.58
442.97 109.74
431.74 97.16
446.37 90.36
457.93 110.42
463.37 117.22
475.96 110.08
474.26 94.78
459.97 103.28
461.33 98.52
461.67 80.83
467.80 78.79
473.92 72.33
457.25 75.05
453.17 77.77
453.51 72.33
460.31 61.45
455.21 44.78
445.69 55.33
445.01 61.45
443.99 40.02
433.11 67.23
430.72 76.75
439.91 79.81
443.31 82.19
424.26 85.25
429.02 89.68
416.44 78.79
413.72 74.71
404.88 67.91
418.14 62.13
420.52 56.69
426.30 53.28
412.70 54.65
404.54 54.65
406.58 41.38
411.00 37.30
434.81 48.18
430.38 38.66
391.27 44.78
391.27 52.94
393.65 65.53
386.17 66.21
397.05 75.05
390.59 59.41
380.39 72.33
374.61 64.51
369.17 53.28
377.33 46.48
367.80 32.54
357.94 32.88
359.64 47.84
361.00 40.02
358.62 58.73
348.76 50.22
352.16 45.12
347.74 45.12
350.12 32.54
346.04 32.88
334.13 32.88
332.09 48.86
337.20 45.80
336.17 63.15
323.93 50.56
329.03 44.10
322.91 43.76
320.19 39.00
310.33 43.76
298.42 41.38
307.61 31.86
296.04 24.72
305.23 12.47
292.98 11.45
619.82 113.48
612.68 102.60
611.32 73.01
602.14 68.25
618.12 15.53
624.93 12.47
631.39 17.57
683.08 17.23
694.99 12.47
611.32 15.53
603.84 14.51
584.79 69.27
575.61 115.18
547.38 96.82
557.58 94.44
550.44 87.30
555.20 77.77
541.60 88.66
540.24 77.09
536.84 69.95
534.80 65.19
547.38 65.87
526.29 64.85
526.63 75.39
528.33 80.83
534.12 98.86
524.25 99.54
528.33 92.74
521.53 89.34
531.40 116.88
524.25 113.82
514.73 111.78
500.11 104.98
506.91 86.62
516.43 64.51
509.29 59.07
509.29 49.88
504.53 44.44
515.07 38.32
531.40 39.68
486.16 44.78
487.52 52.26
497.73 57.37
482.08 36.28
476.98 40.36
471.20 38.32
487.86 73.69
499.77 70.97
488.54 102.26
481.40 89.68
242.14 153.62
249.62 145.79
253.02 136.95
260.84 140.01
271.38 137.63
267.30 131.51
294.17 133.21
288.39 143.07
283.97 150.90
284.99 145.79
293.83 125.05
281.59 127.43
279.21 107.70
292.13 100.90
280.57 91.38
285.67 80.49
282.27 85.93
294.17 85.93
290.77 91.04
289.75 75.05
279.89 76.41
269.68 72.33
263.22 85.59
270.70 93.08
260.50 112.46
260.16 118.93
259.14 127.09
247.24 127.77
231.93 146.81
222.07 150.21
218.33 150.90
208.46 150.56
217.99 144.09
230.91 136.27
223.43 131.51
220.71 124.71
217.99 119.27
232.95 124.03
243.16 119.61
234.31 113.48
244.18 106.34
255.06 107.70
249.96 109.74
243.16 97.16
231.59 103.96
231.59 95.46
212.21 97.50
209.48 110.76
217.99 114.50
203.36 107.02
204.38 95.80
208.12 91.04
190.10 103.62
197.58 93.42
199.96 85.93
197.58 80.49
189.42 81.85
186.70 76.07
193.50 70.97
178.54 81.17
173.09 86.62
174.45 61.45
163.57 62.47
151.67 49.88
143.50 45.12
169.69 47.84
163.91 45.80
170.71 42.40
181.26 37.98
186.02 42.06
190.78 36.96
192.82 42.40
196.22 42.06
200.98 45.12
208.12 53.96
210.51 52.60
215.27 53.62
220.03 56.01
227.17 56.01
231.93 56.01
231.93 49.54
238.39 55.67
230.91 66.55
222.41 65.53
238.39 66.55
242.48 65.53
253.02 64.85
247.58 75.73
226.83 83.55
222.07 82.53
212.55 87.98
208.46 75.05
255.74 81.51
280.57 48.52
283.63 41.04
276.49 34.58
280.57 24.38
281.59 16.89
277.85 11.45
271.04 15.19
270.70 6.35
257.10 11.45
256.08 17.91
261.52 17.91
261.52 7.71
294.17 6.69
299.95 3.63
308.46 6.35
233.97 42.40
225.13 47.84
232.27 36.96
223.09 39.34
217.65 19.27
234.31 23.02
250.64 24.72
236.01 8.73
217.99 4.31
222.41 15.19
214.25 13.49
209.83 36.62
216.63 38.32
217.31 46.48
199.28 34.24
206.42 31.86
201.32 28.80
199.62 14.85
199.96 2.95
186.70 28.46
181.26 30.84
181.60 26.08
173.09 24.72
166.63 20.29
160.85 19.61
156.77 14.85
150.31 5.67
156.09 5.67
164.59 6.35
176.15 7.03
142.14 10.43
146.57 4.31
139.08 5.67
141.80 22.33
149.97 32.20
138.06 54.99
139.25 172.21
139.25 189.89
141.97 226.63
152.18 234.11
155.58 266.76
167.14 259.96
138.57 291.25
141.29 334.78
153.54 413.00
166.46 449.06
450.11 19.84
441.95 25.28
441.27 19.84
120.88 518.00
129.22 497.75
99.44 491.79
122.07 458.43
126.84 400.05
116.12 378.61
104.20 357.16
104.20 334.53
124.46 334.53
131.61 315.46
137.56 321.42
94.67 371.46
93.48 395.29
93.48 413.16
58.93 413.16
44.63 395.29
64.89 369.08
47.02 365.50
51.78 348.82
42.25 340.48
41.06 323.80
70.84 332.14
48.21 481.07
57.74 451.28
29.15 422.69
10.08 441.75
24.38 398.86
12.47 372.65
6.51 403.63
60.12 543.02
10.08 565.66
27.95 543.02
375.84 664.54
35.10 662.16
19.61 609.74
117.31 211.81
132.80 199.90
116.12 189.18
116.12 176.07
132.80 170.11
92.29 179.65
89.91 198.71
101.82 215.39
95.86 234.45
105.39 251.13
74.42 207.05
47.02 193.94
56.55 173.69
42.25 168.92
24.38 185.60
13.66 171.31
33.91 146.29
123.27 48.59
977.49 157.01
572.42 662.16
648.67 674.07
690.37 664.54
524.76 660.97
511.66 656.20
455.66 671.69
437.79 674.07
328.55 647.63
142.88 432.29
67.18 401.22
82.78 367.46
19.48 411.71
130.47 309.15
143.77 303.78
132.77 348.79
128.17 359.53
91.09 460.04
105.92 424.24
21.01 477.43
373.56 322.96
346.70 472.32
269.98 523.72
371.77 434.72
373.30 491.24
135.71 26.73
77.66 66.11
134.95 103.96
164.36 77.62
33.29 169.35
51.19 160.91
91.85 172.16
94.92 163.21
94.92 202.08
