31.01 508.25
34.08 491.88
15.67 469.37
13.62 390.60
48.40 425.39
70.91 402.88
45.33 372.19
6.46 368.10
17.71 362.98
20.78 343.55
29.99 328.20
45.33 339.46
54.54 357.87
80.11 380.37
62.72 387.54
66.82 472.44
76.02 510.29
103.64 498.02
109.78 477.56
108.76 448.91
155.81 435.62
189.57 503.13
180.37 485.74
210.03 458.12
176.27 410.04
150.70 417.20
153.77 402.88
123.08 432.55
130.24 368.10
111.83 339.46
88.30 350.71
71.93 339.46
68.86 317.97
65.79 299.56
93.41 325.13
37.15 240.23
12.60 233.07
6.46 220.79
19.50 178.85
11.32 198.80
27.69 215.68
40.99 210.05
33.82 194.19
34.85 180.89
28.71 164.53
18.48 168.62
56.33 195.22
64.00 203.40
87.53 199.31
81.39 189.08
70.65 181.41
53.77 162.99
64.51 151.23
80.37 166.57
67.58 144.07
101.85 166.57
100.32 178.85
105.43 184.99
117.20 170.66
125.38 160.43
99.30 147.65
69.63 109.80
55.31 113.38
10.81 111.33
31.27 104.68
78.84 109.29
88.55 109.80
95.20 99.57
89.58 88.83
109.01 97.52
125.89 97.01
133.57 88.83
134.08 83.20
142.77 85.25
136.12 79.11
150.44 72.46
148.40 59.16
135.10 50.98
126.92 54.05
100.32 137.42
109.01 125.65
119.75 124.63
133.05 133.33
135.61 150.21
150.96 152.76
137.15 167.60
140.21 182.43
154.54 164.53
159.65 159.41
175.51 153.79
170.90 172.20
176.53 184.47
187.27 166.57
195.46 150.72
193.41 142.02
177.04 142.02
183.69 134.35
179.09 123.61
168.86 129.23
166.81 139.46
152.49 132.81
162.72 121.56
156.58 83.71
153.00 78.09
166.81 72.46
160.67 77.57
169.88 78.60
179.09 75.53
179.60 90.87
188.81 98.54
179.09 104.68
169.88 111.84
180.62 114.91
197.50 121.05
196.48 112.35
203.64 106.73
195.46 86.78
190.34 74.50
176.02 68.37
162.72 54.56
170.90 54.56
185.74 62.74
180.62 63.76
191.36 54.05
187.27 49.95
206.20 53.53
202.62 61.21
196.99 68.37
214.89 77.06
219.50 60.69
224.61 61.72
230.24 50.98
239.44 58.14
250.70 42.28
228.70 79.62
224.61 98.03
224.61 112.35
217.45 112.87
213.87 125.14
222.05 131.79
222.56 142.53
226.66 121.56
235.35 123.61
203.64 176.29
213.87 172.71
233.82 162.48
238.42 154.30
248.65 146.11
251.21 133.84
253.76 122.58
260.41 133.33
257.35 129.23
267.58 119.00
265.02 125.65
189.32 201.87
166.30 215.68
205.68 217.21
235.86 207.49
235.86 182.94
267.06 185.50
254.79 224.88
252.74 195.73
239.44 232.04
221.54 253.53
237.91 264.78
240.47 256.59
234.84 277.57
231.77 294.44
232.28 288.82
186.25 302.63
175.00 289.33
166.81 282.17
140.73 276.54
114.64 277.05
112.08 229.49
118.73 201.35
122.82 302.12
113.11 292.40
129.47 317.97
139.70 323.60
143.28 297.00
136.12 305.70
162.21 299.56
202.10 319.51
234.99 461.55
235.44 433.18
240.76 416.33
219.03 405.70
196.43 399.05
196.43 385.75
169.39 395.06
181.80 336.10
243.86 336.54
250.07 395.06
246.08 380.87
300.60 357.82
293.51 333.88
292.18 315.26
270.46 291.77
272.67 273.15
295.28 282.90
307.69 294.43
309.47 308.17
296.61 307.29
336.06 303.74
327.64 317.92
342.71 293.54
341.83 344.52
348.48 325.90
355.12 299.75
354.24 281.57
365.76 285.12
383.50 301.08
373.30 312.16
387.04 322.80
375.52 360.92
394.13 365.80
367.54 397.72
383.94 392.40
338.72 378.66
360.00 428.30
309.47 411.02
300.60 397.27
293.51 453.13
274.00 490.81
258.04 470.42
263.36 541.79
274.45 527.60
325.42 508.54
330.30 481.50
353.80 461.11
364.43 465.54
366.21 495.24
391.47 497.46
405.22 499.67
410.09 513.42
422.50 508.54
422.95 471.75
416.74 461.11
392.80 435.40
409.65 373.78
421.18 405.70
445.56 434.51
440.68 422.10
453.09 398.60
449.55 383.97
454.42 372.45
476.14 376.88
474.81 411.90
490.33 424.76
464.62 449.14
311.24 439.63
498.31 524.74
479.69 510.56
473.48 486.62
452.21 491.94
500.08 475.98
492.10 463.57
534.66 496.37
524.90 451.16
513.38 418.35
509.83 397.96
543.52 392.64
524.90 393.53
532.88 372.25
520.47 362.50
514.27 348.32
460.18 330.58
533.77 326.15
438.28 309.30
435.89 294.68
416.51 292.64
426.03 272.23
408.69 274.27
395.76 262.03
413.45 254.54
426.03 258.29
421.61 240.60
433.51 246.04
423.99 228.70
441.34 234.48
448.14 239.92
450.18 251.82
447.12 267.47
439.64 257.95
448.14 284.47
458.00 298.76
474.67 283.11
473.31 274.95
460.72 267.13
459.36 257.26
459.70 245.70
464.46 239.58
471.61 236.52
476.03 246.38
476.03 262.71
493.71 251.14
508.34 254.88
512.42 245.70
522.96 242.30
533.85 240.60
540.65 250.46
540.65 224.27
533.17 231.08
508.00 233.80
490.99 237.54
492.35 225.29
477.73 222.23
489.29 218.49
459.36 225.63
445.42 214.07
437.94 204.21
456.64 202.85
469.91 204.55
476.03 200.81
474.33 211.35
499.15 208.97
503.58 218.83
513.44 223.59
511.40 211.01
523.98 213.39
543.03 209.31
529.42 201.83
495.75 190.94
481.13 185.50
474.33 178.02
470.93 189.24
457.66 182.78
438.62 187.88
383.52 203.53
545.75 201.83
542.69 194.69
528.40 187.88
526.02 193.32
505.62 194.00
516.84 187.20
504.94 186.86
492.69 179.38
501.54 175.64
513.44 174.96
521.60 177.00
514.80 166.80
533.17 177.68
531.46 169.18
540.31 175.64
542.01 164.76
525.68 160.67
513.44 157.61
498.13 157.27
489.29 166.12
481.13 164.42
437.26 158.63
423.99 162.03
385.90 188.22
389.64 179.38
387.26 155.23
399.16 151.15
405.63 151.15
423.31 151.15
422.97 158.29
542.01 135.85
543.37 123.94
531.12 146.73
527.04 137.55
511.74 142.99
488.61 137.21
496.77 129.38
485.55 127.34
452.22 145.71
442.70 127.34
417.19 172.92
408.01 177.34
309.72 272.23
323.66 267.81
352.23 262.71
364.81 267.47
372.64 259.99
373.66 215.77
350.19 229.38
354.95 223.25
343.05 217.47
352.57 213.39
348.83 203.53
337.94 207.61
329.44 202.17
314.82 203.53
288.97 214.41
293.05 230.06
306.99 231.76
281.15 237.54
267.20 236.86
278.09 251.14
294.75 250.12
256.66 146.05
283.19 140.95
290.33 150.47
312.10 150.13
309.72 140.95
300.53 134.83
295.77 124.62
297.47 115.44
291.69 115.10
283.53 122.24
286.25 129.04
279.45 114.08
284.89 102.18
274.34 97.41
293.39 97.41
309.04 104.90
316.18 106.94
318.90 120.54
321.96 113.74
331.82 108.30
330.12 99.46
332.50 92.99
323.32 92.99
311.42 90.27
342.71 112.38
341.69 149.11
362.09 121.90
366.17 112.38
354.61 103.88
348.49 91.97
361.41 91.97
376.38 192.98
366.85 182.10
351.55 181.42
333.86 188.56
374.68 174.96
364.47 174.28
381.14 168.84
409.71 137.55
398.82 114.42
387.94 116.46
393.04 104.56
376.72 91.97
413.11 90.27
423.99 142.99
426.37 131.43
447.12 116.12
453.58 119.52
461.74 117.14
478.75 116.46
445.08 153.19
401.88 180.74
535.55 115.94
544.73 113.56
542.01 104.37
528.40 93.15
532.49 81.93
484.87 88.39
472.97 88.39
504.60 80.90
512.08 74.44
515.14 65.26
524.32 68.66
543.03 51.32
519.22 33.63
504.60 39.41
482.49 44.51
471.27 48.25
457.66 47.91
444.06 64.58
426.03 72.74
437.26 60.16
422.63 53.36
411.07 73.42
405.63 80.22
393.04 73.08
394.74 57.78
409.03 66.28
407.67 61.52
407.33 43.83
401.20 41.79
395.08 35.33
411.75 38.05
415.83 40.77
415.49 35.33
408.69 24.45
413.79 7.78
423.31 18.33
423.99 24.45
425.01 3.02
435.89 30.23
438.28 39.75
429.09 42.81
425.69 45.19
444.74 48.25
439.98 52.68
452.56 41.79
455.28 37.71
464.12 30.91
450.86 25.13
448.48 19.69
442.70 16.28
456.30 17.65
464.46 17.65
462.42 4.38
458.00 0.30
434.19 11.18
438.62 1.66
477.73 7.78
477.73 15.94
475.35 28.53
482.83 29.21
471.95 38.05
478.41 22.41
488.61 35.33
494.39 27.51
499.83 16.28
491.67 9.48
509.36 10.84
508.00 3.02
510.38 21.73
520.24 13.22
516.84 8.12
521.26 8.12
536.91 11.86
531.80 8.80
532.83 26.15
545.07 13.56
539.97 7.10
249.18 76.48
256.32 65.60
257.68 36.01
266.86 31.25
284.21 32.27
293.39 78.18
321.62 59.82
311.42 57.44
318.56 50.30
313.80 40.77
327.40 51.66
328.76 40.09
332.16 32.95
334.20 28.19
321.62 28.87
342.71 27.85
342.37 38.39
340.67 43.83
334.88 61.86
344.75 62.54
340.67 55.74
347.47 52.34
337.60 79.88
344.75 76.82
354.27 74.78
368.89 67.98
362.09 49.62
352.57 27.51
359.71 22.07
359.71 12.88
364.47 7.44
353.93 1.32
337.60 2.68
382.84 7.78
381.48 15.26
371.27 20.37
392.02 3.36
397.80 1.32
381.14 36.69
369.23 33.97
380.46 65.26
387.60 52.68
495.44 285.96
522.30 435.32
497.23 397.72
495.70 454.24
