42.28 482.52
26.70 466.08
3.33 446.18
33.62 453.10
93.34 498.10
171.22 527.53
163.44 479.93
138.34 500.70
123.63 473.87
104.59 470.41
87.28 469.54
65.64 434.06
76.89 427.14
44.01 426.27
107.18 435.79
148.72 451.37
202.38 450.50
272.48 484.25
262.10 453.96
244.79 421.08
306.23 467.81
283.73 421.08
317.48 434.93
331.33 438.39
333.93 458.29
358.16 479.06
364.22 534.45
399.70 521.47
441.24 493.77
462.88 559.55
476.72 511.08
455.95 443.58
507.01 475.60
541.63 471.27
535.57 485.99
500.95 457.43
500.09 434.06
472.40 430.60
446.43 422.81
437.78 442.71
414.41 445.31
424.80 458.29
389.31 471.27
395.37 488.58
368.54 453.96
350.37 442.71
10.25 429.73
63.91 409.83
85.55 408.96
80.35 390.79
116.70 381.27
111.51 365.69
99.39 357.90
73.43 339.73
246.52 388.19
261.23 404.64
289.79 388.19
330.46 410.69
341.71 408.96
349.50 395.12
387.58 408.10
378.06 419.35
391.91 445.31
406.62 429.73
407.49 413.29
434.32 393.38
440.37 384.73
456.82 397.71
475.86 408.96
535.57 407.23
542.50 376.94
399.70 378.67
390.18 363.96
431.72 355.31
449.89 357.90
444.70 337.13
415.28 340.59
408.35 337.13
374.60 332.80
346.91 345.79
311.42 345.79
294.98 344.05
256.04 363.96
229.21 350.98
254.31 347.52
184.21 343.19
197.19 338.86
221.42 337.13
154.78 326.75
121.90 324.15
116.70 312.03
121.03 298.19
110.64 299.92
146.99 309.44
158.24 306.84
146.13 299.05
165.17 286.07
179.01 295.59
197.19 294.73
218.82 291.26
249.11 280.01
271.61 304.25
276.81 326.75
232.67 324.15
240.46 338.86
296.71 326.75
323.54 330.21
352.97 305.11
378.06 304.25
409.22 311.17
421.33 338.00
319.21 302.51
303.64 283.47
327.87 280.01
362.49 279.15
401.43 272.22
282.87 283.47
280.27 269.63
264.69 269.63
250.84 262.70
238.73 261.84
221.42 261.84
200.65 265.30
191.13 281.74
190.26 261.84
202.38 257.51
171.22 258.38
154.78 261.84
124.49 271.36
113.24 284.34
106.32 260.11
116.70 265.30
68.24 270.49
138.34 209.26
146.99 206.23
172.09 236.09
208.87 233.50
245.22 237.39
253.44 241.72
264.26 228.30
276.37 231.33
284.16 241.28
294.12 243.02
303.64 254.70
289.79 265.52
298.44 272.44
314.02 269.41
323.11 247.78
347.77 230.03
354.70 223.54
363.35 219.65
378.06 203.64
381.09 179.41
388.02 185.03
367.68 188.49
421.33 174.21
433.88 175.94
349.94 287.59
335.22 270.71
355.99 266.82
329.17 259.89
299.74 231.33
320.94 216.62
338.69 207.10
347.77 193.25
335.66 190.22
301.04 188.49
305.80 200.18
300.17 207.10
242.19 213.16
256.47 199.74
268.15 203.64
280.27 196.28
236.13 202.34
243.06 196.28
242.62 183.73
234.40 187.63
224.88 187.20
216.23 204.50
212.33 213.59
191.13 207.10
187.67 195.85
176.85 195.42
167.33 198.01
121.46 264.22
197.19 172.05
197.62 190.22
217.09 174.21
214.93 191.96
204.54 196.28
209.30 201.47
244.35 170.75
269.02 179.41
257.34 188.49
291.09 172.92
315.75 175.08
310.56 165.13
336.52 182.44
344.74 164.69
352.53 171.62
365.95 174.65
323.54 160.37
276.37 157.34
264.26 162.96
245.22 153.88
228.78 135.70
248.25 137.00
273.35 144.79
265.12 135.70
294.98 145.22
283.73 135.27
282.87 128.78
276.81 129.64
311.42 131.37
317.48 130.94
326.14 146.09
304.07 149.12
313.16 151.28
311.86 156.47
202.38 128.35
166.90 137.43
194.59 127.91
344.31 223.11
52.66 222.89
77.76 214.24
93.34 190.01
54.39 210.78
11.99 224.63
47.47 165.78
63.05 116.45
92.47 119.04
124.49 129.43
135.74 82.69
177.28 104.33
182.04 90.27
189.40 83.78
185.07 75.12
167.33 76.42
195.02 106.28
171.22 124.02
144.40 123.15
150.02 97.19
149.16 77.29
220.12 78.15
228.78 80.31
211.90 114.07
232.67 125.75
216.66 128.35
258.63 130.08
269.88 120.56
282.43 117.10
285.03 107.14
270.75 100.65
262.96 108.44
251.71 108.01
236.56 111.90
247.38 84.21
250.41 99.35
264.26 83.34
279.40 81.18
252.14 76.85
242.19 74.69
262.10 67.77
318.35 82.48
307.96 114.93
324.41 106.28
315.75 108.44
304.07 78.15
296.28 74.26
297.15 64.74
309.69 58.68
280.27 58.25
296.28 79.02
284.16 81.18
263.39 47.00
255.17 58.25
235.27 63.01
215.36 62.57
208.44 51.32
223.58 49.59
191.13 44.83
176.42 69.50
264.69 19.30
294.55 27.09
293.25 34.45
285.03 26.66
276.37 29.25
213.20 27.96
204.11 30.12
197.19 32.28
188.10 32.28
172.96 32.28
165.17 30.12
149.59 41.37
163.87 45.70
173.82 45.26
175.12 40.94
96.36 80.75
105.02 84.21
78.62 84.64
83.38 71.66
90.74 65.60
82.52 63.01
82.52 51.32
98.53 54.35
102.42 47.00
103.72 36.61
94.63 39.64
84.68 40.94
78.19 39.21
172.09 61.27
168.20 54.35
134.01 43.10
117.57 61.27
118.87 50.89
123.19 40.50
122.76 31.42
137.47 60.84
252.58 38.34
239.16 35.31
227.91 28.82
233.97 27.09
220.12 32.28
217.96 28.82
222.72 43.10
231.37 46.13
227.91 37.48
215.79 38.34
281.57 46.13
278.97 50.46
272.05 39.64
280.27 37.91
292.82 43.53
307.96 27.52
298.01 57.81
306.23 42.24
266.42 34.23
271.61 29.04
207.57 40.29
195.46 38.56
145.26 36.83
556.34 155.39
538.17 159.72
517.40 170.10
474.13 123.37
485.26 155.17
280.27 207.32
108.16 417.40
154.46 436.87
134.99 329.56
167.88 331.29
388.45 296.67
392.78 349.03
346.47 334.32
241.76 273.74
378.06 407.88
328.73 241.50
333.93 155.82
307.96 123.80
230.94 61.27
244.79 50.89
253.44 50.02
243.92 44.40
246.95 37.48
243.49 24.06
248.68 28.39
255.60 32.72
271.18 75.99
238.30 46.13
178.15 57.38
130.55 34.45
298.88 33.15
31.45 435.47
152.12 70.92
130.01 72.31
