46.55 356.28
34.22 255.78
76.89 232.08
95.85 189.41
16.21 193.20
74.99 149.59
146.11 165.71
154.64 114.51
188.77 113.56
252.30 125.88
137.57 379.04
237.13 599.01
395.47 401.79
547.17 335.42
568.98 296.55
606.91 595.22
441.93 181.82
385.04 171.39
503.56 193.20
568.98 200.79
560.45 165.71
552.86 137.26
604.06 102.18
501.66 100.28
433.39 105.02
419.17 83.22
360.39 84.16
335.73 144.85
389.78 137.26
152.74 93.65
95.85 87.01
12.42 63.07
36.59 57.85
44.65 48.85
55.56 60.22
65.04 50.27
38.96 38.89
40.39 20.88
86.85 35.57
116.24 27.99
128.09 44.11
149.90 25.62
160.33 26.56
165.07 62.59
185.45 37.47
191.62 65.91
206.79 45.05
225.75 12.34
10.28 9.44
25.93 14.65
23.08 5.05
75.35 1.26
51.88 6.00
99.53 14.53
117.42 79.54
516.83 66.39
447.62 56.43
406.85 33.20
385.99 54.53
296.39 62.12
604.06 28.46
568.03 42.21
571.82 12.34
521.10 14.24
590.79 7.72
606.67 8.91
391.68 14.06
246.73 4.22
208.45 16.96
106.52 15.72
