173.67 670.97
234.35 596.07
285.55 409.28
273.22 308.78
315.89 285.08
334.85 242.41
255.21 246.20
313.99 202.59
385.11 218.71
393.64 167.51
427.77 166.56
491.30 178.88
376.57 432.04
435.36 735.45
476.13 652.01
634.47 454.79
786.17 388.42
807.98 349.55
845.91 648.22
933.13 570.47
680.93 234.82
624.04 224.39
742.56 246.20
807.98 253.79
799.45 218.71
791.86 190.26
843.06 155.18
870.56 135.27
740.66 153.28
935.98 152.33
956.84 155.18
946.41 196.90
672.39 158.02
658.17 136.22
599.39 137.16
574.73 197.85
628.78 190.26
391.74 146.65
334.85 140.01
189.79 159.92
124.36 165.61
112.04 150.44
88.33 147.59
31.45 188.36
26.71 268.96
11.53 147.59
16.28 119.86
111.09 121.28
123.42 105.64
173.19 102.79
188.84 108.48
187.42 126.02
219.18 115.12
212.07 99.48
238.14 106.11
251.42 116.07
275.59 110.85
283.65 101.85
294.56 113.22
304.04 103.27
277.96 91.89
279.39 73.88
325.85 88.57
355.24 80.99
367.09 97.11
388.90 78.62
399.33 79.56
404.07 115.59
424.45 90.47
430.62 118.91
445.79 98.05
464.75 65.34
41.64 59.53
51.59 56.93
60.84 50.29
78.62 50.76
80.51 45.08
82.65 57.40
100.90 67.83
110.85 60.48
125.31 50.76
129.82 49.82
136.93 56.93
175.80 78.97
204.72 78.50
210.41 66.88
225.34 62.38
207.33 47.21
193.34 48.87
184.33 49.11
151.62 43.65
174.85 39.86
201.64 37.49
214.44 41.99
216.57 34.88
224.16 36.78
233.40 36.31
233.64 45.55
227.71 51.24
10.59 44.60
12.48 41.05
6.32 32.99
29.31 37.96
34.76 35.36
32.63 41.99
35.00 48.16
45.91 42.23
55.39 42.47
70.56 34.41
90.47 38.91
118.20 40.10
125.55 41.76
145.70 42.94
94.85 30.91
82.29 30.44
84.31 26.41
95.45 21.19
88.22 16.69
82.05 17.05
72.81 22.62
78.14 19.89
72.93 17.64
72.33 28.90
64.63 27.24
60.48 19.30
64.63 17.28
52.42 29.13
56.22 28.42
48.63 20.60
51.48 17.16
45.91 16.33
35.95 18.23
38.68 24.39
33.70 27.83
29.08 20.13
28.36 16.22
17.11 21.55
20.78 16.69
12.36 17.52
7.15 16.45
7.39 26.41
2.05 28.07
1.46 22.26
6.20 21.67
3.12 19.06
2.82 16.25
0.39 15.89
2.88 12.75
9.70 11.98
11.48 9.08
8.51 9.02
14.14 8.60
18.71 9.96
24.33 11.03
26.23 8.25
36.01 11.21
41.22 11.86
48.04 11.03
53.61 11.62
56.93 12.63
58.76 9.96
79.21 11.98
65.40 11.45
74.88 8.72
90.11 11.68
94.02 12.75
99.83 12.39
105.28 8.48
110.26 11.98
147.24 22.26
170.94 32.81
196.07 26.29
197.13 22.26
207.68 20.96
209.58 30.44
125.67 35.74
130.17 10.38
141.37 12.51
162.47 13.76
114.79 8.44
112.01 5.18
119.33 6.51
126.62 6.13
131.27 6.36
106.97 5.12
102.97 14.69
247.86 30.56
251.89 43.12
249.28 62.44
245.37 43.71
246.20 23.09
230.68 23.21
222.26 27.48
216.57 25.34
214.56 19.53
224.04 20.72
214.32 17.40
206.97 17.16
264.93 67.65
262.08 58.05
266.23 45.61
259.36 35.18
254.38 27.36
253.31 17.99
262.91 17.88
265.05 22.50
273.70 35.18
281.99 29.37
286.73 41.22
297.52 28.42
274.29 19.89
282.82 17.99
285.79 18.59
300.48 19.53
311.39 26.41
308.31 21.91
313.52 20.36
305.70 29.37
317.08 39.80
314.35 54.26
290.88 59.00
338.53 67.53
350.26 52.48
338.53 46.44
334.02 28.54
341.96 28.66
350.02 26.17
356.42 132.54
370.41 40.57
388.19 41.05
360.45 44.60
355.24 51.71
375.98 20.96
381.08 19.42
361.76 25.70
364.36 22.38
345.25 5.24
360.78 4.85
755.83 119.39
686.62 109.43
645.85 86.20
624.99 107.53
535.39 115.12
951.15 110.85
928.87 117.02
879.09 93.79
843.06 81.46
807.03 95.21
810.82 65.34
760.10 67.24
881.93 68.66
913.22 78.14
924.60 69.13
975.09 43.42
927.92 35.36
883.59 38.20
871.27 36.54
846.85 41.99
797.55 39.15
783.80 48.63
829.79 60.72
845.67 61.91
780.60 28.54
810.23 24.75
765.79 25.46
751.68 21.43
739.48 21.55
731.77 16.57
711.98 17.76
675.71 35.36
702.50 33.70
696.81 17.99
688.63 19.42
670.73 17.28
670.85 29.37
656.75 27.48
653.55 16.93
640.99 38.97
632.69 43.12
630.68 67.06
594.76 39.92
605.55 22.02
620.96 21.55
561.70 42.23
545.11 46.26
528.51 37.02
565.96 32.99
485.73 57.22
493.19 45.02
504.22 36.13
491.18 31.86
482.29 22.38
488.22 21.79
496.87 23.33
506.71 20.25
511.21 28.78
524.25 17.52
545.93 25.11
556.96 19.65
588.36 24.28
580.07 17.88
572.01 16.10
447.45 69.96
456.93 47.45
474.71 43.89
408.57 33.76
402.88 27.95
401.70 19.42
414.26 20.60
430.50 22.73
438.44 18.59
432.75 16.93
472.57 27.59
345.52 68.72
439.45 13.93
463.86 12.81
475.95 9.79
481.70 11.80
422.14 10.79
410.20 9.83
427.62 5.18
515.59 13.70
510.50 12.63
504.87 10.50
533.91 8.48
496.22 8.54
661.91 13.05
679.68 13.22
725.11 6.57
1020.58 304.36
1014.44 185.70
908.94 27.31
941.30 19.51
982.60 18.87
974.03 31.28
949.99 8.94
924.48 7.85
986.99 1.23
840.79 11.37
810.80 14.69
817.77 5.10
807.61 4.40
831.01 6.25
791.69 12.48
754.60 4.98
769.88 4.40
761.44 19.17
707.45 11.46
652.24 7.71
662.82 4.90
672.35 6.69
577.60 5.54
583.16 2.53
604.26 7.49
597.42 4.98
540.77 10.54
556.30 11.37
561.29 5.42
543.87 6.18
550.61 16.23
318.05 10.95
289.79 11.84
277.77 14.40
185.57 13.61
219.14 5.94
213.90 7.47
221.89 14.05
152.93 7.78
164.25 4.04
141.97 6.96
139.92 6.25
161.72 7.85
177.77 11.24
148.81 38.73
156.54 11.31
234.16 14.50
251.33 0.45
517.59 3.33
505.73 4.16
52.71 7.54
43.25 5.75
40.95 6.52
39.41 8.31
35.32 7.29
28.42 3.71
32.76 1.92
19.98 3.19
20.23 6.26
12.30 4.73
7.19 3.96
13.33 2.17
3.87 3.71
70.36 6.77
70.10 3.71
63.97 1.92
47.34 1.15
80.84 3.96
84.17 6.26
52.20 3.71
631.85 7.77
624.68 2.65
614.97 2.65
640.54 3.67
446.69 -14.23
446.69 4.18
460.50 3.67
88.67 5.56
18.35 73.20
24.56 79.41
27.98 71.17
24.02 64.00
16.64 66.35
54.79 2.91
74.75 4.49
114.67 4.84
