298.41 305.14
239.02 305.14
264.36 280.59
248.52 265.54
223.18 287.72
204.97 310.68
193.09 290.09
212.10 269.50
288.11 210.91
317.41 222.79
284.16 267.92
230.31 199.03
192.30 201.41
161.42 273.46
115.49 290.09
85.40 301.97
123.41 260.79
100.45 278.21
79.07 272.67
31.56 310.68
4.63 271.88
115.49 230.70
157.46 208.53
164.59 195.07
164.59 178.44
160.63 169.73
177.26 161.81
213.68 157.85
223.97 164.19
248.52 182.40
241.40 195.86
254.86 199.82
274.65 172.11
296.82 195.86
316.62 186.36
317.41 164.98
302.37 155.48
279.40 150.73
319.79 150.73
296.82 126.18
298.41 133.31
296.82 111.13
316.62 113.51
311.87 100.05
321.37 82.63
315.04 77.88
284.95 85.80
285.74 94.51
261.98 114.30
247.73 128.56
244.56 142.02
247.73 163.40
251.69 138.85
262.78 137.27
279.40 136.47
263.57 161.02
279.40 123.01
280.99 116.68
277.82 104.80
289.70 103.22
300.78 91.34
292.07 87.38
293.66 97.67
274.65 91.34
273.86 80.25
266.73 94.51
254.07 97.67
249.31 87.38
233.48 77.88
221.60 78.67
217.64 85.80
215.26 103.22
208.14 127.76
197.84 119.05
216.85 122.22
223.97 128.56
222.39 115.89
193.88 142.81
36.31 221.20
61.65 223.58
76.69 189.53
59.27 183.19
115.49 183.98
105.99 210.12
14.93 164.19
5.42 87.38
48.98 83.42
33.14 85.80
36.31 96.88
24.43 99.26
33.14 114.30
3.84 158.65
21.26 152.31
38.68 153.10
56.10 152.31
22.05 186.36
39.47 172.11
98.86 158.65
118.66 164.98
138.46 173.69
134.50 158.65
144.00 149.94
129.74 144.39
158.25 147.56
170.13 126.18
142.41 117.47
139.25 128.56
109.16 135.68
107.57 152.31
98.86 139.64
85.40 146.77
79.07 166.56
72.73 130.14
48.98 131.72
26.01 131.72
117.87 88.17
124.99 81.84
144.00 78.67
160.63 77.09
178.84 74.71
173.30 88.96
168.55 107.97
182.01 102.42
190.72 93.71
159.84 102.42
158.25 97.67
136.08 97.67
136.08 108.76
117.87 100.84
108.37 111.13
77.48 115.09
67.98 91.34
60.85 97.67
93.32 113.51
114.70 120.64
99.65 122.22
119.45 133.31
52.94 113.51
43.43 107.97
17.30 105.59
238.23 96.88
236.64 121.43
250.90 107.97
239.02 107.97
15.72 225.16
186.99 115.23
316.90 128.53
21.26 90.68
