4.12 111.95
85.98 165.16
186.12 314.88
165.53 305.37
45.17 320.42
18.25 292.70
8.75 264.99
27.75 270.53
36.46 274.49
0.83 235.69
4.79 223.02
14.29 234.11
87.93 299.83
110.10 251.53
91.10 261.03
65.76 261.82
42.01 257.86
61.01 253.90
35.67 244.40
49.13 234.90
19.83 245.19
31.71 223.02
20.63 210.35
43.59 211.94
67.35 220.65
59.43 207.18
45.17 193.72
44.38 199.27
2.41 215.89
11.12 201.64
64.18 159.67
62.59 178.68
68.14 198.47
82.39 210.35
103.77 217.48
70.51 153.34
125.15 175.51
137.82 178.68
112.48 201.64
91.10 189.76
114.86 214.31
122.77 241.23
148.11 257.86
96.64 242.82
169.49 228.56
182.16 229.36
189.29 226.19
265.31 283.20
290.65 285.58
305.69 251.53
288.27 245.19
200.38 270.53
186.12 251.53
209.09 241.23
209.09 228.56
220.96 237.27
243.93 226.19
140.20 206.39
129.11 198.47
168.70 188.18
198.79 211.94
190.87 197.68
189.29 209.56
175.04 212.73
168.70 206.39
179.00 199.27
165.53 198.47
173.45 166.80
172.66 158.88
154.45 169.97
153.66 154.92
163.95 150.17
190.08 162.84
208.29 169.97
217.80 165.22
214.63 156.51
224.92 171.55
234.42 149.38
224.13 154.92
277.98 145.42
262.14 147.80
265.31 158.88
253.43 161.26
262.14 176.30
217.80 207.18
232.84 220.65
250.26 214.31
267.68 215.10
285.10 214.31
251.05 248.36
268.47 234.11
314.40 208.77
308.07 228.56
301.73 192.14
277.98 193.72
255.01 193.72
306.48 177.09
296.98 153.34
289.85 159.67
281.94 175.51
272.43 169.97
246.30 167.59
53.88 279.24
170.29 245.19
244.72 287.16
111.69 159.67
58.97 241.68
63.06 235.54
214.46 186.44
227.76 273.39
250.26 152.68
