11.12 94.95
92.98 148.16
315.07 317.67
240.63 316.88
193.12 297.88
172.53 288.37
164.62 307.38
120.27 320.05
52.17 303.42
25.25 275.70
15.75 247.99
34.75 253.53
43.46 257.49
7.83 218.69
11.79 206.02
21.29 217.11
94.93 282.83
117.10 234.53
98.10 244.03
72.76 244.82
49.01 240.86
68.01 236.90
42.67 227.40
56.13 217.90
26.83 228.19
38.71 206.02
27.63 193.35
50.59 194.94
74.35 203.65
66.43 190.18
52.17 176.72
51.38 182.27
9.41 198.89
18.12 184.64
71.18 142.67
69.59 161.68
75.14 181.47
89.39 193.35
110.77 200.48
77.51 136.34
132.15 158.51
144.82 161.68
119.48 184.64
98.10 172.76
121.86 197.31
129.77 224.23
155.11 240.86
103.64 225.82
176.49 211.56
189.16 212.36
196.29 209.19
272.31 266.20
297.65 268.58
312.69 234.53
295.27 228.19
207.38 253.53
193.12 234.53
216.09 224.23
216.09 211.56
227.96 220.27
250.93 209.19
147.20 189.39
136.11 181.47
175.70 171.18
205.79 194.94
197.87 180.68
196.29 192.56
182.04 195.73
175.70 189.39
186.00 182.27
172.53 181.47
180.45 149.80
179.66 141.88
161.45 152.97
160.66 137.92
170.95 133.17
197.08 145.84
215.29 152.97
224.80 148.22
221.63 139.51
231.92 154.55
241.42 132.38
231.13 137.92
284.98 128.42
269.14 130.80
272.31 141.88
260.43 144.26
269.14 159.30
224.80 190.18
239.84 203.65
257.26 197.31
274.68 198.10
292.10 197.31
258.05 231.36
275.47 217.11
321.40 191.77
315.07 211.56
308.73 175.14
284.98 176.72
262.01 176.72
313.48 160.09
303.98 136.34
296.85 142.67
288.94 158.51
279.43 152.97
253.30 150.59
60.88 262.24
177.29 228.19
251.72 270.16
118.69 142.67
65.97 224.68
70.06 218.54
221.46 169.44
234.76 256.39
257.26 135.68
