50.94 421.37
124.59 488.88
316.91 462.29
521.51 495.02
485.70 454.10
403.87 396.82
307.71 387.61
268.83 424.44
181.88 324.19
164.49 368.17
113.34 306.79
91.86 342.60
5.93 326.23
170.63 286.33
131.75 257.69
235.08 277.13
254.51 263.83
294.41 266.90
278.04 292.47
321.01 309.86
354.76 269.97
387.50 267.92
400.80 255.65
435.58 285.31
402.84 328.28
457.06 305.77
499.00 328.28
150.17 234.16
81.63 234.16
55.03 234.16
38.66 255.65
15.14 244.39
2.86 189.15
63.98 178.67
49.66 186.85
27.16 189.41
21.53 219.59
40.97 223.17
58.36 214.47
100.81 203.73
81.88 213.96
77.28 196.06
88.53 181.74
122.80 194.01
110.53 179.69
120.76 170.99
141.22 188.90
154.00 190.94
187.25 189.41
193.39 212.42
215.38 190.43
200.55 235.95
235.33 178.16
193.90 167.41
196.97 149.51
185.21 157.18
154.00 160.76
118.20 148.49
107.97 161.79
92.11 167.93
38.41 159.23
25.62 161.28
17.95 173.04
71.65 294.01
84.95 261.78
334.56 235.42
307.96 230.31
268.07 233.89
259.88 214.96
254.77 195.01
266.02 178.14
292.62 176.09
292.62 190.41
315.12 196.04
306.43 178.14
320.24 178.14
342.23 174.56
361.16 187.85
341.72 210.36
382.64 230.82
355.53 235.93
377.01 213.94
377.52 197.06
396.45 177.11
407.19 200.64
419.98 184.27
450.16 189.39
454.76 208.31
459.36 199.62
460.90 249.74
444.53 233.89
423.56 223.66
436.35 254.35
445.04 175.07
421.51 171.49
426.12 160.23
356.04 166.37
362.18 160.23
338.65 160.75
340.19 152.05
296.20 162.79
302.34 153.58
314.61 150.00
321.26 148.98
325.86 146.93
482.38 218.42
379.06 180.82
378.80 162.92
386.73 165.99
370.36 155.25
487.75 201.28
483.15 186.96
479.06 181.59
476.24 171.87
461.92 173.15
493.89 180.82
501.56 168.29
510.26 188.49
503.35 190.28
510.77 200.00
523.55 233.25
508.21 230.44
174.72 425.46
517.16 150.92
523.04 145.55
484.94 140.94
482.64 142.99
487.75 145.55
479.82 150.41
481.87 158.33
491.84 161.92
461.15 154.75
462.69 149.13
473.68 144.27
471.64 152.71
451.95 134.04
447.60 144.27
459.87 134.81
452.97 139.41
457.32 127.90
495.42 122.28
491.59 122.28
483.15 109.74
490.31 102.58
494.91 103.35
498.49 104.63
459.36 115.11
456.04 121.76
473.17 122.28
469.85 131.23
498.24 146.06
500.28 142.48
495.93 140.18
480.85 134.04
484.17 125.09
496.96 128.16
505.91 118.69
508.21 111.53
511.53 113.58
514.60 115.88
522.28 159.36
523.30 154.50
518.70 158.59
508.98 141.46
512.56 136.09
507.95 136.60
513.07 161.92
510.77 153.22
215.64 153.58
174.21 138.24
168.58 113.18
16.93 98.98
19.99 98.22
5.16 105.38
7.97 105.63
12.58 107.17
11.04 109.21
6.95 109.98
5.93 108.19
17.69 108.45
20.76 113.30
19.23 114.58
14.62 115.09
11.04 113.30
21.27 117.14
18.97 118.93
18.46 119.95
16.93 122.51
12.07 120.47
14.62 127.11
10.53 125.07
8.49 129.67
9.51 133.76
9.51 139.13
16.93 138.62
23.06 147.57
14.11 151.67
14.37 156.01
3.12 139.90
0.05 134.53
0.56 128.65
4.91 125.07
1.84 119.95
1.07 116.12
1.58 115.09
34.06 97.96
37.13 99.75
39.43 99.75
30.99 99.49
26.13 98.47
41.73 98.98
44.55 98.47
49.40 98.22
52.22 98.22
57.33 98.98
59.63 99.49
62.96 97.45
65.01 96.43
66.80 96.43
67.56 96.68
69.61 96.68
76.77 96.68
33.80 105.38
38.15 105.38
43.52 103.33
46.34 103.33
49.66 103.33
52.99 103.84
55.80 102.82
58.61 103.59
59.89 102.56
35.08 111.51
42.50 111.51
36.87 114.33
40.20 116.37
33.80 118.16
36.36 120.72
39.43 122.51
34.32 122.26
31.25 124.05
33.55 128.65
24.60 128.90
18.46 129.67
25.62 134.02
34.83 139.13
42.76 137.34
46.08 129.16
53.50 138.62
60.66 135.81
62.70 133.25
53.75 128.65
60.15 126.09
53.24 117.91
47.61 119.19
50.43 113.56
50.94 116.37
47.10 108.96
44.80 108.70
47.36 111.77
43.52 113.82
47.36 116.12
55.29 108.45
60.15 108.96
54.78 111.51
53.50 114.58
57.84 116.88
60.91 114.33
63.73 117.14
63.98 122.51
61.94 119.19
66.54 119.19
74.98 131.97
69.86 138.62
66.54 148.09
65.26 167.78
75.49 154.22
58.87 165.48
84.70 148.85
92.63 145.02
74.98 141.44
89.56 128.90
96.97 121.49
104.90 126.09
91.35 135.04
115.64 135.55
109.25 131.46
110.27 136.32
106.95 135.55
129.96 133.76
121.27 124.56
130.22 116.88
127.92 115.35
121.27 117.91
98.76 113.30
101.07 115.61
104.39 114.33
96.21 110.75
92.63 113.56
91.09 110.75
89.05 110.24
85.98 115.35
72.93 109.72
75.49 108.45
83.16 110.49
67.56 109.98
62.96 109.98
64.75 109.21
67.82 101.03
76.00 99.49
77.79 99.49
81.12 98.22
82.40 105.38
85.98 103.84
88.79 103.84
87.00 99.49
89.81 98.98
114.88 105.38
96.97 108.19
101.32 107.42
106.18 106.40
111.30 110.75
110.02 112.54
108.48 124.30
155.28 107.42
159.37 104.35
157.33 100.77
160.40 101.03
166.79 103.07
162.19 108.96
157.33 113.56
153.49 127.88
154.00 135.55
147.61 149.88
133.29 141.44
135.34 160.62
105.16 145.27
99.02 161.90
151.19 144.51
68.84 132.23
174.03 106.77
177.19 102.66
178.14 108.98
179.72 108.66
176.24 110.24
183.82 108.03
185.72 108.03
189.82 108.03
190.77 108.03
194.24 106.77
195.51 109.29
198.03 105.19
199.30 105.19
202.77 108.03
209.08 103.92
212.24 105.82
216.98 106.45
216.98 108.03
223.93 106.13
226.45 105.82
231.51 106.45
237.19 106.77
246.35 108.03
246.35 105.19
249.19 105.82
253.29 108.03
255.82 108.03
253.93 104.87
258.98 103.61
259.61 106.77
258.98 112.77
245.08 119.08
229.61 123.50
219.19 121.92
206.24 118.45
198.66 121.92
219.51 129.19
236.24 130.76
230.24 144.66
226.14 156.03
250.45 161.40
266.24 153.19
249.50 126.98
260.56 129.19
268.45 124.45
273.82 141.19
278.56 145.92
285.19 141.82
284.87 134.55
290.87 138.03
284.24 124.76
273.82 128.24
267.50 110.87
272.24 107.40
275.40 107.40
277.93 106.45
282.98 110.87
289.29 110.87
296.24 108.98
305.08 120.66
296.56 131.40
310.14 130.76
299.40 139.29
313.29 136.76
312.98 126.34
317.40 124.76
322.77 132.66
325.61 128.24
333.50 130.13
342.03 140.55
338.56 133.92
345.50 131.71
349.61 137.08
348.35 142.45
357.50 137.40
355.29 131.71
358.13 128.55
315.82 112.77
323.08 113.40
324.03 110.87
326.87 113.71
332.56 120.66
337.61 120.34
334.77 116.24
329.08 115.92
304.77 108.34
334.45 108.34
338.24 108.66
340.13 114.03
343.92 117.19
353.40 117.19
352.77 120.34
356.56 119.08
360.35 118.45
371.08 120.03
369.50 126.98
375.19 128.24
377.71 132.34
378.66 137.08
381.19 136.13
388.13 136.76
394.45 135.82
381.19 141.50
387.82 141.50
395.08 141.50
380.56 148.76
396.03 147.19
388.77 150.97
401.08 152.55
364.45 137.08
360.98 129.50
370.13 112.45
359.08 111.50
381.50 112.45
401.40 123.50
409.92 120.34
416.87 124.76
423.19 121.61
427.92 121.29
432.34 125.71
431.08 131.40
423.82 128.55
422.87 125.71
423.19 136.76
416.24 139.61
408.98 139.29
411.19 140.24
416.87 144.66
424.45 144.66
428.87 149.71
417.19 149.08
434.55 145.29
432.03 138.03
435.82 138.03
437.08 126.03
435.19 155.71
435.50 148.76
442.45 145.29
446.87 157.61
441.50 166.45
436.13 162.03
444.66 132.98
444.03 126.03
446.87 124.76
449.08 124.76
445.61 121.92
443.40 138.98
377.71 121.92
154.77 123.62
152.85 119.53
163.47 123.11
165.77 130.52
167.81 125.41
160.91 144.72
196.97 139.22
177.40 116.97
159.25 127.45
125.74 136.53
142.62 120.93
140.07 129.50
133.80 125.02
128.81 122.47
174.21 147.13
162.96 157.87
147.23 157.48
166.02 154.93
86.23 138.18
86.74 122.45
84.06 117.97
66.92 123.25
