81.94 419.37
26.70 478.70
155.59 486.88
347.91 460.29
516.70 452.10
434.87 394.82
338.71 385.61
299.83 422.44
212.88 322.19
195.49 366.17
144.34 304.79
122.86 340.60
36.93 324.23
7.26 345.71
201.63 284.33
162.75 255.69
266.08 275.13
285.51 261.83
325.41 264.90
309.04 290.47
352.01 307.86
385.76 267.97
418.50 265.92
431.80 253.65
466.58 283.31
433.84 326.28
488.06 303.77
181.17 232.16
112.63 232.16
86.03 232.16
69.66 253.65
46.14 242.39
27.72 297.63
0.10 225.00
2.15 199.43
16.47 196.36
33.86 187.15
94.98 176.67
80.66 184.85
58.16 187.41
52.53 217.59
27.98 217.59
71.97 221.17
89.36 212.47
131.81 201.73
112.88 211.96
108.28 194.06
119.53 179.74
153.80 192.01
141.53 177.69
151.76 168.99
172.22 186.90
185.00 188.94
218.25 187.41
224.39 210.42
246.38 188.43
231.55 233.95
266.33 176.16
224.90 165.41
227.97 147.51
216.21 155.18
185.00 158.76
149.20 146.49
138.97 159.79
123.11 165.93
69.41 157.23
56.62 159.28
48.95 171.04
25.93 170.02
19.28 159.79
4.45 169.51
3.94 155.70
10.08 150.07
0.48 109.02
3.04 108.26
3.81 108.26
5.86 109.02
8.16 109.02
10.97 109.02
0.48 112.09
6.37 117.97
10.97 118.23
2.28 123.34
5.34 130.76
5.86 136.90
5.34 142.01
102.65 292.01
115.95 259.78
365.56 233.42
338.96 228.31
299.07 231.89
290.88 212.96
285.77 193.01
297.02 176.14
323.62 174.09
323.62 188.41
346.12 194.04
337.43 176.14
351.24 176.14
373.23 172.56
392.16 185.85
372.72 208.36
413.64 228.82
386.53 233.93
408.01 211.94
408.52 195.06
427.45 175.11
438.19 198.64
450.98 182.27
481.16 187.39
485.76 206.31
490.36 197.62
491.90 247.74
475.53 231.89
454.56 221.66
467.35 252.35
476.04 173.07
452.51 169.49
457.12 158.23
387.04 164.37
393.18 158.23
369.65 158.75
371.19 150.05
327.20 160.79
333.34 151.58
345.61 148.00
352.26 146.98
356.86 144.93
513.38 216.42
410.06 178.82
409.80 160.92
417.73 163.99
401.36 153.25
518.75 199.28
514.15 184.96
510.06 179.59
507.24 169.87
492.92 171.15
205.72 423.46
515.94 138.94
513.64 140.99
518.75 143.55
510.82 148.41
512.87 156.33
522.84 159.92
492.15 152.75
493.69 147.13
504.68 142.27
502.64 150.71
482.95 132.04
478.60 142.27
490.87 132.81
483.97 137.41
488.32 125.90
522.59 120.28
514.15 107.74
521.31 100.58
490.36 113.11
487.04 119.76
504.17 120.28
500.85 129.23
511.85 132.04
515.17 123.09
246.64 151.58
205.21 136.24
199.58 111.18
17.49 114.12
13.14 124.86
15.96 123.07
20.05 123.07
47.93 96.98
50.99 96.22
14.93 99.80
26.44 100.05
27.72 99.28
0.61 104.14
16.72 107.98
19.79 108.75
22.35 107.98
25.68 107.72
27.21 106.96
30.02 106.19
36.16 103.38
38.97 103.63
43.58 105.17
42.04 107.21
37.95 107.98
36.93 106.19
48.69 106.45
51.76 111.30
50.23 112.58
45.62 113.09
42.04 111.30
52.27 115.14
49.97 116.93
49.46 117.95
47.93 120.51
43.07 118.47
45.62 125.11
41.53 123.07
39.49 127.67
40.51 131.76
40.51 137.13
47.93 136.62
54.06 145.57
45.11 149.67
45.37 154.01
30.02 148.39
30.02 158.62
22.61 150.94
34.12 137.90
31.05 132.53
26.95 139.18
28.23 129.46
31.56 126.65
35.91 123.07
29.77 116.68
32.84 117.95
26.19 118.47
30.02 122.30
13.40 131.25
15.19 142.51
23.63 111.56
25.93 111.56
27.47 113.61
20.82 111.56
32.07 114.12
32.58 113.09
30.28 111.30
65.06 95.96
68.13 97.75
70.43 97.75
61.99 97.49
57.13 96.47
72.73 96.98
75.55 96.47
80.40 96.22
83.22 96.22
88.33 96.98
90.63 97.49
93.96 95.45
96.01 94.43
97.80 94.43
98.56 94.68
100.61 94.68
107.77 94.68
64.80 103.38
69.15 103.38
74.52 101.33
77.34 101.33
80.66 101.33
83.99 101.84
86.80 100.82
89.61 101.59
90.89 100.56
66.08 109.51
73.50 109.51
67.87 112.33
71.20 114.37
64.80 116.16
67.36 118.72
70.43 120.51
65.32 120.26
62.25 122.05
64.55 126.65
55.60 126.90
49.46 127.67
56.62 132.02
65.83 137.13
73.76 135.34
77.08 127.16
84.50 136.62
91.66 133.81
93.70 131.25
84.75 126.65
91.15 124.09
84.24 115.91
78.61 117.19
81.43 111.56
81.94 114.37
78.10 106.96
75.80 106.70
78.36 109.77
74.52 111.82
78.36 114.12
86.29 106.45
91.15 106.96
85.78 109.51
84.50 112.58
88.84 114.88
91.91 112.33
94.73 115.14
94.98 120.51
92.94 117.19
97.54 117.19
105.98 129.97
100.86 136.62
97.54 146.09
96.26 165.78
106.49 152.22
89.87 163.48
115.70 146.85
123.63 143.02
105.98 139.44
120.56 126.90
127.97 119.49
135.90 124.09
122.35 133.04
146.64 133.55
140.25 129.46
141.27 134.32
137.95 133.55
160.96 131.76
152.27 122.56
161.22 114.88
158.92 113.35
152.27 115.91
129.76 111.30
132.07 113.61
135.39 112.33
127.21 108.75
123.63 111.56
122.09 108.75
120.05 108.24
116.98 113.35
103.93 107.72
106.49 106.45
114.16 108.49
98.56 107.98
93.96 107.98
95.75 107.21
98.82 99.03
107.00 97.49
108.79 97.49
112.12 96.22
113.40 103.38
116.98 101.84
119.79 101.84
118.00 97.49
120.81 96.98
145.88 103.38
127.97 106.19
132.32 105.42
137.18 104.40
142.30 108.75
141.02 110.54
139.48 122.30
186.28 105.42
190.37 102.35
188.33 98.77
191.40 99.03
197.79 101.07
193.19 106.96
188.33 111.56
184.49 125.88
185.00 133.55
178.61 147.88
164.29 139.44
166.34 158.62
136.16 143.27
130.02 159.90
182.19 142.51
99.84 130.23
205.03 104.77
208.19 100.66
209.14 106.98
210.72 106.66
207.24 108.24
214.82 106.03
216.72 106.03
220.82 106.03
221.77 106.03
225.24 104.77
226.51 107.29
229.03 103.19
230.30 103.19
233.77 106.03
240.08 101.92
243.24 103.82
247.98 104.45
247.98 106.03
254.93 104.13
257.45 103.82
262.51 104.45
268.19 104.77
277.35 106.03
277.35 103.19
280.19 103.82
284.29 106.03
286.82 106.03
284.93 102.87
289.98 101.61
290.61 104.77
289.98 110.77
276.08 117.08
260.61 121.50
250.19 119.92
237.24 116.45
229.66 119.92
250.51 127.19
267.24 128.76
261.24 142.66
257.14 154.03
281.45 159.40
297.24 151.19
280.50 124.98
291.56 127.19
299.45 122.45
304.82 139.19
309.56 143.92
316.19 139.82
315.87 132.55
321.87 136.03
315.24 122.76
304.82 126.24
298.50 108.87
303.24 105.40
306.40 105.40
308.93 104.45
313.98 108.87
320.29 108.87
327.24 106.98
336.08 118.66
327.56 129.40
341.14 128.76
330.40 137.29
344.29 134.76
343.98 124.34
348.40 122.76
353.77 130.66
356.61 126.24
364.50 128.13
373.03 138.55
369.56 131.92
376.50 129.71
380.61 135.08
379.35 140.45
388.50 135.40
386.29 129.71
389.13 126.55
346.82 110.77
354.08 111.40
355.03 108.87
357.87 111.71
363.56 118.66
368.61 118.34
365.77 114.24
360.08 113.92
335.77 106.34
365.45 106.34
369.24 106.66
371.13 112.03
374.92 115.19
384.40 115.19
383.77 118.34
387.56 117.08
391.35 116.45
402.08 118.03
400.50 124.98
406.19 126.24
408.71 130.34
409.66 135.08
412.19 134.13
419.13 134.76
425.45 133.82
412.19 139.50
418.82 139.50
426.08 139.50
411.56 146.76
427.03 145.19
419.77 148.97
432.08 150.55
395.45 135.08
391.98 127.50
401.13 110.45
390.08 109.50
412.50 110.45
432.40 121.50
440.92 118.34
447.87 122.76
454.19 119.61
458.92 119.29
463.34 123.71
462.08 129.40
454.82 126.55
453.87 123.71
454.19 134.76
447.24 137.61
439.98 137.29
442.19 138.24
447.87 142.66
455.45 142.66
459.87 147.71
448.19 147.08
465.55 143.29
463.03 136.03
466.82 136.03
468.08 124.03
466.19 153.71
466.50 146.76
473.45 143.29
477.87 155.61
472.50 164.45
467.13 160.03
475.66 130.98
475.03 124.03
477.87 122.76
480.08 122.76
476.61 119.92
474.40 136.98
408.71 119.92
185.77 121.62
183.85 117.53
194.47 121.11
196.77 128.52
198.81 123.41
191.91 142.72
227.97 137.22
208.40 114.97
190.25 125.45
156.74 134.53
173.62 118.93
171.07 127.50
164.80 123.02
159.81 120.47
205.21 145.13
193.96 155.87
178.23 155.48
197.02 152.93
117.23 136.18
117.74 120.45
115.06 115.97
97.92 121.25
