324.94 431.37
269.70 490.70
225.71 607.32
148.99 547.99
101.93 474.33
43.62 540.83
20.09 597.09
12.93 405.79
75.33 384.31
178.65 383.29
222.64 412.95
114.21 376.13
357.67 603.23
398.59 498.88
502.94 537.76
590.91 472.29
636.95 596.07
709.58 634.94
792.44 620.62
974.53 573.56
948.96 636.99
1019.54 584.81
959.19 508.09
992.94 505.02
917.24 519.34
795.51 505.02
759.70 464.10
803.69 392.49
875.30 447.74
964.30 406.82
1015.45 441.60
993.97 407.84
1017.49 377.15
986.81 359.76
892.69 366.92
869.16 354.64
677.87 406.82
581.71 397.61
542.83 434.44
455.88 334.19
438.49 378.17
387.34 316.79
365.86 352.60
279.93 336.23
250.26 357.71
178.65 316.79
155.13 322.93
125.46 327.02
100.91 347.48
68.17 327.02
31.35 342.37
2.70 301.45
14.98 335.21
57.94 305.54
74.31 299.40
23.16 287.13
444.63 296.33
405.75 267.69
509.08 287.13
528.51 273.83
568.41 276.90
552.04 302.47
595.01 319.86
628.76 279.97
661.50 277.92
674.80 265.65
709.58 295.31
676.84 338.28
731.06 315.77
773.00 338.28
798.58 310.66
809.83 284.06
854.84 309.63
877.35 302.47
902.92 323.96
942.82 340.32
986.81 327.02
956.12 312.70
942.82 305.54
951.00 320.89
424.17 244.16
355.63 244.16
329.03 244.16
312.66 265.65
289.14 254.39
270.72 309.63
230.83 276.90
243.10 237.00
213.43 245.19
206.27 309.63
178.65 287.13
153.08 284.06
133.64 280.99
99.88 280.99
118.30 263.60
106.02 252.35
119.32 242.12
84.54 248.26
75.33 274.85
59.99 265.65
11.91 261.55
179.68 244.16
138.76 258.48
151.03 239.05
197.07 231.89
210.37 219.61
165.36 222.68
184.79 210.40
203.21 196.08
142.85 219.61
141.83 191.99
170.47 186.88
240.03 189.95
231.85 211.43
245.15 211.43
259.47 208.36
276.86 199.15
71.50 235.21
60.76 229.59
51.04 240.33
35.18 249.53
27.51 246.98
27.51 233.17
17.79 224.98
95.54 228.56
80.19 228.56
124.18 226.52
118.04 215.26
125.71 206.06
180.44 191.74
172.77 202.99
152.82 211.68
239.27 169.23
230.57 172.30
220.34 173.83
337.98 188.67
323.66 196.85
301.16 199.41
295.53 229.59
270.98 229.59
314.97 233.17
332.36 224.47
374.81 213.73
355.88 223.96
351.28 206.06
362.53 191.74
396.80 204.01
384.53 189.69
394.76 180.99
415.22 198.90
428.00 200.94
461.25 199.41
467.39 222.42
489.38 200.43
474.55 245.95
509.33 188.16
467.90 177.41
470.97 159.51
459.21 167.18
428.00 170.76
392.20 158.49
381.97 171.79
366.11 177.93
312.41 169.23
299.62 171.28
291.95 183.04
268.93 182.02
262.28 171.79
247.45 181.51
246.94 167.70
253.08 162.07
214.20 179.46
201.41 177.41
193.74 178.44
11.01 226.39
26.10 220.25
32.75 213.09
34.03 204.39
29.17 198.26
22.27 196.72
1.81 192.89
4.88 189.05
8.97 197.23
8.97 188.28
26.61 194.42
20.48 189.31
36.59 190.07
45.03 185.73
43.75 190.33
56.02 187.52
50.40 190.33
64.98 188.28
3.85 217.95
69.32 202.09
50.14 200.30
51.42 211.56
50.65 217.44
47.07 230.48
68.81 218.46
86.71 212.07
92.85 201.84
86.46 197.23
84.16 194.42
80.58 190.33
93.87 180.61
113.31 184.19
98.73 192.12
108.20 189.56
82.37 180.87
75.97 181.89
70.60 180.35
77.51 172.94
73.16 174.98
70.09 171.66
74.18 169.61
64.46 166.80
61.65 173.19
58.84 177.29
58.84 174.73
53.47 173.71
50.91 174.73
31.73 181.12
28.40 182.66
29.94 178.56
35.82 183.68
44.77 177.80
60.63 182.15
94.13 167.57
90.55 171.40
85.43 169.61
165.48 176.52
151.93 172.94
141.95 159.90
143.49 153.25
131.21 162.71
125.33 169.36
115.36 170.64
112.29 165.01
105.89 159.64
103.34 160.41
101.55 177.80
110.75 138.41
112.54 157.34
118.68 158.62
121.24 152.22
122.52 155.80
127.63 154.52
129.42 150.43
134.79 151.46
140.16 150.69
131.72 154.52
143.23 133.55
145.79 130.74
158.07 132.53
154.74 136.11
168.55 130.74
163.95 131.00
160.62 132.53
172.39 131.25
169.32 140.97
162.41 141.48
158.58 148.64
150.91 153.25
147.84 144.30
148.86 160.66
156.28 152.22
157.55 158.62
146.05 167.57
167.53 150.43
168.04 156.31
163.18 156.83
178.27 152.22
175.71 148.90
176.22 145.06
171.62 149.67
189.78 148.13
180.83 162.20
174.18 162.20
186.97 171.40
197.45 170.64
202.05 152.22
206.66 159.38
195.15 160.66
201.03 140.71
204.10 147.88
196.68 143.78
185.43 127.67
182.11 128.18
210.24 137.90
205.63 138.16
204.10 133.81
199.24 134.32
198.99 122.30
192.08 123.58
203.84 123.58
205.38 123.58
207.42 124.09
209.98 119.23
210.49 124.60
211.77 123.58
215.35 123.58
217.14 123.58
217.65 121.02
220.21 122.05
221.75 122.81
223.79 122.81
226.09 122.05
229.42 121.02
230.95 121.02
233.26 121.79
235.30 121.02
236.84 121.02
241.44 120.00
243.48 121.02
246.04 120.26
246.81 120.26
248.86 121.02
251.16 121.02
253.97 121.02
243.48 124.09
240.42 124.60
232.23 124.86
230.95 127.67
228.91 142.50
222.00 150.43
216.89 147.11
220.21 140.71
217.91 137.13
215.35 137.39
211.77 133.04
214.84 133.04
213.31 132.53
210.75 134.32
213.05 133.55
215.10 133.55
215.35 133.55
211.77 135.34
212.54 135.34
214.07 134.58
215.35 134.32
215.10 130.23
216.12 131.76
218.68 132.02
220.72 128.95
217.14 126.39
224.82 128.95
225.07 131.00
223.03 132.53
226.61 132.02
229.93 132.53
228.14 134.58
224.30 135.34
229.67 135.60
231.98 135.60
232.74 133.55
234.28 129.21
229.42 138.92
233.00 138.16
240.16 130.74
242.72 130.74
249.37 129.97
253.97 130.23
242.97 136.62
245.28 135.34
248.34 142.76
248.86 148.90
241.44 153.50
228.91 151.46
228.40 155.04
233.51 158.87
248.34 154.01
205.12 168.59
212.03 160.41
219.19 157.08
345.65 304.01
358.95 271.78
608.56 245.42
581.96 240.31
542.07 243.89
533.88 224.96
528.77 205.01
540.02 188.14
566.62 186.09
566.62 200.41
589.12 206.04
580.43 188.14
594.24 188.14
616.23 184.56
635.16 197.85
615.72 220.36
656.64 240.82
629.53 245.93
651.01 223.94
651.52 207.06
670.45 187.11
681.19 210.64
693.98 194.27
724.16 199.39
728.76 218.31
733.36 209.62
734.90 259.74
718.53 243.89
697.56 233.66
710.35 264.35
719.04 185.07
695.51 181.49
700.12 170.23
630.04 176.37
636.18 170.23
612.65 170.75
614.19 162.05
570.20 172.79
576.34 163.58
588.61 160.00
595.26 158.98
599.86 156.93
756.38 228.42
653.06 190.82
652.80 172.92
660.73 175.99
644.36 165.25
761.75 211.28
757.15 196.96
753.06 191.59
750.24 181.87
735.92 183.15
767.89 190.82
775.56 178.29
784.26 198.49
777.35 200.28
784.77 210.00
800.88 206.17
810.34 206.17
798.58 226.11
824.41 227.65
817.76 235.32
835.92 213.33
825.94 213.07
797.55 243.25
782.21 240.44
801.90 267.95
807.53 255.16
821.34 254.65
857.14 259.76
884.76 263.34
902.67 282.78
935.91 298.64
855.61 242.88
852.03 232.14
871.46 242.88
873.51 233.68
873.00 226.52
881.18 221.40
866.86 222.42
854.07 214.24
848.45 221.40
842.31 218.33
846.40 208.61
887.32 243.91
897.04 224.98
908.80 226.52
889.88 222.94
915.96 266.92
921.08 246.46
935.91 246.46
948.19 261.30
947.68 282.78
970.69 298.64
1021.84 350.81
448.72 435.46
991.66 275.62
1000.36 268.46
1012.12 259.76
1006.50 272.04
1013.66 284.83
821.34 192.76
813.67 184.06
820.83 178.95
818.27 172.81
826.97 176.39
831.57 180.48
836.17 180.48
843.33 185.60
846.40 179.97
835.15 203.50
865.33 194.80
861.75 203.50
856.63 200.43
852.54 189.69
843.84 189.31
835.92 191.61
851.52 199.79
884.00 202.86
893.97 203.63
896.78 215.65
908.29 212.58
928.75 222.04
935.40 235.08
918.78 214.11
914.94 218.46
947.68 213.86
946.65 223.32
956.88 222.04
951.00 218.46
972.74 237.39
963.02 233.29
960.98 239.18
955.86 240.20
961.74 246.85
941.28 234.32
926.19 209.00
910.59 200.05
911.62 195.19
913.41 193.40
896.27 200.05
907.01 196.21
940.00 154.27
947.68 157.34
959.95 158.11
955.86 159.13
952.54 159.64
964.04 162.20
921.59 154.52
914.94 153.76
890.39 141.23
892.69 143.02
898.06 141.23
897.55 144.81
901.13 146.60
906.25 149.67
905.99 152.48
920.82 163.22
931.82 162.20
935.91 161.43
942.05 161.69
958.93 168.33
956.88 168.33
955.86 165.78
954.07 161.17
949.72 166.54
947.68 168.59
965.32 166.54
966.60 165.01
968.90 165.78
971.72 166.54
967.11 173.71
964.04 172.68
962.25 178.05
960.72 183.17
954.07 179.08
948.70 177.29
943.84 177.54
958.93 201.07
963.79 196.98
970.44 179.33
967.62 181.89
971.97 186.75
958.67 205.16
953.30 201.07
971.46 205.16
967.62 202.35
974.27 202.35
972.48 218.97
966.86 211.81
972.74 213.60
941.79 198.77
938.73 208.49
948.19 209.00
947.17 204.14
936.42 195.19
910.08 173.71
912.64 175.24
918.52 177.29
923.13 178.31
921.85 182.66
930.29 183.42
882.72 197.49
871.98 181.63
866.61 179.84
884.76 162.20
889.62 169.10
929.01 169.36
920.57 167.31
937.70 169.10
917.75 171.92
921.08 173.96
847.42 129.97
843.08 130.48
838.47 129.46
850.49 131.76
802.16 120.77
804.97 163.73
791.16 160.92
797.04 155.55
758.94 150.94
756.64 152.99
761.75 155.55
753.82 160.41
755.87 168.33
765.84 171.92
735.15 164.75
736.69 159.13
747.68 154.27
745.64 162.71
725.95 144.04
721.60 154.27
733.87 144.81
726.97 149.41
731.32 137.90
803.44 144.30
798.83 137.65
769.42 132.28
765.59 132.28
757.15 119.74
764.31 112.58
768.91 113.35
772.49 114.63
733.36 125.11
730.04 131.76
747.17 132.28
743.85 141.23
772.24 156.06
774.28 152.48
769.93 150.18
754.85 144.04
758.17 135.09
770.96 138.16
779.91 128.69
782.21 121.53
785.53 123.58
788.60 125.88
881.95 140.46
879.14 142.50
875.56 140.20
848.70 151.46
848.96 171.15
842.57 163.99
840.78 168.33
837.96 140.71
844.10 137.90
840.01 137.90
835.92 136.88
817.50 143.27
819.55 160.15
819.80 163.22
813.67 152.99
814.18 158.36
814.43 161.94
814.43 166.54
814.43 170.38
810.60 166.80
805.74 167.31
803.44 175.50
796.28 169.36
797.30 164.50
792.70 168.59
800.11 167.31
782.98 151.46
786.56 146.09
781.95 146.60
787.07 171.92
784.77 163.22
835.66 171.92
840.52 175.24
831.06 170.13
834.64 165.01
833.61 152.99
856.63 164.50
852.03 160.92
854.59 159.13
860.98 163.48
863.28 162.71
863.54 165.78
861.24 169.10
854.07 177.29
857.14 182.15
870.95 172.68
866.35 171.92
875.81 159.13
871.72 160.41
868.65 159.64
883.23 192.37
899.09 172.17
984.38 244.04
986.42 254.78
992.82 256.57
989.49 245.83
1002.28 245.83
998.44 232.02
1000.74 231.50
989.24 213.86
989.75 217.95
993.07 219.48
982.84 231.76
979.26 223.32
986.68 225.11
975.42 232.78
982.59 211.30
980.28 216.67
1011.23 236.36
1011.48 244.80
1018.13 231.76
1019.67 227.41
1020.18 221.53
1015.58 221.27
1011.74 217.44
1013.79 202.35
1008.16 199.79
1009.44 205.67
1003.81 199.54
1001.51 202.09
997.16 200.30
995.37 194.42
989.75 196.72
986.42 198.00
986.42 193.65
983.35 189.82
983.35 187.77
978.49 188.54
984.89 186.75
985.14 188.28
987.96 186.24
975.42 179.08
977.98 181.63
979.01 173.96
978.49 169.36
974.66 169.87
982.07 169.87
982.84 171.92
984.89 171.66
986.93 171.92
991.28 173.71
988.21 177.03
990.77 176.52
994.86 175.24
997.93 177.03
1003.05 179.08
1004.07 178.82
1006.63 181.12
1010.97 182.40
990.26 183.17
992.56 185.47
994.86 185.98
998.19 188.28
971.33 170.38
1009.44 195.96
1011.74 197.75
489.64 163.58
448.21 148.24
442.58 123.18
260.49 126.12
256.14 136.86
258.96 135.07
263.05 135.07
290.93 108.98
293.99 108.22
257.93 111.80
269.44 112.05
270.72 111.28
243.61 116.14
230.83 115.63
227.76 116.14
219.57 118.96
259.72 119.98
262.79 120.75
265.35 119.98
268.68 119.72
270.21 118.96
273.02 118.19
279.16 115.38
281.97 115.63
286.58 117.17
285.04 119.21
280.95 119.98
279.93 118.19
291.69 118.45
294.76 123.30
293.23 124.58
288.62 125.09
285.04 123.30
295.27 127.14
292.97 128.93
292.46 129.95
290.93 132.51
286.07 130.47
288.62 137.11
284.53 135.07
282.49 139.67
283.51 143.76
283.51 149.13
290.93 148.62
297.06 157.57
288.11 161.67
288.37 166.01
273.02 160.39
273.02 170.62
265.61 162.94
277.12 149.90
274.05 144.53
269.95 151.18
271.23 141.46
274.56 138.65
278.91 135.07
272.77 128.68
275.84 129.95
269.19 130.47
273.02 134.30
256.40 143.25
258.19 154.51
266.63 123.56
268.93 123.56
270.47 125.61
263.82 123.56
275.07 126.12
275.58 125.09
273.28 123.30
308.06 107.96
311.13 109.75
313.43 109.75
304.99 109.49
300.13 108.47
315.73 108.98
318.55 108.47
323.40 108.22
326.22 108.22
331.33 108.98
333.63 109.49
336.96 107.45
339.01 106.43
340.80 106.43
341.56 106.68
343.61 106.68
350.77 106.68
307.80 115.38
312.15 115.38
317.52 113.33
320.34 113.33
323.66 113.33
326.99 113.84
329.80 112.82
332.61 113.59
333.89 112.56
309.08 121.51
316.50 121.51
310.87 124.33
314.20 126.37
307.80 128.16
310.36 130.72
313.43 132.51
308.32 132.26
305.25 134.05
307.55 138.65
298.60 138.90
292.46 139.67
299.62 144.02
308.83 149.13
316.76 147.34
320.08 139.16
327.50 148.62
334.66 145.81
336.70 143.25
327.75 138.65
334.15 136.09
327.24 127.91
321.61 129.19
324.43 123.56
324.94 126.37
321.10 118.96
318.80 118.70
321.36 121.77
317.52 123.82
321.36 126.12
329.29 118.45
334.15 118.96
328.78 121.51
327.50 124.58
331.84 126.88
334.91 124.33
337.73 127.14
337.98 132.51
335.94 129.19
340.54 129.19
348.98 141.97
343.86 148.62
340.54 158.09
339.26 177.78
349.49 164.22
332.87 175.48
358.70 158.85
366.63 155.02
348.98 151.44
363.56 138.90
370.97 131.49
378.90 136.09
365.35 145.04
389.64 145.55
383.25 141.46
384.27 146.32
380.95 145.55
403.96 143.76
395.27 134.56
404.22 126.88
401.92 125.35
395.27 127.91
372.76 123.30
375.07 125.61
378.39 124.33
370.21 120.75
366.63 123.56
365.09 120.75
363.05 120.24
359.98 125.35
346.93 119.72
349.49 118.45
357.16 120.49
341.56 119.98
336.96 119.98
338.75 119.21
341.82 111.03
350.00 109.49
351.79 109.49
355.12 108.22
356.40 115.38
359.98 113.84
362.79 113.84
361.00 109.49
363.81 108.98
388.88 115.38
370.97 118.19
375.32 117.42
380.18 116.40
385.30 120.75
384.02 122.54
382.48 134.30
429.28 117.42
433.37 114.35
431.33 110.77
434.40 111.03
440.79 113.07
436.19 118.96
431.33 123.56
427.49 137.88
428.00 145.55
421.61 159.88
407.29 151.44
409.34 170.62
379.16 155.27
373.02 171.90
425.19 154.51
342.84 142.23
448.03 116.77
451.19 112.66
452.14 118.98
453.72 118.66
450.24 120.24
457.82 118.03
459.72 118.03
463.82 118.03
464.77 118.03
468.24 116.77
469.51 119.29
472.03 115.19
473.30 115.19
476.77 118.03
483.08 113.92
486.24 115.82
490.98 116.45
490.98 118.03
497.93 116.13
500.45 115.82
505.51 116.45
511.19 116.77
520.35 118.03
520.35 115.19
523.19 115.82
527.29 118.03
529.82 118.03
527.93 114.87
532.98 113.61
533.61 116.77
532.98 122.77
519.08 129.08
503.61 133.50
493.19 131.92
480.24 128.45
472.66 131.92
493.51 139.19
510.24 140.76
504.24 154.66
500.14 166.03
524.45 171.40
540.24 163.19
523.50 136.98
534.56 139.19
542.45 134.45
547.82 151.19
552.56 155.92
559.19 151.82
558.87 144.55
564.87 148.03
558.24 134.76
547.82 138.24
541.50 120.87
546.24 117.40
549.40 117.40
551.93 116.45
556.98 120.87
563.29 120.87
570.24 118.98
579.08 130.66
570.56 141.40
584.14 140.76
573.40 149.29
587.29 146.76
586.98 136.34
591.40 134.76
596.77 142.66
599.61 138.24
607.50 140.13
616.03 150.55
612.56 143.92
619.50 141.71
623.61 147.08
622.35 152.45
631.50 147.40
629.29 141.71
632.13 138.55
589.82 122.77
597.08 123.40
598.03 120.87
600.87 123.71
606.56 130.66
611.61 130.34
608.77 126.24
603.08 125.92
578.77 118.34
608.45 118.34
612.24 118.66
614.13 124.03
617.92 127.19
627.40 127.19
626.77 130.34
630.56 129.08
634.35 128.45
645.08 130.03
643.50 136.98
649.19 138.24
651.71 142.34
652.66 147.08
655.19 146.13
662.13 146.76
668.45 145.82
655.19 151.50
661.82 151.50
669.08 151.50
654.56 158.76
670.03 157.19
662.77 160.97
675.08 162.55
638.45 147.08
634.98 139.50
644.13 122.45
633.08 121.50
655.50 122.45
675.40 133.50
683.92 130.34
690.87 134.76
697.19 131.61
701.92 131.29
706.34 135.71
705.08 141.40
697.82 138.55
696.87 135.71
697.19 146.76
690.24 149.61
682.98 149.29
685.19 150.24
690.87 154.66
698.45 154.66
702.87 159.71
691.19 159.08
708.55 155.29
706.03 148.03
709.82 148.03
711.08 136.03
709.19 165.71
709.50 158.76
716.45 155.29
720.87 167.61
715.50 176.45
710.13 172.03
718.66 142.98
718.03 136.03
720.87 134.76
723.08 134.76
719.61 131.92
717.40 148.98
651.71 131.92
147.96 455.92
428.77 133.62
426.85 129.53
437.47 133.11
439.77 140.52
441.81 135.41
434.91 154.72
470.97 149.22
451.40 126.97
433.25 137.45
399.74 146.53
416.62 130.93
414.07 139.50
407.80 135.02
402.81 132.47
448.21 157.13
436.96 167.87
421.23 167.48
440.02 164.93
360.23 148.18
360.74 132.45
358.06 127.97
340.92 133.25
