968.41 487.88
776.09 461.29
571.49 494.02
607.30 453.10
563.31 381.49
689.13 395.82
785.29 386.61
824.17 423.44
911.12 323.19
928.51 367.17
979.66 305.79
1001.14 341.60
922.37 285.33
961.25 256.69
857.92 276.13
838.49 262.83
798.59 265.90
814.96 291.47
771.99 308.86
738.24 268.97
705.50 266.92
692.20 254.65
657.42 284.31
690.16 327.28
635.94 304.77
594.00 327.28
568.42 299.66
557.17 273.06
512.16 298.63
942.83 233.16
1011.37 233.16
992.19 202.73
1011.12 212.96
1015.72 195.06
1004.47 180.74
970.20 193.01
982.47 178.69
972.24 169.99
951.78 187.90
939.00 189.94
905.75 188.41
899.61 211.42
877.62 189.43
892.45 234.95
857.67 177.16
899.10 166.41
896.03 148.51
907.79 156.18
939.00 159.76
974.80 147.49
985.03 160.79
1000.89 166.93
1021.35 293.01
1008.05 260.78
758.44 234.42
785.04 229.31
824.93 232.89
833.12 213.96
838.23 194.01
826.98 177.14
800.38 175.09
800.38 189.41
777.88 195.04
786.57 177.14
772.76 177.14
750.77 173.56
731.84 186.85
751.28 209.36
710.36 229.82
737.47 234.93
715.99 212.94
715.48 196.06
696.55 176.11
685.81 199.64
673.02 183.27
642.84 188.39
638.24 207.31
633.64 198.62
632.10 248.74
648.47 232.89
669.44 222.66
656.65 253.35
647.96 174.07
671.49 170.49
666.88 159.23
736.96 165.37
730.82 159.23
754.35 159.75
752.81 151.05
796.80 161.79
790.66 152.58
778.39 149.00
771.74 147.98
767.14 145.93
610.62 217.42
713.94 179.82
714.20 161.92
706.27 164.99
722.64 154.25
605.25 200.28
609.85 185.96
613.94 180.59
616.76 170.87
631.08 172.15
599.11 179.82
591.44 167.29
582.74 187.49
589.65 189.28
582.23 199.00
566.12 195.17
556.66 195.17
568.42 215.11
542.59 216.65
549.24 224.32
531.08 202.33
541.06 202.07
569.45 232.25
584.79 229.44
565.10 256.95
559.47 244.16
545.66 243.65
509.86 248.76
511.39 231.88
514.97 221.14
500.14 211.42
512.93 203.24
518.55 210.40
524.69 207.33
520.60 197.61
918.28 424.46
545.66 181.76
553.33 173.06
546.17 167.95
548.73 161.81
540.03 165.39
535.43 169.48
530.83 169.48
523.67 174.60
520.60 168.97
531.85 192.50
501.67 183.80
505.25 192.50
510.37 189.43
514.46 178.69
523.16 178.31
531.08 180.61
515.48 188.79
500.39 168.84
519.58 118.97
523.92 119.48
528.53 118.46
516.51 120.76
564.84 109.77
562.03 152.73
575.84 149.92
569.96 144.55
608.06 139.94
610.36 141.99
605.25 144.55
613.18 149.41
611.13 157.33
601.16 160.92
631.85 153.75
630.31 148.13
619.32 143.27
621.36 151.71
641.05 133.04
645.40 143.27
633.13 133.81
640.03 138.41
635.68 126.90
563.56 133.30
568.17 126.65
597.58 121.28
601.41 121.28
609.85 108.74
602.69 101.58
598.09 102.35
594.51 103.63
633.64 114.11
636.96 120.76
619.83 121.28
623.15 130.23
594.76 145.06
592.72 141.48
597.07 139.18
612.15 133.04
608.83 124.09
596.04 127.16
587.09 117.69
584.79 110.53
581.47 112.58
578.40 114.88
518.30 140.46
518.04 160.15
524.43 152.99
526.22 157.33
529.04 129.71
522.90 126.90
526.99 126.90
531.08 125.88
549.50 132.27
547.45 149.15
547.20 152.22
553.33 141.99
552.82 147.36
552.57 150.94
552.57 155.54
552.57 159.38
556.40 155.80
561.26 156.31
563.56 164.50
570.72 158.36
569.70 153.50
574.30 157.59
566.89 156.31
584.02 140.46
580.44 135.09
585.05 135.60
579.93 160.92
582.23 152.22
531.34 160.92
526.48 164.24
535.94 159.13
532.36 154.01
533.39 141.99
510.37 153.50
514.97 149.92
512.41 148.13
506.02 152.48
503.72 151.71
503.46 154.78
505.76 158.10
512.93 166.29
509.86 171.15
500.65 160.92
877.36 152.58
918.79 137.24
924.42 112.18
1023.39 95.68
1016.23 95.68
1018.02 130.97
1023.14 137.62
1017.51 153.22
1008.30 147.85
1000.37 144.02
1018.02 140.44
1003.44 127.90
996.03 120.49
988.10 125.09
1001.65 134.04
977.36 134.55
983.75 130.46
982.73 135.32
986.05 134.55
963.04 132.76
971.73 123.56
962.78 115.88
965.08 114.35
971.73 116.91
994.24 112.30
991.93 114.61
988.61 113.33
996.79 109.75
1000.37 112.56
1001.91 109.75
1003.95 109.24
1007.02 114.35
1020.07 108.72
1017.51 107.45
1009.84 109.49
1017.00 98.49
1015.21 98.49
1011.88 97.22
1010.60 104.38
1007.02 102.84
1004.21 102.84
1006.00 98.49
1003.19 97.98
978.12 104.38
996.03 107.19
991.68 106.42
986.82 105.40
981.70 109.75
982.98 111.54
984.52 123.30
937.72 106.42
933.63 103.35
935.67 99.77
932.60 100.03
926.21 102.07
930.81 107.96
935.67 112.56
939.51 126.88
939.00 134.55
945.39 148.88
959.71 140.44
957.66 159.62
987.84 144.27
993.98 160.90
941.81 143.51
918.97 105.77
915.81 101.66
914.86 107.98
913.28 107.66
916.76 109.24
909.18 107.03
907.28 107.03
903.18 107.03
902.23 107.03
898.76 105.77
897.49 108.29
894.97 104.19
893.70 104.19
890.23 107.03
883.92 102.92
880.76 104.82
876.02 105.45
876.02 107.03
869.07 105.13
866.55 104.82
861.49 105.45
855.81 105.77
846.65 107.03
846.65 104.19
843.81 104.82
839.71 107.03
837.18 107.03
839.07 103.87
834.02 102.61
833.39 105.77
834.02 111.77
847.92 118.08
863.39 122.50
873.81 120.92
886.76 117.45
894.34 120.92
873.49 128.19
856.76 129.76
862.76 143.66
866.86 155.03
842.55 160.40
826.76 152.19
843.50 125.98
832.44 128.19
824.55 123.45
819.18 140.19
814.44 144.92
807.81 140.82
808.13 133.55
802.13 137.03
808.76 123.76
819.18 127.24
825.50 109.87
820.76 106.40
817.60 106.40
815.07 105.45
810.02 109.87
803.71 109.87
796.76 107.98
787.92 119.66
796.44 130.40
782.86 129.76
793.60 138.29
779.71 135.76
780.02 125.34
775.60 123.76
770.23 131.66
767.39 127.24
759.50 129.13
750.97 139.55
754.44 132.92
747.50 130.71
743.39 136.08
744.65 141.45
735.50 136.40
737.71 130.71
734.87 127.55
777.18 111.77
769.92 112.40
768.97 109.87
766.13 112.71
760.44 119.66
755.39 119.34
758.23 115.24
763.92 114.92
788.23 107.34
758.55 107.34
754.76 107.66
752.87 113.03
749.08 116.19
739.60 116.19
740.23 119.34
736.44 118.08
732.65 117.45
721.92 119.03
723.50 125.98
717.81 127.24
715.29 131.34
714.34 136.08
711.81 135.13
704.87 135.76
698.55 134.82
711.81 140.50
705.18 140.50
697.92 140.50
712.44 147.76
696.97 146.19
704.23 149.97
691.92 151.55
728.55 136.08
732.02 128.50
722.87 111.45
733.92 110.50
711.50 111.45
691.60 122.50
683.08 119.34
676.13 123.76
669.81 120.61
665.08 120.29
660.66 124.71
661.92 130.40
669.18 127.55
670.13 124.71
669.81 135.76
676.76 138.61
684.02 138.29
681.81 139.24
676.13 143.66
668.55 143.66
664.13 148.71
675.81 148.08
658.45 144.29
660.97 137.03
657.18 137.03
655.92 125.03
657.81 154.71
657.50 147.76
650.55 144.29
646.13 156.61
651.50 165.45
656.87 161.03
648.34 131.98
648.97 125.03
646.13 123.76
643.92 123.76
647.39 120.92
649.60 137.98
715.29 120.92
938.23 122.62
940.15 118.53
929.53 122.11
927.23 129.52
925.19 124.41
932.09 143.72
896.03 138.22
915.60 115.97
933.75 126.45
967.26 135.53
950.38 119.93
952.93 128.50
959.20 124.02
964.19 121.47
918.79 146.13
930.04 156.87
945.77 156.48
926.98 153.93
1006.77 137.18
1006.26 121.45
1008.94 116.97
