25.39 522.59
10.78 425.52
196.58 476.66
231.03 496.50
213.28 521.55
139.17 427.60
162.13 441.17
505.56 530.94
521.21 521.55
508.69 475.62
522.26 414.03
467.98 431.78
482.59 419.25
421.00 473.53
384.47 454.74
324.97 530.94
291.57 511.11
251.90 464.14
96.37 496.50
57.75 454.74
84.89 468.31
144.39 516.33
116.21 480.84
1.38 368.11
104.72 403.60
193.45 310.69
256.08 388.98
275.91 420.30
311.40 458.92
339.59 430.74
387.60 406.73
417.87 406.73
433.53 380.63
470.07 380.63
522.26 373.32
68.19 424.47
35.83 435.95
30.61 310.69
27.48 343.05
72.36 348.27
82.80 368.11
71.32 309.65
120.38 313.83
99.50 299.21
339.59 346.18
356.29 340.97
409.52 324.26
390.73 313.83
359.42 290.86
381.34 290.86
333.32 296.08
315.58 309.65
292.61 302.34
320.80 280.42
332.28 219.88
377.16 238.67
491.99 368.11
505.56 350.36
520.17 348.27
291.57 331.57
289.48 351.40
287.39 376.46
303.05 410.90
329.15 410.90
217.46 355.58
235.20 340.97
161.09 313.83
244.60 298.17
271.74 299.21
276.96 214.66
338.54 202.14
85.93 237.63
44.18 229.28
66.10 238.67
17.04 234.49
500.34 249.11
463.80 243.89
494.07 309.65
458.58 343.05
432.49 309.65
439.79 276.25
418.92 285.64
466.93 284.60
510.77 296.08
115.16 529.90
4.78 64.35
3.73 12.68
20.43 21.55
17.82 86.27
9.47 96.71
3.21 111.32
15.21 107.67
19.91 125.41
18.87 150.99
7.39 147.86
33.48 128.02
6.34 205.79
1.65 191.18
34.53 210.49
60.62 215.71
103.94 175.00
114.90 156.21
144.13 172.91
176.49 160.90
154.04 154.64
158.22 131.16
151.96 111.84
134.21 120.72
113.86 125.94
121.16 138.46
136.82 143.68
91.94 153.08
84.11 146.29
69.49 128.02
66.88 119.67
47.57 133.24
55.40 150.99
47.57 167.69
47.05 103.49
40.27 69.57
40.79 51.30
82.02 69.57
91.94 79.49
81.50 86.27
63.75 92.53
12.61 77.92
124.82 109.76
109.16 111.84
128.47 98.80
141.00 110.80
130.56 92.53
142.04 76.88
125.34 70.61
124.82 41.91
123.77 30.95
97.16 27.82
74.19 29.38
84.63 29.90
209.89 164.56
235.99 182.82
289.22 197.96
304.36 187.52
318.97 191.18
304.36 166.65
312.71 148.38
310.62 133.24
288.18 119.67
262.60 109.76
247.47 111.84
239.12 109.76
226.59 120.72
210.41 129.07
197.89 117.06
205.19 103.49
185.88 100.88
164.48 106.10
210.41 49.21
221.37 40.34
203.63 38.78
207.80 29.38
192.14 34.60
189.01 27.29
172.31 26.77
167.61 18.94
153.00 22.60
158.22 9.55
128.99 15.81
118.55 4.33
98.20 1.20
85.67 4.33
59.06 2.24
21.48 3.81
189.53 13.20
190.58 3.81
235.99 64.87
238.60 48.17
252.16 84.18
264.17 81.57
283.48 86.79
287.13 74.27
267.82 51.30
257.91 25.73
243.29 32.51
242.25 13.20
241.20 2.24
228.68 3.81
215.11 16.86
203.63 10.59
206.76 3.29
185.88 75.31
150.39 67.48
195.28 175.52
240.16 140.55
257.38 132.72
253.21 145.25
267.30 153.08
312.71 75.83
300.70 45.56
279.30 33.03
330.97 170.30
325.23 111.32
330.45 95.14
290.79 104.02
317.93 38.25
330.45 34.60
515.99 194.83
495.64 157.25
412.65 153.60
424.14 120.72
464.85 169.78
444.49 158.82
531.39 30.95
518.34 37.21
530.35 60.70
497.99 52.35
496.94 6.94
472.94 12.68
384.21 25.73
392.56 22.07
418.66 22.60
427.53 22.07
437.97 25.73
472.41 148.38
484.42 140.03
476.07 123.33
489.11 86.79
514.17 105.06
504.25 120.72
516.25 131.16
527.74 110.80
384.21 185.96
377.95 177.61
368.03 162.47
370.64 137.42
365.94 125.41
354.98 124.37
338.28 140.03
346.63 157.25
362.29 88.88
310.10 30.83
413.16 522.54
47.95 184.95
17.26 182.91
148.21 94.93
226.98 99.02
497.04 189.05
