937.47 647.81
891.54 642.59
856.05 649.90
821.61 642.59
889.46 602.93
855.01 577.87
836.22 545.52
875.89 530.90
650.42 596.66
615.97 616.50
633.72 641.55
707.83 547.60
684.87 561.17
341.44 650.94
325.79 641.55
338.31 595.62
294.47 528.81
324.74 534.03
379.02 551.78
364.41 539.25
426.00 593.53
462.53 574.74
522.03 650.94
555.43 631.11
595.10 584.14
750.63 616.50
789.25 574.74
762.11 588.31
702.61 636.33
730.79 600.84
882.15 563.26
929.12 578.92
951.04 612.32
976.10 620.67
1003.23 543.43
982.36 525.68
1010.54 507.94
982.36 490.19
996.97 463.05
989.66 427.56
947.91 436.96
905.11 466.18
845.62 488.11
742.28 523.60
653.55 430.69
590.92 508.98
571.09 540.30
535.60 578.92
507.41 550.74
459.40 526.73
429.13 526.73
413.47 500.63
376.93 500.63
324.74 493.32
307.00 501.68
282.99 504.81
249.59 493.32
213.05 515.24
237.06 538.21
216.18 564.31
268.38 575.79
240.19 600.84
203.66 596.66
179.65 582.05
148.34 567.44
132.68 551.78
150.42 519.42
185.91 518.38
173.39 493.32
778.81 544.47
811.17 555.95
933.30 551.78
890.50 463.05
901.98 438.00
874.84 442.18
857.10 419.21
816.39 430.69
819.52 463.05
774.64 468.27
764.20 488.11
775.68 429.65
726.62 433.83
747.50 419.21
849.79 363.89
901.98 403.55
1010.54 423.39
995.93 402.51
981.31 354.49
957.31 359.71
929.12 356.58
950.00 335.71
972.96 330.49
507.41 466.18
490.71 460.97
437.48 444.26
456.27 433.83
487.58 410.86
465.66 410.86
513.68 416.08
531.42 429.65
554.39 422.34
526.20 400.42
514.72 339.88
469.84 358.67
355.01 488.11
341.44 470.36
326.83 468.27
278.81 473.49
261.07 473.49
208.88 460.97
204.70 482.89
145.20 455.75
125.37 452.61
114.93 514.20
121.20 493.32
81.53 507.94
56.48 507.94
91.97 493.32
70.05 460.97
85.71 430.69
104.49 422.34
120.15 440.09
53.35 451.57
64.83 417.12
65.87 372.24
30.38 451.57
4.29 455.75
43.95 605.01
76.31 641.55
79.44 612.32
134.77 597.71
236.02 645.72
2.20 620.67
64.83 560.13
88.84 554.91
72.14 526.73
119.11 373.28
214.10 354.49
218.27 374.33
245.41 378.50
555.43 451.57
557.52 471.40
559.61 496.46
543.95 530.90
517.85 530.90
629.54 475.58
611.80 460.97
685.91 433.83
602.40 418.17
575.26 419.21
570.04 334.66
508.46 322.14
761.07 357.63
802.82 349.28
780.90 358.67
829.96 354.49
346.66 369.11
383.20 363.89
352.93 429.65
388.42 463.05
414.51 429.65
407.21 396.25
428.08 405.64
380.07 404.60
336.23 416.08
293.43 460.97
301.78 434.87
313.26 419.21
279.86 400.42
258.98 400.42
216.18 431.74
195.31 431.74
254.81 446.35
162.95 356.58
175.48 344.06
136.85 352.41
89.88 361.80
34.56 350.32
62.74 329.44
84.66 313.79
107.63 323.18
175.48 281.43
147.29 313.79
166.08 310.65
169.21 328.40
189.05 328.40
216.18 335.71
234.97 328.40
159.82 415.04
133.72 416.08
5.33 373.28
18.90 359.71
12.64 332.57
3.24 354.49
22.03 315.87
37.69 310.65
49.17 300.22
53.35 281.43
70.05 284.56
99.28 281.43
82.57 244.89
57.52 268.90
41.86 253.24
6.37 279.34
6.37 240.72
8.46 196.88
868.58 344.06
907.20 367.02
884.24 339.88
888.41 313.79
924.95 323.18
965.66 305.43
1004.28 310.65
1013.67 320.05
995.93 313.79
985.49 276.21
1002.19 288.73
1009.50 281.43
1017.85 290.82
1008.45 255.33
984.45 266.81
933.30 261.59
955.22 274.12
943.74 288.73
896.76 276.21
862.32 478.71
731.84 649.90
922.60 302.82
898.07 292.91
858.92 275.69
858.40 257.94
882.93 260.55
893.89 260.03
900.68 246.46
919.99 250.63
934.08 238.11
947.13 249.07
947.13 228.71
877.71 216.71
861.53 203.14
875.63 182.26
896.50 193.22
922.60 196.88
936.17 197.92
930.43 171.82
976.88 165.56
978.97 148.86
986.79 189.57
1006.63 198.44
1005.06 228.19
986.79 250.63
989.93 131.11
1005.58 125.37
1014.46 122.24
1014.46 105.54
1018.11 84.14
1001.41 79.97
980.01 132.68
961.22 136.86
964.87 121.20
958.09 109.19
951.30 117.54
945.04 86.75
936.17 61.18
923.64 61.18
919.99 109.19
931.99 109.19
936.17 123.81
939.30 134.77
911.64 132.68
921.03 135.81
904.85 118.59
904.85 143.12
903.81 97.71
910.59 64.83
842.22 184.35
864.67 136.33
843.27 132.68
826.57 141.55
848.49 88.84
859.97 79.97
847.44 73.70
880.32 70.05
880.85 109.72
829.18 206.27
837.53 216.71
843.79 231.32
831.79 227.67
827.09 245.41
828.13 270.99
839.61 267.86
813.52 248.02
850.57 341.97
840.66 325.79
845.35 311.18
864.67 323.18
812.47 330.49
786.38 335.71
743.06 295.00
732.10 276.21
702.87 292.91
670.51 280.90
692.96 274.64
688.78 251.16
695.04 231.84
712.79 240.72
733.14 245.94
725.84 258.46
710.18 263.68
755.06 273.08
762.89 266.29
777.51 248.02
780.12 239.67
799.43 253.24
791.60 270.99
799.43 287.69
799.95 223.49
806.73 189.57
806.21 171.30
764.98 189.57
755.06 199.49
765.50 206.27
783.25 212.53
834.39 197.92
950.26 207.84
1011.85 180.17
888.15 140.51
882.41 131.64
722.18 229.76
737.84 231.84
718.53 218.80
706.00 230.80
716.44 212.53
704.96 196.88
721.66 190.61
722.18 161.91
723.23 150.95
749.84 147.82
772.81 149.38
762.37 149.90
637.11 284.56
611.01 302.82
557.78 317.96
542.64 307.52
528.03 311.18
542.64 286.65
534.29 268.38
536.38 253.24
558.82 239.67
584.40 229.76
599.53 231.84
607.88 229.76
620.41 240.72
636.59 249.07
649.11 237.06
641.81 223.49
661.12 220.88
682.52 226.10
636.59 169.21
625.63 160.34
643.37 158.78
639.20 149.38
654.86 154.60
657.99 147.29
674.69 146.77
679.39 138.94
694.00 142.60
688.78 129.55
683.56 117.02
698.70 114.94
718.01 135.81
728.45 124.33
719.05 112.33
748.80 121.20
761.33 124.33
780.64 113.89
787.94 122.24
832.83 108.67
825.52 123.81
805.69 119.63
798.38 101.37
802.56 83.62
787.94 66.40
779.07 91.97
762.89 85.19
760.28 103.45
687.21 100.32
689.30 86.75
687.74 66.40
731.06 99.28
657.47 133.20
656.42 123.81
661.64 108.67
611.01 184.87
608.40 168.17
594.84 204.18
582.83 201.57
563.52 206.79
559.87 194.27
579.18 171.30
589.09 145.73
603.71 152.51
604.75 133.20
605.80 122.24
618.32 123.81
631.89 136.86
643.37 130.59
640.24 123.29
637.63 114.41
639.20 107.11
661.12 195.31
696.61 187.48
659.03 87.27
658.51 75.79
651.72 295.52
606.84 260.55
589.62 252.72
593.79 265.25
579.70 273.08
534.29 195.83
546.30 165.56
567.70 153.03
613.62 100.32
607.88 77.36
618.32 66.40
621.45 77.36
643.90 64.83
666.34 56.48
675.21 55.96
922.60 94.06
516.03 290.30
521.77 231.32
516.55 215.14
556.21 224.02
529.07 158.25
516.55 154.60
267.33 343.01
246.98 340.92
273.60 323.70
292.38 347.71
276.73 360.76
314.83 329.44
311.17 319.53
331.01 314.83
351.36 277.25
434.35 273.60
422.86 240.72
382.15 289.78
402.51 278.82
275.16 237.06
308.04 235.50
248.54 269.94
230.28 274.64
222.97 300.74
197.92 231.32
231.32 222.97
146.77 258.98
147.29 239.15
175.48 248.55
107.10 284.56
100.32 251.68
96.14 222.45
117.02 215.14
198.70 202.62
205.49 201.57
187.74 169.21
160.60 193.22
145.99 194.79
150.16 171.30
160.08 173.91
164.78 164.00
198.18 158.25
221.14 162.95
220.10 151.47
241.50 158.78
255.59 173.91
275.94 181.22
260.29 205.23
280.64 217.75
268.64 208.88
288.99 199.49
284.29 177.04
286.90 158.25
273.86 150.95
276.99 135.29
306.22 153.03
315.61 150.95
328.66 157.21
316.65 180.70
349.01 172.35
350.06 126.94
374.06 132.68
379.28 105.02
364.67 105.02
362.58 80.49
340.66 99.80
325.53 105.02
309.35 102.41
321.35 84.14
299.43 83.62
289.51 71.09
274.90 57.52
249.33 89.36
246.19 79.44
268.64 99.80
236.80 114.41
243.59 126.94
254.55 143.64
238.89 138.42
200.79 134.77
207.57 121.20
202.88 101.37
210.70 93.01
227.41 90.40
236.28 89.36
231.06 77.88
163.73 138.42
166.86 119.63
180.96 105.02
189.31 119.63
150.68 117.54
139.72 115.98
142.86 76.84
123.02 75.79
103.71 170.26
105.28 132.68
124.07 131.11
117.28 120.68
137.11 168.69
131.37 158.25
79.18 132.68
90.66 123.81
84.92 112.33
103.71 118.59
83.36 73.18
95.88 54.39
123.02 59.09
140.77 62.22
136.59 41.34
166.34 83.10
183.56 88.32
254.02 52.83
302.04 55.44
295.78 37.17
291.08 32.47
347.97 64.83
303.08 125.37
298.39 115.98
172.08 217.23
75.01 217.75
61.96 222.45
51.00 184.87
70.83 173.39
74.48 162.43
21.25 188.53
10.81 176.52
29.08 94.06
31.17 64.83
43.17 61.18
17.07 63.27
10.81 55.96
25.95 48.65
50.48 50.74
60.91 51.78
79.70 48.13
87.01 33.52
100.58 34.04
114.15 34.56
60.91 69.53
360.49 44.48
366.24 46.56
373.54 44.48
389.20 45.00
386.59 36.13
400.16 41.87
400.68 34.04
418.95 43.43
427.30 42.91
441.39 55.44
452.87 45.52
463.31 58.05
468.01 75.79
476.88 77.88
484.71 72.14
435.65 75.79
454.44 90.40
462.79 145.73
454.44 142.07
428.34 142.60
419.47 142.07
409.03 145.73
374.59 268.38
362.58 260.03
370.93 243.33
357.89 206.79
332.83 225.06
342.75 240.72
330.75 251.16
319.26 230.80
293.17 228.19
301.00 286.12
295.26 299.69
314.04 299.17
462.79 305.96
469.05 297.61
478.97 282.47
476.36 257.42
481.06 245.41
492.02 244.37
508.72 260.03
500.37 277.25
484.71 208.88
908.51 51.67
917.90 44.36
931.47 15.14
939.82 11.48
942.43 31.32
964.35 36.54
966.96 28.71
958.61 19.83
962.26 5.22
971.14 20.36
977.92 22.44
984.71 35.49
973.75 31.32
976.36 41.75
982.10 7.83
982.10 3.65
994.10 6.79
998.28 13.05
1004.54 22.44
1012.37 15.14
798.90 25.05
804.12 20.36
801.51 16.70
811.43 21.40
806.21 6.79
802.04 5.22
793.16 5.74
788.47 4.18
787.42 11.48
790.03 25.05
781.16 27.14
779.07 18.27
655.38 32.88
649.64 25.05
655.38 24.01
661.12 21.92
651.72 10.44
653.81 18.79
661.64 8.87
676.25 16.18
618.32 24.01
611.54 25.05
615.19 35.49
621.97 38.10
627.19 47.50
647.03 56.37
675.21 43.32
602.66 38.10
605.27 30.79
593.79 23.49
602.66 16.18
603.19 10.44
588.57 12.53
593.27 3.13
619.89 3.13
620.41 14.61
633.98 2.09
576.57 40.71
571.87 30.79
578.13 25.57
582.31 15.14
572.39 14.09
559.87 20.36
555.69 35.49
548.91 42.80
561.43 75.68
552.56 68.89
543.69 67.85
532.21 67.85
568.22 68.37
578.13 67.33
584.92 79.33
587.53 68.37
536.90 150.83
825.52 5.22
820.30 4.18
835.96 7.83
682.00 10.44
634.50 14.09
542.12 10.96
547.86 10.44
529.07 20.36
542.12 26.10
541.08 18.27
550.47 25.57
529.07 5.22
326.31 18.27
313.78 16.18
356.58 30.79
371.19 26.10
385.81 26.10
388.42 14.61
395.20 27.14
401.47 20.36
409.82 25.05
413.47 18.79
418.69 14.61
441.65 30.79
440.61 21.92
451.05 20.36
457.31 31.32
463.57 21.40
467.75 39.14
476.10 37.06
478.19 28.71
491.23 38.62
507.94 36.54
505.85 52.71
519.42 43.32
513.16 27.14
506.89 19.83
513.16 17.75
506.89 10.44
498.54 5.22
494.89 19.83
493.32 26.10
484.45 21.40
474.53 17.75
469.84 16.70
447.92 14.61
444.78 5.22
303.34 30.79
272.55 29.23
275.68 23.49
267.85 16.70
263.68 27.66
254.81 34.45
250.63 31.32
236.02 22.44
237.06 12.53
224.54 17.75
223.49 3.65
200.01 20.36
201.57 8.87
219.32 76.20
384.76 79.33
377.46 78.29
397.81 10.44
255.33 17.75
256.37 8.87
262.64 6.79
123.54 33.40
136.07 28.71
143.90 27.66
155.38 30.79
63.52 37.06
70.83 34.45
71.35 23.49
80.75 25.05
46.30 14.09
29.08 16.70
13.94 15.14
37.43 42.80
84.66 7.94
121.20 2.72
106.58 6.90
172.34 2.72
181.74 20.47
168.17 18.38
30.38 3.77
17.86 3.77
38.73 3.77
45.00 2.72
7.42 2.72
346.66 18.38
352.93 18.38
336.23 14.21
343.53 31.95
60.91 7.83
67.18 3.65
75.53 5.74
75.53 18.79
95.88 11.48
112.58 16.18
117.80 12.53
123.02 18.27
131.90 14.61
136.07 19.83
146.51 5.22
121.98 7.83
286.38 8.87
299.43 8.87
322.92 6.79
365.71 17.75
369.37 5.74
408.51 2.09
272.29 3.13
312.48 7.31
633.98 86.64
603.19 84.55
536.90 46.97
45.78 25.05
5.59 17.75
131.37 316.39
178.35 309.61
197.13 315.87
213.31 316.39
110.50 353.45
91.19 337.27
433.84 642.54
446.12 655.83
403.15 656.86
799.05 304.95
829.74 302.91
698.79 214.93
620.02 219.02
349.96 309.05
28.74 80.92
20.56 413.39
