24.88 459.21
53.19 473.56
17.91 438.67
21.01 410.75
9.76 365.01
5.89 347.56
26.05 348.33
9.38 332.44
20.62 291.34
42.33 303.75
64.82 316.93
55.51 342.52
38.45 395.63
65.59 400.29
50.08 437.50
42.33 267.70
80.52 487.13
80.13 472.40
91.37 440.22
89.82 424.32
93.31 398.35
106.49 391.76
106.49 365.01
78.97 349.89
102.62 337.48
124.72 324.69
122.78 352.99
140.61 372.37
137.51 400.29
128.59 409.98
156.12 406.49
146.43 400.67
180.93 462.32
185.97 481.31
236.76 461.54
211.17 463.48
226.68 491.39
201.87 479.37
220.86 478.99
203.80 396.41
75.09 380.51
168.91 354.93
179.77 326.62
173.18 389.43
120.45 442.12
228.23 369.66
206.13 358.80
229.78 322.36
267.77 327.40
260.41 347.95
239.08 358.80
256.92 365.39
248.78 380.90
276.30 389.82
248.39 407.65
273.59 415.79
255.37 440.60
273.59 462.32
301.11 439.05
323.60 490.23
339.88 486.74
338.72 471.62
313.91 397.96
311.58 378.57
324.76 373.53
335.23 393.69
306.15 341.74
306.15 299.49
308.09 321.20
338.72 305.69
345.70 323.91
339.11 355.70
359.66 346.40
370.90 346.40
358.10 380.13
402.88 480.15
406.76 470.84
404.43 456.89
377.68 470.46
361.40 406.88
396.68 385.94
409.86 402.61
404.43 377.41
424.59 397.18
433.12 385.17
417.23 361.90
403.66 355.31
391.25 341.36
380.40 325.85
394.35 320.03
424.21 321.58
429.25 337.87
447.85 304.53
457.93 369.66
463.36 389.82
467.24 407.26
449.41 442.54
427.69 428.20
469.18 337.48
487.01 323.52
453.28 268.86
481.97 421.61
485.85 461.15
480.03 475.11
465.69 491.00
349.77 232.42
437.00 371.60
155.92 361.13
128.40 383.61
122.58 372.37
113.67 408.04
93.12 470.84
47.95 408.43
93.31 162.21
125.88 128.10
60.75 92.43
210.39 157.56
280.95 142.05
352.29 127.32
427.50 126.55
422.85 100.18
472.47 66.84
348.41 92.43
321.27 100.96
291.81 52.88
295.69 83.90
325.93 16.44
319.72 76.92
420.72 55.57
386.99 83.09
368.77 58.28
378.85 21.84
413.74 15.63
424.59 30.37
431.96 29.59
441.26 31.92
376.52 126.90
255.56 59.44
219.89 52.85
126.46 84.64
83.04 70.30
133.05 65.65
109.79 29.98
112.50 8.66
263.70 5.94
222.99 10.98
291.62 15.25
489.34 8.66
485.46 26.49
173.95 67.97
163.48 53.24
161.55 90.46
55.71 109.46
81.68 19.51
44.85 47.04
18.88 22.23
58.81 78.83
366.05 11.76
7.63 88.91
406.95 341.36
336.39 337.87
329.42 330.50
357.33 486.35
281.92 472.78
164.45 391.37
162.90 470.84
479.37 380.64
286.53 438.78
