696.18 350.26
629.50 375.85
965.04 424.73
916.58 443.33
930.15 466.21
967.37 466.98
955.74 506.14
961.55 530.56
946.43 539.48
933.64 521.26
899.13 538.32
905.34 511.18
874.71 510.02
900.30 475.90
908.44 458.84
962.13 585.20
943.52 606.91
861.33 485.17
857.26 526.30
839.82 531.34
879.75 537.54
856.88 596.08
844.86 593.76
897.20 599.19
811.90 586.78
840.98 579.03
825.09 514.67
809.58 525.14
795.23 527.46
808.03 546.07
785.15 553.05
771.97 543.36
745.22 568.95
754.14 599.19
790.58 604.61
771.97 506.53
796.40 504.59
806.48 439.07
761.89 456.13
756.46 487.14
742.12 483.65
728.55 513.12
732.43 501.10
737.86 538.71
752.59 539.09
713.04 548.40
693.27 533.67
671.95 546.46
683.97 591.43
714.21 601.90
651.01 576.70
645.20 565.07
627.75 576.31
621.94 600.35
654.11 531.34
660.71 520.10
623.10 531.34
642.10 511.18
634.73 501.10
660.32 490.25
649.85 485.21
679.31 503.81
720.41 491.02
706.06 483.65
699.47 473.96
702.19 454.58
664.97 466.60
635.89 471.64
616.12 476.68
599.06 451.86
600.61 488.69
597.90 502.26
601.78 519.71
590.92 527.85
575.41 542.58
602.94 604.61
585.49 581.74
596.35 590.66
562.23 551.11
528.12 554.21
499.81 568.56
530.05 601.51
557.19 585.23
575.41 610.04
535.09 533.67
531.99 505.75
572.31 502.65
564.17 455.35
580.07 444.89
571.92 442.17
593.25 429.77
543.24 460.01
547.11 442.56
526.95 443.33
543.62 427.44
532.38 386.34
510.67 398.75
488.18 411.93
497.49 437.52
514.55 490.63
487.41 495.29
502.92 532.50
597.51 368.12
510.67 362.70
485.66 591.82
472.48 582.13
472.87 567.40
461.63 535.22
463.18 519.32
459.69 493.35
446.51 486.76
446.51 460.01
474.03 444.89
450.38 432.48
428.28 419.69
430.22 447.99
412.39 467.37
415.49 495.29
424.41 504.98
396.88 501.49
406.57 495.67
372.07 557.32
367.03 576.31
316.24 556.54
341.83 558.48
326.32 586.39
313.92 592.60
277.09 588.72
375.56 595.70
351.13 574.37
332.14 573.99
349.20 491.41
670.98 606.55
477.91 475.51
384.09 449.93
373.23 421.62
379.82 484.43
462.79 608.46
432.55 537.12
324.77 464.66
346.87 453.80
323.22 417.36
285.23 422.40
292.59 442.95
313.92 453.80
296.08 460.39
304.22 475.90
276.70 484.82
304.61 502.65
279.41 510.79
297.63 535.60
279.41 557.32
251.89 534.05
289.88 594.15
229.40 585.23
213.12 581.74
214.28 566.62
239.09 492.96
241.42 473.57
228.24 468.53
217.77 488.69
246.85 436.74
246.85 394.49
244.91 416.20
214.28 400.69
207.30 418.91
213.89 450.70
193.34 441.40
182.10 441.40
194.90 475.13
183.07 591.82
164.07 594.92
146.63 593.37
150.12 575.15
146.24 565.84
148.57 551.89
175.32 565.46
191.60 501.88
156.32 480.94
143.14 497.61
148.57 472.41
128.41 492.18
119.88 480.17
135.77 456.90
149.34 450.31
161.75 436.36
172.60 420.85
158.65 415.03
128.79 416.58
123.75 432.87
105.15 399.53
95.07 464.66
89.64 484.82
85.76 502.26
103.59 537.54
125.31 523.20
48.54 458.84
56.68 440.62
83.82 432.48
65.99 418.52
52.81 423.95
41.18 399.91
99.72 363.86
11.71 544.91
42.34 508.85
71.03 516.61
67.15 556.15
72.97 570.11
87.31 586.00
203.23 327.42
18.69 334.78
24.89 428.99
7.84 447.99
3.96 467.76
25.28 474.35
36.14 446.05
116.00 466.60
397.08 456.13
424.60 478.61
430.42 467.37
439.33 503.04
459.88 565.84
387.97 587.94
505.05 503.43
459.69 257.21
427.12 223.10
861.14 218.02
936.35 197.48
923.17 200.97
968.53 198.64
964.27 166.85
946.82 155.99
912.32 144.36
925.88 136.22
947.98 120.71
927.82 108.70
931.70 33.87
904.56 34.65
866.57 14.10
858.43 29.61
894.09 86.60
875.49 66.83
888.28 66.44
888.28 17.59
834.39 67.99
865.41 83.50
835.17 101.33
855.71 126.92
887.12 137.77
888.67 168.79
794.46 216.09
800.27 171.50
767.32 253.30
817.33 171.89
814.62 138.94
796.01 102.88
855.71 154.06
812.29 85.82
796.01 71.87
808.03 50.54
812.29 33.87
799.50 36.59
835.94 47.05
839.04 15.26
792.13 4.41
766.54 8.67
749.10 20.30
734.75 33.48
723.12 33.87
704.90 42.79
691.33 34.65
716.14 67.60
740.96 83.11
759.95 106.37
769.65 120.71
736.69 109.08
738.63 140.10
759.57 156.38
791.55 154.09
724.09 171.15
689.20 195.96
690.75 161.07
635.70 157.96
620.19 174.25
584.52 195.96
556.61 195.18
492.25 187.43
342.61 252.56
272.05 237.05
200.71 222.32
125.50 221.55
130.15 195.18
50.29 194.41
25.48 232.40
30.13 184.33
80.53 161.84
204.59 187.43
231.73 195.96
261.19 147.88
257.31 178.90
227.07 111.44
233.28 171.92
132.28 150.57
166.01 178.09
184.23 153.28
174.15 116.84
139.26 110.63
128.41 125.37
121.04 124.59
111.74 126.92
176.48 221.90
297.44 154.44
333.11 147.85
426.54 179.64
469.96 165.30
419.95 160.65
443.21 124.98
440.50 103.66
407.16 93.19
435.07 63.72
289.30 100.94
328.45 82.33
357.92 55.58
332.33 34.65
296.28 28.44
316.44 31.16
350.94 4.80
368.00 23.40
400.57 33.10
411.03 48.22
395.14 10.22
395.91 19.14
427.70 4.41
449.41 35.42
457.17 43.18
466.47 32.32
481.20 58.30
392.81 71.48
364.51 90.86
353.65 76.52
330.01 105.98
294.73 83.88
261.38 110.25
263.71 92.80
269.91 60.24
256.73 57.91
215.25 75.74
219.51 66.44
216.80 50.54
215.25 39.30
213.31 24.57
198.97 23.02
227.27 2.08
276.12 4.80
187.34 12.94
166.79 11.39
130.73 45.50
139.26 73.80
122.20 67.99
98.94 80.01
83.43 81.56
63.66 103.66
67.54 121.49
7.06 132.73
10.55 93.58
41.18 90.86
31.87 72.64
26.83 25.73
20.63 11.77
65.21 9.84
80.33 15.65
97.00 21.47
91.58 7.12
7.06 35.42
86.92 53.64
186.17 77.29
379.05 162.97
389.52 148.24
391.45 185.46
263.13 40.46
497.29 204.46
572.12 175.77
582.97 105.98
578.32 75.74
586.46 64.89
562.04 25.34
525.21 12.16
499.23 21.08
549.24 55.20
664.97 21.69
644.42 32.16
635.89 23.63
601.00 73.64
614.57 39.52
613.41 17.43
635.89 72.87
641.32 60.07
653.73 68.21
683.19 61.62
652.56 87.21
701.41 89.54
714.98 93.80
713.82 116.68
669.23 133.73
675.05 156.99
616.12 95.74
632.79 82.56
646.75 217.47
471.32 114.51
501.56 88.92
508.15 142.04
534.12 117.23
557.00 152.89
494.19 173.83
689.98 105.21
621.74 6.35
186.95 106.76
114.84 88.15
57.85 57.91
41.18 45.50
47.77 17.98
220.68 14.88
441.47 49.77
545.37 183.91
566.30 112.57
916.19 195.76
747.16 179.48
669.23 110.08
592.47 201.97
500.01 74.58
150.89 36.20
156.71 58.30
606.23 410.54
656.63 507.47
750.84 471.02
797.75 491.96
822.57 543.91
146.05 436.36
216.61 432.87
223.58 425.50
195.67 581.35
43.89 491.02
50.87 406.50
271.08 567.78
339.70 594.92
358.69 595.31
388.55 486.37
390.10 565.84
667.30 9.06
777.79 71.09
801.44 64.50
819.27 44.73
573.47 41.24
73.63 475.64
266.47 533.78
44.56 163.61
