150.82 237.26
217.50 262.85
7.18 418.34
2.14 480.76
35.10 473.78
6.02 466.03
21.91 401.67
37.42 412.14
51.77 414.46
38.97 433.07
61.85 440.05
75.03 430.36
101.78 455.95
92.86 486.19
56.42 491.61
75.03 393.53
50.60 391.59
40.52 326.07
85.11 343.13
90.54 374.14
104.88 370.65
118.45 400.12
114.57 388.10
109.14 425.71
94.41 426.09
133.96 435.40
153.73 420.67
175.05 433.46
163.03 478.43
132.79 488.90
195.99 463.70
201.80 452.07
219.25 463.31
225.06 487.35
192.89 418.34
186.29 407.10
223.90 418.34
204.90 398.18
212.27 388.10
186.68 377.25
197.15 372.21
167.69 390.81
126.59 378.02
140.94 370.65
147.53 360.96
144.81 341.58
182.03 353.60
211.11 358.64
230.88 363.68
247.94 338.86
246.39 375.69
249.10 389.26
245.22 406.71
256.08 414.85
271.59 429.58
244.06 491.61
261.51 468.74
250.65 477.66
284.77 438.11
318.88 441.21
347.19 455.56
316.95 488.51
289.81 472.23
311.91 420.67
315.01 392.75
274.69 389.65
282.83 342.35
266.93 331.89
275.08 329.17
253.75 316.77
303.76 347.01
299.89 329.56
320.05 330.33
303.38 314.44
314.62 273.34
336.33 285.75
358.82 298.93
349.51 324.52
332.45 377.63
359.59 382.29
344.08 419.50
249.49 255.12
336.33 249.70
361.34 478.82
374.52 469.13
374.13 454.40
385.37 422.22
383.82 406.32
387.31 380.35
400.49 373.76
400.49 347.01
372.97 331.89
396.62 319.48
418.72 306.69
416.78 334.99
434.61 354.37
431.51 382.29
422.59 391.98
450.12 388.49
440.43 382.67
474.93 444.32
479.97 463.31
471.44 482.70
369.09 362.51
462.91 336.93
473.77 308.62
467.18 371.43
414.45 424.12
449.92 343.13
422.40 365.61
416.58 354.37
407.67 390.04
387.12 452.84
459.03 474.94
341.95 390.43
387.31 144.21
419.88 110.10
52.54 103.09
46.73 58.50
79.68 140.30
29.67 58.89
32.38 25.94
77.35 7.71
108.37 27.10
87.43 43.38
55.45 41.09
122.91 58.15
157.80 82.96
156.25 48.07
211.30 44.96
226.81 61.25
262.48 82.96
290.39 82.18
354.75 74.43
420.46 66.64
377.04 52.30
427.05 47.65
403.79 11.98
467.95 49.97
457.48 35.24
455.55 72.46
349.71 91.46
274.88 62.77
133.18 3.68
177.77 20.73
171.95 43.99
200.25 104.47
375.68 1.51
338.85 29.04
312.88 4.23
290.00 39.89
352.81 60.83
301.63 70.91
99.84 66.48
254.53 88.97
240.77 297.54
190.37 394.47
96.16 358.02
49.25 378.96
24.43 430.91
488.31 482.31
458.45 373.37
456.90 452.84
