269.15 438.88
306.72 456.91
321.75 389.28
197.01 261.53
270.65 219.45
267.65 195.40
375.86 243.50
608.81 284.07
517.13 154.82
469.04 159.33
464.53 130.78
78.28 225.46
40.70 205.92
9.14 204.42
417.94 225.46
416.44 121.76
448.00 90.20
440.48 66.15
458.52 60.14
500.60 81.18
523.15 75.17
514.13 106.73
572.74 138.29
569.74 112.74
580.26 64.65
592.28 58.63
571.24 58.63
575.75 54.13
562.22 54.13
599.79 34.59
13.65 96.21
12.15 37.59
24.17 18.06
21.16 28.58
28.68 27.07
33.19 34.59
42.21 48.11
66.25 54.13
73.77 66.15
88.80 60.14
88.80 48.11
78.28 33.08
88.80 21.06
42.21 12.04
84.29 6.03
102.32 22.56
109.84 37.59
103.83 39.10
117.35 60.14
103.83 69.15
121.86 54.13
132.38 54.13
142.90 42.10
129.38 22.56
132.38 1.52
114.35 0.02
159.43 43.61
169.96 58.63
261.63 123.26
296.20 91.70
321.75 88.69
362.33 96.21
374.35 91.70
163.94 0.02
165.45 37.59
222.56 7.53
213.54 16.55
212.04 1.52
354.82 6.03
347.30 10.54
347.30 0.02
333.78 7.53
344.30 16.55
338.28 22.56
333.78 27.07
315.74 33.08
315.74 42.10
300.71 34.59
299.21 24.07
288.69 27.07
284.18 33.08
275.16 21.06
296.20 7.53
290.19 12.04
242.10 37.59
233.08 22.56
224.06 31.58
204.52 33.08
194.00 24.07
186.49 42.10
204.52 48.11
219.55 58.63
219.55 42.10
230.07 63.14
245.10 75.17
252.62 64.65
276.66 76.67
288.69 60.14
269.15 54.13
350.31 49.62
350.31 34.59
360.83 33.08
365.34 12.04
390.89 27.07
396.90 18.06
389.38 0.02
350.31 60.14
387.88 54.13
414.93 42.10
423.95 33.08
431.47 55.63
443.49 54.13
458.52 37.59
452.51 21.06
432.97 16.55
476.55 7.53
469.04 16.55
467.54 0.02
563.72 3.03
556.21 6.03
533.67 18.06
542.68 22.56
544.19 12.04
502.10 22.56
491.58 21.06
509.62 27.07
524.65 27.07
518.64 39.10
509.62 58.63
563.72 33.08
578.75 13.55
586.27 7.53
592.28 1.52
601.30 0.02
613.32 0.02
318.75 22.56
598.29 27.07
177.12 0.91
183.26 10.12
169.96 17.28
35.35 101.73
57.40 10.33
68.10 7.76
122.36 23.82
277.01 94.34
322.82 31.09
325.06 20.50
313.29 15.57
311.58 3.80
93.79 106.97
372.90 301.33
287.28 267.94
