87.58 528.44
15.44 493.87
203.30 360.11
332.56 372.13
636.15 496.88
673.72 514.91
688.75 447.28
564.01 319.53
637.65 277.45
634.65 253.40
742.86 301.50
975.81 342.07
884.13 212.82
836.04 217.33
831.53 188.78
445.28 283.46
407.70 263.92
376.14 262.42
784.94 283.46
783.44 179.76
815.00 148.20
807.48 124.15
825.52 118.14
867.60 139.18
890.15 133.17
881.13 164.73
939.74 196.29
936.74 170.74
992.34 202.30
984.83 118.14
947.26 122.65
959.28 116.63
938.24 116.63
942.75 112.13
929.22 112.13
966.79 92.59
986.33 92.59
1002.87 97.10
1014.89 127.15
1013.39 178.25
77.06 157.21
116.13 158.72
129.66 178.25
156.71 191.78
167.23 170.74
164.23 133.17
132.67 137.68
98.10 107.62
87.58 122.65
27.46 110.62
18.44 116.63
129.66 95.59
174.75 124.15
180.76 95.59
158.22 82.07
167.23 80.56
177.75 71.55
192.78 85.07
206.31 107.62
230.36 146.69
242.38 85.07
233.36 65.53
209.32 26.46
159.72 53.51
261.92 91.08
269.43 65.53
263.42 80.56
245.39 58.02
279.95 178.25
272.44 170.74
316.02 161.72
332.56 154.21
346.08 134.67
335.56 128.66
362.61 127.15
380.65 154.21
379.15 95.59
359.61 82.07
338.57 107.62
331.05 89.58
308.51 95.59
288.97 68.54
299.49 65.53
287.47 39.98
270.94 53.51
257.41 30.97
245.39 23.45
251.40 11.43
287.47 18.94
337.06 29.46
326.54 41.49
328.05 58.02
371.63 55.01
391.17 76.06
388.16 86.58
395.68 85.07
400.19 92.59
409.21 106.11
433.25 112.13
440.77 124.15
455.80 118.14
455.80 106.11
445.28 91.08
455.80 79.06
409.21 70.04
400.19 50.51
391.17 42.99
404.70 30.97
391.17 29.46
391.17 21.95
379.15 17.44
364.12 20.45
359.61 36.98
371.63 5.42
377.64 6.92
388.16 8.42
397.18 5.42
451.29 64.03
469.32 80.56
476.84 95.59
470.83 97.10
484.35 118.14
470.83 127.15
488.86 112.13
499.38 112.13
509.90 100.10
496.38 80.56
499.38 59.52
481.35 58.02
526.43 101.61
536.96 116.63
628.63 181.26
663.20 149.70
688.75 146.69
729.33 154.21
741.35 149.70
451.29 23.45
485.86 26.46
493.37 26.46
518.92 44.49
530.94 58.02
532.45 95.59
523.43 30.97
508.40 12.93
494.87 12.93
445.28 11.43
454.29 21.95
567.01 44.49
574.53 36.98
532.45 21.95
606.09 15.94
610.60 2.41
633.14 12.93
639.15 17.44
628.63 50.51
603.08 55.01
589.56 65.53
580.54 74.55
579.04 59.52
610.60 41.49
621.12 42.99
660.20 53.51
664.70 42.99
744.36 29.46
738.35 38.48
717.31 33.97
730.83 36.98
681.24 42.99
694.76 42.99
721.82 64.03
714.30 68.54
714.30 58.02
700.78 65.53
711.30 74.55
705.28 80.56
700.78 85.07
682.74 91.08
682.74 100.10
667.71 92.59
666.21 82.07
655.69 85.07
651.18 91.08
642.16 79.06
663.20 65.53
657.19 70.04
609.10 95.59
600.08 80.56
591.06 89.58
571.52 91.08
561.00 82.07
553.49 100.10
571.52 106.11
586.55 116.63
586.55 100.10
597.07 121.14
612.10 133.17
619.62 122.65
643.66 134.67
655.69 118.14
636.15 112.13
717.31 107.62
717.31 92.59
727.83 91.08
732.34 70.04
757.89 85.07
763.90 76.06
775.92 55.01
756.38 58.02
765.40 44.49
751.88 53.51
751.88 42.99
760.89 32.47
768.41 15.94
783.44 18.94
774.42 29.46
784.94 33.97
796.96 36.98
808.99 44.49
822.51 41.49
717.31 118.14
754.88 112.13
781.93 100.10
790.95 91.08
798.47 113.63
810.49 112.13
825.52 95.59
819.51 79.06
799.97 74.55
822.51 53.51
796.96 55.01
843.55 65.53
836.04 74.55
834.54 58.02
842.05 49.00
855.58 49.00
866.10 53.51
866.10 44.49
887.14 49.00
891.65 55.01
909.68 55.01
921.71 53.51
933.73 53.51
930.72 61.03
923.21 64.03
900.67 76.06
909.68 80.56
911.19 70.04
869.10 80.56
858.58 79.06
876.62 85.07
891.65 85.07
885.64 97.10
876.62 116.63
930.72 91.08
945.75 71.55
953.27 65.53
959.28 59.52
968.30 58.02
980.32 58.02
990.84 80.56
1008.88 82.07
15.44 86.58
15.44 65.53
92.09 55.01
183.77 9.93
128.16 20.45
685.75 80.56
965.29 85.07
1004.37 64.03
1022.40 70.04
264.60 683.38
106.80 55.33
102.20 71.70
126.75 63.52
133.40 73.75
127.77 48.17
28.54 48.68
63.33 27.20
101.18 8.79
38.26 78.86
27.01 80.40
193.76 28.74
176.36 23.62
150.28 27.71
151.81 43.57
168.69 8.56
126.75 8.31
133.40 9.33
105.01 37.21
147.21 34.91
165.88 21.86
157.44 25.96
244.90 98.84
209.87 139.25
275.85 111.37
280.71 89.89
280.20 80.68
287.10 53.83
282.50 46.93
259.23 54.60
223.93 24.42
219.07 13.68
195.03 15.47
207.05 17.52
188.38 23.40
323.16 80.40
297.59 3.71
294.01 13.68
301.17 16.49
275.34 6.77
280.71 9.08
263.06 3.71
267.92 10.87
268.18 25.19
326.23 2.68
345.41 3.96
351.55 3.71
355.64 11.12
362.29 10.87
350.78 13.94
408.58 12.14
399.89 19.82
419.32 10.87
416.76 5.50
421.62 3.71
457.17 6.77
471.75 16.24
475.33 10.10
544.12 58.91
550.26 68.12
536.96 75.28
650.26 10.10
610.87 21.86
598.85 24.42
589.90 24.16
577.37 8.05
586.58 3.71
589.65 42.32
590.41 37.21
610.62 29.79
664.32 21.10
650.00 38.74
637.47 39.00
672.51 15.21
662.53 13.42
668.42 3.71
681.20 11.89
687.34 5.50
698.85 26.98
708.31 14.70
722.12 19.82
720.84 27.75
709.85 33.12
702.17 49.23
711.13 50.25
97.33 268.79
137.57 234.54
43.39 163.58
70.36 158.87
63.73 107.29
58.16 79.46
75.72 70.69
51.31 48.42
77.43 48.42
32.69 40.29
52.81 24.45
74.00 5.83
1.44 36.01
9.57 18.46
27.34 15.68
2.51 92.95
130.94 113.07
107.50 23.76
26.06 60.79
102.26 25.04
113.60 40.02
120.67 7.54
157.91 71.76
110.39 81.55
171.61 22.15
175.03 36.28
167.43 30.28
138.54 25.79
148.49 10.81
158.66 6.74
206.93 69.03
212.60 67.96
212.81 57.57
226.83 60.79
226.51 83.37
200.72 82.30
216.34 93.80
233.47 93.59
402.35 159.73
309.78 80.80
339.10 47.94
347.23 50.30
312.34 14.98
323.37 11.02
334.28 6.31
338.67 11.23
344.88 12.30
260.87 35.53
276.06 33.71
281.31 29.21
292.22 33.49
303.57 33.39
304.85 23.76
309.03 39.70
306.03 52.01
297.57 56.50
222.66 13.91
226.83 16.91
228.44 4.06
233.47 8.77
238.82 15.73
248.88 12.41
242.56 4.60
252.73 1.07
286.12 2.67
213.88 1.49
199.43 57.41
315.88 64.26
333.64 69.19
328.83 27.29
240.96 57.25
339.42 22.79
368.10 30.71
376.13 41.74
424.40 68.33
435.10 65.76
434.24 47.14
462.28 38.04
461.32 23.81
480.26 35.80
330.86 76.04
492.79 37.72
489.36 81.82
480.48 45.21
644.01 152.34
523.18 8.67
518.04 5.99
513.66 7.06
541.37 18.08
554.22 21.40
571.34 15.73
581.62 19.90
557.86 45.16
553.47 40.02
642.62 26.54
646.36 22.79
649.47 19.90
630.63 37.45
627.42 22.47
617.79 15.41
595.42 16.80
586.11 48.91
642.30 49.55
689.82 89.09
692.06 78.50
680.29 73.57
671.41 55.27
678.58 61.80
739.26 21.24
730.06 13.11
737.12 8.61
747.18 16.32
755.96 12.68
696.24 19.47
697.52 13.59
686.71 19.15
682.11 26.97
676.01 26.97
460.79 164.97
739.90 359.33
654.28 325.94
