338.58 264.23
367.80 138.78
355.77 25.93
356.34 37.38
344.31 44.83
343.17 36.24
350.61 52.28
351.76 57.43
358.63 63.16
367.80 55.71
341.45 57.43
331.14 75.76
351.19 78.63
348.32 91.80
346.60 114.14
348.32 99.25
344.89 134.19
334.57 117.01
315.67 124.46
319.68 110.71
309.37 110.13
332.28 99.82
300.20 121.59
284.74 126.75
303.64 198.92
295.62 222.98
261.25 212.10
217.71 224.13
232.61 190.90
202.82 197.21
255.52 114.14
225.16 122.16
236.05 128.47
240.63 117.58
236.05 103.83
266.98 105.55
265.26 98.10
253.80 93.52
244.07 88.37
279.01 83.78
270.99 76.34
269.27 68.89
295.62 76.34
319.11 75.19
309.37 68.89
327.13 55.14
317.96 51.13
317.96 40.82
312.23 37.38
320.83 30.51
316.82 24.78
338.01 29.36
338.01 21.34
342.02 13.32
348.90 15.62
356.34 11.03
335.72 5.30
325.41 15.62
317.96 6.45
311.09 18.48
306.50 13.90
311.09 0.72
310.51 56.86
262.97 66.60
256.10 58.58
275.00 50.56
269.27 40.25
261.82 32.80
275.00 27.07
252.66 44.83
201.10 139.35
208.55 129.04
210.84 119.87
202.82 113.00
204.54 98.10
217.14 97.53
221.15 82.07
200.53 85.50
213.13 76.34
221.15 71.18
217.14 60.30
238.34 75.76
249.79 72.33
234.33 59.72
231.46 51.70
231.46 39.68
234.90 28.79
231.46 19.63
253.80 25.35
260.68 18.48
262.97 10.46
257.81 8.17
284.16 12.75
274.43 8.17
254.95 1.30
240.06 11.61
217.71 8.17
210.27 22.49
211.99 13.90
210.27 5.30
194.80 3.01
192.51 16.19
186.78 11.61
178.19 2.44
218.86 27.65
214.85 43.69
207.40 39.10
219.43 34.52
206.83 62.02
194.80 53.42
184.49 59.15
188.50 64.31
194.80 71.75
189.07 75.76
188.50 91.23
178.19 107.84
183.92 121.02
169.02 146.80
161.00 161.69
131.79 174.87
190.22 181.74
187.93 25.35
183.34 28.22
178.76 33.37
184.49 43.11
167.30 11.03
165.01 1.87
151.84 7.60
150.69 18.48
153.56 25.35
158.14 25.35
150.69 30.51
159.86 32.23
163.30 39.68
136.37 35.67
137.52 28.22
144.96 49.41
139.24 54.57
139.24 45.98
144.96 63.73
136.37 62.59
163.30 50.56
162.15 59.72
170.17 67.17
164.44 77.48
171.89 86.08
152.98 70.04
144.96 83.78
147.83 94.67
151.84 112.43
146.68 131.33
128.92 119.87
126.63 106.70
111.74 96.39
117.47 83.78
110.02 83.21
120.33 71.18
114.03 64.31
120.33 57.43
118.04 41.39
112.31 39.68
109.45 26.50
113.46 13.90
98.56 32.23
85.39 27.65
86.53 57.43
67.06 44.83
75.65 37.38
59.61 80.92
52.16 80.92
45.86 70.61
39.56 86.65
83.10 75.76
84.82 83.78
89.40 95.24
96.27 108.99
99.14 123.31
117.47 134.19
127.21 159.40
93.98 154.82
87.68 140.50
66.49 141.07
55.60 174.29
26.39 123.88
52.16 127.32
66.49 122.16
59.61 110.13
38.99 108.99
21.23 96.96
12.64 99.25
16.65 118.15
2.90 115.29
27.53 0.72
13.78 4.73
2.33 16.19
11.49 20.20
2.33 27.65
9.77 67.74
12.64 86.65
3.47 86.08
21.23 56.86
24.10 50.56
16.65 44.26
21.80 34.52
30.40 32.23
30.97 16.19
44.14 23.64
39.56 29.36
41.85 40.82
44.72 35.09
51.59 32.23
36.70 49.41
44.72 62.02
37.84 55.71
284.74 100.97
25.24 79.77
158.71 173.72
164.44 205.23
249.79 58.58
126.63 10.46
131.79 3.59
109.45 3.01
15.59 12.25
18.44 17.95
11.47 118.97
137.83 81.54
