290.42 264.23
273.23 25.93
272.66 37.38
284.69 44.83
285.83 36.24
278.39 52.28
277.24 57.43
270.37 63.16
287.55 57.43
297.86 75.76
277.81 78.63
280.68 91.80
282.40 114.14
280.68 99.25
284.11 134.19
294.43 117.01
313.33 124.46
309.32 110.71
319.63 110.13
296.72 99.82
328.80 121.59
344.26 126.75
325.36 198.92
333.38 222.98
367.75 212.10
411.29 224.13
396.39 190.90
426.18 197.21
373.48 114.14
403.84 122.16
392.95 128.47
388.37 117.58
392.95 103.83
362.02 105.55
363.74 98.10
375.20 93.52
384.93 88.37
349.99 83.78
358.01 76.34
359.73 68.89
333.38 76.34
309.89 75.19
319.63 68.89
301.87 55.14
311.04 51.13
311.04 40.82
316.77 37.38
308.17 30.51
312.18 24.78
290.99 29.36
290.99 21.34
286.98 13.32
280.10 15.62
272.66 11.03
293.28 5.30
303.59 15.62
311.04 6.45
317.91 18.48
322.50 13.90
317.91 0.72
318.49 56.86
366.03 66.60
372.90 58.58
354.00 50.56
359.73 40.25
367.18 32.80
354.00 27.07
376.34 44.83
427.90 139.35
420.45 129.04
418.16 119.87
426.18 113.00
424.46 98.10
411.86 97.53
407.85 82.07
428.47 85.50
415.87 76.34
407.85 71.18
411.86 60.30
390.66 75.76
379.21 72.33
394.67 59.72
397.54 51.70
397.54 39.68
394.10 28.79
397.54 19.63
375.20 25.35
368.32 18.48
366.03 10.46
371.19 8.17
344.84 12.75
354.57 8.17
374.05 1.30
388.94 11.61
411.29 8.17
418.73 22.49
417.01 13.90
418.73 5.30
434.20 3.01
436.49 16.19
442.22 11.61
450.81 2.44
410.14 27.65
414.15 43.69
421.60 39.10
409.57 34.52
422.17 62.02
434.20 53.42
444.51 59.15
440.50 64.31
434.20 71.75
439.93 75.76
440.50 91.23
450.81 107.84
445.08 121.02
459.98 146.80
468.00 161.69
497.21 174.87
438.78 181.74
441.07 25.35
445.66 28.22
450.24 33.37
444.51 43.11
461.70 11.03
463.99 1.87
477.16 7.60
478.31 18.48
475.44 25.35
470.86 25.35
478.31 30.51
469.14 32.23
465.70 39.68
492.63 35.67
491.48 28.22
484.04 49.41
489.76 54.57
489.76 45.98
484.04 63.73
492.63 62.59
465.70 50.56
466.85 59.72
458.83 67.17
464.56 77.48
457.11 86.08
476.02 70.04
484.04 83.78
481.17 94.67
477.16 112.43
482.32 131.33
500.08 119.87
502.37 106.70
517.26 96.39
511.53 83.78
518.98 83.21
508.67 71.18
514.97 64.31
508.67 57.43
510.96 41.39
516.69 39.68
519.55 26.50
515.54 13.90
530.44 32.23
543.61 27.65
542.47 57.43
561.94 44.83
553.35 37.38
569.39 80.92
576.84 80.92
583.14 70.61
589.44 86.65
545.90 75.76
544.18 83.78
539.60 95.24
532.73 108.99
529.86 123.31
511.53 134.19
501.79 159.40
535.02 154.82
541.32 140.50
562.51 141.07
573.40 174.29
602.61 123.88
576.84 127.32
562.51 122.16
569.39 110.13
590.01 108.99
607.77 96.96
616.36 99.25
612.35 118.15
626.10 115.29
601.47 0.72
615.22 4.73
626.67 16.19
617.51 20.20
626.67 27.65
630.11 48.84
619.23 67.74
616.36 86.65
625.53 86.08
607.77 56.86
604.90 50.56
612.35 44.26
607.20 34.52
598.60 32.23
598.03 16.19
584.86 23.64
589.44 29.36
587.15 40.82
584.28 35.09
577.41 32.23
592.30 49.41
584.28 62.02
591.16 55.71
344.26 100.97
603.76 79.77
470.29 173.72
464.56 205.23
379.21 58.58
502.37 10.46
497.21 3.59
519.55 3.01
613.41 12.25
610.56 17.95
617.53 118.97
491.17 81.54
