587.45 209.30
166.42 354.23
89.08 377.14
64.45 377.14
63.88 353.08
120.59 314.70
45.55 252.26
47.27 239.09
99.97 231.64
88.51 233.36
54.14 215.60
78.20 219.04
67.89 199.56
42.11 190.40
42.11 173.21
47.27 173.78
57.58 171.49
63.88 158.32
46.12 141.13
54.14 131.97
62.16 121.66
55.86 116.50
65.02 106.76
52.99 101.03
61.01 107.91
63.88 95.30
50.70 86.14
42.11 86.71
46.69 93.01
39.82 124.52
80.49 113.06
89.66 113.06
97.10 111.34
137.20 228.78
132.62 211.59
117.15 203.57
106.27 204.14
93.09 209.30
89.08 184.67
87.94 171.49
74.19 167.48
82.78 152.59
73.62 134.83
91.37 142.85
96.53 137.12
95.38 127.96
91.95 122.23
97.68 173.21
95.38 157.74
118.87 191.54
133.76 197.27
133.19 188.68
128.04 178.94
119.44 169.77
125.17 161.18
116.01 152.02
122.88 136.55
128.04 136.55
124.03 124.52
118.87 125.09
118.30 117.65
129.75 115.35
122.88 104.47
112.57 109.63
114.29 102.18
109.13 99.89
105.70 89.58
120.59 92.44
125.74 90.72
132.05 82.70
128.61 98.17
133.19 110.20
149.23 115.93
148.66 127.38
160.69 134.83
161.83 126.24
154.39 142.28
153.24 147.43
146.37 153.16
137.20 145.71
163.55 147.43
173.86 165.76
153.81 168.63
156.68 181.80
158.40 204.14
156.68 189.25
160.11 224.19
170.43 207.01
189.33 214.46
185.32 200.71
195.63 200.13
172.72 189.82
204.80 211.59
220.26 216.75
201.36 288.92
209.38 312.98
243.75 302.10
287.29 314.13
272.39 280.90
302.18 287.21
249.48 204.14
279.84 212.16
268.95 218.47
264.37 207.58
268.95 193.83
238.02 195.55
239.74 188.10
251.20 183.52
260.93 178.37
225.99 173.78
234.01 166.34
235.73 158.89
209.38 166.34
185.89 165.19
195.63 158.89
177.87 145.14
187.04 141.13
187.04 130.82
192.77 127.38
184.17 120.51
188.18 114.78
166.99 119.36
166.99 111.34
162.98 103.32
156.10 105.62
148.66 101.03
153.81 87.86
169.28 95.30
179.59 105.62
187.04 96.45
193.91 108.48
198.50 103.90
193.91 90.72
194.49 146.86
242.03 156.60
248.90 148.58
230.00 140.56
235.73 130.25
243.18 122.80
230.00 117.07
252.34 134.83
303.90 229.35
296.45 219.04
294.16 209.87
302.18 203.00
300.46 188.10
287.86 187.53
283.85 172.07
304.47 175.50
291.87 166.34
283.85 161.18
287.86 150.30
266.66 165.76
255.21 162.33
270.67 149.72
273.54 141.70
273.54 129.68
270.10 118.79
273.54 109.63
251.20 115.35
244.32 108.48
242.03 100.46
247.19 98.17
220.84 102.75
230.57 98.17
237.45 88.43
224.27 83.85
247.19 84.42
250.05 91.30
259.22 84.42
271.25 84.42
280.41 81.56
279.27 85.57
264.94 101.61
290.72 84.99
287.29 98.17
294.73 112.49
293.01 103.90
294.73 95.30
310.20 93.01
313.64 85.57
312.49 106.19
318.22 101.61
326.81 92.44
326.24 84.99
286.14 117.65
290.15 133.69
297.60 129.10
285.57 124.52
298.17 152.02
310.20 143.42
320.51 149.15
316.50 154.31
310.20 161.75
315.93 165.76
316.50 181.23
326.81 197.84
321.08 211.02
335.98 236.80
344.00 251.69
373.21 264.87
314.78 271.74
317.07 115.35
321.66 118.22
326.24 123.37
320.51 133.11
337.70 101.03
339.99 91.87
344.00 84.99
362.90 83.85
358.32 89.00
353.16 97.60
354.31 108.48
351.44 115.35
346.86 115.35
354.31 120.51
345.14 122.23
341.70 129.68
368.63 125.67
367.48 118.22
360.04 139.41
365.76 144.57
365.76 135.98
360.04 153.73
368.63 152.59
341.70 140.56
342.85 149.72
334.83 157.17
340.56 167.48
333.11 176.08
352.02 160.04
360.04 173.78
357.17 184.67
353.16 202.43
358.32 221.33
376.08 209.87
378.37 196.70
393.26 186.39
387.53 173.78
394.98 173.21
384.67 161.18
390.97 154.31
384.67 147.43
386.96 131.39
392.69 129.68
395.55 116.50
391.54 103.90
406.44 122.23
419.61 117.65
418.47 147.43
437.94 134.83
429.35 127.38
445.39 170.92
452.84 170.92
459.14 160.61
465.44 176.65
421.90 165.76
420.18 173.78
415.60 185.24
408.73 198.99
405.86 213.31
387.53 224.19
377.79 249.40
411.02 244.82
417.32 230.50
438.51 231.07
449.40 264.29
478.61 213.88
452.84 217.32
438.51 212.16
445.39 200.13
466.01 198.99
483.77 186.96
492.36 189.25
488.35 208.15
502.10 205.29
530.74 214.46
538.19 203.00
550.22 194.98
562.25 196.70
567.98 209.30
629.27 206.44
619.53 253.41
614.95 203.57
625.26 185.24
629.84 170.35
621.82 173.78
627.55 161.18
629.27 148.58
629.84 118.22
622.97 119.94
628.12 110.20
621.82 93.59
597.19 93.59
613.80 99.89
608.08 114.21
613.23 124.52
585.73 98.17
574.85 96.45
567.98 101.03
561.68 96.45
565.69 90.72
570.27 81.56
576.00 84.42
557.09 86.71
547.35 86.14
551.36 80.98
542.77 80.41
526.73 82.13
519.86 80.98
522.72 84.99
514.70 89.00
502.67 81.56
491.79 85.57
483.77 78.12
485.49 86.71
468.88 86.71
477.47 90.72
491.22 94.73
511.27 99.31
531.31 96.45
537.04 105.62
553.66 106.19
551.94 97.02
562.82 116.50
575.42 107.91
584.02 114.21
594.90 138.84
603.49 158.89
596.05 177.22
584.02 159.46
576.57 151.44
570.84 128.53
559.96 138.27
561.10 153.73
565.11 165.19
559.38 172.07
547.93 183.52
532.46 188.68
523.87 185.24
512.41 205.86
515.28 164.62
526.73 165.76
537.04 149.15
546.21 130.82
543.34 118.22
534.75 133.11
520.43 109.05
502.67 106.19
493.51 110.20
502.67 117.65
513.56 111.34
511.84 128.53
506.11 138.84
510.69 150.30
495.23 157.74
492.36 176.65
501.53 176.08
483.77 146.86
480.90 140.56
488.35 134.26
483.20 124.52
474.60 122.23
474.03 106.19
460.86 113.64
465.44 119.36
463.15 130.82
460.28 125.09
453.41 122.23
468.30 139.41
460.28 152.02
467.16 145.71
220.26 190.97
737.54 447.60
218.54 87.29
205.37 86.71
202.50 80.41
212.82 80.41
330.82 79.27
346.29 79.27
613.23 140.56
516.99 138.84
479.76 169.77
346.29 263.72
726.65 310.12
340.56 295.23
724.93 441.87
255.21 148.58
378.37 100.46
373.21 93.59
391.54 82.70
398.99 82.13
395.55 93.01
397.27 89.58
604.07 101.61
572.06 69.31
580.30 74.70
587.58 79.76
594.55 73.43
591.38 65.83
566.68 35.11
602.15 13.58
545.15 37.96
540.40 59.18
549.90 63.30
560.35 73.11
551.80 72.16
538.50 72.16
532.79 78.50
531.53 72.16
519.49 74.06
519.49 66.15
513.79 64.88
512.21 72.80
500.49 73.11
494.48 70.26
489.41 62.35
486.24 56.01
485.93 39.86
504.61 39.23
463.44 37.33
470.72 44.61
475.48 51.90
478.96 68.36
467.56 74.38
468.51 63.30
489.41 102.25
486.56 107.95
399.47 63.61
390.29 40.18
367.17 33.53
335.50 36.06
340.25 53.48
357.99 64.88
355.14 69.31
347.22 71.53
367.17 72.16
368.12 78.81
361.79 78.81
334.87 75.65
337.40 66.15
341.52 66.15
347.53 65.51
321.25 61.08
312.70 58.55
321.57 65.51
321.88 72.48
315.87 72.16
315.55 77.23
302.25 79.76
296.87 73.11
291.80 65.83
284.20 71.85
289.27 75.65
279.45 68.68
273.43 66.46
270.90 73.11
267.10 76.91
262.98 73.75
256.01 73.75
259.81 65.20
248.10 75.96
241.13 67.41
237.65 73.43
228.78 67.10
220.86 72.80
248.41 40.50
252.21 37.65
254.43 34.80
258.55 42.40
255.38 47.78
282.93 38.91
290.53 44.30
299.40 37.96
319.98 37.65
278.81 63.61
283.25 59.81
252.21 60.13
164.18 83.88
162.91 75.65
152.14 75.33
153.41 66.46
162.91 67.41
168.29 67.73
178.11 63.30
174.94 56.96
169.24 57.91
493.53 208.97
31.64 67.73
29.11 74.38
20.24 69.00
13.91 73.43
4.73 71.85
6.63 62.66
6.31 50.00
4.73 100.67
6.31 125.37
10.11 110.48
33.54 112.07
34.49 159.89
27.53 179.20
31.64 187.44
27.84 202.95
8.21 210.55
10.43 227.02
1.88 193.45
2.51 180.47
17.71 193.14
31.49 413.01
13.12 257.20
35.92 236.30
29.58 230.60
10.58 145.10
367.17 171.54
