1.11 109.29
4.10 104.92
8.48 109.76
2.26 116.43
10.09 129.31
19.52 131.62
9.40 104.92
12.39 122.18
4.68 195.24
12.50 221.93
29.07 246.79
65.89 253.69
53.00 214.11
47.94 192.94
13.42 173.61
5.14 143.70
22.63 157.50
24.47 132.65
32.29 128.05
22.63 125.75
32.29 117.46
38.74 111.48
39.20 124.83
52.54 132.19
47.94 140.01
26.31 145.08
34.59 150.14
52.08 152.44
62.67 145.08
62.67 153.36
51.62 171.77
60.37 187.42
63.59 167.63
79.70 170.39
85.22 199.38
87.98 234.82
71.41 228.38
126.64 250.93
119.28 284.07
92.58 276.70
117.90 233.44
139.53 228.38
130.78 203.53
111.45 196.16
99.03 203.07
92.58 184.66
120.66 188.80
70.95 146.46
78.78 148.76
73.25 138.63
76.01 134.03
82.92 127.59
79.24 124.37
57.61 127.13
52.54 119.30
43.80 119.77
23.09 111.94
24.81 100.32
19.52 101.70
17.68 95.95
17.45 107.22
14.46 99.63
33.33 103.08
28.73 100.78
40.69 98.25
45.29 106.30
49.90 111.60
46.22 114.82
54.04 114.13
60.48 114.36
61.17 108.83
57.95 108.83
39.31 132.08
70.15 113.67
75.67 111.37
64.39 122.18
28.96 108.14
25.04 106.76
83.03 118.96
75.67 116.43
74.06 120.11
70.61 127.24
66.93 138.75
87.64 153.02
97.30 137.60
94.08 147.49
89.71 126.55
92.01 116.89
95.69 119.19
103.74 119.19
100.06 123.33
101.90 130.24
112.49 124.71
109.04 124.02
108.35 135.76
107.43 141.05
108.58 146.57
99.60 143.12
104.20 152.56
108.35 161.99
114.33 165.90
79.58 115.74
65.31 114.36
56.80 122.18
60.71 120.57
183.02 300.40
174.73 273.71
160.01 247.02
164.61 223.09
147.12 209.28
108.23 186.50
128.48 177.75
130.32 167.17
122.04 163.95
116.97 154.28
125.72 136.33
145.05 174.07
159.32 176.83
170.36 204.91
176.80 208.13
184.63 214.57
201.20 225.62
214.54 224.24
226.05 204.91
186.47 186.50
179.57 190.18
176.80 182.36
164.84 168.09
153.79 164.41
138.49 151.18
138.26 158.31
134.81 145.19
138.26 135.07
141.48 138.06
141.25 131.39
127.68 130.24
121.69 126.09
112.49 130.70
115.71 135.76
116.17 127.70
118.93 130.70
122.61 130.70
96.84 129.08
178.53 168.43
167.48 158.77
166.56 150.25
162.19 143.81
158.51 138.29
161.96 137.60
148.85 137.60
147.23 133.00
145.39 146.11
153.22 148.64
153.91 140.82
184.74 155.09
175.54 146.11
174.39 152.33
170.71 144.50
150.00 155.78
133.20 153.94
232.72 290.28
241.01 263.59
239.16 241.49
255.73 287.52
275.98 278.31
246.53 222.17
198.32 151.41
205.45 147.49
194.64 144.96
193.26 148.87
190.04 152.33
194.18 159.92
197.17 156.01
204.07 157.16
191.88 165.90
187.73 170.04
193.95 171.20
203.38 175.34
218.11 173.96
211.21 171.66
216.27 158.77
223.40 154.86
221.79 161.99
224.55 167.28
206.37 186.61
206.83 195.36
198.78 187.53
178.76 149.79
232.61 165.21
236.98 165.21
230.54 187.07
218.57 187.76
223.40 195.36
234.45 197.43
239.28 186.61
238.59 181.32
245.95 182.47
252.86 178.79
254.24 188.91
248.48 198.81
242.73 204.33
254.70 207.32
246.87 163.14
250.79 163.60
245.72 172.12
253.09 169.12
167.94 180.40
234.91 173.96
197.40 177.18
263.44 161.99
268.96 191.45
271.04 180.86
279.55 171.66
281.85 166.13
287.83 168.89
292.67 170.50
288.29 176.95
283.92 179.02
277.48 180.17
271.04 167.74
268.27 166.13
254.70 172.12
250.09 170.73
281.85 189.83
287.37 196.51
266.43 207.55
303.02 190.98
300.72 195.82
303.02 179.71
302.56 174.42
307.62 178.56
311.30 182.47
317.98 176.03
326.03 181.32
321.89 176.95
321.66 182.24
295.89 171.20
282.77 174.88
299.80 203.64
298.19 213.54
291.52 212.85
283.00 203.87
289.21 224.81
277.48 230.56
280.93 209.16
310.61 220.21
315.45 194.21
312.00 191.45
321.43 187.30
332.48 186.84
333.17 182.01
337.54 195.82
320.74 199.50
312.46 208.01
313.61 203.64
323.27 223.20
338.46 209.62
337.31 204.33
348.58 195.82
350.42 189.37
354.57 185.23
337.54 181.78
358.02 187.76
299.34 233.10
339.38 220.44
351.34 213.54
355.95 212.39
345.82 205.94
350.88 226.88
358.48 231.25
361.24 223.66
362.85 212.39
373.44 218.37
377.35 213.54
376.43 198.12
380.57 194.21
344.44 186.61
340.76 185.69
380.34 233.33
372.51 234.48
384.25 224.58
390.46 200.65
384.48 196.28
368.83 192.60
287.26 242.14
309.81 239.84
328.68 243.06
319.01 239.84
322.24 259.17
315.79 279.42
287.26 268.37
273.45 240.30
348.01 264.69
340.64 280.80
348.93 300.13
353.53 313.94
374.24 280.34
359.97 256.87
365.50 250.43
371.02 244.90
348.93 245.36
341.10 253.65
394.49 261.47
400.01 293.69
400.93 277.58
407.38 257.79
423.02 259.17
424.40 246.28
400.47 240.30
403.23 228.34
394.49 231.10
417.96 293.69
412.90 218.67
401.05 203.37
407.95 203.14
418.77 205.90
428.66 209.81
441.09 211.19
447.76 214.87
459.04 218.79
430.04 207.97
421.30 205.21
393.22 197.85
389.08 196.92
411.63 203.37
424.29 222.70
435.80 252.38
440.86 238.58
448.22 240.19
448.22 250.08
456.97 253.53
462.95 252.61
461.80 241.11
472.61 241.80
468.93 257.67
444.54 227.76
433.95 285.66
468.47 273.01
482.74 271.17
482.28 258.28
484.12 246.31
488.72 238.72
481.36 221.46
509.43 231.59
504.14 257.13
496.32 250.69
491.94 255.52
497.01 260.81
490.10 263.57
501.84 273.93
497.70 299.47
479.75 309.82
469.85 315.12
495.85 270.71
458.00 303.35
279.43 313.48
299.34 174.14
84.85 431.59
162.40 437.26
219.78 363.49
268.33 367.27
282.84 339.53
304.28 390.60
337.69 458.07
361.65 509.14
363.55 399.43
344.00 369.16
320.67 354.03
354.09 331.96
379.94 340.16
398.23 326.29
420.93 322.50
419.66 360.96
389.40 364.75
516.77 234.22
525.60 239.90
526.23 249.99
536.95 239.90
530.64 241.79
518.03 261.34
504.79 250.62
529.38 259.44
531.90 254.40
524.97 258.81
520.55 272.06
511.72 269.53
504.79 265.75
539.47 247.46
519.76 291.76
536.32 347.09
521.18 321.87
495.96 326.28
447.41 313.04
446.78 321.87
445.52 339.52
463.80 362.85
495.96 372.94
524.97 413.30
543.88 377.36
485.24 439.15
530.01 459.96
431.96 520.80
489.97 544.76
