1020.80 275.62
1007.46 274.24
995.95 254.91
989.28 340.28
980.99 313.59
982.84 291.49
966.27 337.52
946.02 328.31
975.47 272.17
1023.68 201.41
1016.55 197.49
1017.93 207.16
1018.62 225.34
1003.89 223.96
1010.79 221.66
1005.73 208.77
998.60 204.86
1000.21 211.99
997.45 217.28
1015.63 236.61
1015.17 245.36
1023.22 237.53
989.39 215.21
985.02 215.21
991.46 237.07
1003.43 237.76
998.60 245.36
987.55 247.43
982.72 236.61
983.41 231.32
976.05 232.47
969.14 228.79
967.76 238.91
973.52 248.81
979.27 254.33
967.30 257.32
975.13 213.14
971.21 213.60
976.28 222.12
968.91 219.12
987.09 223.96
958.56 211.99
953.04 241.45
950.96 230.86
942.45 221.66
940.15 216.13
934.17 218.89
929.33 220.50
933.71 226.95
938.08 229.02
944.52 230.17
950.96 217.74
953.73 216.13
967.30 222.12
971.91 220.73
940.15 239.83
934.63 246.51
955.57 257.55
918.98 240.98
921.28 245.82
918.98 229.71
919.44 224.42
914.38 228.56
910.70 232.47
904.02 226.03
895.97 231.32
900.11 226.95
900.34 232.24
926.11 221.20
939.23 224.88
922.20 253.64
923.81 263.54
930.48 262.85
939.00 253.87
932.79 274.81
944.52 280.56
941.07 259.16
911.39 270.21
906.55 244.21
910.00 241.45
900.57 237.30
889.52 236.84
888.83 232.01
884.46 245.82
901.26 249.50
909.54 258.01
908.39 253.64
898.73 273.20
883.54 259.62
884.69 254.33
873.42 245.82
871.58 239.37
867.43 235.23
884.46 231.78
863.98 237.76
922.66 283.10
882.62 270.44
870.66 263.54
866.05 262.39
876.18 255.94
871.12 276.88
863.52 281.25
860.76 273.66
859.15 262.39
848.56 268.37
844.65 263.54
845.57 248.12
841.43 244.21
877.56 236.61
881.24 235.69
841.66 283.33
849.49 284.48
837.75 274.58
831.54 250.65
837.52 246.28
853.17 242.60
934.74 292.14
912.19 289.84
893.32 293.06
902.99 289.84
899.76 309.17
906.21 329.42
934.74 318.37
948.55 290.30
873.99 314.69
881.36 330.80
873.07 350.13
868.47 363.94
847.76 330.34
862.03 306.87
856.50 300.43
850.98 294.90
873.07 295.36
880.90 303.65
827.51 311.47
821.99 343.69
821.07 327.58
814.62 307.79
798.98 309.17
797.60 296.28
821.53 290.30
818.77 278.34
827.51 281.10
804.04 343.69
809.10 268.67
820.95 253.37
814.05 253.14
803.23 255.90
793.34 259.81
780.91 261.19
774.24 264.87
762.96 268.79
791.96 257.97
800.70 255.21
828.78 247.85
832.92 246.92
810.37 253.37
797.71 272.70
786.20 302.38
781.14 288.58
773.78 290.19
773.78 300.08
765.03 303.53
759.05 302.61
760.20 291.11
749.39 291.80
753.07 307.67
777.46 277.76
788.05 335.66
753.53 323.01
739.26 321.17
739.72 308.28
737.88 296.31
733.28 288.72
740.64 271.46
712.57 281.59
717.86 307.13
725.68 300.69
730.06 305.52
724.99 310.81
731.90 313.57
720.16 323.93
724.30 349.47
742.25 359.82
752.15 365.12
726.15 320.71
764.00 353.35
942.57 363.48
922.66 224.14
1002.22 413.49
953.67 417.27
939.16 389.53
917.72 440.60
884.31 508.07
858.45 449.43
878.00 419.16
901.33 404.03
867.91 381.96
842.06 390.16
823.77 376.29
801.07 372.50
802.34 410.96
832.60 414.75
705.23 284.22
696.40 289.90
695.77 299.99
685.05 289.90
691.36 291.79
703.97 311.34
717.21 300.62
692.62 309.44
690.10 304.40
697.03 308.81
701.45 322.06
710.28 319.53
717.21 315.75
661.72 293.05
682.53 297.46
664.72 297.62
668.50 298.25
660.31 314.02
665.98 323.16
671.02 312.44
672.29 334.19
702.24 341.76
667.87 345.54
666.30 366.04
667.87 358.47
656.52 354.37
647.06 340.18
645.49 326.94
651.48 322.84
634.77 311.49
627.83 307.08
637.29 302.04
617.43 305.19
626.89 301.09
630.35 324.10
625.31 324.10
626.26 336.40
634.45 347.75
619.01 322.53
607.97 308.66
610.49 304.24
610.81 332.93
596.94 325.05
610.18 315.91
597.88 332.93
603.56 334.19
619.32 329.46
621.53 344.91
605.13 354.37
590.32 308.66
591.58 313.07
586.85 311.49
583.06 315.28
579.60 318.75
575.81 318.75
575.18 313.07
577.07 313.07
581.49 311.49
602.61 308.66
627.20 378.96
617.11 372.66
585.59 371.71
579.91 337.98
563.83 336.72
561.31 329.78
557.53 335.14
571.71 332.93
557.21 320.32
554.06 322.84
561.31 318.75
569.51 314.33
548.70 321.90
566.35 315.28
564.78 314.65
543.34 340.18
584.40 310.94
565.96 329.07
540.11 332.70
525.45 336.01
525.76 328.75
528.76 327.49
511.73 334.90
518.99 330.17
498.34 335.38
509.05 350.35
522.30 355.08
530.49 337.27
534.91 325.92
537.74 324.66
544.05 323.40
542.47 322.61
560.84 363.04
581.65 356.10
685.68 397.09
700.82 371.87
726.04 376.28
774.59 363.04
775.22 371.87
776.48 389.52
758.20 412.85
726.04 422.94
697.03 463.30
678.12 427.36
657.94 424.83
736.76 489.15
691.99 509.96
629.57 500.50
625.15 472.12
594.89 469.60
614.43 436.81
623.89 455.73
646.59 412.85
643.44 393.31
628.31 390.78
602.45 404.03
607.50 416.01
569.03 399.61
565.88 409.70
565.88 429.25
541.92 395.20
555.79 380.70
543.18 366.19
527.42 365.56
529.31 380.70
521.11 374.39
523.64 405.29
523.01 427.99
534.35 441.23
554.53 463.93
501.57 417.27
511.02 408.44
504.09 377.54
514.18 368.72
484.54 366.19
481.15 338.84
477.84 338.21
479.58 352.40
486.04 356.03
486.04 347.20
483.99 338.84
484.31 386.76
485.57 374.78
482.18 391.57
477.76 403.24
490.37 401.35
617.27 545.58
555.48 543.06
477.29 539.28
487.06 424.84
