1021.79 171.92
1017.66 172.28
1014.06 173.00
1015.32 182.17
1004.53 186.30
1017.12 178.57
999.14 195.65
982.24 192.24
983.68 185.05
989.61 190.26
995.72 190.26
1007.77 195.65
1019.28 194.75
1016.04 209.50
994.29 220.10
990.33 217.41
968.04 201.41
977.93 188.64
963.19 206.80
961.39 218.66
973.61 219.74
975.77 208.24
971.81 200.69
976.13 197.81
998.96 228.73
995.19 236.64
952.40 203.92
1007.57 180.85
991.92 197.42
1001.13 247.12
966.15 251.72
957.87 234.23
998.71 184.64
958.44 202.36
970.18 188.79
976.39 192.70
957.98 194.77
950.16 195.23
951.77 199.60
943.72 206.74
944.87 200.06
943.95 195.92
962.59 195.46
964.66 194.31
938.19 217.09
938.65 209.27
934.28 204.89
929.45 208.12
926.69 211.34
916.10 212.49
911.27 221.46
908.97 216.17
902.30 213.41
929.22 220.31
935.43 231.82
936.81 238.72
949.47 237.57
968.34 223.07
928.30 248.85
915.18 225.83
918.86 218.47
917.71 233.20
924.62 235.04
911.27 245.62
906.21 238.03
897.00 220.31
892.40 218.93
888.49 216.63
893.09 230.21
888.03 232.74
883.89 226.29
880.90 221.92
876.52 226.76
882.74 233.43
886.88 236.65
889.41 248.85
901.15 248.62
938.65 247.47
874.91 246.31
865.48 248.62
875.60 221.92
872.61 239.18
962.82 192.47
922.78 244.70
985.48 302.35
945.90 274.73
937.62 260.01
994.46 345.84
939.23 312.24
954.42 331.57
931.40 331.57
903.79 370.69
901.49 340.78
901.03 304.42
880.32 312.24
872.50 338.93
855.93 363.79
819.11 370.69
832.00 331.11
837.06 309.94
871.58 290.61
901.49 277.73
915.30 262.08
879.86 260.70
862.37 274.50
860.53 249.65
852.71 245.05
862.37 242.75
852.71 234.46
846.26 228.48
845.80 241.83
832.46 249.19
837.06 257.01
858.69 262.08
850.41 267.14
832.92 269.44
822.33 262.08
822.33 270.36
833.38 288.77
824.63 304.42
821.41 284.63
805.30 287.39
799.78 316.38
797.02 351.82
813.59 345.38
758.36 367.93
765.72 401.07
792.42 393.70
767.10 350.44
745.47 345.38
754.22 320.53
773.55 313.16
785.97 320.07
792.42 301.66
764.34 305.80
814.05 263.46
806.22 265.76
811.75 255.63
808.99 251.03
802.08 244.59
805.76 241.37
827.39 244.13
832.46 236.30
841.20 236.77
861.91 228.94
886.30 243.21
893.21 267.14
860.19 217.32
865.48 218.70
867.32 212.95
867.55 224.22
870.54 216.63
851.67 220.08
856.27 217.78
844.31 215.25
839.71 223.30
835.10 228.60
838.78 231.82
830.96 231.13
824.52 231.36
823.83 225.83
827.05 225.83
845.69 249.08
814.85 230.67
809.33 228.37
820.61 239.18
856.04 225.14
859.96 223.76
801.97 235.96
809.33 233.43
810.94 237.11
814.39 244.24
818.07 255.75
797.36 270.02
787.70 254.60
790.92 264.49
795.29 243.55
792.99 233.89
789.31 236.19
781.26 236.19
784.94 240.33
783.10 247.24
772.51 241.71
775.96 241.02
776.65 252.76
777.57 258.05
776.42 263.57
785.40 260.12
780.80 269.56
776.65 278.99
770.67 282.90
805.42 232.74
819.69 231.36
828.20 239.18
824.29 237.57
701.98 417.40
710.27 390.71
724.99 364.02
720.39 340.09
737.88 326.28
776.77 303.50
756.52 294.75
754.68 284.17
762.96 280.95
768.03 271.28
759.28 253.33
739.95 291.07
725.68 293.83
714.64 321.91
708.20 325.13
700.37 331.57
683.80 342.62
670.46 341.24
658.95 321.91
698.53 303.50
705.43 307.18
708.20 299.36
720.16 285.09
731.21 281.41
746.51 268.18
746.74 275.31
750.19 262.19
746.74 252.07
743.52 255.06
743.75 248.39
757.32 247.24
763.31 243.09
772.51 247.70
769.29 252.76
768.83 244.70
766.07 247.70
762.39 247.70
788.16 246.08
706.47 285.43
717.52 275.77
718.44 267.25
722.81 260.81
726.49 255.29
723.04 254.60
736.15 254.60
737.77 250.00
739.61 263.11
731.78 265.64
731.09 257.82
700.26 272.09
709.46 263.11
710.61 269.33
714.29 261.50
735.00 272.78
751.80 270.94
652.28 407.28
643.99 380.59
645.84 358.49
629.27 404.52
609.02 395.31
638.47 339.17
686.68 268.41
679.55 264.49
690.36 261.96
691.74 265.87
694.96 269.33
690.82 276.92
687.83 273.01
680.93 274.16
693.12 282.90
697.27 287.04
691.05 288.20
681.62 292.34
666.89 290.96
673.79 288.66
668.73 275.77
661.60 271.86
663.21 278.99
660.45 284.28
678.63 303.61
678.17 312.36
686.22 304.53
706.24 266.79
652.39 282.21
648.02 282.21
654.46 304.07
666.43 304.76
661.60 312.36
650.55 314.43
645.72 303.61
646.41 298.32
639.05 299.47
632.14 295.79
630.76 305.91
636.52 315.81
642.27 321.33
630.30 324.32
638.13 280.14
634.21 280.60
639.28 289.12
631.91 286.12
717.06 297.40
650.09 290.96
687.60 294.18
621.56 278.99
616.04 308.45
613.96 297.86
605.45 288.66
603.15 283.13
597.17 285.89
592.33 287.50
596.71 293.95
601.08 296.02
607.52 297.17
613.96 284.74
616.73 283.13
630.30 289.12
634.91 287.73
603.15 306.83
597.63 313.51
618.57 324.55
581.98 307.98
584.28 312.82
581.98 296.71
582.44 291.42
577.38 295.56
573.70 299.47
567.02 293.03
558.97 298.32
563.11 293.95
563.34 299.24
589.11 288.20
602.23 291.88
585.20 320.64
586.81 330.54
593.48 329.85
602.00 320.87
595.79 341.81
607.52 347.56
604.07 326.16
574.39 337.21
569.55 311.21
573.00 308.45
563.57 304.30
552.52 303.84
551.83 299.01
547.46 312.82
564.26 316.50
572.54 325.01
571.39 320.64
561.73 340.20
546.54 326.62
547.69 321.33
536.42 312.82
534.58 306.37
530.43 302.23
547.46 298.78
526.98 304.76
585.66 350.10
545.62 337.44
533.66 330.54
529.05 329.39
539.18 322.94
534.12 343.88
526.52 348.25
523.76 340.66
522.15 329.39
511.56 335.37
507.65 330.54
508.57 315.12
504.43 311.21
540.56 303.61
544.24 302.69
504.66 350.33
512.49 351.48
500.75 341.58
494.54 317.65
500.52 313.28
516.17 309.60
597.74 359.14
575.19 356.84
556.32 360.06
565.99 356.84
562.76 376.17
569.21 396.42
597.74 385.37
611.55 357.30
536.99 381.69
544.36 397.80
536.07 417.13
531.47 430.94
510.76 397.34
525.03 373.87
519.50 367.43
513.98 361.90
536.07 362.36
543.90 370.65
490.51 378.47
484.99 410.69
484.07 394.58
477.62 374.79
461.98 376.17
460.60 363.28
484.53 357.30
481.77 345.34
490.51 348.10
467.04 410.69
472.10 335.67
483.95 320.37
477.05 320.14
466.23 322.90
456.34 326.81
443.91 328.19
437.24 331.87
425.96 335.79
454.96 324.97
463.70 322.21
491.78 314.85
495.92 313.92
473.37 320.37
460.71 339.70
449.20 369.38
444.14 355.58
436.78 357.19
436.78 367.08
428.03 370.53
422.05 369.61
423.20 358.11
412.39 358.80
416.07 374.67
440.46 344.76
451.05 402.66
416.53 390.01
402.26 388.17
402.72 375.28
400.88 363.31
396.28 355.72
403.64 338.46
375.57 348.59
380.86 374.13
388.68 367.69
393.06 372.52
387.99 377.81
394.90 380.57
383.16 390.93
387.30 416.47
405.25 426.82
415.15 432.12
389.15 387.71
427.00 420.35
605.57 430.48
585.66 291.14
800.15 548.59
722.60 554.26
665.22 480.49
616.67 484.27
602.16 456.53
580.72 507.60
547.31 575.07
523.35 626.14
521.45 516.43
541.00 486.16
564.33 471.03
530.91 448.96
505.06 457.16
486.77 443.29
464.07 439.50
465.34 477.96
495.60 481.75
368.23 351.22
359.40 356.90
358.77 366.99
348.05 356.90
354.36 358.79
366.97 378.34
380.21 367.62
355.62 376.44
353.10 371.40
360.03 375.81
364.45 389.06
373.28 386.53
380.21 382.75
324.72 360.05
345.53 364.46
327.72 364.62
331.50 365.25
323.31 381.02
328.98 390.16
334.02 379.44
335.29 401.19
365.24 408.76
330.87 412.54
329.30 433.04
330.87 425.47
319.52 421.37
310.06 407.18
308.49 393.94
314.48 389.84
297.77 378.49
290.83 374.08
300.29 369.04
280.43 372.19
289.89 368.09
293.35 391.10
288.31 391.10
289.26 403.40
297.45 414.75
282.01 389.53
270.97 375.66
273.49 371.24
273.81 399.93
259.94 392.05
273.18 382.91
260.88 399.93
266.56 401.19
282.32 396.46
284.53 411.91
268.13 421.37
253.32 375.66
254.58 380.07
249.85 378.49
246.06 382.28
242.60 385.75
238.81 385.75
238.18 380.07
240.07 380.07
244.49 378.49
265.61 375.66
290.20 445.96
280.11 439.66
248.59 438.71
242.91 404.98
226.83 403.72
224.31 396.78
220.53 402.14
234.71 399.93
220.21 387.32
217.06 389.84
224.31 385.75
232.51 381.33
211.70 388.90
229.35 382.28
227.78 381.65
206.34 407.18
247.40 377.94
228.96 396.07
203.11 399.70
188.45 403.01
188.76 395.75
191.76 394.49
174.73 401.90
181.99 397.17
161.34 402.38
172.05 417.35
185.30 422.08
193.49 404.27
197.91 392.92
200.74 391.66
207.05 390.40
205.47 389.61
223.84 430.04
244.65 423.10
348.68 464.09
363.82 438.87
389.04 443.28
437.59 430.04
438.22 438.87
439.48 456.52
421.20 479.85
389.04 489.94
360.03 530.30
341.12 494.36
320.94 491.83
399.76 556.15
354.99 576.96
292.57 567.50
288.15 539.12
257.89 536.60
277.43 503.81
286.89 522.73
309.59 479.85
306.44 460.31
291.31 457.78
265.45 471.03
270.50 483.01
232.03 466.61
228.88 476.70
228.88 496.25
204.92 462.20
218.79 447.70
206.18 433.19
190.42 432.56
192.31 447.70
184.11 441.39
186.64 472.29
186.01 494.99
197.35 508.23
217.53 530.93
164.57 484.27
174.02 475.44
167.09 444.54
177.18 435.72
147.54 433.19
144.15 405.84
140.84 405.21
129.02 412.94
142.58 419.40
149.04 423.03
149.04 414.20
146.99 405.84
120.19 414.36
105.37 416.88
106.79 411.83
114.36 409.15
123.03 404.27
131.54 427.12
121.93 445.41
123.19 438.95
135.80 451.72
147.31 453.76
148.57 441.78
101.28 442.89
113.10 439.26
117.67 415.30
111.05 410.89
95.36 416.96
98.52 413.80
99.15 427.05
92.21 426.10
84.65 437.45
90.95 440.92
90.32 446.91
97.89 449.75
70.46 427.68
38.62 432.09
31.05 435.87
52.80 438.71
59.42 454.47
66.68 446.28
67.62 442.49
64.15 445.65
77.71 439.34
70.77 439.34
85.59 459.52
90.32 455.74
101.35 457.94
38.30 458.57
43.35 455.74
29.79 457.31
20.01 454.16
23.48 450.38
49.34 466.45
72.98 447.54
78.97 456.68
121.85 457.94
128.47 474.34
121.53 467.72
145.18 458.57
140.76 470.24
153.37 468.35
116.17 493.57
104.51 497.35
94.73 498.61
63.21 484.11
54.69 478.75
62.89 502.08
51.86 493.25
22.22 495.14
68.01 453.61
453.04 637.80
395.03 661.76
280.27 612.58
277.75 651.68
218.48 610.06
140.29 606.28
128.94 660.50
60.84 646.63
57.06 570.97
137.77 557.09
130.20 521.78
108.76 536.92
39.40 516.74
52.01 533.13
34.68 623.62
10.71 604.70
5.04 563.72
29.00 548.59
27.74 537.87
17.65 528.41
10.08 506.97
0.63 486.79
150.06 491.84
