545.28 162.89
540.45 166.12
537.69 169.34
527.10 170.49
522.27 179.46
519.97 174.17
513.30 171.41
540.22 178.31
546.43 189.82
539.30 206.85
526.18 183.83
529.86 176.47
528.71 191.20
535.62 193.04
522.27 203.62
517.21 196.03
508.00 178.31
503.40 176.93
499.49 174.63
504.09 188.21
499.03 190.74
494.89 184.29
491.90 179.92
487.52 184.76
493.74 191.43
497.88 194.65
500.41 206.85
512.15 206.62
485.91 204.31
476.48 206.62
486.60 179.92
483.61 197.18
533.78 202.70
542.40 289.57
514.79 328.69
512.49 298.78
512.03 262.42
491.32 270.24
483.50 296.93
466.93 321.79
430.11 328.69
443.00 289.11
448.06 267.94
482.58 248.61
512.49 235.73
526.30 220.08
490.86 218.70
473.37 232.50
471.53 207.65
463.71 203.05
473.37 200.75
463.71 192.46
457.26 186.48
456.80 199.83
443.46 207.19
448.06 215.01
469.69 220.08
461.41 225.14
443.92 227.44
433.33 220.08
433.33 228.36
444.38 246.77
435.63 262.42
432.41 242.63
416.30 245.39
410.78 274.38
408.02 309.82
424.59 303.38
369.36 325.93
376.72 359.07
403.42 351.70
378.10 308.44
356.47 303.38
365.22 278.53
384.55 271.16
396.97 278.07
403.42 259.66
375.34 263.80
425.05 221.46
417.22 223.76
422.75 213.63
419.99 209.03
413.08 202.59
416.76 199.37
438.39 202.13
443.46 194.30
452.20 194.77
472.91 186.94
497.30 201.21
504.21 225.14
471.19 175.32
476.48 176.70
478.32 170.95
478.55 182.22
481.54 174.63
462.67 178.08
467.27 175.78
455.31 173.25
450.71 181.30
446.10 186.60
449.78 189.82
441.96 189.13
435.52 189.36
434.83 183.83
438.05 183.83
456.69 207.08
425.85 188.67
420.33 186.37
431.61 197.18
467.04 183.14
470.96 181.76
412.97 193.96
420.33 191.43
421.94 195.11
425.39 202.24
429.07 213.75
408.36 228.02
398.70 212.60
401.92 222.49
406.29 201.55
403.99 191.89
400.31 194.19
392.26 194.19
395.94 198.33
394.10 205.24
383.51 199.71
386.96 199.02
387.65 210.76
388.57 216.05
387.42 221.57
396.40 218.12
391.80 227.56
387.65 236.99
381.67 240.90
416.42 190.74
430.69 189.36
439.20 197.18
435.29 195.57
312.98 375.40
321.27 348.71
335.99 322.02
331.39 298.09
348.88 284.28
387.77 261.50
367.52 252.75
365.68 242.17
373.96 238.95
379.03 229.28
370.28 211.33
350.95 249.07
336.68 251.83
325.64 279.91
319.20 283.13
311.37 289.57
294.80 300.62
281.46 299.24
269.95 279.91
309.53 261.50
316.43 265.18
319.20 257.36
331.16 243.09
342.21 239.41
357.51 226.18
357.74 233.31
361.19 220.19
357.74 210.07
354.52 213.06
354.75 206.39
368.32 205.24
374.31 201.09
383.51 205.70
380.29 210.76
379.83 202.70
377.07 205.70
373.39 205.70
399.16 204.08
317.47 243.43
328.52 233.77
329.44 225.25
333.81 218.81
337.49 213.29
334.04 212.60
347.15 212.60
348.77 208.00
350.61 221.11
342.78 223.64
342.09 215.82
311.26 230.09
320.46 221.11
321.61 227.33
325.29 219.50
346.00 230.78
362.80 228.94
263.28 365.28
254.99 338.59
256.84 316.49
240.27 362.52
220.02 353.31
249.47 297.17
297.68 226.41
290.55 222.49
301.36 219.96
302.74 223.87
305.96 227.33
301.82 234.92
298.83 231.01
291.93 232.16
304.12 240.90
308.27 245.04
302.05 246.20
292.62 250.34
277.89 248.96
284.79 246.66
279.73 233.77
272.60 229.86
274.21 236.99
271.45 242.28
289.63 261.61
289.17 270.36
297.22 262.53
317.24 224.79
263.39 240.21
259.02 240.21
265.46 262.07
277.43 262.76
272.60 270.36
261.55 272.43
256.72 261.61
257.41 256.32
250.05 257.47
243.14 253.79
241.76 263.91
247.52 273.81
253.27 279.33
241.30 282.32
249.13 238.14
245.21 238.60
250.28 247.12
242.91 244.12
328.06 255.40
261.09 248.96
298.60 252.18
232.56 236.99
227.04 266.45
224.96 255.86
216.45 246.66
214.15 241.13
208.17 243.89
203.33 245.50
207.71 251.95
212.08 254.02
218.52 255.17
224.96 242.74
227.73 241.13
241.30 247.12
245.91 245.73
214.15 264.83
208.63 271.51
229.57 282.55
192.98 265.98
195.28 270.82
192.98 254.71
193.44 249.42
188.38 253.56
184.70 257.47
178.02 251.03
169.97 256.32
174.11 251.95
174.34 257.24
200.11 246.20
213.23 249.88
196.20 278.64
197.81 288.54
204.48 287.85
213.00 278.87
206.79 299.81
218.52 305.56
215.07 284.16
185.39 295.21
180.55 269.21
184.00 266.45
174.57 262.30
163.52 261.84
162.83 257.01
158.46 270.82
175.26 274.50
183.54 283.01
182.39 278.64
172.73 298.20
157.54 284.62
158.69 279.33
147.42 270.82
145.58 264.37
141.43 260.23
158.46 256.78
137.98 262.76
196.66 308.10
156.62 295.44
144.66 288.54
140.05 287.39
150.18 280.94
145.12 301.88
137.52 306.25
134.76 298.66
133.15 287.39
122.56 293.37
118.65 288.54
119.57 273.12
115.43 269.21
151.56 261.61
155.24 260.69
115.66 308.33
123.49 309.48
111.75 299.58
105.54 275.65
111.52 271.28
127.17 267.60
208.74 317.14
186.19 314.84
167.32 318.06
176.99 314.84
173.76 334.17
180.21 354.42
208.74 343.37
222.55 315.30
147.99 339.69
155.36 355.80
147.07 375.13
142.47 388.94
121.76 355.34
136.03 331.87
130.50 325.43
124.98 319.90
147.07 320.36
154.90 328.65
101.51 336.47
95.99 368.69
95.07 352.58
88.62 332.79
72.98 334.17
71.60 321.28
95.53 315.30
92.77 303.34
101.51 306.10
78.04 368.69
83.10 293.67
94.95 278.37
88.05 278.14
77.23 280.90
67.34 284.81
54.91 286.19
48.24 289.87
36.96 293.79
65.96 282.97
74.70 280.21
102.78 272.85
106.92 271.92
84.37 278.37
71.71 297.70
60.20 327.38
55.14 313.58
47.78 315.19
47.78 325.08
39.03 328.53
33.05 327.61
34.20 316.11
23.39 316.80
27.07 332.67
51.46 302.76
62.05 360.66
27.53 348.01
13.26 346.17
13.72 333.28
11.88 321.31
7.28 313.72
14.64 296.46
4.06 330.52
5.90 338.57
16.25 384.82
26.15 390.12
0.15 345.71
38.00 378.35
216.57 388.48
196.66 249.14
411.15 506.59
333.60 512.26
276.22 438.49
227.67 442.27
213.16 414.53
191.72 465.60
158.31 533.07
132.45 474.43
152.00 444.16
175.33 429.03
141.91 406.96
116.06 415.16
97.77 401.29
75.07 397.50
76.34 435.96
106.60 439.75
0.04 401.28
48.59 388.04
49.22 396.87
50.48 414.52
32.20 437.85
0.04 447.94
10.76 514.15
