240.26 542.68
241.48 516.55
5.09 445.45
16.64 429.04
61.00 453.35
50.67 429.04
50.67 412.64
37.91 397.44
22.11 385.90
13.60 379.82
4.49 368.27
0.23 341.54
41.55 369.49
40.95 360.37
25.75 344.58
17.25 330.60
8.13 341.54
2.05 323.31
16.03 317.23
58.57 373.74
56.14 356.12
61.61 341.54
65.86 396.23
84.09 411.42
93.21 432.08
105.36 469.76
141.82 475.23
175.85 466.11
218.39 452.13
253.63 461.86
285.23 515.33
288.27 460.03
339.32 457.60
346.00 437.55
211.10 475.23
265.18 420.53
290.09 390.76
301.64 389.54
313.79 397.44
328.38 365.24
401.91 380.43
396.44 368.27
410.41 368.88
445.05 368.27
274.90 380.43
299.21 360.98
270.65 347.61
246.34 343.36
276.12 368.27
219.60 390.76
205.63 412.64
206.84 395.62
183.75 407.17
192.26 379.21
170.38 376.78
160.66 399.27
149.72 395.01
147.29 381.64
147.29 369.49
129.67 371.92
146.68 354.30
167.34 356.12
170.38 346.40
184.97 309.33
221.43 322.09
243.91 327.56
222.64 376.17
212.31 373.74
89.56 373.74
108.40 376.17
91.38 357.34
101.71 351.87
125.41 346.40
129.67 357.34
135.74 327.56
144.86 311.76
130.27 306.29
119.34 313.58
118.12 302.65
116.91 292.92
93.21 303.86
100.50 319.05
98.68 325.13
73.76 339.71
68.29 321.48
50.67 314.80
61.00 301.43
70.72 300.82
78.01 300.21
72.55 311.15
40.34 289.28
40.34 302.65
24.54 305.68
11.78 302.65
18.46 283.81
23.32 288.67
74.37 283.20
83.48 289.28
88.34 289.88
92.60 283.81
102.32 289.88
104.75 286.24
147.90 426.00
344.18 361.59
304.07 426.61
258.34 400.85
186.74 361.98
