184.0 612.5
326.0 611.0
107.5 575.0
92.5 537.5
77.5 461.5
131.0 467.5
209.5 452.0
170.5 521.0
246.5 274.5
236.0 258.0
227.5 209.5
178.0 223.0
174.5 254.5
109.0 296.5
108.5 238.5
35.0 267.0
51.5 209.5
30.5 157.0
104.5 194.5
140.5 173.5
145.0 187.5
175.0 172.5
185.0 154.0
186.5 183.0
199.0 184.0
93.5 136.0
64.0 120.0
75.5 103.0
63.5 88.5
56.0 94.0
54.5 100.5
73.0 49.0
110.5 92.5
137.5 94.0
147.5 106.5
158.5 92.5
65.5 61.5
74.5 39.0
67.0 39.0
70.0 49.5
56.5 53.5
56.5 49.0
45.5 139.5
92.5 92.5
91.0 72.0
77.0 116.5
145.0 163.0
145.0 130.5
89.5 70.5
