467.98 6.96
473.72 31.00
478.74 28.85
485.20 34.95
490.58 11.26
496.68 15.93
499.20 24.90
488.43 20.95
485.20 27.41
492.74 27.41
493.10 32.44
499.56 37.46
486.28 46.43
481.25 40.69
491.30 43.20
500.99 44.28
508.89 46.79
506.73 37.46
474.79 5.16
465.46 27.41
455.42 38.54
462.23 38.18
473.00 12.34
474.08 16.29
476.95 22.03
481.25 22.75
505.30 61.50
495.61 48.23
494.89 60.07
473.36 51.81
491.66 53.97
457.93 29.92
445.37 27.05
451.11 51.45
448.60 44.28
444.65 39.97
459.01 56.84
466.90 41.41
450.03 58.63
453.26 65.09
466.18 67.60
478.02 71.91
470.49 62.58
474.44 66.89
489.15 64.37
499.56 70.11
487.35 70.11
505.30 86.62
499.91 78.73
493.10 86.98
478.38 85.19
469.41 83.75
494.89 95.23
485.20 94.88
457.93 99.54
488.43 107.44
495.25 117.84
474.44 119.99
451.83 111.02
462.59 114.25
477.13 106.00
471.39 102.41
496.50 101.69
462.77 82.31
455.60 81.60
449.85 85.90
454.88 85.90
467.08 90.93
475.69 59.35
446.98 64.37
478.56 132.55
494.35 134.71
507.99 129.68
485.02 131.12
505.83 107.43
483.77 75.86
467.62 73.70
472.64 77.65
472.28 87.34
441.06 123.22
423.12 109.23
423.12 103.49
431.73 92.36
426.35 94.52
437.47 96.67
408.05 94.88
441.24 102.41
504.40 154.80
485.74 142.60
477.84 146.19
485.74 162.70
494.35 182.79
504.40 184.23
500.09 167.72
474.97 171.31
467.08 154.80
471.39 181.36
466.36 177.05
488.61 202.89
459.90 200.02
456.31 196.43
494.35 230.88
500.09 222.98
480.72 222.98
471.39 219.39
449.68 155.52
438.19 148.34
425.99 147.26
452.90 145.83
433.17 179.56
430.30 160.54
438.55 193.56
484.48 184.23
477.31 204.68
500.27 242.72
484.12 239.49
460.80 214.37
441.42 237.69
424.56 249.18
435.68 258.87
488.79 253.84
464.39 248.82
461.52 266.40
448.96 263.89
409.48 221.19
410.92 203.60
398.72 214.73
390.47 230.16
411.28 256.35
401.95 242.00
392.62 264.97
418.10 78.37
438.55 13.42
454.34 9.83
406.25 6.96
425.27 9.83
416.30 11.98
410.92 14.85
406.25 12.34
409.13 23.46
429.22 24.90
434.60 45.71
450.03 22.39
453.62 17.01
422.04 65.09
385.44 67.60
397.64 61.50
381.85 58.99
375.39 61.50
376.11 75.86
377.55 95.23
387.24 112.82
419.17 38.54
411.28 36.02
432.45 18.44
385.44 22.39
391.54 24.90
398.00 31.00
435.23 56.57
437.56 82.41
440.26 68.41
436.13 64.64
397.73 89.58
357.90 99.63
408.68 72.90
413.52 86.35
483.59 265.33
421.86 167.72
413.97 181.36
421.86 181.36
430.48 197.15
449.85 184.23
429.76 152.65
439.09 158.39
373.78 26.33
362.30 22.03
385.26 13.42
379.52 9.83
374.50 9.11
376.65 22.03
379.52 50.02
385.98 48.58
415.41 49.30
387.42 33.51
371.63 36.38
378.08 41.41
383.83 39.25
396.03 46.43
395.31 14.85
412.53 65.81
348.66 54.32
387.42 102.41
380.24 85.90
372.34 85.90
399.62 106.00
408.23 106.72
411.10 126.09
423.30 136.14
443.40 139.73
452.73 128.25
380.24 141.17
371.63 129.68
384.54 124.66
385.26 166.28
399.62 168.44
405.36 174.90
383.83 184.23
373.78 161.26
363.73 158.39
351.53 161.26
401.05 189.97
369.47 189.25
381.67 201.45
383.83 211.50
369.47 235.90
375.21 222.98
437.65 211.50
360.86 202.89
373.78 199.30
361.58 219.39
356.55 237.34
373.78 245.95
358.71 254.56
387.42 240.92
414.69 267.48
393.16 149.78
371.63 116.05
362.30 88.06
407.51 41.41
360.86 33.51
366.60 32.08
365.17 28.49
339.33 24.18
377.37 4.08
393.16 6.24
368.75 11.26
347.22 11.98
359.42 11.98
373.06 106.00
337.18 53.61
338.61 67.96
352.25 76.57
345.79 79.44
346.51 64.37
363.01 56.48
364.45 69.40
345.07 43.56
352.25 34.95
357.99 28.49
350.81 43.56
360.86 51.45
355.12 50.02
368.75 41.41
360.86 44.99
332.15 32.08
342.92 33.51
347.22 26.33
329.28 19.16
352.25 21.31
425.45 34.23
433.35 29.20
436.22 34.23
439.81 26.33
469.23 21.31
480.72 47.15
484.30 54.32
466.36 49.30
446.27 51.45
442.68 56.48
452.01 28.49
446.98 32.08
457.03 24.18
424.74 19.87
418.28 27.05
413.25 28.49
417.56 56.48
424.74 56.48
427.61 61.50
442.68 72.98
431.19 67.24
422.58 71.55
436.22 72.27
446.98 79.44
449.85 69.40
403.20 69.40
406.79 62.22
409.66 44.28
415.41 42.12
386.70 85.90
392.44 93.08
436.22 114.61
392.44 129.68
330.00 39.25
335.02 14.85
327.13 13.42
340.05 9.11
352.25 6.24
366.60 6.24
341.48 97.39
320.67 116.76
352.25 121.07
353.68 134.71
363.73 138.29
335.02 136.86
343.64 139.73
344.35 156.24
356.55 141.17
326.41 111.74
330.72 103.13
346.51 106.00
352.97 112.46
363.01 111.02
362.30 94.51
347.94 173.46
348.66 192.84
349.38 202.89
358.71 179.20
335.74 193.56
335.74 174.18
340.05 216.52
320.67 197.15
334.31 231.59
312.06 250.97
318.52 231.59
325.69 249.54
305.60 265.33
291.24 241.64
278.33 216.52
317.08 217.96
313.49 209.35
288.37 231.59
335.74 265.33
329.28 69.40
324.26 58.63
340.76 86.62
339.33 80.88
324.26 94.51
330.72 89.49
327.85 75.85
327.85 84.47
320.67 79.44
311.34 36.38
320.67 34.23
326.41 31.36
321.39 24.90
324.98 23.46
329.28 26.33
312.06 24.90
318.52 29.20
306.32 24.18
320.67 21.31
320.67 6.24
324.26 8.39
330.72 3.37
337.18 4.80
333.59 9.11
287.66 27.05
324.26 44.28
294.11 33.51
299.86 32.08
302.73 19.87
297.70 21.31
299.14 39.25
312.77 43.56
556.07 217.96
304.88 4.08
300.57 4.08
296.27 4.80
308.47 11.26
322.10 126.81
335.02 117.48
306.32 132.55
307.75 156.24
311.34 187.10
322.10 174.90
314.93 169.16
306.32 171.31
317.80 161.98
299.14 196.43
294.11 207.91
293.40 189.25
286.94 201.45
272.58 245.23
304.88 220.11
286.94 36.38
291.96 61.50
291.24 53.61
281.20 50.02
292.68 48.58
314.93 51.45
305.60 104.56
314.21 92.36
322.82 99.54
307.75 56.48
287.66 86.62
291.24 84.47
296.27 84.47
297.70 78.01
302.73 72.27
314.93 74.42
306.32 74.42
295.55 55.04
299.14 56.48
299.14 49.30
335.02 38.53
320.67 49.30
315.65 65.81
316.36 58.63
303.44 58.63
297.70 129.68
297.70 141.88
309.19 124.66
287.66 116.05
294.83 111.02
302.01 122.50
320.67 106.72
291.96 96.67
289.81 142.60
316.36 129.68
317.80 146.91
330.72 121.79
342.20 114.61
351.53 84.47
418.99 198.58
406.08 139.73
414.69 233.03
426.89 237.34
289.81 257.43
281.91 161.26
280.48 179.92
271.15 173.46
274.02 196.43
274.74 209.35
272.58 257.43
279.76 141.17
284.78 104.56
290.53 8.39
290.53 19.16
269.00 29.20
287.66 79.44
305.60 84.47
286.94 71.55
303.44 66.52
277.61 28.49
280.48 13.42
283.35 8.39
286.94 3.37
271.87 38.53
278.33 34.23
264.69 39.97
274.02 52.17
272.58 58.63
271.15 62.94
276.17 64.37
281.91 59.35
279.04 56.48
263.43 57.56
272.40 44.28
304.34 45.71
245.13 36.02
253.03 26.34
244.41 25.98
262.00 27.77
235.44 33.51
239.03 29.56
255.54 69.40
271.69 79.09
251.95 56.48
247.64 75.14
275.99 99.54
267.38 90.93
283.17 88.77
245.13 66.89
252.67 61.86
261.28 98.46
276.71 111.02
269.53 126.10
268.46 119.99
260.92 107.44
261.64 115.33
252.31 106.72
248.00 112.82
253.74 87.34
244.41 90.93
239.39 82.32
278.15 92.36
261.64 79.80
258.41 29.92
261.28 35.67
229.70 27.41
243.34 50.02
235.80 41.77
225.75 43.20
260.20 46.43
235.08 55.04
272.76 88.42
251.59 120.35
252.31 133.27
229.70 78.73
235.80 71.55
230.78 67.60
246.57 101.69
252.31 97.03
259.13 90.93
275.27 70.11
256.97 56.48
265.94 17.36
252.67 33.51
250.87 45.71
248.72 43.20
248.72 51.45
265.94 49.30
310.08 108.51
309.37 103.49
302.19 92.00
261.64 66.17
233.65 91.29
244.41 128.97
238.67 109.23
231.50 104.92
231.85 96.67
230.78 118.56
231.50 113.54
221.09 126.10
228.62 131.84
223.60 102.41
216.78 110.31
219.65 82.32
220.37 90.93
224.68 57.56
217.50 45.00
215.35 63.30
205.30 67.60
213.55 85.19
204.94 86.98
207.45 82.32
199.92 68.68
210.32 53.61
216.06 99.90
202.07 109.95
198.48 125.38
210.32 98.46
211.04 117.48
209.25 104.21
229.70 48.58
216.42 36.38
221.45 18.44
197.23 80.88
205.12 74.42
215.89 57.19
204.40 59.35
213.73 72.98
216.60 6.96
225.22 9.11
236.70 11.26
228.80 11.98
231.67 13.42
256.08 9.83
257.51 3.37
216.60 28.49
276.17 134.71
271.15 136.86
265.41 146.19
256.08 147.62
240.29 151.21
233.11 141.17
233.83 4.80
265.41 10.54
250.33 181.36
255.36 159.11
263.25 196.43
266.84 210.06
253.92 211.50
255.36 241.64
251.05 248.10
267.56 265.33
238.85 222.98
246.03 227.29
236.70 250.25
220.91 248.10
241.72 241.64
238.13 233.03
231.67 238.05
216.60 230.88
207.27 235.18
246.75 201.45
227.37 188.53
238.85 181.36
222.34 181.36
253.92 169.16
238.85 171.31
210.14 138.29
220.91 169.87
215.89 148.34
207.27 174.18
207.99 156.95
266.12 72.98
252.49 80.88
435.50 123.22
399.62 141.17
199.38 132.55
198.66 146.91
204.40 142.60
189.33 91.64
192.92 99.54
199.38 101.69
224.50 202.89
215.89 196.43
197.94 189.97
210.86 219.39
193.64 204.32
206.56 184.94
188.61 139.73
203.68 32.08
203.68 9.11
196.51 46.43
205.84 39.25
185.74 56.48
189.33 43.56
179.28 41.41
190.05 38.53
182.15 46.43
168.52 44.28
177.13 46.43
168.52 51.45
172.82 61.50
190.05 233.03
190.05 233.03
93.88 256.71
102.49 247.38
132.63 250.97
126.17 240.21
184.31 264.61
181.44 239.49
158.47 258.15
50.82 249.54
32.87 256.71
192.92 7.68
180.72 8.75
153.09 28.85
177.49 63.66
191.13 68.32
179.28 71.91
185.74 75.86
173.18 84.47
130.12 73.70
148.06 120.71
138.02 119.99
178.92 103.49
188.97 100.26
189.69 115.33
158.11 108.51
162.06 101.69
167.80 110.31
148.06 102.41
116.48 79.44
99.26 81.60
94.95 90.93
100.34 108.51
102.13 100.26
119.71 111.02
128.33 118.20
363.37 155.16
71.63 225.85
26.41 188.53
8.47 238.05
4.17 196.43
7.75 151.21
102.49 225.14
95.31 202.89
123.30 201.45
141.96 216.52
139.81 233.03
71.63 259.58
154.16 151.21
169.95 151.21
185.74 169.87
190.05 159.11
183.59 153.37
179.28 127.53
180.00 137.58
167.08 136.14
173.54 161.26
157.03 164.13
172.82 169.16
161.34 179.92
177.85 179.92
168.52 193.56
171.39 201.45
177.13 189.97
184.31 207.91
180.00 221.55
164.21 216.52
167.08 239.49
157.75 246.67
134.79 266.76
132.63 184.23
125.46 166.28
141.25 161.26
194.18 53.25
207.09 52.53
186.64 9.83
160.80 13.78
162.96 24.54
156.14 14.85
150.40 15.93
167.62 5.52
174.08 7.32
189.15 33.15
194.89 32.44
153.27 46.79
166.90 40.69
166.19 65.09
173.72 53.25
167.62 78.73
180.90 84.11
190.59 83.39
195.97 73.34
190.59 107.44
167.26 92.36
154.34 83.75
163.31 73.34
162.60 60.78
165.47 87.70
160.44 77.65
151.11 96.67
145.37 89.49
141.78 79.44
145.73 73.34
139.63 65.81
144.65 66.53
153.98 68.68
156.14 61.14
136.04 83.75
139.99 48.23
155.42 20.95
156.85 10.19
152.91 10.19
173.00 13.42
168.34 11.26
161.88 115.33
156.14 121.43
155.06 130.40
161.16 123.58
171.93 72.63
138.55 99.54
126.71 89.49
124.56 82.67
134.25 94.52
133.17 104.21
154.34 41.77
146.09 19.52
165.11 15.21
137.48 57.56
152.19 55.76
132.09 52.53
132.81 44.28
137.84 35.67
140.35 26.34
127.43 33.15
111.28 102.77
111.64 94.52
113.79 89.85
118.46 88.77
117.38 95.95
122.41 97.03
141.78 44.28
147.88 5.52
162.60 6.96
139.27 11.98
136.76 14.85
130.66 28.49
132.45 20.95
119.89 40.69
125.99 41.41
130.66 17.72
123.84 18.44
133.89 65.09
127.79 69.40
142.86 109.23
140.35 102.77
143.94 95.95
175.16 94.88
112.36 122.51
135.68 132.55
104.10 118.92
103.75 113.89
115.95 31.36
110.56 27.41
106.62 25.98
116.66 22.03
111.64 20.23
130.30 12.34
137.12 22.03
139.27 18.80
118.10 72.63
108.77 74.42
107.33 39.25
103.03 63.30
117.38 66.17
123.84 54.33
120.97 59.35
103.03 68.32
107.33 58.27
113.08 58.27
93.70 107.44
98.72 33.87
100.52 39.97
90.83 68.68
92.26 79.44
86.52 75.86
87.96 87.34
80.78 89.13
85.09 99.54
86.16 111.02
95.13 60.07
94.77 44.28
97.29 25.98
115.95 15.93
85.09 68.32
75.40 70.83
312.95 13.42
178.39 15.93
187.72 28.85
129.22 6.96
114.15 36.74
91.54 12.34
92.62 9.83
83.65 12.34
80.06 11.98
89.03 19.88
93.34 15.93
109.49 14.85
75.04 21.31
59.61 15.93
66.07 16.29
72.17 15.21
78.27 17.36
81.86 16.29
87.60 27.77
96.93 12.34
120.61 4.45
114.15 4.80
110.20 2.65
107.33 10.90
112.00 10.90
102.31 10.90
46.33 15.93
39.51 15.93
55.66 19.52
61.76 23.46
64.63 23.82
70.73 30.28
68.22 22.03
90.83 39.97
90.11 33.15
84.73 49.30
80.78 31.72
59.61 31.36
45.61 31.36
54.22 26.34
8.65 15.93
19.77 20.95
23.00 24.54
26.23 17.36
28.75 20.95
32.69 25.98
35.56 33.15
15.11 24.90
5.06 21.31
23.72 33.51
103.39 19.88
65.35 50.02
11.16 35.67
27.67 43.20
37.00 40.69
52.43 36.02
56.38 53.25
23.36 40.69
18.34 39.25
10.09 39.97
33.05 46.79
37.72 51.45
43.82 54.33
44.89 49.30
38.44 22.39
80.06 38.54
80.42 52.53
69.65 46.43
75.04 50.74
41.66 60.07
71.09 57.56
11.52 43.56
17.62 43.56
22.29 52.53
28.03 53.25
56.02 61.50
52.07 68.32
44.89 65.81
57.10 73.70
64.99 79.09
72.17 85.19
28.03 62.58
19.42 80.88
19.42 70.83
25.88 72.63
36.28 70.11
14.75 50.74
10.80 49.30
1.83 37.46
0.76 22.39
1.47 30.28
62.84 40.69
62.12 86.62
73.24 100.98
63.55 100.98
49.92 95.23
49.20 82.67
46.33 76.22
43.82 43.56
3.63 63.30
7.93 56.48
7.93 69.40
13.32 79.44
9.37 75.86
6.14 79.44
17.62 53.97
29.46 80.88
32.33 90.21
22.29 92.36
36.64 84.11
50.64 88.42
29.10 97.39
53.51 106.00
49.20 103.49
43.10 100.26
20.13 100.26
43.46 115.69
49.92 111.02
72.53 107.44
73.96 117.84
80.06 117.84
1.83 104.92
13.67 98.82
16.55 88.77
28.75 58.27
13.67 60.78
11.52 53.97
23.00 58.99
16.55 116.41
43.82 126.81
68.94 129.32
79.34 126.81
32.33 123.58
35.92 96.67
86.52 57.56
109.85 45.00
60.68 107.44
41.66 92.36
55.30 120.35
60.32 123.22
30.18 103.49
15.47 129.32
139.63 138.47
143.22 144.93
122.05 135.96
127.07 142.78
121.69 142.42
113.43 143.14
118.10 151.39
128.15 153.90
142.50 152.83
100.52 189.07
99.80 162.88
112.72 162.52
100.16 137.76
76.83 136.68
85.80 153.55
89.03 166.82
61.76 142.42
73.60 160.00
77.55 150.67
61.76 153.90
79.70 184.41
62.12 171.49
57.45 186.56
63.20 193.38
50.28 191.94
46.69 185.12
47.41 154.98
44.54 138.47
32.33 157.49
25.52 153.55
23.72 137.76
90.83 119.81
11.88 159.29
21.21 165.39
66.78 115.51
75.04 90.03
26.95 119.81
169.41 144.93
167.26 163.23
172.64 181.54
160.44 189.43
147.52 171.49
102.67 146.73
28.75 173.28
16.55 187.28
4.34 124.12
12.96 109.77
7.93 92.54
52.43 74.96
31.62 133.45
141.07 192.12
161.88 229.44
190.59 226.21
205.30 203.60
225.40 225.85
131.74 229.44
114.87 218.32
87.24 235.54
91.19 226.93
63.91 201.81
37.36 216.16
50.28 222.62
58.53 230.52
29.10 237.69
20.13 249.89
57.45 254.56
73.24 242.00
155.06 235.54
61.04 217.96
90.47 216.16
113.79 187.45
114.87 256.71
119.18 247.02
12.24 261.38
49.92 234.46
5.60 112.46
19.24 207.91
452.73 210.06
450.57 97.39
501.53 126.09
485.02 116.05
508.71 202.89
393.87 181.36
