5.57 5.56
13.46 17.40
17.05 4.48
21.36 23.14
1.62 38.93
23.87 14.89
16.33 9.86
7.72 46.46
0.54 67.99
8.08 55.44
7.36 63.33
16.69 54.72
21.00 60.82
15.26 35.34
24.59 38.93
29.61 30.32
7.36 27.80
33.92 3.04
17.41 68.35
16.69 81.27
39.30 26.73
33.20 19.55
38.22 15.60
22.43 49.69
16.69 45.03
9.87 38.93
12.03 4.48
7.36 14.17
35.35 39.29
24.59 76.97
30.33 57.23
37.50 52.92
37.15 44.67
38.22 66.56
37.50 61.54
47.91 74.10
40.38 79.84
45.40 50.41
52.22 58.31
49.35 30.32
48.63 38.93
44.32 5.56
53.65 11.30
63.70 15.60
55.45 33.19
64.06 34.98
61.55 30.32
69.08 16.68
58.68 1.61
52.94 47.90
66.93 57.95
70.52 73.38
58.68 46.46
57.96 65.48
59.75 52.21
71.77 28.88
63.88 22.42
53.11 5.19
64.60 7.35
55.27 20.98
3.59 94.19
12.92 95.62
28.71 99.21
35.89 89.17
18.67 129.36
13.64 107.11
5.75 144.43
2.16 158.06
15.08 159.50
13.64 189.64
17.95 196.10
1.44 213.33
30.15 170.98
22.97 175.29
32.30 198.25
48.09 196.10
27.28 189.64
30.87 181.03
37.33 186.05
52.40 178.88
61.73 183.18
22.25 149.45
41.63 136.53
30.15 129.36
46.66 129.36
15.08 117.16
30.15 119.31
58.86 86.29
48.09 117.87
53.11 96.34
61.73 122.18
61.01 104.95
2.88 20.98
16.51 28.88
69.62 80.55
70.34 94.91
64.60 90.60
79.67 39.64
76.08 47.54
69.62 49.69
44.50 150.89
53.11 144.43
71.06 137.97
58.14 167.39
75.36 152.32
62.44 132.94
80.39 87.73
83.26 4.48
96.18 9.50
78.95 181.03
78.95 181.03
175.12 204.71
166.51 195.38
136.37 198.97
142.83 188.21
84.69 212.61
87.56 187.49
110.53 206.15
91.51 11.66
77.87 16.32
89.72 19.91
83.26 23.86
95.82 32.47
138.88 21.70
120.94 68.71
130.98 67.99
90.08 51.49
80.03 48.26
79.31 63.33
110.89 56.51
106.94 49.69
101.20 58.31
120.94 50.41
152.52 27.44
169.74 29.60
174.05 38.93
168.66 56.51
166.87 48.26
149.29 59.02
140.67 66.20
197.37 173.85
166.51 173.14
173.69 150.89
145.70 149.45
127.04 164.52
129.19 181.03
197.37 207.58
114.84 99.21
99.05 99.21
83.26 117.87
78.95 107.11
85.41 101.37
89.72 75.53
89.00 85.58
101.92 84.14
95.46 109.26
111.97 112.13
96.18 117.16
107.66 127.92
91.15 127.92
100.48 141.56
97.61 149.45
91.87 137.97
84.69 155.91
89.00 169.55
104.79 164.52
101.92 187.49
111.25 194.67
134.21 214.76
136.37 132.23
143.54 114.28
127.75 109.26
74.82 1.25
61.91 0.53
102.81 13.09
95.28 1.25
101.38 26.73
88.10 32.11
78.41 31.39
73.03 21.34
78.41 55.44
101.74 40.36
114.66 31.75
105.69 21.34
106.40 8.78
103.53 35.70
108.56 25.65
117.89 44.67
123.63 37.49
127.22 27.44
123.27 21.34
129.37 13.81
124.35 14.53
115.02 16.68
112.86 9.14
132.96 31.75
107.12 63.33
112.86 69.43
113.94 78.40
107.84 71.58
97.07 20.63
130.45 47.54
142.29 37.49
144.44 30.67
134.75 42.52
135.83 52.21
131.52 5.56
116.81 3.76
136.91 0.53
157.72 50.77
157.36 42.52
155.21 37.85
150.54 36.77
151.62 43.95
146.59 45.03
135.11 13.09
141.21 17.40
126.14 57.23
128.65 50.77
125.06 43.95
93.84 42.88
156.64 70.51
133.32 80.55
164.90 66.92
165.25 61.89
150.90 20.63
160.23 22.42
165.97 11.30
151.62 14.17
145.16 2.33
148.03 7.35
165.97 16.32
161.67 6.27
155.92 6.27
175.30 55.44
178.17 16.68
176.74 27.44
182.48 23.86
181.04 35.34
188.22 37.13
183.91 47.54
182.84 59.02
173.87 8.07
183.91 16.32
193.60 18.83
212.62 1.25
188.58 0.53
197.91 5.56
212.98 9.50
216.93 16.32
211.90 21.70
204.01 27.09
196.83 33.19
206.88 34.62
195.76 48.98
205.45 48.98
215.49 54.00
196.47 55.44
195.04 65.84
188.94 65.84
200.06 77.32
189.66 74.81
182.48 5.56
208.32 55.44
213.70 68.35
208.68 71.22
129.37 86.47
125.78 92.93
146.95 83.96
141.93 90.78
147.31 90.42
155.57 91.14
150.90 99.39
140.85 101.90
126.50 100.83
168.48 137.07
169.20 110.88
156.28 110.52
168.84 85.76
192.17 84.68
183.20 101.55
179.97 114.82
207.24 90.42
195.40 108.00
191.45 98.67
207.24 101.90
189.30 132.41
206.88 119.49
211.55 134.56
205.80 141.38
178.17 67.81
202.22 63.51
193.96 38.03
99.59 92.93
101.74 111.23
96.36 129.54
108.56 137.43
121.48 119.49
166.33 94.73
216.57 22.96
127.93 140.12
107.12 177.44
78.41 174.21
63.70 151.60
43.60 173.85
137.26 177.44
154.13 166.32
181.76 183.54
177.81 174.93
205.09 149.81
210.47 178.52
211.55 202.56
195.76 190.00
113.94 183.54
207.96 165.96
178.53 164.16
155.21 135.45
154.13 204.71
149.82 195.02
