588.84 135.08
595.65 171.62
569.64 177.20
581.41 199.50
596.89 204.45
619.81 236.66
604.94 235.42
568.40 225.51
576.45 239.76
585.12 278.78
613.00 280.64
613.62 299.22
582.65 305.41
618.57 327.09
577.07 369.21
568.40 333.90
584.50 405.13
518.85 349.39
516.37 328.95
534.34 306.03
509.56 296.12
540.53 271.96
540.53 235.42
519.47 235.42
547.96 218.08
547.34 188.35
570.26 186.49
539.91 174.10
538.05 164.19
555.39 164.19
510.18 184.63
513.90 195.16
504.60 159.86
482.31 190.21
463.73 205.69
499.65 226.75
469.92 241.00
495.31 261.43
487.26 287.45
474.87 346.29
507.08 248.43
475.49 317.80
454.44 287.45
448.86 394.60
479.83 382.21
418.51 328.95
399.93 355.58
371.44 383.45
412.94 403.27
333.66 360.54
357.81 335.14
381.97 338.24
389.40 271.34
427.18 296.74
395.59 289.31
432.76 271.34
460.01 267.01
353.48 305.41
352.86 283.73
355.95 268.87
335.51 265.77
311.36 286.21
330.56 280.64
325.60 336.38
405.50 310.99
268.00 343.81
276.05 313.46
232.08 346.29
284.11 367.97
242.61 397.70
193.68 379.12
225.26 330.81
214.73 313.46
241.99 302.93
170.76 324.61
144.13 322.13
163.33 301.07
181.91 283.11
154.04 358.06
176.33 368.59
110.68 387.79
108.20 359.30
28.30 345.05
45.64 339.48
44.41 288.07
89.00 318.42
88.38 271.34
115.63 271.96
105.72 244.09
125.54 245.33
123.69 214.36
157.75 236.66
149.70 219.94
175.71 257.10
180.67 204.45
195.53 231.08
209.78 231.08
212.26 203.83
231.46 208.17
240.75 219.94
251.28 234.18
279.77 249.67
271.10 276.30
286.58 277.54
294.02 251.52
301.45 238.52
297.73 225.51
292.16 225.51
273.58 212.50
266.76 197.02
250.66 200.12
252.52 179.68
276.67 184.63
288.44 190.21
300.83 190.21
312.60 203.83
311.36 212.50
331.80 231.08
359.67 240.38
368.96 222.41
387.54 244.09
409.22 251.52
403.65 210.65
422.85 231.70
429.66 224.27
430.90 210.65
448.24 221.17
13.44 266.39
8.48 249.67
4.15 281.87
35.73 234.18
41.31 226.75
17.15 223.03
52.46 203.21
43.79 190.21
16.53 186.49
72.90 195.16
81.57 195.78
77.23 218.70
105.10 206.31
89.00 180.30
106.96 186.49
126.78 194.54
139.17 201.35
139.17 171.00
161.47 186.49
155.27 168.53
169.52 162.95
140.41 158.62
124.92 158.00
126.16 142.51
123.69 138.80
120.59 130.75
84.66 149.33
104.49 140.04
55.55 157.38
37.59 148.09
27.06 151.18
4.76 158.62
16.53 156.76
320.03 178.44
485.71 123.16
475.18 127.49
452.58 123.16
426.25 129.66
398.69 130.28
393.74 126.25
397.76 117.27
389.71 103.96
405.81 101.79
446.69 94.67
438.64 89.71
457.84 100.24
466.82 98.38
572.74 143.60
446.38 51.31
440.50 58.74
425.94 62.15
411.39 66.48
403.03 62.15
388.47 67.41
371.13 66.48
400.55 78.25
446.07 76.70
453.20 62.77
500.58 104.58
352.86 63.39
365.86 97.14
371.75 105.82
346.04 86.92
352.24 98.07
352.24 111.08
342.95 127.49
361.22 124.40
369.89 129.66
364.93 141.74
360.29 155.37
330.25 103.34
320.96 110.77
307.95 107.05
314.76 111.70
305.78 121.61
305.47 153.20
318.48 144.22
338.61 159.08
320.65 164.35
343.88 172.71
354.10 183.55
386.61 177.04
386.61 192.22
376.08 199.03
392.19 155.68
407.36 166.20
422.54 195.94
329.19 199.64
355.15 199.64
363.44 165.94
470.89 180.17
521.16 162.21
499.07 131.55
501.28 143.15
480.28 92.33
211.52 249.26
203.78 274.12
222.01 287.93
212.62 179.65
200.47 191.25
236.93 183.52
249.64 151.06
264.00 157.14
259.30 169.84
278.36 152.17
278.64 138.08
287.48 135.87
281.13 115.70
281.13 73.72
286.65 85.32
303.50 76.48
317.03 77.03
260.13 89.46
280.30 99.13
261.79 111.56
244.39 130.07
250.47 138.63
265.38 129.79
271.18 127.86
196.05 145.54
204.89 152.17
202.40 162.94
228.37 164.32
219.80 151.06
238.31 129.79
238.03 120.12
108.21 112.39
135.28 115.43
125.89 116.26
105.45 128.69
150.75 122.06
157.65 125.37
165.66 129.24
172.29 134.21
183.34 160.45
171.74 175.09
182.79 121.23
197.71 115.70
190.52 130.90
209.86 133.66
212.90 126.48
225.60 114.87
217.04 113.77
201.30 108.80
198.81 91.95
215.38 94.99
222.29 84.49
251.57 86.15
247.15 86.15
240.80 91.95
229.75 96.37
191.35 77.58
202.40 77.86
210.14 79.79
125.61 91.12
126.16 86.15
115.12 80.35
108.49 78.41
110.14 84.49
143.84 93.88
132.79 96.92
163.18 80.62
171.47 76.48
177.27 72.61
189.42 69.85
144.95 62.39
146.88 72.06
132.52 70.96
92.74 77.58
86.94 78.41
81.69 80.90
79.48 76.48
76.44 71.78
98.54 74.55
102.96 74.55
86.66 86.70
101.86 98.30
82.24 113.77
75.34 94.16
75.89 105.76
90.26 123.99
95.50 111.84
186.24 113.63
168.56 94.57
185.14 91.26
145.91 107.00
160.55 105.90
173.26 115.57
342.17 70.19
328.91 77.64
360.68 76.26
531.94 216.77
417.89 57.35
318.79 60.45
336.75 53.63
338.61 40.63
323.13 31.33
326.84 41.86
303.93 48.68
300.83 64.78
285.34 69.12
281.63 46.82
290.92 47.44
112.54 64.16
106.96 54.87
100.15 56.73
120.59 56.11
90.24 58.59
10.34 124.86
7.86 84.60
10.34 94.51
4.15 96.99
3.53 72.83
17.15 43.10
25.20 38.77
20.25 31.95
48.12 40.01
41.93 36.29
35.73 37.53
59.27 43.10
23.35 50.54
562.21 118.05
