66.76 561.40
63.02 500.31
10.66 410.54
34.35 440.47
20.63 421.76
75.49 467.89
106.66 451.69
141.57 484.10
131.60 517.76
155.28 563.89
192.69 535.22
220.11 511.53
192.69 494.08
181.47 477.87
255.02 575.11
276.22 546.44
263.75 520.26
230.09 535.22
304.89 531.48
331.08 535.22
332.32 558.91
374.71 572.62
368.48 537.71
316.11 590.08
378.45 592.57
580.43 590.08
570.45 570.13
553.00 548.93
553.00 520.26
518.09 541.45
488.17 541.45
454.50 515.27
442.04 505.30
412.11 485.35
389.67 474.13
368.48 505.30
353.52 476.62
363.49 449.19
384.69 449.19
9.73 372.67
10.97 341.50
1.62 333.40
1.00 319.37
1.93 284.47
11.91 285.40
15.02 276.67
12.22 267.32
0.37 256.41
45.88 259.22
50.56 253.92
25.31 244.57
20.32 244.26
5.05 278.86
30.92 300.98
12.53 304.41
10.35 298.18
0.06 293.19
12.22 291.95
16.89 289.45
17.52 299.74
14.09 329.04
30.61 353.35
46.19 339.32
40.27 335.58
30.92 321.87
40.89 313.14
33.73 312.83
43.70 305.35
56.17 313.14
51.18 318.75
55.23 353.97
44.63 348.67
67.08 361.14
56.17 365.50
41.83 375.48
128.17 297.56
121.00 311.89
108.53 318.44
86.71 326.23
81.41 317.82
69.26 289.14
92.32 357.40
98.56 362.70
102.61 355.53
107.91 363.95
43.39 288.83
69.57 330.60
93.57 324.98
80.79 330.60
83.28 342.13
78.92 368.62
184.89 338.08
184.89 328.41
165.26 331.22
152.48 333.71
146.24 320.00
128.48 320.62
121.31 322.80
139.39 307.53
157.47 300.05
153.73 314.08
174.30 314.08
72.06 338.08
84.22 351.17
57.10 380.47
52.74 387.95
70.82 395.11
34.66 395.11
88.27 387.95
108.53 380.78
118.50 374.23
120.37 361.76
140.01 368.62
137.21 375.48
122.56 387.01
134.40 390.75
150.61 399.48
157.15 390.75
178.66 386.39
188.32 385.76
203.60 374.23
208.27 395.74
213.88 366.13
206.40 350.23
195.80 334.02
188.32 326.23
187.70 314.08
194.56 309.09
203.60 314.08
217.31 314.39
221.05 305.35
206.40 323.11
214.82 337.76
218.56 331.53
81.41 420.05
89.21 399.48
101.67 402.60
101.05 424.41
128.37 452.78
117.47 429.09
143.65 423.48
220.01 451.84
212.53 468.36
229.05 476.47
180.11 434.39
164.22 433.14
158.30 452.47
195.39 448.41
183.23 442.18
232.17 408.52
262.71 428.78
271.75 421.61
269.88 403.84
283.28 414.75
287.02 430.96
249.00 485.19
265.52 492.67
280.48 499.84
177.00 512.93
111.23 474.91
149.57 473.66
143.96 437.50
234.04 390.44
246.82 391.37
267.08 378.60
255.54 371.11
229.36 359.27
253.36 356.47
283.28 377.35
283.91 365.82
279.23 392.62
262.40 506.39
298.56 432.52
306.97 424.41
302.92 403.22
303.86 394.80
394.24 443.11
401.10 435.95
376.79 415.37
366.82 426.60
354.66 420.67
354.66 440.93
328.48 404.15
327.23 393.24
340.01 396.36
349.98 396.98
354.97 387.63
363.70 384.52
354.97 376.10
338.76 376.73
314.45 380.15
303.86 382.65
301.67 368.62
299.18 358.34
318.50 363.95
334.40 363.63
340.32 365.82
330.66 350.54
339.08 344.93
361.21 349.61
368.69 354.28
363.70 359.58
369.31 371.74
375.86 390.44
370.56 400.73
273.93 355.22
277.36 348.67
291.39 345.24
281.10 342.75
303.86 352.73
317.57 349.30
369.31 343.37
376.17 344.00
385.83 353.66
382.09 345.56
396.43 348.36
402.04 348.36
408.58 350.86
427.28 355.22
405.15 361.76
409.52 358.34
419.49 378.91
425.10 372.67
404.22 377.04
392.06 374.54
393.93 384.52
393.93 400.73
407.34 398.54
432.27 388.88
445.67 398.86
442.56 429.40
445.67 444.05
423.86 460.57
431.34 483.63
433.52 462.13
431.02 427.22
433.83 344.93
441.00 341.82
443.80 351.48
51.18 300.52
41.83 299.27
142.82 286.18
186.45 291.79
201.41 284.86
237.10 307.92
245.52 306.36
234.76 319.14
226.35 317.58
247.08 276.44
249.57 253.84
240.53 230.00
249.73 231.09
250.04 237.48
193.00 322.02
250.66 326.08
259.39 322.02
284.95 328.88
269.67 326.70
262.50 335.11
250.35 335.43
228.53 336.98
237.57 332.00
264.69 311.11
268.11 316.10
278.09 314.23
281.83 307.69
294.61 310.80
306.76 307.06
304.89 317.66
319.54 317.35
309.26 330.44
304.89 326.08
292.74 319.53
288.37 308.00
293.67 298.65
284.01 300.21
270.92 297.71
275.60 292.73
269.98 290.54
264.37 295.53
255.65 291.48
267.80 284.62
282.76 278.39
295.86 278.70
289.00 284.62
283.39 284.93
103.54 197.97
106.66 193.61
116.01 198.13
130.04 201.56
131.91 197.19
171.80 205.92
169.00 203.74
292.43 288.21
291.80 292.88
260.63 284.15
256.27 284.15
255.34 273.56
258.45 271.37
250.66 270.13
253.15 268.57
258.14 259.84
259.08 253.61
256.27 250.18
256.27 238.02
260.63 233.66
257.83 233.04
262.82 230.86
255.96 229.61
233.83 229.30
236.32 220.57
219.80 231.48
226.35 235.22
221.05 228.05
217.00 225.87
218.87 221.50
212.63 222.75
211.70 214.65
203.60 213.40
196.43 214.96
193.31 204.67
183.96 212.47
178.35 206.23
185.83 200.62
182.40 202.49
178.97 199.06
99.18 199.06
162.45 203.11
185.83 191.89
195.18 194.70
195.18 202.49
202.35 205.92
192.06 200.31
265.62 237.40
277.15 233.66
281.83 233.04
284.32 238.02
270.61 240.83
271.86 247.37
273.10 256.10
283.08 253.30
288.69 245.19
293.67 247.06
297.41 242.70
301.78 243.32
303.02 237.40
312.37 251.11
315.18 246.75
320.48 244.57
328.89 249.56
318.30 253.61
308.95 254.23
308.63 250.49
304.58 250.49
293.67 255.48
285.88 255.48
297.10 257.66
263.75 262.02
263.44 253.30
272.48 267.63
286.50 269.19
279.65 264.83
276.22 267.01
284.95 260.47
307.08 266.39
293.67 269.19
298.97 273.24
311.44 272.62
312.37 264.83
317.67 262.02
317.05 264.83
319.54 257.04
326.71 254.86
332.95 251.74
333.88 267.01
334.19 277.30
317.67 283.84
303.34 287.89
297.10 293.19
278.71 285.09
269.05 274.49
299.60 282.28
314.56 280.10
330.76 290.70
323.60 288.21
313.62 290.08
307.08 298.49
311.44 300.67
321.73 294.13
337.00 296.62
332.95 299.43
326.40 304.10
321.41 305.66
341.05 246.44
345.73 264.83
340.43 263.27
353.52 263.58
359.75 258.91
365.67 253.92
369.41 255.17
374.40 257.04
374.09 264.83
369.73 266.39
361.31 264.21
364.74 271.37
345.73 274.18
348.84 270.13
352.27 267.01
380.63 267.95
371.91 269.82
377.83 275.74
389.36 272.31
385.62 267.95
392.79 267.95
394.35 262.02
426.45 280.10
416.48 283.84
401.52 283.22
406.50 284.47
396.53 282.28
381.26 286.02
366.61 288.52
362.56 288.83
362.56 282.91
354.14 282.28
348.84 281.35
343.54 283.53
340.74 292.88
347.91 291.95
341.36 298.49
326.09 314.70
329.52 322.49
342.30 319.37
342.30 312.83
349.15 308.15
352.27 301.61
347.60 296.93
357.57 295.06
366.92 294.75
361.62 295.37
362.56 301.30
371.60 295.37
369.41 300.98
374.09 290.08
377.21 292.88
383.75 300.98
390.92 306.91
399.96 303.17
410.56 294.13
422.09 290.08
430.50 294.44
421.78 297.24
391.54 298.80
392.79 291.63
397.47 292.88
402.76 293.19
413.36 300.67
401.21 313.45
394.04 315.01
384.06 323.74
383.75 316.88
357.57 307.53
355.70 316.26
349.78 319.06
337.62 332.78
330.45 335.58
347.60 338.08
366.30 326.23
368.48 312.83
368.79 318.44
376.58 314.08
373.78 319.69
374.09 305.97
369.10 305.35
441.10 299.11
430.82 300.36
424.58 308.15
432.69 305.97
435.18 304.73
443.28 304.73
464.17 298.80
460.43 301.30
456.37 305.35
451.08 306.91
470.09 304.73
468.84 298.18
474.45 299.43
478.82 304.10
484.43 308.15
474.76 312.52
467.60 308.15
463.23 315.01
452.32 322.49
443.28 316.26
437.05 311.27
431.44 315.95
434.56 313.45
425.52 322.80
419.28 326.23
408.37 324.67
411.18 315.63
380.32 336.83
371.28 326.54
389.98 331.22
396.22 329.97
392.79 336.83
415.54 332.47
408.37 340.26
427.39 330.28
430.50 322.18
437.67 323.74
448.58 329.04
437.67 329.97
448.89 336.83
458.56 330.91
466.04 324.05
482.24 314.08
486.92 321.87
481.93 320.00
493.47 324.36
493.47 302.54
494.09 309.71
492.22 338.08
489.41 330.28
484.43 328.73
474.76 334.65
479.44 337.14
470.71 334.65
471.02 344.93
457.31 345.87
457.21 383.89
463.44 392.00
466.56 384.52
462.19 375.79
453.78 373.61
458.14 356.47
470.92 355.53
463.75 350.86
475.28 351.48
489.93 353.35
488.69 364.88
499.60 349.92
494.92 348.67
501.78 342.75
498.66 338.70
498.97 333.40
503.65 337.76
509.57 325.92
505.83 318.13
500.22 315.32
496.17 318.13
499.91 377.97
480.27 383.89
470.61 375.17
508.32 369.24
512.06 355.53
513.00 345.56
528.58 346.80
530.14 335.58
524.53 330.28
519.23 333.71
513.31 328.41
519.86 323.43
516.43 320.93
515.18 299.74
506.76 304.41
504.27 300.67
503.96 295.37
498.66 298.49
523.60 303.17
529.21 305.66
536.37 307.53
542.30 305.35
530.14 310.96
531.70 307.22
542.92 318.75
547.91 317.50
528.58 318.75
522.66 316.26
520.17 309.40
524.84 310.34
524.84 357.71
522.66 366.44
519.54 372.98
493.05 397.61
497.41 394.80
466.56 397.92
475.91 397.61
456.89 404.78
467.80 426.60
470.30 409.76
462.50 449.97
486.50 440.62
498.66 429.40
496.79 414.44
503.34 406.96
513.31 401.04
565.05 377.35
544.79 375.79
551.65 371.74
555.08 369.24
557.26 364.26
543.86 364.26
542.30 356.47
543.86 346.80
541.67 341.19
536.37 330.60
536.37 322.49
551.65 331.22
555.70 327.79
557.57 322.49
565.36 321.87
560.69 315.95
567.54 315.95
569.41 310.65
573.47 314.08
580.01 309.40
582.50 310.02
603.39 307.22
594.66 315.32
601.83 318.13
612.43 310.02
524.53 385.45
522.66 376.41
530.14 370.80
519.23 395.43
526.71 404.78
517.67 413.50
517.36 425.97
501.15 454.34
483.08 460.57
537.00 421.61
535.75 442.80
556.01 429.71
569.10 438.44
572.53 423.79
575.65 404.15
568.79 400.41
546.66 401.04
538.24 403.22
540.43 393.24
578.14 369.56
570.04 359.27
561.62 350.86
557.88 355.22
558.19 338.70
555.70 334.34
575.02 329.66
570.35 331.53
579.39 323.43
582.82 320.31
589.67 326.23
584.06 331.53
580.63 340.26
573.78 341.19
571.60 337.76
587.18 395.74
573.15 392.00
581.26 388.88
575.65 351.17
571.60 348.98
589.98 346.80
594.66 334.65
601.83 329.35
596.84 329.66
613.05 342.75
608.37 348.67
603.08 355.22
600.58 360.52
594.97 368.00
588.74 376.10
584.06 368.62
588.74 362.08
581.26 360.52
588.43 353.35
596.22 340.26
611.49 327.17
613.67 362.70
609.93 378.91
601.52 380.15
612.11 389.50
609.93 402.60
595.60 403.53
595.91 415.06
593.10 431.89
583.75 442.80
609.62 438.75
569.41 412.26
597.78 459.63
611.18 504.36
585.62 471.32
582.71 509.97
554.66 491.27
537.21 470.08
527.86 485.04
608.27 485.04
348.11 576.36
210.97 541.45
179.80 489.09
7.54 456.36
351.65 460.73
459.49 490.65
461.36 477.56
480.69 474.44
491.28 469.45
511.23 489.40
487.54 508.73
421.05 589.76
438.50 612.83
537.00 484.41
561.93 589.14
502.09 483.01
610.87 410.39
594.04 468.98
435.39 361.14
408.89 307.84
505.83 312.21
508.95 311.27
533.26 339.95
527.65 341.19
599.34 345.87
203.18 472.10
150.82 415.37
68.53 313.14
