95.76 635.40
92.02 574.31
22.21 556.86
15.97 508.23
39.66 484.54
63.35 514.47
49.63 495.76
104.49 541.89
135.66 525.69
170.57 558.10
160.60 591.76
184.28 637.89
221.69 609.22
249.11 585.53
221.69 568.08
210.47 551.87
291.50 690.26
284.02 649.11
305.22 620.44
292.75 594.26
259.09 609.22
333.89 605.48
360.08 609.22
361.32 632.91
403.71 646.62
397.48 611.71
345.11 664.08
407.45 666.57
442.36 702.73
366.31 741.37
499.71 716.44
479.76 689.01
527.14 692.75
575.76 751.35
609.43 664.08
599.45 644.13
582.00 622.93
582.00 594.26
547.09 615.45
517.17 615.45
483.50 589.27
471.04 579.30
441.11 559.35
418.67 548.13
397.48 579.30
382.52 550.62
392.49 523.19
413.69 523.19
6.62 433.58
5.69 422.05
21.27 436.08
38.73 446.67
22.83 451.04
39.97 415.50
30.62 407.40
21.89 401.48
30.00 393.37
17.22 390.26
13.17 376.54
15.35 367.50
30.93 358.47
40.91 359.40
44.02 350.67
41.22 341.32
29.37 330.41
16.28 331.35
11.30 324.49
74.88 333.22
79.56 327.92
54.31 318.57
49.32 318.26
34.05 352.86
59.92 374.98
41.53 378.41
39.35 372.18
29.06 367.19
41.22 365.95
45.89 363.45
46.52 373.74
43.09 403.04
59.61 427.35
75.19 413.32
69.27 409.58
59.92 395.87
69.89 387.14
62.73 386.83
72.70 379.35
85.17 387.14
80.18 392.75
84.23 427.97
73.63 422.67
96.08 435.14
85.17 439.50
70.83 449.48
157.17 371.56
150.00 385.89
137.53 392.44
115.71 400.23
110.41 391.82
98.26 363.14
121.32 431.40
127.56 436.70
131.61 429.53
136.91 437.95
72.39 362.83
98.57 404.60
122.57 398.98
109.79 404.60
112.28 416.13
107.92 442.62
213.89 412.08
213.89 402.41
194.26 405.22
181.48 407.71
175.24 394.00
157.48 394.62
150.31 396.80
168.39 381.53
186.47 374.05
182.73 388.08
203.30 388.08
101.06 412.08
113.22 425.17
86.10 454.47
81.74 461.95
99.82 469.11
63.66 469.11
117.27 461.95
137.53 454.78
147.50 448.23
149.37 435.76
169.01 442.62
166.21 449.48
151.56 461.01
163.40 464.75
179.61 473.48
186.15 464.75
207.66 460.39
217.32 459.76
232.60 448.23
237.27 469.74
242.88 440.13
235.40 424.23
224.80 408.02
217.32 400.23
216.70 388.08
223.56 383.09
232.60 388.08
246.31 388.39
250.05 379.35
235.40 397.11
243.82 411.76
247.56 405.53
110.41 494.05
118.21 473.48
130.67 476.60
130.05 498.41
157.37 526.78
146.47 503.09
172.65 497.48
249.01 525.84
241.53 542.36
258.05 550.47
209.11 508.39
193.22 507.14
187.30 526.47
224.39 522.41
212.23 516.18
261.17 482.52
291.71 502.78
300.75 495.61
298.88 477.84
312.28 488.75
316.02 504.96
278.00 559.19
294.52 566.67
309.48 573.84
206.00 586.93
140.23 548.91
178.57 547.66
172.96 511.50
263.04 464.44
275.82 465.37
296.08 452.60
284.54 445.11
258.36 433.27
282.36 430.47
312.28 451.35
312.91 439.82
308.23 466.62
291.40 580.39
327.56 506.52
335.97 498.41
331.92 477.22
332.86 468.80
423.24 517.11
430.10 509.95
405.79 489.37
395.82 500.60
383.66 494.67
383.66 514.93
357.48 478.15
356.23 467.24
369.01 470.36
378.98 470.98
383.97 461.63
392.70 458.52
383.97 450.10
367.76 450.73
343.45 454.15
332.86 456.65
330.67 442.62
328.18 432.34
347.50 437.95
363.40 437.63
369.32 439.82
359.66 424.54
368.08 418.93
390.21 423.61
397.69 428.28
392.70 433.58
398.31 445.74
404.86 464.44
399.56 474.73
302.93 429.22
306.36 422.67
320.39 419.24
310.10 416.75
332.86 426.73
346.57 423.30
398.31 417.37
405.17 418.00
414.83 427.66
411.09 419.56
425.43 422.36
431.04 422.36
437.58 424.86
456.28 429.22
434.15 435.76
438.52 432.34
448.49 452.91
454.10 446.67
433.22 451.04
421.06 448.54
422.93 458.52
422.93 474.73
436.34 472.54
461.27 462.88
474.67 472.86
471.56 503.40
474.67 518.05
452.86 534.57
460.34 557.63
462.52 536.13
460.02 501.22
462.83 418.93
470.00 415.82
472.80 425.48
80.18 374.52
70.83 373.27
171.82 360.18
215.45 365.79
230.41 358.86
266.10 381.92
274.52 380.36
263.76 393.14
255.35 391.58
276.08 350.44
278.57 327.84
269.53 304.00
278.73 305.09
279.04 311.48
222.00 396.02
279.66 400.08
288.39 396.02
313.95 402.88
298.67 400.70
291.50 409.11
279.35 409.43
257.53 410.98
266.57 406.00
293.69 385.11
297.11 390.10
307.09 388.23
310.83 381.69
323.61 384.80
335.76 381.06
333.89 391.66
348.54 391.35
338.26 404.44
333.89 400.08
321.74 393.53
317.37 382.00
322.67 372.65
313.01 374.21
299.92 371.71
304.60 366.73
298.98 364.54
293.37 369.53
284.65 365.48
296.80 358.62
311.76 352.39
324.86 352.70
318.00 358.62
312.39 358.93
132.54 271.97
135.66 267.61
145.01 272.13
159.04 275.56
160.91 271.19
200.80 279.92
198.00 277.74
321.43 362.21
320.80 366.88
289.63 358.15
285.27 358.15
284.34 347.56
287.45 345.37
279.66 344.13
282.15 342.57
287.14 333.84
288.08 327.61
285.27 324.18
285.27 312.02
289.63 307.66
286.83 307.04
291.82 304.86
284.96 303.61
262.83 303.30
265.32 294.57
248.80 305.48
255.35 309.22
250.05 302.05
246.00 299.87
247.87 295.50
241.63 296.75
240.70 288.65
232.60 287.40
225.43 288.96
222.31 278.67
212.96 286.47
207.35 280.23
214.83 274.62
211.40 276.49
207.97 273.06
128.18 273.06
191.45 277.11
214.83 265.89
224.18 268.70
224.18 276.49
231.35 279.92
221.06 274.31
294.62 311.40
306.15 307.66
310.83 307.04
313.32 312.02
299.61 314.83
300.86 321.37
302.10 330.10
312.08 327.30
317.69 319.19
322.67 321.06
326.41 316.70
330.78 317.32
332.02 311.40
341.37 325.11
344.18 320.75
349.48 318.57
357.89 323.56
347.30 327.61
337.95 328.23
337.63 324.49
333.58 324.49
322.67 329.48
314.88 329.48
326.10 331.66
292.75 336.02
292.44 327.30
301.48 341.63
315.50 343.19
308.65 338.83
305.22 341.01
313.95 334.47
336.08 340.39
322.67 343.19
327.97 347.24
340.44 346.62
341.37 338.83
346.67 336.02
346.05 338.83
348.54 331.04
355.71 328.86
361.95 325.74
362.88 341.01
363.19 351.30
346.67 357.84
332.34 361.89
326.10 367.19
307.71 359.09
298.05 348.49
328.60 356.28
343.56 354.10
359.76 364.70
352.60 362.21
342.62 364.08
336.08 372.49
340.44 374.67
350.73 368.13
366.00 370.62
361.95 373.43
355.40 378.10
350.41 379.66
370.05 320.44
374.73 338.83
369.43 337.27
382.52 337.58
388.75 332.91
394.67 327.92
398.41 329.17
403.40 331.04
403.09 338.83
398.73 340.39
390.31 338.21
393.74 345.37
374.73 348.18
377.84 344.13
381.27 341.01
409.63 341.95
400.91 343.82
406.83 349.74
418.36 346.31
414.62 341.95
421.79 341.95
423.35 336.02
455.45 354.10
445.48 357.84
430.52 357.22
435.50 358.47
425.53 356.28
410.26 360.02
395.61 362.52
391.56 362.83
391.56 356.91
383.14 356.28
377.84 355.35
372.54 357.53
369.74 366.88
376.91 365.95
370.36 372.49
355.09 388.70
358.52 396.49
371.30 393.37
371.30 386.83
378.15 382.15
381.27 375.61
376.60 370.93
386.57 369.06
395.92 368.75
390.62 369.37
391.56 375.30
400.60 369.37
398.41 374.98
403.09 364.08
406.21 366.88
412.75 374.98
419.92 380.91
428.96 377.17
439.56 368.13
451.09 364.08
459.50 368.44
450.78 371.24
420.54 372.80
421.79 365.63
426.47 366.88
431.76 367.19
442.36 374.67
430.21 387.45
423.04 389.01
413.06 397.74
412.75 390.88
386.57 381.53
384.70 390.26
378.78 393.06
366.62 406.78
359.45 409.58
376.60 412.08
395.30 400.23
397.48 386.83
397.79 392.44
405.58 388.08
402.78 393.69
403.09 379.97
398.10 379.35
470.10 373.11
459.82 374.36
453.58 382.15
461.69 379.97
464.18 378.73
472.28 378.73
493.17 372.80
489.43 375.30
485.37 379.35
480.08 380.91
499.09 378.73
497.84 372.18
503.45 373.43
507.82 378.10
513.43 382.15
503.76 386.52
496.60 382.15
492.23 389.01
481.32 396.49
472.28 390.26
466.05 385.27
460.44 389.95
463.56 387.45
454.52 396.80
448.28 400.23
437.37 398.67
440.18 389.63
409.32 410.83
400.28 400.54
418.98 405.22
425.22 403.97
421.79 410.83
444.54 406.47
437.37 414.26
456.39 404.28
459.50 396.18
466.67 397.74
477.58 403.04
466.67 403.97
477.89 410.83
487.56 404.91
495.04 398.05
511.24 388.08
515.92 395.87
510.93 394.00
522.47 398.36
522.47 376.54
523.09 383.71
521.22 412.08
518.41 404.28
513.43 402.73
503.76 408.65
508.44 411.14
499.71 408.65
500.02 418.93
486.31 419.87
486.21 457.89
492.44 466.00
495.56 458.52
491.19 449.79
482.78 447.61
487.14 430.47
499.92 429.53
492.75 424.86
504.28 425.48
518.93 427.35
517.69 438.88
528.60 423.92
523.92 422.67
530.78 416.75
527.66 412.70
527.97 407.40
532.65 411.76
538.57 399.92
534.83 392.13
529.22 389.32
525.17 392.13
528.91 451.97
509.27 457.89
499.61 449.17
537.32 443.24
541.06 429.53
542.00 419.56
557.58 420.80
559.14 409.58
553.53 404.28
548.23 407.71
542.31 402.41
548.86 397.43
545.43 394.93
544.18 373.74
535.76 378.41
533.27 374.67
532.96 369.37
527.66 372.49
552.60 377.17
558.21 379.66
565.37 381.53
571.30 379.35
559.14 384.96
560.70 381.22
571.92 392.75
576.91 391.50
557.58 392.75
551.66 390.26
549.17 383.40
553.84 384.34
553.84 431.71
551.66 440.44
548.54 446.98
522.05 471.61
526.41 468.80
495.56 471.92
504.91 471.61
485.89 478.78
496.80 500.60
499.30 483.76
491.50 523.97
515.50 514.62
527.66 503.40
525.79 488.44
532.34 480.96
542.31 475.04
594.05 451.35
573.79 449.79
580.65 445.74
584.08 443.24
586.26 438.26
572.86 438.26
571.30 430.47
572.86 420.80
570.67 415.19
565.37 404.60
565.37 396.49
580.65 405.22
584.70 401.79
586.57 396.49
594.36 395.87
589.69 389.95
596.54 389.95
598.41 384.65
602.47 388.08
609.01 383.40
611.50 384.02
632.39 381.22
623.66 389.32
630.83 392.13
641.43 384.02
553.53 459.45
551.66 450.41
559.14 444.80
548.23 469.43
555.71 478.78
546.67 487.50
546.36 499.97
530.15 528.34
512.08 534.57
566.00 495.61
564.75 516.80
585.01 503.71
598.10 512.44
601.53 497.79
604.65 478.15
597.79 474.41
575.66 475.04
567.24 477.22
569.43 467.24
607.14 443.56
599.04 433.27
590.62 424.86
586.88 429.22
587.19 412.70
584.70 408.34
604.02 403.66
599.35 405.53
608.39 397.43
611.82 394.31
618.67 400.23
613.06 405.53
609.63 414.26
602.78 415.19
600.60 411.76
616.18 469.74
602.15 466.00
610.26 462.88
604.65 425.17
600.60 422.98
618.98 420.80
623.66 408.65
630.83 403.35
625.84 403.66
645.48 413.32
642.05 416.75
637.37 422.67
632.08 429.22
629.58 434.52
623.97 442.00
617.74 450.10
613.06 442.62
617.74 436.08
610.26 434.52
617.43 427.35
625.22 414.26
645.17 403.66
640.49 401.17
652.96 406.78
658.57 400.86
680.08 394.31
669.17 405.53
662.31 403.35
676.02 411.14
685.06 411.76
666.36 416.44
670.41 416.75
657.01 421.74
654.21 427.35
660.44 430.47
646.41 429.53
643.61 421.74
642.67 436.70
676.02 422.98
674.47 427.66
667.61 431.71
669.17 438.26
664.49 448.23
655.14 447.92
651.71 452.60
638.93 452.91
630.52 454.15
641.11 463.50
658.88 461.01
669.17 458.83
676.65 451.97
681.01 441.06
677.58 433.89
683.50 427.04
647.04 467.24
638.93 476.60
624.60 477.53
624.91 489.06
622.10 505.89
612.75 516.80
638.62 512.75
676.65 465.06
687.87 451.35
688.80 481.58
598.41 486.26
667.61 492.80
659.19 485.32
653.58 474.73
651.09 460.08
681.95 460.08
686.31 472.23
683.19 469.43
675.09 478.15
674.78 487.50
646.73 505.89
663.56 530.52
674.78 526.78
684.75 514.62
626.78 533.63
697.22 398.98
690.98 415.50
691.61 410.52
706.26 381.84
691.30 384.02
708.75 413.95
714.05 414.88
710.00 426.41
714.36 428.60
717.17 420.80
729.63 415.82
714.98 436.08
719.35 435.76
698.15 435.14
696.28 429.53
699.71 441.69
692.23 444.49
707.50 446.05
714.98 447.30
726.52 449.17
721.84 446.67
720.28 454.15
705.32 460.70
716.86 465.69
725.27 461.32
734.93 451.66
737.74 442.31
743.35 442.31
737.43 428.91
748.65 419.24
752.70 412.08
764.23 413.32
755.82 422.05
756.75 431.40
734.93 424.23
755.19 426.41
772.65 432.96
697.22 478.47
697.84 466.31
707.19 478.47
720.28 473.48
794.15 440.13
803.50 436.08
804.75 425.79
787.30 422.05
784.18 428.60
777.01 429.22
780.75 433.89
748.96 430.78
744.60 435.14
760.49 442.62
767.97 442.93
758.93 486.57
753.01 475.97
744.28 472.23
821.89 427.35
814.73 435.14
812.23 441.69
802.88 446.05
805.69 451.35
812.86 450.41
817.22 456.96
807.24 459.14
794.15 461.95
789.79 462.57
784.80 467.24
781.37 458.21
775.76 444.49
775.14 436.70
772.34 453.53
767.35 455.40
761.74 447.61
756.13 456.96
736.49 478.47
733.37 484.70
719.97 476.91
719.66 482.52
712.49 487.19
707.82 498.41
777.01 472.86
769.53 462.88
806.31 476.91
797.89 473.79
810.67 469.43
826.57 467.87
821.27 459.76
833.74 458.21
839.35 455.71
837.48 439.50
834.67 432.34
831.24 437.32
826.88 433.89
830.00 429.22
840.28 470.05
843.40 480.02
831.24 486.57
831.24 494.36
841.53 493.43
819.40 486.88
805.69 491.24
796.65 495.61
793.53 482.52
771.09 496.23
767.04 490.00
758.62 473.79
760.80 465.69
693.79 507.92
704.39 503.56
714.98 501.06
772.96 506.67
771.71 515.40
748.65 524.13
739.30 517.89
732.44 524.13
719.35 519.76
713.74 509.17
729.95 535.97
716.86 531.61
718.10 549.69
691.30 553.43
684.44 557.79
668.86 570.88
640.18 578.36
614.62 545.32
851.82 454.47
846.21 441.69
852.75 439.82
851.19 430.78
859.61 441.06
867.71 441.06
867.71 447.61
876.75 453.22
869.58 459.76
868.65 472.54
860.23 466.93
882.98 469.74
891.40 476.91
883.61 489.37
877.06 493.74
874.26 486.57
863.97 485.32
863.35 515.56
846.52 507.45
845.89 517.74
831.87 503.09
878.31 511.50
888.28 508.39
906.36 503.09
909.17 487.50
911.66 487.19
905.43 476.28
897.95 470.05
905.43 467.56
909.79 458.21
901.06 450.41
887.97 451.66
884.86 439.82
878.62 430.15
851.19 463.19
848.70 523.97
849.95 534.88
823.45 530.83
808.49 506.83
813.79 503.71
802.26 509.32
787.61 515.56
790.10 529.27
756.44 533.63
755.50 552.34
768.91 552.02
775.45 549.84
788.54 541.11
806.00 539.87
810.05 528.34
833.43 543.61
833.43 556.39
821.89 558.26
843.09 554.83
859.30 546.10
867.71 530.52
886.41 526.47
874.26 524.60
899.50 524.60
910.73 528.02
904.80 535.19
895.76 539.87
879.24 542.36
892.96 550.78
919.45 507.45
928.18 509.95
932.54 507.76
923.19 492.18
922.88 479.09
917.27 469.11
911.97 463.82
925.06 455.09
920.08 441.06
907.92 433.27
894.21 427.66
914.78 423.92
927.56 427.66
930.98 417.06
902.93 411.45
894.83 405.84
881.11 380.60
897.95 386.83
913.53 390.26
919.76 395.56
929.43 396.80
943.14 396.80
951.24 402.10
937.53 412.08
950.62 417.69
970.88 407.71
994.26 412.08
998.62 416.44
996.13 423.92
980.54 426.41
961.84 429.53
946.88 427.35
964.34 419.87
971.19 437.32
978.98 437.32
969.32 448.54
963.71 458.21
949.37 447.61
938.47 441.06
935.66 437.32
952.18 456.02
935.66 460.39
999.56 446.98
1003.61 454.78
988.96 455.40
983.66 467.56
979.61 472.23
968.08 467.87
974.62 480.02
988.65 482.21
998.62 474.41
993.32 495.92
976.49 490.93
955.30 478.78
947.82 477.84
953.11 470.36
938.78 467.56
944.08 469.74
929.11 469.11
934.41 482.21
935.04 490.00
930.67 526.78
936.28 533.32
964.65 547.66
965.89 532.08
960.28 528.02
951.56 519.92
956.86 506.83
965.27 498.10
959.66 487.19
974.00 511.82
986.78 506.83
1000.80 504.65
998.93 516.18
1004.54 500.28
999.56 532.39
991.14 539.24
997.69 547.66
939.71 552.02
1007.35 416.75
1011.40 426.73
1007.35 437.63
1016.39 451.66
1021.06 457.27
1023.24 464.44
1015.14 475.66
1004.86 480.02
1014.52 485.63
1011.40 507.45
1022.00 509.95
1020.13 521.17
1010.78 516.18
987.09 499.35
660.10 600.91
651.37 589.69
723.68 582.62
722.85 566.41
768.15 582.62
782.28 578.05
797.24 588.86
775.21 608.39
760.67 604.65
740.30 620.44
714.95 618.36
717.45 600.49
702.48 630.83
649.29 634.57
651.78 659.50
687.52 672.39
700.82 665.32
711.21 648.28
777.29 664.49
763.16 706.88
792.67 626.26
821.76 654.93
841.29 639.56
835.47 594.26
860.82 584.28
874.95 579.71
892.82 569.74
911.52 588.44
884.51 612.13
855.42 611.30
858.74 652.44
864.56 665.74
839.63 675.30
850.43 691.92
913.19 657.84
896.56 636.65
936.87 644.54
956.41 636.65
972.20 620.86
952.67 607.56
964.72 595.09
961.81 571.40
951.00 582.62
933.97 561.43
917.34 565.17
881.19 559.35
992.98 584.28
989.65 572.65
977.60 566.41
1000.04 612.13
986.33 652.44
990.90 632.49
973.86 664.91
953.91 684.86
962.23 714.78
980.10 682.78
1009.19 707.30
832.15 718.10
816.35 546.05
848.60 736.08
975.76 749.17
611.71 583.97
583.66 565.27
566.21 544.08
556.86 559.04
637.27 559.04
1020.65 564.02
1019.40 583.97
1018.15 605.79
1020.65 597.69
1021.27 688.70
377.11 650.36
239.97 615.45
208.80 563.09
36.54 530.36
380.65 534.73
488.49 564.65
490.36 551.56
509.69 548.44
520.28 543.45
540.23 563.40
516.54 582.73
377.74 691.19
450.05 663.76
467.50 686.83
539.82 711.76
566.00 558.41
590.93 663.14
531.09 557.01
639.87 484.39
623.04 542.98
464.39 435.14
437.89 381.84
534.83 386.21
537.95 385.27
562.26 413.95
556.65 415.19
628.34 419.87
830.31 446.67
826.88 453.53
886.10 431.09
8.08 467.56
232.18 546.10
179.82 489.37
97.53 387.14
-119.78 48.90
