4.71 602.62
200.45 600.13
183.00 578.93
183.00 550.26
148.09 571.45
118.17 571.45
84.50 545.27
72.04 535.30
42.11 515.35
19.67 504.13
14.69 479.19
24.24 473.11
31.10 465.95
6.79 445.37
5.86 420.44
0.56 430.73
6.17 374.00
15.83 383.66
12.09 375.56
26.43 378.36
32.04 378.36
38.58 380.86
57.28 385.22
35.15 391.76
39.52 388.34
49.49 408.91
55.10 402.67
34.22 407.04
22.06 404.54
23.93 414.52
23.93 430.73
37.34 428.54
62.27 418.88
75.67 428.86
72.56 459.40
75.67 474.05
53.86 490.57
61.34 513.63
63.52 492.13
61.02 457.22
63.83 374.93
71.00 371.82
73.80 381.48
4.40 287.04
4.09 294.83
10.63 297.95
1.91 299.82
7.83 305.74
19.36 302.31
15.62 297.95
22.79 297.95
24.35 292.02
56.45 310.10
46.48 313.84
31.52 313.22
36.50 314.47
26.53 312.28
11.26 316.02
1.60 325.37
4.09 320.08
7.21 322.88
13.75 330.98
20.92 336.91
29.96 333.17
40.56 324.13
52.09 320.08
60.50 324.44
51.78 327.24
21.54 328.80
22.79 321.63
27.47 322.88
32.76 323.19
43.36 330.67
31.21 343.45
24.04 345.01
14.06 353.74
13.75 346.88
6.58 344.08
3.78 349.69
4.09 335.97
71.10 329.11
60.82 330.36
54.58 338.15
62.69 335.97
65.18 334.73
73.28 334.73
94.17 328.80
90.43 331.30
86.37 335.35
81.08 336.91
100.09 334.73
98.84 328.18
104.45 329.43
108.82 334.10
114.43 338.15
104.76 342.52
97.60 338.15
93.23 345.01
82.32 352.49
73.28 346.26
67.05 341.27
61.44 345.95
64.56 343.45
55.52 352.80
49.28 356.23
38.37 354.67
41.18 345.63
10.32 366.83
1.28 356.54
19.98 361.22
26.22 359.97
22.79 366.83
45.54 362.47
38.37 370.26
57.39 360.28
60.50 352.18
67.67 353.74
78.58 359.04
67.67 359.97
78.89 366.83
88.56 360.91
96.04 354.05
112.24 344.08
116.92 351.87
111.93 350.00
123.47 354.36
123.47 332.54
124.09 339.71
122.22 368.08
119.41 360.28
114.43 358.73
104.76 364.65
109.44 367.14
100.71 364.65
101.02 374.93
87.31 375.87
87.21 413.89
93.44 422.00
96.56 414.52
92.19 405.79
83.78 403.61
88.14 386.47
100.92 385.53
93.75 380.86
105.28 381.48
119.93 383.35
118.69 394.88
129.60 379.92
124.92 378.67
131.78 372.75
128.66 368.70
128.97 363.40
133.65 367.76
139.57 355.92
135.83 348.13
130.22 345.32
126.17 348.13
129.91 407.97
110.27 413.89
100.61 405.17
138.32 399.24
142.06 385.53
143.00 375.56
158.58 376.80
160.14 365.58
154.53 360.28
149.23 363.71
143.31 358.41
149.86 353.43
146.43 350.93
145.18 329.74
136.76 334.41
134.27 330.67
133.96 325.37
128.66 328.49
153.60 333.17
159.21 335.66
166.37 337.53
172.30 335.35
160.14 340.96
161.70 337.22
172.92 348.75
177.91 347.50
158.58 348.75
152.66 346.26
150.17 339.40
154.84 340.34
154.84 387.71
152.66 396.44
149.54 402.98
123.05 427.61
127.41 424.80
96.56 427.92
105.91 427.61
86.89 434.78
97.80 456.60
100.30 439.76
92.50 479.97
116.50 470.62
128.66 459.40
126.79 444.44
133.34 436.96
143.31 431.04
195.05 407.35
174.79 405.79
181.65 401.74
185.08 399.24
187.26 394.26
173.86 394.26
172.30 386.47
173.86 376.80
171.67 371.19
166.37 360.60
166.37 352.49
181.65 361.22
185.70 357.79
187.57 352.49
195.36 351.87
190.69 345.95
197.54 345.95
199.41 340.65
203.47 344.08
210.01 339.40
212.50 340.02
233.39 337.22
224.66 345.32
231.83 348.13
242.43 340.02
154.53 415.45
152.66 406.41
160.14 400.80
149.23 425.43
156.71 434.78
147.67 443.50
147.36 455.97
131.15 484.34
113.08 490.57
167.00 451.61
165.75 472.80
186.01 459.71
199.10 468.44
202.53 453.79
205.65 434.15
198.79 430.41
176.66 431.04
168.24 433.22
170.43 423.24
208.14 399.56
200.04 389.27
191.62 380.86
187.88 385.22
188.19 368.70
185.70 364.34
205.02 359.66
200.35 361.53
209.39 353.43
212.82 350.31
219.67 356.23
214.06 361.53
210.63 370.26
203.78 371.19
201.60 367.76
217.18 425.74
203.15 422.00
211.26 418.88
205.65 381.17
201.60 378.98
219.98 376.80
224.66 364.65
231.83 359.35
226.84 359.66
246.48 369.32
243.05 372.75
238.37 378.67
233.08 385.22
230.58 390.52
224.97 398.00
218.74 406.10
214.06 398.62
218.74 392.08
211.26 390.52
218.43 383.35
226.22 370.26
246.17 359.66
241.49 357.17
253.96 362.78
259.57 356.86
281.08 350.31
270.17 361.53
263.31 359.35
277.02 367.14
286.06 367.76
267.36 372.44
271.41 372.75
258.01 377.74
255.21 383.35
261.44 386.47
247.41 385.53
244.61 377.74
243.67 392.70
277.02 378.98
275.47 383.66
268.61 387.71
270.17 394.26
265.49 404.23
256.14 403.92
252.71 408.60
239.93 408.91
231.52 410.15
242.11 419.50
259.88 417.01
270.17 414.83
277.65 407.97
282.01 397.06
278.58 389.89
284.50 383.04
248.04 423.24
239.93 432.60
225.60 433.53
225.91 445.06
223.10 461.89
213.75 472.80
239.62 468.75
277.65 421.06
288.87 407.35
289.80 437.58
199.41 442.26
268.61 448.80
260.19 441.32
254.58 430.73
252.09 416.08
282.95 416.08
287.31 428.23
284.19 425.43
276.09 434.15
275.78 443.50
247.73 461.89
264.56 486.52
275.78 482.78
285.75 470.62
227.78 489.63
298.22 354.98
291.98 371.50
292.61 366.52
307.26 337.84
292.30 340.02
309.75 369.95
315.05 370.88
311.00 382.41
315.36 384.60
318.17 376.80
330.63 371.82
315.98 392.08
320.35 391.76
299.15 391.14
297.28 385.53
300.71 397.69
293.23 400.49
308.50 402.05
315.98 403.30
327.52 405.17
322.84 402.67
321.28 410.15
306.32 416.70
317.86 421.69
326.27 417.32
335.93 407.66
338.74 398.31
344.35 398.31
338.43 384.91
349.65 375.24
353.70 368.08
365.23 369.32
356.82 378.05
357.75 387.40
335.93 380.23
356.19 382.41
373.65 388.96
298.22 434.47
298.84 422.31
308.19 434.47
321.28 429.48
395.15 396.13
404.50 392.08
405.75 381.79
388.30 378.05
385.18 384.60
378.01 385.22
381.75 389.89
349.96 386.78
345.60 391.14
361.49 398.62
368.97 398.93
359.93 442.57
354.01 431.97
345.28 428.23
422.89 383.35
415.73 391.14
413.23 397.69
403.88 402.05
406.69 407.35
413.86 406.41
418.22 412.96
408.24 415.14
395.15 417.95
390.79 418.57
385.80 423.24
382.37 414.21
376.76 400.49
376.14 392.70
373.34 409.53
368.35 411.40
362.74 403.61
357.13 412.96
337.49 434.47
334.37 440.70
320.97 432.91
320.66 438.52
313.49 443.19
308.82 454.41
378.01 428.86
370.53 418.88
407.31 432.91
398.89 429.79
411.67 425.43
427.57 423.87
422.27 415.76
434.74 414.21
440.35 411.71
438.48 395.50
435.67 388.34
432.24 393.32
427.88 389.89
431.00 385.22
441.28 426.05
444.40 436.02
432.24 442.57
432.24 450.36
442.53 449.43
420.40 442.88
406.69 447.24
397.65 451.61
394.53 438.52
372.09 452.23
368.04 446.00
359.62 429.79
361.80 421.69
294.79 463.92
305.39 459.56
315.98 457.06
373.96 462.67
372.71 471.40
349.65 480.13
340.30 473.89
333.44 480.13
320.35 475.76
314.74 465.17
330.95 491.97
317.86 487.61
319.10 505.69
292.30 509.43
285.44 513.79
269.86 526.88
241.18 534.36
215.62 501.32
452.82 410.47
447.21 397.69
453.75 395.82
452.19 386.78
460.61 397.06
468.71 397.06
468.71 403.61
477.75 409.22
470.58 415.76
469.65 428.54
461.23 422.93
483.98 425.74
492.40 432.91
484.61 445.37
478.06 449.74
475.26 442.57
464.97 441.32
464.35 471.56
447.52 463.45
446.89 473.74
432.87 459.09
479.31 467.50
489.28 464.39
507.36 459.09
510.17 443.50
512.66 443.19
506.43 432.28
498.95 426.05
506.43 423.56
510.79 414.21
502.06 406.41
488.97 407.66
485.86 395.82
479.62 386.15
452.19 419.19
449.70 479.97
450.95 490.88
424.45 486.83
409.49 462.83
414.79 459.71
403.26 465.32
388.61 471.56
391.10 485.27
357.44 489.63
356.50 508.34
369.91 508.02
376.45 505.84
389.54 497.11
407.00 495.87
411.05 484.34
434.43 499.61
434.43 512.39
422.89 514.26
444.09 510.83
460.30 502.10
468.71 486.52
487.41 482.47
475.26 480.60
500.50 480.60
511.73 484.02
505.80 491.19
496.76 495.87
480.24 498.36
493.96 506.78
520.45 463.45
529.18 465.95
533.54 463.76
524.19 448.18
523.88 435.09
518.27 425.11
512.97 419.82
526.06 411.09
521.08 397.06
508.92 389.27
495.21 383.66
515.78 379.92
528.56 383.66
531.98 373.06
503.93 367.45
495.83 361.84
482.11 336.60
498.95 342.83
514.53 346.26
520.76 351.56
530.43 352.80
544.14 352.80
552.24 358.10
538.53 368.08
551.62 373.69
571.88 363.71
595.26 368.08
599.62 372.44
597.13 379.92
581.54 382.41
562.84 385.53
547.88 383.35
565.34 375.87
572.19 393.32
579.98 393.32
570.32 404.54
564.71 414.21
550.37 403.61
539.47 397.06
536.66 393.32
553.18 412.02
536.66 416.39
600.56 402.98
604.61 410.78
589.96 411.40
584.66 423.56
580.61 428.23
569.08 423.87
575.62 436.02
589.65 438.21
599.62 430.41
594.32 451.92
577.49 446.93
556.30 434.78
548.82 433.84
554.11 426.36
539.78 423.56
545.08 425.74
530.11 425.11
535.41 438.21
536.04 446.00
531.67 482.78
537.28 489.32
565.65 503.66
566.89 488.08
561.28 484.02
552.56 475.92
557.86 462.83
566.27 454.10
560.66 443.19
575.00 467.82
587.78 462.83
601.80 460.65
599.93 472.18
605.54 456.28
600.56 488.39
592.14 495.24
598.69 503.66
540.71 508.02
608.35 372.75
612.40 382.73
608.35 393.63
605.86 436.02
612.40 463.45
611.78 472.18
588.09 455.35
261.10 556.91
252.37 545.69
324.68 538.62
323.85 522.41
369.15 538.62
383.28 534.05
398.24 544.86
376.21 564.39
361.67 560.65
341.30 576.44
315.95 574.36
318.45 556.49
303.48 586.83
250.29 590.57
312.21 604.28
393.67 582.26
422.76 610.93
442.29 595.56
436.47 550.26
461.82 540.28
475.95 535.71
493.82 525.74
512.52 544.44
485.51 568.13
456.42 567.30
459.74 608.44
514.19 613.84
497.56 592.65
537.87 600.54
557.41 592.65
573.20 576.86
553.67 563.56
565.72 551.09
562.81 527.40
552.00 538.62
534.97 517.43
518.34 521.17
482.19 515.35
593.98 540.28
590.65 528.65
578.60 522.41
601.04 568.13
587.33 608.44
591.90 588.49
417.35 502.05
212.71 539.97
184.66 521.27
167.21 500.08
157.86 515.04
238.27 515.04
89.49 520.65
91.36 507.56
110.69 504.44
121.28 499.45
141.23 519.40
117.54 538.73
167.00 514.41
132.09 513.01
240.87 440.39
224.04 498.98
65.39 391.14
38.89 337.84
135.83 342.21
138.95 341.27
163.26 369.95
157.65 371.19
229.34 375.87
431.31 402.67
427.88 409.53
487.10 387.09
