928.24 635.40
931.98 574.31
1001.79 556.86
1008.03 508.23
984.34 484.54
960.65 514.47
974.37 495.76
919.51 541.89
888.34 525.69
853.43 558.10
863.40 591.76
839.72 637.89
802.31 609.22
774.89 585.53
802.31 568.08
813.53 551.87
732.50 690.26
739.98 649.11
718.78 620.44
731.25 594.26
764.91 609.22
690.11 605.48
663.92 609.22
662.68 632.91
620.29 646.62
626.52 611.71
678.89 664.08
616.55 666.57
581.64 702.73
657.69 741.37
524.29 716.44
544.24 689.01
496.86 692.75
448.24 751.35
414.57 664.08
424.55 644.13
442.00 622.93
442.00 594.26
476.91 615.45
506.83 615.45
540.50 589.27
552.96 579.30
582.89 559.35
605.33 548.13
626.52 579.30
641.48 550.62
631.51 523.19
610.31 523.19
1017.38 433.58
1018.31 422.05
1002.73 436.08
985.27 446.67
1001.17 451.04
984.03 415.50
993.38 407.40
1002.11 401.48
994.00 393.37
1006.78 390.26
1010.83 376.54
1008.65 367.50
993.07 358.47
983.09 359.40
979.98 350.67
982.78 341.32
994.63 330.41
1007.72 331.35
1012.70 324.49
949.12 333.22
944.44 327.92
969.69 318.57
974.68 318.26
989.95 352.86
964.08 374.98
982.47 378.41
984.65 372.18
994.94 367.19
982.78 365.95
978.11 363.45
977.48 373.74
980.91 403.04
964.39 427.35
948.81 413.32
954.73 409.58
964.08 395.87
954.11 387.14
961.27 386.83
951.30 379.35
938.83 387.14
943.82 392.75
939.77 427.97
950.37 422.67
927.92 435.14
938.83 439.50
953.17 449.48
866.83 371.56
874.00 385.89
886.47 392.44
908.29 400.23
913.59 391.82
925.74 363.14
902.68 431.40
896.44 436.70
892.39 429.53
887.09 437.95
951.61 362.83
925.43 404.60
901.43 398.98
914.21 404.60
911.72 416.13
916.08 442.62
810.11 412.08
810.11 402.41
829.74 405.22
842.52 407.71
848.76 394.00
866.52 394.62
873.69 396.80
855.61 381.53
837.53 374.05
841.27 388.08
820.70 388.08
922.94 412.08
910.78 425.17
937.90 454.47
942.26 461.95
924.18 469.11
960.34 469.11
906.73 461.95
886.47 454.78
876.50 448.23
874.63 435.76
854.99 442.62
857.79 449.48
872.44 461.01
860.60 464.75
844.39 473.48
837.85 464.75
816.34 460.39
806.68 459.76
791.40 448.23
786.73 469.74
781.12 440.13
788.60 424.23
799.20 408.02
806.68 400.23
807.30 388.08
800.44 383.09
791.40 388.08
777.69 388.39
773.95 379.35
788.60 397.11
780.18 411.76
776.44 405.53
913.59 494.05
905.79 473.48
893.33 476.60
893.95 498.41
866.63 526.78
877.53 503.09
851.35 497.48
774.99 525.84
782.47 542.36
765.95 550.47
814.89 508.39
830.78 507.14
836.70 526.47
799.61 522.41
811.77 516.18
762.83 482.52
732.29 502.78
723.25 495.61
725.12 477.84
711.72 488.75
707.98 504.96
746.00 559.19
729.48 566.67
714.52 573.84
818.00 586.93
883.77 548.91
845.43 547.66
851.04 511.50
760.96 464.44
748.18 465.37
727.92 452.60
739.46 445.11
765.64 433.27
741.64 430.47
711.72 451.35
711.09 439.82
715.77 466.62
732.60 580.39
696.44 506.52
688.03 498.41
692.08 477.22
691.14 468.80
600.76 517.11
593.90 509.95
618.21 489.37
628.18 500.60
640.34 494.67
640.34 514.93
666.52 478.15
667.77 467.24
654.99 470.36
645.02 470.98
640.03 461.63
631.30 458.52
640.03 450.10
656.24 450.73
680.55 454.15
691.14 456.65
693.33 442.62
695.82 432.34
676.50 437.95
660.60 437.63
654.68 439.82
664.34 424.54
655.92 418.93
633.79 423.61
626.31 428.28
631.30 433.58
625.69 445.74
619.14 464.44
624.44 474.73
721.07 429.22
717.64 422.67
703.61 419.24
713.90 416.75
691.14 426.73
677.43 423.30
625.69 417.37
618.83 418.00
609.17 427.66
612.91 419.56
598.57 422.36
592.96 422.36
586.42 424.86
567.72 429.22
589.85 435.76
585.48 432.34
575.51 452.91
569.90 446.67
590.78 451.04
602.94 448.54
601.07 458.52
601.07 474.73
587.66 472.54
562.73 462.88
549.33 472.86
552.44 503.40
549.33 518.05
571.14 534.57
563.66 557.63
561.48 536.13
563.98 501.22
561.17 418.93
554.00 415.82
551.20 425.48
943.82 374.52
953.17 373.27
852.18 360.18
808.55 365.79
793.59 358.86
757.90 381.92
749.48 380.36
760.24 393.14
768.65 391.58
747.92 350.44
745.43 327.84
754.47 304.00
745.27 305.09
744.96 311.48
802.00 396.02
744.34 400.08
735.61 396.02
710.05 402.88
725.33 400.70
732.50 409.11
744.65 409.43
766.47 410.98
757.43 406.00
730.31 385.11
726.89 390.10
716.91 388.23
713.17 381.69
700.39 384.80
688.24 381.06
690.11 391.66
675.46 391.35
685.74 404.44
690.11 400.08
702.26 393.53
706.63 382.00
701.33 372.65
710.99 374.21
724.08 371.71
719.40 366.73
725.02 364.54
730.63 369.53
739.35 365.48
727.20 358.62
712.24 352.39
699.14 352.70
706.00 358.62
711.61 358.93
891.46 271.97
888.34 267.61
878.99 272.13
864.96 275.56
863.09 271.19
823.20 279.92
826.00 277.74
702.57 362.21
703.20 366.88
734.37 358.15
738.73 358.15
739.66 347.56
736.55 345.37
744.34 344.13
741.85 342.57
736.86 333.84
735.92 327.61
738.73 324.18
738.73 312.02
734.37 307.66
737.17 307.04
732.18 304.86
739.04 303.61
761.17 303.30
758.68 294.57
775.20 305.48
768.65 309.22
773.95 302.05
778.00 299.87
776.13 295.50
782.37 296.75
783.30 288.65
791.40 287.40
798.57 288.96
801.69 278.67
811.04 286.47
816.65 280.23
809.17 274.62
812.60 276.49
816.03 273.06
895.82 273.06
832.55 277.11
809.17 265.89
799.82 268.70
799.82 276.49
792.65 279.92
802.94 274.31
729.38 311.40
717.85 307.66
713.17 307.04
710.68 312.02
724.39 314.83
723.14 321.37
721.90 330.10
711.92 327.30
706.31 319.19
701.33 321.06
697.59 316.70
693.22 317.32
691.98 311.40
682.63 325.11
679.82 320.75
674.52 318.57
666.11 323.56
676.70 327.61
686.05 328.23
686.37 324.49
690.42 324.49
701.33 329.48
709.12 329.48
697.90 331.66
731.25 336.02
731.56 327.30
722.52 341.63
708.50 343.19
715.35 338.83
718.78 341.01
710.05 334.47
687.92 340.39
701.33 343.19
696.03 347.24
683.56 346.62
682.63 338.83
677.33 336.02
677.95 338.83
675.46 331.04
668.29 328.86
662.05 325.74
661.12 341.01
660.81 351.30
677.33 357.84
691.66 361.89
697.90 367.19
716.29 359.09
725.95 348.49
695.40 356.28
680.44 354.10
664.24 364.70
671.40 362.21
681.38 364.08
687.92 372.49
683.56 374.67
673.27 368.13
658.00 370.62
662.05 373.43
668.60 378.10
673.59 379.66
653.95 320.44
649.27 338.83
654.57 337.27
641.48 337.58
635.25 332.91
629.33 327.92
625.59 329.17
620.60 331.04
620.91 338.83
625.27 340.39
633.69 338.21
630.26 345.37
649.27 348.18
646.16 344.13
642.73 341.01
614.37 341.95
623.09 343.82
617.17 349.74
605.64 346.31
609.38 341.95
602.21 341.95
600.65 336.02
568.55 354.10
578.52 357.84
593.48 357.22
588.50 358.47
598.47 356.28
613.74 360.02
628.39 362.52
632.44 362.83
632.44 356.91
640.86 356.28
646.16 355.35
651.46 357.53
654.26 366.88
647.09 365.95
653.64 372.49
668.91 388.70
665.48 396.49
652.70 393.37
652.70 386.83
645.85 382.15
642.73 375.61
647.40 370.93
637.43 369.06
628.08 368.75
633.38 369.37
632.44 375.30
623.40 369.37
625.59 374.98
620.91 364.08
617.79 366.88
611.25 374.98
604.08 380.91
595.04 377.17
584.44 368.13
572.91 364.08
564.50 368.44
573.22 371.24
603.46 372.80
602.21 365.63
597.53 366.88
592.24 367.19
581.64 374.67
593.79 387.45
600.96 389.01
610.94 397.74
611.25 390.88
637.43 381.53
639.30 390.26
645.22 393.06
657.38 406.78
664.55 409.58
647.40 412.08
628.70 400.23
626.52 386.83
626.21 392.44
618.42 388.08
621.22 393.69
620.91 379.97
625.90 379.35
553.90 373.11
564.18 374.36
570.42 382.15
562.31 379.97
559.82 378.73
551.72 378.73
530.83 372.80
534.57 375.30
538.63 379.35
543.92 380.91
524.91 378.73
526.16 372.18
520.55 373.43
516.18 378.10
510.57 382.15
520.24 386.52
527.40 382.15
531.77 389.01
542.68 396.49
551.72 390.26
557.95 385.27
563.56 389.95
560.44 387.45
569.48 396.80
575.72 400.23
586.63 398.67
583.82 389.63
614.68 410.83
623.72 400.54
605.02 405.22
598.78 403.97
602.21 410.83
579.46 406.47
586.63 414.26
567.61 404.28
564.50 396.18
557.33 397.74
546.42 403.04
557.33 403.97
546.11 410.83
536.44 404.91
528.96 398.05
512.76 388.08
508.08 395.87
513.07 394.00
501.53 398.36
501.53 376.54
500.91 383.71
502.78 412.08
505.59 404.28
510.57 402.73
520.24 408.65
515.56 411.14
524.29 408.65
523.98 418.93
537.69 419.87
537.79 457.89
531.56 466.00
528.44 458.52
532.81 449.79
541.22 447.61
536.86 430.47
524.08 429.53
531.25 424.86
519.72 425.48
505.07 427.35
506.31 438.88
495.40 423.92
500.08 422.67
493.22 416.75
496.34 412.70
496.03 407.40
491.35 411.76
485.43 399.92
489.17 392.13
494.78 389.32
498.83 392.13
495.09 451.97
514.73 457.89
524.39 449.17
486.68 443.24
482.94 429.53
482.00 419.56
466.42 420.80
464.86 409.58
470.47 404.28
475.77 407.71
481.69 402.41
475.14 397.43
478.57 394.93
479.82 373.74
488.24 378.41
490.73 374.67
491.04 369.37
496.34 372.49
471.40 377.17
465.79 379.66
458.63 381.53
452.70 379.35
464.86 384.96
463.30 381.22
452.08 392.75
447.09 391.50
466.42 392.75
472.34 390.26
474.83 383.40
470.16 384.34
470.16 431.71
472.34 440.44
475.46 446.98
501.95 471.61
497.59 468.80
528.44 471.92
519.09 471.61
538.11 478.78
527.20 500.60
524.70 483.76
532.50 523.97
508.50 514.62
496.34 503.40
498.21 488.44
491.66 480.96
481.69 475.04
429.95 451.35
450.21 449.79
443.35 445.74
439.92 443.24
437.74 438.26
451.14 438.26
452.70 430.47
451.14 420.80
453.33 415.19
458.63 404.60
458.63 396.49
443.35 405.22
439.30 401.79
437.43 396.49
429.64 395.87
434.31 389.95
427.46 389.95
425.59 384.65
421.53 388.08
414.99 383.40
412.50 384.02
391.61 381.22
400.34 389.32
393.17 392.13
382.57 384.02
470.47 459.45
472.34 450.41
464.86 444.80
475.77 469.43
468.29 478.78
477.33 487.50
477.64 499.97
493.85 528.34
511.92 534.57
458.00 495.61
459.25 516.80
438.99 503.71
425.90 512.44
422.47 497.79
419.35 478.15
426.21 474.41
448.34 475.04
456.76 477.22
454.57 467.24
416.86 443.56
424.96 433.27
433.38 424.86
437.12 429.22
436.81 412.70
439.30 408.34
419.98 403.66
424.65 405.53
415.61 397.43
412.18 394.31
405.33 400.23
410.94 405.53
414.37 414.26
421.22 415.19
423.40 411.76
407.82 469.74
421.85 466.00
413.74 462.88
419.35 425.17
423.40 422.98
405.02 420.80
400.34 408.65
393.17 403.35
398.16 403.66
378.52 413.32
381.95 416.75
386.63 422.67
391.92 429.22
394.42 434.52
400.03 442.00
406.26 450.10
410.94 442.62
406.26 436.08
413.74 434.52
406.57 427.35
398.78 414.26
378.83 403.66
383.51 401.17
371.04 406.78
365.43 400.86
343.92 394.31
354.83 405.53
361.69 403.35
347.98 411.14
338.94 411.76
357.64 416.44
353.59 416.75
366.99 421.74
369.79 427.35
363.56 430.47
377.59 429.53
380.39 421.74
381.33 436.70
347.98 422.98
349.53 427.66
356.39 431.71
354.83 438.26
359.51 448.23
368.86 447.92
372.29 452.60
385.07 452.91
393.48 454.15
382.89 463.50
365.12 461.01
354.83 458.83
347.35 451.97
342.99 441.06
346.42 433.89
340.50 427.04
376.96 467.24
385.07 476.60
399.40 477.53
399.09 489.06
401.90 505.89
411.25 516.80
385.38 512.75
347.35 465.06
336.13 451.35
335.20 481.58
425.59 486.26
356.39 492.80
364.81 485.32
370.42 474.73
372.91 460.08
342.05 460.08
337.69 472.23
340.81 469.43
348.91 478.15
349.22 487.50
377.27 505.89
360.44 530.52
349.22 526.78
339.25 514.62
397.22 533.63
326.78 398.98
333.02 415.50
332.39 410.52
317.74 381.84
332.70 384.02
315.25 413.95
309.95 414.88
314.00 426.41
309.64 428.60
306.83 420.80
294.37 415.82
309.02 436.08
304.65 435.76
325.85 435.14
327.72 429.53
324.29 441.69
331.77 444.49
316.50 446.05
309.02 447.30
297.48 449.17
302.16 446.67
303.72 454.15
318.68 460.70
307.14 465.69
298.73 461.32
289.07 451.66
286.26 442.31
280.65 442.31
286.57 428.91
275.35 419.24
271.30 412.08
259.77 413.32
268.18 422.05
267.25 431.40
289.07 424.23
268.81 426.41
251.35 432.96
326.78 478.47
326.16 466.31
316.81 478.47
303.72 473.48
229.85 440.13
220.50 436.08
219.25 425.79
236.70 422.05
239.82 428.60
246.99 429.22
243.25 433.89
275.04 430.78
279.40 435.14
263.51 442.62
256.03 442.93
265.07 486.57
270.99 475.97
279.72 472.23
202.11 427.35
209.27 435.14
211.77 441.69
221.12 446.05
218.31 451.35
211.14 450.41
206.78 456.96
216.76 459.14
229.85 461.95
234.21 462.57
239.20 467.24
242.63 458.21
248.24 444.49
248.86 436.70
251.66 453.53
256.65 455.40
262.26 447.61
267.87 456.96
287.51 478.47
290.63 484.70
304.03 476.91
304.34 482.52
311.51 487.19
316.18 498.41
246.99 472.86
254.47 462.88
217.69 476.91
226.11 473.79
213.33 469.43
197.43 467.87
202.73 459.76
190.26 458.21
184.65 455.71
186.52 439.50
189.33 432.34
192.76 437.32
197.12 433.89
194.00 429.22
183.72 470.05
180.60 480.02
192.76 486.57
192.76 494.36
182.47 493.43
204.60 486.88
218.31 491.24
227.35 495.61
230.47 482.52
252.91 496.23
256.96 490.00
265.38 473.79
263.20 465.69
330.21 507.92
319.61 503.56
309.02 501.06
251.04 506.67
252.29 515.40
275.35 524.13
284.70 517.89
291.56 524.13
304.65 519.76
310.26 509.17
294.05 535.97
307.14 531.61
305.90 549.69
332.70 553.43
339.56 557.79
355.14 570.88
383.82 578.36
409.38 545.32
172.18 454.47
177.79 441.69
171.25 439.82
172.81 430.78
164.39 441.06
156.29 441.06
156.29 447.61
147.25 453.22
154.42 459.76
155.35 472.54
163.77 466.93
141.02 469.74
132.60 476.91
140.39 489.37
146.94 493.74
149.74 486.57
160.03 485.32
160.65 515.56
177.48 507.45
178.11 517.74
192.13 503.09
145.69 511.50
135.72 508.39
117.64 503.09
114.83 487.50
112.34 487.19
118.57 476.28
126.05 470.05
118.57 467.56
114.21 458.21
122.94 450.41
136.03 451.66
139.14 439.82
145.38 430.15
172.81 463.19
175.30 523.97
174.05 534.88
200.55 530.83
215.51 506.83
210.21 503.71
221.74 509.32
236.39 515.56
233.90 529.27
267.56 533.63
268.50 552.34
255.09 552.02
248.55 549.84
235.46 541.11
218.00 539.87
213.95 528.34
190.57 543.61
190.57 556.39
202.11 558.26
180.91 554.83
164.70 546.10
156.29 530.52
137.59 526.47
149.74 524.60
124.50 524.60
113.27 528.02
119.20 535.19
128.24 539.87
144.76 542.36
131.04 550.78
104.55 507.45
95.82 509.95
91.46 507.76
100.81 492.18
101.12 479.09
106.73 469.11
112.03 463.82
98.94 455.09
103.92 441.06
116.08 433.27
129.79 427.66
109.22 423.92
96.44 427.66
93.02 417.06
121.07 411.45
129.17 405.84
142.89 380.60
126.05 386.83
110.47 390.26
104.24 395.56
94.57 396.80
80.86 396.80
72.76 402.10
86.47 412.08
73.38 417.69
53.12 407.71
29.74 412.08
25.38 416.44
27.87 423.92
43.46 426.41
62.16 429.53
77.12 427.35
59.66 419.87
52.81 437.32
45.02 437.32
54.68 448.54
60.29 458.21
74.63 447.61
85.53 441.06
88.34 437.32
71.82 456.02
88.34 460.39
24.44 446.98
20.39 454.78
35.04 455.40
40.34 467.56
44.39 472.23
55.92 467.87
49.38 480.02
35.35 482.21
25.38 474.41
30.68 495.92
47.51 490.93
68.70 478.78
76.18 477.84
70.89 470.36
85.22 467.56
79.92 469.74
94.89 469.11
89.59 482.21
88.96 490.00
93.33 526.78
87.72 533.32
59.35 547.66
58.11 532.08
63.72 528.02
72.44 519.92
67.14 506.83
58.73 498.10
64.34 487.19
50.00 511.82
37.22 506.83
23.20 504.65
25.07 516.18
19.46 500.28
24.44 532.39
32.86 539.24
26.31 547.66
84.29 552.02
16.65 416.75
12.60 426.73
16.65 437.63
7.61 451.66
2.94 457.27
0.76 464.44
8.86 475.66
19.14 480.02
9.48 485.63
12.60 507.45
2.00 509.95
3.87 521.17
13.22 516.18
36.91 499.35
363.90 600.91
372.63 589.69
300.32 582.62
301.15 566.41
255.85 582.62
241.72 578.05
226.76 588.86
248.79 608.39
263.33 604.65
283.70 620.44
309.05 618.36
306.55 600.49
321.52 630.83
374.71 634.57
372.22 659.50
336.48 672.39
323.18 665.32
312.79 648.28
246.71 664.49
260.84 706.88
231.33 626.26
202.24 654.93
182.71 639.56
188.53 594.26
163.18 584.28
149.05 579.71
131.18 569.74
112.48 588.44
139.49 612.13
168.58 611.30
165.26 652.44
159.44 665.74
184.37 675.30
173.57 691.92
110.81 657.84
127.44 636.65
87.13 644.54
67.59 636.65
51.80 620.86
71.33 607.56
59.28 595.09
62.19 571.40
73.00 582.62
90.03 561.43
106.66 565.17
142.81 559.35
31.02 584.28
34.35 572.65
46.40 566.41
23.96 612.13
37.67 652.44
33.10 632.49
50.14 664.91
70.09 684.86
61.77 714.78
43.90 682.78
14.81 707.30
191.85 718.10
207.65 546.05
175.40 736.08
48.24 749.17
412.29 583.97
440.34 565.27
457.79 544.08
467.14 559.04
386.73 559.04
3.35 564.02
4.60 583.97
5.85 605.79
3.35 597.69
2.73 688.70
646.89 650.36
784.03 615.45
815.20 563.09
987.46 530.36
643.35 534.73
535.51 564.65
533.64 551.56
514.31 548.44
503.72 543.45
483.77 563.40
507.46 582.73
646.26 691.19
573.95 663.76
556.50 686.83
484.18 711.76
458.00 558.41
433.07 663.14
492.91 557.01
384.13 484.39
400.96 542.98
559.61 435.14
586.11 381.84
489.17 386.21
486.05 385.27
461.74 413.95
467.35 415.19
395.66 419.87
193.69 446.67
197.12 453.53
137.90 431.09
1015.92 467.56
791.82 546.10
844.18 489.37
926.47 387.14
1143.78 48.90
