1014.99 644.83
985.72 548.65
811.49 558.41
729.26 752.15
737.62 502.66
687.44 494.29
474.18 607.19
509.03 522.17
440.73 516.60
1016.38 495.69
984.33 502.66
973.18 437.15
921.60 435.75
931.36 494.29
871.43 492.90
829.61 495.69
780.83 456.66
637.26 445.51
577.33 424.60
546.66 448.30
518.79 747.97
606.60 492.90
465.82 455.27
461.64 424.60
461.64 395.33
401.71 407.88
361.28 405.09
320.86 407.88
329.23 451.09
354.32 470.60
242.81 522.17
249.78 661.55
76.94 761.91
69.97 522.17
46.28 470.60
132.70 451.09
167.54 406.48
132.70 402.30
35.13 414.85
82.52 392.54
1015.92 458.75
1008.25 432.97
998.50 423.21
1014.53 405.79
1001.98 403.70
969.23 399.51
954.59 399.51
943.44 420.42
909.99 408.57
923.93 391.15
914.87 383.48
909.29 388.36
887.69 405.79
866.78 426.69
829.84 444.81
845.18 404.39
854.93 393.94
845.87 384.18
860.51 379.30
825.66 400.91
813.81 397.42
829.15 381.39
762.24 423.91
780.36 388.36
795.69 386.27
735.76 412.06
740.64 381.39
752.49 383.48
767.82 373.03
759.46 368.15
719.03 386.27
661.89 412.06
691.16 416.94
689.07 396.03
612.41 415.54
627.04 371.64
643.07 376.52
653.52 365.37
573.38 391.15
592.20 392.54
584.53 377.91
587.32 368.15
573.38 368.15
555.26 368.15
534.35 370.24
524.59 368.15
601.95 374.43
525.29 404.39
593.59 354.21
523.20 525.66
510.19 394.64
496.95 376.52
510.89 356.31
489.98 357.70
470.47 351.43
464.89 376.52
448.17 367.46
455.83 345.85
439.80 353.52
422.38 359.09
427.26 353.52
416.11 348.64
432.14 374.43
397.99 362.58
403.56 341.67
387.54 344.46
362.45 359.09
354.78 375.12
317.15 380.00
323.42 359.09
315.06 345.85
296.94 340.97
281.60 355.61
267.67 355.61
268.36 334.00
246.06 362.58
233.52 353.52
221.67 355.61
234.21 340.97
230.03 334.00
249.55 334.00
260.70 336.79
244.67 350.73
241.88 424.60
196.58 409.97
214.70 384.88
185.43 362.58
203.55 350.73
211.22 340.97
168.70 331.91
148.49 344.46
148.49 373.03
102.73 346.55
102.03 328.43
92.97 322.85
72.07 327.03
81.82 328.43
44.89 338.19
58.13 338.19
59.52 327.03
60.22 319.37
50.46 320.07
36.52 322.16
5.86 334.70
24.67 346.55
21.89 330.52
1022.54 373.03
1006.51 373.03
988.39 369.20
994.32 366.06
990.83 359.79
1007.91 358.40
962.26 359.44
967.83 371.99
968.53 361.88
979.33 377.21
958.77 375.47
961.56 365.71
956.33 365.37
949.71 368.15
942.05 357.00
949.02 383.83
972.36 386.62
987.00 389.06
994.32 377.91
930.55 379.65
931.59 369.20
921.84 366.06
917.31 376.52
922.53 378.95
897.79 374.43
894.66 368.50
893.61 361.88
901.97 360.84
907.90 355.61
923.93 354.91
880.37 374.43
877.93 363.27
881.07 358.05
878.28 353.87
865.39 371.99
862.60 366.06
868.52 358.05
859.81 350.73
846.92 354.56
846.92 361.88
851.10 366.76
840.30 359.79
836.12 349.68
831.93 352.12
849.71 348.64
848.66 346.55
823.92 348.29
820.44 352.12
819.74 368.15
830.19 359.44
803.71 353.17
812.77 353.87
795.35 347.59
790.12 346.20
782.45 346.90
788.73 355.61
783.15 353.17
784.89 359.44
812.77 373.73
767.12 360.49
769.91 355.61
772.00 349.68
767.82 345.85
768.17 341.67
775.83 342.02
780.71 340.97
784.89 342.37
903.02 351.08
867.83 348.29
869.57 342.37
813.12 346.20
753.76 379.48
742.26 366.58
747.32 360.49
756.20 357.70
754.29 347.94
752.89 342.37
749.58 341.84
749.06 345.15
748.36 340.62
756.20 340.28
759.86 340.62
738.78 357.35
742.26 352.47
742.26 346.03
743.31 343.06
737.39 340.80
730.07 343.93
727.63 340.28
725.36 342.72
729.55 338.36
718.22 339.41
716.83 342.37
714.39 340.62
712.47 335.75
709.68 339.75
721.01 343.06
727.98 347.94
732.68 351.78
731.81 358.57
730.77 369.37
719.27 355.43
723.62 345.68
702.19 340.62
697.66 339.58
694.70 337.84
686.34 338.53
691.74 339.58
690.17 343.41
687.91 345.50
697.14 344.46
701.32 346.37
704.98 345.15
707.07 350.38
702.19 350.03
693.48 349.68
687.56 356.65
700.10 357.87
719.44 335.75
744.70 339.41
735.82 345.50
715.96 346.37
717.70 348.81
748.54 355.26
663.86 356.65
657.59 346.20
680.94 347.94
680.24 337.66
674.49 340.10
670.48 334.00
667.35 331.91
663.69 334.88
653.93 331.74
650.27 334.00
648.53 347.07
648.53 351.60
661.07 343.41
675.36 347.42
640.69 364.84
631.11 356.48
629.19 347.59
641.39 347.77
633.37 336.79
641.39 336.09
646.09 334.35
642.61 331.91
639.64 330.00
627.80 334.35
624.31 340.97
619.78 338.88
623.27 349.51
624.83 356.31
617.87 366.93
615.43 355.61
610.90 345.50
607.41 338.88
608.98 331.56
615.08 335.22
615.08 330.00
601.14 327.56
597.48 333.13
594.17 335.40
592.43 332.78
587.55 330.87
583.89 337.31
594.34 342.72
594.17 353.52
602.18 353.52
587.72 357.87
579.01 348.29
580.75 339.75
579.01 331.22
582.85 333.31
570.82 336.09
569.60 338.88
565.95 335.22
568.21 334.18
564.03 332.44
574.13 326.16
555.32 332.78
553.05 330.35
560.89 331.22
551.48 335.57
546.43 332.44
543.64 332.09
540.51 331.56
543.99 340.62
554.10 342.19
560.89 340.62
558.98 352.65
552.01 353.69
567.34 349.51
564.03 344.63
569.26 343.93
534.24 353.87
535.63 346.72
528.31 341.67
516.99 345.33
511.06 336.62
504.97 332.96
509.50 330.00
511.59 323.20
517.34 323.20
521.34 323.20
526.22 323.38
528.14 322.50
535.63 324.42
536.50 322.68
537.89 328.78
536.15 331.91
537.02 334.35
529.36 330.69
525.52 334.18
519.25 331.22
504.79 327.21
500.61 325.64
500.61 330.35
494.69 330.00
489.46 330.69
489.98 323.72
505.14 321.98
503.05 318.85
499.74 320.41
518.21 321.46
498.00 347.07
505.14 342.89
471.16 335.75
478.13 329.65
485.97 321.11
482.14 320.59
472.38 321.11
468.03 325.29
463.15 325.29
455.66 326.86
456.70 324.07
453.22 322.33
449.56 331.22
442.77 334.18
433.18 330.35
433.01 338.71
429.00 340.97
422.56 336.44
418.20 339.41
434.75 347.25
439.11 320.41
439.63 316.76
450.61 316.23
455.66 316.23
457.92 317.97
464.54 320.41
465.42 316.93
461.58 319.72
425.69 316.06
419.24 316.23
414.89 320.59
413.32 315.54
410.53 315.19
422.73 322.16
425.52 320.94
430.40 324.94
433.88 323.55
423.77 326.86
415.41 333.66
407.05 331.39
396.25 328.95
403.04 324.07
403.04 318.67
408.62 321.11
411.40 323.55
408.27 325.29
389.45 320.07
384.92 323.55
379.69 319.89
377.08 317.97
373.07 326.16
373.07 321.63
376.91 325.29
379.87 335.75
367.85 336.09
372.55 348.46
367.15 350.03
376.21 347.42
378.82 344.63
367.32 329.13
364.19 324.25
369.59 317.63
372.55 314.84
385.44 319.72
384.22 316.23
390.15 318.50
396.77 319.89
358.96 340.97
357.57 333.13
359.14 323.90
356.17 319.02
362.27 318.50
362.10 313.79
356.17 315.88
346.07 348.12
356.87 355.43
338.40 339.23
335.61 329.47
343.11 331.91
347.64 334.00
347.29 327.91
351.47 324.60
350.95 322.16
344.33 321.46
344.33 325.29
334.40 322.50
335.96 318.67
338.40 315.54
344.33 317.10
349.03 318.32
330.56 317.80
327.60 319.72
324.81 316.58
320.11 324.25
320.11 318.32
314.01 322.50
305.30 314.84
302.86 316.06
297.81 314.14
309.65 327.73
324.12 332.44
306.17 337.31
296.07 329.82
288.40 326.16
293.45 323.38
281.95 319.89
279.69 325.82
272.89 323.90
273.94 320.41
275.51 316.58
283.00 330.00
282.30 338.01
267.14 321.11
304.60 319.19
299.72 318.67
299.90 322.16
288.57 317.80
292.06 317.45
313.84 317.80
238.92 329.65
243.62 322.16
246.76 316.93
254.95 324.25
253.73 317.28
261.74 319.37
251.11 313.62
237.52 321.46
230.38 319.37
242.05 316.23
220.28 331.56
229.16 326.69
218.36 322.16
222.71 316.41
213.65 315.71
204.94 316.58
207.73 315.19
211.91 312.05
213.31 327.03
207.91 323.38
200.76 320.94
199.37 327.21
197.80 333.66
189.79 330.35
186.13 321.81
190.83 323.38
185.95 313.97
183.16 318.85
176.72 315.36
180.38 310.66
198.15 307.00
239.44 311.35
230.73 309.61
175.67 312.05
168.36 316.23
160.34 327.03
156.16 320.41
161.39 311.35
152.33 327.03
149.54 320.41
141.87 318.67
136.65 316.23
132.81 315.54
123.75 319.72
113.30 322.85
135.60 332.61
132.46 347.25
137.69 324.25
115.04 313.44
104.94 313.79
98.32 315.19
91.35 310.66
83.33 318.32
76.36 315.19
77.41 309.61
65.91 310.31
61.03 309.61
67.30 316.93
50.93 312.75
43.61 312.05
37.34 310.66
27.93 324.94
7.37 316.93
7.02 297.42
17.36 309.44
