9.01 644.83
38.28 548.65
212.51 558.41
294.74 752.15
286.38 502.66
336.56 494.29
549.82 607.19
514.97 522.17
583.27 516.60
7.62 495.69
39.67 502.66
50.82 437.15
102.40 435.75
92.64 494.29
152.57 492.90
194.39 495.69
243.17 456.66
386.74 445.51
446.67 424.60
477.34 448.30
505.21 747.97
417.40 492.90
558.18 455.27
562.36 424.60
562.36 395.33
622.29 407.88
662.72 405.09
703.14 407.88
694.77 451.09
669.68 470.60
781.19 522.17
774.22 661.55
947.06 761.91
954.03 522.17
977.72 470.60
891.30 451.09
856.46 406.48
891.30 402.30
988.87 414.85
941.48 392.54
8.08 458.75
15.75 432.97
25.50 423.21
9.47 405.79
22.02 403.70
54.77 399.51
69.41 399.51
80.56 420.42
114.01 408.57
100.07 391.15
109.13 383.48
114.71 388.36
136.31 405.79
157.22 426.69
194.16 444.81
178.82 404.39
169.07 393.94
178.13 384.18
163.49 379.30
198.34 400.91
210.19 397.42
194.85 381.39
261.76 423.91
243.64 388.36
228.31 386.27
288.24 412.06
283.36 381.39
271.51 383.48
256.18 373.03
264.54 368.15
304.97 386.27
362.11 412.06
332.84 416.94
334.93 396.03
411.59 415.54
396.96 371.64
380.93 376.52
370.48 365.37
450.62 391.15
431.80 392.54
439.47 377.91
436.68 368.15
450.62 368.15
468.74 368.15
489.65 370.24
499.41 368.15
422.05 374.43
498.71 404.39
430.41 354.21
500.80 525.66
513.81 394.64
527.05 376.52
513.11 356.31
534.02 357.70
553.53 351.43
559.11 376.52
575.83 367.46
568.17 345.85
584.20 353.52
601.62 359.09
596.74 353.52
607.89 348.64
591.86 374.43
626.01 362.58
620.44 341.67
636.46 344.46
661.55 359.09
669.22 375.12
706.85 380.00
700.58 359.09
708.94 345.85
727.06 340.97
742.40 355.61
756.33 355.61
755.64 334.00
777.94 362.58
790.48 353.52
802.33 355.61
789.79 340.97
793.97 334.00
774.45 334.00
763.30 336.79
779.33 350.73
782.12 424.60
827.42 409.97
809.30 384.88
838.57 362.58
820.45 350.73
812.78 340.97
855.30 331.91
875.51 344.46
875.51 373.03
921.27 346.55
921.97 328.43
931.03 322.85
951.93 327.03
942.18 328.43
979.11 338.19
965.87 338.19
964.48 327.03
963.78 319.37
973.54 320.07
987.48 322.16
1018.14 334.70
999.33 346.55
1002.11 330.52
1.46 373.03
17.49 373.03
35.61 369.20
29.68 366.06
33.17 359.79
16.09 358.40
61.74 359.44
56.17 371.99
55.47 361.88
44.67 377.21
65.23 375.47
62.44 365.71
67.67 365.37
74.29 368.15
81.95 357.00
74.98 383.83
51.64 386.62
37.00 389.06
29.68 377.91
93.45 379.65
92.41 369.20
102.16 366.06
106.69 376.52
101.47 378.95
126.21 374.43
129.34 368.50
130.39 361.88
122.03 360.84
116.10 355.61
100.07 354.91
143.63 374.43
146.07 363.27
142.93 358.05
145.72 353.87
158.61 371.99
161.40 366.06
155.48 358.05
164.19 350.73
177.08 354.56
177.08 361.88
172.90 366.76
183.70 359.79
187.88 349.68
192.07 352.12
174.29 348.64
175.34 346.55
200.08 348.29
203.56 352.12
204.26 368.15
193.81 359.44
220.29 353.17
211.23 353.87
228.65 347.59
233.88 346.20
241.55 346.90
235.27 355.61
240.85 353.17
239.11 359.44
211.23 373.73
256.88 360.49
254.09 355.61
252.00 349.68
256.18 345.85
255.83 341.67
248.17 342.02
243.29 340.97
239.11 342.37
120.98 351.08
156.17 348.29
154.43 342.37
210.88 346.20
270.24 379.48
281.74 366.58
276.68 360.49
267.80 357.70
269.71 347.94
271.11 342.37
274.42 341.84
274.94 345.15
275.64 340.62
267.80 340.28
264.14 340.62
285.22 357.35
281.74 352.47
281.74 346.03
280.69 343.06
286.61 340.80
293.93 343.93
296.37 340.28
298.64 342.72
294.45 338.36
305.78 339.41
307.17 342.37
309.61 340.62
311.53 335.75
314.32 339.75
302.99 343.06
296.02 347.94
291.32 351.78
292.19 358.57
293.23 369.37
304.73 355.43
300.38 345.68
321.81 340.62
326.34 339.58
329.30 337.84
337.66 338.53
332.26 339.58
333.83 343.41
336.09 345.50
326.86 344.46
322.68 346.37
319.02 345.15
316.93 350.38
321.81 350.03
330.52 349.68
336.44 356.65
323.90 357.87
304.56 335.75
279.30 339.41
288.18 345.50
308.04 346.37
306.30 348.81
275.46 355.26
360.14 356.65
366.41 346.20
343.06 347.94
343.76 337.66
349.51 340.10
353.52 334.00
356.65 331.91
360.31 334.88
370.07 331.74
373.73 334.00
375.47 347.07
375.47 351.60
362.93 343.41
348.64 347.42
383.31 364.84
392.89 356.48
394.81 347.59
382.61 347.77
390.63 336.79
382.61 336.09
377.91 334.35
381.39 331.91
384.36 330.00
396.20 334.35
399.69 340.97
404.22 338.88
400.73 349.51
399.17 356.31
406.13 366.93
408.57 355.61
413.10 345.50
416.59 338.88
415.02 331.56
408.92 335.22
408.92 330.00
422.86 327.56
426.52 333.13
429.83 335.40
431.57 332.78
436.45 330.87
440.11 337.31
429.66 342.72
429.83 353.52
421.82 353.52
436.28 357.87
444.99 348.29
443.25 339.75
444.99 331.22
441.15 333.31
453.18 336.09
454.40 338.88
458.05 335.22
455.79 334.18
459.97 332.44
449.87 326.16
468.68 332.78
470.95 330.35
463.11 331.22
472.52 335.57
477.57 332.44
480.36 332.09
483.49 331.56
480.01 340.62
469.90 342.19
463.11 340.62
465.02 352.65
471.99 353.69
456.66 349.51
459.97 344.63
454.74 343.93
489.76 353.87
488.37 346.72
495.69 341.67
507.01 345.33
512.94 336.62
519.03 332.96
514.50 330.00
512.41 323.20
506.66 323.20
502.66 323.20
497.78 323.38
495.86 322.50
488.37 324.42
487.50 322.68
486.11 328.78
487.85 331.91
486.98 334.35
494.64 330.69
498.48 334.18
504.75 331.22
519.21 327.21
523.39 325.64
523.39 330.35
529.31 330.00
534.54 330.69
534.02 323.72
518.86 321.98
520.95 318.85
524.26 320.41
505.79 321.46
526.00 347.07
518.86 342.89
552.84 335.75
545.87 329.65
538.03 321.11
541.86 320.59
551.62 321.11
555.97 325.29
560.85 325.29
568.34 326.86
567.30 324.07
570.78 322.33
574.44 331.22
581.23 334.18
590.82 330.35
590.99 338.71
595.00 340.97
601.44 336.44
605.80 339.41
589.25 347.25
584.89 320.41
584.37 316.76
573.39 316.23
568.34 316.23
566.08 317.97
559.46 320.41
558.58 316.93
562.42 319.72
598.31 316.06
604.76 316.23
609.11 320.59
610.68 315.54
613.47 315.19
601.27 322.16
598.48 320.94
593.60 324.94
590.12 323.55
600.23 326.86
608.59 333.66
616.95 331.39
627.75 328.95
620.96 324.07
620.96 318.67
615.38 321.11
612.60 323.55
615.73 325.29
634.55 320.07
639.08 323.55
644.31 319.89
646.92 317.97
650.93 326.16
650.93 321.63
647.09 325.29
644.13 335.75
656.15 336.09
651.45 348.46
656.85 350.03
647.79 347.42
645.18 344.63
656.68 329.13
659.81 324.25
654.41 317.63
651.45 314.84
638.56 319.72
639.78 316.23
633.85 318.50
627.23 319.89
665.04 340.97
666.43 333.13
664.86 323.90
667.83 319.02
661.73 318.50
661.90 313.79
667.83 315.88
677.93 348.12
667.13 355.43
685.60 339.23
688.39 329.47
680.89 331.91
676.36 334.00
676.71 327.91
672.53 324.60
673.05 322.16
679.67 321.46
679.67 325.29
689.60 322.50
688.04 318.67
685.60 315.54
679.67 317.10
674.97 318.32
693.44 317.80
696.40 319.72
699.19 316.58
703.89 324.25
703.89 318.32
709.99 322.50
718.70 314.84
721.14 316.06
726.19 314.14
714.35 327.73
699.88 332.44
717.83 337.31
727.93 329.82
735.60 326.16
730.55 323.38
742.05 319.89
744.31 325.82
751.11 323.90
750.06 320.41
748.49 316.58
741.00 330.00
741.70 338.01
756.86 321.11
719.40 319.19
724.28 318.67
724.10 322.16
735.43 317.80
731.94 317.45
710.16 317.80
785.08 329.65
780.38 322.16
777.24 316.93
769.05 324.25
770.27 317.28
762.26 319.37
772.89 313.62
786.48 321.46
793.62 319.37
781.95 316.23
803.72 331.56
794.84 326.69
805.64 322.16
801.29 316.41
810.35 315.71
819.06 316.58
816.27 315.19
812.09 312.05
810.69 327.03
816.09 323.38
823.24 320.94
824.63 327.21
826.20 333.66
834.21 330.35
837.87 321.81
833.17 323.38
838.05 313.97
840.84 318.85
847.28 315.36
843.62 310.66
825.85 307.00
784.56 311.35
793.27 309.61
848.33 312.05
855.64 316.23
863.66 327.03
867.84 320.41
862.61 311.35
871.67 327.03
874.46 320.41
882.13 318.67
887.35 316.23
891.19 315.54
900.25 319.72
910.70 322.85
888.40 332.61
891.54 347.25
886.31 324.25
908.96 313.44
919.06 313.79
925.68 315.19
932.65 310.66
940.67 318.32
947.64 315.19
946.59 309.61
958.09 310.31
962.97 309.61
956.70 316.93
973.07 312.75
980.39 312.05
986.66 310.66
996.07 324.94
1016.63 316.93
1016.98 297.42
1006.64 309.44
