609.43 582.04
237.90 588.28
198.00 542.15
166.83 513.47
116.96 509.73
103.25 569.57
65.85 473.57
2.26 441.16
20.96 463.60
19.72 428.69
236.65 529.68
271.56 498.51
292.76 474.82
318.94 493.52
340.13 538.41
294.00 579.55
189.28 458.61
151.87 458.61
116.96 469.83
92.03 498.51
99.51 469.83
90.78 434.92
103.25 432.43
88.29 421.21
65.85 422.46
52.13 428.69
37.17 417.47
15.98 411.24
4.76 408.74
399.98 507.24
398.73 452.38
361.33 489.78
373.79 464.85
367.56 448.64
362.57 443.65
372.55 428.69
338.89 449.89
318.94 443.65
318.94 432.43
315.20 423.70
302.73 443.65
301.48 423.70
284.03 419.96
252.86 448.64
457.33 464.85
434.89 456.12
482.26 498.51
530.89 509.73
606.94 463.60
591.98 461.11
569.54 457.37
584.50 437.42
568.29 428.69
545.85 434.92
540.86 419.96
535.87 411.24
509.69 422.46
503.46 402.51
527.15 393.78
490.99 405.00
481.02 417.47
481.02 452.38
513.43 472.33
463.56 437.42
453.59 417.47
463.56 397.52
438.63 402.51
412.44 414.98
431.15 426.20
407.46 429.94
394.99 417.47
372.55 411.24
348.86 419.96
331.41 405.00
316.44 402.51
306.47 342.67
277.79 350.15
256.60 347.65
241.64 347.65
250.37 419.96
226.68 426.20
231.67 405.00
250.37 395.03
229.17 395.03
209.22 387.55
190.52 402.51
202.99 417.47
210.47 439.91
171.82 411.24
156.86 417.47
166.83 428.69
159.35 431.18
149.38 432.43
135.67 419.96
134.42 393.78
52.13 403.76
62.11 393.78
45.90 391.29
24.70 385.05
33.43 376.33
35.92 361.37
600.70 437.42
593.22 413.73
593.22 373.83
613.17 360.12
601.95 356.38
580.76 365.11
568.29 365.11
553.33 391.29
534.63 382.56
548.34 367.60
525.90 371.34
515.92 385.05
507.20 377.57
483.51 378.82
473.54 356.38
442.37 373.83
422.42 378.82
414.94 382.56
404.96 365.11
385.02 373.83
361.33 382.56
371.30 376.33
353.85 370.09
341.38 370.09
340.13 358.87
327.67 350.15
586.99 507.24
519.67 448.64
198.83 527.50
161.43 390.35
148.96 405.31
119.67 392.22
110.94 385.99
92.24 399.08
92.24 384.74
97.22 412.17
109.07 417.78
117.17 412.17
175.77 395.96
175.77 384.74
191.35 380.38
170.78 370.41
203.20 372.90
215.67 368.54
204.44 364.17
210.05 356.07
200.08 352.95
191.98 356.69
183.25 347.96
180.13 359.81
165.17 357.31
161.43 369.16
154.57 373.52
148.34 366.04
155.82 359.81
142.73 377.26
140.24 357.31
147.72 358.56
133.38 364.79
127.15 354.20
127.15 361.05
121.54 358.56
131.51 354.20
134.63 343.60
127.15 346.72
125.90 342.35
119.67 364.17
128.39 376.02
127.15 385.99
143.98 389.11
105.33 371.65
100.96 359.81
93.48 370.41
72.29 374.15
84.13 367.29
76.65 361.05
69.17 361.68
60.44 371.65
61.69 380.38
52.34 384.74
73.54 390.35
45.48 376.02
39.25 368.54
47.35 362.92
43.61 358.56
47.35 358.56
44.24 351.08
35.51 357.31
24.91 367.29
18.68 367.29
9.95 369.78
9.95 377.26
3.09 372.90
13.07 387.24
7.46 390.98
6.21 360.43
2.47 356.22
8.39 349.99
12.76 342.82
0.91 335.65
3.72 368.07
29.28 348.43
21.48 347.50
25.22 340.64
30.21 340.95
28.96 338.46
28.96 336.28
25.85 335.34
23.04 331.91
21.79 336.28
38.94 351.47
59.35 360.67
20.86 359.81
21.17 355.13
58.26 345.16
54.83 346.09
41.74 337.37
35.51 337.05
112.18 364.79
114.37 353.89
108.44 354.51
101.59 351.70
97.85 349.52
95.67 344.22
93.17 348.28
86.63 347.96
84.76 345.16
77.59 346.09
77.90 342.04
87.56 357.63
98.16 358.25
89.12 352.33
106.89 343.60
103.77 346.09
100.96 337.37
97.85 337.99
93.48 335.50
99.72 329.89
112.50 333.00
113.12 344.22
122.47 331.76
132.13 334.25
137.12 335.81
145.54 323.34
154.89 340.17
154.57 337.05
163.30 341.42
165.17 334.25
165.79 327.70
160.18 328.02
156.76 328.95
168.91 335.81
174.52 341.42
159.87 335.50
174.52 351.70
174.52 356.69
167.67 350.46
158.94 350.46
154.57 354.51
152.70 348.28
148.65 352.33
148.34 346.41
144.29 343.60
142.11 349.52
140.24 351.70
133.38 349.52
137.74 352.95
138.99 356.07
116.55 346.41
114.68 350.15
106.57 349.52
120.91 351.70
89.12 340.79
80.08 337.37
77.59 333.31
74.78 334.25
73.85 335.50
71.35 332.38
69.17 333.00
67.92 333.00
93.48 331.76
91.30 332.07
70.73 344.22
69.48 339.86
42.99 333.00
40.50 333.31
35.20 345.16
60.13 350.15
55.77 351.08
53.59 348.59
68.24 348.28
66.68 352.95
60.44 354.51
54.83 357.00
53.90 353.89
48.91 346.41
27.72 355.44
25.85 359.18
66.37 366.04
144.91 362.61
158.94 331.76
169.22 328.64
105.64 330.82
103.15 329.89
98.78 334.87
96.29 330.82
258.68 399.86
262.42 389.89
269.90 429.16
299.20 354.98
269.90 345.00
263.04 343.76
222.52 356.85
220.65 351.86
220.03 374.92
220.65 378.67
220.65 364.95
221.28 368.07
190.73 345.78
183.87 342.04
177.95 338.92
227.82 345.47
233.43 344.85
236.55 347.34
223.77 336.74
225.33 329.57
232.50 323.65
222.52 330.20
218.78 326.77
210.68 330.20
213.48 331.13
209.74 325.52
205.07 328.95
205.69 336.43
208.50 337.05
213.17 334.87
212.55 345.78
201.02 345.78
194.16 341.11
218.78 338.92
202.89 303.08
194.78 299.34
215.35 302.77
210.68 302.77
221.59 301.83
225.02 303.39
242.78 302.77
253.69 303.70
259.61 306.20
262.42 296.54
262.73 306.20
329.43 295.91
333.17 299.34
312.29 302.77
304.50 304.95
339.72 353.57
339.72 383.50
335.04 374.77
329.12 358.87
335.98 354.20
337.54 347.65
328.81 341.11
324.76 345.16
331.61 345.16
338.78 338.30
334.42 336.12
328.50 336.12
324.13 332.38
319.46 332.38
323.20 327.70
320.70 326.15
333.79 325.52
338.78 326.77
293.59 344.22
293.59 347.96
293.59 351.39
291.41 355.76
275.82 338.92
273.33 331.13
267.09 329.57
260.55 323.96
239.35 325.21
237.79 342.67
238.11 338.92
232.18 340.48
266.78 335.50
270.21 333.94
284.24 337.05
300.44 335.50
303.56 330.51
300.44 328.02
294.83 326.15
316.65 329.57
313.22 332.69
309.79 329.57
331.92 331.76
329.74 327.70
322.57 339.86
316.34 336.12
262.11 414.04
403.61 400.33
503.67 406.25
455.88 365.11
443.10 359.81
432.50 362.92
426.58 364.17
417.23 350.46
403.83 354.51
396.97 351.70
388.87 354.51
378.58 353.89
378.58 360.43
365.80 348.90
348.66 350.15
355.21 343.29
345.85 341.11
346.17 337.68
351.78 336.74
347.72 333.31
359.26 334.56
359.57 327.08
358.01 331.13
343.36 322.72
361.75 322.72
365.80 326.77
367.36 330.51
370.79 339.24
363.62 340.17
377.34 345.16
382.63 341.73
383.88 338.30
379.52 335.50
374.22 335.81
390.74 333.63
394.79 337.05
399.15 340.79
404.45 347.34
390.43 342.98
384.50 345.16
432.50 352.64
426.58 352.64
423.78 356.07
421.59 347.34
414.74 338.30
409.75 342.35
408.50 337.68
404.45 335.81
400.09 333.63
395.10 333.31
362.06 297.78
440.61 349.83
430.63 347.34
434.37 342.98
429.08 342.98
425.34 337.68
422.53 335.81
417.23 333.31
409.75 332.38
410.37 331.13
410.37 327.08
405.70 332.69
417.23 328.02
377.34 300.59
368.92 297.78
368.92 294.04
353.02 301.21
343.98 300.59
384.19 298.41
387.31 294.67
390.43 299.96
394.48 296.85
399.46 299.65
401.02 296.54
393.23 294.35
430.01 292.79
417.85 294.98
416.61 297.78
409.44 292.48
409.75 300.90
425.96 295.29
430.63 299.34
437.49 298.41
441.23 307.76
453.08 311.50
452.45 322.41
450.27 322.41
444.97 319.29
449.96 315.86
446.53 313.99
486.74 311.81
488.92 312.12
482.06 310.87
507.31 311.50
514.79 310.25
525.08 310.56
531.93 312.12
517.28 312.43
521.96 312.43
524.14 323.03
529.13 320.54
537.85 345.47
542.22 352.33
534.43 352.64
528.19 357.00
535.36 367.29
544.40 371.96
544.09 384.43
523.83 331.44
523.83 326.77
517.91 329.57
515.72 331.13
514.79 332.38
517.91 334.87
512.61 335.81
505.13 334.56
507.93 334.87
507.62 332.38
503.57 331.44
496.09 330.20
489.85 327.39
491.41 332.38
495.78 336.12
497.96 341.11
489.85 337.05
485.49 333.94
484.56 331.44
482.37 333.94
481.13 338.92
486.43 338.92
476.76 333.63
474.27 330.51
473.02 335.81
469.91 333.94
466.48 336.74
466.48 340.17
467.10 331.44
469.28 328.02
469.91 327.08
473.02 327.08
458.37 332.38
457.75 336.12
455.88 337.05
459.31 335.81
446.84 333.63
442.79 332.38
452.14 328.33
439.05 333.63
436.87 333.63
435.62 336.12
434.06 336.74
433.13 336.12
431.57 334.56
429.39 334.56
442.79 340.17
444.66 336.74
448.40 338.30
448.71 342.35
454.95 344.54
461.80 344.54
456.50 349.52
464.30 351.08
470.84 345.47
475.52 349.52
474.58 341.11
492.66 351.70
496.09 356.07
503.26 354.82
503.57 362.61
492.97 375.70
489.85 366.98
476.76 377.89
485.49 358.25
513.54 367.29
523.83 348.90
515.10 351.70
510.74 341.73
528.19 337.99
540.66 340.79
532.56 331.44
544.40 345.78
422.22 436.79
416.61 429.31
387.62 336.74
474.58 405.31
476.14 386.92
471.46 393.47
548.76 458.15
89.96 463.76
46.95 418.87
42.58 445.68
366.74 388.33
577.50 353.13
591.31 357.74
593.86 352.62
567.78 350.07
553.97 355.69
558.57 350.58
550.39 346.49
552.43 334.72
556.01 338.30
562.15 340.86
565.73 336.77
557.55 332.16
555.50 326.03
562.66 327.05
566.75 332.68
575.45 331.65
573.40 337.28
573.40 340.86
584.66 344.44
584.14 336.77
584.66 332.16
590.28 332.16
592.84 341.88
601.54 343.93
600.00 336.77
608.70 334.21
613.81 338.30
611.76 309.66
601.54 312.73
590.79 311.19
576.98 311.70
573.40 311.19
568.29 309.66
561.64 310.68
553.46 312.73
556.52 311.19
545.78 314.77
537.60 311.19
572.89 326.54
594.89 326.54
607.16 320.40
601.02 331.65
610.74 329.09
560.10 419.63
584.66 425.77
