5.60 562.78
14.33 353.33
16.82 385.74
51.73 423.15
97.86 406.94
122.79 460.55
173.91 506.68
151.47 601.43
251.21 519.15
400.82 539.09
490.59 598.94
485.60 517.90
565.39 506.68
370.90 469.28
331.00 423.15
299.83 394.47
249.96 390.73
75.42 362.05
55.47 320.91
5.60 300.96
1.86 318.42
236.25 450.57
198.85 354.57
132.77 362.05
135.26 322.16
153.96 344.60
152.72 309.69
95.37 327.15
74.17 324.65
115.31 329.64
105.34 310.94
115.31 302.21
67.94 307.20
24.30 302.21
5.60 281.02
369.65 410.68
404.56 379.51
425.76 355.82
451.94 374.52
473.13 419.41
427.00 460.55
322.28 339.61
284.87 339.61
249.96 350.83
225.03 379.51
232.51 350.83
223.78 315.92
236.25 313.43
221.29 302.21
198.85 303.46
185.13 309.69
170.17 298.47
148.98 292.24
137.76 289.74
132.77 298.47
119.05 274.78
532.98 388.24
531.73 333.38
494.33 370.78
506.79 345.85
500.56 329.64
495.57 324.65
505.55 309.69
471.89 330.89
451.94 324.65
451.94 313.43
448.20 304.70
435.73 324.65
434.48 304.70
417.03 300.96
385.86 329.64
590.33 345.85
567.89 337.12
596.56 318.42
586.59 298.47
596.56 278.52
571.63 283.51
545.44 295.98
564.15 307.20
540.46 310.94
527.99 298.47
505.55 292.24
481.86 300.96
464.41 286.00
449.44 283.51
439.47 223.67
410.79 231.15
389.60 228.65
374.64 228.65
383.37 300.96
359.68 307.20
364.67 286.00
383.37 276.03
362.17 276.03
342.22 268.55
323.52 283.51
335.99 298.47
343.47 320.91
304.82 292.24
289.86 298.47
299.83 309.69
292.35 312.18
282.38 313.43
268.67 300.96
267.42 274.78
185.13 284.76
195.11 274.78
178.90 272.29
157.70 266.05
166.43 257.33
168.92 242.37
92.87 272.29
64.20 283.51
41.76 277.28
34.28 267.30
18.07 267.30
606.54 237.38
575.37 254.83
555.42 259.82
547.94 263.56
537.96 246.11
518.02 254.83
494.33 263.56
504.30 257.33
486.85 251.09
474.38 251.09
473.13 239.87
460.67 231.15
47.57 297.54
77.50 306.89
55.05 298.78
95.57 295.67
103.05 293.79
86.22 283.20
85.60 273.22
73.76 254.52
78.74 257.02
81.24 252.65
86.22 250.16
81.86 245.79
76.25 239.56
79.37 233.33
66.90 232.70
58.79 242.68
58.79 236.44
51.31 233.95
45.08 233.95
40.09 238.31
35.11 239.56
27.00 249.54
43.83 249.54
55.05 258.89
47.57 268.24
65.03 265.74
331.83 408.50
294.43 271.35
281.96 286.31
252.67 273.22
243.94 266.99
225.24 280.08
225.24 265.74
230.22 293.17
242.07 298.78
250.17 293.17
308.77 276.96
308.77 265.74
324.35 261.38
303.78 251.41
336.20 253.90
348.67 249.54
337.44 245.17
343.05 237.07
333.08 233.95
324.98 237.69
316.25 228.96
313.13 240.81
298.17 238.31
294.43 250.16
287.57 254.52
281.34 247.04
288.82 240.81
275.73 258.26
273.24 238.31
280.72 239.56
266.38 245.79
260.15 235.20
260.15 242.05
254.54 239.56
264.51 235.20
267.63 224.60
260.15 227.72
258.90 223.35
252.67 245.17
261.39 257.02
260.15 266.99
276.98 270.11
238.33 252.65
233.96 240.81
226.48 251.41
205.29 255.15
217.13 248.29
209.65 242.05
202.17 242.68
193.44 252.65
194.69 261.38
185.34 265.74
206.54 271.35
178.48 257.02
172.25 249.54
180.35 243.92
176.61 239.56
180.35 239.56
177.24 232.08
168.51 238.31
157.91 248.29
151.68 248.29
142.95 250.78
142.95 258.26
136.09 253.90
146.07 268.24
140.46 271.98
127.37 280.08
110.54 263.87
139.21 241.43
106.17 242.68
101.18 242.68
97.44 242.68
96.82 258.26
88.09 258.26
83.73 259.51
40.09 336.81
15.78 255.77
7.05 253.90
2.69 262.63
9.55 249.69
2.07 247.51
4.87 245.95
5.81 243.15
2.69 234.42
2.69 228.81
6.43 226.31
6.74 222.89
11.42 222.89
14.85 220.70
12.67 232.24
8.61 230.05
22.33 239.41
17.03 234.42
19.21 230.05
21.08 230.37
18.90 243.46
22.02 247.51
28.25 232.55
30.12 228.50
34.17 232.86
37.91 229.43
47.89 232.24
70.33 228.81
86.54 236.60
85.91 230.68
95.89 254.37
85.60 269.33
100.87 274.31
97.44 306.73
85.60 320.44
33.55 288.34
28.87 279.61
98.38 230.05
96.82 234.42
91.83 232.86
54.74 229.43
103.99 226.63
104.61 220.70
105.86 216.03
124.56 221.95
129.24 226.00
135.47 237.22
141.39 230.99
145.76 223.82
133.91 216.65
108.04 254.37
136.72 249.07
162.28 229.43
154.48 228.50
158.22 221.64
163.21 221.95
161.96 219.46
161.96 217.28
158.85 216.34
156.04 212.91
154.79 217.28
171.94 232.47
192.35 241.67
153.86 240.81
154.17 236.13
191.26 226.16
187.83 227.09
174.74 218.37
168.51 218.05
245.18 245.79
247.37 234.89
241.44 235.51
234.59 232.70
230.85 230.52
228.67 225.22
226.17 229.28
219.63 228.96
217.76 226.16
210.59 227.09
210.90 223.04
220.56 238.63
231.16 239.25
222.12 233.33
239.89 224.60
236.77 227.09
233.96 218.37
230.85 218.99
226.48 216.50
232.72 210.89
245.50 214.00
246.12 225.22
255.47 212.76
265.13 215.25
270.12 216.81
278.54 204.34
287.89 221.17
287.57 218.05
296.30 222.42
298.17 215.25
298.79 208.70
293.18 209.02
289.76 209.95
301.91 216.81
307.52 222.42
292.87 216.50
307.52 232.70
307.52 237.69
300.67 231.46
291.94 231.46
287.57 235.51
285.70 229.28
281.65 233.33
281.34 227.41
277.29 224.60
275.11 230.52
273.24 232.70
266.38 230.52
270.74 233.95
271.99 237.07
249.55 227.41
247.68 231.15
239.57 230.52
253.91 232.70
222.12 221.79
213.08 218.37
210.59 214.31
207.78 215.25
206.85 216.50
204.35 213.38
202.17 214.00
200.92 214.00
226.48 212.76
224.30 213.07
203.73 225.22
202.48 220.86
175.99 214.00
173.50 214.31
168.20 226.16
193.13 231.15
188.77 232.08
186.59 229.59
201.24 229.28
199.68 233.95
193.44 235.51
187.83 238.00
186.90 234.89
181.91 227.41
160.72 236.44
158.85 240.18
199.37 247.04
130.79 275.41
277.91 243.61
291.94 212.76
302.22 209.64
238.64 211.82
236.15 210.89
231.78 215.87
229.29 211.82
36.35 244.70
45.70 244.70
391.68 280.86
395.42 270.89
402.90 310.16
432.20 235.98
402.90 226.00
396.04 224.76
355.52 237.85
353.65 232.86
353.03 255.92
353.65 259.67
353.65 245.95
354.28 249.07
323.73 226.78
316.87 223.04
310.95 219.92
360.82 226.47
366.43 225.85
369.55 228.34
356.77 217.74
358.33 210.57
365.50 204.65
355.52 211.20
351.78 207.77
343.68 211.20
346.48 212.13
342.74 206.52
338.07 209.95
338.69 217.43
341.50 218.05
346.17 215.87
345.55 226.78
334.02 226.78
327.16 222.11
351.78 219.92
335.89 184.08
327.78 180.34
348.35 183.77
343.68 183.77
354.59 182.83
358.02 184.39
375.78 183.77
386.69 184.70
392.61 187.20
395.42 177.54
395.73 187.20
462.43 176.91
466.17 180.34
445.29 183.77
437.50 185.95
472.72 234.57
472.72 264.50
468.04 255.77
462.12 239.87
468.98 235.20
470.54 228.65
461.81 222.11
457.76 226.16
464.61 226.16
471.78 219.30
467.42 217.12
461.50 217.12
457.13 213.38
452.46 213.38
456.20 208.70
453.70 207.15
466.79 206.52
471.78 207.77
426.59 225.22
426.59 228.96
426.59 232.39
424.41 236.76
408.82 219.92
406.33 212.13
400.09 210.57
393.55 204.96
372.35 206.21
370.79 223.67
371.11 219.92
365.18 221.48
399.78 216.50
403.21 214.94
417.24 218.05
433.44 216.50
436.56 211.51
433.44 209.02
427.83 207.15
449.65 210.57
446.22 213.69
442.79 210.57
464.92 212.76
462.74 208.70
455.57 220.86
449.34 217.12
395.11 295.04
536.61 281.33
588.88 246.11
576.10 240.81
565.50 243.92
559.58 245.17
550.23 231.46
536.83 235.51
529.97 232.70
521.87 235.51
511.58 234.89
511.58 241.43
498.80 229.90
481.66 231.15
488.21 224.29
478.85 222.11
479.17 218.68
484.78 217.74
480.72 214.31
492.26 215.56
492.57 208.08
491.01 212.13
476.36 203.72
494.75 203.72
498.80 207.77
500.36 211.51
503.79 220.24
496.62 221.17
510.34 226.16
515.63 222.73
516.88 219.30
512.52 216.50
507.22 216.81
523.74 214.63
527.79 218.05
532.15 221.79
537.45 228.34
523.43 223.98
517.50 226.16
565.50 233.64
559.58 233.64
556.78 237.07
554.59 228.34
547.74 219.30
542.75 223.35
541.50 218.68
537.45 216.81
533.09 214.63
528.10 214.31
495.06 178.78
573.61 230.83
563.63 228.34
567.37 223.98
562.08 223.98
558.34 218.68
555.53 216.81
550.23 214.31
542.75 213.38
543.37 212.13
543.37 208.08
538.70 213.69
550.23 209.02
510.34 181.59
501.92 178.78
501.92 175.04
486.02 182.21
476.98 181.59
517.19 179.41
520.31 175.67
523.43 180.96
527.48 177.85
532.46 180.65
534.02 177.54
526.23 175.35
563.01 173.79
550.85 175.98
549.61 178.78
542.44 173.48
542.75 181.90
558.96 176.29
563.63 180.34
570.49 179.41
574.23 188.76
586.08 192.50
585.45 203.41
583.27 203.41
577.97 200.29
582.96 196.86
579.53 194.99
609.76 214.63
607.27 211.51
606.02 216.81
602.91 214.94
599.48 217.74
599.48 221.17
600.10 212.44
602.28 209.02
602.91 208.08
606.02 208.08
591.37 213.38
590.75 217.12
588.88 218.05
592.31 216.81
579.84 214.63
575.79 213.38
585.14 209.33
572.05 214.63
569.87 214.63
568.62 217.12
567.06 217.74
566.13 217.12
564.57 215.56
562.39 215.56
575.79 221.17
577.66 217.74
581.40 219.30
581.71 223.35
587.95 225.54
594.80 225.54
589.50 230.52
597.30 232.08
603.84 226.47
608.52 230.52
607.58 222.11
609.76 258.89
555.22 317.79
549.61 310.31
520.62 217.74
607.58 286.31
609.14 267.92
604.46 274.47
222.96 344.76
179.95 299.87
175.58 326.68
499.74 269.33
