30.60 538.78
14.39 318.11
39.33 329.33
14.39 356.76
41.82 361.74
76.73 399.15
122.86 382.94
147.79 436.55
198.91 482.68
176.47 577.43
276.21 495.15
311.12 599.87
425.82 515.09
515.59 574.94
510.60 493.90
590.39 482.68
395.90 445.28
356.00 399.15
324.83 370.47
274.96 366.73
100.42 338.05
80.47 296.91
30.60 276.96
26.86 294.42
1.92 289.43
261.25 426.57
223.85 330.57
157.77 338.05
160.26 298.16
178.96 320.60
177.72 285.69
120.37 303.15
99.17 300.65
140.31 305.64
130.34 286.94
140.31 278.21
92.94 283.20
49.30 278.21
30.60 257.02
23.12 248.29
10.65 252.03
394.65 386.68
429.56 355.51
450.76 331.82
476.94 350.52
498.13 395.41
452.00 436.55
347.28 315.61
309.87 315.61
274.96 326.83
250.03 355.51
257.51 326.83
248.78 291.92
261.25 289.43
246.29 278.21
223.85 279.46
210.13 285.69
195.17 274.47
173.98 268.24
162.76 265.74
157.77 274.47
144.05 250.78
557.98 364.24
556.73 309.38
519.33 346.78
531.79 321.85
525.56 305.64
520.57 300.65
530.55 285.69
496.89 306.89
476.94 300.65
476.94 289.43
473.20 280.70
460.73 300.65
459.48 280.70
442.03 276.96
410.86 305.64
592.89 313.12
611.59 274.47
596.63 259.51
570.44 271.98
589.15 283.20
565.46 286.94
552.99 274.47
530.55 268.24
506.86 276.96
489.41 262.00
474.44 259.51
464.47 199.67
435.79 207.15
414.60 204.65
399.64 204.65
408.37 276.96
384.68 283.20
389.67 262.00
408.37 252.03
387.17 252.03
367.22 244.55
348.52 259.51
360.99 274.47
368.47 296.91
329.82 268.24
314.86 274.47
324.83 285.69
317.35 288.18
307.38 289.43
293.67 276.96
292.42 250.78
210.13 260.76
220.11 250.78
203.90 248.29
182.70 242.05
191.43 233.33
193.92 218.37
117.87 248.29
89.20 259.51
66.76 253.28
59.28 243.30
43.07 243.30
19.38 239.56
9.41 239.56
600.37 230.83
580.42 235.82
572.94 239.56
562.96 222.11
543.02 230.83
519.33 239.56
529.30 233.33
511.85 227.09
499.38 227.09
498.13 215.87
485.67 207.15
1.51 247.35
72.57 273.54
102.50 282.89
80.05 274.78
120.57 271.67
128.05 269.79
111.22 259.20
110.60 249.22
98.76 230.52
103.74 233.02
106.24 228.65
111.22 226.16
106.86 221.79
101.25 215.56
104.37 209.33
91.90 208.70
83.79 218.68
83.79 212.44
76.31 209.95
70.08 209.95
65.09 214.31
60.11 215.56
52.00 225.54
68.83 225.54
80.05 234.89
72.57 244.24
90.03 241.74
356.83 384.50
319.43 247.35
306.96 262.31
277.67 249.22
268.94 242.99
250.24 256.08
250.24 241.74
255.22 269.17
267.07 274.78
275.17 269.17
333.77 252.96
333.77 241.74
349.35 237.38
328.78 227.41
361.20 229.90
373.67 225.54
362.44 221.17
368.05 213.07
358.08 209.95
349.98 213.69
341.25 204.96
338.13 216.81
323.17 214.31
319.43 226.16
312.57 230.52
306.34 223.04
313.82 216.81
300.73 234.26
298.24 214.31
305.72 215.56
291.38 221.79
285.15 211.20
285.15 218.05
279.54 215.56
289.51 211.20
292.63 200.60
285.15 203.72
283.90 199.35
277.67 221.17
286.39 233.02
285.15 242.99
301.98 246.11
263.33 228.65
258.96 216.81
251.48 227.41
230.29 231.15
242.13 224.29
234.65 218.05
227.17 218.68
218.44 228.65
219.69 237.38
210.34 241.74
231.54 247.35
203.48 233.02
197.25 225.54
205.35 219.92
201.61 215.56
205.35 215.56
202.24 208.08
193.51 214.31
182.91 224.29
176.68 224.29
167.95 226.78
167.95 234.26
161.09 229.90
171.07 244.24
165.46 247.98
152.37 256.08
135.54 239.87
164.21 217.43
131.17 218.68
126.18 218.68
122.44 218.68
121.82 234.26
113.09 234.26
108.73 235.51
65.09 312.81
40.78 231.77
32.05 229.90
23.95 227.41
6.50 226.16
11.48 230.52
17.72 233.02
27.69 238.63
0.89 204.96
2.76 208.08
7.12 211.20
10.24 215.56
12.73 219.92
17.72 218.68
14.60 213.07
34.55 225.69
27.07 223.51
29.87 221.95
30.81 219.15
23.95 214.78
27.69 210.42
19.59 207.61
13.04 206.05
9.61 208.24
9.61 203.87
3.69 202.63
6.18 202.63
0.89 198.89
3.38 195.46
12.42 196.08
9.92 199.51
5.56 196.70
11.48 197.95
16.16 202.00
20.21 197.33
23.33 204.81
24.57 196.70
24.26 198.26
27.69 204.81
31.43 202.31
31.74 198.89
36.42 198.89
39.85 196.70
37.67 208.24
33.61 206.05
47.33 215.41
42.03 210.42
44.21 206.05
46.08 206.37
43.90 219.46
47.02 223.51
53.25 208.55
55.12 204.50
59.17 208.86
62.91 205.43
72.89 208.24
95.33 204.81
111.54 212.60
110.91 206.68
120.89 230.37
110.60 245.33
125.87 250.31
122.44 282.73
110.60 296.44
58.55 264.34
53.87 255.61
123.38 206.05
121.82 210.42
116.83 208.86
79.74 205.43
128.99 202.63
129.61 196.70
130.86 192.03
149.56 197.95
154.24 202.00
160.47 213.22
166.39 206.99
170.76 199.82
158.91 192.65
133.04 230.37
161.72 225.07
187.28 205.43
179.48 204.50
183.22 197.64
188.21 197.95
186.96 195.46
186.96 193.28
183.85 192.34
181.04 188.91
179.79 193.28
196.94 208.47
217.35 217.67
178.86 216.81
179.17 212.13
216.26 202.16
212.83 203.09
199.74 194.37
193.51 194.05
270.18 221.79
272.37 210.89
266.44 211.51
259.59 208.70
255.85 206.52
253.67 201.22
251.17 205.28
244.63 204.96
242.76 202.16
235.59 203.09
235.90 199.04
245.56 214.63
256.16 215.25
247.12 209.33
264.89 200.60
261.77 203.09
258.96 194.37
255.85 194.99
251.48 192.50
257.72 186.89
270.50 190.00
271.12 201.22
280.47 188.76
290.13 191.25
295.12 192.81
303.54 180.34
312.89 197.17
312.57 194.05
321.30 198.42
323.17 191.25
323.79 184.70
318.18 185.02
314.76 185.95
326.91 192.81
332.52 198.42
317.87 192.50
332.52 208.70
332.52 213.69
325.67 207.46
316.94 207.46
312.57 211.51
310.70 205.28
306.65 209.33
306.34 203.41
302.29 200.60
300.11 206.52
298.24 208.70
291.38 206.52
295.74 209.95
296.99 213.07
274.55 203.41
272.68 207.15
264.57 206.52
278.91 208.70
247.12 197.79
238.08 194.37
235.59 190.31
232.78 191.25
231.85 192.50
229.35 189.38
227.17 190.00
225.92 190.00
251.48 188.76
249.30 189.07
228.73 201.22
227.48 196.86
200.99 190.00
198.50 190.31
193.20 202.16
218.13 207.15
213.77 208.08
211.59 205.59
226.24 205.28
224.68 209.95
218.44 211.51
212.83 214.00
211.90 210.89
206.91 203.41
185.72 212.44
183.85 216.18
224.37 223.04
155.79 251.41
302.91 219.61
316.94 188.76
327.22 185.64
263.64 187.82
261.15 186.89
256.78 191.87
254.29 187.82
61.35 220.70
70.70 220.70
416.68 256.86
420.42 246.89
427.90 286.16
457.20 211.98
427.90 202.00
421.04 200.76
380.52 213.85
378.65 208.86
378.03 231.92
378.65 235.67
378.65 221.95
379.28 225.07
348.73 202.78
341.87 199.04
335.95 195.92
385.82 202.47
391.43 201.85
394.55 204.34
381.77 193.74
383.33 186.57
390.50 180.65
380.52 187.20
376.78 183.77
368.68 187.20
371.48 188.13
367.74 182.52
363.07 185.95
363.69 193.43
366.50 194.05
371.17 191.87
370.55 202.78
359.02 202.78
352.16 198.11
376.78 195.92
360.89 160.08
352.78 156.34
373.35 159.77
368.68 159.77
379.59 158.83
383.02 160.39
400.78 159.77
411.69 160.70
417.61 163.20
420.42 153.54
420.73 163.20
487.43 152.91
491.17 156.34
470.29 159.77
462.50 161.95
497.72 210.57
497.72 240.50
493.04 231.77
487.12 215.87
493.98 211.20
495.54 204.65
486.81 198.11
482.76 202.16
489.61 202.16
496.78 195.30
492.42 193.12
486.50 193.12
482.13 189.38
477.46 189.38
481.20 184.70
478.70 183.15
491.79 182.52
496.78 183.77
451.59 201.22
451.59 204.96
451.59 208.39
449.41 212.76
433.82 195.92
431.33 188.13
425.09 186.57
418.55 180.96
397.35 182.21
395.79 199.67
396.11 195.92
390.18 197.48
424.78 192.50
428.21 190.94
442.24 194.05
458.44 192.50
461.56 187.51
458.44 185.02
452.83 183.15
474.65 186.57
471.22 189.69
467.79 186.57
489.92 188.76
487.74 184.70
480.57 196.86
474.34 193.12
420.11 271.04
561.61 257.33
613.88 222.11
601.10 216.81
590.50 219.92
584.58 221.17
575.23 207.46
561.83 211.51
554.97 208.70
546.87 211.51
536.58 210.89
536.58 217.43
523.80 205.90
506.66 207.15
513.21 200.29
503.85 198.11
504.17 194.68
509.78 193.74
505.72 190.31
517.26 191.56
517.57 184.08
516.01 188.13
501.36 179.72
519.75 179.72
523.80 183.77
525.36 187.51
528.79 196.24
521.62 197.17
535.34 202.16
540.63 198.73
541.88 195.30
537.52 192.50
532.22 192.81
548.74 190.63
552.79 194.05
557.15 197.79
562.45 204.34
548.43 199.98
542.50 202.16
590.50 209.64
584.58 209.64
581.78 213.07
579.59 204.34
572.74 195.30
567.75 199.35
566.50 194.68
562.45 192.81
558.09 190.63
553.10 190.31
520.06 154.78
598.61 206.83
588.63 204.34
592.37 199.98
587.08 199.98
583.34 194.68
580.53 192.81
575.23 190.31
567.75 189.38
568.37 188.13
568.37 184.08
563.70 189.69
575.23 185.02
535.34 157.59
526.92 154.78
526.92 151.04
511.02 158.21
501.98 157.59
542.19 155.41
545.31 151.67
548.43 156.96
552.48 153.85
557.46 156.65
559.02 153.54
551.23 151.35
588.01 149.79
575.85 151.98
574.61 154.78
567.44 149.48
567.75 157.90
583.96 152.29
588.63 156.34
595.49 155.41
599.23 164.76
611.08 168.50
610.45 179.41
608.27 179.41
602.97 176.29
607.96 172.86
604.53 170.99
613.88 194.05
604.84 190.63
600.79 189.38
610.14 185.33
597.05 190.63
594.87 190.63
593.62 193.12
592.06 193.74
591.13 193.12
589.57 191.56
587.39 191.56
600.79 197.17
602.66 193.74
606.40 195.30
606.71 199.35
612.95 201.54
580.22 293.79
574.61 286.31
545.62 193.74
247.96 320.76
204.95 275.87
200.58 302.68
524.74 245.33
