42.86 405.94
67.79 459.55
118.91 505.68
96.47 600.43
196.21 518.15
345.82 538.09
435.59 597.94
430.60 516.90
510.39 505.68
592.68 612.90
315.90 468.28
276.00 422.15
244.83 393.47
194.96 389.73
20.42 361.05
0.47 319.91
181.25 449.57
143.85 353.57
77.77 361.05
80.26 321.16
98.96 343.60
97.72 308.69
40.37 326.15
19.17 323.65
60.31 328.64
50.34 309.94
60.31 301.21
12.94 306.20
314.65 409.68
349.56 378.51
370.76 354.82
396.94 373.52
418.13 418.41
372.00 459.55
267.28 338.61
229.87 338.61
194.96 349.83
170.03 378.51
177.51 349.83
168.78 314.92
181.25 312.43
166.29 301.21
143.85 302.46
130.13 308.69
115.17 297.47
93.98 291.24
82.76 288.74
77.77 297.47
64.05 273.78
477.98 387.24
476.73 332.38
439.33 369.78
451.79 344.85
445.56 328.64
440.57 323.65
450.55 308.69
416.89 329.89
396.94 323.65
396.94 312.43
393.20 303.70
380.73 323.65
379.48 303.70
362.03 299.96
330.86 328.64
535.33 344.85
512.89 336.12
560.26 378.51
608.89 389.73
613.87 291.24
587.69 302.46
581.46 282.51
605.15 273.78
568.99 285.00
559.02 297.47
559.02 332.38
591.43 352.33
541.56 317.42
531.59 297.47
541.56 277.52
516.63 282.51
490.44 294.98
509.15 306.20
485.46 309.94
472.99 297.47
450.55 291.24
426.86 299.96
409.41 285.00
394.44 282.51
384.47 222.67
355.79 230.15
334.60 227.65
319.64 227.65
328.37 299.96
304.68 306.20
309.67 285.00
328.37 275.03
307.17 275.03
287.22 267.55
268.52 282.51
280.99 297.47
288.47 319.91
249.82 291.24
234.86 297.47
244.83 308.69
237.35 311.18
227.38 312.43
213.67 299.96
212.42 273.78
130.13 283.76
140.11 273.78
123.90 271.29
102.70 265.05
111.43 256.33
113.92 241.37
37.87 271.29
9.20 282.51
612.63 262.56
603.90 251.34
593.92 265.05
585.20 257.57
561.51 258.82
551.54 236.38
520.37 253.83
500.42 258.82
492.94 262.56
482.96 245.11
463.02 253.83
439.33 262.56
449.30 256.33
431.85 250.09
419.38 250.09
418.13 238.87
405.67 230.15
597.67 328.64
22.50 305.89
0.05 297.78
40.57 294.67
48.05 292.79
31.22 282.20
30.60 272.22
18.76 253.52
23.74 256.02
26.24 251.65
31.22 249.16
26.86 244.79
21.25 238.56
24.37 232.33
11.90 231.70
3.79 241.68
3.79 235.44
0.05 257.89
10.03 264.74
276.83 407.50
239.43 270.35
226.96 285.31
197.67 272.22
188.94 265.99
170.24 279.08
170.24 264.74
175.22 292.17
187.07 297.78
195.17 292.17
253.77 275.96
253.77 264.74
269.35 260.38
248.78 250.41
281.20 252.90
293.67 248.54
282.44 244.17
288.05 236.07
278.08 232.95
269.98 236.69
261.25 227.96
258.13 239.81
243.17 237.31
239.43 249.16
232.57 253.52
226.34 246.04
233.82 239.81
220.73 257.26
218.24 237.31
225.72 238.56
211.38 244.79
205.15 234.20
205.15 241.05
199.54 238.56
209.51 234.20
212.63 223.60
205.15 226.72
203.90 222.35
197.67 244.17
206.39 256.02
205.15 265.99
221.98 269.11
183.33 251.65
178.96 239.81
171.48 250.41
150.29 254.15
162.13 247.29
154.65 241.05
147.17 241.68
138.44 251.65
139.69 260.38
130.34 264.74
151.54 270.35
123.48 256.02
117.25 248.54
125.35 242.92
121.61 238.56
125.35 238.56
122.24 231.08
113.51 237.31
102.91 247.29
96.68 247.29
87.95 249.78
87.95 257.26
81.09 252.90
91.07 267.24
85.46 270.98
72.37 279.08
55.54 262.87
84.21 240.43
51.17 241.68
46.18 241.68
42.44 241.68
41.82 257.26
33.09 257.26
28.73 258.51
15.33 227.81
31.54 235.60
30.91 229.68
40.89 253.37
30.60 268.33
45.87 273.31
42.44 305.73
30.60 319.44
43.38 229.05
41.82 233.42
36.83 231.86
48.99 225.63
49.61 219.70
50.86 215.03
69.56 220.95
74.24 225.00
80.47 236.22
86.39 229.99
90.76 222.82
78.91 215.65
53.04 253.37
81.72 248.07
107.28 228.43
99.48 227.50
103.22 220.64
108.21 220.95
106.96 218.46
106.96 216.28
103.85 215.34
101.04 211.91
99.79 216.28
116.94 231.47
137.35 240.67
98.86 239.81
99.17 235.13
136.26 225.16
132.83 226.09
119.74 217.37
113.51 217.05
190.18 244.79
192.37 233.89
186.44 234.51
179.59 231.70
175.85 229.52
173.67 224.22
171.17 228.28
164.63 227.96
162.76 225.16
155.59 226.09
155.90 222.04
165.56 237.63
176.16 238.25
167.12 232.33
184.89 223.60
181.77 226.09
178.96 217.37
175.85 217.99
171.48 215.50
177.72 209.89
190.50 213.00
191.12 224.22
200.47 211.76
210.13 214.25
215.12 215.81
223.54 203.34
232.89 220.17
232.57 217.05
241.30 221.42
243.17 214.25
243.79 207.70
238.18 208.02
234.76 208.95
246.91 215.81
252.52 221.42
237.87 215.50
252.52 231.70
252.52 236.69
245.67 230.46
236.94 230.46
232.57 234.51
230.70 228.28
226.65 232.33
226.34 226.41
222.29 223.60
220.11 229.52
218.24 231.70
211.38 229.52
215.74 232.95
216.99 236.07
194.55 226.41
192.68 230.15
184.57 229.52
198.91 231.70
167.12 220.79
158.08 217.37
155.59 213.31
152.78 214.25
151.85 215.50
149.35 212.38
147.17 213.00
145.92 213.00
171.48 211.76
169.30 212.07
148.73 224.22
147.48 219.86
120.99 213.00
118.50 213.31
113.20 225.16
138.13 230.15
133.77 231.08
131.59 228.59
146.24 228.28
144.68 232.95
138.44 234.51
132.83 237.00
131.90 233.89
126.91 226.41
105.72 235.44
103.85 239.18
144.37 246.04
75.79 274.41
222.91 242.61
236.94 211.76
247.22 208.64
183.64 210.82
181.15 209.89
176.78 214.87
174.29 210.82
336.68 279.86
340.42 269.89
347.90 309.16
377.20 234.98
347.90 225.00
341.04 223.76
300.52 236.85
298.65 231.86
298.03 254.92
298.65 258.67
298.65 244.95
299.28 248.07
268.73 225.78
261.87 222.04
255.95 218.92
305.82 225.47
311.43 224.85
314.55 227.34
301.77 216.74
303.33 209.57
310.50 203.65
300.52 210.20
296.78 206.77
288.68 210.20
291.48 211.13
287.74 205.52
283.07 208.95
283.69 216.43
286.50 217.05
291.17 214.87
290.55 225.78
279.02 225.78
272.16 221.11
296.78 218.92
280.89 183.08
272.78 179.34
293.35 182.77
288.68 182.77
299.59 181.83
303.02 183.39
320.78 182.77
331.69 183.70
337.61 186.20
340.42 176.54
340.73 186.20
407.43 175.91
411.17 179.34
390.29 182.77
382.50 184.95
417.72 233.57
417.72 263.50
413.04 254.77
407.12 238.87
413.98 234.20
415.54 227.65
406.81 221.11
402.76 225.16
409.61 225.16
416.78 218.30
412.42 216.12
406.50 216.12
402.13 212.38
397.46 212.38
401.20 207.70
398.70 206.15
411.79 205.52
416.78 206.77
371.59 224.22
371.59 227.96
371.59 231.39
369.41 235.76
353.82 218.92
351.33 211.13
345.09 209.57
338.55 203.96
317.35 205.21
315.79 222.67
316.11 218.92
310.18 220.48
344.78 215.50
348.21 213.94
362.24 217.05
378.44 215.50
381.56 210.51
378.44 208.02
372.83 206.15
394.65 209.57
391.22 212.69
387.79 209.57
409.92 211.76
407.74 207.70
400.57 219.86
394.34 216.12
340.11 294.04
481.61 280.33
581.67 286.25
533.88 245.11
521.10 239.81
510.50 242.92
504.58 244.17
495.23 230.46
481.83 234.51
474.97 231.70
466.87 234.51
456.58 233.89
456.58 240.43
443.80 228.90
426.66 230.15
433.21 223.29
423.85 221.11
424.17 217.68
429.78 216.74
425.72 213.31
437.26 214.56
437.57 207.08
436.01 211.13
421.36 202.72
439.75 202.72
443.80 206.77
445.36 210.51
448.79 219.24
441.62 220.17
455.34 225.16
460.63 221.73
461.88 218.30
457.52 215.50
452.22 215.81
468.74 213.63
472.79 217.05
477.15 220.79
482.45 227.34
468.43 222.98
462.50 225.16
510.50 232.64
504.58 232.64
501.78 236.07
499.59 227.34
492.74 218.30
487.75 222.35
486.50 217.68
482.45 215.81
478.09 213.63
473.10 213.31
440.06 177.78
518.61 229.83
508.63 227.34
512.37 222.98
507.08 222.98
503.34 217.68
500.53 215.81
495.23 213.31
487.75 212.38
488.37 211.13
488.37 207.08
483.70 212.69
495.23 208.02
455.34 180.59
446.92 177.78
446.92 174.04
431.02 181.21
421.98 180.59
462.19 178.41
465.31 174.67
468.43 179.96
472.48 176.85
477.46 179.65
479.02 176.54
471.23 174.35
508.01 172.79
495.85 174.98
494.61 177.78
487.44 172.48
487.75 180.90
503.96 175.29
508.63 179.34
515.49 178.41
519.23 187.76
531.08 191.50
530.45 202.41
528.27 202.41
522.97 199.29
527.96 195.86
524.53 193.99
564.74 191.81
566.92 192.12
560.06 190.87
585.31 191.50
592.79 190.25
603.08 190.56
609.93 192.12
595.28 192.43
599.96 192.43
602.14 203.03
607.13 200.54
612.43 232.64
606.19 237.00
613.36 247.29
601.83 211.44
601.83 206.77
595.91 209.57
593.72 211.13
592.79 212.38
595.91 214.87
590.61 215.81
583.13 214.56
585.93 214.87
585.62 212.38
581.57 211.44
574.09 210.20
567.85 207.39
569.41 212.38
573.78 216.12
575.96 221.11
567.85 217.05
563.49 213.94
562.56 211.44
560.37 213.94
559.13 218.92
564.43 218.92
554.76 213.63
552.27 210.51
551.02 215.81
547.91 213.94
544.48 216.74
544.48 220.17
545.10 211.44
547.28 208.02
547.91 207.08
551.02 207.08
536.37 212.38
535.75 216.12
533.88 217.05
537.31 215.81
524.84 213.63
520.79 212.38
530.14 208.33
517.05 213.63
514.87 213.63
513.62 216.12
512.06 216.74
511.13 216.12
509.57 214.56
507.39 214.56
520.79 220.17
522.66 216.74
526.40 218.30
526.71 222.35
532.95 224.54
539.80 224.54
534.50 229.52
542.30 231.08
548.84 225.47
553.52 229.52
552.58 221.11
570.66 231.70
574.09 236.07
581.26 234.82
581.57 242.61
570.97 255.70
567.85 246.98
554.76 257.89
563.49 238.25
591.54 247.29
601.83 228.90
593.10 231.70
588.74 221.73
606.19 217.99
610.56 211.44
500.22 316.79
494.61 309.31
465.62 216.74
552.58 285.31
554.14 266.92
549.46 273.47
167.96 343.76
124.95 298.87
120.58 325.68
444.74 268.33
