898.30 669.08
948.17 657.86
858.40 687.78
979.33 585.55
1013.00 580.56
936.95 585.55
956.89 553.13
964.37 535.68
934.45 519.47
965.62 487.05
1010.50 498.28
999.28 470.85
968.11 443.42
923.23 473.34
905.78 460.87
874.61 467.11
849.67 478.33
874.61 505.76
907.02 513.24
847.18 510.74
812.27 548.15
766.14 531.94
741.21 585.55
690.09 631.68
712.53 726.43
612.79 644.15
577.88 748.87
463.18 664.09
373.41 723.94
378.40 642.90
298.61 631.68
216.32 738.90
180.17 646.64
121.57 588.04
9.36 561.86
10.61 521.96
9.36 472.09
61.72 699.00
493.10 594.28
533.00 548.15
564.17 519.47
614.04 515.73
788.58 487.05
808.53 445.91
858.40 425.96
862.14 443.42
887.08 438.43
900.79 438.43
923.23 440.92
939.44 432.20
948.17 447.16
969.36 434.69
984.32 429.70
1000.53 429.70
1013.00 444.67
1017.98 427.21
975.59 318.74
1006.76 383.57
1021.72 384.82
1003.02 367.37
627.75 575.57
665.15 479.57
731.23 487.05
728.74 447.16
710.04 469.60
711.28 434.69
768.63 452.15
789.83 449.65
748.69 454.64
758.66 435.94
748.69 427.21
796.06 432.20
839.70 427.21
858.40 406.02
865.88 397.29
878.35 401.03
893.31 399.78
918.24 406.02
908.27 414.74
921.98 419.73
961.88 418.48
945.67 399.78
934.45 399.78
924.48 388.56
953.15 392.30
494.35 535.68
459.44 504.51
438.24 480.82
412.06 499.52
390.87 544.41
437.00 585.55
541.72 464.61
579.13 464.61
614.04 475.83
638.97 504.51
631.49 475.83
640.22 440.92
627.75 438.43
642.71 427.21
665.15 428.46
678.87 434.69
693.83 423.47
715.02 417.24
726.24 414.74
731.23 423.47
744.95 399.78
331.02 513.24
332.27 458.38
369.67 495.78
357.21 470.85
363.44 454.64
368.43 449.65
358.45 434.69
392.11 455.89
412.06 449.65
412.06 438.43
415.80 429.70
428.27 449.65
429.52 429.70
446.97 425.96
478.14 454.64
273.67 470.85
296.11 462.12
248.74 504.51
200.11 515.73
114.09 530.69
109.10 479.57
124.06 469.60
139.02 467.11
161.46 463.37
146.50 443.42
162.71 434.69
185.15 440.92
190.14 425.96
195.13 417.24
221.31 428.46
227.54 408.51
203.85 399.78
240.01 411.00
249.98 423.47
249.98 458.38
217.57 478.33
267.44 443.42
277.41 423.47
267.44 403.52
292.37 408.51
318.56 420.98
299.85 432.20
323.54 435.94
336.01 423.47
358.45 417.24
382.14 425.96
399.59 411.00
414.56 408.51
424.53 348.67
453.21 356.15
474.40 353.65
489.36 353.65
480.63 425.96
504.32 432.20
499.33 411.00
480.63 401.03
501.83 401.03
521.78 393.55
540.48 408.51
528.01 423.47
520.53 445.91
559.18 417.24
574.14 423.47
564.17 434.69
571.65 437.18
581.62 438.43
595.33 425.96
596.58 399.78
678.87 409.76
668.89 399.78
685.10 397.29
706.30 391.05
697.57 382.33
695.08 367.37
771.13 397.29
799.80 408.51
822.24 402.28
829.72 392.30
845.93 392.30
869.62 388.56
879.59 388.56
904.53 388.56
908.27 379.83
921.98 379.83
97.88 449.65
77.93 440.92
101.62 429.70
97.88 432.20
50.50 392.30
71.70 418.48
25.57 458.38
13.10 379.83
130.30 443.42
115.33 438.43
137.78 419.73
137.78 379.83
109.10 408.51
105.36 371.11
90.40 379.83
82.92 371.11
56.74 362.38
28.06 366.12
43.02 364.87
65.46 367.37
89.15 356.15
97.88 364.87
102.87 358.64
117.83 366.12
129.05 362.38
150.24 371.11
162.71 371.11
177.67 397.29
196.37 388.56
182.66 373.60
205.10 377.34
215.08 391.05
223.80 383.57
247.49 384.82
257.46 362.38
288.63 379.83
308.58 384.82
316.06 388.56
326.04 371.11
345.98 379.83
369.67 388.56
359.70 382.33
377.15 376.09
389.62 376.09
390.87 364.87
403.33 356.15
144.01 513.24
94.14 637.91
211.33 454.64
960.43 426.90
892.48 425.65
931.13 422.54
937.98 412.56
911.80 403.83
914.92 387.63
901.83 399.47
887.49 396.35
889.98 389.50
816.43 422.54
786.50 431.89
808.95 423.78
768.43 420.67
760.95 418.79
777.78 408.20
778.40 398.22
790.24 379.52
785.26 382.02
782.76 377.65
777.78 375.16
782.14 370.79
787.75 364.56
784.63 358.33
797.10 357.70
805.21 367.68
805.21 361.44
812.69 358.95
818.92 358.95
823.91 363.31
828.89 364.56
837.00 374.54
820.17 374.54
808.95 383.89
816.43 393.24
798.97 390.74
532.17 533.50
569.57 396.35
582.04 411.31
611.33 398.22
620.06 391.99
638.76 405.08
638.76 390.74
633.78 418.17
621.93 423.78
613.83 418.17
555.23 401.96
555.23 390.74
539.65 386.38
560.22 376.41
527.80 378.90
515.33 374.54
526.56 370.17
520.95 362.07
530.92 358.95
539.02 362.69
547.75 353.96
550.87 365.81
565.83 363.31
569.57 375.16
576.43 379.52
582.66 372.04
575.18 365.81
588.27 383.26
590.76 363.31
583.28 364.56
597.62 370.79
603.85 360.20
603.85 367.05
609.46 364.56
599.49 360.20
596.37 349.60
603.85 352.72
605.10 348.35
611.33 370.17
602.61 382.02
603.85 391.99
587.02 395.11
625.67 377.65
630.04 365.81
637.52 376.41
658.71 380.15
646.87 373.29
654.35 367.05
661.83 367.68
670.56 377.65
669.31 386.38
678.66 390.74
657.46 396.35
685.52 382.02
691.75 374.54
683.65 368.92
687.39 364.56
683.65 364.56
686.76 357.08
695.49 363.31
706.09 373.29
712.32 373.29
721.05 375.78
721.05 383.26
727.91 378.90
717.93 393.24
723.54 396.98
736.63 405.08
753.46 388.87
724.79 366.43
757.83 367.68
762.82 367.68
766.56 367.68
767.18 383.26
775.91 383.26
780.27 384.51
823.91 461.81
848.22 380.77
856.95 378.90
865.05 376.41
882.50 375.16
877.52 379.52
871.28 382.02
861.31 387.63
891.23 367.05
904.32 371.42
904.95 367.05
929.26 370.79
936.74 377.65
944.84 387.63
957.93 382.02
956.06 375.16
949.83 364.56
961.67 368.92
965.41 377.65
967.91 388.25
967.28 385.13
971.02 405.08
972.89 418.79
999.08 377.65
1010.92 374.54
1022.14 368.92
1012.17 365.81
1020.27 358.95
1009.67 355.83
1005.31 361.44
996.58 361.44
962.30 353.34
968.53 364.56
966.04 366.43
968.53 370.79
960.43 363.31
955.44 355.83
946.71 355.83
947.33 348.35
936.74 362.69
930.50 363.31
931.13 360.20
935.49 355.83
938.61 352.72
936.11 351.47
932.37 352.72
933.00 347.11
929.26 348.98
923.65 351.47
920.53 360.20
913.67 365.81
913.67 357.08
918.04 350.22
904.32 360.20
895.59 351.47
899.96 348.35
906.19 347.11
909.31 351.47
903.08 354.59
1002.19 352.72
891.23 352.72
888.11 353.96
886.24 357.08
881.88 360.20
878.76 364.56
876.27 368.92
871.28 367.68
874.40 362.07
894.35 356.61
1015.91 360.35
1004.06 377.50
949.21 370.33
936.74 371.26
944.53 376.87
932.69 385.60
931.75 376.25
930.19 374.69
921.15 374.07
909.93 374.69
915.85 377.50
900.89 374.69
898.09 368.15
921.15 354.43
927.08 355.99
941.10 357.55
953.57 354.43
948.89 360.35
960.11 355.37
965.41 358.79
910.56 394.33
854.45 374.69
861.93 372.51
859.13 370.95
858.19 368.15
865.05 363.78
861.31 359.42
869.41 356.61
875.96 355.05
879.39 357.24
879.39 352.87
885.31 351.63
882.82 351.63
888.11 347.89
891.23 346.33
895.59 345.70
898.71 345.70
902.76 346.33
889.05 338.85
885.62 344.46
876.58 345.08
879.08 348.51
883.44 345.70
877.52 346.95
872.84 351.00
868.79 346.33
865.67 353.81
864.43 345.70
864.74 347.26
861.31 353.81
857.57 351.31
857.26 347.89
852.58 347.89
849.15 345.70
851.33 357.24
855.39 355.05
841.67 364.41
846.97 359.42
844.79 355.05
842.92 355.37
845.10 368.46
841.98 372.51
835.75 357.55
833.88 353.50
829.83 357.86
826.09 354.43
816.11 357.24
793.67 353.81
777.46 361.60
778.09 355.68
768.11 379.37
778.40 394.33
763.13 399.31
766.56 431.73
778.40 445.44
830.45 413.34
835.13 404.61
765.62 355.05
767.18 359.42
772.17 357.86
809.26 354.43
892.48 360.35
995.96 410.22
907.13 445.44
760.01 351.63
759.39 345.70
758.14 341.03
739.44 346.95
734.76 351.00
728.53 362.22
722.61 355.99
718.24 348.82
730.09 341.65
755.96 379.37
727.28 374.07
701.72 354.43
709.52 353.50
705.78 346.64
700.79 346.95
702.04 344.46
702.04 342.28
705.15 341.34
707.96 337.91
709.21 342.28
692.06 357.47
671.65 366.67
710.14 365.81
709.83 361.13
672.74 351.16
676.17 352.09
689.26 343.37
695.49 343.05
618.82 370.79
616.63 359.89
622.56 360.51
629.41 357.70
633.15 355.52
635.33 350.22
637.83 354.28
644.37 353.96
646.24 351.16
653.41 352.09
653.10 348.04
643.44 363.63
632.84 364.25
641.88 358.33
624.11 349.60
627.23 352.09
630.04 343.37
633.15 343.99
637.52 341.50
631.28 335.89
618.50 339.00
617.88 350.22
608.53 337.76
598.87 340.25
593.88 341.81
585.46 329.34
576.11 346.17
576.43 343.05
567.70 347.42
565.83 340.25
565.21 333.70
570.82 334.02
574.24 334.95
562.09 341.81
556.48 347.42
571.13 341.50
556.48 357.70
556.48 362.69
563.33 356.46
572.06 356.46
576.43 360.51
578.30 354.28
582.35 358.33
582.66 352.41
586.71 349.60
588.89 355.52
590.76 357.70
597.62 355.52
593.26 358.95
592.01 362.07
614.45 352.41
616.32 356.15
624.43 355.52
610.09 357.70
641.88 346.79
650.92 343.37
653.41 339.31
656.22 340.25
657.15 341.50
659.65 338.38
661.83 339.00
663.08 339.00
637.52 337.76
639.70 338.07
660.27 350.22
661.52 345.86
688.01 339.00
690.50 339.31
695.80 351.16
670.87 356.15
675.23 357.08
677.41 354.59
662.76 354.28
664.32 358.95
670.56 360.51
676.17 363.00
677.10 359.89
682.09 352.41
703.28 361.44
705.15 365.18
664.63 372.04
733.21 400.41
586.09 368.61
572.06 337.76
561.78 334.64
625.36 336.82
627.85 335.89
632.22 340.87
634.71 336.82
827.65 369.70
818.30 369.70
931.75 452.61
935.49 433.29
472.32 405.86
468.58 395.89
461.10 435.16
431.80 360.98
461.10 351.00
467.96 349.76
508.48 362.85
510.35 357.86
510.97 380.92
510.35 384.67
510.35 370.95
509.72 374.07
540.27 351.78
547.13 348.04
553.05 344.92
503.18 351.47
497.57 350.85
494.45 353.34
507.23 342.74
505.67 335.57
498.50 329.65
508.48 336.20
512.22 332.77
520.32 336.20
517.52 337.13
521.26 331.52
525.93 334.95
525.31 342.43
522.50 343.05
517.83 340.87
518.45 351.78
529.98 351.78
536.84 347.11
512.22 344.92
528.11 309.08
536.22 305.34
515.65 308.77
520.32 308.77
509.41 307.83
505.98 309.39
488.22 308.77
477.31 309.70
471.39 312.20
468.58 302.54
468.27 312.20
401.57 301.91
397.83 305.34
418.71 308.77
426.50 310.95
391.28 359.57
391.28 389.50
395.96 380.77
401.88 364.87
395.02 360.20
393.46 353.65
402.19 347.11
406.24 351.16
399.39 351.16
392.22 344.30
396.58 342.12
402.50 342.12
406.87 338.38
411.54 338.38
407.80 333.70
410.30 332.15
397.21 331.52
392.22 332.77
437.41 350.22
437.41 353.96
437.41 357.39
439.59 361.76
455.18 344.92
457.67 337.13
463.91 335.57
470.45 329.96
491.65 331.21
493.21 348.67
492.89 344.92
498.82 346.48
464.22 341.50
460.79 339.94
446.76 343.05
430.56 341.50
427.44 336.51
430.56 334.02
436.17 332.15
414.35 335.57
417.78 338.69
421.21 335.57
399.08 337.76
401.26 333.70
408.43 345.86
414.66 342.12
468.89 420.04
327.39 406.33
227.33 412.25
275.12 371.11
287.90 365.81
298.50 368.92
304.42 370.17
313.77 356.46
327.17 360.51
334.03 357.70
342.13 360.51
352.42 359.89
352.42 366.43
365.20 354.90
382.34 356.15
375.79 349.29
385.15 347.11
384.83 343.68
379.22 342.74
383.28 339.31
371.74 340.56
371.43 333.08
372.99 337.13
387.64 328.72
369.25 328.72
365.20 332.77
363.64 336.51
360.21 345.24
367.38 346.17
353.66 351.16
348.37 347.73
347.12 344.30
351.48 341.50
356.78 341.81
340.26 339.63
336.21 343.05
331.85 346.79
326.55 353.34
340.57 348.98
346.50 351.16
298.50 358.64
304.42 358.64
307.22 362.07
309.41 353.34
316.26 344.30
321.25 348.35
322.50 343.68
326.55 341.81
330.91 339.63
335.90 339.31
368.94 303.78
290.39 355.83
300.37 353.34
296.63 348.98
301.92 348.98
305.66 343.68
308.47 341.81
313.77 339.31
321.25 338.38
320.63 337.13
320.63 333.08
325.30 338.69
313.77 334.02
353.66 306.59
362.08 303.78
362.08 300.04
377.98 307.21
387.02 306.59
346.81 304.41
343.69 300.67
340.57 305.96
336.52 302.85
331.54 305.65
329.98 302.54
337.77 300.35
300.99 298.79
313.15 300.98
314.39 303.78
321.56 298.48
321.25 306.90
305.04 301.29
300.37 305.34
293.51 304.41
289.77 313.76
277.92 317.50
278.55 328.41
280.73 328.41
286.03 325.29
281.04 321.86
284.47 319.99
244.26 317.81
242.08 318.12
248.94 316.87
223.69 317.50
216.21 316.25
205.92 316.56
199.07 318.12
213.72 318.43
209.04 318.43
206.86 329.03
201.87 326.54
193.15 351.47
188.78 358.33
196.57 358.64
202.81 363.00
195.64 373.29
186.60 377.96
186.91 390.43
207.17 337.44
207.17 332.77
213.09 335.57
215.28 337.13
216.21 338.38
213.09 340.87
218.39 341.81
225.87 340.56
223.07 340.87
223.38 338.38
227.43 337.44
234.91 336.20
241.15 333.39
239.59 338.38
235.22 342.12
233.04 347.11
241.15 343.05
245.51 339.94
246.44 337.44
248.63 339.94
249.87 344.92
244.57 344.92
254.24 339.63
256.73 336.51
257.98 341.81
261.09 339.94
264.52 342.74
264.52 346.17
263.90 337.44
261.72 334.02
261.09 333.08
257.98 333.08
272.63 338.38
273.25 342.12
275.12 343.05
271.69 341.81
284.16 339.63
288.21 338.38
278.86 334.33
291.95 339.63
294.13 339.63
295.38 342.12
296.94 342.74
297.87 342.12
299.43 340.56
301.61 340.56
288.21 346.17
286.34 342.74
282.60 344.30
282.29 348.35
276.05 350.54
269.20 350.54
274.50 355.52
266.70 357.08
260.16 351.47
255.48 355.52
256.42 347.11
238.34 357.70
234.91 362.07
227.74 360.82
227.43 368.61
238.03 381.70
241.15 372.98
254.24 383.89
245.51 364.25
217.46 373.29
207.17 354.90
215.90 357.70
220.26 347.73
202.81 343.99
190.34 346.79
198.44 337.44
186.60 351.78
308.78 442.79
314.39 435.31
343.38 342.74
256.42 411.31
254.86 392.92
259.54 399.47
182.24 464.15
641.04 469.76
684.05 424.87
688.42 451.68
364.26 394.33
153.50 359.13
139.69 363.74
137.14 358.62
163.22 356.07
177.03 361.69
172.43 356.58
180.61 352.49
178.57 340.72
174.99 344.30
168.85 346.86
165.27 342.77
173.45 338.16
175.50 332.03
168.34 333.05
164.25 338.68
155.55 337.65
157.60 343.28
157.60 346.86
146.34 350.44
146.86 342.77
146.34 338.16
140.72 338.16
138.16 347.88
129.46 349.93
131.00 342.77
122.30 340.21
117.19 344.30
116.68 351.46
104.40 345.84
94.17 339.19
97.24 349.93
85.99 347.37
78.32 344.81
75.25 348.39
69.62 342.26
81.38 336.12
58.88 343.79
61.44 339.70
65.02 337.65
52.74 334.58
50.70 340.21
40.98 343.79
45.58 349.42
34.84 353.00
28.19 348.90
20.52 341.74
22.05 336.12
30.24 339.19
44.56 333.56
42.51 333.56
119.24 315.66
112.59 309.52
129.46 318.73
140.21 317.19
154.02 317.70
157.60 317.19
162.71 315.66
169.36 316.68
177.54 318.73
174.48 317.19
185.22 320.77
193.40 317.19
158.11 332.54
136.11 332.54
123.84 326.40
129.98 337.65
120.26 335.09
111.56 335.61
104.91 331.00
110.54 329.98
100.31 328.45
102.36 317.19
98.26 301.34
94.68 302.87
14.89 333.56
170.90 425.63
146.34 431.77
