20.74 603.70
46.72 595.33
55.53 563.63
70.50 559.22
92.52 541.61
105.73 530.60
95.60 504.18
89.87 490.53
81.95 483.92
63.45 468.95
4.00 518.71
14.13 518.27
31.75 519.59
34.39 528.84
52.88 527.52
52.44 487.00
28.22 486.12
20.30 470.27
11.49 477.75
3.56 469.83
6.64 496.69
7.08 413.02
28.66 416.10
95.16 411.26
84.15 430.19
70.50 436.80
55.97 419.19
77.10 459.26
97.80 470.27
103.97 463.66
102.64 441.20
110.57 451.77
124.22 448.69
115.42 473.79
124.22 483.92
133.03 499.33
150.64 485.68
156.37 508.58
141.40 527.08
131.71 528.84
167.38 547.33
117.18 558.34
100.44 571.55
131.71 562.75
185.43 605.90
154.17 578.60
192.04 538.08
199.97 559.22
210.97 570.67
223.31 528.84
199.08 523.11
208.33 504.62
201.29 484.36
207.89 483.92
196.00 489.20
189.84 454.86
181.47 451.33
156.81 459.70
167.82 459.70
144.04 473.35
127.31 468.51
122.46 474.67
161.65 430.19
153.29 442.97
157.69 422.71
169.58 423.59
193.80 440.76
219.34 458.38
210.97 466.31
240.92 516.95
240.92 525.75
239.60 556.14
260.74 587.41
269.98 578.60
289.36 556.58
304.33 568.91
324.15 547.77
341.32 553.06
347.49 568.91
311.38 513.86
293.32 514.75
276.59 507.70
248.85 498.45
247.97 487.88
244.88 478.64
235.64 471.59
224.63 487.00
219.78 481.28
225.07 499.33
246.64 451.33
221.54 439.44
229.03 422.71
258.97 426.67
251.93 400.69
221.98 405.53
121.14 397.61
154.17 377.35
142.72 372.95
135.23 377.79
168.26 368.98
215.38 368.10
280.55 462.78
261.62 470.71
277.03 476.43
292.44 478.64
318.42 483.92
321.95 500.21
336.48 493.17
361.14 498.01
358.94 492.29
354.53 469.39
345.73 450.45
327.67 471.59
304.77 416.10
328.55 411.70
354.53 424.03
351.45 401.13
357.62 402.01
320.63 379.55
310.50 408.18
317.54 401.13
346.17 420.51
39.67 459.26
55.53 449.13
48.48 440.76
31.75 446.93
19.86 442.53
108.37 366.78
29.54 360.62
7.53 368.10
5.91 342.23
50.39 360.51
10.09 301.28
17.14 301.28
31.45 299.96
38.50 302.38
60.52 302.82
76.59 303.48
81.87 303.70
93.98 302.82
70.86 340.47
79.89 341.57
101.47 353.46
67.12 316.25
38.06 321.75
32.11 319.99
176.19 348.62
166.50 350.38
157.91 339.37
148.88 351.04
140.08 349.72
265.58 356.54
273.29 356.54
280.99 355.88
309.18 344.87
341.98 335.85
345.73 327.04
322.61 329.02
284.30 323.30
277.47 327.92
262.94 332.76
256.77 336.29
245.54 334.97
237.40 334.75
231.01 301.72
237.18 301.94
243.78 297.31
248.85 297.97
221.10 307.66
193.36 312.29
183.01 311.85
172.66 304.58
134.57 307.88
109.25 316.91
110.35 341.13
114.53 342.45
177.51 332.54
202.61 340.25
189.18 363.37
215.82 352.80
224.19 348.84
227.71 351.04
231.45 355.66
362.90 318.45
371.49 322.19
384.92 319.33
386.90 341.57
362.46 346.19
352.99 370.42
368.63 366.89
359.16 357.20
353.87 330.12
360.04 327.04
451.64 322.19
431.60 323.74
423.23 323.74
408.48 321.75
457.14 348.40
441.29 349.28
431.82 336.95
413.76 350.82
404.74 346.86
413.54 364.91
427.64 381.20
419.27 396.40
410.68 402.78
552.70 374.16
519.01 405.64
512.85 402.56
528.92 402.34
536.85 406.97
535.97 420.40
528.92 412.69
487.53 404.54
481.58 436.91
450.31 426.34
374.57 339.59
491.93 327.70
521.43 330.34
530.90 335.63
529.80 326.60
535.97 351.70
527.82 355.44
514.17 358.53
506.24 370.19
500.08 354.12
488.85 357.86
490.61 345.75
475.19 341.57
468.37 337.17
504.70 338.49
502.28 348.84
541.69 330.45
553.14 327.81
556.22 330.45
568.55 330.01
564.59 327.81
244.88 358.19
213.62 329.57
187.64 328.25
187.64 348.07
574.28 349.39
563.27 359.08
556.22 353.35
549.18 355.99
436.88 326.49
428.96 366.56
422.35 367.00
586.17 344.10
578.24 333.97
582.20 333.53
587.05 331.33
601.58 334.42
608.63 329.57
549.62 426.45
454.94 452.87
466.39 447.15
416.63 452.43
406.06 465.64
365.10 445.39
361.14 435.70
386.68 505.28
390.64 487.66
401.65 525.97
415.31 496.03
406.50 482.82
424.55 473.57
421.91 489.86
463.75 522.01
428.52 508.80
433.36 494.71
445.25 487.22
442.61 533.02
454.50 502.19
462.86 493.39
439.08 469.61
447.45 463.44
471.67 471.37
498.97 465.64
499.86 488.98
476.96 494.27
497.21 513.64
494.13 537.86
474.31 521.13
528.04 519.37
529.80 494.71
554.90 479.30
558.42 468.29
551.82 457.28
565.03 455.08
585.29 514.97
576.48 529.94
600.26 540.51
598.06 524.21
595.86 487.22
578.24 472.69
572.08 466.53
578.24 449.79
588.81 457.72
554.46 439.22
566.79 365.24
574.28 362.16
591.89 372.73
595.86 380.21
609.07 380.65
447.16 577.06
411.05 570.01
484.15 588.51
553.73 582.34
528.19 547.99
570.46 582.34
582.79 583.22
611.86 595.55
613.62 574.42
308.59 594.89
462.57 227.63
305.36 213.09
214.64 192.40
227.42 190.19
186.90 186.67
592.63 268.58
583.38 258.89
537.14 271.66
485.62 262.42
400.63 247.44
92.22 243.92
229.62 249.20
320.33 256.69
24.85 328.47
16.04 330.23
195.27 354.89
197.47 341.68
437.91 359.30
393.87 365.90
120.41 306.45
455.97 588.51
537.87 378.01
86.94 184.25
116.00 218.60
147.71 215.96
263.08 187.77
254.28 178.08
288.63 188.65
293.03 172.80
296.55 172.80
288.63 163.11
321.21 153.42
277.18 151.66
270.13 151.66
130.97 244.14
62.28 333.97
71.08 329.57
86.06 329.57
54.35 339.26
47.31 336.62
37.62 336.62
4.15 326.93
6.79 331.33
222.57 422.93
180.30 358.64
176.77 355.99
128.33 343.66
130.97 348.95
13.84 455.52
413.69 330.45
408.41 336.62
303.60 323.41
315.05 319.88
92.22 339.26
104.55 336.62
13.84 339.26
13.84 339.26
58.76 173.82
56.86 165.52
56.63 182.59
62.32 179.04
117.31 161.26
116.36 171.21
201.46 145.61
205.49 146.80
194.82 148.22
188.66 149.64
197.43 178.80
225.64 161.97
198.38 164.46
187.95 168.72
158.08 163.51
157.61 181.52
142.91 187.69
281.34 134.71
283.71 134.00
288.21 134.95
258.58 150.83
255.03 148.46
256.45 167.18
254.55 161.97
260.01 161.97
263.09 162.68
267.83 164.58
270.91 165.29
274.70 166.00
260.24 173.58
272.09 186.15
267.83 187.81
274.70 181.88
304.57 153.44
310.49 152.72
314.52 155.33
300.06 131.63
361.69 119.78
382.79 209.61
337.75 207.01
328.51 218.86
341.78 198.71
329.46 170.03
318.55 175.72
324.24 175.48
336.09 166.00
330.64 156.52
333.72 156.28
343.44 160.07
351.03 164.58
351.74 159.12
441.81 200.84
431.62 189.70
479.74 173.58
485.19 170.98
499.18 161.49
507.24 161.73
495.62 159.60
491.83 160.07
483.53 153.91
466.46 132.81
450.11 128.55
435.18 121.91
422.14 156.52
606.32 142.53
608.92 143.24
602.76 138.74
594.94 137.79
582.38 139.21
588.30 140.64
579.06 141.11
572.42 144.66
525.49 134.00
519.80 144.90
517.19 146.09
473.10 136.13
465.99 150.83
460.06 152.96
359.09 191.01
342.97 188.16
357.19 180.58
347.24 174.89
354.35 172.99
370.94 170.15
372.84 156.87
369.04 159.24
360.04 157.35
364.30 147.86
369.04 142.18
373.31 143.12
365.72 136.49
371.89 131.75
379.00 200.84
394.64 178.56
392.27 177.61
388.72 170.50
391.56 168.61
393.93 167.66
390.38 154.38
398.91 152.25
394.17 153.91
398.67 154.38
399.86 143.24
396.30 143.72
413.13 154.38
426.41 136.84
424.04 135.42
420.48 170.74
427.83 169.79
427.83 163.86
431.38 164.10
433.99 167.89
438.73 163.39
454.14 166.24
449.87 166.00
446.08 170.74
379.95 187.81
382.79 187.57
374.02 189.23
376.86 169.08
380.66 170.74
382.08 162.44
388.01 159.84
500.84 141.58
489.46 155.33
487.09 155.09
485.43 161.02
482.58 161.49
478.79 161.49
471.21 166.95
459.12 167.89
463.62 170.98
456.51 169.08
90.76 168.72
91.71 156.87
125.37 154.50
118.73 194.80
122.52 195.27
116.84 203.81
130.58 208.07
169.46 189.11
175.15 189.58
156.18 217.08
162.35 214.71
166.14 214.24
123.00 219.92
30.55 222.29
29.13 225.61
21.55 224.66
208.81 175.84
224.45 177.73
214.02 181.52
200.75 184.37
192.21 183.42
184.15 180.58
233.93 162.56
210.70 145.02
241.52 161.61
253.37 154.50
258.58 157.35
320.21 141.70
324.48 140.75
300.78 154.98
295.56 163.04
308.36 180.10
294.61 206.18
288.92 207.60
270.44 205.23
275.18 205.23
311.21 193.38
325.43 184.37
418.35 187.69
399.38 183.42
405.07 161.61
403.65 150.71
387.53 138.86
378.05 131.75
488.51 132.69
483.29 138.38
486.61 138.86
447.74 142.18
496.57 182.47
495.62 192.43
504.15 191.48
510.79 194.32
528.81 176.31
536.86 175.36
550.61 166.35
531.18 136.49
565.31 140.75
548.24 178.68
553.93 178.21
543.03 182.47
269.49 434.92
312.15 440.61
331.12 430.18
315.95 420.69
