32.34 570.69
104.97 547.68
56.07 516.04
122.23 494.47
121.51 481.52
61.82 477.93
33.06 489.43
22.27 469.30
0.70 457.79
101.37 475.05
116.47 453.48
90.58 454.20
102.09 449.16
52.47 454.92
65.42 449.16
33.06 457.79
20.11 452.04
0.25 384.53
2.23 395.86
0.97 408.80
3.12 414.38
5.46 398.02
9.42 398.74
17.33 396.76
24.16 394.96
23.44 399.10
28.47 398.02
30.99 398.02
42.31 399.28
41.60 395.50
56.16 398.56
64.61 394.96
69.46 399.99
5.10 408.80
7.44 405.93
9.42 407.54
10.67 410.96
5.64 411.14
11.39 416.89
17.69 416.17
17.15 410.60
6.90 432.89
12.29 429.12
18.94 428.04
22.18 433.61
14.09 440.80
32.97 438.11
44.65 436.31
44.65 444.58
53.10 436.13
58.31 439.01
76.29 442.06
67.84 434.33
76.65 435.05
85.28 435.77
82.23 428.58
75.57 428.58
65.69 420.31
63.71 417.61
46.09 413.84
20.74 422.65
24.52 420.67
27.39 418.51
41.24 410.60
22.90 412.40
31.35 409.88
27.93 409.88
44.11 405.03
52.38 406.83
56.52 407.72
38.36 408.08
47.17 407.37
55.08 415.99
66.58 409.70
73.06 410.60
79.53 410.60
84.20 396.22
85.64 396.76
62.63 421.39
58.49 420.13
27.75 415.28
38.72 415.63
36.02 412.22
67.48 425.70
243.57 541.03
174.54 535.28
155.84 484.94
206.18 505.07
90.67 398.38
94.99 399.28
93.73 396.40
99.84 396.40
104.88 397.84
112.97 396.22
107.75 398.92
115.84 396.58
119.44 398.02
130.23 397.84
88.16 405.03
102.72 435.41
109.73 433.07
98.94 426.42
94.09 423.19
88.16 429.30
87.62 442.78
84.92 408.44
87.44 408.98
93.55 407.90
98.76 410.06
101.46 412.22
95.71 416.35
89.06 416.89
105.06 415.99
108.29 417.79
109.91 427.32
106.31 423.90
116.92 421.57
124.11 422.65
123.21 438.65
106.31 442.78
114.23 442.42
119.62 410.42
116.20 414.38
110.45 414.38
108.29 411.32
107.39 409.34
129.15 422.65
129.15 414.02
123.75 415.63
136.34 413.84
134.90 417.07
140.83 414.02
132.74 410.96
135.62 428.40
141.73 422.65
143.53 418.15
122.67 448.17
128.25 446.92
134.90 447.63
136.34 439.37
130.76 436.49
146.76 427.14
152.16 447.99
133.46 398.02
122.14 398.74
126.81 397.48
139.57 396.22
146.05 397.48
141.01 403.41
144.79 411.32
149.64 412.58
148.56 409.70
151.98 408.08
156.29 397.12
152.70 396.22
154.31 415.63
159.53 415.10
164.20 414.56
147.48 418.51
160.25 429.30
159.35 420.49
512.52 532.40
266.58 518.02
316.92 526.65
354.31 519.46
403.21 512.26
377.33 510.83
298.23 507.95
188.92 516.58
557.10 515.14
456.43 519.46
453.55 499.32
172.92 448.44
163.93 468.94
177.24 464.98
163.93 477.21
182.27 428.31
187.30 431.54
189.10 439.10
196.65 429.75
202.40 431.54
208.16 437.30
198.81 441.25
206.36 455.99
212.83 449.88
229.37 474.33
246.99 480.08
221.10 468.22
230.09 455.63
232.25 446.29
204.20 446.29
256.34 468.22
269.28 474.33
278.63 488.35
308.11 491.95
298.76 494.11
341.91 483.32
359.17 490.87
331.84 473.25
342.27 468.94
362.76 464.26
380.74 465.70
385.78 483.32
349.82 453.84
357.37 453.12
372.47 450.60
390.81 452.40
387.57 444.85
382.90 437.66
369.96 440.17
356.29 444.13
341.55 439.10
326.45 452.76
318.18 454.92
307.03 455.28
299.48 459.23
283.30 466.42
289.78 460.31
265.69 455.99
284.74 449.88
282.94 440.53
295.17 448.44
303.08 445.93
309.19 438.02
314.58 443.41
239.80 456.35
249.87 451.32
236.92 442.33
244.11 439.81
230.09 440.89
221.82 437.66
217.51 434.06
210.67 431.54
215.35 422.92
222.54 427.59
227.21 429.75
241.24 427.95
237.28 430.83
249.15 432.26
264.97 434.06
270.36 428.31
275.75 438.02
293.73 435.86
304.52 430.11
300.20 424.71
291.21 427.23
291.57 421.48
286.90 425.79
283.30 432.98
275.75 422.20
263.53 426.51
260.65 420.04
245.91 420.04
208.88 418.96
190.54 413.93
101.37 487.99
170.14 396.94
166.72 397.30
160.61 398.02
214.72 395.86
204.29 396.94
206.09 397.66
193.33 398.92
183.80 398.92
182.36 394.78
176.97 399.28
187.75 398.02
189.91 397.66
192.61 395.50
200.88 403.05
196.92 397.30
197.64 406.11
190.27 407.01
180.38 410.78
164.92 407.01
173.73 410.96
170.67 413.66
198.00 413.12
202.67 419.77
226.76 420.31
224.43 416.53
216.88 416.35
220.47 414.38
224.79 410.78
230.54 413.84
231.80 416.89
174.81 418.69
167.80 421.03
257.15 398.20
243.48 396.94
256.25 415.63
251.39 415.81
242.94 414.92
247.08 413.48
211.66 414.56
208.97 408.98
230.72 410.96
253.37 422.65
344.25 421.66
279.80 414.38
275.84 415.10
264.34 416.35
269.73 410.60
269.37 420.49
267.39 415.46
271.53 415.10
285.19 413.48
290.76 414.74
286.99 415.99
282.14 421.57
299.21 411.32
303.89 410.60
299.57 415.28
304.79 414.20
315.39 417.25
313.24 413.84
308.20 413.84
319.71 411.32
324.02 410.42
342.72 410.96
328.88 415.63
329.78 405.03
334.45 396.22
339.84 399.63
331.93 412.76
341.82 418.87
338.94 421.39
334.45 417.25
335.53 415.28
335.89 413.48
333.55 411.32
327.26 411.50
322.40 415.63
316.11 414.74
299.21 420.13
346.85 415.46
349.91 430.92
342.54 426.42
349.91 416.53
362.49 437.39
361.24 430.56
357.10 425.70
367.17 414.74
347.03 423.01
373.82 422.11
373.28 415.10
350.09 404.49
370.58 404.49
379.57 403.77
384.79 403.05
391.98 406.29
404.20 405.57
411.75 403.23
418.23 403.41
429.19 405.57
368.25 431.28
385.69 425.16
384.97 431.46
397.01 434.51
400.25 429.30
399.53 423.01
408.70 423.01
414.45 424.26
411.75 443.14
415.35 454.11
430.09 445.84
442.14 438.83
434.58 457.16
398.99 458.42
390.36 422.65
388.92 418.87
380.11 421.03
382.09 416.35
379.03 414.74
376.70 413.30
364.29 418.33
358.72 415.99
352.61 418.15
384.79 411.68
389.10 412.58
385.51 415.63
393.06 413.84
392.34 416.71
394.85 421.39
396.65 419.41
396.65 413.30
400.61 414.38
403.48 416.89
406.00 419.41
403.12 421.03
407.08 412.22
419.84 417.07
414.63 412.94
412.47 416.35
421.82 415.10
425.42 421.03
423.62 413.12
436.92 416.89
444.83 428.40
438.36 427.50
425.78 429.66
402.40 443.50
426.67 414.20
434.23 405.75
425.78 405.03
439.44 405.03
444.11 402.51
446.09 400.53
448.79 402.51
448.79 405.57
446.63 404.49
451.66 402.69
455.98 399.99
463.17 403.77
467.48 405.39
463.53 401.79
471.80 402.51
470.18 403.05
466.94 402.33
467.30 412.58
463.89 421.03
471.62 418.15
468.02 427.14
429.73 421.03
425.78 415.99
481.78 398.47
474.94 403.50
493.28 419.68
489.78 402.33
494.09 403.23
498.05 402.51
501.64 402.33
505.96 403.23
512.43 403.77
517.46 401.97
527.35 405.39
530.94 403.59
522.85 404.85
526.81 401.97
534.00 401.61
550.72 399.81
548.92 397.66
541.19 398.56
544.07 399.10
541.73 401.07
570.67 397.30
528.97 408.26
539.75 404.49
550.18 404.13
506.85 445.84
516.92 443.68
525.73 441.34
529.69 454.29
534.36 450.51
540.11 454.11
552.70 451.05
564.92 454.29
569.06 442.78
570.67 434.15
560.97 441.16
564.20 435.77
549.10 437.93
554.31 435.95
560.43 430.74
541.19 442.60
529.69 435.23
518.00 436.13
523.93 436.31
513.69 431.63
516.74 426.42
524.11 425.34
518.00 422.83
530.94 423.19
537.96 421.21
538.85 425.70
541.19 429.66
546.94 429.48
550.18 422.47
552.70 419.95
561.51 420.67
560.43 416.17
565.46 427.50
554.31 425.70
559.53 427.14
571.03 423.72
555.93 414.92
544.07 421.93
542.45 417.43
526.99 414.56
539.03 414.92
510.81 412.94
519.26 414.20
518.72 416.35
522.67 417.07
560.25 407.01
567.80 405.75
563.12 403.23
569.78 403.23
449.42 469.30
420.65 480.44
398.00 478.65
437.55 493.75
460.56 489.43
501.91 505.97
530.31 486.20
550.45 486.92
554.40 471.81
534.99 464.26
511.98 473.61
