1015.31 510.08
1010.20 565.83
1017.36 551.00
991.78 544.86
969.28 518.26
1000.48 487.57
988.20 487.06
968.25 475.81
988.20 462.00
1000.48 465.07
1017.36 455.35
1015.31 450.23
1011.73 441.03
988.20 444.09
1015.31 425.68
1009.68 418.52
1019.91 436.42
986.16 422.10
996.39 426.70
945.24 503.43
946.26 540.25
914.04 602.66
913.01 580.15
911.48 556.11
900.23 536.67
945.24 467.62
929.89 464.04
954.44 436.42
969.28 422.10
954.57 421.08
964.29 408.29
960.45 399.34
980.91 410.59
935.01 439.49
941.14 432.84
925.29 444.61
924.78 435.40
933.98 425.17
921.71 422.61
932.45 412.38
914.04 427.73
901.76 444.61
905.85 460.46
900.74 470.18
886.93 460.46
925.80 481.43
916.59 532.58
884.37 511.61
869.02 554.06
836.29 519.28
835.27 478.88
839.87 468.65
827.59 465.07
878.74 472.74
874.65 452.28
901.25 431.31
900.23 420.57
893.06 423.12
908.92 415.96
881.30 419.54
887.44 430.28
865.44 453.30
849.59 443.58
871.58 444.09
851.63 424.15
856.24 411.36
869.02 422.61
873.12 416.47
866.47 408.80
892.55 412.89
885.39 409.82
888.97 407.78
896.13 405.22
921.20 408.80
815.83 529.51
810.72 556.62
832.71 589.36
747.29 579.64
757.01 547.93
788.72 556.62
709.95 551.51
726.83 537.19
715.07 515.19
729.90 500.36
770.82 484.50
786.16 473.25
807.65 478.88
803.04 472.23
787.19 464.55
804.07 448.19
831.69 444.86
809.69 425.94
817.62 423.12
843.45 411.36
816.09 441.03
822.74 416.73
797.42 438.21
791.02 446.14
772.61 467.62
764.94 470.95
765.45 447.16
773.63 444.09
780.28 441.54
789.23 424.15
798.70 409.06
797.93 422.10
791.79 407.78
773.38 422.61
764.68 431.05
754.96 424.91
748.82 449.46
740.64 439.75
740.90 447.67
726.83 487.31
727.34 469.41
734.25 468.13
725.81 457.14
734.50 452.53
732.71 432.84
742.94 428.49
737.57 424.66
775.42 408.80
736.55 415.45
718.65 422.10
714.30 476.06
705.86 462.25
719.41 447.67
706.88 449.98
684.89 447.67
710.72 495.75
679.77 528.49
814.30 616.47
735.01 615.95
675.68 606.24
641.41 554.06
625.04 533.60
647.55 519.79
644.48 503.94
675.17 515.70
672.10 502.40
636.30 497.80
618.91 517.24
608.68 524.91
585.15 559.18
624.53 596.01
554.46 599.59
612.77 621.07
535.02 568.90
557.53 546.90
580.55 539.23
539.11 520.82
606.63 496.78
594.36 482.97
753.68 405.73
659.57 447.67
634.00 475.29
566.99 501.89
576.71 505.47
565.97 482.97
570.57 457.39
585.92 454.32
608.93 411.87
582.85 429.77
590.01 427.22
591.54 422.10
551.13 440.51
565.46 445.63
562.90 428.75
550.62 427.73
548.07 479.90
549.09 469.67
545.51 457.90
539.88 457.90
533.74 449.21
536.81 431.31
521.98 431.82
522.49 471.71
519.93 458.93
534.26 457.39
511.75 462.00
525.56 501.38
535.79 498.82
499.47 498.31
512.26 545.88
511.24 528.49
498.45 538.72
484.64 533.60
474.92 527.98
500.50 566.34
484.64 582.71
481.57 559.18
432.47 542.30
401.27 582.71
402.29 602.14
385.92 572.99
402.80 535.14
458.04 504.96
487.71 487.57
464.69 485.52
505.61 465.07
497.43 457.39
470.83 458.42
446.28 464.04
464.18 447.67
478.50 448.19
486.69 444.61
479.01 429.26
486.18 428.75
456.00 431.82
465.72 469.16
438.10 483.99
393.08 486.55
412.52 480.92
406.89 460.97
399.22 451.25
388.99 443.07
439.12 434.38
473.90 423.63
473.90 415.45
375.18 465.07
364.44 456.88
370.07 443.07
384.90 431.31
427.61 451.00
438.35 454.84
399.48 430.80
349.61 430.80
360.61 432.59
370.07 418.52
385.41 504.71
372.88 504.71
373.14 529.51
353.70 510.59
348.07 501.38
345.26 465.58
331.71 460.21
330.17 454.07
335.29 425.94
336.57 420.82
398.97 423.12
336.82 616.47
350.12 582.71
365.46 554.06
421.73 558.16
320.45 581.68
289.76 563.27
270.33 559.18
282.60 530.54
323.52 539.74
324.55 503.94
303.06 497.80
256.01 623.12
242.71 594.47
256.01 579.64
252.43 549.97
316.87 535.14
282.60 510.59
267.77 498.82
277.49 491.66
296.41 491.66
316.36 489.11
315.34 470.69
308.18 465.58
299.48 467.62
294.37 475.29
286.18 463.02
302.55 452.79
312.27 453.30
323.52 446.14
268.79 470.69
240.15 510.59
231.97 501.89
231.97 478.88
243.22 471.71
224.80 473.76
201.79 514.17
204.35 531.05
212.53 547.41
200.25 621.07
179.28 596.01
180.82 562.25
155.24 568.90
157.80 589.87
139.39 607.77
94.89 628.23
116.37 584.75
87.21 584.75
66.24 596.52
51.41 611.86
48.85 578.10
78.01 536.16
124.55 556.62
161.89 541.79
190.54 512.63
203.83 504.45
203.83 495.75
185.42 494.22
177.24 459.44
212.53 450.23
232.48 457.90
312.78 431.05
303.57 432.33
289.25 433.86
298.20 416.73
308.43 418.52
264.96 461.74
275.70 435.14
276.21 419.54
286.95 426.45
265.21 418.78
261.12 419.03
269.82 420.05
315.34 418.26
236.82 434.89
29.16 640.51
12.79 633.34
14.33 608.79
1.54 580.66
5.63 557.13
46.04 546.39
41.44 529.51
18.42 514.68
47.06 512.63
112.02 512.12
122.76 531.56
161.12 509.05
179.54 510.08
161.12 481.94
147.31 499.33
125.32 486.04
128.39 472.74
118.16 469.67
126.34 456.37
149.87 457.39
185.68 436.93
190.79 433.86
99.75 467.11
70.08 456.37
79.29 453.30
101.79 498.31
115.60 498.82
82.87 508.54
80.82 499.33
64.45 494.73
69.06 474.27
47.57 490.64
30.18 493.20
18.42 498.31
5.63 511.10
6.66 539.74
34.40 455.86
52.05 456.11
58.44 461.23
67.39 441.03
58.70 438.21
68.93 432.84
88.62 434.89
115.47 437.70
106.27 438.98
109.59 426.19
132.10 444.61
148.21 442.30
146.42 451.77
144.12 424.40
155.63 423.63
165.09 424.15
179.92 420.57
212.66 420.05
194.75 486.80
179.15 489.62
124.94 518.00
52.05 434.12
44.89 426.45
40.54 424.91
34.40 427.22
30.57 426.96
46.93 434.89
85.55 428.49
29.03 438.21
35.68 432.84
21.62 432.84
12.92 426.96
3.71 428.49
4.99 437.19
12.15 437.70
995.62 649.20
940.38 634.88
879.00 634.88
510.73 641.02
436.05 705.46
410.48 620.56
457.53 615.44
60.62 667.61
505.05 -28.57
536.55 413.74
541.91 412.40
535.21 422.45
529.84 423.12
519.79 421.78
517.11 416.42
507.06 422.45
497.68 425.13
488.29 410.39
738.26 407.04
732.90 406.37
720.84 406.37
712.80 407.04
820.02 401.67
823.37 403.68
828.73 403.01
839.46 401.67
852.19 403.68
617.88 487.92
777.85 419.06
724.15 408.32
745.88 411.01
764.17 407.88
747.03 426.61
768.39 405.64
