7.76 365.43
6.74 402.25
38.96 464.66
39.99 442.15
41.52 418.11
52.77 398.67
7.76 329.62
23.11 326.04
17.99 301.49
11.86 294.84
27.71 306.61
28.22 297.40
19.02 287.17
31.29 284.61
20.55 274.38
38.96 289.73
51.24 306.61
47.15 322.46
52.26 332.18
66.07 322.46
27.20 343.43
36.41 394.58
68.63 373.61
83.98 416.06
116.71 381.28
117.73 340.88
113.13 330.65
125.41 327.07
74.26 334.74
78.35 314.28
51.75 293.31
52.77 282.57
59.94 285.12
44.08 277.96
71.70 281.54
65.56 292.28
87.56 315.30
103.41 305.58
81.42 306.09
101.37 286.15
96.76 273.36
83.98 284.61
79.88 278.47
86.53 270.80
60.45 274.89
67.61 271.82
64.03 269.78
56.87 267.22
31.80 270.80
137.17 391.51
142.28 418.62
120.29 451.36
205.71 441.64
195.99 409.93
164.28 418.62
243.05 413.51
226.17 399.19
237.93 377.19
223.10 362.36
182.18 346.50
166.84 335.25
145.35 340.88
149.96 334.23
165.81 326.55
148.93 310.19
121.31 306.86
143.31 287.94
135.38 285.12
109.55 273.36
136.91 303.03
130.26 278.73
155.58 300.21
161.98 308.14
180.39 329.62
188.06 332.95
187.55 309.16
179.37 306.09
172.72 303.54
163.77 286.15
154.30 271.06
155.07 284.10
161.21 269.78
179.62 284.61
188.32 293.05
198.04 286.91
204.18 311.46
212.36 301.75
212.10 309.67
226.17 349.31
225.66 331.41
218.75 330.13
227.19 319.14
218.50 314.53
220.29 294.84
210.06 290.49
215.43 286.66
177.58 270.80
216.45 277.45
234.35 284.10
238.70 338.06
247.14 324.25
233.59 309.67
246.12 311.98
268.11 309.67
242.28 357.75
273.23 390.49
138.70 478.47
217.99 477.95
277.32 468.24
311.59 416.06
327.96 395.60
305.45 381.79
308.52 365.94
277.83 377.70
280.90 364.40
316.70 359.80
334.09 379.24
344.32 386.91
367.85 421.18
328.47 458.01
398.54 461.59
340.23 483.07
417.98 430.90
395.47 408.90
372.45 401.23
413.89 382.82
346.37 358.78
358.64 344.97
199.32 267.73
293.43 309.67
319.00 337.29
386.01 363.89
376.29 367.47
387.03 344.97
382.43 319.39
367.08 316.32
344.07 273.87
370.15 291.77
362.99 289.22
361.46 284.10
401.87 302.51
387.54 307.63
390.10 290.75
402.38 289.73
404.93 341.90
403.91 331.67
407.49 319.90
413.12 319.90
419.26 311.21
416.19 293.31
431.02 293.82
430.51 333.71
433.07 320.93
418.74 319.39
441.25 324.00
427.44 363.38
417.21 360.82
453.53 360.31
440.74 407.88
441.76 390.49
454.55 400.72
468.36 395.60
478.08 389.98
452.50 428.34
468.36 444.71
471.43 421.18
520.53 404.30
551.73 444.71
550.71 464.14
567.08 434.99
550.20 397.14
494.96 366.96
465.29 349.57
488.31 347.52
447.39 327.07
455.57 319.39
482.17 320.42
506.72 326.04
488.82 309.67
474.50 310.19
466.31 306.61
473.99 291.26
466.82 290.75
497.00 293.82
487.28 331.16
514.90 345.99
559.92 348.55
540.48 342.92
546.11 322.97
553.78 313.25
564.01 305.07
513.88 296.38
479.10 285.63
479.10 277.45
577.82 327.07
588.56 318.88
582.93 305.07
568.10 293.31
525.39 313.00
514.65 316.84
553.52 292.80
603.39 292.80
592.39 294.59
582.93 280.52
567.59 366.71
580.12 366.71
579.86 391.51
599.30 372.59
604.93 363.38
607.74 327.58
554.03 285.12
602.88 444.71
587.54 416.06
531.27 420.16
12.62 496.88
74.00 496.88
442.27 503.02
516.95 567.46
542.52 482.56
495.47 477.44
416.45 275.74
411.09 274.40
417.79 284.45
423.16 285.12
433.21 283.78
435.89 278.42
445.94 284.45
455.32 287.13
464.71 272.39
214.74 269.04
220.10 268.37
232.16 268.37
240.20 269.04
132.98 263.67
129.63 265.68
124.27 265.01
113.54 263.67
100.81 265.68
335.12 349.92
175.15 281.06
228.85 270.32
207.12 273.01
188.83 269.88
205.97 288.61
184.61 267.64
