8.69 510.08
13.80 565.83
6.64 551.00
32.22 544.86
54.72 518.26
23.52 487.57
35.80 487.06
55.75 475.81
35.80 462.00
23.52 465.07
6.64 455.35
8.69 450.23
12.27 441.03
35.80 444.09
8.69 425.68
14.32 418.52
4.09 436.42
37.84 422.10
27.61 426.70
78.76 503.43
77.74 540.25
109.96 602.66
110.99 580.15
112.52 556.11
123.77 536.67
78.76 467.62
94.11 464.04
69.56 436.42
54.72 422.10
69.43 421.08
59.71 408.29
63.55 399.34
43.09 410.59
88.99 439.49
82.86 432.84
98.71 444.61
99.22 435.40
90.02 425.17
102.29 422.61
91.55 412.38
109.96 427.73
122.24 444.61
118.15 460.46
123.26 470.18
137.07 460.46
98.20 481.43
107.41 532.58
139.63 511.61
154.98 554.06
187.71 519.28
188.73 478.88
184.13 468.65
196.41 465.07
145.26 472.74
149.35 452.28
122.75 431.31
123.77 420.57
130.94 423.12
115.08 415.96
142.70 419.54
136.56 430.28
158.56 453.30
174.41 443.58
152.42 444.09
172.37 424.15
167.76 411.36
154.98 422.61
150.88 416.47
157.53 408.80
131.45 412.89
138.61 409.82
135.03 407.78
127.87 405.22
102.80 408.80
208.17 529.51
213.28 556.62
191.29 589.36
276.71 579.64
266.99 547.93
235.28 556.62
314.05 551.51
297.17 537.19
308.93 515.19
294.10 500.36
253.18 484.50
237.84 473.25
216.35 478.88
220.96 472.23
236.81 464.55
219.93 448.19
192.31 444.86
214.31 425.94
206.38 423.12
180.55 411.36
207.91 441.03
201.26 416.73
226.58 438.21
232.98 446.14
251.39 467.62
259.06 470.95
258.55 447.16
250.37 444.09
243.72 441.54
234.77 424.15
225.30 409.06
226.07 422.10
232.21 407.78
250.62 422.61
259.32 431.05
269.04 424.91
275.18 449.46
283.36 439.75
283.10 447.67
297.17 487.31
296.66 469.41
289.75 468.13
298.19 457.14
289.50 452.53
291.29 432.84
281.06 428.49
286.43 424.66
248.58 408.80
287.45 415.45
305.35 422.10
309.70 476.06
318.14 462.25
304.59 447.67
317.12 449.98
339.11 447.67
313.28 495.75
344.23 528.49
209.70 616.47
288.99 615.95
348.32 606.24
382.59 554.06
398.96 533.60
376.45 519.79
379.52 503.94
348.83 515.70
351.90 502.40
387.70 497.80
405.09 517.24
415.32 524.91
438.85 559.18
399.47 596.01
469.54 599.59
411.23 621.07
488.98 568.90
466.47 546.90
443.45 539.23
484.89 520.82
417.37 496.78
429.64 482.97
270.32 405.73
364.43 447.67
390.00 475.29
457.01 501.89
447.29 505.47
458.03 482.97
453.43 457.39
438.08 454.32
415.07 411.87
441.15 429.77
433.99 427.22
432.46 422.10
472.87 440.51
458.54 445.63
461.10 428.75
473.38 427.73
475.93 479.90
474.91 469.67
478.49 457.90
484.12 457.90
490.26 449.21
487.19 431.31
502.02 431.82
501.51 471.71
504.07 458.93
489.74 457.39
512.25 462.00
498.44 501.38
488.21 498.82
524.53 498.31
511.74 545.88
512.76 528.49
525.55 538.72
539.36 533.60
549.08 527.98
523.50 566.34
539.36 582.71
542.43 559.18
591.53 542.30
622.73 582.71
621.71 602.14
638.08 572.99
621.20 535.14
565.96 504.96
536.29 487.57
559.31 485.52
518.39 465.07
526.57 457.39
553.17 458.42
577.72 464.04
559.82 447.67
545.50 448.19
537.31 444.61
544.99 429.26
537.82 428.75
568.00 431.82
558.28 469.16
585.90 483.99
630.92 486.55
611.48 480.92
617.11 460.97
624.78 451.25
635.01 443.07
584.88 434.38
550.10 423.63
550.10 415.45
648.82 465.07
659.56 456.88
653.93 443.07
639.10 431.31
596.39 451.00
585.65 454.84
624.52 430.80
674.39 430.80
663.39 432.59
653.93 418.52
638.59 504.71
651.12 504.71
650.86 529.51
670.30 510.59
675.93 501.38
678.74 465.58
692.29 460.21
693.83 454.07
688.71 425.94
687.43 420.82
625.03 423.12
687.18 616.47
673.88 582.71
658.54 554.06
602.27 558.16
703.55 581.68
734.24 563.27
753.67 559.18
741.40 530.54
700.48 539.74
699.45 503.94
720.94 497.80
767.99 623.12
781.29 594.47
767.99 579.64
771.57 549.97
707.13 535.14
741.40 510.59
756.23 498.82
746.51 491.66
727.59 491.66
707.64 489.11
708.66 470.69
715.82 465.58
724.52 467.62
729.63 475.29
737.82 463.02
721.45 452.79
711.73 453.30
700.48 446.14
755.21 470.69
783.85 510.59
792.03 501.89
792.03 478.88
780.78 471.71
799.20 473.76
822.21 514.17
819.65 531.05
811.47 547.41
823.75 621.07
844.72 596.01
843.18 562.25
868.76 568.90
866.20 589.87
884.61 607.77
929.11 628.23
907.63 584.75
936.79 584.75
957.76 596.52
972.59 611.86
975.15 578.10
945.99 536.16
899.45 556.62
862.11 541.79
833.46 512.63
820.17 504.45
820.17 495.75
838.58 494.22
846.76 459.44
811.47 450.23
791.52 457.90
711.22 431.05
720.43 432.33
734.75 433.86
725.80 416.73
715.57 418.52
759.04 461.74
748.30 435.14
747.79 419.54
737.05 426.45
758.79 418.78
762.88 419.03
754.18 420.05
708.66 418.26
787.18 434.89
994.84 640.51
1011.21 633.34
1009.67 608.79
1022.46 580.66
1018.37 557.13
977.96 546.39
982.56 529.51
1005.58 514.68
976.94 512.63
911.98 512.12
901.24 531.56
862.88 509.05
844.46 510.08
862.88 481.94
876.69 499.33
898.68 486.04
895.61 472.74
905.84 469.67
897.66 456.37
874.13 457.39
838.32 436.93
833.21 433.86
924.25 467.11
953.92 456.37
944.71 453.30
922.21 498.31
908.40 498.82
941.13 508.54
943.18 499.33
959.55 494.73
954.94 474.27
976.43 490.64
993.82 493.20
1005.58 498.31
1018.37 511.10
1017.34 539.74
989.60 455.86
971.95 456.11
965.56 461.23
956.61 441.03
965.30 438.21
955.07 432.84
935.38 434.89
908.53 437.70
917.73 438.98
914.41 426.19
891.90 444.61
875.79 442.30
877.58 451.77
879.88 424.40
868.37 423.63
858.91 424.15
844.08 420.57
811.34 420.05
829.25 486.80
844.85 489.62
899.06 518.00
971.95 434.12
979.11 426.45
983.46 424.91
989.60 427.22
993.43 426.96
977.07 434.89
938.45 428.49
994.97 438.21
988.32 432.84
1002.38 432.84
1011.08 426.96
1020.29 428.49
1019.01 437.19
1011.85 437.70
28.38 649.20
83.62 634.88
145.00 634.88
513.27 641.02
587.95 705.46
613.52 620.56
566.47 615.44
963.38 667.61
518.95 -28.57
487.45 413.74
482.09 412.40
488.79 422.45
494.16 423.12
504.21 421.78
506.89 416.42
516.94 422.45
526.32 425.13
535.71 410.39
285.74 407.04
291.10 406.37
303.16 406.37
311.20 407.04
203.98 401.67
200.63 403.68
195.27 403.01
184.54 401.67
171.81 403.68
406.12 487.92
246.15 419.06
299.85 408.32
278.12 411.01
259.83 407.88
276.97 426.61
255.61 405.64
