2.98 445.06
35.71 410.28
36.73 369.88
32.13 359.65
44.41 356.07
6.56 344.30
22.41 334.58
0.42 335.09
20.37 315.15
15.76 302.36
2.98 313.61
5.53 299.80
56.17 420.51
61.28 447.62
39.29 480.36
124.71 470.64
114.99 438.93
83.28 447.62
162.05 442.51
145.17 428.19
156.93 406.19
142.10 391.36
101.18 375.50
85.84 364.25
64.35 369.88
68.96 363.23
84.81 355.55
67.93 339.19
40.31 335.86
62.31 316.94
54.38 314.12
28.55 302.36
55.91 332.03
49.26 307.73
74.58 329.21
80.98 337.14
99.39 358.62
107.06 361.95
106.55 338.16
98.37 335.09
91.72 332.54
82.77 315.15
73.30 300.06
74.07 313.10
80.21 298.78
98.62 313.61
107.32 322.05
117.04 315.91
123.18 340.46
131.36 330.75
131.10 338.67
145.17 378.31
144.66 360.41
137.75 359.13
146.19 348.14
137.50 343.53
139.29 323.84
129.06 319.49
134.43 315.66
96.58 299.80
135.45 306.45
153.35 313.10
157.70 367.06
166.14 353.25
152.59 338.67
165.12 340.98
187.11 338.67
161.28 386.75
192.23 419.49
57.70 507.47
136.99 506.95
196.32 497.24
230.59 445.06
246.96 424.60
224.45 410.79
227.52 394.94
196.83 406.70
199.90 393.40
235.70 388.80
253.09 408.24
263.32 415.91
286.85 450.18
247.47 487.01
317.54 490.59
259.23 512.07
336.98 459.90
314.47 437.90
291.45 430.23
332.89 411.82
265.37 387.78
277.64 373.97
118.32 296.73
212.43 338.67
238.00 366.29
305.01 392.89
295.29 396.47
306.03 373.97
301.43 348.39
286.08 345.32
263.07 302.87
289.15 320.77
281.99 318.22
280.46 313.10
320.87 331.51
306.54 336.63
309.10 319.75
321.38 318.73
323.93 370.90
322.91 360.67
326.49 348.90
332.12 348.90
338.26 340.21
335.19 322.31
350.02 322.82
349.51 362.71
352.07 349.93
337.74 348.39
360.25 353.00
346.44 392.38
336.21 389.82
372.53 389.31
359.74 436.88
360.76 419.49
373.55 429.72
387.36 424.60
397.08 418.98
371.50 457.34
387.36 473.71
390.43 450.18
439.53 433.30
470.73 473.71
469.71 493.14
486.08 463.99
469.20 426.14
413.96 395.96
384.29 378.57
407.31 376.52
366.39 356.07
374.57 348.39
401.17 349.42
425.72 355.04
407.82 338.67
393.50 339.19
385.31 335.61
392.99 320.26
385.82 319.75
416.00 322.82
406.28 360.16
433.90 374.99
478.92 377.55
459.48 371.92
465.11 351.97
472.78 342.25
483.01 334.07
432.88 325.38
398.10 314.63
398.10 306.45
496.82 356.07
507.56 347.88
501.93 334.07
487.10 322.31
444.39 342.00
433.65 345.84
472.52 321.80
522.39 321.80
511.39 323.59
501.93 309.52
486.59 395.71
499.12 395.71
498.86 420.51
518.30 401.59
523.93 392.38
526.74 356.58
540.29 351.21
541.83 345.07
536.71 316.94
535.43 311.82
473.03 314.12
535.18 507.47
521.88 473.71
506.54 445.06
450.27 449.16
551.55 472.68
582.24 454.27
601.67 450.18
589.40 421.54
548.48 430.74
547.45 394.94
568.94 388.80
555.13 426.14
589.40 401.59
604.23 389.82
594.51 382.66
575.59 382.66
555.64 380.11
556.66 361.69
563.82 356.58
572.52 358.62
577.63 366.29
585.82 354.02
569.45 343.79
559.73 344.30
548.48 337.14
603.21 361.69
559.22 322.05
568.43 323.33
582.75 324.86
573.80 307.73
563.57 309.52
607.04 352.74
596.30 326.14
595.79 310.54
585.05 317.45
606.79 309.78
610.88 310.03
602.18 311.05
556.66 309.26
361.27 532.02
435.95 596.46
461.52 511.56
414.47 506.44
335.45 304.74
330.09 303.40
336.79 313.45
342.16 314.12
352.21 312.78
354.89 307.42
364.94 313.45
374.32 316.13
383.71 301.39
133.74 298.04
139.10 297.37
151.16 297.37
159.20 298.04
51.98 292.67
48.63 294.68
43.27 294.01
32.54 292.67
19.81 294.68
254.12 378.92
94.15 310.06
147.85 299.32
126.12 302.01
107.83 298.88
124.97 317.61
103.61 296.64
