23.17 526.74
422.14 538.93
478.66 487.95
1.01 487.68
41.46 500.84
39.24 477.56
49.77 458.17
27.61 445.43
14.86 435.45
0.46 438.22
6.00 410.52
2.67 398.33
80.25 445.43
77.48 458.17
99.64 499.17
228.20 511.23
5.17 378.93
1.01 370.90
21.79 382.26
18.19 390.01
23.17 395.83
48.94 401.65
38.69 410.52
30.38 405.81
65.56 406.64
76.09 403.87
57.81 411.63
27.61 419.66
27.05 412.46
38.97 433.24
52.54 442.93
47.28 436.01
65.56 424.92
89.67 400.82
70.83 393.34
51.16 388.63
45.06 378.66
60.30 374.50
48.11 369.24
37.86 373.39
30.93 376.44
21.51 372.84
22.34 368.68
11.26 374.50
12.65 368.13
10.98 361.20
9.32 357.60
10.71 352.61
12.92 348.73
5.44 349.01
19.30 349.84
24.84 341.53
40.91 332.94
27.05 335.71
36.47 345.13
55.59 347.07
65.56 339.87
52.27 360.65
63.07 363.14
31.49 356.49
30.10 353.44
24.56 352.61
23.73 356.77
31.76 363.42
75.26 363.42
64.18 353.72
71.66 345.69
63.35 346.52
85.79 380.32
77.76 375.33
85.24 372.84
79.97 371.45
92.99 359.26
87.17 355.66
85.51 347.63
111.28 344.58
107.12 422.15
83.30 429.36
113.50 408.85
90.22 388.91
115.71 382.81
131.78 393.89
132.89 413.84
119.87 421.60
127.90 436.01
125.96 446.26
137.05 430.19
101.58 372.01
96.87 372.01
307.99 507.90
286.93 516.77
240.39 499.04
211.57 500.14
176.11 490.17
142.86 487.95
529.63 450.27
514.12 449.17
498.60 449.17
474.22 461.36
459.82 454.71
445.41 474.66
429.89 513.44
409.95 504.58
243.71 481.30
238.17 462.47
254.79 459.14
130.12 474.93
138.43 467.17
142.31 455.54
150.62 442.79
161.70 463.30
156.72 477.70
176.11 466.07
186.08 453.32
179.99 446.67
177.77 440.02
192.18 430.05
204.37 429.50
214.34 425.62
214.90 440.02
228.75 453.32
242.05 443.90
249.81 446.67
248.70 435.04
258.12 436.14
273.08 436.14
278.07 443.90
281.39 454.43
283.05 485.46
300.23 473.82
316.85 467.73
317.41 454.43
303.56 456.65
293.03 433.37
311.87 423.95
311.87 413.43
330.15 423.40
324.06 421.18
352.32 427.28
346.22 447.78
330.15 452.21
336.80 454.43
337.36 463.30
339.02 479.92
325.17 480.47
290.81 499.87
367.28 491.00
380.58 477.70
374.48 464.40
380.58 438.92
384.46 423.95
382.24 409.55
373.37 405.67
361.74 415.09
354.53 419.52
346.22 417.30
344.01 413.43
322.95 407.33
273.08 403.45
282.50 403.45
273.63 419.52
245.37 411.76
239.83 419.52
207.14 413.43
235.40 407.33
264.77 401.79
201.05 455.54
188.30 478.81
191.63 497.10
117.37 509.84
101.86 485.05
108.51 467.87
117.65 478.95
110.72 486.98
148.40 389.46
140.65 392.79
141.48 381.43
163.09 397.77
199.94 392.51
208.25 389.18
224.04 390.57
162.81 390.01
160.32 385.03
198.55 363.97
256.46 383.92
280.84 350.40
235.95 383.37
147.85 409.13
177.22 421.05
163.37 428.53
163.92 440.16
191.90 390.57
196.61 380.32
174.17 393.06
173.62 372.84
208.80 381.43
213.24 375.88
224.87 371.45
239.56 373.39
235.12 352.61
292.20 402.21
283.61 396.39
208.25 368.13
215.73 366.47
123.75 376.99
130.40 384.75
129.56 373.95
137.32 363.69
131.50 367.30
134.27 358.43
127.35 358.43
145.91 363.14
317.69 392.51
289.98 373.39
244.27 385.86
235.40 391.40
102.14 387.59
67.50 357.81
74.57 356.70
61.13 358.78
59.61 356.56
98.12 351.16
92.30 350.60
108.09 352.13
122.22 361.27
84.13 363.21
102.69 356.42
111.42 363.21
114.05 366.12
108.23 358.36
130.81 363.76
129.84 359.47
135.38 346.72
148.68 350.60
144.66 355.45
142.03 351.02
145.22 347.42
142.31 349.08
150.76 355.87
156.99 360.30
163.23 368.06
158.93 370.97
150.76 374.43
148.13 377.89
165.03 375.82
168.63 357.11
169.74 351.71
132.20 352.13
131.23 343.82
126.52 348.66
79.97 346.45
55.87 350.60
46.86 351.16
51.57 348.66
84.82 391.19
69.03 382.05
58.50 383.16
20.13 362.93
16.25 359.88
104.91 378.86
107.95 370.27
67.92 366.26
44.51 358.36
39.80 362.52
37.72 356.70
39.94 350.47
216.56 350.67
214.62 354.55
208.25 358.15
205.20 352.61
197.17 355.38
197.44 347.90
188.58 352.06
186.92 359.26
270.59 356.21
255.63 375.05
251.75 372.84
266.15 387.24
273.08 382.81
273.08 387.24
284.16 386.69
307.43 378.66
314.08 382.26
314.36 379.21
296.63 375.33
313.81 363.42
305.77 365.08
327.38 364.25
328.49 350.12
345.11 359.82
341.79 360.09
338.74 367.02
336.80 368.40
350.93 357.32
372.82 361.20
377.25 363.14
387.50 364.25
393.05 365.36
380.85 387.24
357.30 393.06
350.66 395.28
343.45 391.12
331.54 388.63
303.83 408.85
391.38 406.08
406.34 408.02
400.25 432.40
408.84 424.65
420.75 442.10
430.72 462.60
437.10 450.69
438.48 437.67
431.28 443.76
434.88 413.84
422.69 404.70
431.00 394.45
417.43 397.77
398.03 398.88
394.15 393.62
408.01 386.69
399.69 381.43
414.10 380.87
404.68 375.05
418.26 372.84
428.23 377.82
422.14 367.02
423.52 363.42
413.55 364.53
393.60 360.65
335.42 414.40
353.98 413.01
298.85 418.27
307.43 392.51
287.76 420.21
448.18 410.24
472.84 414.95
458.98 402.76
465.91 404.42
461.48 393.62
449.84 390.57
443.47 385.58
445.41 380.04
434.33 372.01
437.93 369.24
432.39 364.25
443.19 364.80
449.84 364.53
456.77 367.02
474.78 382.26
481.70 385.86
476.99 393.62
484.47 396.66
489.74 392.51
495.56 401.93
503.31 404.14
511.63 401.37
514.12 404.14
514.95 412.18
490.01 430.47
476.72 443.76
449.84 452.35
536.01 439.61
528.53 427.97
536.01 423.26
523.82 411.63
536.28 411.63
514.12 396.39
430.17 388.63
430.45 432.96
402.47 420.21
393.88 424.65
422.14 294.98
442.64 293.60
340.68 305.24
254.52 401.10
249.25 354.83
176.66 361.76
177.50 353.72
186.64 415.78
176.39 403.04
378.36 420.77
184.98 371.45
30.66 388.91
38.69 382.81
252.02 365.08
383.94 524.74
350.19 516.55
