264.64 514.80
188.17 452.74
149.39 473.80
115.03 435.01
43.00 545.83
510.67 481.56
453.04 484.88
29.70 374.89
61.28 406.47
97.85 416.45
84.00 394.84
96.75 380.43
64.05 378.77
44.11 384.31
0.88 388.19
116.14 382.09
148.28 394.84
166.01 413.68
147.72 368.24
140.52 359.93
144.40 333.33
128.33 364.36
111.71 355.50
96.75 358.82
67.93 353.83
26.93 357.71
6.43 313.94
5.04 335.82
15.57 326.96
206.46 426.84
204.24 403.56
214.77 384.17
192.61 371.43
179.86 361.45
165.46 364.22
171.00 336.52
167.67 324.33
245.25 371.43
242.48 384.17
264.64 425.17
53.53 336.38
46.05 332.50
35.24 341.09
31.36 336.38
36.07 327.24
29.98 313.94
29.98 319.48
57.40 317.82
74.86 331.11
85.11 341.64
99.52 336.38
110.60 336.93
132.49 351.62
119.74 327.24
110.88 320.59
148.00 317.82
136.09 318.65
156.31 314.21
30.53 301.19
46.60 308.67
15.01 309.78
393.20 437.23
5.32 300.50
14.18 292.19
14.46 282.77
22.77 282.21
20.28 276.12
21.66 271.13
9.20 272.24
5.87 276.12
1.16 266.98
18.89 261.43
32.75 263.37
19.72 268.92
15.85 268.36
13.91 265.31
56.02 301.61
47.71 296.34
39.95 291.63
41.06 285.82
46.60 285.82
34.41 283.32
41.34 278.06
51.31 276.12
56.85 280.83
45.21 272.24
47.43 268.64
53.53 262.54
65.44 260.05
46.32 259.22
30.53 271.69
72.09 305.21
71.26 293.02
59.90 291.63
66.27 278.89
63.50 271.69
73.47 269.75
94.81 309.09
111.15 306.04
97.30 299.95
91.48 297.45
85.39 296.07
79.57 289.97
78.74 280.00
97.58 277.50
93.70 272.79
86.22 265.87
90.10 262.54
82.89 263.37
107.00 257.00
103.40 262.82
115.31 298.84
108.38 289.69
98.41 289.97
104.23 281.94
129.16 307.15
118.91 311.03
134.43 296.34
126.95 289.69
135.53 283.88
113.92 282.49
118.63 282.49
125.01 276.12
133.04 273.07
127.50 269.75
131.66 265.87
137.47 268.36
144.95 270.30
86.22 312.97
76.52 318.79
66.27 310.20
141.63 279.44
154.93 282.21
154.65 276.67
161.58 272.52
150.22 273.07
154.10 288.31
145.79 299.95
145.23 310.20
143.01 307.15
139.41 310.47
136.37 314.63
170.17 304.93
166.01 296.90
156.31 314.08
186.79 308.26
183.19 316.01
188.17 321.83
213.94 327.65
203.69 336.52
195.38 331.81
230.56 332.64
241.09 329.87
222.81 337.63
192.61 345.66
192.05 338.46
203.97 359.24
217.54 368.93
212.28 362.01
230.56 350.92
254.67 326.82
235.83 319.34
216.16 314.63
210.06 304.66
225.30 300.50
213.11 295.24
202.86 299.39
195.93 302.44
186.51 298.84
187.34 294.68
176.26 300.50
177.65 294.13
175.98 287.20
174.32 283.60
175.71 278.61
177.92 274.73
170.44 275.01
184.30 275.84
189.84 267.53
205.91 258.94
192.05 261.71
201.47 271.13
220.59 273.07
230.56 265.87
217.27 286.65
228.07 289.14
196.49 282.49
195.10 279.44
189.56 278.61
188.73 282.77
196.76 289.42
240.26 289.42
229.18 279.72
236.66 271.69
228.35 272.52
250.79 306.32
242.76 301.33
250.24 298.84
244.97 297.45
257.99 285.26
252.17 281.66
250.51 273.63
276.28 270.58
272.12 348.15
248.30 355.36
278.50 334.85
255.22 314.91
280.71 308.81
296.78 319.89
297.89 339.84
284.87 347.60
292.90 362.01
290.96 372.26
302.05 356.19
266.58 298.01
261.87 298.01
472.99 433.90
451.93 442.77
405.39 425.04
376.57 426.14
341.11 416.17
307.86 413.95
408.71 407.30
403.17 388.47
419.79 385.14
295.12 400.93
303.43 393.17
307.31 381.54
315.62 368.79
326.70 389.30
321.72 403.70
341.11 392.07
351.08 379.32
344.99 372.67
342.77 366.02
357.18 356.05
369.37 355.50
379.34 351.62
379.90 366.02
393.75 379.32
407.05 369.90
414.81 372.67
413.70 361.04
423.12 362.14
438.08 362.14
443.07 369.90
446.39 380.43
448.05 411.46
465.23 399.82
481.85 393.73
482.41 380.43
468.56 382.65
458.03 359.37
476.87 349.95
476.87 339.43
495.15 349.40
489.06 347.18
517.32 353.28
511.22 373.78
495.15 378.21
501.80 380.43
502.36 389.30
504.02 405.92
490.17 406.47
455.81 425.87
532.28 417.00
545.58 403.70
539.48 390.40
545.58 364.92
538.37 331.67
526.74 341.09
519.53 345.52
511.22 343.30
509.01 339.43
487.95 333.33
438.08 329.45
447.50 329.45
438.63 345.52
410.37 337.76
404.83 345.52
372.14 339.43
400.40 333.33
429.77 327.79
366.05 381.54
353.30 404.81
356.63 423.10
282.37 435.84
266.86 411.05
273.51 393.87
282.65 404.95
275.72 412.98
313.40 315.46
305.65 318.79
306.48 307.43
328.09 323.77
364.94 318.51
373.25 315.18
389.04 316.57
327.81 316.01
325.32 311.03
363.55 289.97
421.46 309.92
445.84 276.40
400.95 309.37
312.85 335.13
342.22 347.05
328.37 354.53
328.92 366.16
356.90 316.57
361.61 306.32
339.17 319.06
338.62 298.84
373.80 307.43
378.24 301.88
389.87 297.45
404.56 299.39
400.12 278.61
457.20 328.21
448.61 322.39
373.25 294.13
380.73 292.47
288.75 302.99
295.40 310.75
294.56 299.95
302.32 289.69
296.50 293.30
299.27 284.43
292.35 284.43
310.91 289.14
482.69 318.51
454.98 299.39
409.27 311.86
400.40 317.40
267.14 313.59
232.50 283.81
239.57 282.70
226.13 284.78
224.61 282.56
263.12 277.16
257.30 276.60
273.09 278.13
287.22 287.27
249.13 289.21
267.69 282.42
276.42 289.21
279.05 292.12
273.23 284.36
295.81 289.76
294.84 285.47
300.38 272.72
313.68 276.60
309.66 281.45
307.03 277.02
310.22 273.42
307.31 275.08
315.76 281.87
321.99 286.30
328.23 294.06
323.93 296.97
315.76 300.43
313.13 303.89
330.03 301.82
333.63 283.11
334.74 277.71
297.20 278.13
296.23 269.82
291.52 274.66
244.97 272.45
220.87 276.60
211.86 277.16
216.57 274.66
249.82 317.19
234.03 308.05
223.50 309.16
185.13 288.93
181.25 285.88
269.91 304.86
272.95 296.27
232.92 292.26
209.51 284.36
204.80 288.52
202.72 282.70
204.94 276.47
381.56 276.67
379.62 280.55
373.25 284.15
370.20 278.61
362.17 281.38
362.44 273.90
353.58 278.06
351.92 285.26
435.59 282.21
420.63 301.05
416.75 298.84
431.15 313.24
438.08 308.81
438.08 313.24
449.16 312.69
472.43 304.66
479.08 308.26
479.36 305.21
461.63 301.33
478.81 289.42
470.77 291.08
492.38 290.25
493.49 276.12
510.11 285.82
506.79 286.09
503.74 293.02
501.80 294.40
515.93 283.32
537.82 287.20
542.25 289.14
545.85 313.24
522.30 319.06
515.66 321.28
508.45 317.12
496.54 314.63
468.83 334.85
500.42 340.40
518.98 339.01
463.85 344.27
472.43 318.51
452.76 346.21
505.68 231.24
419.52 327.10
414.25 280.83
341.66 287.76
342.50 279.72
351.64 341.78
341.39 329.04
543.36 346.77
349.98 297.45
195.66 314.91
203.69 308.81
417.02 291.08
515.19 442.55
