486.64 595.80
410.17 533.74
371.39 554.80
337.03 516.01
344.79 637.92
265.00 626.83
248.37 637.92
905.55 565.88
809.14 545.93
732.67 562.56
675.04 565.88
963.18 559.23
962.07 513.79
1018.59 562.56
954.31 640.13
1008.62 644.56
865.66 494.95
73.27 510.47
7.89 580.29
112.06 475.01
179.66 595.80
212.91 637.92
164.15 636.81
149.74 626.56
179.11 632.10
114.83 636.53
69.95 659.80
98.21 600.51
178.56 493.57
251.70 455.89
283.28 487.47
319.85 497.45
306.00 475.84
318.75 461.43
286.05 459.77
266.11 465.31
222.88 469.19
188.53 439.82
154.17 445.92
135.34 453.12
121.48 465.31
114.83 453.67
98.21 469.74
37.26 455.34
338.14 463.09
370.28 475.84
388.01 494.68
369.72 449.24
362.52 440.93
366.40 414.33
350.33 445.36
333.71 436.50
318.75 439.82
289.93 434.83
248.93 438.71
220.67 435.94
217.90 451.46
113.17 428.74
93.78 425.97
81.03 424.30
74.94 413.22
71.06 428.74
42.80 423.20
44.46 435.94
16.20 421.53
17.86 463.09
68.84 448.69
91.56 442.04
72.17 400.89
90.45 397.57
64.69 398.40
62.47 391.20
53.33 402.28
44.18 404.77
27.28 410.59
15.65 408.93
10.66 398.95
20.91 393.41
39.47 383.44
53.88 377.07
67.18 373.19
86.30 370.14
109.01 375.68
123.14 378.17
111.23 398.95
100.98 403.66
128.69 394.52
144.20 389.26
143.65 377.62
137.55 365.15
118.99 371.25
125.08 363.77
116.77 362.38
105.69 366.26
109.85 359.89
95.99 367.09
89.90 359.34
84.08 359.34
74.11 363.49
58.59 362.66
41.97 370.14
32.82 374.02
34.49 358.50
41.41 353.79
22.85 360.72
15.37 355.73
12.32 352.13
5.95 349.64
18.42 334.12
5.95 326.92
2.07 336.34
28.67 336.89
34.76 335.51
38.37 338.83
45.57 339.39
45.01 334.40
55.27 331.35
66.63 336.89
77.71 336.62
56.37 344.93
15.09 368.48
5.12 371.25
29.50 344.86
61.64 354.00
66.21 350.26
62.88 342.37
77.43 352.20
72.58 356.50
88.24 350.68
88.24 345.41
83.39 347.21
81.45 351.23
79.37 339.46
108.46 331.84
100.56 344.72
99.04 357.05
107.21 354.83
111.92 344.86
112.76 339.46
118.30 328.37
120.24 339.46
126.33 348.74
121.21 347.77
137.27 351.16
142.26 351.72
144.76 340.36
131.46 334.82
141.43 359.47
141.43 355.04
150.85 363.63
151.68 355.59
152.51 349.78
151.13 346.45
160.82 356.98
166.37 351.16
168.03 345.90
167.47 339.80
177.17 337.59
189.64 340.36
183.54 347.28
177.17 349.22
169.97 358.92
172.46 368.62
158.05 368.62
165.81 378.87
168.86 390.78
187.70 379.98
155.28 393.55
148.91 398.82
144.20 403.53
134.23 412.39
125.08 407.13
143.37 426.24
164.43 417.10
164.70 409.07
153.07 410.45
182.43 402.14
194.63 392.72
208.20 380.81
203.21 407.96
203.21 421.26
186.87 422.09
210.69 389.67
228.43 394.94
215.40 403.25
214.02 397.71
189.08 364.74
178.00 364.74
179.66 357.53
227.04 416.82
218.73 414.33
219.84 407.96
237.57 407.96
221.50 433.17
191.30 430.68
428.46 507.84
426.24 484.56
436.77 465.17
414.61 452.43
401.86 442.45
387.46 445.22
393.00 417.52
389.67 405.33
467.25 452.43
464.48 465.17
486.64 506.17
275.53 417.38
268.05 413.50
257.24 422.09
253.36 417.38
258.07 408.24
251.98 394.94
251.98 400.48
279.40 398.82
296.86 412.11
307.11 422.64
321.52 417.38
332.60 417.93
354.49 432.62
341.74 408.24
332.88 401.59
370.00 398.82
358.09 399.65
378.31 395.21
252.53 382.19
268.60 389.67
237.01 390.78
615.20 518.23
227.32 381.50
236.18 373.19
236.46 363.77
244.77 363.21
242.28 357.12
243.66 352.13
231.20 353.24
227.87 357.12
223.16 347.98
205.98 345.48
196.56 348.81
192.41 344.37
203.21 342.16
211.53 331.35
219.84 332.46
240.89 342.43
254.75 344.37
241.72 349.92
237.85 349.36
235.91 346.31
220.11 356.56
204.05 353.24
199.34 359.06
194.63 362.38
189.08 357.12
278.02 382.61
269.71 377.34
261.95 372.63
263.06 366.82
268.60 366.82
256.41 364.32
263.34 359.06
273.31 357.12
278.85 361.83
267.21 353.24
269.43 349.64
275.53 343.54
287.44 341.05
268.32 340.22
252.53 352.69
294.09 386.21
293.26 374.02
281.90 372.63
288.27 359.89
285.50 352.69
295.47 350.75
316.81 390.09
333.15 387.04
319.30 380.95
313.48 378.45
307.39 377.07
301.57 370.97
300.74 361.00
319.58 358.50
315.70 353.79
308.22 346.87
312.10 343.54
304.89 344.37
329.00 338.00
325.40 343.82
337.31 379.84
330.38 370.69
320.41 370.97
326.23 362.94
351.16 388.15
340.91 392.03
356.43 377.34
348.95 370.69
357.53 364.88
335.92 363.49
340.63 363.49
347.01 357.12
355.04 354.07
349.50 350.75
353.66 346.87
359.47 349.36
366.95 351.30
308.22 393.97
298.52 399.79
288.27 391.20
363.63 360.44
376.93 363.21
376.65 357.67
383.58 353.52
372.22 354.07
376.10 369.31
367.79 380.95
367.23 391.20
365.01 388.15
361.41 391.47
358.37 395.63
392.17 385.93
388.01 377.90
378.31 395.08
408.79 389.26
405.19 397.01
410.17 402.83
435.94 408.65
425.69 417.52
417.38 412.81
452.56 413.64
463.09 410.87
444.81 418.63
414.61 426.66
414.05 419.46
425.97 440.24
439.54 449.93
434.28 443.01
452.56 431.92
476.67 407.82
457.83 400.34
438.16 395.63
432.06 385.66
447.30 381.50
435.11 376.24
424.86 380.39
417.93 383.44
408.51 379.84
409.34 375.68
398.26 381.50
399.65 375.13
397.98 368.20
396.32 364.60
397.71 359.61
399.92 355.73
392.44 356.01
406.30 356.84
411.84 348.53
427.91 339.94
414.05 342.71
423.47 352.13
442.59 354.07
452.56 346.87
439.27 367.65
450.07 370.14
418.49 363.49
417.10 360.44
411.56 359.61
410.73 363.77
418.76 370.42
462.26 370.42
451.18 360.72
458.66 352.69
450.35 353.52
472.79 387.32
464.76 382.33
472.24 379.84
466.97 378.45
479.99 366.26
474.17 362.66
472.51 354.63
498.28 351.58
494.12 429.15
470.30 436.36
500.50 415.85
477.22 395.91
502.71 389.81
518.78 400.89
519.89 420.84
506.87 428.60
514.90 443.01
512.96 453.26
524.05 437.19
488.58 379.01
483.87 379.01
694.99 514.90
673.93 523.77
627.39 506.04
598.57 507.14
563.11 497.17
529.86 494.95
916.63 457.27
901.12 456.17
885.60 456.17
861.22 468.36
846.82 461.71
832.41 481.66
816.89 520.44
796.95 511.58
630.71 488.30
625.17 469.47
641.79 466.14
517.12 481.93
525.43 474.17
529.31 462.54
537.62 449.79
548.70 470.30
543.72 484.70
563.11 473.07
573.08 460.32
566.99 453.67
564.77 447.02
579.18 437.05
591.37 436.50
601.34 432.62
601.90 447.02
615.75 460.32
629.05 450.90
636.81 453.67
635.70 442.04
645.12 443.14
660.08 443.14
665.07 450.90
668.39 461.43
670.05 492.46
687.23 480.82
703.85 474.73
704.41 461.43
690.56 463.65
680.03 440.37
698.87 430.95
698.87 420.43
717.15 430.40
711.06 428.18
739.32 434.28
733.22 454.78
717.15 459.21
723.80 461.43
724.36 470.30
726.02 486.92
712.17 487.47
677.81 506.87
754.28 498.00
767.58 484.70
761.48 471.40
767.58 445.92
771.46 430.95
769.24 416.55
760.37 412.67
748.74 422.09
741.53 426.52
733.22 424.30
731.01 420.43
709.95 414.33
660.08 410.45
669.50 410.45
660.63 426.52
632.37 418.76
626.83 426.52
594.14 420.43
622.40 414.33
651.77 408.79
588.05 462.54
575.30 485.81
578.63 504.10
504.37 516.84
488.86 492.05
495.51 474.87
504.65 485.95
497.72 493.98
535.40 396.46
527.65 399.79
528.48 388.43
550.09 404.77
586.94 399.51
595.25 396.18
611.04 397.57
549.81 397.01
547.32 392.03
585.55 370.97
643.46 390.92
667.84 357.40
622.95 390.37
534.85 416.13
564.22 428.05
550.37 435.53
550.92 447.16
578.90 397.57
583.61 387.32
561.17 400.06
560.62 379.84
595.80 388.43
600.24 382.88
611.87 378.45
626.56 380.39
622.12 359.61
679.20 409.21
670.61 403.39
595.25 375.13
602.73 373.47
510.75 383.99
517.40 391.75
516.56 380.95
524.32 370.69
518.50 374.30
521.27 365.43
514.35 365.43
532.91 370.14
704.69 399.51
676.98 380.39
631.27 392.86
622.40 398.40
489.14 394.59
454.50 364.81
461.57 363.70
448.13 365.78
446.61 363.56
485.12 358.16
479.30 357.60
495.09 359.13
509.22 368.27
471.13 370.21
489.69 363.42
498.42 370.21
501.05 373.12
495.23 365.36
517.81 370.76
516.84 366.47
522.38 353.72
535.68 357.60
531.66 362.45
529.03 358.02
532.22 354.42
529.31 356.08
537.76 362.87
543.99 367.30
550.23 375.06
545.93 377.97
537.76 381.43
535.13 384.89
552.03 382.82
555.63 364.11
556.74 358.71
519.20 359.13
518.23 350.82
513.52 355.66
466.97 353.45
442.87 357.60
433.86 358.16
438.57 355.66
471.82 398.19
456.03 389.05
445.50 390.16
407.13 369.93
403.25 366.88
491.91 385.86
494.95 377.27
454.92 373.26
431.51 365.36
426.80 369.52
424.72 363.70
426.94 357.47
603.56 357.67
601.62 361.55
595.25 365.15
592.20 359.61
584.17 362.38
584.44 354.90
575.58 359.06
573.92 366.26
657.59 363.21
642.63 382.05
638.75 379.84
653.15 394.24
660.08 389.81
660.08 394.24
671.16 393.69
694.43 385.66
701.08 389.26
701.36 386.21
683.63 382.33
700.81 370.42
692.77 372.08
714.38 371.25
715.49 357.12
732.11 366.82
728.79 367.09
725.74 374.02
723.80 375.40
737.93 364.32
759.82 368.20
764.25 370.14
774.50 371.25
780.05 372.36
767.85 394.24
744.30 400.06
737.66 402.28
730.45 398.12
718.54 395.63
690.83 415.85
778.38 413.08
793.34 415.02
787.25 439.40
795.84 431.65
807.75 449.10
817.72 469.60
824.10 457.69
825.48 444.67
818.28 450.76
821.88 420.84
809.69 411.70
818.00 401.45
804.43 404.77
785.03 405.88
781.15 400.62
795.01 393.69
786.69 388.43
801.10 387.87
791.68 382.05
805.26 379.84
815.23 384.82
809.14 374.02
810.52 370.42
800.55 371.53
780.60 367.65
722.42 421.40
740.98 420.01
685.85 425.27
694.43 399.51
674.76 427.21
835.18 417.24
859.84 421.95
845.98 409.76
852.91 411.42
848.48 400.62
836.84 397.57
830.47 392.58
832.41 387.04
821.33 379.01
824.93 376.24
819.39 371.25
830.19 371.80
836.84 371.53
843.77 374.02
861.78 389.26
868.70 392.86
863.99 400.62
871.47 403.66
876.74 399.51
882.56 408.93
890.31 411.14
898.63 408.37
901.12 411.14
901.95 419.18
877.01 437.47
863.72 450.76
836.84 459.35
923.01 446.61
915.53 434.97
923.01 430.26
910.82 418.63
923.28 418.63
944.62 425.27
936.30 424.44
950.43 448.55
955.98 444.39
968.44 451.59
987.28 451.59
981.47 432.48
995.87 428.88
1000.58 416.96
1003.35 424.44
982.02 419.46
983.68 407.27
979.80 409.76
960.41 418.07
965.40 423.89
955.14 407.27
944.34 411.42
946.83 403.11
949.05 401.45
947.94 395.63
901.12 403.39
817.17 395.63
817.45 439.96
789.47 427.21
780.88 431.65
809.14 301.98
829.64 300.60
727.68 312.24
641.52 408.10
636.25 361.83
563.66 368.76
564.50 360.72
573.64 422.78
563.39 410.04
765.36 427.77
571.98 378.45
417.66 395.91
425.69 389.81
1011.11 406.43
1007.23 393.97
1003.08 401.45
639.02 372.08
194.35 377.62
195.46 371.25
203.21 371.53
770.94 531.74
737.19 523.55
