839.36 489.80
915.83 427.74
954.61 448.80
988.97 410.01
981.21 531.92
516.86 439.93
593.33 456.56
650.96 459.88
1006.15 391.45
1020.00 369.84
1007.25 355.43
987.86 357.09
955.72 369.84
937.99 388.68
956.28 343.24
963.48 334.93
959.60 308.33
975.67 339.36
992.29 330.50
1007.25 333.82
897.54 401.84
899.76 378.56
889.23 359.17
911.39 346.43
924.14 336.45
938.54 339.22
933.00 311.52
936.33 299.33
858.75 346.43
861.52 359.17
839.36 400.17
1018.89 316.64
1004.48 311.38
993.40 311.93
971.51 326.62
984.26 302.24
993.12 295.59
956.00 292.82
967.91 293.65
947.69 289.21
710.80 412.23
1009.19 284.09
992.85 281.04
1006.70 274.95
1012.52 272.45
1018.61 271.07
1006.42 252.50
1010.30 247.79
1017.78 240.87
1013.90 237.54
1021.11 238.37
997.00 232.00
1000.60 237.82
988.69 273.84
995.62 264.69
1005.59 264.97
999.77 256.94
974.84 282.15
985.09 286.03
969.57 271.34
977.05 264.69
968.47 258.88
990.08 257.49
985.37 257.49
978.99 251.12
970.96 248.07
976.50 244.75
972.34 240.87
966.53 243.36
959.05 245.30
1017.78 287.97
962.37 254.44
949.07 257.21
949.35 251.67
942.42 247.52
953.78 248.07
949.90 263.31
958.21 274.95
958.77 285.20
960.99 282.15
964.59 285.47
967.63 289.63
933.83 279.93
937.99 271.90
947.69 289.08
917.21 283.26
920.81 291.01
915.83 296.83
890.06 302.65
900.31 311.52
908.62 306.81
873.44 307.64
862.91 304.87
881.19 312.63
911.39 320.66
911.95 313.46
900.03 334.24
886.46 343.93
891.72 337.01
873.44 325.92
849.33 301.82
868.17 294.34
887.84 289.63
893.94 279.66
878.70 275.50
890.89 270.24
901.14 274.39
908.07 277.44
917.49 273.84
916.66 269.68
927.74 275.50
926.35 269.13
928.02 262.20
929.68 258.60
928.29 253.61
926.08 249.73
933.56 250.01
919.70 250.84
914.16 242.53
898.09 233.94
911.95 236.71
902.53 246.13
883.41 248.07
873.44 240.87
886.73 261.65
875.93 264.14
907.51 257.49
908.90 254.44
914.44 253.61
915.27 257.77
907.24 264.42
863.74 264.42
874.82 254.72
867.34 246.69
875.65 247.52
853.21 281.32
861.24 276.33
853.76 273.84
859.03 272.45
846.01 260.26
851.83 256.66
853.49 248.63
827.72 245.58
831.88 323.15
855.70 330.36
825.50 309.85
848.78 289.91
823.29 283.81
807.22 294.89
806.11 314.84
819.13 322.60
811.10 337.01
813.04 347.26
801.95 331.19
837.42 273.01
842.13 273.01
631.01 408.90
652.07 417.77
698.61 400.04
727.43 401.14
762.89 391.17
796.14 388.95
479.18 355.71
493.59 375.66
509.11 414.44
529.05 405.58
695.29 382.30
700.83 363.47
684.21 360.14
808.88 375.93
800.57 368.17
796.69 356.54
788.38 343.79
777.30 364.30
782.28 378.70
762.89 367.07
752.92 354.32
759.01 347.67
761.23 341.02
746.82 331.05
734.63 330.50
724.66 326.62
724.10 341.02
710.25 354.32
696.95 344.90
689.19 347.67
690.30 336.04
680.88 337.14
665.92 337.14
660.93 344.90
657.61 355.43
655.95 386.46
638.77 374.82
622.15 368.73
621.59 355.43
635.44 357.65
645.97 334.37
627.13 324.95
627.13 314.43
608.85 324.40
614.94 322.18
586.68 328.28
592.78 348.78
608.85 353.21
602.20 355.43
601.64 364.30
599.98 380.92
613.83 381.47
648.19 400.87
571.72 392.00
558.42 378.70
564.52 365.40
558.42 339.92
554.54 324.95
556.76 310.55
565.63 306.67
577.26 316.09
584.47 320.52
592.78 318.30
594.99 314.43
616.05 308.33
665.92 304.45
656.50 304.45
665.37 320.52
693.63 312.76
699.17 320.52
731.86 314.43
703.60 308.33
674.23 302.79
737.95 356.54
750.70 379.81
747.37 398.10
821.63 410.84
837.14 386.05
830.49 368.87
821.35 379.95
828.28 387.98
790.60 290.46
798.35 293.79
797.52 282.43
775.91 298.77
739.06 293.51
730.75 290.18
714.96 291.57
776.19 291.01
778.68 286.03
740.45 264.97
682.54 284.92
658.16 251.40
703.05 284.37
791.15 310.13
761.78 322.05
775.63 329.53
775.08 341.16
747.10 291.57
742.39 281.32
764.83 294.06
765.38 273.84
730.20 282.43
725.76 276.88
714.13 272.45
699.44 274.39
703.88 253.61
646.80 303.21
655.39 297.39
730.75 269.13
723.27 267.47
815.25 277.99
808.60 285.75
809.44 274.95
801.68 264.69
807.50 268.30
804.73 259.43
811.65 259.43
793.09 264.14
621.31 293.51
649.02 274.39
694.73 286.86
703.60 292.40
836.86 288.59
871.50 258.81
864.43 257.70
877.87 259.78
879.39 257.56
840.88 252.16
846.70 251.60
830.91 253.13
816.78 262.27
854.87 264.21
836.31 257.42
827.58 264.21
824.95 267.12
830.77 259.36
808.19 264.76
809.16 260.47
803.62 247.72
790.32 251.60
794.34 256.45
796.97 252.02
793.78 248.42
796.69 250.08
788.24 256.87
782.01 261.30
775.77 269.06
780.07 271.97
788.24 275.43
790.87 278.89
773.97 276.82
770.37 258.11
769.26 252.71
806.80 253.13
807.77 244.82
812.48 249.66
859.03 247.45
883.13 251.60
892.14 252.16
887.43 249.66
854.18 292.19
869.97 283.05
880.50 284.16
918.87 263.93
922.75 260.88
834.09 279.86
831.05 271.27
871.08 267.26
894.49 259.36
899.20 263.52
901.28 257.70
899.06 251.47
722.44 251.67
724.38 255.55
730.75 259.15
733.80 253.61
741.83 256.38
741.56 248.90
750.42 253.06
752.08 260.26
668.41 257.21
683.37 276.05
687.25 273.84
672.85 288.24
665.92 283.81
665.92 288.24
654.84 287.69
631.57 279.66
624.92 283.26
624.64 280.21
642.37 276.33
625.19 264.42
633.23 266.08
611.62 265.25
610.51 251.12
593.89 260.82
597.21 261.09
600.26 268.02
602.20 269.40
588.07 258.32
566.18 262.20
561.75 264.14
551.50 265.25
545.95 266.36
558.15 288.24
581.70 294.06
588.34 296.28
595.55 292.12
607.46 289.63
635.17 309.85
547.62 307.08
532.66 309.02
538.75 333.40
530.16 325.65
518.25 343.10
508.28 363.60
501.90 351.69
500.52 338.67
507.72 344.76
504.12 314.84
516.31 305.70
508.00 295.45
521.57 298.77
540.97 299.88
544.85 294.62
530.99 287.69
539.31 282.43
524.90 281.87
534.32 276.05
520.74 273.84
510.77 278.82
516.86 268.02
515.48 264.42
525.45 265.53
545.40 261.65
603.58 315.40
585.02 314.01
640.15 319.27
631.57 293.51
651.24 321.21
490.82 311.24
480.02 303.76
489.16 291.57
495.53 286.58
493.59 281.04
504.67 273.01
501.07 270.24
506.61 265.25
495.81 265.80
489.16 265.53
482.23 268.02
489.16 353.35
508.83 289.63
508.55 333.96
536.53 321.21
545.12 325.65
516.86 195.98
496.36 194.60
598.32 206.24
684.48 302.10
689.75 255.83
762.34 262.76
761.50 254.72
752.36 316.78
762.61 304.04
560.64 321.77
754.02 272.45
908.34 289.91
900.31 283.81
686.98 266.08
555.06 425.74
588.81 417.55
