75.64 517.80
494.55 487.88
398.14 467.93
321.67 484.56
264.04 487.88
454.66 416.95
17.46 429.84
15.24 406.56
25.77 387.17
3.61 374.43
56.25 374.43
53.48 387.17
75.64 428.17
204.20 440.23
24.94 330.65
14.69 339.52
6.38 334.81
41.56 335.64
52.09 332.87
33.81 340.63
3.61 348.66
3.05 341.46
14.97 362.24
28.54 371.93
23.28 365.01
41.56 353.92
65.67 329.82
46.83 322.34
27.16 317.63
21.06 307.66
36.30 303.50
24.11 298.24
13.86 302.39
6.93 305.44
0.84 270.53
16.91 261.94
3.05 264.71
12.47 274.13
31.59 276.07
41.56 268.87
28.27 289.65
39.07 292.14
7.49 285.49
6.10 282.44
0.56 281.61
7.76 292.42
51.26 292.42
40.18 282.72
47.66 274.69
39.35 275.52
61.79 309.32
53.76 304.33
61.24 301.84
55.97 300.45
68.99 288.26
63.17 284.66
61.51 276.63
87.28 273.58
83.12 351.15
59.30 358.36
89.50 337.85
66.22 317.91
91.71 311.81
107.78 322.89
108.89 342.84
95.87 350.60
103.90 365.01
101.96 375.26
113.05 359.19
77.58 301.01
72.87 301.01
283.99 436.90
262.93 445.77
216.39 428.04
187.57 429.14
152.11 419.17
118.86 416.95
505.63 379.27
490.12 378.17
474.60 378.17
450.22 390.36
435.82 383.71
421.41 403.66
405.89 442.44
385.95 433.58
219.71 410.30
214.17 391.47
230.79 388.14
106.12 403.93
114.43 396.17
118.31 384.54
126.62 371.79
137.70 392.30
132.72 406.70
152.11 395.07
162.08 382.32
155.99 375.67
153.77 369.02
168.18 359.05
180.37 358.50
190.34 354.62
190.90 369.02
204.75 382.32
218.05 372.90
225.81 375.67
224.70 364.04
234.12 365.14
249.08 365.14
254.07 372.90
257.39 383.43
259.05 414.46
276.23 402.82
292.85 396.73
293.41 383.43
279.56 385.65
269.03 362.37
287.87 352.95
287.87 342.43
306.15 352.40
300.06 350.18
328.32 356.28
322.22 376.78
306.15 381.21
312.80 383.43
313.36 392.30
315.02 408.92
301.17 409.47
266.81 428.87
343.28 420.00
356.58 406.70
350.48 393.40
356.58 367.92
360.46 352.95
358.24 338.55
349.37 334.67
337.74 344.09
330.53 348.52
322.22 346.30
320.01 342.43
298.95 336.33
249.08 332.45
258.50 332.45
249.63 348.52
221.37 340.76
215.83 348.52
183.14 342.43
211.40 336.33
240.77 330.79
177.05 384.54
164.30 407.81
167.63 426.10
93.37 438.84
77.86 414.05
84.51 396.87
93.65 407.95
86.72 415.98
124.40 318.46
116.65 321.79
117.48 310.43
139.09 326.77
175.94 321.51
184.25 318.18
200.04 319.57
138.81 319.01
136.32 314.03
174.55 292.97
232.46 312.92
256.84 279.40
211.95 312.37
123.85 338.13
153.22 350.05
139.37 357.53
139.92 369.16
167.90 319.57
172.61 309.32
150.17 322.06
149.62 301.84
184.80 310.43
189.24 304.88
200.87 300.45
215.56 302.39
211.12 281.61
268.20 331.21
259.61 325.39
184.25 297.13
191.73 295.47
99.75 305.99
106.40 313.75
105.56 302.95
113.32 292.69
107.50 296.30
110.27 287.43
103.35 287.43
121.91 292.14
293.69 321.51
265.98 302.39
220.27 314.86
211.40 320.40
78.14 316.59
43.50 286.81
50.57 285.70
37.13 287.78
35.61 285.56
74.12 280.16
68.30 279.60
84.09 281.13
98.22 290.27
60.13 292.21
78.69 285.42
87.42 292.21
90.05 295.12
84.23 287.36
106.81 292.76
105.84 288.47
111.38 275.72
124.68 279.60
120.66 284.45
118.03 280.02
121.22 276.42
118.31 278.08
126.76 284.87
132.99 289.30
139.23 297.06
134.93 299.97
126.76 303.43
124.13 306.89
141.03 304.82
144.63 286.11
145.74 280.71
108.20 281.13
107.23 272.82
102.52 277.66
55.97 275.45
31.87 279.60
22.86 280.16
27.57 277.66
60.82 320.19
45.03 311.05
34.50 312.16
80.91 307.86
83.95 299.27
43.92 295.26
20.51 287.36
15.80 291.52
13.72 285.70
15.94 279.47
192.56 279.67
190.62 283.55
184.25 287.15
181.20 281.61
173.17 284.38
173.44 276.90
164.58 281.06
162.92 288.26
246.59 285.21
231.63 304.05
227.75 301.84
242.15 316.24
249.08 311.81
249.08 316.24
260.16 315.69
283.43 307.66
290.08 311.26
290.36 308.21
272.63 304.33
289.81 292.42
281.77 294.08
303.38 293.25
304.49 279.12
321.11 288.82
317.79 289.09
314.74 296.02
312.80 297.40
326.93 286.32
348.82 290.20
353.25 292.14
363.50 293.25
369.05 294.36
356.85 316.24
333.30 322.06
326.66 324.28
319.45 320.12
307.54 317.63
279.83 337.85
367.38 335.08
382.34 337.02
376.25 361.40
384.84 353.65
396.75 371.10
406.72 391.60
413.10 379.69
414.48 366.67
407.28 372.76
410.88 342.84
398.69 333.70
407.00 323.45
393.43 326.77
374.03 327.88
370.15 322.62
384.01 315.69
375.69 310.43
390.10 309.87
380.68 304.05
394.26 301.84
404.23 306.82
398.14 296.02
399.52 292.42
389.55 293.53
369.60 289.65
311.42 343.40
329.98 342.01
274.85 347.27
283.43 321.51
263.76 349.21
424.18 339.24
448.84 343.95
434.98 331.76
441.91 333.42
437.48 322.62
425.84 319.57
419.47 314.58
421.41 309.04
410.33 301.01
413.93 298.24
408.39 293.25
419.19 293.80
425.84 293.53
432.77 296.02
450.78 311.26
457.70 314.86
452.99 322.62
460.47 325.66
465.74 321.51
471.56 330.93
479.31 333.14
487.63 330.37
490.12 333.14
490.95 341.18
466.01 359.47
452.72 372.76
425.84 381.35
512.01 368.61
504.53 356.97
512.01 352.26
499.82 340.63
512.28 340.63
533.62 347.27
525.30 346.44
539.43 370.55
544.98 366.39
544.14 329.27
533.34 333.42
535.83 325.11
538.05 323.45
536.94 317.63
490.12 325.39
406.17 317.63
406.45 361.96
378.47 349.21
369.88 353.65
398.14 223.98
418.64 222.60
316.68 234.24
230.52 330.10
225.25 283.83
152.66 290.76
153.50 282.72
162.64 344.78
152.39 332.04
354.36 349.77
160.98 300.45
6.66 317.91
14.69 311.81
228.02 294.08
359.94 453.74
326.19 445.55
