25.56 2.82
38.86 13.97
20.88 15.05
10.45 34.10
13.69 59.27
28.43 50.64
29.87 75.45
55.04 40.57
61.87 17.92
72.30 29.79
75.17 12.89
85.24 42.37
49.65 72.93
92.79 58.24
64.57 80.56
75.35 91.34
73.20 104.29
58.10 112.92
36.52 117.95
2.01 128.02
116.34 105.73
124.97 77.68
109.15 57.55
109.87 38.13
118.50 17.28
132.16 12.96
102.68 9.37
128.57 34.53
137.92 54.67
85.42 158.22
55.94 143.12
27.17 165.41
50.19 184.83
79.67 189.86
73.92 172.60
122.81 168.29
109.15 146.00
91.89 97.82
162.36 115.07
169.56 96.38
183.94 119.39
205.51 112.92
188.25 92.78
181.06 45.32
166.68 45.32
155.89 43.16
140.79 76.24
153.74 81.28
132.16 210.00
156.61 178.36
167.40 202.80
163.80 228.69
170.28 264.65
110.59 297.73
198.32 175.48
173.87 162.53
178.19 140.96
196.16 148.15
218.45 162.53
227.08 140.24
229.96 112.92
250.81 114.36
207.67 79.12
189.69 56.83
214.86 33.10
227.08 69.77
210.54 59.70
243.62 64.74
255.85 138.09
244.34 212.87
238.59 236.60
265.92 255.30
296.84 230.85
316.97 236.60
350.05 254.58
322.72 194.89
295.40 171.16
284.61 160.38
285.33 120.11
301.15 102.85
307.62 133.05
327.76 144.56
339.26 111.48
328.48 102.85
273.83 62.58
253.69 24.47
237.87 16.56
246.50 5.05
237.15 30.22
224.93 10.09
201.92 1.46
178.90 7.93
301.87 62.58
326.32 66.18
334.95 79.12
329.20 50.36
316.25 79.12
289.65 40.29
309.06 38.13
241.47 44.60
261.60 7.21
195.26 37.39
285.87 8.63
277.96 39.19
263.94 41.35
259.98 51.41
13.87 374.31
78.59 416.02
100.16 381.50
130.36 439.03
127.49 408.83
197.96 467.79
232.48 408.83
266.99 368.56
318.77 323.97
334.59 428.96
377.74 404.51
389.24 430.40
441.02 447.66
423.76 495.12
538.81 430.40
517.24 371.43
478.41 230.49
449.65 188.78
430.95 180.15
429.51 138.44
380.61 147.07
363.35 116.87
373.42 88.11
353.11 2.51
318.23 10.42
316.79 30.92
332.25 27.32
349.15 16.90
357.06 27.68
367.85 11.86
383.67 0.36
391.94 1.08
422.86 0.36
420.70 12.58
406.68 15.82
398.77 9.35
367.49 40.27
369.29 53.93
295.22 8.63
311.04 48.90
396.25 35.95
424.66 28.76
440.84 23.37
440.84 37.03
422.14 40.99
431.49 55.01
448.39 47.46
482.19 20.13
475.71 12.94
494.41 19.41
506.99 30.20
503.40 46.02
522.45 43.86
536.12 38.47
541.87 48.90
458.81 54.29
454.50 62.20
386.72 49.64
406.14 71.93
425.56 71.21
422.68 91.34
428.43 110.04
400.39 130.18
390.32 113.64
401.11 45.32
407.58 31.66
451.44 82.71
453.60 97.82
456.48 123.70
501.78 180.51
524.07 189.14
518.32 157.50
495.31 116.51
493.87 93.50
469.42 76.96
482.36 66.18
507.53 69.77
485.96 34.53
473.02 34.53
534.86 82.00
541.33 102.13
525.51 108.60
542.77 123.70
480.21 106.44
478.77 89.91
546.36 261.05
414.05 309.95
