5.40 0.72
35.24 1.44
17.62 22.65
14.39 52.14
34.16 57.17
47.11 42.79
48.90 31.28
51.42 17.62
70.84 5.75
64.36 25.89
76.95 43.87
82.34 24.09
95.29 5.75
120.45 15.10
123.69 40.27
97.80 32.72
103.92 50.34
138.43 31.64
139.87 56.45
165.04 21.57
182.30 10.79
195.24 23.37
159.65 53.93
202.79 39.24
29.31 80.25
48.01 70.19
1.98 81.69
174.57 61.56
185.35 72.34
183.20 85.29
168.10 93.92
146.52 98.95
93.31 71.62
105.53 91.04
90.43 111.89
112.01 109.02
226.34 86.73
234.97 58.68
219.15 38.55
219.87 19.13
238.57 15.53
247.92 35.67
195.42 139.22
165.94 124.12
137.17 146.41
106.97 130.59
94.03 157.92
67.42 148.57
45.85 158.64
88.99 207.53
11.33 267.22
33.62 260.03
160.19 165.83
189.67 170.86
183.92 153.60
232.81 149.29
219.15 127.00
201.89 78.82
272.36 96.07
279.56 77.38
293.94 100.39
315.51 93.92
298.25 73.78
291.06 26.32
276.68 26.32
265.89 24.16
250.79 57.24
263.74 62.28
242.16 191.00
266.61 159.36
277.40 183.80
273.80 209.69
280.28 245.65
220.59 278.73
308.32 156.48
283.87 143.53
288.19 121.96
306.16 129.15
328.45 143.53
337.08 121.24
339.96 93.92
360.81 95.36
317.67 60.12
299.69 37.83
324.86 14.10
337.08 50.77
320.54 40.70
353.62 45.74
365.85 119.09
354.34 193.87
348.59 217.60
375.92 236.30
406.84 211.85
426.97 217.60
460.05 235.58
432.72 175.89
405.40 152.16
394.61 141.38
395.33 101.11
411.15 83.85
417.62 114.05
437.76 125.56
449.26 92.48
438.48 83.85
383.83 43.58
363.69 5.47
347.15 11.22
411.87 43.58
436.32 47.18
444.95 60.12
439.20 31.36
426.25 60.12
399.65 21.29
419.06 19.13
351.47 25.60
305.26 18.39
387.96 20.19
373.94 22.35
369.98 32.41
123.87 355.31
70.66 422.91
36.14 497.69
188.59 397.02
210.16 362.50
240.36 420.03
237.49 389.83
307.96 448.79
342.48 389.83
376.99 349.56
428.77 304.97
444.59 409.96
487.74 385.51
499.24 411.40
533.76 476.12
540.95 161.15
539.51 119.44
490.61 128.07
473.35 97.87
483.42 69.11
426.79 11.92
442.25 8.32
467.06 8.68
477.49 21.27
479.29 34.93
421.04 29.90
506.25 16.95
534.66 9.76
532.14 21.99
541.49 36.01
496.72 30.64
516.14 52.93
535.56 52.21
532.68 72.34
538.43 91.04
510.39 111.18
500.32 94.64
511.11 26.32
517.58 12.66
524.05 290.95
