30.70 87.76
63.06 76.26
70.61 70.87
53.71 47.85
31.42 43.18
46.52 67.99
62.70 32.75
51.20 41.02
46.52 37.07
40.77 47.49
86.43 25.56
76.01 32.03
105.13 39.94
108.36 32.39
98.66 27.72
127.42 63.67
108.01 61.16
84.63 92.08
86.07 32.39
126.34 44.62
145.76 42.10
137.13 65.11
99.74 80.93
25.31 114.01
17.04 114.01
24.95 129.47
49.40 123.72
67.02 119.05
79.24 124.44
87.51 106.46
71.33 101.07
35.38 143.85
40.41 129.83
14.88 150.69
27.47 167.94
61.62 145.65
58.39 175.14
41.13 172.26
22.07 185.92
78.16 180.17
91.11 165.79
92.90 154.28
95.42 140.62
114.84 128.75
108.36 148.89
120.95 166.87
126.34 147.09
139.29 128.75
115.92 107.90
103.33 113.65
51.56 107.18
38.25 107.18
5.53 106.46
105.13 100.35
107.65 91.72
124.19 98.91
132.45 91.36
134.61 80.93
142.16 102.87
141.80 92.80
162.30 84.17
156.90 101.43
163.38 93.52
178.48 86.33
186.03 74.46
189.26 101.07
197.53 89.20
187.11 91.00
179.56 106.82
192.86 117.97
174.88 119.05
164.45 138.10
167.69 163.27
141.80 155.72
147.92 173.34
182.43 154.64
183.87 179.45
209.04 144.57
215.87 121.92
226.30 133.79
229.17 116.89
201.85 78.42
221.26 85.25
235.29 78.42
244.63 92.80
231.69 93.88
221.26 73.74
251.11 73.38
239.24 146.37
203.65 176.93
19.56 15.91
30.70 19.14
129.22 32.09
137.85 32.09
111.24 17.35
103.33 11.59
103.33 6.92
92.90 8.00
89.31 15.19
74.93 8.36
57.31 14.47
58.75 9.80
50.48 23.46
69.89 19.86
118.07 25.97
123.11 19.50
147.20 23.10
154.03 37.48
162.30 41.80
159.42 19.14
144.68 18.06
175.60 38.56
178.12 24.90
171.65 7.28
171.65 16.99
182.79 9.08
200.05 35.68
192.14 2.60
193.22 43.23
210.84 31.01
215.51 45.75
207.24 57.97
211.56 65.88
154.03 64.09
152.59 73.08
114.48 81.71
159.06 64.81
225.94 12.31
214.07 11.59
203.65 12.31
238.52 37.12
228.10 33.17
224.50 54.74
220.90 50.78
248.95 43.59
194.30 59.05
193.58 18.42
195.38 34.96
79.60 23.46
37.53 7.28
23.51 5.84
27.83 8.00
3.38 9.80
242.48 16.63
246.79 162.24
152.23 88.18
73.31 203.25
92.01 193.19
45.98 204.69
14.34 208.29
8.59 178.09
27.29 263.66
218.57 184.56
229.35 195.34
227.20 208.29
212.10 216.92
190.52 221.95
137.31 194.62
149.53 214.04
134.43 234.89
156.01 232.02
270.34 209.73
278.97 181.68
263.15 161.55
263.87 142.13
272.50 121.28
286.16 116.96
258.84 93.95
256.68 113.37
286.88 86.76
301.26 98.27
282.57 138.53
291.92 158.67
239.42 262.22
209.94 247.12
181.17 269.41
150.97 253.59
138.03 280.92
111.42 271.57
89.85 281.64
132.99 330.53
12.19 337.73
55.33 390.22
77.62 383.03
204.19 288.83
233.67 293.86
227.92 276.60
276.81 272.29
263.15 250.00
245.89 201.82
316.36 219.07
323.56 200.38
337.94 223.39
359.51 216.92
342.25 196.78
335.06 149.32
320.68 149.32
309.89 147.16
294.79 180.24
307.74 185.28
286.16 314.00
310.61 282.36
321.40 306.80
317.80 332.69
324.28 368.65
264.59 401.73
352.32 279.48
327.87 266.53
332.19 244.96
350.16 252.15
372.45 266.53
381.08 244.24
383.96 216.92
404.81 218.36
361.67 183.12
343.69 160.83
368.86 137.10
381.08 173.77
364.54 163.70
397.62 168.74
409.85 242.09
398.34 316.87
392.59 340.60
419.92 359.30
450.84 334.85
470.97 340.60
504.05 358.58
476.72 298.89
449.40 275.16
438.61 264.38
439.33 224.11
455.15 206.85
461.62 237.05
481.76 248.56
493.26 215.48
482.48 206.85
427.83 166.58
407.69 128.47
391.87 120.56
400.50 109.05
391.15 134.22
378.93 114.09
378.93 90.36
355.92 105.46
332.90 111.93
455.87 166.58
480.32 170.18
488.95 183.12
483.20 154.36
470.25 183.12
443.65 144.29
463.06 142.13
395.47 148.60
415.60 111.21
415.60 95.39
398.34 87.48
338.66 83.88
352.32 83.88
314.03 67.32
298.93 77.39
271.60 71.64
257.58 75.59
355.02 68.04
358.25 59.05
325.89 69.84
367.24 85.66
349.26 141.39
260.81 41.08
266.93 37.48
257.94 18.42
261.17 50.42
284.19 56.18
280.95 40.72
287.42 36.76
294.25 51.14
325.17 44.67
319.06 50.78
308.99 51.50
300.72 64.09
337.76 55.82
336.68 63.01
346.03 48.27
358.25 43.23
378.39 52.94
383.06 47.55
367.24 33.17
371.56 57.26
377.31 19.14
281.67 16.63
293.53 23.10
271.96 24.54
312.95 24.18
325.53 28.13
338.12 6.56
331.29 19.86
311.15 4.04
394.57 19.50
391.33 14.11
406.43 14.11
411.47 5.48
404.28 5.84
386.30 4.76
378.03 2.96
394.93 5.84
399.24 12.31
353.22 15.19
424.77 10.15
428.72 18.42
450.66 17.35
447.42 29.57
424.41 47.19
417.58 46.83
405.35 57.97
396.01 62.29
374.07 76.31
422.25 75.59
443.83 54.02
439.15 47.19
447.06 79.19
435.56 95.73
424.77 93.57
439.87 112.63
431.96 143.19
417.94 145.35
413.98 155.41
452.81 40.00
436.28 33.53
167.87 478.31
114.66 545.91
38.43 515.70
9.67 485.50
39.87 581.86
80.14 620.69
232.59 520.02
254.16 485.50
284.36 543.03
281.49 512.83
351.96 571.79
386.48 512.83
420.99 472.56
472.77 427.97
488.59 532.96
531.74 508.51
543.24 534.40
595.02 551.66
577.76 599.12
692.81 534.40
711.51 590.49
809.31 540.15
902.79 553.10
954.57 560.29
826.57 459.61
786.30 432.29
671.24 475.43
632.41 334.49
603.65 292.78
584.95 284.15
583.51 242.44
534.61 251.07
517.35 220.87
527.42 192.11
458.57 17.71
456.05 30.65
466.84 19.50
475.47 34.60
465.76 53.30
456.05 75.95
473.31 78.83
471.15 61.21
479.42 67.32
479.42 48.27
486.97 50.78
493.80 59.05
485.89 39.64
500.28 46.11
503.15 22.02
498.12 17.71
493.80 15.19
493.08 29.21
499.56 31.01
481.94 27.41
473.67 22.74
467.56 34.60
508.90 75.59
520.41 81.71
513.58 90.69
507.11 106.51
472.23 114.42
470.79 134.92
486.25 131.32
503.15 120.90
511.06 131.68
521.85 115.86
537.67 104.36
545.94 105.08
535.51 63.01
542.70 76.67
563.56 70.92
571.83 11.95
581.53 15.91
595.92 8.36
540.54 7.28
533.35 21.66
539.83 25.62
511.78 24.18
561.40 97.17
559.60 84.94
588.01 81.35
612.81 96.45
576.86 104.36
574.70 116.58
560.68 119.82
552.77 113.35
521.49 144.27
523.29 157.93
538.39 52.94
545.94 25.26
557.08 39.64
550.97 50.42
551.33 58.69
625.04 81.71
452.10 91.77
449.22 112.63
465.04 152.90
550.25 139.95
578.66 132.76
594.84 127.37
594.84 141.03
576.14 144.99
585.49 159.01
602.39 151.46
636.19 124.13
629.71 116.94
626.12 20.58
609.58 11.59
639.06 19.14
614.97 65.53
655.60 71.64
646.61 78.11
653.44 102.20
648.41 123.41
660.99 134.20
657.40 150.02
676.45 147.86
667.11 74.87
678.97 84.22
677.89 74.15
698.75 92.49
685.08 100.04
690.12 142.47
695.87 152.90
712.77 68.40
723.56 75.59
728.59 95.73
724.28 107.59
716.01 135.64
713.85 150.74
724.28 150.38
724.63 161.17
612.81 158.29
608.50 166.20
692.28 8.36
707.74 4.40
722.48 7.28
747.29 6.92
758.43 6.92
755.20 78.11
766.70 105.80
776.05 113.35
782.16 131.68
757.71 125.93
742.61 119.10
739.02 151.46
744.05 140.31
760.23 145.35
762.39 137.44
770.66 153.97
771.38 161.17
778.21 71.28
779.65 87.46
749.44 102.20
540.72 153.64
560.14 175.93
579.56 175.21
576.68 195.34
582.43 214.04
554.39 234.18
544.32 217.64
555.11 149.32
561.58 135.66
605.44 186.71
607.60 201.82
610.48 227.70
655.78 284.51
678.07 293.14
672.32 261.50
649.31 220.51
647.87 197.50
623.42 180.96
636.36 170.18
661.53 173.77
639.96 138.53
627.02 138.53
688.86 186.00
695.33 206.13
679.51 212.60
696.77 227.70
634.21 210.44
632.77 193.91
754.30 259.34
737.76 205.41
752.14 207.57
760.77 185.28
751.42 173.77
783.06 178.80
772.99 206.85
793.13 225.55
791.69 277.32
762.21 307.52
743.51 342.76
772.99 367.21
700.36 365.05
741.35 244.24
834.12 308.96
821.89 285.95
870.79 317.59
834.12 249.28
826.93 200.38
816.14 198.94
821.17 175.21
812.54 158.67
807.51 148.60
793.85 142.85
801.76 130.62
801.04 110.49
802.48 95.39
798.88 83.88
831.96 128.47
818.30 136.38
764.36 234.18
852.10 220.51
901.71 263.66
872.23 206.85
854.25 193.91
837.71 109.77
849.94 99.70
854.25 129.19
874.39 135.66
888.05 102.58
775.69 5.12
790.79 7.28
798.34 5.48
824.95 5.84
814.88 52.94
830.34 55.46
813.08 69.84
820.99 73.08
856.95 84.22
860.19 9.08
865.94 67.32
885.35 65.88
876.01 108.31
877.44 120.90
864.86 129.88
862.34 139.95
895.42 141.03
882.84 143.55
891.47 3.32
870.97 4.40
972.72 42.51
943.24 78.11
930.66 106.51
923.83 119.10
957.98 104.36
947.20 125.21
951.15 143.19
975.96 145.35
987.47 136.72
991.42 149.30
994.30 141.03
1019.11 138.87
1020.19 121.62
1002.57 74.15
999.33 52.94
893.80 378.71
920.41 314.00
940.54 358.58
975.78 358.58
909.62 419.70
842.75 405.32
967.87 472.20
568.05 413.95
890.75 164.24
885.35 175.75
847.60 160.29
860.90 156.69
841.49 175.75
877.80 188.33
903.69 189.77
882.84 216.02
914.84 215.30
923.83 216.74
940.01 216.74
927.42 245.14
953.67 240.11
970.21 236.15
989.98 237.59
989.26 209.55
961.94 199.12
979.20 189.05
989.26 169.64
1005.44 181.86
946.84 176.47
930.66 175.75
1018.39 170.00
1021.62 257.73
992.50 86.33
1017.67 103.94
1002.39 273.01
