4.94 87.39
26.51 80.92
9.25 60.78
2.06 13.32
19.32 143.48
17.16 116.15
39.45 130.53
48.08 108.24
50.96 80.92
71.81 82.36
28.67 47.12
10.69 24.83
35.86 1.10
48.08 37.77
31.54 27.70
64.62 32.74
76.85 106.09
65.34 180.87
59.59 204.60
86.92 223.30
117.84 198.85
137.97 204.60
171.05 222.58
143.72 162.89
116.40 139.16
105.61 128.38
106.33 88.11
122.15 70.85
128.62 101.05
148.76 112.56
160.26 79.48
149.48 70.85
94.83 30.58
122.87 30.58
147.32 34.18
155.95 47.12
150.20 18.36
137.25 47.12
110.65 8.29
130.06 6.13
62.47 12.60
16.26 5.39
98.96 7.19
84.94 9.35
80.98 19.41
18.96 435.79
53.48 376.83
87.99 336.56
139.77 291.97
155.59 396.96
198.74 372.51
210.24 398.40
262.02 415.66
244.76 463.12
359.81 398.40
378.51 454.49
476.31 404.15
493.57 323.61
453.30 296.29
338.24 339.43
299.41 198.49
270.65 156.78
251.95 148.15
250.51 106.44
201.61 115.07
184.35 84.87
194.42 56.11
188.49 8.27
190.29 21.93
132.04 16.90
217.25 3.95
261.84 5.03
243.14 8.99
252.49 23.01
269.39 15.46
324.40 14.02
343.45 11.86
357.12 6.47
362.87 16.90
380.85 14.74
391.28 14.38
391.63 25.17
279.81 22.29
275.50 30.20
406.02 15.46
411.05 4.31
427.23 9.35
429.39 1.44
437.66 17.97
438.38 25.17
207.72 17.64
227.14 39.93
246.56 39.21
243.68 59.34
249.43 78.04
221.39 98.18
211.32 81.64
222.11 13.32
272.44 50.71
274.60 65.82
277.48 91.70
322.78 148.51
345.07 157.14
339.32 125.50
316.31 84.51
314.87 61.50
290.42 44.96
303.36 34.18
328.53 37.77
306.96 2.53
294.02 2.53
355.86 50.00
362.33 70.13
346.51 76.60
363.77 91.70
301.21 74.44
299.77 57.91
421.30 123.34
404.76 69.41
419.14 71.57
427.77 49.28
418.42 37.77
450.06 42.80
439.99 70.85
460.13 89.55
458.69 141.32
429.21 171.52
410.51 206.76
439.99 231.21
367.36 229.05
408.35 108.24
501.12 172.96
488.89 149.95
537.79 181.59
501.12 113.28
493.93 64.38
483.14 62.94
488.17 39.21
479.54 22.67
474.51 12.60
460.85 6.85
485.30 0.38
431.36 98.18
519.10 84.51
539.23 70.85
521.25 57.91
529.34 3.95
509.75 269.32
235.05 277.95
514.60 24.29
527.90 20.69
508.49 39.75
544.80 52.33
