3.25 468.00
23.46 459.91
52.78 438.68
93.21 445.76
98.26 416.45
120.50 413.41
147.79 418.47
169.02 433.63
151.84 470.02
144.76 485.18
80.07 474.06
21.44 505.40
20.43 391.18
427.93 74.35
437.77 65.60
451.44 73.25
474.40 67.79
507.76 84.74
486.98 165.66
466.20 144.34
394.02 75.44
378.71 61.77
408.24 178.24
424.64 150.35
379.81 131.76
380.35 170.58
373.25 236.75
339.89 235.65
327.86 209.95
310.36 228.00
301.61 197.92
321.85 161.84
483.70 37.71
505.57 58.49
493.54 73.25
316.38 72.16
307.08 104.97
262.24 109.89
279.74 101.14
286.30 131.22
347.00 9.83
368.87 16.39
386.92 14.20
414.26 8.19
431.75 12.01
458.00 8.19
469.48 9.83
483.70 1.08
501.74 247.14
467.29 239.48
442.69 235.65
424.64 232.37
455.27 183.71
505.57 170.58
234.36 155.27
262.79 182.61
267.71 248.23
280.84 247.14
267.17 270.10
269.90 290.33
285.76 303.46
296.69 318.77
258.42 321.50
255.68 295.80
233.81 294.16
232.17 314.94
205.92 261.35
297.79 155.27
322.39 135.04
338.80 130.67
317.47 23.50
304.90 54.12
27.85 104.35
57.96 113.51
90.69 96.93
103.78 96.06
116.43 103.48
132.58 109.15
144.36 98.24
154.40 110.46
172.29 95.18
183.20 76.42
187.56 58.53
195.85 48.06
198.91 28.42
193.24 8.35
158.32 3.54
174.47 12.27
155.27 16.64
138.25 31.04
134.32 14.45
127.34 9.65
33.08 3.11
23.05 9.65
0.35 18.82
5.59 12.27
12.57 32.35
20.86 31.04
29.59 31.04
48.79 36.71
65.81 27.55
246.91 6.16
243.82 379.05
242.81 363.88
209.45 388.14
212.49 355.80
190.25 358.83
186.20 351.75
62.88 256.74
83.10 264.82
22.45 275.94
40.65 351.75
12.34 357.82
93.21 334.57
47.72 316.38
350.97 324.46
410.61 395.22
288.30 398.25
208.44 200.13
208.44 200.13
173.06 222.37
91.14 6.35
105.66 14.71
101.26 36.71
78.82 29.67
47.58 102.27
22.49 88.19
62.98 5.03
130.74 11.19
2.71 316.42
30.98 335.02
37.68 315.68
112.81 386.35
141.83 394.53
72.64 372.96
71.15 379.65
91.24 387.09
510.43 2.33
172.53 324.77
159.23 333.98
110.13 312.49
247.21 271.57
276.88 173.37
266.65 199.97
255.39 229.63
162.30 406.61
142.87 364.67
147.98 353.41
159.23 356.48
179.69 306.87
164.35 315.05
188.90 234.24
209.36 12.25
