44.93 126.35
54.77 117.60
68.44 125.25
91.40 119.79
124.76 136.74
136.24 143.30
161.39 177.75
103.98 217.66
83.20 196.34
11.02 127.44
25.24 230.24
41.64 202.35
100.70 89.71
132.41 101.20
122.57 110.49
110.54 125.25
151.00 142.21
183.81 175.56
207.33 206.18
221.00 207.82
207.87 164.62
221.00 156.97
205.14 158.06
214.98 147.13
220.45 146.58
219.90 94.63
225.37 83.70
222.09 65.65
182.72 67.84
176.16 79.87
176.16 79.87
175.61 62.92
165.77 67.84
3.92 66.20
31.26 60.19
48.75 64.01
75.00 60.19
86.48 61.83
100.70 53.08
153.74 83.70
152.65 98.46
241.77 173.37
260.91 214.93
185.45 340.69
135.69 292.03
118.74 299.14
84.29 291.48
59.69 287.65
41.64 284.37
72.27 235.71
147.18 247.19
122.57 222.58
276.77 289.84
288.80 305.70
268.57 306.79
277.32 327.02
265.29 345.61
254.90 327.02
302.47 127.99
289.89 121.43
305.20 145.49
298.09 141.11
303.56 164.62
316.69 67.84
323.25 77.14
302.47 86.98
301.37 102.29
281.69 101.20
261.46 94.63
277.32 83.15
280.05 71.67
289.89 54.17
347.31 125.25
339.10 101.20
315.59 98.46
311.76 103.93
332.54 114.87
333.64 134.55
322.15 137.83
356.60 162.44
329.81 158.06
330.90 172.28
338.56 186.50
342.93 175.01
350.04 181.57
283.33 152.59
269.11 152.05
277.32 166.26
260.36 165.72
288.25 194.70
275.68 192.51
284.97 183.22
290.99 181.03
309.58 192.51
308.48 183.76
318.87 194.15
318.87 207.27
339.65 211.10
354.96 222.58
340.74 235.71
316.69 225.32
288.25 213.84
294.81 230.24
298.64 241.72
329.81 248.28
349.49 249.38
340.74 267.42
312.31 273.98
269.66 254.30
278.96 258.13
280.05 275.08
248.34 276.72
327.62 300.23
344.57 299.14
352.23 322.10
325.98 342.33
338.56 336.87
349.49 354.91
340.74 368.58
340.74 378.42
304.66 389.36
308.48 378.42
279.50 371.31
272.94 383.34
239.04 361.47
245.60 387.72
263.10 369.13
304.66 332.49
258.18 289.84
27.61 447.22
60.96 25.71
273.24 39.86
274.25 22.67
66.29 45.87
51.37 45.87
140.36 16.54
151.79 0.14
92.63 6.10
108.54 13.06
115.01 34.94
126.44 24.50
84.68 33.94
95.62 25.49
78.71 12.07
43.42 15.05
186.10 42.89
255.20 18.03
273.59 10.58
280.55 5.61
308.89 31.46
324.30 27.98
346.67 36.43
380.48 28.97
357.11 81.67
295.97 25.49
283.04 17.54
415.78 126.91
437.65 126.91
435.66 118.95
407.82 109.51
398.88 101.55
388.44 112.99
373.52 100.06
369.54 145.80
372.53 129.39
359.60 134.86
434.67 164.19
422.24 180.10
417.77 188.06
405.34 200.98
408.32 214.41
425.22 212.42
392.41 228.33
402.36 224.85
372.53 227.83
371.53 214.41
360.59 189.05
374.52 192.03
369.05 183.58
388.44 154.75
414.78 162.70
196.54 181.59
169.69 99.07
127.43 54.33
127.43 35.93
5.63 9.09
206.82 506.76
158.53 506.76
166.28 417.48
155.34 402.90
234.15 435.24
241.44 428.41
270.14 425.68
289.27 427.04
301.57 424.31
310.68 430.23
317.97 412.92
281.53 460.75
251.46 454.38
252.83 478.52
272.42 487.17
235.06 503.12
226.41 457.56
216.84 461.66
205.91 461.66
315.24 493.55
408.62 488.54
391.77 483.99
374.46 472.14
367.17 479.89
342.11 476.70
366.71 445.72
357.15 429.32
377.19 422.49
328.90 434.79
341.20 401.99
357.60 405.18
368.54 397.43
376.28 373.29
386.30 371.92
402.25 378.76
409.99 385.13
429.58 385.13
435.50 383.77
434.13 374.20
445.07 376.02
456.45 387.87
455.09 402.90
485.61 412.47
486.98 392.42
483.33 377.39
481.05 346.87
446.89 342.31
452.35 330.93
427.76 326.37
418.19 335.94
407.26 323.18
391.77 350.06
402.25 340.49
384.48 340.49
366.26 337.76
362.61 325.00
317.06 335.94
289.27 340.95
298.84 401.08
311.59 397.89
288.36 397.43
293.37 383.77
389.03 401.08
422.29 411.10
415.91 416.11
435.04 449.82
450.53 445.72
469.21 458.93
444.15 468.04
429.12 479.89
438.69 496.74
447.80 488.09
450.53 496.74
487.89 484.44
491.53 472.14
364.73 289.81
369.26 273.19
385.12 277.72
388.52 295.09
391.16 264.88
399.85 255.82
378.32 243.73
417.22 241.09
417.22 253.17
427.80 242.22
433.46 253.17
434.59 234.67
441.77 233.16
453.85 230.89
455.37 219.94
457.63 212.01
454.99 188.59
448.19 192.37
464.05 182.93
469.72 212.01
470.47 219.94
466.70 227.87
479.16 253.55
465.18 259.59
451.97 262.24
433.08 264.88
416.09 275.83
430.82 304.91
422.89 290.18
461.79 302.27
470.09 290.18
473.87 289.05
477.27 273.19
477.27 273.19
469.72 279.61
450.83 281.12
438.75 279.23
491.62 294.34
486.33 308.31
481.80 327.57
499.93 338.52
463.30 356.65
454.23 349.48
449.32 358.16
433.46 355.90
408.54 300.38
399.47 270.17
508.99 366.85
508.99 377.42
305.11 479.07
362.40 502.60
492.32 273.45
160.87 160.92
176.22 156.83
444.24 116.42
465.72 123.58
460.61 149.16
457.54 170.64
362.40 238.16
373.65 304.65
384.90 316.93
465.72 503.11
509.71 398.76
