108.83 636.19
499.70 611.66
822.89 466.14
5.62 517.75
3.08 408.61
86.84 377.30
60.61 291.85
3.08 302.85
56.38 238.55
58.92 211.48
43.69 197.10
3.08 202.17
4.77 177.64
18.31 153.10
32.69 170.87
57.22 179.33
36.92 158.18
68.22 170.02
70.76 162.41
88.88 157.55
67.73 149.93
71.11 147.39
74.92 143.59
25.42 135.97
97.34 157.12
105.80 155.01
97.76 145.70
87.61 147.82
78.73 154.16
90.57 141.89
104.53 146.12
119.34 151.20
124.83 160.51
132.03 157.97
135.41 154.16
141.33 155.43
1.39 167.49
22.54 179.33
2.23 149.72
393.10 142.11
374.49 142.11
385.49 138.72
379.57 139.57
370.26 136.18
399.02 138.51
360.53 151.20
360.53 144.01
360.53 138.93
352.92 143.16
349.53 138.51
352.92 137.24
342.76 141.05
343.61 133.43
333.88 135.13
340.22 137.66
393.95 138.93
328.38 138.51
321.19 143.16
315.27 145.28
307.23 142.32
303.00 140.62
309.34 135.13
297.50 136.82
294.96 142.74
287.77 143.16
290.31 138.09
275.08 133.86
282.69 138.09
278.89 139.78
270.43 138.93
256.89 139.78
243.78 145.28
235.74 137.66
227.28 145.70
221.36 143.16
215.86 143.59
212.90 145.70
211.20 139.78
205.70 142.74
198.94 143.16
190.90 142.32
181.59 143.16
173.55 142.74
166.79 140.62
154.94 138.93
161.29 143.16
176.94 142.74
250.54 142.74
261.97 142.74
267.04 142.32
298.35 142.32
581.77 597.27
617.30 593.89
689.22 580.35
734.90 571.89
542.01 527.05
526.78 498.29
408.33 503.36
447.25 532.13
428.64 499.98
383.80 480.52
407.48 441.60
425.25 454.29
444.71 444.99
435.40 440.76
424.41 423.84
389.72 429.76
430.33 411.99
465.02 417.91
483.63 443.30
499.70 440.76
503.09 469.52
492.09 461.91
455.71 469.52
472.63 475.45
495.47 479.68
576.69 486.44
721.37 494.90
734.06 481.37
720.52 472.91
689.22 487.29
689.22 470.37
667.22 482.21
647.76 470.37
627.46 464.45
609.69 458.52
579.23 453.45
609.69 434.84
592.77 434.84
598.69 427.22
623.23 448.37
641.84 455.99
660.45 464.45
684.99 455.99
675.68 444.14
719.67 449.22
732.36 465.29
654.53 445.83
646.91 432.30
642.68 422.14
608.00 424.68
618.15 416.22
622.38 407.76
598.69 407.76
583.46 412.84
571.62 423.84
558.08 433.14
544.54 429.76
549.62 428.91
537.78 421.30
520.85 422.99
563.16 425.53
558.08 412.84
570.77 416.22
570.77 393.38
575.00 381.53
561.46 390.84
558.08 397.61
551.31 408.61
540.31 403.53
536.93 411.99
513.24 411.99
497.17 404.38
480.24 401.84
477.71 397.61
459.09 397.61
504.78 404.38
507.32 391.69
491.24 390.84
522.55 391.69
514.93 386.61
519.16 376.46
506.47 383.23
525.08 371.38
528.47 366.31
548.77 383.23
540.31 381.53
545.39 362.92
558.08 374.77
563.16 368.84
565.69 378.15
569.92 366.31
581.77 368.84
576.69 375.61
588.54 366.31
606.30 368.00
593.61 383.23
596.15 393.38
488.70 374.77
472.63 384.07
460.79 390.00
451.48 392.53
404.95 398.46
393.10 408.61
384.64 401.84
377.03 408.61
344.88 430.61
355.03 401.84
348.26 406.92
310.19 407.76
284.81 409.45
283.12 377.30
294.96 379.00
287.35 372.23
369.41 389.15
378.72 379.84
384.64 381.53
405.79 371.38
417.64 388.30
433.71 377.30
440.48 382.38
445.56 390.84
454.02 376.46
441.33 369.69
446.40 365.46
453.17 368.84
464.17 368.00
466.71 361.23
474.32 364.61
487.01 362.08
489.55 351.92
498.01 356.15
505.63 368.00
515.78 357.00
523.39 352.77
509.86 348.54
527.62 346.00
513.24 343.46
515.78 338.39
518.32 334.16
534.39 356.15
536.08 347.69
542.01 342.62
557.23 355.31
565.69 354.46
570.77 356.15
552.16 345.16
547.08 350.23
564.00 346.85
584.31 348.54
577.54 346.85
580.08 340.92
592.77 355.31
598.69 359.54
603.77 355.31
607.15 362.92
610.53 347.69
618.15 337.54
620.69 347.69
633.38 346.00
390.56 367.15
370.26 373.92
354.18 377.30
344.88 368.00
331.34 368.00
336.42 382.38
313.57 360.38
297.50 350.23
281.42 355.31
274.66 360.38
404.10 353.62
420.18 357.85
415.95 367.15
435.40 357.00
443.02 352.77
455.71 352.77
469.25 347.69
478.55 354.46
459.94 341.77
451.48 344.31
448.94 339.23
440.48 340.92
443.02 330.77
455.71 330.77
459.09 319.77
451.48 323.16
441.33 324.85
436.25 337.54
432.02 333.31
427.79 340.08
429.48 332.46
416.79 332.46
418.48 332.46
415.10 342.62
427.79 353.62
415.95 349.39
401.56 345.16
405.79 324.85
391.41 334.16
355.88 348.54
366.03 346.85
361.80 340.92
369.41 334.16
372.80 329.08
379.57 314.70
390.56 314.70
391.41 328.23
391.41 321.47
387.18 324.00
380.41 357.00
366.87 353.62
352.49 339.23
355.03 325.70
344.03 333.31
341.49 340.08
335.57 345.16
332.19 337.54
327.96 348.54
316.96 351.92
306.81 343.46
293.27 340.08
272.96 352.77
269.58 348.54
266.20 344.31
259.43 337.54
248.43 351.08
246.74 369.69
249.28 335.85
256.89 328.23
275.50 342.62
283.96 346.85
276.35 330.77
268.73 326.54
265.35 313.01
265.35 318.08
258.58 320.62
256.04 318.08
180.75 307.93
195.97 309.62
199.36 300.31
211.20 314.70
206.97 318.08
234.05 321.47
299.19 328.23
293.27 323.16
200.21 271.55
213.74 284.24
209.51 264.78
172.29 280.01
194.28 261.40
174.82 214.86
195.97 209.79
202.74 235.17
202.74 229.25
221.36 223.33
231.51 226.71
233.20 221.63
245.05 206.40
255.20 225.86
250.97 219.94
245.05 219.94
254.35 230.94
249.28 229.25
261.12 240.25
253.51 241.09
243.35 241.09
235.74 234.32
224.74 206.40
237.43 248.71
227.28 232.63
240.82 259.71
239.12 252.09
257.74 251.24
266.20 247.01
273.81 259.71
268.73 253.78
261.12 267.32
266.20 269.01
261.97 277.47
248.43 276.63
245.89 270.70
271.27 285.09
272.96 276.63
279.73 272.40
288.19 281.70
290.73 271.55
287.35 243.63
290.73 224.17
307.65 227.56
295.81 280.86
303.42 276.63
307.65 281.70
302.58 287.62
291.58 291.85
284.81 297.78
276.35 296.08
294.12 297.78
289.89 306.24
300.04 308.78
274.66 320.62
275.50 318.08
265.35 293.55
322.88 324.85
327.11 318.08
324.57 320.62
321.19 316.39
318.65 313.01
335.57 315.54
330.50 307.08
332.19 305.39
320.34 296.93
320.34 301.16
313.57 287.62
309.34 263.09
316.11 273.24
308.50 274.93
305.96 271.55
318.65 281.70
327.96 281.70
328.80 293.55
335.57 293.55
342.34 291.85
353.34 302.01
344.88 313.01
343.19 306.24
354.18 313.01
360.11 307.93
365.18 302.85
366.87 310.47
372.80 308.78
370.26 298.62
358.41 294.39
360.11 291.85
349.11 289.32
349.95 285.09
342.34 279.16
334.73 284.24
329.65 280.01
329.65 277.47
333.88 275.78
333.03 271.55
326.27 271.55
299.19 236.86
294.12 228.40
284.81 230.09
188.36 231.79
325.42 234.32
319.50 236.86
313.57 242.78
336.42 232.63
337.26 238.55
347.42 248.71
349.11 258.01
339.80 257.17
338.96 252.09
333.03 254.63
324.57 250.40
320.34 254.63
325.42 258.86
336.42 262.24
328.80 264.78
343.19 269.01
343.19 265.63
356.72 260.55
352.49 270.70
356.72 269.86
368.57 258.01
368.57 255.47
375.34 261.40
382.10 262.24
383.80 267.32
373.64 271.55
366.87 264.78
364.34 271.55
363.49 281.70
368.57 281.70
374.49 278.32
383.80 277.47
379.57 280.01
389.72 279.16
391.41 276.63
394.79 272.40
389.72 265.63
377.87 301.16
377.87 306.24
382.10 309.62
385.49 303.70
393.10 306.24
398.18 307.08
401.56 309.62
406.64 312.16
402.41 319.77
397.33 316.39
399.02 276.63
405.79 272.40
414.25 274.09
418.48 250.40
436.25 252.09
446.40 250.40
460.79 244.48
472.63 247.01
478.55 236.86
485.32 237.71
498.01 244.48
518.32 239.40
513.24 241.94
437.94 269.01
426.10 272.40
422.71 283.39
414.25 296.08
410.87 307.08
415.95 307.93
421.87 304.55
421.02 299.47
422.71 307.93
426.10 316.39
417.64 317.24
435.40 312.16
443.86 305.39
441.33 320.62
455.71 307.08
460.79 300.31
465.02 301.16
457.40 289.32
458.25 285.93
466.71 288.47
487.86 274.09
492.93 277.47
433.71 293.55
431.17 295.24
486.17 292.70
481.09 285.09
476.01 294.39
478.55 298.62
476.01 302.01
470.94 305.39
464.17 309.62
469.25 315.54
474.32 307.93
480.24 312.16
475.17 322.31
470.09 329.93
470.09 332.46
482.78 329.93
479.40 326.54
487.86 323.16
486.17 339.23
490.40 335.00
486.17 346.00
497.17 329.08
509.01 325.70
513.24 324.00
532.70 331.62
543.70 324.85
557.23 331.62
494.63 308.78
486.17 308.78
487.01 300.31
493.78 299.47
499.70 301.16
503.09 293.55
506.47 296.08
515.78 296.93
507.32 316.39
505.63 309.62
509.86 311.31
515.78 313.01
514.93 313.85
522.55 303.70
526.78 321.47
526.78 317.24
530.16 308.78
537.78 318.93
541.16 313.01
551.31 318.08
558.93 316.39
563.16 324.85
573.31 324.00
586.00 318.93
591.08 340.08
572.46 330.77
542.85 335.85
604.61 340.92
503.93 280.86
517.47 282.55
530.16 263.94
521.70 278.32
540.31 272.40
540.31 242.78
528.47 245.32
530.16 289.32
537.78 299.47
537.78 291.01
554.70 301.16
543.70 296.93
543.70 303.70
553.85 312.16
564.85 310.47
564.85 302.85
573.31 303.70
596.15 331.62
586.00 326.54
599.54 318.08
621.53 322.31
548.77 272.40
560.62 250.40
561.46 269.01
569.92 272.40
580.92 265.63
580.92 280.86
574.15 281.70
561.46 283.39
553.00 280.86
558.08 274.93
555.54 288.47
554.70 291.01
562.31 293.55
574.15 295.24
580.08 291.85
581.77 285.09
585.15 298.62
573.31 316.39
577.54 312.16
580.92 307.08
591.92 297.78
591.08 282.55
596.15 280.86
604.61 280.01
597.84 289.32
607.15 292.70
604.61 301.16
600.38 309.62
595.31 303.70
622.38 289.32
628.30 318.08
624.92 296.08
638.45 292.70
633.38 294.39
634.22 329.08
624.92 334.16
643.53 331.62
645.22 343.46
642.68 339.23
657.07 329.08
644.38 324.00
648.61 296.08
662.14 314.70
664.68 305.39
662.99 300.31
676.53 302.85
678.22 308.78
685.83 302.85
700.21 318.93
693.45 312.16
699.37 311.31
691.75 319.77
688.37 333.31
695.14 333.31
699.37 332.46
709.52 324.00
697.68 348.54
706.14 346.00
719.67 337.54
713.75 346.00
729.83 333.31
713.75 335.00
667.22 340.92
661.30 341.77
667.22 327.39
728.13 345.16
744.21 340.08
748.44 329.08
668.07 595.58
723.06 313.01
713.75 313.01
734.90 314.70
724.75 301.16
709.52 307.08
705.29 296.08
708.68 285.93
700.21 289.32
723.90 281.70
727.29 288.47
745.05 300.31
754.36 299.47
756.90 307.08
747.59 311.31
751.82 310.47
763.67 309.62
770.44 301.16
766.21 296.08
765.36 288.47
756.90 286.78
749.29 291.85
746.75 290.16
747.59 280.01
753.52 279.16
769.59 283.39
774.67 281.70
789.89 282.55
783.97 281.70
782.28 276.63
782.28 268.17
787.36 261.40
792.43 261.40
792.43 269.86
828.81 250.40
860.12 285.93
843.20 296.93
806.82 298.62
783.97 314.70
767.05 324.85
771.28 320.62
758.59 327.39
791.59 296.93
780.59 302.01
783.97 294.39
813.58 274.93
815.28 279.16
818.66 285.09
815.28 256.32
816.12 250.40
823.74 254.63
804.28 247.01
794.97 246.17
810.20 260.55
805.12 265.63
803.43 258.01
800.89 268.17
794.97 257.17
788.20 252.09
784.82 252.09
791.59 252.09
576.69 248.92
581.35 248.07
573.73 247.65
569.08 234.96
581.35 237.07
586.85 240.03
589.81 236.23
594.04 234.96
593.19 250.19
597.00 242.15
601.23 241.30
613.50 234.96
603.77 231.57
613.07 225.65
606.30 226.50
600.38 225.65
617.73 232.00
617.73 242.15
612.23 246.38
604.61 240.46
599.11 251.46
636.76 249.34
634.22 245.96
631.26 234.96
627.46 232.42
623.65 232.84
640.15 231.57
644.38 224.81
640.15 225.23
595.73 272.18
599.96 272.61
605.46 276.41
608.84 271.76
608.84 266.26
613.07 262.03
617.73 264.57
616.46 267.11
614.34 270.49
612.65 276.41
614.34 283.61
624.07 284.87
616.03 289.95
619.42 277.68
620.69 269.65
624.92 264.15
629.15 264.57
632.53 273.03
636.76 267.11
627.03 275.15
624.92 271.34
630.42 284.87
632.11 278.53
636.76 286.14
643.53 289.53
645.65 291.64
651.57 290.37
659.18 290.80
666.80 289.53
672.30 288.68
678.64 289.10
684.14 287.84
687.10 284.87
695.98 282.34
706.56 274.30
713.75 267.95
717.14 273.45
721.37 297.14
706.98 302.22
718.83 290.37
731.10 289.53
736.59 289.53
728.56 281.49
735.75 280.64
726.86 275.57
738.71 275.57
737.02 269.65
730.25 269.22
742.09 254.84
736.17 251.88
748.86 257.80
753.09 256.11
758.17 248.50
761.55 261.19
770.44 248.92
773.82 246.38
777.20 252.30
778.90 246.80
779.32 243.00
780.17 259.92
774.67 273.03
770.01 277.26
761.98 281.49
759.86 276.41
756.90 273.88
764.51 245.96
771.28 244.26
762.82 238.34
754.36 238.34
746.75 233.27
754.78 245.11
749.71 248.50
740.82 241.30
746.32 241.30
736.59 232.84
729.40 231.15
737.44 238.34
730.67 243.84
727.29 254.42
715.44 263.30
712.06 255.69
719.67 237.07
718.40 232.00
729.83 218.88
701.06 222.69
694.29 223.54
705.71 227.77
708.25 230.73
709.94 233.69
711.21 238.77
706.14 236.23
699.37 232.84
691.75 232.84
690.91 227.34
680.76 232.42
673.56 238.34
664.68 242.15
656.64 235.80
652.84 240.88
649.03 241.73
657.91 239.61
648.61 237.50
656.22 247.65
663.41 245.96
681.18 253.57
649.45 259.92
652.41 277.68
641.41 276.41
644.80 280.22
648.61 283.18
652.41 283.61
663.83 271.34
658.34 268.38
659.18 263.30
654.11 266.68
664.68 262.03
671.45 258.65
671.45 268.80
690.91 273.45
696.41 274.30
697.68 269.22
704.02 269.65
698.52 261.19
694.29 260.34
684.99 259.49
690.06 253.57
682.02 257.38
676.53 270.07
684.99 265.42
690.06 265.84
703.18 264.57
697.25 240.03
702.75 242.15
690.91 238.34
720.94 259.07
675.68 282.55
668.91 284.24
613.92 296.08
712.06 225.86
748.44 363.77
802.59 292.70
977.85 555.82
993.19 593.67
953.30 515.92
928.75 549.68
891.92 541.50
873.50 551.73
884.76 517.97
904.19 497.51
913.40 483.19
967.62 490.35
968.64 502.62
944.09 507.74
998.31 499.56
1008.54 487.28
995.24 465.80
974.78 454.54
964.55 473.98
948.18 470.91
935.91 447.38
916.47 419.76
952.27 429.99
971.71 429.99
993.19 419.76
999.33 414.65
997.28 437.15
978.87 443.29
1016.72 455.57
1015.70 408.51
944.09 418.74
948.18 411.58
958.41 413.63
983.99 498.53
885.78 281.66
903.17 272.45
911.35 270.41
926.70 273.48
932.84 255.06
947.16 256.09
959.43 263.25
958.41 252.00
966.60 273.48
992.17 276.55
997.28 260.18
978.87 262.22
1013.65 260.18
977.85 245.86
974.78 237.67
983.99 241.77
980.92 233.58
930.79 242.79
937.95 242.79
937.95 236.65
937.95 231.54
928.75 228.47
942.04 225.40
954.32 230.51
946.14 234.60
949.21 238.70
955.34 237.67
958.41 232.56
961.48 229.49
967.62 237.67
990.12 247.90
986.03 234.60
1006.49 250.97
1021.84 263.25
975.80 419.76
981.94 410.56
1014.68 439.20
924.65 478.07
904.19 464.77
1016.72 490.35
720.06 242.79
652.54 222.33
654.59 226.42
660.73 226.42
5.00 137.42
42.85 142.54
33.64 145.61
43.87 154.81
8.07 234.60
28.53 231.54
