445.70 533.66
32.84 299.30
6.61 213.85
2.38 160.55
4.92 133.48
3.22 101.33
14.22 92.02
16.76 84.41
34.88 79.55
13.73 71.93
17.11 69.39
20.92 65.59
43.34 79.12
51.80 77.01
43.76 67.70
33.61 69.82
24.73 76.16
36.57 63.89
50.53 68.12
65.34 73.20
70.83 82.51
78.03 79.97
81.41 76.16
87.33 77.43
339.10 64.11
320.49 64.11
331.49 60.72
325.57 61.57
316.26 58.18
345.02 60.51
306.53 73.20
306.53 66.01
306.53 60.93
298.92 65.16
295.53 60.51
298.92 59.24
288.76 63.05
289.61 55.43
279.88 57.13
286.22 59.66
339.95 60.93
274.38 60.51
267.19 65.16
261.27 67.28
253.23 64.32
249.00 62.62
255.34 57.13
243.50 58.82
240.96 64.74
233.77 65.16
236.31 60.09
221.08 55.86
228.69 60.09
224.89 61.78
216.43 60.93
202.89 61.78
189.78 67.28
181.74 59.66
173.28 67.70
167.36 65.16
161.86 65.59
158.90 67.70
157.20 61.78
151.70 64.74
144.94 65.16
136.90 64.32
127.59 65.16
119.55 64.74
112.79 62.62
100.94 60.93
107.29 65.16
122.94 64.74
196.54 64.74
207.97 64.74
213.04 64.32
244.35 64.32
527.77 519.27
488.01 449.05
472.78 420.29
354.33 425.36
393.25 454.13
374.64 421.98
329.80 402.52
353.48 363.60
371.25 376.29
390.71 366.99
381.40 362.76
370.41 345.84
335.72 351.76
376.33 333.99
411.02 339.91
429.63 365.30
445.70 362.76
449.09 391.52
438.09 383.91
401.71 391.52
418.63 397.45
441.47 401.68
522.69 408.44
525.23 375.45
538.77 356.84
544.69 349.22
544.69 329.76
529.46 334.84
517.62 345.84
504.08 355.14
490.54 351.76
495.62 350.91
483.78 343.30
466.85 344.99
509.16 347.53
504.08 334.84
516.77 338.22
516.77 315.38
521.00 303.53
507.46 312.84
504.08 319.61
497.31 330.61
486.31 325.53
482.93 333.99
459.24 333.99
443.17 326.38
426.24 323.84
423.71 319.61
405.09 319.61
450.78 326.38
453.32 313.69
437.24 312.84
468.55 313.69
460.93 308.61
465.16 298.46
452.47 305.23
471.08 293.38
474.47 288.31
494.77 305.23
486.31 303.53
491.39 284.92
504.08 296.77
509.16 290.84
511.69 300.15
515.92 288.31
527.77 290.84
522.69 297.61
534.54 288.31
539.61 305.23
542.15 315.38
434.70 296.77
418.63 306.07
406.79 312.00
397.48 314.53
350.95 320.46
339.10 330.61
330.64 323.84
323.03 330.61
290.88 352.61
301.03 323.84
294.26 328.92
256.19 329.76
230.81 331.45
229.12 299.30
240.96 301.00
233.35 294.23
315.41 311.15
324.72 301.84
330.64 303.53
351.79 293.38
363.64 310.30
379.71 299.30
386.48 304.38
391.56 312.84
400.02 298.46
387.33 291.69
392.40 287.46
399.17 290.84
410.17 290.00
412.71 283.23
420.32 286.61
433.01 284.08
435.55 273.92
444.01 278.15
451.63 290.00
461.78 279.00
469.39 274.77
455.86 270.54
473.62 268.00
459.24 265.46
461.78 260.39
464.32 256.16
480.39 278.15
482.08 269.69
488.01 264.62
503.23 277.31
511.69 276.46
516.77 278.15
498.16 267.16
493.08 272.23
510.00 268.85
530.31 270.54
523.54 268.85
526.08 262.92
538.77 277.31
544.69 281.54
336.56 289.15
316.26 295.92
300.18 299.30
290.88 290.00
277.34 290.00
282.42 304.38
259.57 282.38
243.50 272.23
227.42 277.31
220.66 282.38
350.10 275.62
366.18 279.85
361.95 289.15
381.40 279.00
389.02 274.77
401.71 274.77
415.25 269.69
424.55 276.46
405.94 263.77
397.48 266.31
394.94 261.23
386.48 262.92
389.02 252.77
401.71 252.77
405.09 241.77
397.48 245.16
387.33 246.85
382.25 259.54
378.02 255.31
373.79 262.08
375.48 254.46
362.79 254.46
364.48 254.46
361.10 264.62
373.79 275.62
361.95 271.39
347.56 267.16
351.79 246.85
337.41 256.16
301.88 270.54
312.03 268.85
307.80 262.92
315.41 256.16
318.80 251.08
325.57 236.70
336.56 236.70
337.41 250.23
337.41 243.47
333.18 246.00
326.41 279.00
312.87 275.62
298.49 261.23
301.03 247.70
290.03 255.31
287.49 262.08
281.57 267.16
278.19 259.54
273.96 270.54
262.96 273.92
252.81 265.46
239.27 262.08
218.96 274.77
215.58 270.54
212.20 266.31
205.43 259.54
194.43 273.08
192.74 291.69
195.28 257.85
202.89 250.23
221.50 264.62
229.96 268.85
222.35 252.77
214.73 248.54
211.35 235.01
211.35 240.08
204.58 242.62
202.04 240.08
126.75 229.93
141.97 231.62
145.36 222.31
157.20 236.70
152.97 240.08
180.05 243.47
245.19 250.23
239.27 245.16
146.21 193.55
159.74 206.24
155.51 186.78
118.29 202.01
140.28 183.40
120.82 136.86
141.97 131.79
148.74 157.17
148.74 151.25
167.36 145.33
177.51 148.71
179.20 143.63
191.05 128.40
201.20 147.86
196.97 141.94
191.05 141.94
200.35 152.94
195.28 151.25
207.12 162.25
199.51 163.09
189.35 163.09
181.74 156.32
170.74 128.40
183.43 170.71
173.28 154.63
186.82 181.71
185.12 174.09
203.74 173.24
212.20 169.01
219.81 181.71
214.73 175.78
207.12 189.32
212.20 191.01
207.97 199.47
194.43 198.63
191.89 192.70
217.27 207.09
218.96 198.63
225.73 194.40
234.19 203.70
236.73 193.55
233.35 165.63
236.73 146.17
253.65 149.56
241.81 202.86
249.42 198.63
253.65 203.70
248.58 209.62
237.58 213.85
230.81 219.78
222.35 218.08
240.12 219.78
235.89 228.24
246.04 230.78
220.66 242.62
221.50 240.08
211.35 215.55
268.88 246.85
273.11 240.08
270.57 242.62
267.19 238.39
264.65 235.01
281.57 237.54
276.50 229.08
278.19 227.39
266.34 218.93
266.34 223.16
259.57 209.62
255.34 185.09
262.11 195.24
254.50 196.93
251.96 193.55
264.65 203.70
273.96 203.70
274.80 215.55
281.57 215.55
288.34 213.85
299.34 224.01
290.88 235.01
289.19 228.24
300.18 235.01
306.11 229.93
311.18 224.85
312.87 232.47
318.80 230.78
316.26 220.62
304.41 216.39
306.11 213.85
295.11 211.32
295.95 207.09
288.34 201.16
280.73 206.24
275.65 202.01
275.65 199.47
279.88 197.78
279.03 193.55
272.27 193.55
245.19 158.86
240.12 150.40
230.81 152.09
134.36 153.79
271.42 156.32
265.50 158.86
259.57 164.78
282.42 154.63
283.26 160.55
293.42 170.71
295.11 180.01
285.80 179.17
284.96 174.09
279.03 176.63
270.57 172.40
266.34 176.63
271.42 180.86
282.42 184.24
274.80 186.78
289.19 191.01
289.19 187.63
302.72 182.55
298.49 192.70
302.72 191.86
314.57 180.01
314.57 177.47
321.34 183.40
328.10 184.24
329.80 189.32
319.64 193.55
312.87 186.78
310.34 193.55
309.49 203.70
314.57 203.70
320.49 200.32
329.80 199.47
325.57 202.01
335.72 201.16
337.41 198.63
340.79 194.40
335.72 187.63
323.87 223.16
323.87 228.24
328.10 231.62
331.49 225.70
339.10 228.24
344.18 229.08
347.56 231.62
352.64 234.16
348.41 241.77
343.33 238.39
345.02 198.63
351.79 194.40
360.25 196.09
364.48 172.40
382.25 174.09
392.40 172.40
406.79 166.48
418.63 169.01
424.55 158.86
431.32 159.71
444.01 166.48
464.32 161.40
459.24 163.94
383.94 191.01
372.10 194.40
368.71 205.39
360.25 218.08
356.87 229.08
361.95 229.93
367.87 226.55
367.02 221.47
368.71 229.93
372.10 238.39
363.64 239.24
381.40 234.16
389.86 227.39
387.33 242.62
401.71 229.08
406.79 222.31
411.02 223.16
403.40 211.32
404.25 207.93
412.71 210.47
433.86 196.09
438.93 199.47
379.71 215.55
377.17 217.24
432.17 214.70
427.09 207.09
422.01 216.39
424.55 220.62
422.01 224.01
416.94 227.39
410.17 231.62
415.25 237.54
420.32 229.93
426.24 234.16
421.17 244.31
416.09 251.93
416.09 254.46
428.78 251.93
425.40 248.54
433.86 245.16
432.17 261.23
436.40 257.00
432.17 268.00
443.17 251.08
455.01 247.70
459.24 246.00
478.70 253.62
489.70 246.85
503.23 253.62
440.63 230.78
432.17 230.78
433.01 222.31
439.78 221.47
445.70 223.16
449.09 215.55
452.47 218.08
461.78 218.93
453.32 238.39
451.63 231.62
455.86 233.31
461.78 235.01
460.93 235.85
468.55 225.70
472.78 243.47
472.78 239.24
476.16 230.78
483.78 240.93
487.16 235.01
497.31 240.08
504.93 238.39
509.16 246.85
519.31 246.00
532.00 240.93
537.08 262.08
518.46 252.77
488.85 257.85
449.93 202.86
463.47 204.55
476.16 185.94
467.70 200.32
486.31 194.40
486.31 164.78
474.47 167.32
476.16 211.32
483.78 221.47
483.78 213.01
500.70 223.16
489.70 218.93
489.70 225.70
499.85 234.16
510.85 232.47
510.85 224.85
519.31 225.70
542.15 253.62
532.00 248.54
545.54 240.08
494.77 194.40
506.62 172.40
507.46 191.01
515.92 194.40
526.92 187.63
526.92 202.86
520.15 203.70
507.46 205.39
499.00 202.86
504.08 196.93
501.54 210.47
500.70 213.01
508.31 215.55
520.15 217.24
526.08 213.85
527.77 207.09
531.15 220.62
519.31 238.39
523.54 234.16
526.92 229.08
537.92 219.78
537.08 204.55
542.15 202.86
543.84 211.32
546.38 231.62
541.31 225.70
522.69 170.92
527.35 170.07
519.73 169.65
515.08 156.96
527.35 159.07
532.85 162.03
535.81 158.23
540.04 156.96
539.19 172.19
543.00 164.15
547.23 163.30
546.38 147.65
545.11 173.46
541.73 194.18
545.96 194.61
