915.17 636.19
524.30 611.66
201.11 466.14
1018.38 517.75
1020.92 408.61
937.16 377.30
963.39 291.85
1020.92 302.85
967.62 238.55
965.08 211.48
980.31 197.10
1020.92 202.17
1019.23 177.64
1005.69 153.10
991.31 170.87
966.78 179.33
987.08 158.18
955.78 170.02
953.24 162.41
935.12 157.55
956.27 149.93
952.89 147.39
949.08 143.59
998.58 135.97
926.66 157.12
918.20 155.01
926.24 145.70
936.39 147.82
945.27 154.16
933.43 141.89
919.47 146.12
904.66 151.20
899.17 160.51
891.97 157.97
888.59 154.16
882.67 155.43
1022.61 167.49
1001.46 179.33
1021.77 149.72
630.90 142.11
649.51 142.11
638.51 138.72
644.43 139.57
653.74 136.18
624.98 138.51
663.47 151.20
663.47 144.01
663.47 138.93
671.08 143.16
674.47 138.51
671.08 137.24
681.24 141.05
680.39 133.43
690.12 135.13
683.78 137.66
630.05 138.93
695.62 138.51
702.81 143.16
708.73 145.28
716.77 142.32
721.00 140.62
714.66 135.13
726.50 136.82
729.04 142.74
736.23 143.16
733.69 138.09
748.92 133.86
741.31 138.09
745.11 139.78
753.57 138.93
767.11 139.78
780.22 145.28
788.26 137.66
796.72 145.70
802.64 143.16
808.14 143.59
811.10 145.70
812.80 139.78
818.30 142.74
825.06 143.16
833.10 142.32
842.41 143.16
850.45 142.74
857.21 140.62
869.06 138.93
862.71 143.16
847.06 142.74
773.46 142.74
762.03 142.74
756.96 142.32
725.65 142.32
442.23 597.27
406.70 593.89
334.78 580.35
289.10 571.89
481.99 527.05
497.22 498.29
615.67 503.36
576.75 532.13
595.36 499.98
640.20 480.52
616.52 441.60
598.75 454.29
579.29 444.99
588.60 440.76
599.59 423.84
634.28 429.76
593.67 411.99
558.98 417.91
540.37 443.30
524.30 440.76
520.91 469.52
531.91 461.91
568.29 469.52
551.37 475.45
528.53 479.68
447.31 486.44
302.63 494.90
289.94 481.37
303.48 472.91
334.78 487.29
334.78 470.37
356.78 482.21
376.24 470.37
396.54 464.45
414.31 458.52
444.77 453.45
414.31 434.84
431.23 434.84
425.31 427.22
400.77 448.37
382.16 455.99
363.55 464.45
339.01 455.99
348.32 444.14
304.33 449.22
291.64 465.29
369.47 445.83
377.09 432.30
381.32 422.14
416.00 424.68
405.85 416.22
401.62 407.76
425.31 407.76
440.54 412.84
452.38 423.84
465.92 433.14
479.46 429.76
474.38 428.91
486.22 421.30
503.15 422.99
460.84 425.53
465.92 412.84
453.23 416.22
453.23 393.38
449.00 381.53
462.54 390.84
465.92 397.61
472.69 408.61
483.69 403.53
487.07 411.99
510.76 411.99
526.83 404.38
543.76 401.84
546.29 397.61
564.91 397.61
519.22 404.38
516.68 391.69
532.76 390.84
501.45 391.69
509.07 386.61
504.84 376.46
517.53 383.23
498.92 371.38
495.53 366.31
475.23 383.23
483.69 381.53
478.61 362.92
465.92 374.77
460.84 368.84
458.31 378.15
454.08 366.31
442.23 368.84
447.31 375.61
435.46 366.31
417.70 368.00
430.39 383.23
427.85 393.38
535.30 374.77
551.37 384.07
563.21 390.00
572.52 392.53
619.05 398.46
630.90 408.61
639.36 401.84
646.97 408.61
679.12 430.61
668.97 401.84
675.74 406.92
713.81 407.76
739.19 409.45
740.88 377.30
729.04 379.00
736.65 372.23
654.59 389.15
645.28 379.84
639.36 381.53
618.21 371.38
606.36 388.30
590.29 377.30
583.52 382.38
578.44 390.84
569.98 376.46
582.67 369.69
577.60 365.46
570.83 368.84
559.83 368.00
557.29 361.23
549.68 364.61
536.99 362.08
534.45 351.92
525.99 356.15
518.37 368.00
508.22 357.00
500.61 352.77
514.14 348.54
496.38 346.00
510.76 343.46
508.22 338.39
505.68 334.16
489.61 356.15
487.92 347.69
481.99 342.62
466.77 355.31
458.31 354.46
453.23 356.15
471.84 345.16
476.92 350.23
460.00 346.85
439.69 348.54
446.46 346.85
443.92 340.92
431.23 355.31
425.31 359.54
420.23 355.31
416.85 362.92
413.47 347.69
405.85 337.54
403.31 347.69
390.62 346.00
633.44 367.15
653.74 373.92
669.82 377.30
679.12 368.00
692.66 368.00
687.58 382.38
710.43 360.38
726.50 350.23
742.58 355.31
749.34 360.38
619.90 353.62
603.82 357.85
608.05 367.15
588.60 357.00
580.98 352.77
568.29 352.77
554.75 347.69
545.45 354.46
564.06 341.77
572.52 344.31
575.06 339.23
583.52 340.92
580.98 330.77
568.29 330.77
564.91 319.77
572.52 323.16
582.67 324.85
587.75 337.54
591.98 333.31
596.21 340.08
594.52 332.46
607.21 332.46
605.52 332.46
608.90 342.62
596.21 353.62
608.05 349.39
622.44 345.16
618.21 324.85
632.59 334.16
668.12 348.54
657.97 346.85
662.20 340.92
654.59 334.16
651.20 329.08
644.43 314.70
633.44 314.70
632.59 328.23
632.59 321.47
636.82 324.00
643.59 357.00
657.13 353.62
671.51 339.23
668.97 325.70
679.97 333.31
682.51 340.08
688.43 345.16
691.81 337.54
696.04 348.54
707.04 351.92
717.19 343.46
730.73 340.08
751.04 352.77
754.42 348.54
757.80 344.31
764.57 337.54
775.57 351.08
777.26 369.69
774.72 335.85
767.11 328.23
748.50 342.62
740.04 346.85
747.65 330.77
755.27 326.54
758.65 313.01
758.65 318.08
765.42 320.62
767.96 318.08
843.25 307.93
828.03 309.62
824.64 300.31
812.80 314.70
817.03 318.08
789.95 321.47
724.81 328.23
730.73 323.16
823.79 271.55
810.26 284.24
814.49 264.78
851.71 280.01
829.72 261.40
849.18 214.86
828.03 209.79
821.26 235.17
821.26 229.25
802.64 223.33
792.49 226.71
790.80 221.63
778.95 206.40
768.80 225.86
773.03 219.94
778.95 219.94
769.65 230.94
774.72 229.25
762.88 240.25
770.49 241.09
780.65 241.09
788.26 234.32
799.26 206.40
786.57 248.71
796.72 232.63
783.18 259.71
784.88 252.09
766.26 251.24
757.80 247.01
750.19 259.71
755.27 253.78
762.88 267.32
757.80 269.01
762.03 277.47
775.57 276.63
778.11 270.70
752.73 285.09
751.04 276.63
744.27 272.40
735.81 281.70
733.27 271.55
736.65 243.63
733.27 224.17
716.35 227.56
728.19 280.86
720.58 276.63
716.35 281.70
721.42 287.62
732.42 291.85
739.19 297.78
747.65 296.08
729.88 297.78
734.11 306.24
723.96 308.78
749.34 320.62
748.50 318.08
758.65 293.55
701.12 324.85
696.89 318.08
699.43 320.62
702.81 316.39
705.35 313.01
688.43 315.54
693.50 307.08
691.81 305.39
703.66 296.93
703.66 301.16
710.43 287.62
714.66 263.09
707.89 273.24
715.50 274.93
718.04 271.55
705.35 281.70
696.04 281.70
695.20 293.55
688.43 293.55
681.66 291.85
670.66 302.01
679.12 313.01
680.81 306.24
669.82 313.01
663.89 307.93
658.82 302.85
657.13 310.47
651.20 308.78
653.74 298.62
665.59 294.39
663.89 291.85
674.89 289.32
674.05 285.09
681.66 279.16
689.27 284.24
694.35 280.01
694.35 277.47
690.12 275.78
690.97 271.55
697.73 271.55
724.81 236.86
729.88 228.40
739.19 230.09
835.64 231.79
698.58 234.32
704.50 236.86
710.43 242.78
687.58 232.63
686.74 238.55
676.58 248.71
674.89 258.01
684.20 257.17
685.04 252.09
690.97 254.63
699.43 250.40
703.66 254.63
698.58 258.86
687.58 262.24
695.20 264.78
680.81 269.01
680.81 265.63
667.28 260.55
671.51 270.70
667.28 269.86
655.43 258.01
655.43 255.47
648.66 261.40
641.90 262.24
640.20 267.32
650.36 271.55
657.13 264.78
659.66 271.55
660.51 281.70
655.43 281.70
649.51 278.32
640.20 277.47
644.43 280.01
634.28 279.16
632.59 276.63
629.21 272.40
634.28 265.63
646.13 301.16
646.13 306.24
641.90 309.62
638.51 303.70
630.90 306.24
625.82 307.08
622.44 309.62
617.36 312.16
621.59 319.77
626.67 316.39
624.98 276.63
618.21 272.40
609.75 274.09
605.52 250.40
587.75 252.09
577.60 250.40
563.21 244.48
551.37 247.01
545.45 236.86
538.68 237.71
525.99 244.48
505.68 239.40
510.76 241.94
586.06 269.01
597.90 272.40
601.29 283.39
609.75 296.08
613.13 307.08
608.05 307.93
602.13 304.55
602.98 299.47
601.29 307.93
597.90 316.39
606.36 317.24
588.60 312.16
580.14 305.39
582.67 320.62
568.29 307.08
563.21 300.31
558.98 301.16
566.60 289.32
565.75 285.93
557.29 288.47
536.14 274.09
531.07 277.47
590.29 293.55
592.83 295.24
537.83 292.70
542.91 285.09
547.99 294.39
545.45 298.62
547.99 302.01
553.06 305.39
559.83 309.62
554.75 315.54
549.68 307.93
543.76 312.16
548.83 322.31
553.91 329.93
553.91 332.46
541.22 329.93
544.60 326.54
536.14 323.16
537.83 339.23
533.60 335.00
537.83 346.00
526.83 329.08
514.99 325.70
510.76 324.00
491.30 331.62
480.30 324.85
466.77 331.62
529.37 308.78
537.83 308.78
536.99 300.31
530.22 299.47
524.30 301.16
520.91 293.55
517.53 296.08
508.22 296.93
516.68 316.39
518.37 309.62
514.14 311.31
508.22 313.01
509.07 313.85
501.45 303.70
497.22 321.47
497.22 317.24
493.84 308.78
486.22 318.93
482.84 313.01
472.69 318.08
465.07 316.39
460.84 324.85
450.69 324.00
438.00 318.93
432.92 340.08
451.54 330.77
481.15 335.85
419.39 340.92
520.07 280.86
506.53 282.55
493.84 263.94
502.30 278.32
483.69 272.40
483.69 242.78
495.53 245.32
493.84 289.32
486.22 299.47
486.22 291.01
469.30 301.16
480.30 296.93
480.30 303.70
470.15 312.16
459.15 310.47
459.15 302.85
450.69 303.70
427.85 331.62
438.00 326.54
424.46 318.08
402.47 322.31
475.23 272.40
463.38 250.40
462.54 269.01
454.08 272.40
443.08 265.63
443.08 280.86
449.85 281.70
462.54 283.39
471.00 280.86
465.92 274.93
468.46 288.47
469.30 291.01
461.69 293.55
449.85 295.24
443.92 291.85
442.23 285.09
438.85 298.62
450.69 316.39
446.46 312.16
443.08 307.08
432.08 297.78
432.92 282.55
427.85 280.86
419.39 280.01
426.16 289.32
416.85 292.70
419.39 301.16
423.62 309.62
428.69 303.70
401.62 289.32
395.70 318.08
399.08 296.08
385.55 292.70
390.62 294.39
389.78 329.08
399.08 334.16
380.47 331.62
378.78 343.46
381.32 339.23
366.93 329.08
379.62 324.00
375.39 296.08
361.86 314.70
359.32 305.39
361.01 300.31
347.47 302.85
345.78 308.78
338.17 302.85
323.79 318.93
330.55 312.16
324.63 311.31
332.25 319.77
335.63 333.31
328.86 333.31
324.63 332.46
314.48 324.00
326.32 348.54
317.86 346.00
304.33 337.54
310.25 346.00
294.17 333.31
310.25 335.00
356.78 340.92
362.70 341.77
356.78 327.39
295.87 345.16
279.79 340.08
275.56 329.08
355.93 595.58
300.94 313.01
310.25 313.01
289.10 314.70
299.25 301.16
314.48 307.08
318.71 296.08
315.32 285.93
323.79 289.32
300.10 281.70
296.71 288.47
278.95 300.31
269.64 299.47
267.10 307.08
276.41 311.31
272.18 310.47
260.33 309.62
253.56 301.16
257.79 296.08
258.64 288.47
267.10 286.78
274.71 291.85
277.25 290.16
276.41 280.01
270.48 279.16
254.41 283.39
249.33 281.70
234.11 282.55
240.03 281.70
241.72 276.63
241.72 268.17
236.64 261.40
231.57 261.40
231.57 269.86
195.19 250.40
163.88 285.93
180.80 296.93
217.18 298.62
240.03 314.70
256.95 324.85
252.72 320.62
265.41 327.39
232.41 296.93
243.41 302.01
240.03 294.39
210.42 274.93
208.72 279.16
205.34 285.09
208.72 256.32
207.88 250.40
200.26 254.63
219.72 247.01
229.03 246.17
213.80 260.55
218.88 265.63
220.57 258.01
223.11 268.17
229.03 257.17
235.80 252.09
239.18 252.09
232.41 252.09
447.31 248.92
442.65 248.07
450.27 247.65
454.92 234.96
442.65 237.07
437.15 240.03
434.19 236.23
429.96 234.96
430.81 250.19
427.00 242.15
422.77 241.30
410.50 234.96
420.23 231.57
410.93 225.65
417.70 226.50
423.62 225.65
406.27 232.00
406.27 242.15
411.77 246.38
419.39 240.46
424.89 251.46
387.24 249.34
389.78 245.96
392.74 234.96
396.54 232.42
400.35 232.84
383.85 231.57
379.62 224.81
383.85 225.23
428.27 272.18
424.04 272.61
418.54 276.41
415.16 271.76
415.16 266.26
410.93 262.03
406.27 264.57
407.54 267.11
409.66 270.49
411.35 276.41
409.66 283.61
399.93 284.87
407.97 289.95
404.58 277.68
403.31 269.65
399.08 264.15
394.85 264.57
391.47 273.03
387.24 267.11
396.97 275.15
399.08 271.34
393.58 284.87
391.89 278.53
387.24 286.14
380.47 289.53
378.35 291.64
372.43 290.37
364.82 290.80
357.20 289.53
351.70 288.68
345.36 289.10
339.86 287.84
336.90 284.87
328.02 282.34
317.44 274.30
310.25 267.95
306.86 273.45
302.63 297.14
317.02 302.22
305.17 290.37
292.90 289.53
287.41 289.53
295.44 281.49
288.25 280.64
297.14 275.57
285.29 275.57
286.98 269.65
293.75 269.22
281.91 254.84
287.83 251.88
275.14 257.80
270.91 256.11
265.83 248.50
262.45 261.19
253.56 248.92
250.18 246.38
246.80 252.30
245.10 246.80
244.68 243.00
243.83 259.92
249.33 273.03
253.99 277.26
262.02 281.49
264.14 276.41
267.10 273.88
259.49 245.96
252.72 244.26
261.18 238.34
269.64 238.34
277.25 233.27
269.22 245.11
274.29 248.50
283.18 241.30
277.68 241.30
287.41 232.84
294.60 231.15
286.56 238.34
293.33 243.84
296.71 254.42
308.56 263.30
311.94 255.69
304.33 237.07
305.60 232.00
294.17 218.88
322.94 222.69
329.71 223.54
318.29 227.77
315.75 230.73
314.06 233.69
312.79 238.77
317.86 236.23
324.63 232.84
332.25 232.84
333.09 227.34
343.24 232.42
350.44 238.34
359.32 242.15
367.36 235.80
371.16 240.88
374.97 241.73
366.09 239.61
375.39 237.50
367.78 247.65
360.59 245.96
342.82 253.57
374.55 259.92
371.59 277.68
382.59 276.41
379.20 280.22
375.39 283.18
371.59 283.61
360.17 271.34
365.66 268.38
364.82 263.30
369.89 266.68
359.32 262.03
352.55 258.65
352.55 268.80
333.09 273.45
327.59 274.30
326.32 269.22
319.98 269.65
325.48 261.19
329.71 260.34
339.01 259.49
333.94 253.57
341.98 257.38
347.47 270.07
339.01 265.42
333.94 265.84
320.82 264.57
326.75 240.03
321.25 242.15
333.09 238.34
303.06 259.07
348.32 282.55
355.09 284.24
410.08 296.08
311.94 225.86
275.56 363.77
221.41 292.70
46.15 555.82
30.81 593.67
70.70 515.92
95.25 549.68
132.08 541.50
150.50 551.73
139.24 517.97
119.81 497.51
110.60 483.19
56.38 490.35
55.36 502.62
79.91 507.74
25.69 499.56
15.46 487.28
28.76 465.80
49.22 454.54
59.45 473.98
75.82 470.91
88.09 447.38
107.53 419.76
71.73 429.99
52.29 429.99
30.81 419.76
24.67 414.65
26.72 437.15
45.13 443.29
7.28 455.57
8.30 408.51
79.91 418.74
75.82 411.58
65.59 413.63
40.01 498.53
138.22 281.66
120.83 272.45
112.65 270.41
97.30 273.48
91.16 255.06
76.84 256.09
64.57 263.25
65.59 252.00
57.40 273.48
31.83 276.55
26.72 260.18
45.13 262.22
10.35 260.18
46.15 245.86
49.22 237.67
40.01 241.77
43.08 233.58
93.21 242.79
86.05 242.79
86.05 236.65
86.05 231.54
95.25 228.47
81.96 225.40
69.68 230.51
77.86 234.60
74.79 238.70
68.66 237.67
65.59 232.56
62.52 229.49
56.38 237.67
33.88 247.90
37.97 234.60
17.51 250.97
2.16 263.25
48.20 419.76
42.06 410.56
9.32 439.20
99.35 478.07
119.81 464.77
7.28 490.35
303.94 242.79
371.46 222.33
369.41 226.42
363.27 226.42
1019.00 137.42
981.15 142.54
990.36 145.61
980.13 154.81
1015.93 234.60
995.47 231.54
