186.21 526.93
197.36 448.88
328.38 383.37
364.62 352.70
473.33 458.63
328.38 227.26
413.40 299.74
386.92 242.59
437.10 274.65
418.98 223.08
442.67 203.56
497.03 299.74
582.05 223.08
586.23 161.75
193.18 204.96
173.66 136.66
216.87 142.23
292.14 167.32
276.80 142.23
315.83 145.02
353.47 147.81
370.19 132.48
392.49 126.90
442.67 174.29
471.94 147.81
452.43 100.42
431.52 100.42
478.91 103.21
505.39 153.38
498.42 124.11
520.72 83.69
558.36 85.09
593.20 99.02
583.45 90.66
118.90 36.82
102.00 26.02
112.80 22.02
106.87 26.72
106.87 20.27
122.90 19.58
125.34 24.28
131.09 40.14
131.79 52.51
149.73 50.41
162.10 43.79
172.38 41.70
138.93 22.19
133.88 20.27
152.17 22.02
157.75 18.36
164.19 18.01
191.08 23.58
199.27 41.88
202.23 27.94
209.73 37.35
200.84 21.32
214.78 24.80
211.12 12.43
215.48 12.43
231.16 20.62
240.22 23.58
252.59 16.27
263.74 10.86
262.17 17.49
271.06 17.49
258.68 34.04
241.96 73.76
259.73 83.52
278.20 76.90
274.71 60.17
281.68 54.94
299.45 56.69
302.24 53.20
303.98 45.54
289.00 32.29
282.03 30.90
300.50 10.69
311.65 65.40
321.06 51.81
334.65 67.14
329.77 76.90
323.85 90.14
278.90 6.86
310.26 4.07
321.76 23.23
328.03 6.86
332.56 19.75
332.21 29.51
337.44 32.64
332.21 40.66
325.59 40.66
320.71 4.77
330.38 7.47
340.57 9.30
343.53 5.99
352.16 4.16
357.73 4.16
346.93 15.57
353.12 14.52
357.91 17.66
366.18 8.77
359.04 1.54
373.33 2.94
390.14 0.32
401.99 0.15
448.42 3.02
475.77 3.24
488.75 1.33
494.42 0.72
500.95 3.24
542.16 5.20
525.78 5.20
535.71 14.09
537.63 28.72
528.91 30.12
523.69 26.28
520.55 25.06
510.79 34.47
505.92 46.67
498.60 34.82
486.05 47.71
481.35 12.87
468.28 6.94
458.18 39.35
454.17 32.90
443.19 26.81
359.04 79.51
367.06 66.27
363.57 56.51
386.22 49.89
358.34 34.91
347.54 23.41
348.59 31.77
382.04 91.01
385.18 76.72
405.73 69.75
410.96 58.95
420.72 75.33
407.82 92.06
447.55 58.60
451.73 49.89
494.59 71.84
521.77 57.91
545.12 40.14
592.16 34.91
585.54 34.56
582.75 26.55
604.01 26.20
613.76 17.49
540.94 154.43
582.46 1.02
573.23 4.33
575.49 14.96
552.14 6.94
501.93 22.07
210.82 552.49
267.76 43.38
269.04 35.89
239.08 32.57
250.21 37.39
232.98 70.78
226.23 54.30
304.47 33.64
327.16 18.23
427.12 3.46
421.12 3.57
407.32 9.78
422.94 11.59
378.42 11.38
508.88 8.38
559.40 35.78
568.39 19.30
597.61 29.25
565.93 0.46
539.71 49.59
470.03 60.29
511.02 262.03
480.63 208.95
545.70 226.93
556.83 158.00
335.83 264.81
