275.21 570.93
121.88 715.89
286.36 492.88
417.38 427.37
453.62 396.70
562.33 502.63
928.91 720.07
417.38 271.26
502.40 343.74
475.92 286.59
526.10 318.65
507.98 267.08
531.67 247.56
586.03 343.74
671.05 267.08
675.23 205.75
811.83 257.32
838.31 285.19
874.55 255.92
903.82 289.38
986.06 264.29
994.42 240.59
995.82 215.50
979.09 219.68
948.43 195.99
889.88 172.29
282.18 248.96
262.66 180.66
305.87 186.23
381.14 211.32
365.80 186.23
404.83 189.02
442.47 191.81
459.19 176.48
481.49 170.90
531.67 218.29
560.94 191.81
541.43 144.42
520.52 144.42
567.91 147.21
594.39 197.38
587.42 168.11
609.72 127.69
647.36 129.09
682.20 143.02
672.45 134.66
715.66 151.39
753.29 131.87
782.56 120.72
814.62 169.51
797.89 169.51
842.49 147.21
870.37 127.69
927.52 78.91
965.15 59.39
983.27 73.33
984.67 108.18
207.90 80.82
191.00 70.02
201.80 66.02
195.87 70.72
195.87 64.27
211.90 63.58
214.34 68.28
220.09 84.14
220.79 96.51
238.73 94.41
251.10 87.79
261.38 85.70
227.93 66.19
222.88 64.27
241.17 66.02
246.75 62.36
253.19 62.01
280.08 67.58
288.27 85.88
291.23 71.94
298.73 81.35
289.84 65.32
303.78 68.80
300.12 56.43
304.48 56.43
320.16 64.62
329.22 67.58
341.59 60.27
352.74 54.86
351.17 61.49
360.06 61.49
347.68 78.04
330.96 117.76
348.73 127.52
367.20 120.90
363.71 104.17
370.68 98.94
388.45 100.69
391.24 97.20
392.98 89.54
378.00 76.29
371.03 74.90
389.50 54.69
400.65 109.40
410.06 95.81
423.65 111.14
418.77 120.90
412.85 134.14
367.90 50.86
399.26 48.07
403.09 41.80
410.76 67.23
417.03 50.86
421.56 63.75
421.21 73.51
426.44 76.64
421.21 84.66
414.59 84.66
397.17 31.95
392.20 31.34
388.45 29.86
388.63 25.94
391.16 24.37
392.46 21.50
387.67 22.20
398.39 23.94
397.95 21.33
394.81 25.16
402.13 22.72
402.92 20.28
406.66 21.76
407.53 24.11
410.49 25.51
408.84 30.47
403.79 26.73
406.31 32.74
409.71 48.77
408.84 39.01
413.89 33.96
417.03 31.00
415.98 26.99
421.21 25.94
426.87 26.47
428.18 29.25
425.48 31.78
423.04 39.10
419.38 51.47
429.57 53.30
432.53 49.99
434.54 42.23
430.97 34.39
436.19 33.35
437.06 28.64
431.66 30.47
441.16 48.16
446.73 48.16
435.93 59.57
442.12 58.52
446.91 61.66
455.18 52.77
448.04 45.54
444.12 33.87
445.17 29.78
440.03 29.43
442.73 25.51
447.43 24.81
451.26 26.64
461.02 26.03
455.18 32.39
456.75 36.66
449.52 35.18
448.39 40.23
455.79 42.76
460.50 42.23
462.33 46.94
464.42 41.88
466.07 36.40
468.16 37.35
472.61 40.67
474.78 33.70
471.65 33.26
478.62 27.16
474.35 29.08
468.60 28.12
479.14 44.32
483.06 37.09
486.89 33.35
484.02 28.64
486.02 26.64
489.51 25.77
490.99 44.15
495.95 37.79
494.12 34.22
491.86 21.06
498.04 17.06
502.14 18.36
505.71 17.93
509.37 17.06
508.50 21.06
513.20 39.10
518.52 35.87
509.63 34.65
517.47 19.58
526.27 18.28
530.10 15.66
530.54 13.66
537.25 14.10
535.85 27.34
532.63 35.35
522.87 26.12
530.19 37.27
538.55 42.32
539.42 35.96
543.34 36.48
547.18 43.19
537.42 47.02
545.26 6.69
550.66 37.09
563.90 22.24
550.05 28.51
572.53 12.14
576.97 22.33
580.11 31.74
571.74 37.05
568.96 32.61
563.82 38.97
564.77 47.24
577.75 45.33
583.42 44.72
576.71 28.34
591.17 39.84
589.95 47.24
598.84 42.36
594.74 32.78
594.13 29.99
594.13 25.12
600.32 9.35
606.24 41.36
606.24 37.01
602.23 33.70
607.11 30.39
612.16 30.73
613.21 37.01
618.61 39.97
616.52 27.77
622.62 27.42
621.92 21.50
616.17 19.06
614.43 11.74
629.94 20.45
632.90 26.55
637.95 15.58
637.08 11.74
629.94 35.61
632.72 32.48
631.16 49.20
637.43 39.97
614.78 49.20
624.71 58.09
626.63 72.72
617.91 74.12
612.69 70.28
609.55 69.06
599.79 78.47
594.92 90.67
587.60 78.82
575.05 91.71
570.35 56.87
557.28 50.94
547.18 83.35
543.17 76.90
532.19 70.81
448.04 123.51
456.06 110.27
452.57 100.51
475.22 93.89
447.34 78.91
436.54 67.41
437.59 75.77
471.04 135.01
474.18 120.72
494.73 113.75
499.96 102.95
509.72 119.33
496.82 136.06
536.55 102.60
540.73 93.89
583.59 115.84
610.77 101.91
634.12 84.14
681.16 78.91
674.54 78.56
671.75 70.55
693.01 70.20
702.76 61.49
721.93 84.48
629.94 198.43
768.27 83.79
747.71 59.74
736.56 52.77
764.09 52.08
796.73 69.50
786.97 68.80
868.51 68.80
837.85 81.35
846.56 83.44
895.00 65.67
649.16 36.83
644.11 32.30
639.58 25.16
642.36 22.89
647.42 19.76
647.76 13.66
652.64 14.88
654.91 10.18
657.17 17.84
653.34 24.98
658.22 33.70
667.10 26.55
665.19 16.45
670.76 18.02
674.07 28.82
684.18 34.39
680.17 41.88
670.24 36.48
671.46 45.02
662.23 48.33
664.49 58.96
641.14 50.94
700.90 40.67
693.94 34.92
699.68 31.61
704.56 29.51
685.92 20.98
689.75 20.11
688.36 12.61
684.88 11.92
719.37 35.26
717.11 23.94
721.99 19.23
719.90 16.10
735.75 14.36
736.62 29.17
741.50 31.95
745.16 31.26
750.39 31.95
724.25 28.64
732.79 38.75
727.04 40.49
739.76 43.63
750.39 59.48
760.14 38.23
766.76 28.47
763.80 10.70
767.98 10.18
773.56 9.65
752.48 16.45
782.97 47.11
793.77 52.51
804.57 37.01
798.65 34.39
789.41 33.17
809.10 51.64
808.23 55.65
830.18 47.63
835.58 25.16
830.36 1.46
845.86 5.65
873.57 16.45
909.63 6.86
897.96 23.07
881.58 48.85
854.75 52.86
964.34 17.75
972.70 3.12
938.55 19.84
590.93 66.07
428.53 21.86
446.43 14.45
534.92 20.58
299.82 596.49
356.76 87.38
358.04 79.89
328.08 76.57
339.21 81.39
321.98 114.78
315.23 98.30
393.47 77.64
416.16 62.23
415.73 40.34
405.08 37.88
393.90 35.85
424.67 22.98
435.80 23.35
412.89 22.28
410.54 22.02
516.12 47.46
510.12 47.57
502.10 39.65
496.32 53.78
511.94 55.59
467.42 55.38
597.88 52.38
648.40 79.78
657.39 63.30
686.61 73.25
654.93 44.46
659.74 42.00
628.71 93.59
559.03 104.29
600.02 306.03
569.63 252.95
634.70 270.93
645.83 202.00
784.53 249.52
756.28 152.34
424.83 308.81
-183.92 536.56
