72.21 526.93
83.36 448.88
214.38 383.37
250.62 352.70
359.33 458.63
214.38 227.26
299.40 299.74
272.92 242.59
323.10 274.65
304.98 223.08
328.67 203.56
383.03 299.74
468.05 223.08
472.23 161.75
608.83 213.32
79.18 204.96
59.66 136.66
102.87 142.23
178.14 167.32
162.80 142.23
201.83 145.02
239.47 147.81
256.19 132.48
278.49 126.90
328.67 174.29
357.94 147.81
338.43 100.42
317.52 100.42
364.91 103.21
391.39 153.38
384.42 124.11
406.72 83.69
444.36 85.09
479.20 99.02
469.45 90.66
512.66 107.39
550.29 87.87
579.56 76.72
611.62 125.51
594.89 125.51
4.90 36.82
8.90 19.58
11.34 24.28
17.09 40.14
17.79 52.51
35.73 50.41
48.10 43.79
58.38 41.70
24.93 22.19
19.88 20.27
38.17 22.02
43.75 18.36
50.19 18.01
77.08 23.58
85.27 41.88
88.23 27.94
95.73 37.35
86.84 21.32
100.78 24.80
97.12 12.43
101.48 12.43
117.16 20.62
126.22 23.58
138.59 16.27
149.74 10.86
148.17 17.49
157.06 17.49
144.68 34.04
127.96 73.76
145.73 83.52
164.20 76.90
160.71 60.17
167.68 54.94
185.45 56.69
188.24 53.20
189.98 45.54
175.00 32.29
168.03 30.90
186.50 10.69
197.65 65.40
207.06 51.81
220.65 67.14
215.77 76.90
209.85 90.14
164.90 6.86
196.26 4.07
207.76 23.23
214.03 6.86
218.56 19.75
218.21 29.51
223.44 32.64
218.21 40.66
211.59 40.66
206.71 4.77
216.38 7.47
226.57 9.30
229.53 5.99
238.16 4.16
243.73 4.16
232.93 15.57
239.12 14.52
243.91 17.66
252.18 8.77
245.04 1.54
259.33 2.94
276.14 0.32
287.99 0.15
334.42 3.02
361.77 3.24
374.75 1.33
380.42 0.72
386.95 3.24
428.16 5.20
411.78 5.20
421.71 14.09
423.63 28.72
414.91 30.12
409.69 26.28
406.55 25.06
396.79 34.47
391.92 46.67
384.60 34.82
372.05 47.71
367.35 12.87
354.28 6.94
344.18 39.35
340.17 32.90
329.19 26.81
245.04 79.51
253.06 66.27
249.57 56.51
272.22 49.89
244.34 34.91
233.54 23.41
234.59 31.77
268.04 91.01
271.18 76.72
291.73 69.75
296.96 58.95
306.72 75.33
293.82 92.06
333.55 58.60
337.73 49.89
380.59 71.84
407.77 57.91
431.12 40.14
478.16 34.91
471.54 34.56
468.75 26.55
490.01 26.20
499.76 17.49
518.93 40.48
426.94 154.43
565.27 39.79
544.71 15.74
533.56 8.77
561.09 8.08
593.73 25.50
583.97 24.80
468.46 1.02
459.23 4.33
461.49 14.96
438.14 6.94
547.39 15.48
579.97 3.11
590.77 8.51
606.10 7.64
605.23 11.65
387.93 22.07
96.82 552.49
153.76 43.38
155.04 35.89
125.08 32.57
136.21 37.39
118.98 70.78
112.23 54.30
190.47 33.64
213.16 18.23
313.12 3.46
307.12 3.57
293.32 9.78
308.94 11.59
264.42 11.38
394.88 8.38
445.40 35.78
454.39 19.30
483.61 29.25
451.93 0.46
425.71 49.59
356.03 60.29
397.02 262.03
366.63 208.95
431.70 226.93
442.83 158.00
581.53 205.52
553.28 108.34
221.83 264.81
