26.98 610.00
89.01 598.16
137.79 584.92
152.43 570.28
228.39 551.46
224.91 538.92
270.21 589.79
271.60 571.67
280.66 522.19
302.27 504.07
319.69 521.50
302.96 561.92
315.51 602.34
371.96 563.31
369.17 534.04
381.71 537.53
397.74 506.86
397.74 492.92
427.01 492.92
440.95 481.07
11.65 437.17
5.79 320.09
20.77 310.68
32.27 313.82
51.43 319.04
39.94 343.09
41.33 361.55
38.54 352.15
51.78 373.75
43.07 378.98
6.48 383.16
17.63 425.67
36.10 422.53
55.96 414.87
65.37 413.13
86.63 413.13
92.20 394.66
108.58 404.41
123.22 404.41
132.28 391.52
155.27 388.73
163.99 403.02
175.83 381.76
159.46 355.63
136.11 350.40
121.13 363.99
104.75 359.11
88.02 362.95
67.46 357.72
78.79 345.18
74.61 350.75
98.30 308.24
118.16 307.89
117.12 314.51
132.80 319.04
135.24 341.00
141.51 339.95
192.39 357.02
184.02 321.13
174.61 314.51
192.73 317.65
150.83 358.59
223.92 376.54
214.86 353.54
206.15 320.09
206.85 308.94
231.24 360.16
248.66 343.09
246.57 350.40
248.66 365.04
261.21 352.15
274.45 360.86
267.48 339.95
270.96 317.65
267.13 275.83
273.05 282.80
259.46 285.94
247.96 284.20
299.30 258.06
116.71 339.25
290.42 316.95
289.02 339.60
293.90 355.63
285.89 374.10
307.84 344.13
303.31 321.48
328.75 273.74
348.96 271.30
344.08 278.62
342.69 288.38
349.66 293.95
340.60 304.06
325.26 313.47
325.26 338.21
324.22 350.06
327.70 361.21
338.16 343.43
355.23 353.89
372.65 340.30
374.74 351.45
392.86 366.08
398.44 339.25
382.76 324.27
395.65 321.48
381.02 307.19
379.62 295.70
380.67 282.45
373.70 257.71
397.39 276.18
414.47 289.07
402.97 305.45
404.71 316.60
413.77 317.65
394.26 315.91
400.88 317.65
419.96 328.97
422.05 337.51
435.29 322.70
445.05 320.44
439.47 315.91
447.31 310.68
424.31 311.20
423.27 283.33
442.96 295.17
442.26 273.57
453.58 293.95
450.97 271.83
468.04 269.74
487.56 282.98
483.55 303.19
469.79 313.29
478.15 314.51
463.34 317.82
454.98 337.68
518.40 316.08
508.81 307.19
488.60 292.56
491.91 288.55
493.31 281.76
501.15 283.50
502.37 291.34
506.55 299.01
525.19 302.66
532.16 298.31
518.57 290.64
521.36 287.16
526.93 281.23
533.38 281.23
542.61 279.84
541.39 262.77
528.68 257.02
514.91 261.90
517.87 271.83
507.94 265.55
508.64 251.27
483.03 256.67
518.40 249.87
529.90 249.53
537.39 247.43
529.37 272.00
550.28 294.13
546.45 286.11
529.37 279.32
551.50 259.28
562.48 259.11
560.39 290.47
567.88 286.64
577.81 281.06
582.34 284.89
513.34 255.62
542.70 217.29
512.73 216.25
508.20 238.90
523.54 234.72
526.32 234.72
501.50 237.85
545.92 247.96
541.74 244.65
556.20 241.86
560.39 238.37
562.13 225.66
564.39 229.49
571.88 225.83
575.54 231.93
580.94 233.32
592.09 230.36
595.06 223.74
603.42 224.96
607.08 233.50
598.37 249.53
578.51 246.39
585.47 241.51
597.67 266.95
544.18 240.64
555.07 231.23
595.93 252.49
594.01 289.95
583.91 228.79
588.70 222.17
584.43 271.13
540.00 235.06
448.85 507.56
472.55 488.04
479.51 495.71
528.30 465.05
540.84 482.47
529.00 505.47
553.39 537.53
545.72 547.28
522.72 538.22
568.72 536.83
603.57 537.53
133.15 234.48
138.03 237.27
223.75 242.15
496.07 248.42
