994.53 561.22
1017.52 531.95
929.02 610.00
866.99 598.16
858.63 627.43
821.69 637.88
820.99 623.25
818.21 584.92
803.57 570.28
727.61 551.46
731.09 538.92
729.00 627.43
685.79 589.79
684.40 571.67
675.34 522.19
653.73 504.07
636.31 521.50
653.04 561.92
640.49 602.34
584.04 563.31
586.83 534.04
574.29 537.53
558.26 506.86
558.26 492.92
528.99 492.92
515.05 481.07
564.53 634.40
527.59 632.31
516.44 619.76
971.53 437.17
967.35 432.29
944.35 437.17
1002.19 434.38
996.56 388.73
996.91 321.48
967.64 318.00
950.21 320.09
935.23 310.68
923.73 313.82
904.57 319.04
916.06 343.09
914.67 361.55
917.46 352.15
904.22 373.75
912.93 378.98
949.52 383.16
969.73 375.49
997.26 404.41
1014.33 395.70
1021.30 419.75
1021.65 432.64
938.37 425.67
919.90 422.53
900.04 414.87
890.63 413.13
869.37 413.13
863.80 394.66
847.42 404.41
832.78 404.41
823.72 391.52
800.73 388.73
792.01 403.02
780.17 381.76
796.54 355.63
819.89 350.40
834.87 363.99
851.25 359.11
867.98 362.95
888.54 357.72
877.21 345.18
881.39 350.75
857.70 308.24
837.84 307.89
838.88 314.51
823.20 319.04
820.76 341.00
814.49 339.95
763.61 357.02
771.98 321.13
781.39 314.51
763.27 317.65
805.17 358.59
732.08 376.54
741.14 353.54
749.85 320.09
749.15 308.94
724.76 360.16
707.34 343.09
709.43 350.40
707.34 365.04
694.79 352.15
681.55 360.86
688.52 339.95
685.04 317.65
688.87 275.83
682.95 282.80
696.54 285.94
708.04 284.20
656.70 258.06
839.29 339.25
665.58 316.95
666.98 339.60
662.10 355.63
670.11 374.10
648.16 344.13
652.69 321.48
627.25 273.74
607.04 271.30
611.92 278.62
613.31 288.38
606.34 293.95
615.40 304.06
630.74 313.47
630.74 338.21
631.78 350.06
628.30 361.21
617.84 343.43
600.77 353.89
583.35 340.30
581.26 351.45
563.14 366.08
557.56 339.25
573.24 324.27
560.35 321.48
574.98 307.19
576.38 295.70
575.33 282.45
582.30 257.71
558.61 276.18
541.53 289.07
553.03 305.45
551.29 316.60
542.23 317.65
561.74 315.91
555.12 317.65
536.04 328.97
533.95 337.51
520.71 322.70
510.95 320.44
516.53 315.91
508.69 310.68
531.69 311.20
532.73 283.33
513.04 295.17
513.74 273.57
502.42 293.95
505.03 271.83
487.96 269.74
468.44 282.98
472.45 303.19
486.21 313.29
477.85 314.51
492.66 317.82
501.02 337.68
437.60 316.08
447.19 307.19
467.40 292.56
464.09 288.55
462.69 281.76
454.85 283.50
453.63 291.34
449.45 299.01
430.81 302.66
423.84 298.31
437.43 290.64
434.64 287.16
429.07 281.23
422.62 281.23
413.39 279.84
414.61 262.77
427.32 257.02
441.09 261.90
438.13 271.83
448.06 265.55
447.36 251.27
472.97 256.67
437.60 249.87
426.10 249.53
418.61 247.43
426.63 272.00
405.72 294.13
409.55 286.11
426.63 279.32
404.50 259.28
393.52 259.11
395.61 290.47
388.12 286.64
378.19 281.06
373.66 284.89
442.66 255.62
413.30 217.29
443.27 216.25
447.80 238.90
432.46 234.72
429.68 234.72
454.50 237.85
410.08 247.96
414.26 244.65
399.80 241.86
395.61 238.37
393.87 225.66
391.61 229.49
384.12 225.83
380.46 231.93
375.06 233.32
363.91 230.36
360.94 223.74
352.58 224.96
348.92 233.50
357.63 249.53
377.49 246.39
370.53 241.51
358.33 266.95
411.82 240.64
400.93 231.23
360.07 252.49
361.99 289.95
332.20 243.78
326.62 243.78
336.03 231.23
317.39 226.18
305.02 226.53
297.00 234.54
292.12 230.19
298.57 230.88
331.85 230.01
372.09 228.79
367.30 222.17
371.57 271.13
416.00 235.06
993.25 657.51
936.10 674.24
883.14 663.09
853.87 663.09
746.54 657.51
507.15 507.56
483.45 488.04
476.49 495.71
427.70 465.05
415.16 482.47
427.00 505.47
402.61 537.53
410.28 547.28
433.28 538.22
387.28 536.83
352.43 537.53
324.56 536.13
336.41 537.53
388.67 633.70
261.14 471.32
275.08 469.23
214.45 508.95
188.66 511.74
178.90 580.04
188.66 637.18
233.26 617.67
189.36 497.10
205.39 487.35
211.66 445.53
197.72 435.78
206.78 432.29
201.90 400.23
190.05 383.51
164.09 475.15
159.22 465.39
137.26 450.76
108.34 429.15
97.54 426.37
83.25 459.47
79.42 470.27
73.15 501.29
92.31 535.78
74.89 545.54
144.23 412.78
149.81 400.23
165.84 421.14
173.50 431.25
181.52 413.13
189.88 404.07
182.21 395.70
179.43 385.60
178.73 375.14
173.85 369.22
156.78 383.51
152.59 390.82
142.84 380.72
133.08 386.99
112.87 418.70
75.93 373.75
87.08 373.40
123.67 384.55
130.64 372.36
117.05 366.08
166.82 622.55
166.82 600.25
143.83 591.19
107.59 561.22
41.38 489.44
52.53 474.80
29.53 422.53
20.47 416.96
36.50 415.57
59.91 395.01
37.60 391.52
26.45 388.39
12.17 387.69
12.17 376.54
22.97 377.58
2.41 377.58
10.42 408.25
29.94 366.43
15.30 361.21
37.26 358.07
25.41 349.71
56.07 354.58
58.86 368.52
62.34 349.36
75.93 346.92
96.84 348.31
102.77 353.54
111.13 358.42
124.72 363.64
120.54 351.80
127.51 350.75
132.04 343.43
139.70 357.02
163.05 353.54
176.99 361.90
144.93 340.30
142.84 328.80
130.29 334.03
116.36 338.90
101.72 341.00
99.98 329.84
50.85 343.43
22.27 331.24
5.20 344.48
9.38 330.54
28.89 329.15
173.15 252.14
126.81 268.17
127.85 315.21
139.00 321.83
122.28 317.65
115.66 313.47
101.37 306.85
94.75 292.21
96.84 278.97
100.33 272.00
72.45 323.92
77.68 326.36
73.49 319.04
61.30 299.88
50.85 299.88
19.83 305.45
23.67 318.35
12.51 314.86
4.15 321.48
5.89 306.15
5.55 284.20
3.45 277.23
7.98 271.65
15.30 280.71
20.53 287.33
30.98 285.59
26.80 277.92
37.95 279.32
79.10 266.25
73.70 271.48
73.35 262.59
74.57 255.45
64.81 264.68
66.73 259.46
58.89 255.80
54.71 258.06
52.27 256.15
48.26 255.62
48.78 249.35
46.69 265.90
47.91 274.44
50.53 278.97
51.92 291.69
15.33 258.76
9.76 259.80
11.85 266.43
2.26 255.62
18.99 264.68
22.47 255.27
40.07 253.36
35.02 254.23
37.28 259.80
31.19 257.89
26.48 255.27
28.22 252.49
28.40 243.95
12.02 244.12
3.66 244.65
13.24 251.27
39.55 247.61
40.07 268.52
28.40 260.68
26.66 272.17
82.41 239.94
69.69 264.68
19.86 239.07
132.99 213.81
120.45 213.81
107.38 213.98
98.15 217.47
87.17 205.79
73.06 217.47
85.60 229.66
155.64 203.18
147.28 204.23
142.93 194.12
149.37 199.17
181.43 192.55
104.59 204.40
90.83 204.23
100.41 193.77
101.11 188.02
91.18 192.20
89.96 182.80
71.14 190.11
74.80 191.68
73.93 205.45
76.54 212.41
81.42 217.82
83.69 219.38
129.51 203.88
134.91 190.98
121.67 196.56
117.31 201.96
121.67 190.46
80.90 189.42
186.83 193.07
190.66 188.72
183.17 186.28
178.99 186.45
174.81 184.36
170.63 181.58
174.98 180.70
191.71 175.83
182.47 172.17
186.83 180.70
192.06 182.45
170.10 177.74
169.23 173.04
165.57 177.22
167.67 181.58
164.53 187.15
202.95 663.09
258.70 674.24
250.34 703.51
235.00 743.93
204.34 713.26
189.01 695.14
412.02 736.96
392.51 762.05
342.33 753.68
379.96 763.44
515.16 725.81
488.68 707.69
452.44 692.36
451.05 664.48
409.23 653.33
822.85 234.48
817.97 237.27
732.25 242.15
304.52 175.25
314.98 182.91
287.80 174.20
281.52 171.41
261.66 167.23
256.43 170.37
257.83 226.82
261.31 227.51
459.93 248.42
250.86 225.07
209.39 198.59
199.29 203.12
198.24 192.32
212.53 188.14
203.47 188.14
200.68 185.00
205.56 178.03
212.18 178.38
206.95 166.19
298.60 182.56
154.34 175.25
154.69 167.93
163.40 165.49
200.33 163.05
196.15 172.81
227.86 154.69
234.48 154.69
122.71 171.06
104.94 153.99
106.16 170.54
112.09 170.54
151.64 165.49
158.95 162.88
154.95 158.69
28.20 195.80
30.29 201.73
37.95 201.03
41.79 196.50
57.12 202.43
52.94 188.49
59.91 189.18
65.83 189.53
57.12 195.80
53.98 198.94
66.87 199.99
66.87 210.44
49.45 209.05
64.09 227.51
52.24 231.70
66.18 222.64
65.48 217.06
60.25 217.06
77.33 240.41
29.44 226.99
26.13 222.46
30.84 221.76
10.63 230.82
31.71 216.71
21.78 220.72
16.55 219.67
41.99 210.61
38.33 197.20
34.15 197.90
29.44 219.67
3.66 206.96
2.26 211.14
5.40 217.41
0.17 238.32
7.32 197.72
87.64 157.65
69.34 163.22
65.86 163.22
52.44 157.65
60.63 156.08
46.34 156.95
40.25 159.04
36.41 158.87
26.31 159.22
20.73 160.96
19.16 163.22
100.36 167.58
75.93 152.94
78.72 153.99
10.08 182.56
25.76 216.71
190.23 164.79
183.61 165.84
98.24 153.64
93.36 153.64
100.33 156.08
133.43 171.06
136.22 170.37
139.70 170.37
12.17 162.00
11.12 159.57
2.76 167.58
172.22 165.14
178.85 171.06
169.09 163.75
143.30 166.19
145.04 174.90
145.74 168.62
141.21 159.22
117.87 151.90
119.26 155.38
123.09 152.94
124.49 152.94
127.27 152.60
138.08 155.38
