469.57 368.35
420.08 373.90
504.91 395.11
476.13 404.20
560.96 384.51
549.85 404.70
518.54 371.88
568.03 326.94
597.31 371.38
605.90 338.56
609.43 316.84
616.00 381.48
530.66 352.69
586.21 330.98
445.33 368.35
377.16 388.55
309.00 389.05
293.34 404.70
232.75 392.58
167.11 390.06
123.18 380.97
79.75 387.03
73.69 348.65
36.33 297.15
102.48 340.58
47.44 336.54
76.72 328.46
96.92 319.37
76.72 311.79
62.08 315.83
141.86 337.55
201.44 330.48
226.19 332.50
221.64 355.72
277.18 359.26
290.82 328.46
339.80 338.56
372.11 350.67
311.01 336.54
317.58 317.85
368.07 322.90
423.11 350.17
453.91 322.40
432.70 316.34
510.47 264.33
575.60 298.67
577.62 271.40
611.45 272.41
539.25 321.89
544.30 270.89
533.69 246.15
488.75 255.75
414.02 244.64
391.30 277.96
368.58 257.26
122.17 299.17
146.91 275.44
132.27 227.97
261.03 305.74
210.53 293.62
290.31 288.57
381.71 293.11
364.54 302.71
340.30 266.35
338.79 249.18
310.00 243.12
267.59 231.00
328.18 151.73
336.77 212.83
495.82 164.86
480.17 107.80
374.13 84.57
357.97 108.30
321.62 121.43
255.98 145.16
127.72 150.72
117.12 252.72
91.87 242.62
90.36 214.85
112.07 221.92
375.14 195.15
386.76 188.59
403.42 218.38
390.80 225.95
440.28 177.48
477.64 208.28
569.04 64.88
517.53 55.29
199.42 143.15
52.99 240.60
235.27 276.95
264.06 257.77
168.62 333.00
547.21 186.38
525.55 214.88
411.23 113.45
461.05 52.01
423.59 65.50
202.71 44.92
188.00 66.98
370.01 -13.55
256.02 85.73
262.64 72.86
270.36 64.04
220.72 91.62
290.59 92.35
340.96 86.84
403.11 12.19
361.55 14.40
554.60 128.02
556.81 141.99
539.16 156.33
311.91 54.48
429.58 35.76
443.00 34.84
510.48 45.14
390.97 62.79
399.06 72.72
388.03 83.93
343.72 20.32
315.22 22.71
613.71 146.50
558.55 210.66
540.90 125.91
474.90 186.03
466.26 170.77
463.13 187.50
566.83 193.01
601.76 99.38
584.29 43.30
566.27 36.50
557.63 38.34
463.87 18.30
442.36 77.50
528.22 80.81
519.76 30.43
419.01 7.82
313.48 80.62
288.29 56.72
181.84 22.71
266.78 36.87
307.41 17.38
207.85 239.80
192.04 230.24
228.81 260.39
427.37 104.85
382.51 -27.52
169.98 117.72
225.87 155.23
538.33 89.69
359.05 400.72
295.87 376.57
163.33 364.18
169.52 353.65
216.59 372.85
100.77 380.28
7.86 273.13
17.15 260.12
32.64 237.83
64.23 211.81
41.93 214.91
20.87 190.13
10.34 221.10
3.53 204.38
40.07 199.43
55.55 190.75
68.56 195.09
81.57 180.22
49.98 167.22
20.25 160.40
66.70 178.37
7.24 152.97
294.37 158.86
305.21 167.53
283.22 162.88
307.07 147.09
194.34 187.66
225.00 187.97
217.57 62.54
233.36 56.35
224.38 52.63
228.72 43.34
238.63 42.10
248.23 57.28
259.68 44.58
246.68 32.81
229.64 20.11
213.54 43.96
242.03 71.83
274.86 54.80
280.12 48.61
275.48 46.13
287.87 40.86
297.16 47.06
297.16 35.29
287.25 30.64
296.23 24.45
284.77 20.42
274.86 24.76
273.93 28.79
268.05 22.90
260.48 27.19
260.25 12.95
258.42 4.67
270.59 6.05
244.40 6.28
251.52 10.19
243.48 18.69
232.68 15.93
227.63 4.90
216.60 9.50
218.44 21.68
227.63 35.23
217.29 34.54
208.33 35.23
202.81 28.57
167.43 23.98
168.35 45.57
212.92 55.45
168.58 130.59
610.54 108.63
542.07 43.38
541.15 32.35
551.26 28.21
546.20 19.94
539.31 14.88
519.55 14.42
597.67 23.61
605.48 16.26
615.13 13.50
614.67 93.01
587.10 145.85
560.91 180.32
512.66 177.10
505.30 204.21
471.76 263.50
417.53 130.69
423.51 122.42
434.99 124.71
408.80 134.82
409.26 149.99
395.47 144.01
384.90 162.86
377.09 152.75
383.53 142.64
397.31 121.96
366.98 166.07
346.30 156.88
347.68 149.53
339.41 185.83
370.66 178.94
374.79 173.43
361.93 224.89
308.16 211.57
296.67 235.46
289.32 212.95
288.86 189.97
290.70 178.02
304.49 178.48
254.85 136.20
213.50 166.53
249.80 206.05
216.25 223.51
241.99 228.57
190.98 281.42
207.98 286.01
201.55 272.23
239.23 286.01
180.41 271.31
267.72 117.36
301.73 70.95
351.36 59.00
369.28 60.38
367.90 66.35
364.68 76.00
378.47 54.86
377.09 35.56
441.43 21.32
447.86 11.67
429.48 23.61
434.99 28.67
428.10 7.07
505.76 7.53
613.30 81.52
322.41 42.46
341.71 55.78
348.60 41.08
347.22 27.75
342.17 46.13
313.68 11.67
321.03 10.75
329.30 6.61
334.36 8.91
331.60 19.02
351.36 5.69
294.83 12.13
284.27 13.50
207.52 19.94
173.52 84.73
160.65 93.92
410.18 53.94
412.48 68.65
441.89 59.00
441.43 49.35
432.24 47.05
462.57 7.07
474.06 14.42
581.01 30.18
576.19 23.75
588.02 24.53
610.54 42.46
595.37 8.91
586.64 13.05
571.94 14.88
588.48 81.98
582.97 229.95
574.69 242.36
588.48 252.93
553.56 154.12
520.47 118.74
497.03 89.33
451.54 98.52
449.70 113.23
398.23 87.03
452.92 37.86
397.31 34.64
174.44 69.11
321.95 3.40
376.63 7.99
363.31 52.11
353.66 49.35
405.58 44.75
202.47 94.84
161.11 31.89
161.57 6.61
489.22 52.11
484.17 17.18
552.64 50.27
365.14 235.46
328.38 230.41
344.01 235.92
299.43 256.14
231.88 201.46
518.63 3.40
547.58 78.76
272.32 86.57
555.39 6.80
503.37 32.19
143.51 124.48
149.08 104.66
48.74 142.44
92.10 125.10
92.72 116.43
111.30 105.28
116.25 87.32
137.31 62.54
137.31 77.41
123.69 45.20
109.44 45.82
126.78 32.19
150.94 19.81
145.36 13.61
142.89 4.94
132.98 18.57
111.30 24.14
102.63 31.57
98.29 24.76
93.96 21.04
110.06 14.23
119.35 5.56
89.00 30.33
84.05 50.15
78.47 68.12
67.32 79.27
66.70 88.56
67.32 98.47
67.94 109.62
58.03 115.81
50.60 117.05
47.50 129.44
33.88 107.76
37.59 98.47
47.50 97.23
56.17 84.22
38.83 84.84
10.34 94.75
17.77 78.03
7.24 71.21
15.91 59.45
28.92 50.15
30.16 30.33
43.79 35.29
59.27 32.19
51.22 22.28
41.93 26.62
59.27 16.09
71.04 13.61
89.62 14.23
79.71 9.28
102.63 2.46
58.65 7.42
49.36 12.37
41.93 4.32
31.40 16.71
25.20 22.28
20.25 17.95
26.44 4.94
10.34 19.19
12.82 9.90
3.53 12.37
9.10 33.43
10.34 50.77
3.53 50.77
