14.43 293.35
63.92 298.90
38.67 293.35
106.84 313.55
175.00 314.05
251.25 317.58
316.89 315.06
282.56 255.48
257.81 257.50
262.36 280.72
206.82 284.26
193.18 253.46
144.20 263.56
111.89 275.67
172.99 261.54
166.42 242.85
115.93 247.90
60.89 275.17
30.09 247.40
51.30 241.34
69.98 169.64
92.70 202.96
115.42 182.26
222.97 230.74
273.47 218.62
193.69 213.57
102.29 218.11
119.46 227.71
143.70 191.35
145.21 174.18
174.00 168.12
216.41 156.00
155.82 76.73
147.23 137.83
3.83 32.80
109.87 9.57
126.03 33.30
162.38 46.43
228.02 70.16
108.86 120.15
97.24 113.59
80.58 143.38
93.20 150.95
43.72 102.48
6.36 133.28
284.58 68.15
248.73 201.95
219.94 182.77
315.38 258.00
72.77 38.45
227.98 10.73
263.28 16.62
193.41 17.35
143.04 11.84
95.97 8.93
9.10 111.03
17.74 95.77
20.87 112.50
41.64 2.50
170.52 5.62
276.15 164.80
291.96 155.24
255.19 185.39
56.63 29.85
314.02 42.72
258.13 80.23
124.95 325.72
188.13 301.57
320.67 289.18
314.48 278.65
267.41 297.85
189.63 83.86
178.79 92.53
200.78 87.88
176.93 72.09
289.66 112.66
259.00 112.97
315.42 55.59
12.24 188.50
66.47 55.69
60.49 47.42
49.01 49.71
75.20 59.82
74.74 74.99
88.53 69.01
99.10 87.86
106.91 77.75
100.47 67.64
86.69 46.96
117.02 91.07
137.70 81.88
136.32 74.53
144.59 110.83
113.34 103.94
109.21 98.43
122.07 149.89
175.84 136.57
187.33 160.46
194.68 137.95
195.14 114.97
193.30 103.02
179.51 103.48
229.15 61.20
270.50 91.53
234.20 131.05
267.75 148.51
242.01 153.57
293.02 206.42
276.02 211.01
282.45 197.23
244.77 211.01
303.59 196.31
216.28 42.36
119.32 1.00
310.48 9.73
323.35 18.92
32.46 23.52
34.30 38.23
85.77 12.03
281.53 19.84
118.86 160.46
155.62 155.41
139.99 160.92
184.57 181.14
252.12 126.46
211.68 11.57
