271.52 321.58
326.56 317.54
297.28 309.46
277.08 300.37
297.28 292.79
311.92 296.83
232.14 318.55
172.56 311.48
147.81 313.50
83.18 309.46
34.20 319.56
62.99 317.54
56.42 298.85
5.93 303.90
5.42 238.26
251.83 280.17
227.09 256.44
241.73 208.97
112.97 286.74
163.47 274.62
83.69 269.57
9.46 283.71
33.70 247.35
35.21 230.18
64.00 224.12
106.41 212.00
45.82 132.73
37.23 193.83
16.03 89.30
52.38 102.43
118.02 126.16
246.28 131.72
256.88 233.72
282.13 223.62
283.64 195.85
261.93 202.92
174.58 124.15
321.01 221.60
138.73 257.95
109.94 238.77
205.38 314.00
171.29 25.92
186.00 47.98
117.98 66.73
111.36 53.86
103.64 45.04
153.28 72.62
83.41 73.35
33.04 67.84
62.09 35.48
30.28 1.32
58.78 3.71
60.52 61.62
85.71 37.72
192.16 3.71
107.22 17.87
166.15 220.80
181.96 211.24
145.19 241.39
204.02 98.72
148.13 136.23
309.77 192.81
318.45 171.75
305.44 176.09
292.43 161.22
324.02 148.22
307.30 159.37
79.63 139.86
68.79 148.53
90.78 143.88
66.93 128.09
179.66 168.66
149.00 168.97
156.43 43.54
140.64 37.35
149.62 33.63
145.28 24.34
135.37 23.10
125.77 38.28
114.32 25.58
127.32 13.81
144.36 1.11
160.46 24.96
131.97 52.83
99.14 35.80
93.88 29.61
98.52 27.13
86.13 21.86
76.84 28.06
76.84 16.29
86.75 11.64
77.77 5.45
89.23 1.42
99.14 5.76
100.07 9.79
105.95 3.90
113.52 8.19
155.56 2.68
146.37 16.23
156.71 15.54
165.67 16.23
171.19 9.57
206.57 4.98
205.65 26.57
161.08 36.45
205.42 111.59
7.02 147.07
27.70 137.88
26.32 130.53
34.59 166.83
3.34 159.94
12.07 205.89
65.84 192.57
77.33 216.46
84.68 193.95
85.14 170.97
83.30 159.02
69.51 159.48
119.15 117.20
160.50 147.53
124.20 187.05
157.75 204.51
132.01 209.57
183.02 262.42
166.02 267.01
172.45 253.23
134.77 267.01
193.59 252.31
106.28 98.36
72.27 51.95
22.64 40.00
4.72 41.38
6.10 47.35
9.32 57.00
51.59 23.46
32.29 36.78
25.40 22.08
26.78 8.75
31.83 27.13
42.40 0.02
166.48 0.94
200.48 65.73
213.35 74.92
199.56 50.11
10.69 33.11
20.34 30.35
171.53 75.84
212.89 12.89
8.86 216.46
45.62 211.41
29.99 216.92
74.57 237.14
142.12 182.46
101.68 67.57
230.49 105.48
224.92 85.66
325.26 123.44
281.90 106.10
281.28 97.43
262.70 86.28
257.75 68.32
236.69 43.54
236.69 58.41
250.31 26.20
264.56 26.82
247.22 13.19
223.06 0.81
262.70 5.14
271.37 12.57
275.71 5.76
280.04 2.04
285.00 11.33
289.95 31.15
295.53 49.12
306.68 60.27
307.30 69.56
306.68 79.47
306.06 90.62
315.97 96.81
323.40 98.05
326.50 110.44
326.50 78.23
317.83 65.22
314.73 13.19
322.78 3.28
