286.56 304.48
261.81 306.50
197.18 302.46
148.20 312.56
115.89 324.67
176.99 310.54
170.42 291.85
119.93 296.90
64.89 324.17
34.09 296.40
55.30 290.34
73.98 218.64
96.70 251.96
119.42 231.26
226.97 279.74
277.47 267.62
197.69 262.57
106.29 267.11
123.46 276.71
147.70 240.35
149.21 223.18
178.00 217.12
220.41 205.00
159.82 125.73
151.23 186.83
7.83 81.80
113.87 58.57
130.03 82.30
166.38 95.43
232.02 119.16
112.86 169.15
101.24 162.59
84.58 192.38
97.20 199.95
47.72 151.48
10.36 182.28
288.58 117.15
252.73 250.95
223.94 231.77
319.38 307.00
76.77 87.45
26.95 26.01
64.41 39.50
285.29 18.92
300.00 40.98
231.98 59.73
225.36 46.86
217.64 38.04
267.28 65.62
197.41 66.35
147.04 60.84
176.09 28.48
58.42 9.76
45.00 8.84
97.03 36.79
88.94 46.72
99.97 57.93
13.10 160.03
21.74 144.77
24.87 161.50
45.64 51.50
174.52 54.62
199.71 30.72
221.22 10.87
280.15 213.80
295.96 204.24
259.19 234.39
60.63 78.85
318.02 91.72
262.13 129.23
193.63 132.86
182.79 141.53
204.78 136.88
180.93 121.09
293.66 161.66
263.00 161.97
270.43 36.54
254.64 30.35
263.62 26.63
259.28 17.34
249.37 16.10
239.77 31.28
228.32 18.58
241.32 6.81
274.46 17.96
245.97 45.83
213.14 28.80
207.88 22.61
212.52 20.13
200.13 14.86
190.84 21.06
190.84 9.29
200.75 4.64
214.07 2.79
227.52 1.19
260.37 9.23
270.71 8.54
279.67 9.23
285.19 2.57
319.65 19.57
275.08 29.45
319.42 104.59
16.24 237.50
70.47 104.69
64.49 96.42
53.01 98.71
79.20 108.82
78.74 123.99
92.53 118.01
103.10 136.86
110.91 126.75
104.47 116.64
90.69 95.96
121.02 140.07
141.70 130.88
140.32 123.53
148.59 159.83
117.34 152.94
113.21 147.43
126.07 198.89
179.84 185.57
191.33 209.46
198.68 186.95
199.14 163.97
197.30 152.02
183.51 152.48
233.15 110.20
274.50 140.53
238.20 180.05
271.75 197.51
246.01 202.57
297.02 255.42
280.02 260.01
286.45 246.23
248.77 260.01
307.59 245.31
220.28 91.36
186.27 44.95
136.64 33.00
118.72 34.38
120.10 40.35
123.32 50.00
109.53 28.86
110.91 9.56
53.01 2.67
165.59 16.46
146.29 29.78
139.40 15.08
140.78 1.75
145.83 20.13
314.48 58.73
77.82 27.94
75.52 42.65
46.11 33.00
46.57 23.35
55.76 21.05
36.46 72.52
38.30 87.23
89.77 61.03
35.08 11.86
90.69 8.64
313.56 43.11
124.69 26.11
134.34 23.35
82.42 18.75
285.53 68.84
326.89 5.89
122.86 209.46
159.62 204.41
143.99 209.92
188.57 230.14
256.12 175.46
215.68 60.57
