-168.82 314.44
1129.00 264.62
-131.15 191.71
684.24 506.44
681.81 472.41
673.31 444.47
647.79 450.54
629.56 429.88
627.13 484.57
582.17 448.11
583.38 435.96
537.21 427.45
555.43 408.01
515.33 410.44
494.67 427.45
512.90 428.67
505.61 465.12
515.33 487.00
518.98 514.95
966.17 671.71
974.67 733.68
1001.41 619.45
928.50 602.44
1007.48 541.68
1014.77 487.00
1014.77 421.38
995.33 418.95
933.36 386.14
954.02 397.07
933.36 410.44
881.10 476.06
858.02 479.71
958.88 459.05
944.29 499.15
792.40 617.02
861.66 610.95
919.99 552.62
768.09 576.92
734.07 665.63
715.84 624.31
765.66 665.63
676.95 705.73
612.55 720.31
555.43 716.67
531.13 697.23
593.10 671.71
606.47 646.19
528.70 655.91
481.31 705.73
458.22 687.50
563.94 533.17
584.60 552.62
607.69 542.90
650.22 521.02
639.28 540.47
765.66 507.66
455.79 557.48
466.72 530.74
486.17 499.15
471.59 487.00
455.79 495.50
420.55 504.01
436.34 461.48
476.45 416.52
463.08 405.58
447.28 411.66
361.00 479.71
326.98 472.41
305.10 445.68
279.59 408.01
420.55 649.83
385.31 703.30
341.56 740.97
337.91 619.45
401.10 546.54
397.46 506.44
424.19 538.04
504.40 597.58
535.99 580.57
535.99 557.48
748.65 715.45
342.77 565.98
-119.00 258.54
442.42 339.96
447.28 353.33
484.95 363.05
497.10 354.54
520.19 327.81
543.28 370.34
521.41 359.40
91.23 675.35
117.96 634.04
139.84 585.43
149.56 614.59
179.94 608.52
222.47 617.02
239.48 585.43
217.61 556.26
285.66 552.62
348.85 517.38
68.14 467.55
-120.21 240.31
358.57 428.67
318.47 384.92
205.46 433.53
193.31 462.69
138.62 530.74
463.08 631.60
500.75 665.63
435.13 720.31
246.77 674.14
17.10 493.07
41.41 513.73
43.84 548.97
99.74 542.90
86.37 573.28
-132.36 189.28
170.22 391.00
205.46 339.96
179.94 301.07
165.36 219.66
104.60 225.73
80.29 222.09
37.76 241.53
49.91 265.83
11.03 273.12
23.18 356.97
19.53 335.10
65.71 346.04
24.40 401.93
42.62 369.12
52.34 387.35
565.15 203.55
589.46 201.12
976.50 188.97
510.47 199.30
526.27 205.98
720.70 210.24
695.79 212.67
562.12 258.24
455.18 267.35
395.64 284.36
432.09 210.24
429.66 203.55
735.89 297.12
709.76 300.77
697.00 282.54
753.51 210.24
741.36 219.96
611.94 206.59
606.47 210.24
625.91 205.38
661.76 205.38
673.31 207.81
715.23 262.49
701.26 258.24
683.64 249.73
563.94 251.55
573.05 248.52
517.15 220.57
706.72 199.30
738.93 252.77
743.79 236.97
467.94 291.05
429.66 262.49
418.12 252.77
360.40 268.57
398.07 219.96
385.31 203.55
398.07 203.55
594.93 267.35
612.55 289.83
582.17 214.49
573.66 271.00
572.45 303.20
594.32 298.34
587.64 281.33
667.23 261.28
497.71 210.85
497.10 267.96
491.03 285.58
480.70 288.62
488.60 302.59
504.40 289.23
545.71 206.59
540.24 206.59
554.22 212.67
566.37 229.07
548.14 229.07
516.55 232.72
496.50 224.21
486.77 205.38
372.55 294.09
372.55 269.78
720.70 229.68
638.07 285.58
631.99 274.04
472.19 384.62
461.86 382.19
446.07 381.58
437.56 386.44
583.38 376.11
605.86 365.17
684.85 301.38
678.17 309.88
690.32 292.26
720.70 296.52
754.12 314.14
751.69 336.01
679.38 396.16
644.75 372.47
492.85 399.81
489.21 385.23
502.57 394.34
512.90 380.36
533.56 387.05
649.61 399.81
467.33 224.82
483.13 229.68
475.84 228.47
483.74 249.73
466.12 244.26
525.66 252.77
406.57 326.29
393.21 313.53
370.12 318.39
418.72 292.26
443.03 296.52
432.70 312.31
449.10 328.72
472.19 306.85
483.13 337.83
506.22 319.60
665.41 295.30
362.22 188.36
474.02 186.54
453.36 184.72
634.42 210.24
584.60 231.50
884.67 449.74
874.85 373.14
861.76 384.27
817.24 498.84
995.97 388.85
991.39 338.44
959.96 328.62
921.33 308.98
923.30 331.89
899.73 313.56
878.78 308.32
857.17 304.40
839.50 288.03
835.57 310.94
828.37 333.86
855.21 348.26
893.84 352.19
908.24 367.25
968.47 371.83
1007.76 357.43
1007.10 331.24
1007.76 304.40
1016.27 279.52
939.01 278.86
907.59 202.26
898.42 202.92
931.15 207.50
966.51 206.84
988.11 206.84
1013.65 212.74
916.75 240.23
918.72 225.18
941.63 228.45
878.12 252.02
850.63 227.80
859.14 206.84
869.61 204.88
882.05 204.88
893.84 210.12
901.04 293.27
868.96 279.52
852.59 271.66
842.77 257.26
965.85 302.43
961.27 286.06
960.62 276.24
977.64 281.48
988.11 324.04
992.04 287.37
904.31 259.88
901.69 223.21
896.46 221.25
879.43 223.21
933.77 241.54
752.42 288.03
751.77 253.33
841.46 425.52
851.94 398.02
840.15 370.52
979.53 478.49
244.34 408.01
233.41 356.97
224.90 352.11
262.57 309.58
260.14 280.41
223.69 292.57
322.12 199.00
340.34 213.58
351.28 216.01
656.29 653.48
618.62 606.09
339.13 676.57
370.72 661.98
318.47 648.62
290.52 593.93
290.52 625.53
415.69 614.59
399.89 583.00
465.51 593.93
196.77 356.77
190.29 342.18
218.65 318.27
208.93 306.11
244.18 305.30
278.22 349.07
255.93 346.63
296.05 323.94
298.89 300.44
295.64 280.58
309.02 291.12
295.24 379.46
128.29 299.63
136.80 318.27
137.20 346.23
118.56 380.27
127.88 369.73
141.25 407.42
195.15 392.83
224.73 389.59
234.86 330.43
295.24 400.93
223.92 420.79
166.78 465.37
166.78 432.95
184.21 405.80
103.57 401.75
76.42 374.60
64.26 452.80
123.83 466.58
108.43 455.64
306.82 198.36
315.61 191.09
209.92 189.88
247.47 194.12
229.30 192.00
271.09 202.90
256.55 199.27
280.18 210.47
289.26 198.36
280.78 185.64
295.62 190.49
381.63 210.17
372.54 194.42
377.39 201.39
386.77 288.91
365.27 281.94
351.64 291.63
321.06 280.13
336.20 256.81
21.96 188.06
131.33 200.21
104.60 185.63
831.28 205.07
217.61 697.23
203.03 659.55
158.07 687.50
190.88 714.24
105.81 705.73
147.13 647.40
210.32 523.45
252.85 487.00
267.43 439.60
309.96 418.95
339.13 418.95
378.02 386.14
364.65 369.12
359.79 354.54
350.07 343.60
421.76 346.04
413.26 367.91
410.83 387.35
415.69 411.66
425.41 422.59
453.36 427.45
375.59 454.19
354.93 444.47
345.21 367.91
52.34 418.95
71.79 420.16
15.89 435.96
7.38 531.96
62.07 602.44
34.12 711.81
30.47 654.69
28.04 580.57
17.10 644.97
159.28 722.74
969.81 510.09
565.15 654.69
573.66 617.02
170.22 518.59
177.51 493.07
148.34 479.71
625.91 361.83
636.85 322.95
133.76 505.23
564.88 480.99
393.02 438.02
390.97 413.47
389.95 399.15
490.20 756.17
423.71 755.14
383.81 755.14
302.67 482.14
602.83 224.52
241.91 546.54
289.31 516.16
894.47 386.14
906.62 404.36
909.05 418.95
836.14 455.40
765.66 623.10
713.41 597.58
319.69 356.97
316.04 301.07
539.64 288.92
528.70 270.69
457.00 212.36
474.02 205.07
430.27 223.30
424.19 213.58
714.62 242.74
698.83 219.66
534.77 442.04
678.17 646.19
718.27 510.09
729.21 487.00
491.03 555.05
585.81 397.07
585.81 397.07
86.37 640.11
517.76 399.50
475.23 659.55
363.43 339.96
495.89 236.67
770.52 367.91
635.98 222.08
625.51 218.15
630.75 246.94
421.41 181.52
441.04 184.14
