1192.82 314.44
-105.00 264.62
1155.15 191.71
339.76 506.44
342.19 472.41
350.69 444.47
376.21 450.54
394.44 429.88
396.87 484.57
441.83 448.11
440.62 435.96
486.79 427.45
468.57 408.01
508.67 410.44
529.33 427.45
511.10 428.67
518.39 465.12
508.67 487.00
505.02 514.95
57.83 671.71
49.33 733.68
22.59 619.45
95.50 602.44
16.52 541.68
9.23 487.00
9.23 421.38
28.67 418.95
90.64 386.14
69.98 397.07
90.64 410.44
142.90 476.06
165.98 479.71
65.12 459.05
79.71 499.15
231.60 617.02
162.34 610.95
104.01 552.62
255.91 576.92
289.93 665.63
308.16 624.31
258.34 665.63
347.05 705.73
411.45 720.31
468.57 716.67
492.87 697.23
430.90 671.71
417.53 646.19
495.30 655.91
542.69 705.73
565.78 687.50
460.06 533.17
439.40 552.62
416.31 542.90
373.78 521.02
384.72 540.47
258.34 507.66
568.21 557.48
557.28 530.74
537.83 499.15
552.41 487.00
568.21 495.50
603.45 504.01
587.66 461.48
547.55 416.52
560.92 405.58
576.72 411.66
663.00 479.71
697.02 472.41
718.90 445.68
744.41 408.01
603.45 649.83
638.69 703.30
682.44 740.97
686.09 619.45
622.90 546.54
626.54 506.44
599.81 538.04
519.60 597.58
488.01 580.57
488.01 557.48
275.35 715.45
681.23 565.98
1143.00 258.54
581.58 339.96
576.72 353.33
539.05 363.05
526.90 354.54
503.81 327.81
480.72 370.34
502.59 359.40
932.77 675.35
906.04 634.04
884.16 585.43
874.44 614.59
844.06 608.52
801.53 617.02
784.52 585.43
806.39 556.26
738.34 552.62
675.15 517.38
955.86 467.55
1144.21 240.31
665.43 428.67
705.53 384.92
818.54 433.53
830.69 462.69
885.38 530.74
560.92 631.60
523.25 665.63
588.87 720.31
777.23 674.14
1006.90 493.07
982.59 513.73
980.16 548.97
924.26 542.90
937.63 573.28
1156.36 189.28
853.78 391.00
818.54 339.96
844.06 301.07
858.64 219.66
919.40 225.73
943.71 222.09
986.24 241.53
974.09 265.83
1012.97 273.12
1000.82 356.97
1004.47 335.10
958.29 346.04
999.60 401.93
981.38 369.12
971.66 387.35
458.85 203.55
434.54 201.12
47.50 188.97
513.53 199.30
497.73 205.98
303.30 210.24
328.21 212.67
461.88 258.24
568.82 267.35
628.36 284.36
591.91 210.24
594.34 203.55
288.11 297.12
314.24 300.77
327.00 282.54
270.49 210.24
282.64 219.96
412.06 206.59
417.53 210.24
398.09 205.38
362.24 205.38
350.69 207.81
308.77 262.49
322.74 258.24
340.36 249.73
460.06 251.55
450.95 248.52
506.85 220.57
317.28 199.30
285.07 252.77
280.21 236.97
556.06 291.05
594.34 262.49
605.88 252.77
663.60 268.57
625.93 219.96
638.69 203.55
625.93 203.55
429.07 267.35
411.45 289.83
441.83 214.49
450.34 271.00
451.55 303.20
429.68 298.34
436.36 281.33
356.77 261.28
526.29 210.85
526.90 267.96
532.97 285.58
543.30 288.62
535.40 302.59
519.60 289.23
478.29 206.59
483.76 206.59
469.78 212.67
457.63 229.07
475.86 229.07
507.45 232.72
527.50 224.21
537.23 205.38
651.45 294.09
651.45 269.78
303.30 229.68
385.93 285.58
392.01 274.04
551.81 384.62
562.14 382.19
577.93 381.58
586.44 386.44
440.62 376.11
418.14 365.17
339.15 301.38
345.83 309.88
333.68 292.26
303.30 296.52
269.88 314.14
272.31 336.01
344.62 396.16
379.25 372.47
531.15 399.81
534.79 385.23
521.43 394.34
511.10 380.36
490.44 387.05
374.39 399.81
556.67 224.82
540.87 229.68
548.16 228.47
540.26 249.73
557.88 244.26
498.34 252.77
617.43 326.29
630.79 313.53
653.88 318.39
605.28 292.26
580.97 296.52
591.30 312.31
574.90 328.72
551.81 306.85
540.87 337.83
517.78 319.60
358.59 295.30
661.78 188.36
549.98 186.54
570.64 184.72
389.58 210.24
439.40 231.50
139.33 449.74
149.15 373.14
162.24 384.27
206.76 498.84
28.03 388.85
32.61 338.44
64.04 328.62
102.67 308.98
100.70 331.89
124.27 313.56
145.22 308.32
166.83 304.40
184.50 288.03
188.43 310.94
195.63 333.86
168.79 348.26
130.16 352.19
115.76 367.25
55.53 371.83
16.24 357.43
16.90 331.24
16.24 304.40
7.73 279.52
84.99 278.86
116.41 202.26
125.58 202.92
92.85 207.50
57.49 206.84
35.89 206.84
10.35 212.74
107.25 240.23
105.28 225.18
82.37 228.45
145.88 252.02
173.37 227.80
164.86 206.84
154.39 204.88
141.95 204.88
130.16 210.12
122.96 293.27
155.04 279.52
171.41 271.66
181.23 257.26
58.15 302.43
62.73 286.06
63.38 276.24
46.36 281.48
35.89 324.04
31.96 287.37
119.69 259.88
122.31 223.21
127.54 221.25
144.57 223.21
90.23 241.54
271.58 288.03
272.23 253.33
182.54 425.52
172.06 398.02
183.85 370.52
44.47 478.49
779.66 408.01
790.59 356.97
799.10 352.11
761.43 309.58
763.86 280.41
800.31 292.57
701.88 199.00
683.66 213.58
672.72 216.01
367.71 653.48
405.38 606.09
684.87 676.57
653.28 661.98
705.53 648.62
733.48 593.93
733.48 625.53
608.31 614.59
624.11 583.00
558.49 593.93
827.23 356.77
833.71 342.18
805.35 318.27
815.07 306.11
779.82 305.30
745.78 349.07
768.07 346.63
727.95 323.94
725.11 300.44
728.36 280.58
714.98 291.12
728.76 379.46
895.71 299.63
887.20 318.27
886.80 346.23
905.44 380.27
896.12 369.73
882.75 407.42
828.85 392.83
799.27 389.59
789.14 330.43
728.76 400.93
800.08 420.79
857.22 465.37
857.22 432.95
839.79 405.80
920.43 401.75
947.58 374.60
959.74 452.80
900.17 466.58
915.57 455.64
717.18 198.36
708.39 191.09
814.08 189.88
776.53 194.12
794.70 192.00
752.91 202.90
767.45 199.27
743.82 210.47
734.74 198.36
743.22 185.64
728.38 190.49
642.37 210.17
651.46 194.42
646.61 201.39
637.23 288.91
658.73 281.94
672.36 291.63
702.94 280.13
687.80 256.81
1002.04 188.06
892.67 200.21
919.40 185.63
192.72 205.07
806.39 697.23
820.97 659.55
865.93 687.50
833.12 714.24
918.19 705.73
876.87 647.40
813.68 523.45
771.15 487.00
756.57 439.60
714.04 418.95
684.87 418.95
645.98 386.14
659.35 369.12
664.21 354.54
673.93 343.60
602.24 346.04
610.74 367.91
613.17 387.35
608.31 411.66
598.59 422.59
570.64 427.45
648.41 454.19
669.07 444.47
678.79 367.91
971.66 418.95
952.21 420.16
1008.11 435.96
1016.62 531.96
961.93 602.44
989.88 711.81
993.53 654.69
995.96 580.57
1006.90 644.97
864.72 722.74
54.19 510.09
458.85 654.69
450.34 617.02
853.78 518.59
846.49 493.07
875.66 479.71
398.09 361.83
387.15 322.95
890.24 505.23
459.12 480.99
630.98 438.02
633.03 413.47
634.05 399.15
533.80 756.17
600.29 755.14
640.19 755.14
721.33 482.14
421.17 224.52
782.09 546.54
734.69 516.16
129.53 386.14
117.38 404.36
114.95 418.95
187.86 455.40
258.34 623.10
310.59 597.58
704.31 356.97
707.96 301.07
484.36 288.92
495.30 270.69
567.00 212.36
549.98 205.07
593.73 223.30
599.81 213.58
309.38 242.74
325.17 219.66
489.23 442.04
345.83 646.19
305.73 510.09
294.79 487.00
532.97 555.05
438.19 397.07
438.19 397.07
937.63 640.11
506.24 399.50
548.77 659.55
660.57 339.96
528.11 236.67
253.48 367.91
388.02 222.08
398.49 218.15
393.25 246.94
602.59 181.52
582.96 184.14
