0.35 167.48
19.99 181.76
22.37 185.92
4.52 206.75
34.27 210.91
56.88 194.25
62.83 213.89
97.34 202.58
124.71 209.13
122.93 201.39
122.93 201.39
153.28 194.25
134.24 184.73
136.62 177.59
106.86 178.78
85.44 169.86
81.28 194.25
69.38 180.57
48.55 168.07
36.65 163.31
16.42 147.84
100.91 2.65
67.59 143.67
39.62 144.27
12.25 130.58
26.53 126.42
16.42 119.28
19.99 106.78
9.87 94.29
0.95 90.71
10.47 85.95
15.82 82.38
5.71 69.89
0.35 71.08
9.28 63.94
15.23 59.77
19.99 69.29
23.56 69.29
28.91 78.22
36.65 82.38
37.84 93.10
62.24 106.78
62.24 95.48
62.24 134.75
72.35 112.14
75.92 120.47
90.80 136.53
97.34 157.95
67.59 157.36
108.65 134.15
30.10 58.58
38.43 54.42
29.51 53.23
31.29 47.28
45.57 46.09
47.36 40.14
56.29 38.95
52.71 30.62
65.81 22.29
64.02 24.07
59.26 47.28
72.35 53.82
47.36 62.75
36.65 68.10
51.52 72.27
44.38 68.10
56.29 75.84
73.54 69.29
64.62 68.10
83.06 66.32
89.01 74.65
92.58 69.29
89.01 53.23
102.70 35.97
69.38 35.97
75.92 24.67
84.25 21.10
91.99 22.29
102.70 22.29
104.48 16.93
100.91 15.14
87.23 11.57
84.25 13.95
115.79 24.07
115.19 18.12
120.55 19.90
128.88 21.10
134.83 23.48
133.64 18.12
139.59 19.31
149.11 27.64
150.90 23.48
151.49 19.31
168.15 23.48
157.44 24.67
94.96 78.22
108.05 75.84
101.51 71.08
103.29 53.23
109.24 56.80
95.56 59.77
93.77 49.66
121.74 60.96
116.38 48.47
128.29 51.44
121.74 38.95
117.57 37.16
114.60 32.40
132.45 28.83
138.40 33.59
146.14 34.78
147.33 40.14
82.47 83.57
63.43 83.57
82.47 94.29
100.32 88.33
99.13 96.07
81.28 105.00
96.75 107.97
116.98 113.92
94.37 119.28
115.79 102.62
105.67 104.40
121.14 81.79
123.52 72.27
134.83 74.05
140.78 78.22
133.05 93.10
133.05 98.45
136.02 105.00
150.30 87.74
155.66 103.21
162.80 76.43
177.67 80.00
180.65 78.81
180.05 91.90
181.24 96.07
191.95 97.26
144.35 61.56
139.00 59.77
160.42 59.77
167.56 56.80
176.48 57.99
181.84 62.15
180.65 53.82
159.82 43.11
171.72 51.44
181.84 33.59
180.65 35.97
199.10 29.43
181.84 19.31
191.36 15.14
168.75 12.76
162.80 5.62
155.06 6.81
143.76 7.41
169.94 1.46
175.89 0.27
186.00 2.65
205.64 5.62
197.90 8.00
210.40 3.84
206.83 18.12
206.24 12.76
215.16 16.93
215.76 38.95
207.43 35.97
105.67 149.62
116.98 143.67
124.12 151.41
122.33 161.52
138.40 127.61
124.71 132.96
124.71 123.44
141.38 112.14
147.33 115.11
155.66 132.96
163.99 118.09
155.06 117.49
177.08 119.28
177.08 132.37
188.98 137.13
196.71 130.58
203.26 125.82
218.73 130.58
210.40 100.83
219.92 94.29
177.67 153.79
172.32 170.45
141.38 147.24
152.68 163.31
214.57 82.38
211.59 73.46
203.86 62.75
190.17 57.39
197.31 45.49
206.24 51.44
222.90 4.43
