612.15 409.18
590.58 411.75
566.96 413.80
551.81 410.47
529.47 413.29
503.02 412.52
474.26 412.52
451.92 412.52
487.35 404.56
515.34 398.14
540.00 399.94
604.45 397.63
585.70 403.28
593.67 383.50
614.47 381.96
614.72 367.84
597.77 369.38
578.26 384.02
594.18 360.39
609.07 358.08
582.11 359.62
581.34 349.35
595.21 343.44
604.45 343.70
616.78 345.50
563.88 355.77
553.86 360.65
577.23 342.67
587.50 338.31
587.50 329.32
601.37 331.37
614.21 329.06
608.56 321.87
595.98 324.44
599.31 317.51
617.29 315.45
605.48 310.57
588.53 316.99
588.79 309.03
597.26 308.78
603.17 301.84
611.38 302.87
618.83 303.13
613.70 298.25
618.32 295.68
602.91 293.88
610.61 289.26
596.75 298.76
592.38 302.10
581.60 295.94
581.08 287.21
565.16 286.18
568.24 294.14
575.43 300.82
579.03 306.47
566.19 303.90
574.15 311.34
578.51 315.71
578.51 327.27
567.99 317.25
569.78 326.24
566.45 333.43
558.74 325.47
557.20 314.43
555.66 309.03
553.86 299.28
549.24 309.80
541.28 307.49
550.01 320.85
548.21 332.40
538.97 326.24
539.23 341.65
547.19 351.66
562.85 343.70
554.38 336.51
555.15 380.16
572.35 370.41
542.82 371.18
523.05 376.83
532.04 364.76
505.33 374.00
518.43 362.19
515.09 357.31
526.90 357.82
520.99 347.55
517.14 337.54
507.38 344.47
512.01 332.40
504.82 321.10
521.25 319.30
529.47 316.99
532.55 311.86
524.33 311.86
513.03 312.89
518.17 306.21
526.64 305.44
533.32 304.67
538.97 299.28
539.48 294.40
526.39 292.09
520.22 300.30
504.30 294.14
513.29 300.82
508.92 303.90
498.65 295.68
503.79 309.03
495.57 304.41
486.33 303.13
496.86 316.22
488.12 314.17
477.60 309.55
478.11 302.10
479.91 319.82
494.29 329.32
482.22 328.55
498.91 337.54
485.81 342.93
495.06 351.15
486.58 352.94
487.10 370.92
475.03 366.81
477.34 387.35
458.85 392.75
426.50 407.90
447.81 401.22
464.24 381.70
449.61 371.95
464.24 359.11
457.05 353.97
471.69 342.67
459.88 339.33
462.70 327.01
468.87 322.13
464.76 311.60
466.04 304.41
457.05 303.90
448.07 303.90
455.26 314.43
439.59 306.72
438.31 312.63
438.56 322.39
446.01 327.27
451.40 332.40
439.33 336.25
440.88 353.46
450.63 348.32
448.58 358.08
439.33 362.96
430.35 379.14
412.63 405.33
404.15 415.09
388.75 411.75
373.08 406.87
368.46 395.57
396.96 378.62
416.22 379.14
407.75 397.11
396.96 396.86
408.26 374.77
415.71 366.04
427.27 360.65
404.41 360.39
397.48 356.54
393.37 363.73
419.56 347.04
404.15 342.16
421.62 335.74
429.06 342.42
432.14 330.35
423.41 322.39
410.06 328.29
402.36 328.81
396.45 344.47
387.46 343.19
423.67 312.63
423.67 305.95
430.60 299.79
409.55 300.05
403.13 300.05
390.80 300.30
392.09 309.80
400.82 309.80
398.50 306.47
410.06 312.37
404.67 319.56
395.17 320.59
387.46 322.13
385.41 311.34
376.42 317.25
381.81 327.27
376.42 336.77
368.97 325.21
366.41 319.05
370.26 317.76
368.97 309.80
356.65 319.05
357.16 310.57
366.66 336.25
352.54 332.14
356.90 340.88
363.84 350.38
374.37 350.38
378.99 361.42
376.93 373.74
366.41 363.99
347.66 395.57
351.26 374.51
352.80 359.11
348.69 346.01
348.94 316.48
348.69 309.80
600.86 285.41
594.69 275.14
610.36 275.65
455.51 235.85
440.88 236.36
424.95 233.54
468.71 196.94
452.28 195.40
591.10 221.47
592.12 217.10
617.80 218.39
614.98 220.95
610.10 218.90
608.05 220.18
603.17 217.10
599.57 219.93
583.65 223.01
583.14 259.22
607.53 284.38
609.59 282.07
602.40 280.79
600.60 279.76
603.42 277.45
331.07 414.06
338.52 406.61
279.97 409.44
307.45 404.82
326.70 401.22
329.27 389.15
317.46 376.06
331.07 365.78
331.84 349.09
340.31 345.75
338.00 333.94
344.17 329.58
345.96 321.36
331.84 325.21
340.06 316.99
342.88 308.26
330.04 308.26
323.88 305.70
311.81 295.94
315.66 303.64
319.26 308.78
324.91 313.66
332.87 314.68
323.88 323.41
321.83 328.81
321.83 342.67
309.50 352.17
301.54 371.18
297.69 387.61
254.80 405.07
264.56 393.00
282.28 388.90
280.48 376.31
300.77 355.51
295.38 340.62
311.30 335.74
310.01 331.12
300.77 324.18
291.01 320.33
302.31 314.68
310.78 310.83
302.57 308.01
298.97 300.82
300.51 295.68
288.70 299.53
291.78 309.80
281.77 315.45
275.86 313.40
278.94 321.36
270.21 320.85
269.44 331.63
274.83 347.81
229.90 408.41
237.86 396.09
208.58 408.92
193.94 407.64
213.72 394.03
201.90 387.35
227.07 380.42
212.69 374.77
188.55 377.34
196.77 369.38
221.16 363.22
236.57 368.87
247.87 374.26
230.67 360.39
244.53 361.42
260.97 373.49
246.07 350.89
232.72 351.15
263.02 348.07
258.91 339.33
269.44 342.16
239.91 341.13
248.64 336.77
256.34 330.86
264.56 323.67
285.88 306.98
279.46 303.38
225.79 344.98
205.50 358.85
209.87 351.66
189.58 357.31
193.17 351.15
205.50 347.81
194.20 342.16
201.90 341.13
206.27 331.63
190.09 331.89
217.57 338.56
214.49 329.58
197.80 327.78
227.07 332.66
235.29 334.20
246.07 326.50
224.76 322.90
232.46 318.53
254.03 318.79
241.71 316.22
239.40 314.17
248.64 310.57
257.89 311.86
259.94 306.98
267.64 302.87
263.79 292.86
276.37 292.86
270.72 285.92
279.46 285.15
278.69 281.04
253.52 300.30
249.41 305.70
241.19 303.38
233.23 304.41
223.99 312.89
213.46 318.53
203.96 318.02
192.66 324.18
194.20 316.99
193.43 310.32
189.32 315.20
202.16 309.29
212.95 305.70
208.07 312.63
221.93 304.67
192.40 301.84
202.68 301.59
212.69 299.28
208.84 293.88
222.19 294.65
216.54 290.80
212.95 286.44
228.87 297.22
235.80 298.76
246.07 297.99
256.09 296.19
247.61 291.57
239.40 291.06
236.06 286.69
247.61 286.44
256.60 284.64
255.83 275.91
240.94 280.53
230.41 280.27
230.15 290.80
223.22 287.98
220.39 285.92
217.06 280.53
225.53 278.48
231.44 275.65
244.02 263.32
210.12 271.80
207.04 282.33
199.34 281.56
194.97 281.04
206.78 277.70
199.85 276.42
197.03 276.16
192.15 274.62
176.07 410.72
179.41 399.94
149.88 398.40
143.46 412.26
120.60 409.95
98.52 408.92
70.79 411.24
60.51 400.19
45.62 393.77
71.81 388.90
31.50 392.49
79.52 403.28
90.82 395.06
108.02 393.26
121.89 390.69
131.65 388.38
151.93 380.68
165.54 378.37
177.35 377.34
160.66 365.53
174.79 358.08
182.23 342.93
168.11 350.63
169.39 342.42
177.87 336.77
159.38 348.32
149.62 353.46
136.78 370.15
126.00 373.49
115.21 373.49
101.60 373.49
87.48 377.34
56.66 370.41
37.92 378.11
46.65 367.07
40.23 355.51
102.63 360.13
122.91 362.45
134.73 349.35
126.00 350.63
111.36 350.38
99.03 343.70
88.50 351.40
71.81 349.35
62.06 353.97
53.07 348.07
46.13 338.05
31.24 337.79
65.39 340.10
81.06 337.54
94.92 334.20
90.30 327.78
104.43 328.81
110.33 337.54
122.14 339.08
141.92 335.74
149.36 341.39
157.32 332.91
170.68 327.78
183.52 326.24
175.04 315.97
166.57 319.30
157.07 323.16
152.96 318.02
144.23 325.47
132.93 327.78
159.38 315.71
164.77 310.06
157.07 307.75
173.25 305.70
179.92 300.82
188.14 293.63
197.13 291.83
203.29 288.75
177.87 276.42
189.94 279.25
183.52 286.44
175.04 282.58
168.11 278.22
162.20 274.88
153.47 272.57
167.34 296.71
157.32 297.73
150.39 302.10
139.61 303.90
137.81 316.48
148.08 310.57
139.61 295.68
136.27 292.34
129.59 291.57
126.00 291.57
118.55 293.37
120.60 301.33
131.90 303.13
133.19 297.22
130.36 316.22
133.19 309.03
127.28 308.26
119.32 312.11
113.16 306.47
109.30 301.84
101.09 303.13
91.59 301.07
86.71 307.24
97.75 308.26
104.94 311.34
110.59 316.74
112.13 325.47
124.46 322.13
101.86 318.02
95.95 323.16
89.28 319.82
83.63 317.51
78.75 325.72
77.98 318.53
66.93 333.17
57.43 328.55
65.39 323.16
56.15 337.54
40.49 330.35
36.63 325.72
32.01 319.30
35.86 317.25
46.90 316.22
57.18 315.45
64.62 314.43
72.33 312.63
66.42 306.21
55.38 308.01
63.60 298.50
61.54 305.95
41.51 302.87
33.81 312.63
49.22 300.56
79.26 302.61
80.29 295.42
44.08 286.95
51.53 276.93
86.71 265.38
91.84 264.87
81.57 263.07
75.41 260.50
103.66 269.74
144.74 291.83
150.65 287.72
151.16 282.07
162.46 288.23
172.99 291.31
161.18 281.30
142.17 277.45
131.65 275.14
137.55 285.15
127.54 281.81
122.14 283.61
117.01 288.23
110.85 284.90
104.68 281.04
103.40 277.19
90.05 277.70
111.10 293.37
102.37 290.80
95.70 284.38
92.61 282.58
102.11 295.42
95.18 291.83
85.68 289.26
79.52 284.38
84.14 281.56
72.07 281.56
76.44 275.39
71.81 297.99
69.25 292.60
65.39 287.98
62.06 281.30
59.49 276.42
66.16 274.88
120.09 278.22
114.70 276.93
112.39 271.03
123.69 269.74
116.24 269.74
143.20 271.03
139.61 272.06
134.73 272.83
44.34 264.61
273.58 269.82
276.67 273.53
271.10 274.15
266.76 267.34
259.33 268.58
249.42 269.20
248.18 272.92
243.85 272.92
236.41 271.68
228.98 269.82
225.88 266.72
224.03 264.86
219.07 266.72
215.35 268.58
201.11 271.06
193.68 271.06
186.24 274.15
176.95 269.20
172.62 269.20
165.18 269.20
160.23 267.96
154.65 264.24
146.60 264.86
137.93 262.39
132.36 258.67
29.54 367.68
21.49 376.35
14.06 406.08
7.24 381.93
11.58 362.11
24.58 351.58
16.53 337.95
6.62 329.90
18.39 310.08
25.82 298.31
30.16 305.12
35.11 295.21
35.73 285.30
40.69 274.15
33.26 277.25
56.17 286.54
58.03 295.83
50.60 290.26
35.11 269.82
27.06 272.30
23.35 277.25
27.06 285.30
20.87 287.78
15.29 297.69
21.49 269.20
19.63 256.19
17.15 240.09
616.71 262.39
608.66 266.10
