7.85 409.18
29.42 411.75
53.04 413.80
68.19 410.47
90.53 413.29
116.98 412.52
145.74 412.52
168.08 412.52
132.65 404.56
104.66 398.14
80.00 399.94
15.55 397.63
34.30 403.28
26.33 383.50
5.53 381.96
5.28 367.84
22.23 369.38
41.74 384.02
25.82 360.39
10.93 358.08
37.89 359.62
38.66 349.35
24.79 343.44
15.55 343.70
3.22 345.50
56.12 355.77
66.14 360.65
42.77 342.67
32.50 338.31
32.50 329.32
18.63 331.37
5.79 329.06
11.44 321.87
24.02 324.44
20.69 317.51
2.71 315.45
14.52 310.57
31.47 316.99
31.21 309.03
22.74 308.78
16.83 301.84
8.62 302.87
1.17 303.13
6.30 298.25
1.68 295.68
17.09 293.88
9.39 289.26
23.25 298.76
27.62 302.10
38.40 295.94
38.92 287.21
54.84 286.18
51.76 294.14
44.57 300.82
40.97 306.47
53.81 303.90
45.85 311.34
41.49 315.71
41.49 327.27
52.01 317.25
50.22 326.24
53.55 333.43
61.26 325.47
62.80 314.43
64.34 309.03
66.14 299.28
70.76 309.80
78.72 307.49
69.99 320.85
71.79 332.40
81.03 326.24
80.77 341.65
72.81 351.66
57.15 343.70
65.62 336.51
64.85 380.16
47.65 370.41
77.18 371.18
96.95 376.83
87.96 364.76
114.67 374.00
101.57 362.19
104.91 357.31
93.10 357.82
99.01 347.55
102.86 337.54
112.62 344.47
107.99 332.40
115.18 321.10
98.75 319.30
90.53 316.99
87.45 311.86
95.67 311.86
106.97 312.89
101.83 306.21
93.36 305.44
86.68 304.67
81.03 299.28
80.52 294.40
93.61 292.09
99.78 300.30
115.70 294.14
106.71 300.82
111.08 303.90
121.35 295.68
116.21 309.03
124.43 304.41
133.67 303.13
123.14 316.22
131.88 314.17
142.40 309.55
141.89 302.10
140.09 319.82
125.71 329.32
137.78 328.55
121.09 337.54
134.19 342.93
124.94 351.15
133.42 352.94
132.90 370.92
144.97 366.81
142.66 387.35
161.15 392.75
193.50 407.90
172.19 401.22
155.76 381.70
170.39 371.95
155.76 359.11
162.95 353.97
148.31 342.67
160.12 339.33
157.30 327.01
151.13 322.13
155.24 311.60
153.96 304.41
162.95 303.90
171.93 303.90
164.74 314.43
180.41 306.72
181.69 312.63
181.44 322.39
173.99 327.27
168.60 332.40
180.67 336.25
179.12 353.46
169.37 348.32
171.42 358.08
180.67 362.96
189.65 379.14
207.37 405.33
215.85 415.09
231.25 411.75
246.92 406.87
251.54 395.57
223.04 378.62
203.78 379.14
212.25 397.11
223.04 396.86
211.74 374.77
204.29 366.04
192.73 360.65
215.59 360.39
222.52 356.54
226.63 363.73
200.44 347.04
215.85 342.16
198.38 335.74
190.94 342.42
187.86 330.35
196.59 322.39
209.94 328.29
217.64 328.81
223.55 344.47
232.54 343.19
196.33 312.63
196.33 305.95
189.40 299.79
210.45 300.05
216.87 300.05
229.20 300.30
227.91 309.80
219.18 309.80
221.50 306.47
209.94 312.37
215.33 319.56
224.83 320.59
232.54 322.13
234.59 311.34
243.58 317.25
238.19 327.27
243.58 336.77
251.03 325.21
253.59 319.05
249.74 317.76
251.03 309.80
263.35 319.05
262.84 310.57
253.34 336.25
267.46 332.14
263.10 340.88
256.16 350.38
245.63 350.38
241.01 361.42
243.07 373.74
253.59 363.99
272.34 395.57
268.74 374.51
267.20 359.11
271.31 346.01
271.06 316.48
271.31 309.80
19.14 285.41
25.31 275.14
9.64 275.65
164.49 235.85
179.12 236.36
195.05 233.54
151.29 196.94
167.72 195.40
28.90 221.47
27.88 217.10
2.20 218.39
5.02 220.95
9.90 218.90
11.95 220.18
16.83 217.10
20.43 219.93
36.35 223.01
36.86 259.22
12.47 284.38
10.41 282.07
17.60 280.79
19.40 279.76
16.58 277.45
288.93 414.06
281.48 406.61
340.03 409.44
312.55 404.82
293.30 401.22
290.73 389.15
302.54 376.06
288.93 365.78
288.16 349.09
279.69 345.75
282.00 333.94
275.83 329.58
274.04 321.36
288.16 325.21
279.94 316.99
277.12 308.26
289.96 308.26
296.12 305.70
308.19 295.94
304.34 303.64
300.74 308.78
295.09 313.66
287.13 314.68
296.12 323.41
298.17 328.81
298.17 342.67
310.50 352.17
318.46 371.18
322.31 387.61
365.20 405.07
355.44 393.00
337.72 388.90
339.52 376.31
319.23 355.51
324.62 340.62
308.70 335.74
309.99 331.12
319.23 324.18
328.99 320.33
317.69 314.68
309.22 310.83
317.43 308.01
321.03 300.82
319.49 295.68
331.30 299.53
328.22 309.80
338.23 315.45
344.14 313.40
341.06 321.36
349.79 320.85
350.56 331.63
345.17 347.81
390.10 408.41
382.14 396.09
411.42 408.92
426.06 407.64
406.28 394.03
418.10 387.35
392.93 380.42
407.31 374.77
431.45 377.34
423.23 369.38
398.84 363.22
383.43 368.87
372.13 374.26
389.33 360.39
375.47 361.42
359.03 373.49
373.93 350.89
387.28 351.15
356.98 348.07
361.09 339.33
350.56 342.16
380.09 341.13
371.36 336.77
363.66 330.86
355.44 323.67
334.12 306.98
340.54 303.38
394.21 344.98
414.50 358.85
410.13 351.66
430.42 357.31
426.83 351.15
414.50 347.81
425.80 342.16
418.10 341.13
413.73 331.63
429.91 331.89
402.43 338.56
405.51 329.58
422.20 327.78
392.93 332.66
384.71 334.20
373.93 326.50
395.24 322.90
387.54 318.53
365.97 318.79
378.29 316.22
380.60 314.17
371.36 310.57
362.11 311.86
360.06 306.98
352.36 302.87
356.21 292.86
343.63 292.86
349.28 285.92
340.54 285.15
341.31 281.04
366.48 300.30
370.59 305.70
378.81 303.38
386.77 304.41
396.01 312.89
406.54 318.53
416.04 318.02
427.34 324.18
425.80 316.99
426.57 310.32
430.68 315.20
417.84 309.29
407.05 305.70
411.93 312.63
398.07 304.67
427.60 301.84
417.32 301.59
407.31 299.28
411.16 293.88
397.81 294.65
403.46 290.80
407.05 286.44
391.13 297.22
384.20 298.76
373.93 297.99
363.91 296.19
372.39 291.57
380.60 291.06
383.94 286.69
372.39 286.44
363.40 284.64
364.17 275.91
379.06 280.53
389.59 280.27
389.85 290.80
396.78 287.98
399.61 285.92
402.94 280.53
394.47 278.48
388.56 275.65
375.98 263.32
409.88 271.80
412.96 282.33
420.66 281.56
425.03 281.04
413.22 277.70
420.15 276.42
422.97 276.16
427.85 274.62
443.93 410.72
440.59 399.94
470.12 398.40
476.54 412.26
499.40 409.95
521.48 408.92
549.21 411.24
559.49 400.19
574.38 393.77
548.19 388.90
588.50 392.49
540.48 403.28
529.18 395.06
511.98 393.26
498.11 390.69
488.35 388.38
468.07 380.68
454.46 378.37
442.65 377.34
459.34 365.53
445.21 358.08
437.77 342.93
451.89 350.63
450.61 342.42
442.13 336.77
460.62 348.32
470.38 353.46
483.22 370.15
494.00 373.49
504.79 373.49
518.40 373.49
532.52 377.34
563.34 370.41
582.08 378.11
573.35 367.07
579.77 355.51
517.37 360.13
497.09 362.45
485.27 349.35
494.00 350.63
508.64 350.38
520.97 343.70
531.50 351.40
548.19 349.35
557.94 353.97
566.93 348.07
573.87 338.05
588.76 337.79
554.61 340.10
538.94 337.54
525.08 334.20
529.70 327.78
515.57 328.81
509.67 337.54
497.86 339.08
478.08 335.74
470.64 341.39
462.68 332.91
449.32 327.78
436.48 326.24
444.96 315.97
453.43 319.30
462.93 323.16
467.04 318.02
475.77 325.47
487.07 327.78
460.62 315.71
455.23 310.06
462.93 307.75
446.75 305.70
440.08 300.82
431.86 293.63
422.87 291.83
416.71 288.75
442.13 276.42
430.06 279.25
436.48 286.44
444.96 282.58
451.89 278.22
457.80 274.88
466.53 272.57
452.66 296.71
462.68 297.73
469.61 302.10
480.39 303.90
482.19 316.48
471.92 310.57
480.39 295.68
483.73 292.34
490.41 291.57
494.00 291.57
501.45 293.37
499.40 301.33
488.10 303.13
486.81 297.22
489.64 316.22
486.81 309.03
492.72 308.26
500.68 312.11
506.84 306.47
510.70 301.84
518.91 303.13
528.41 301.07
533.29 307.24
522.25 308.26
515.06 311.34
509.41 316.74
507.87 325.47
495.54 322.13
518.14 318.02
524.05 323.16
530.72 319.82
536.37 317.51
541.25 325.72
542.02 318.53
553.07 333.17
562.57 328.55
554.61 323.16
563.85 337.54
579.51 330.35
583.37 325.72
587.99 319.30
584.14 317.25
573.10 316.22
562.82 315.45
555.38 314.43
547.67 312.63
553.58 306.21
564.62 308.01
556.40 298.50
558.46 305.95
578.49 302.87
586.19 312.63
570.78 300.56
540.74 302.61
539.71 295.42
575.92 286.95
568.47 276.93
533.29 265.38
528.16 264.87
538.43 263.07
544.59 260.50
516.34 269.74
475.26 291.83
469.35 287.72
468.84 282.07
457.54 288.23
447.01 291.31
458.82 281.30
477.83 277.45
488.35 275.14
482.45 285.15
492.46 281.81
497.86 283.61
502.99 288.23
509.15 284.90
515.32 281.04
516.60 277.19
529.95 277.70
508.90 293.37
517.63 290.80
524.30 284.38
527.39 282.58
517.89 295.42
524.82 291.83
534.32 289.26
540.48 284.38
535.86 281.56
547.93 281.56
543.56 275.39
548.19 297.99
550.75 292.60
554.61 287.98
557.94 281.30
560.51 276.42
553.84 274.88
499.91 278.22
505.30 276.93
507.61 271.03
496.31 269.74
503.76 269.74
476.80 271.03
480.39 272.06
485.27 272.83
575.66 264.61
346.42 269.82
343.33 273.53
348.90 274.15
353.24 267.34
360.67 268.58
370.58 269.20
371.82 272.92
376.15 272.92
383.59 271.68
391.02 269.82
394.12 266.72
395.97 264.86
400.93 266.72
404.65 268.58
418.89 271.06
426.32 271.06
433.76 274.15
443.05 269.20
447.38 269.20
454.82 269.20
459.77 267.96
465.35 264.24
473.40 264.86
482.07 262.39
487.64 258.67
590.46 367.68
598.51 376.35
605.94 406.08
612.76 381.93
608.42 362.11
595.42 351.58
603.47 337.95
613.38 329.90
601.61 310.08
594.18 298.31
589.84 305.12
584.89 295.21
584.27 285.30
579.31 274.15
586.74 277.25
563.83 286.54
561.97 295.83
569.40 290.26
584.89 269.82
592.94 272.30
596.65 277.25
592.94 285.30
599.13 287.78
604.71 297.69
598.51 269.20
600.37 256.19
602.85 240.09
3.29 262.39
11.34 266.10
