5.08 290.52
20.86 297.82
24.95 292.56
29.92 294.32
26.99 285.84
35.76 285.26
20.56 316.53
36.05 321.50
24.95 343.12
1.28 331.14
12.67 249.02
20.27 241.13
31.96 249.31
38.10 246.10
34.88 237.04
22.32 227.69
12.67 225.35
7.71 234.41
8.29 238.50
10.04 242.01
2.15 252.53
8.58 259.25
16.18 259.83
14.14 270.06
24.95 266.26
62.65 245.51
60.02 372.35
47.45 371.18
38.68 365.62
20.86 374.98
15.01 391.93
9.75 400.69
31.09 400.69
31.67 359.19
11.51 359.49
3.03 370.59
0.11 362.12
2.74 354.81
11.51 327.93
32.25 333.19
46.28 329.68
53.88 329.68
57.68 332.31
67.32 344.29
56.51 347.50
49.20 350.43
83.98 339.61
67.03 321.20
74.92 313.31
5.66 312.73
35.76 304.84
43.94 296.36
59.72 295.19
53.00 301.04
50.37 280.29
42.77 277.37
10.04 289.93
14.43 286.14
4.49 275.91
29.33 263.05
37.22 268.31
47.45 270.35
52.71 260.42
57.09 253.99
54.17 239.96
49.20 234.99
105.61 320.62
126.94 350.14
60.31 365.33
156.16 354.81
145.35 364.45
176.03 342.24
176.91 324.42
164.35 318.57
150.32 333.77
158.21 329.68
140.38 329.09
134.54 325.29
122.56 332.02
125.77 317.99
130.74 315.94
146.52 314.77
152.07 313.31
156.45 294.32
159.67 277.66
98.01 313.90
116.42 312.14
108.53 311.27
105.61 306.88
116.13 304.84
152.95 305.42
130.45 306.88
89.53 277.66
78.43 269.19
94.50 266.56
97.13 269.19
102.98 274.74
128.69 270.94
148.56 278.83
8.00 185.61
27.87 182.98
15.89 171.58
21.73 167.78
29.92 167.49
10.34 168.66
40.14 175.08
45.99 181.81
47.74 192.91
29.92 190.87
50.66 179.47
61.77 185.61
72.29 180.93
76.97 185.02
1.86 159.89
31.67 159.60
21.44 160.47
43.65 158.43
54.46 161.06
57.97 151.71
93.04 168.36
83.98 164.56
98.30 182.39
116.42 255.74
114.66 247.56
157.33 239.67
169.90 243.76
156.45 258.37
145.35 256.91
1.57 141.19
9.46 141.19
30.21 138.26
28.75 147.32
36.93 146.15
36.64 151.41
43.36 146.45
14.43 151.41
5.08 156.09
93.33 302.21
26.70 227.10
111.45 322.66
27.87 156.97
72.29 146.45
8.58 427.38
16.47 421.82
17.35 441.11
22.03 465.66
28.75 462.15
19.69 456.31
41.90 468.87
71.12 457.77
78.72 466.24
62.06 444.62
41.90 432.05
17.64 412.18
42.19 378.28
72.58 423.87
78.43 404.00
48.33 325.39
19.98 485.82
100.93 492.55
92.75 486.12
107.36 472.09
108.82 422.41
79.60 432.64
173.11 445.79
203.51 409.55
252.60 435.27
269.26 433.81
275.10 441.99
261.66 463.61
285.62 472.09
276.27 484.07
301.70 419.19
320.40 407.21
324.78 419.78
338.81 425.33
306.96 473.26
312.22 408.09
317.48 354.03
330.34 347.89
247.34 334.45
235.36 328.31
225.13 327.72
233.61 299.38
213.15 309.31
269.26 324.51
261.95 312.82
252.31 302.30
249.09 300.84
300.24 317.79
318.94 341.46
317.77 334.74
328.29 328.02
340.27 313.40
356.05 472.09
287.67 430.01
245.30 459.82
175.74 482.03
62.35 453.68
302.28 241.42
339.69 229.73
338.81 223.89
350.21 214.83
370.96 225.93
378.56 218.63
399.30 228.27
404.86 216.87
417.13 220.38
437.30 225.35
396.97 190.57
394.92 180.05
376.51 179.18
401.06 170.99
409.24 168.66
414.79 170.99
323.03 335.23
216.07 280.29
225.13 278.83
237.70 266.26
329.46 276.20
337.35 270.94
334.43 284.09
346.99 291.40
320.11 296.36
321.28 290.52
306.37 311.56
272.47 231.49
278.32 216.58
267.51 212.78
292.64 218.63
280.07 205.19
312.51 211.03
303.74 210.74
322.74 250.48
337.35 213.08
323.61 210.74
337.64 190.57
343.49 194.37
352.25 202.56
324.78 203.14
335.30 203.14
316.60 170.99
308.71 188.53
277.15 184.44
366.28 129.50
370.08 113.13
405.44 126.28
406.32 122.19
410.41 139.43
397.26 143.23
408.66 97.35
399.60 104.36
228.35 212.20
222.50 212.49
219.87 214.24
226.01 211.03
148.56 265.09
126.35 265.68
154.12 280.29
173.70 314.48
222.50 313.02
224.84 333.77
234.48 336.11
218.70 181.22
201.17 201.09
235.94 246.68
22.61 107.58
4.20 122.19
2.45 119.56
40.73 132.71
30.79 131.25
18.52 134.46
13.84 133.29
10.63 131.83
4.49 130.08
60.02 177.42
99.47 190.87
328.00 166.90
377.09 161.64
413.92 258.08
414.21 308.93
434.08 301.33
414.50 326.46
348.75 338.15
43.36 106.41
17.35 247.27
52.42 128.91
1.86 101.73
1.28 109.33
16.18 105.53
12.67 103.19
282.12 156.97
201.75 217.46
165.51 221.84
25.53 253.11
276.27 159.01
11.80 234.32
11.21 61.90
17.06 66.28
262.39 346.48
288.69 402.59
284.60 411.94
247.78 397.33
239.60 416.03
175.30 376.87
307.40 220.82
35.61 65.93
24.36 221.55
119.63 270.65
205.84 288.18
50.66 120.14
233.02 267.72
96.55 291.98
124.02 290.81
124.89 284.97
112.91 294.03
147.40 291.40
52.13 189.11
54.46 67.83
236.82 286.14
11.80 50.71
11.80 44.06
13.85 38.95
4.64 37.41
8.73 75.78
50.67 55.32
29.70 59.41
22.03 58.39
34.82 45.60
35.33 41.51
29.70 38.95
22.03 37.93
199.52 480.65
135.58 405.97
127.91 432.57
160.13 387.05
166.27 382.95
167.29 366.59
130.47 373.75
141.21 376.82
136.09 381.93
147.86 381.42
158.60 407.51
154.51 423.87
138.65 432.57
136.09 449.45
159.11 470.42
220.49 477.07
220.49 457.12
184.68 441.26
176.50 435.64
267.55 409.04
260.38 394.21
216.40 320.04
202.59 305.21
168.83 305.72
162.69 308.79
160.64 288.84
170.87 286.28
157.58 343.06
133.54 342.03
117.68 349.71
109.50 344.59
106.43 284.24
115.12 275.03
341.20 365.93
302.07 205.18
309.74 202.11
275.47 198.53
342.48 173.98
351.69 189.33
368.56 201.09
442.73 153.52
472.91 153.01
464.72 160.68
458.59 172.96
460.12 181.14
448.36 169.89
485.70 178.07
477.51 129.48
479.56 121.81
483.14 111.58
457.56 103.91
457.05 100.33
447.33 102.88
451.94 100.33
450.40 95.72
445.29 90.61
442.22 83.45
438.64 87.03
436.59 81.91
431.48 84.98
431.48 78.84
414.60 76.80
406.41 77.82
405.90 71.68
411.53 69.13
402.83 65.03
410.00 60.43
406.93 88.05
415.11 91.63
416.13 103.91
415.62 112.09
401.30 121.81
404.37 115.16
398.74 115.67
377.77 105.95
375.73 109.02
374.19 119.76
371.12 108.00
437.10 112.60
439.66 106.47
434.04 98.79
433.52 90.61
439.66 96.75
433.01 116.18
443.24 113.63
445.80 124.37
454.49 132.55
450.40 114.65
465.24 101.35
476.49 103.40
474.95 100.84
306.67 169.89
323.04 117.72
327.65 117.72
309.23 114.14
315.88 117.72
283.15 98.79
264.73 55.83
161.41 68.10
32.01 74.24
26.89 65.03
22.80 68.10
42.75 50.71
37.12 54.81
57.07 50.71
56.05 55.32
66.79 55.83
71.39 50.71
325.86 460.05
