5.66 407.60
14.72 399.13
29.04 402.93
39.85 397.96
27.87 377.79
19.10 385.39
6.24 380.71
4.20 365.81
17.93 366.40
44.24 355.29
28.45 332.79
56.80 337.46
79.60 306.19
80.18 315.84
88.07 319.05
85.44 331.03
95.09 311.16
105.61 318.47
109.99 327.24
117.00 329.87
125.77 348.28
118.17 353.24
100.64 349.45
97.42 357.92
89.24 355.87
95.38 372.24
101.51 371.07
111.74 365.23
108.53 399.42
64.11 401.76
74.63 404.68
56.51 384.51
75.51 369.03
69.66 367.27
25.53 361.14
121.97 313.21
118.76 306.78
119.05 302.10
128.11 295.09
136.87 296.26
145.64 296.26
105.31 305.32
97.72 291.00
104.73 289.54
109.99 292.17
114.66 290.12
126.94 284.57
98.59 275.51
93.92 273.17
114.66 278.14
120.80 276.97
123.43 268.79
114.66 271.42
107.94 269.08
132.78 267.03
135.12 274.05
131.91 257.39
135.71 259.14
130.15 276.97
145.64 273.46
142.72 282.52
155.29 266.45
164.93 273.46
158.21 292.46
158.50 285.74
154.41 281.94
166.98 282.82
166.39 295.09
170.19 297.14
173.11 293.04
146.81 300.64
152.07 296.84
177.50 288.08
197.08 301.52
185.97 296.26
181.00 300.93
170.19 304.15
145.64 312.04
142.43 319.93
158.50 323.14
212.86 308.82
216.95 303.56
221.92 305.32
218.99 296.84
227.76 296.26
212.56 327.53
228.05 332.50
216.95 354.12
193.28 342.14
180.71 352.66
174.87 342.72
147.40 366.98
157.92 366.40
166.68 364.93
140.38 405.56
147.40 413.15
163.47 400.59
101.51 397.08
133.08 366.98
147.98 355.29
132.78 328.40
145.64 332.79
144.77 290.41
173.11 285.45
204.67 260.02
212.27 252.13
223.96 260.31
230.10 257.10
226.88 248.04
214.32 238.69
204.67 236.35
199.71 245.41
200.29 249.50
202.04 253.01
189.48 235.47
185.39 243.95
187.43 255.93
194.15 263.53
200.58 270.25
208.18 270.83
206.14 281.06
216.95 277.26
254.65 256.51
252.02 383.35
239.45 382.18
230.68 376.62
212.86 385.98
207.01 402.93
201.75 411.69
223.09 411.69
223.67 370.19
203.51 370.49
195.03 381.59
192.11 373.12
194.74 365.81
187.14 369.90
174.28 392.99
165.51 383.64
203.51 338.93
224.25 344.19
238.28 340.68
245.88 340.68
249.68 343.31
259.32 355.29
248.51 358.50
241.20 361.43
275.98 350.61
259.03 332.20
266.92 324.31
185.39 317.30
197.66 323.73
227.76 315.84
235.94 307.36
251.72 306.19
245.00 312.04
242.37 291.29
234.77 288.37
174.87 329.57
167.85 324.31
202.04 300.93
206.43 297.14
196.49 286.91
184.22 278.14
176.91 281.35
183.93 289.54
221.33 274.05
229.22 279.31
239.45 281.35
244.71 271.42
249.09 264.99
246.17 250.96
241.20 245.99
297.61 331.62
318.94 361.14
252.31 376.33
348.16 365.81
337.35 375.45
368.03 353.24
368.91 335.42
356.35 329.57
342.32 344.77
350.21 340.68
332.38 340.09
326.54 336.29
314.56 343.02
317.77 328.99
322.74 326.94
338.52 325.77
344.07 324.31
348.45 305.32
351.67 288.66
290.01 324.90
308.42 323.14
300.53 322.27
297.61 317.88
308.13 315.84
344.95 316.42
322.45 317.88
281.53 288.66
270.43 280.19
286.50 277.56
289.13 280.19
294.98 285.74
320.69 281.94
340.56 289.83
179.83 260.02
176.33 240.73
165.81 236.64
156.45 239.86
154.70 235.18
141.55 235.47
150.90 245.99
135.41 248.04
117.30 260.90
101.81 257.39
125.48 255.93
153.82 253.01
174.57 200.40
188.31 200.70
200.00 196.61
219.87 193.98
150.90 200.99
166.39 199.53
161.42 192.81
150.61 193.98
143.89 192.81
135.71 193.10
163.76 189.01
176.91 189.30
191.52 186.67
207.89 182.58
213.73 178.78
221.92 178.49
202.34 179.66
232.14 186.08
237.99 192.81
239.74 203.91
221.92 201.87
242.66 190.47
253.77 196.61
264.29 191.93
268.97 196.02
184.51 174.98
190.65 163.87
193.86 170.89
182.17 167.67
169.90 167.97
167.27 165.34
159.96 166.50
150.61 179.66
145.35 177.32
164.93 178.78
172.24 181.12
177.20 179.95
160.25 186.67
223.67 170.60
213.44 171.47
235.65 169.43
246.46 172.06
249.97 162.71
285.04 179.36
275.98 175.56
290.30 193.39
308.42 266.74
306.66 258.56
122.85 173.52
127.82 181.12
134.54 175.56
138.92 179.95
154.41 168.26
349.33 250.67
361.90 254.76
348.45 269.37
337.35 267.91
79.30 224.95
86.32 223.20
94.50 224.37
91.29 218.82
90.12 206.25
79.60 215.60
77.55 200.70
88.07 187.84
96.84 185.21
105.31 195.44
121.68 186.67
110.28 186.67
108.24 187.25
108.53 175.56
105.02 177.03
116.71 178.19
120.22 163.00
126.65 163.58
132.49 162.71
131.32 168.26
140.97 162.71
138.63 166.50
145.35 165.34
151.78 158.61
157.04 161.24
162.59 158.61
167.56 157.15
174.57 151.89
182.17 153.35
189.19 156.28
193.57 152.19
201.46 152.19
222.21 149.26
220.75 158.32
228.93 157.15
228.64 162.41
235.36 157.45
206.43 162.41
197.08 167.09
150.61 149.26
127.52 157.45
131.61 154.82
123.43 157.45
122.26 153.65
126.94 146.93
119.05 146.93
143.01 156.28
114.08 168.26
106.48 169.14
96.84 163.58
103.85 161.24
93.33 174.10
97.42 169.72
99.18 180.24
102.68 184.62
73.75 177.03
79.89 181.99
83.40 174.98
72.58 183.75
62.94 181.41
58.85 181.41
62.06 167.97
68.49 169.43
56.22 169.14
73.17 153.94
78.72 163.00
76.67 161.54
79.60 160.08
84.86 155.98
95.38 151.89
102.68 154.82
109.11 152.19
94.21 158.61
85.73 146.93
91.29 147.22
97.72 145.76
112.33 147.51
131.61 147.22
184.22 179.95
69.08 224.08
58.26 224.37
55.34 217.94
66.15 211.80
53.59 200.70
60.89 191.35
61.48 204.79
54.46 156.28
50.08 155.69
53.88 153.06
50.96 165.34
47.16 158.91
43.36 163.58
45.40 153.35
50.08 183.45
41.61 178.49
42.19 171.77
44.24 186.38
43.36 215.31
36.93 221.74
33.72 216.48
26.70 215.02
24.07 219.69
22.03 224.66
22.90 229.34
31.38 206.54
20.56 205.96
27.29 200.40
33.72 195.44
15.89 209.17
285.33 313.21
31.38 212.39
29.33 184.04
24.36 169.72
16.47 175.86
7.12 182.58
0.11 225.54
10.92 224.95
5.08 219.11
47.45 201.87
13.26 182.29
2.74 192.81
38.39 163.00
40.44 155.69
36.93 150.14
13.84 151.31
18.81 165.63
12.97 162.71
3.61 174.10
4.49 163.00
3.61 147.22
25.53 154.82
218.70 238.10
303.45 333.66
20.86 172.35
82.81 235.47
146.52 239.86
4.49 154.52
219.87 167.97
264.29 157.45
1.42 452.17
6.54 447.73
37.81 417.63
52.13 417.92
42.48 430.78
35.76 428.15
29.04 438.96
19.10 438.38
38.39 455.62
50.08 450.36
66.15 445.10
81.93 440.42
67.32 427.56
73.46 422.89
98.30 437.21
66.45 476.08
104.73 423.77
112.03 420.26
154.70 431.66
190.94 440.42
200.58 438.38
208.47 432.82
209.35 452.11
185.68 458.25
183.93 478.41
214.03 476.66
220.75 473.15
211.69 467.31
233.90 479.87
263.12 468.77
270.72 477.24
254.06 455.62
233.90 443.05
209.64 423.18
169.61 431.36
129.57 428.73
115.25 450.94
101.22 464.09
90.70 468.77
93.62 485.72
113.50 486.30
107.07 483.97
132.20 474.61
141.26 466.72
78.43 467.31
74.34 350.71
234.19 389.28
81.06 429.61
149.15 310.38
145.35 488.93
145.64 476.66
156.16 475.78
264.58 434.87
270.43 415.00
240.33 336.39
141.55 443.05
149.15 446.27
24.07 370.58
181.30 312.42
299.36 483.09
300.82 433.41
271.60 443.64
365.11 456.79
395.51 420.55
444.60 446.27
461.26 444.81
467.10 452.99
453.66 474.61
477.62 483.09
439.34 345.45
427.36 339.31
417.13 338.72
425.61 310.38
405.15 320.31
461.26 335.51
453.95 323.82
444.31 313.30
441.09 311.84
492.24 328.79
479.67 441.01
437.30 470.82
254.35 464.68
408.07 291.29
417.13 289.83
429.70 277.26
464.47 242.49
470.32 227.58
459.51 223.78
484.64 229.63
472.07 216.19
469.15 195.44
420.35 223.20
414.50 223.49
411.87 225.24
418.01 222.03
340.56 276.09
318.35 276.68
346.12 291.29
365.70 325.48
414.50 324.02
416.84 344.77
426.48 347.11
410.70 192.22
393.17 212.09
427.94 257.68
214.61 118.58
196.20 133.19
194.45 130.56
187.72 136.99
185.68 130.56
179.54 127.35
176.03 126.76
178.66 138.45
232.73 143.71
222.79 142.25
210.52 145.46
205.84 144.29
202.63 142.83
196.49 141.08
252.02 188.42
291.47 201.87
235.36 117.41
209.35 258.27
190.65 193.10
244.42 139.91
178.66 117.41
186.26 111.56
193.86 112.73
189.77 117.41
193.28 120.33
180.42 122.67
208.18 116.53
204.67 114.19
474.12 167.97
393.75 228.46
357.51 232.84
217.53 264.11
468.27 170.01
28.75 160.57
31.67 155.89
1.57 133.98
26.99 143.03
36.05 145.37
48.03 140.99
41.61 132.51
38.10 133.10
48.03 136.90
54.17 131.05
49.50 126.67
54.46 123.16
50.08 118.78
55.05 117.61
45.40 119.07
50.66 111.47
43.07 111.47
89.53 233.04
111.74 253.21
104.14 252.04
170.19 248.53
203.80 245.32
72.29 112.35
67.61 124.04
69.37 128.72
58.85 134.27
60.02 117.90
60.89 145.66
68.49 139.24
74.34 142.16
82.23 138.65
69.08 147.42
88.36 134.85
86.90 120.82
83.98 119.95
88.36 115.56
98.30 118.19
98.01 124.33
103.56 113.52
105.31 117.90
116.13 122.58
104.44 135.44
120.51 126.67
124.02 119.36
126.35 112.93
123.43 107.67
119.34 110.01
115.25 114.69
138.34 124.62
136.00 129.88
141.26 121.99
120.80 140.11
113.50 140.11
119.34 134.85
114.96 136.90
108.24 129.01
148.56 139.82
147.98 130.18
133.95 136.02
149.15 124.33
147.40 112.06
153.24 112.06
142.43 106.21
98.01 107.09
106.48 75.53
80.77 74.07
91.58 72.90
89.82 68.81
80.47 67.93
67.32 63.55
56.51 72.61
53.88 60.92
5.37 77.87
6.24 67.64
30.21 58.29
89.53 50.69
136.00 77.87
139.80 70.27
129.86 68.81
150.32 62.96
164.35 66.76
150.61 68.22
140.97 59.45
132.49 58.87
119.63 54.49
111.74 54.49
106.19 55.07
101.22 49.52
110.87 49.52
119.63 49.81
133.37 49.81
141.26 49.81
162.88 59.75
123.14 82.25
126.94 86.05
131.03 88.68
140.67 88.68
87.19 83.71
203.21 72.90
209.06 77.28
19.98 116.44
16.77 124.62
1.28 122.58
8.87 120.82
1.28 109.43
35.47 112.06
32.55 121.41
31.38 129.30
37.22 124.33
34.30 118.19
40.14 119.36
26.99 126.08
24.66 109.43
28.16 148.00
55.34 104.17
63.23 103.00
86.61 105.63
164.93 85.17
52.71 212.82
454.39 357.48
480.69 413.59
476.60 422.94
439.78 408.33
431.60 427.03
132.93 398.40
83.83 386.12
367.30 387.87
158.06 416.51
173.84 421.77
227.61 76.93
216.36 232.55
311.63 281.65
397.84 299.18
89.24 126.47
242.66 131.14
425.02 278.72
288.55 302.98
316.02 301.81
316.89 295.97
304.91 305.03
339.40 302.40
244.13 200.11
131.91 200.11
246.46 78.83
428.82 297.14
191.82 74.74
190.65 64.22
203.80 61.71
203.80 55.06
205.85 49.95
196.64 48.41
186.41 47.90
174.14 59.16
170.04 55.06
160.33 48.93
152.65 50.97
180.27 83.20
172.09 88.82
188.46 86.26
200.73 86.78
167.49 99.56
242.67 66.32
221.70 70.41
214.03 69.39
226.82 56.60
227.33 52.51
221.70 49.95
214.03 48.93
391.52 491.65
327.58 416.97
319.91 443.57
352.13 398.05
358.27 393.95
359.29 377.59
322.47 384.75
333.21 387.82
328.09 392.93
339.86 392.42
350.60 418.51
346.51 434.87
330.65 443.57
328.09 460.45
351.11 481.42
412.49 488.07
412.49 468.12
376.68 452.26
368.50 446.64
459.55 420.04
452.38 405.21
408.40 331.04
394.59 316.21
360.83 316.72
354.69 319.79
352.64 299.84
362.87 297.28
349.58 354.06
325.54 353.03
309.68 360.71
301.50 355.59
298.43 295.24
307.12 286.03
467.47 209.53
475.15 109.79
456.73 66.83
353.41 79.10
224.01 85.24
218.89 76.03
214.80 79.10
234.75 61.71
229.12 65.81
249.07 61.71
248.05 66.32
258.79 66.83
263.39 61.71
