42.73 614.66
64.65 614.08
79.84 607.07
75.02 592.02
62.02 581.64
50.18 590.41
27.24 585.44
15.99 569.66
2.25 582.96
69.03 562.21
31.62 535.76
60.85 532.25
59.97 541.02
50.03 519.69
65.96 520.42
7.81 523.92
33.52 517.06
171.90 545.26
161.23 538.39
183.30 535.03
195.42 569.08
205.80 578.57
202.44 524.80
181.83 505.22
151.00 522.32
168.68 505.37
113.16 493.24
97.09 509.46
69.03 500.11
59.82 496.75
51.64 500.69
26.07 503.18
11.61 498.65
21.98 487.10
55.30 488.71
80.43 482.57
84.37 503.32
123.09 486.23
134.93 496.31
141.36 485.50
175.84 492.22
185.19 492.22
200.68 506.10
206.82 496.02
214.13 530.79
96.50 491.63
164.88 486.23
182.27 483.60
34.11 484.03
22.42 522.90
10.87 455.06
25.49 455.20
41.71 453.01
49.01 458.42
62.45 443.37
50.91 441.32
37.32 443.66
30.31 433.58
22.42 437.82
6.93 443.51
1.52 393.83
7.95 380.24
22.71 354.38
12.19 362.56
12.04 355.84
4.01 358.77
52.23 354.38
43.90 354.53
42.73 358.77
46.82 347.95
37.03 365.05
30.60 361.10
53.40 341.52
62.31 338.60
46.97 337.43
15.26 333.49
4.30 351.75
26.66 349.27
67.57 344.15
81.30 338.75
66.69 370.45
62.16 370.89
70.49 373.82
76.77 372.79
68.15 386.82
93.58 379.37
87.15 373.82
92.85 355.84
108.63 355.99
112.14 374.25
106.00 385.65
119.30 375.71
130.40 378.78
120.61 408.59
114.91 423.20
82.77 437.08
91.39 459.29
106.29 453.16
116.23 451.40
114.62 441.32
128.94 427.88
136.24 440.01
140.48 462.22
152.61 458.13
155.97 445.56
173.21 444.54
179.64 438.69
185.78 444.24
185.93 427.59
178.33 412.39
160.50 431.53
142.24 424.23
146.77 388.57
161.09 382.29
129.96 407.57
127.48 391.64
139.02 368.99
148.52 373.52
155.68 371.04
146.91 364.61
136.39 368.26
104.54 344.01
117.40 335.53
134.20 340.35
137.27 345.32
148.66 344.74
138.73 354.67
153.93 358.47
160.79 349.12
153.34 343.86
174.53 351.75
171.02 368.26
179.64 465.14
215.44 432.41
218.36 407.13
174.24 339.04
190.02 340.35
192.94 336.12
198.20 333.34
204.48 334.22
210.03 340.94
212.08 350.58
198.35 353.80
189.87 354.38
217.93 360.37
215.15 371.92
200.10 371.77
193.82 372.35
40.83 401.29
71.37 408.74
91.82 404.21
159.77 332.46
137.71 333.05
28.12 303.68
22.86 305.14
26.22 314.20
25.49 326.47
20.23 327.20
19.06 320.63
12.34 320.34
1.67 302.66
1.67 307.33
60.26 319.61
63.62 311.86
65.67 302.07
86.56 323.26
60.85 329.10
70.20 327.79
131.42 327.20
161.23 317.85
173.51 324.87
184.61 326.18
192.06 322.82
179.93 319.31
134.93 313.91
109.51 303.97
112.72 297.10
102.05 300.76
114.47 288.92
101.91 308.94
112.43 315.66
104.98 322.97
128.35 293.74
136.98 292.57
139.75 284.10
145.60 285.85
149.10 282.05
145.89 277.38
136.83 268.17
123.68 271.68
117.40 274.89
110.24 281.91
109.51 273.14
118.71 264.96
109.65 263.20
101.76 263.06
115.50 255.90
104.54 251.22
103.37 254.58
101.03 249.18
202.87 322.82
15.70 249.18
23.44 243.48
30.31 249.03
3.42 293.30
25.05 297.25
70.78 254.29
58.95 303.68
50.91 319.02
53.98 331.73
139.61 254.29
126.89 253.12
146.47 255.61
166.93 278.25
188.99 280.15
191.62 289.94
195.72 285.85
206.97 272.12
203.46 264.81
211.35 265.54
191.04 269.49
199.37 258.38
204.63 247.28
192.35 249.76
184.17 248.45
218.36 254.44
98.55 319.90
129.82 263.06
145.16 262.91
152.46 263.06
49.45 246.40
173.51 314.49
158.02 307.33
154.51 299.29
139.61 307.92
140.77 313.61
132.01 305.58
120.46 355.70
126.89 361.98
192.35 351.75
213.40 339.04
219.82 341.23
224.21 333.34
212.08 317.56
219.39 312.45
173.36 278.11
175.40 272.70
213.10 257.80
226.55 293.16
225.52 303.24
228.45 303.97
225.67 308.21
226.98 370.75
228.30 347.22
26.80 235.29
21.69 233.25
33.23 232.37
44.19 235.59
47.26 226.09
52.23 222.44
60.70 219.37
53.83 216.01
78.82 217.76
64.65 238.51
67.72 224.19
74.14 205.92
51.50 195.70
4.88 215.42
4.88 209.58
20.66 210.75
29.72 207.68
14.53 235.29
8.68 227.70
2.84 232.37
21.83 216.01
14.82 198.33
45.80 178.75
96.65 241.14
115.20 233.40
132.15 248.74
134.05 238.80
129.09 243.19
126.45 245.82
139.02 212.35
122.51 219.08
121.78 227.11
96.79 212.50
95.48 212.94
115.50 239.53
192.79 206.51
187.24 216.01
207.40 174.07
205.65 179.92
213.98 219.08
211.79 212.35
192.06 227.99
181.25 228.72
227.86 250.49
222.75 251.08
224.65 236.90
227.86 229.01
201.27 207.09
209.74 199.64
225.96 203.88
226.98 211.48
203.90 201.83
205.80 196.57
193.82 173.49
180.08 173.49
201.27 158.44
192.06 158.14
198.78 155.08
207.40 156.39
226.69 152.59
226.11 161.80
192.06 187.37
211.64 148.65
201.27 149.38
215.44 149.38
120.17 218.05
196.88 205.49
194.40 218.35
203.46 220.68
210.62 229.89
216.46 211.48
225.23 191.90
223.77 191.31
220.99 181.52
209.89 243.92
58.36 186.49
62.16 181.23
45.07 193.07
68.01 178.45
72.68 196.28
72.10 207.68
343.66 454.60
352.72 446.13
367.04 449.93
377.85 444.96
365.87 424.79
357.10 432.39
344.24 427.71
335.77 430.35
331.39 432.39
327.30 447.29
287.84 450.80
292.23 432.98
269.72 449.05
263.30 453.14
291.06 422.75
321.16 425.38
320.57 416.32
319.99 395.86
342.20 412.81
355.93 413.40
382.24 402.29
366.45 379.79
394.80 384.46
417.60 353.19
418.18 362.84
426.07 366.05
423.44 378.03
433.09 358.16
443.61 365.47
447.99 374.24
455.00 376.87
463.77 395.28
456.17 400.24
438.64 396.45
435.42 404.92
427.24 402.87
433.38 419.24
439.51 418.07
449.74 412.23
446.53 446.42
402.11 448.76
412.63 451.68
394.51 431.51
413.51 416.03
407.66 414.27
363.53 408.14
270.31 403.17
288.14 401.71
292.52 408.14
459.97 360.21
456.76 353.78
457.05 349.10
466.11 342.09
474.87 343.26
483.64 343.26
443.31 352.32
435.72 338.00
442.73 336.54
447.99 339.17
452.66 337.12
464.94 331.57
436.59 322.51
431.92 320.17
452.66 325.14
458.80 323.97
461.43 315.79
452.66 318.42
445.94 316.08
470.78 314.03
473.12 321.05
469.91 304.39
473.71 306.14
468.15 323.97
483.64 320.46
480.72 329.52
493.29 313.45
502.93 320.46
496.21 339.46
496.50 332.74
492.41 328.94
504.98 329.82
504.39 342.09
508.19 344.14
511.11 340.04
484.81 347.64
490.07 343.84
515.50 335.08
535.08 348.52
523.97 343.26
519.00 347.93
508.19 351.15
483.64 359.04
480.43 366.93
496.50 370.14
550.86 355.82
554.95 350.56
559.92 352.32
556.99 343.84
565.76 343.26
550.56 374.53
566.05 379.50
554.95 401.12
531.28 389.14
518.71 399.66
512.87 389.72
485.40 413.98
495.92 413.40
504.68 411.93
478.38 452.56
485.40 460.15
501.47 447.59
439.51 444.08
471.08 413.98
485.98 402.29
470.78 375.40
483.64 379.79
482.77 337.41
511.11 332.45
542.67 307.02
550.27 299.13
561.96 307.31
568.10 304.10
564.88 295.04
552.32 285.69
542.67 283.35
537.71 292.41
538.29 296.50
540.04 300.01
527.48 282.47
523.39 290.95
525.43 302.93
532.15 310.53
538.58 317.25
546.18 317.83
544.14 328.06
554.95 324.26
592.65 303.51
213.32 378.62
590.02 430.35
577.45 429.18
568.68 423.62
550.86 432.98
545.01 449.93
539.75 458.69
561.09 458.69
561.67 417.19
541.51 417.49
533.03 428.59
530.11 420.12
532.74 412.81
525.14 416.90
512.28 439.99
503.51 430.64
541.51 385.93
562.25 391.19
576.28 387.68
583.88 387.68
587.68 390.31
597.32 402.29
586.51 405.50
579.20 408.43
613.98 397.61
597.03 379.20
604.92 371.31
523.39 364.30
535.66 370.73
565.76 362.84
573.94 354.36
589.72 353.19
583.00 359.04
580.37 338.29
572.77 335.37
512.87 376.57
505.85 371.31
540.04 347.93
544.43 344.14
534.49 333.91
522.22 325.14
514.91 328.35
521.93 336.54
559.33 321.05
567.22 326.31
577.45 328.35
582.71 318.42
587.09 311.99
584.17 297.96
579.20 292.99
635.61 378.62
656.94 408.14
590.31 423.33
686.16 412.81
675.35 422.45
706.03 400.24
706.91 382.42
694.35 376.57
680.32 391.77
688.21 387.68
670.38 387.09
664.54 383.29
652.56 390.02
655.77 375.99
660.74 373.94
676.52 372.77
682.07 371.31
686.45 352.32
689.67 335.66
628.01 371.90
646.42 370.14
638.53 369.27
635.61 364.88
646.13 362.84
682.95 363.42
660.45 364.88
619.53 335.66
608.43 327.19
624.50 324.56
627.13 327.19
632.98 332.74
658.69 328.94
678.56 336.83
517.83 307.02
514.33 287.73
503.81 283.64
494.45 286.86
492.70 282.18
479.55 282.47
488.90 292.99
473.41 295.04
455.30 307.90
439.81 304.39
463.48 302.93
491.82 300.01
512.57 247.40
526.31 247.70
538.00 243.61
557.87 240.98
488.90 247.99
504.39 246.53
499.42 239.81
488.61 240.98
481.89 239.81
473.71 240.10
501.76 236.01
514.91 236.30
529.52 233.67
545.89 229.58
551.73 225.78
559.92 225.49
540.34 226.66
570.14 233.08
575.99 239.81
577.74 250.91
559.92 248.87
580.66 237.47
591.77 243.61
602.29 238.93
606.97 243.02
522.51 221.98
528.65 210.87
531.86 217.89
520.17 214.67
507.90 214.97
505.27 212.34
497.96 213.50
488.61 226.66
483.35 224.32
502.93 225.78
510.24 228.12
515.20 226.95
498.25 233.67
561.67 217.60
551.44 218.47
573.65 216.43
584.46 219.06
587.97 209.71
623.04 226.36
613.98 222.56
628.30 240.39
646.42 313.74
644.66 305.56
460.85 220.52
465.82 228.12
472.54 222.56
476.92 226.95
492.41 215.26
687.33 297.67
699.90 301.76
686.45 316.37
675.35 314.91
417.30 271.95
424.32 270.20
432.50 271.37
429.29 265.82
428.12 253.25
417.60 262.60
415.55 247.70
426.07 234.84
434.84 232.21
443.31 242.44
459.68 233.67
448.28 233.67
446.24 234.25
446.53 222.56
443.02 224.03
454.71 225.19
458.22 210.00
464.65 210.58
470.49 209.71
469.32 215.26
478.97 209.71
476.63 213.50
483.35 212.34
489.78 205.61
495.04 208.24
500.59 205.61
505.56 204.15
512.57 198.89
520.17 200.35
527.19 203.28
531.57 199.19
539.46 199.19
560.21 196.26
558.75 205.32
566.93 204.15
566.64 209.41
573.36 204.45
544.43 209.41
535.08 214.09
488.61 196.26
465.52 204.45
469.61 201.82
461.43 204.45
460.26 200.65
464.94 193.93
457.05 193.93
481.01 203.28
452.08 215.26
444.48 216.14
434.84 210.58
441.85 208.24
431.33 221.10
435.42 216.72
437.18 227.24
440.68 231.62
411.75 224.03
417.89 228.99
421.40 221.98
410.58 230.75
400.94 228.41
396.85 228.41
400.06 214.97
406.49 216.43
394.22 216.14
411.17 200.94
416.72 210.00
414.67 208.54
417.60 207.08
422.86 202.98
433.38 198.89
440.68 201.82
447.11 199.19
432.21 205.61
423.73 193.93
429.29 194.22
435.72 192.76
450.33 194.51
469.61 194.22
522.22 226.95
407.08 271.08
396.26 271.37
393.34 264.94
404.15 258.80
391.59 247.70
398.89 238.35
399.48 251.79
392.46 203.28
388.08 202.69
391.88 200.06
388.96 212.34
385.16 205.91
381.36 210.58
383.40 200.35
388.08 230.45
379.61 225.49
380.19 218.77
382.24 233.38
381.36 262.31
374.93 268.74
371.72 263.48
364.70 262.02
362.07 266.69
360.03 271.66
360.90 276.34
369.38 253.54
358.56 252.96
365.29 247.40
371.72 242.44
353.89 256.17
623.33 360.21
369.38 259.39
367.33 231.04
362.36 216.72
354.47 222.86
336.94 233.67
345.12 229.58
335.19 258.51
338.11 272.54
348.92 271.95
343.08 266.11
330.22 260.85
330.51 249.16
319.11 255.59
328.17 274.00
323.79 271.66
316.48 281.01
312.98 288.90
307.72 295.62
291.93 302.93
301.29 300.88
267.68 371.61
267.97 353.78
269.72 339.17
265.63 330.11
271.48 322.80
264.46 321.05
275.28 312.28
279.95 310.53
284.63 297.67
272.65 302.64
262.71 309.36
257.74 309.36
264.76 299.42
293.40 283.35
299.82 287.73
307.72 282.18
299.82 274.00
300.12 279.55
287.84 274.58
286.97 282.18
294.27 267.86
275.28 272.83
264.46 274.29
259.20 268.45
277.61 267.28
258.33 263.48
257.74 256.17
271.77 238.35
264.17 247.70
260.66 235.71
260.08 226.66
273.23 224.03
285.80 224.61
296.03 225.19
313.56 230.75
316.77 244.77
317.36 237.18
326.13 241.27
310.35 245.36
304.21 254.71
310.64 260.56
305.67 264.94
312.39 276.92
315.90 273.71
385.45 248.87
351.26 229.29
340.74 239.81
376.39 210.00
378.44 202.69
374.93 197.14
351.84 198.31
356.81 212.63
267.09 211.46
259.20 205.32
263.88 201.52
275.28 199.19
272.06 205.32
276.15 211.46
284.63 200.35
287.84 213.50
297.49 213.50
305.67 208.54
310.05 212.34
315.90 219.35
307.42 223.15
331.68 207.95
328.76 221.98
323.20 216.14
319.40 212.04
326.71 208.24
318.53 195.39
312.68 198.89
335.48 193.05
335.19 228.41
350.97 209.71
341.61 221.10
342.49 210.00
341.61 194.22
363.53 201.82
275.57 423.92
335.48 206.20
301.58 197.72
292.81 205.91
556.70 285.10
641.45 380.66
288.14 236.01
291.93 238.64
358.86 219.35
420.81 282.47
484.52 286.86
310.93 202.98
330.51 202.69
342.49 201.52
267.68 208.83
557.87 214.97
602.29 204.45
324.96 231.92
321.45 230.75
284.34 243.61
275.13 553.52
314.87 501.50
339.42 499.17
289.16 486.89
296.17 479.29
235.39 499.17
344.54 494.73
319.70 482.16
332.56 471.93
315.02 467.26
275.86 471.35
282.58 461.12
294.86 462.00
242.55 475.15
208.94 472.52
227.35 460.83
225.30 444.46
249.56 449.14
254.24 436.28
257.16 420.50
375.81 464.63
390.13 464.92
380.48 477.78
373.76 475.15
367.04 485.96
357.10 485.38
376.39 502.62
388.08 497.36
404.15 492.10
419.93 487.42
405.32 474.56
411.46 469.89
436.30 484.21
404.45 523.08
431.33 543.24
407.08 576.26
359.15 573.92
433.96 570.42
350.67 561.07
469.61 547.92
474.00 597.89
504.39 552.59
550.86 580.06
566.35 568.37
544.14 565.45
310.64 493.56
297.19 501.74
295.44 492.68
442.73 470.77
450.03 467.26
492.70 478.66
528.94 487.42
538.58 485.38
546.47 479.82
547.35 499.11
523.68 505.25
521.93 525.41
552.03 523.66
558.75 520.15
549.69 514.31
571.90 526.87
601.12 515.77
600.24 554.35
607.26 555.81
557.87 559.61
608.72 524.24
592.06 502.62
571.90 490.05
547.64 470.18
507.61 478.36
467.57 475.73
453.25 497.94
439.22 511.09
428.70 515.77
431.62 532.72
451.50 533.30
445.07 530.97
470.20 521.61
479.26 513.72
416.43 514.31
412.34 397.71
572.19 436.28
537.41 585.91
419.06 476.61
487.15 357.38
483.35 535.93
483.64 523.66
494.16 522.78
602.58 481.87
608.43 462.00
578.33 383.39
479.55 490.05
487.15 493.27
549.98 543.82
495.33 584.74
293.40 544.70
231.44 545.29
261.25 511.68
159.55 466.67
224.72 407.06
240.21 375.50
246.05 358.55
236.12 351.82
223.26 354.16
256.87 372.87
220.92 398.00
165.10 474.56
362.07 417.58
519.30 359.42
620.99 580.35
617.78 566.33
630.93 550.55
622.75 544.12
637.36 530.09
660.15 594.97
723.28 606.66
716.26 601.69
753.67 602.56
739.64 609.58
728.83 588.54
726.20 577.72
801.30 588.54
638.82 480.41
609.60 490.64
703.11 503.79
733.51 467.55
782.60 493.27
799.26 491.81
805.10 499.99
791.66 521.61
815.62 530.09
806.27 542.07
831.70 477.19
850.40 465.21
854.78 477.78
868.81 483.33
836.96 531.26
842.22 466.09
847.48 412.03
860.34 405.89
777.34 392.45
765.36 386.31
755.13 385.72
763.61 357.38
743.15 367.31
799.26 382.51
791.95 370.82
782.31 360.30
779.09 358.84
830.24 375.79
848.94 399.46
847.77 392.74
858.29 386.02
870.27 371.40
886.05 530.09
817.67 488.01
775.30 517.82
705.74 540.03
592.35 511.68
918.49 588.24
899.50 595.84
891.90 562.53
832.28 299.42
869.69 287.73
868.81 281.89
880.21 272.83
900.96 283.93
908.56 276.63
929.30 286.27
934.86 274.87
947.13 278.38
967.30 283.35
926.97 248.57
924.92 238.05
906.51 237.18
931.06 228.99
939.24 226.66
944.79 228.99
853.03 393.23
746.07 338.29
755.13 336.83
767.70 324.26
859.46 334.20
867.35 328.94
864.43 342.09
876.99 349.40
850.11 354.36
851.28 348.52
836.37 369.56
802.47 289.49
808.32 274.58
797.51 270.78
822.64 276.63
810.07 263.19
842.51 269.03
833.74 268.74
852.74 308.48
867.35 271.08
853.61 268.74
867.64 248.57
873.49 252.37
882.25 260.56
854.78 261.14
865.30 261.14
846.60 228.99
838.71 246.53
807.15 242.44
896.28 187.50
900.08 171.13
935.44 184.28
936.32 180.19
940.41 197.43
927.26 201.23
938.66 155.35
929.60 162.36
758.35 270.20
752.50 270.49
749.87 272.24
756.01 269.03
678.56 323.09
656.35 323.68
684.12 338.29
703.70 372.48
752.50 371.02
754.84 391.77
764.48 394.11
748.70 239.22
731.17 259.09
765.94 304.68
552.61 165.58
534.20 180.19
532.45 177.56
525.72 183.99
523.68 177.56
517.54 174.35
514.03 173.76
516.66 185.45
570.73 190.71
560.79 189.25
548.52 192.46
543.84 191.29
540.63 189.83
534.49 188.08
590.02 235.42
629.47 248.87
858.00 224.90
907.09 219.64
943.92 316.08
944.21 366.93
964.08 359.33
944.50 384.46
878.75 396.15
573.36 164.41
547.35 305.27
528.65 240.10
582.42 186.91
516.66 164.41
524.26 158.56
531.86 159.73
527.77 164.41
531.28 167.33
518.42 169.67
546.18 163.53
542.67 161.19
812.12 214.97
731.75 275.46
695.51 279.84
555.53 311.11
806.27 217.01
366.75 207.57
369.67 202.89
230.56 198.22
235.53 194.42
251.31 198.80
248.10 201.43
238.45 202.31
235.82 197.63
248.98 185.07
253.65 187.99
265.05 186.53
270.60 189.45
258.62 195.00
267.39 196.46
264.46 195.59
289.30 190.33
288.14 180.10
294.27 180.68
304.79 178.05
300.12 204.06
240.79 176.88
252.19 159.93
250.14 152.63
264.17 157.30
266.22 164.61
262.42 163.73
272.65 156.72
282.87 156.43
289.89 156.43
296.03 156.43
299.82 158.47
272.94 173.67
280.83 170.45
284.63 166.36
275.57 167.24
263.00 169.87
267.09 151.75
337.82 176.59
339.57 180.98
330.80 185.65
320.87 188.57
310.93 183.90
310.05 185.65
364.99 190.03
374.05 192.37
386.03 187.99
379.61 179.51
376.10 180.10
386.03 183.90
392.17 178.05
387.50 173.67
392.46 170.16
388.08 165.78
393.05 164.61
383.40 166.07
388.66 158.47
381.07 158.47
237.87 241.76
241.09 239.72
252.48 244.10
248.39 252.57
240.79 265.72
232.61 282.67
241.38 280.04
253.07 276.83
254.53 260.46
264.17 268.65
249.27 237.67
243.42 230.36
239.33 230.36
231.44 232.99
427.53 280.04
449.74 300.21
442.14 299.04
508.19 295.53
541.80 292.32
241.67 208.15
236.70 218.67
232.61 215.46
238.16 213.41
246.35 213.41
229.98 216.04
295.44 117.85
308.88 113.18
410.29 159.35
405.61 171.04
407.37 175.72
396.85 181.27
398.02 164.90
398.89 192.66
406.49 186.24
412.34 189.16
420.23 185.65
407.08 194.42
426.36 181.85
424.90 167.82
421.98 166.95
426.36 162.56
436.30 165.19
436.01 171.33
441.56 160.52
443.31 164.90
454.13 169.58
442.44 182.44
458.51 173.67
462.02 166.36
464.35 159.93
461.43 154.67
457.34 157.01
453.25 161.69
476.34 171.62
474.00 176.88
479.26 168.99
458.80 187.11
451.50 187.11
457.34 181.85
452.96 183.90
446.24 176.01
486.56 186.82
485.98 177.18
471.95 183.02
487.15 171.33
485.40 159.06
491.24 159.06
480.43 153.21
436.01 154.09
191.11 213.41
239.92 305.47
444.48 122.53
418.77 121.07
429.58 119.90
427.82 115.81
418.47 114.93
405.32 110.55
394.51 119.61
391.88 107.92
343.37 124.87
334.60 121.07
332.56 112.01
344.24 114.64
325.25 109.38
368.21 105.29
427.53 97.69
474.00 124.87
477.80 117.27
467.86 115.81
488.32 109.96
502.35 113.76
488.61 115.22
478.97 106.45
470.49 105.87
457.63 101.49
449.74 101.49
444.19 102.07
439.22 96.52
448.87 96.52
457.63 96.81
471.37 96.81
479.26 96.81
500.88 106.75
295.44 126.33
327.88 123.11
461.14 129.25
464.94 133.05
469.03 135.68
478.67 135.68
425.19 130.71
541.21 119.90
547.06 124.28
311.51 148.54
357.98 163.44
354.77 171.62
339.28 169.58
346.87 167.82
334.31 161.98
339.28 156.43
373.47 159.06
370.55 168.41
369.38 176.30
375.22 171.33
372.30 165.19
378.14 166.36
364.99 173.08
362.66 156.43
366.16 195.00
337.23 216.04
330.22 145.03
303.33 164.90
291.35 173.67
393.34 151.17
401.23 150.00
424.61 152.63
502.93 132.17
105.78 242.00
285.21 175.08
248.39 306.87
244.59 301.32
248.68 301.32
239.62 310.38
27.17 196.70
231.44 237.61
220.63 231.48
292.23 231.48
305.09 229.14
302.75 224.17
333.43 220.96
390.71 259.82
792.39 404.48
818.69 460.59
814.60 469.94
777.78 455.33
769.60 474.03
470.93 445.40
421.83 433.12
705.30 434.87
837.40 278.82
127.26 469.94
95.70 468.77
107.39 464.68
76.41 467.02
5.10 476.96
13.29 476.96
496.06 463.51
511.84 468.77
565.61 123.93
554.36 279.55
649.63 328.65
735.84 346.18
427.24 173.47
580.66 178.14
763.02 325.72
626.55 349.98
654.02 348.81
654.89 342.97
642.91 352.03
677.40 349.40
582.13 247.11
469.91 247.11
584.46 125.83
766.82 344.14
529.82 121.74
528.65 111.22
321.30 452.99
304.94 450.07
79.92 426.69
541.80 108.71
541.80 102.06
543.85 96.95
534.64 95.41
524.41 94.90
512.14 106.16
508.04 102.06
498.33 95.93
490.65 97.97
518.27 130.20
510.09 135.82
526.46 133.26
538.73 133.78
505.49 146.56
580.67 113.32
559.70 117.41
552.03 116.39
564.82 103.60
565.33 99.51
559.70 96.95
552.03 95.93
585.28 12.55
599.09 20.74
555.61 16.13
545.38 22.27
532.08 22.78
536.18 15.62
524.41 16.65
510.09 17.16
499.86 16.13
484.51 13.06
478.38 12.55
476.33 22.78
452.29 19.71
447.18 19.71
446.15 16.13
452.29 14.09
434.39 15.62
423.14 17.16
416.49 17.16
409.84 13.58
404.72 17.67
397.05 23.29
396.03 13.58
392.96 18.69
377.61 19.71
382.22 14.09
362.27 18.69
353.57 16.13
341.30 15.11
323.91 20.23
300.89 14.60
294.75 17.16
286.06 22.27
267.13 19.71
136.96 22.27
105.25 21.25
179.92 20.23
191.69 19.20
214.19 20.74
236.70 19.20
122.64 201.80
125.71 203.85
127.24 210.50
132.36 216.13
131.33 220.73
139.00 201.80
133.38 195.15
107.29 195.15
110.87 190.55
63.82 192.60
57.68 200.27
54.61 206.41
48.47 203.85
46.94 206.92
763.28 575.48
764.81 593.38
780.67 593.89
749.47 583.66
749.47 563.71
729.52 538.65
719.29 563.20
704.45 560.13
665.58 463.97
657.91 490.57
690.13 445.05
696.27 440.95
697.29 424.59
660.47 431.75
671.21 434.82
666.09 439.93
677.86 439.42
688.60 465.51
684.51 481.87
668.65 490.57
666.09 507.45
689.11 528.42
750.49 535.07
750.49 515.12
714.68 499.26
706.50 493.64
797.55 467.04
790.38 452.21
746.40 378.04
732.59 363.21
698.83 363.72
692.69 366.79
690.64 346.84
700.87 344.28
687.58 401.06
663.54 400.03
647.68 407.71
639.50 402.59
636.43 342.24
645.12 333.03
855.86 605.00
789.36 607.05
886.54 609.09
870.18 601.93
897.80 570.22
871.20 423.93
832.07 263.18
839.74 260.11
805.47 256.53
872.48 231.98
881.69 247.33
898.56 259.09
972.73 211.52
1002.91 211.01
994.72 218.68
988.59 230.96
990.12 239.14
978.36 227.89
1015.70 236.07
1007.51 187.48
1009.56 179.81
1013.14 169.58
987.56 161.91
987.05 158.33
977.33 160.88
981.94 158.33
980.40 153.72
975.29 148.61
972.22 141.45
968.64 145.03
966.59 139.91
961.48 142.98
961.48 136.84
944.60 134.80
936.41 135.82
935.90 129.68
941.53 127.13
932.83 123.03
940.00 118.43
936.93 146.05
945.11 149.63
946.13 161.91
945.62 170.09
931.30 179.81
934.37 173.16
928.74 173.67
907.77 163.95
905.73 167.02
904.19 177.76
901.12 166.00
967.10 170.60
969.66 164.47
964.04 156.79
963.52 148.61
969.66 154.75
963.01 174.18
973.24 171.63
975.80 182.37
984.49 190.55
980.40 172.65
995.24 159.35
1006.49 161.40
1004.95 158.84
835.14 14.09
782.97 2.32
836.67 227.89
853.04 175.72
857.65 175.72
839.23 172.14
845.88 175.72
813.15 156.79
794.73 113.83
691.41 126.10
562.01 132.24
556.89 123.03
552.80 126.10
572.75 108.71
567.12 112.81
587.07 108.71
586.05 113.32
596.79 113.83
601.39 108.71
997.03 570.22
1018.51 576.36
855.86 518.05
265.60 492.47
258.44 476.10
254.35 466.90
65.09 476.10
46.68 480.20
29.29 474.06
