1006.40 318.19
1005.82 327.84
997.93 331.05
1000.56 343.03
990.91 323.16
980.39 330.47
976.01 339.24
969.00 341.87
960.23 360.28
967.83 365.24
985.36 361.45
988.58 369.92
996.76 367.87
990.62 384.24
984.49 383.07
974.26 377.23
977.47 411.42
1021.89 413.76
1011.37 416.68
1010.49 381.03
1016.34 379.27
964.03 325.21
967.24 318.78
966.95 314.10
957.89 307.09
949.13 308.26
940.36 308.26
980.69 317.32
988.28 303.00
981.27 301.54
976.01 304.17
971.34 302.12
959.06 296.57
987.41 287.51
992.08 285.17
971.34 290.14
965.20 288.97
962.57 280.79
971.34 283.42
978.06 281.08
953.22 279.03
950.88 286.05
954.09 269.39
950.29 271.14
955.85 288.97
940.36 285.46
943.28 294.52
930.71 278.45
921.07 285.46
927.79 304.46
927.50 297.74
931.59 293.94
919.02 294.82
919.61 307.09
915.81 309.14
912.89 305.04
939.19 312.64
933.93 308.84
908.50 300.08
888.92 313.52
900.03 308.26
905.00 312.93
915.81 316.15
940.36 324.04
943.57 331.93
927.50 335.14
873.14 320.82
869.05 315.56
864.08 317.32
867.01 308.84
858.24 308.26
873.44 339.53
857.95 344.50
869.05 366.12
892.72 354.14
905.29 364.66
911.13 354.72
938.60 378.98
928.08 378.40
919.32 376.93
945.62 417.56
938.60 425.15
922.53 412.59
984.49 409.08
952.92 378.98
938.02 367.29
953.22 340.40
940.36 344.79
941.23 302.41
912.89 297.45
881.33 272.02
873.73 264.13
862.04 272.31
855.90 269.10
859.12 260.04
871.68 250.69
881.33 248.35
886.29 257.41
885.71 261.50
883.96 265.01
896.52 247.47
900.61 255.95
898.57 267.93
891.85 275.53
885.42 282.25
877.82 282.83
879.86 293.06
869.05 289.26
831.35 268.51
833.98 395.35
846.55 394.18
855.32 388.62
873.14 397.98
878.99 414.93
884.25 423.69
862.91 423.69
862.33 382.19
882.49 382.49
890.97 393.59
893.89 385.12
891.26 377.81
898.86 381.90
911.72 404.99
920.49 395.64
882.49 350.93
861.75 356.19
847.72 352.68
840.12 352.68
836.32 355.31
826.68 367.29
837.49 370.50
844.80 373.43
810.02 362.61
826.97 344.20
819.08 336.31
900.61 329.30
888.34 335.73
858.24 327.84
850.06 319.36
834.28 318.19
841.00 324.04
843.63 303.29
851.23 300.37
911.13 341.57
918.15 336.31
883.96 312.93
879.57 309.14
889.51 298.91
901.78 290.14
909.09 293.35
902.07 301.54
864.67 286.05
856.78 291.31
846.55 293.35
841.29 283.42
836.91 276.99
839.83 262.96
844.80 257.99
788.39 343.62
767.06 373.14
833.69 388.33
737.84 377.81
748.65 387.45
717.97 365.24
717.09 347.42
729.65 341.57
743.68 356.77
735.79 352.68
753.62 352.09
759.46 348.29
771.44 355.02
768.23 340.99
763.26 338.94
747.48 337.77
741.93 336.31
737.55 317.32
734.33 300.66
795.99 336.90
777.58 335.14
785.47 334.27
788.39 329.88
777.87 327.84
741.05 328.42
763.55 329.88
804.47 300.66
815.57 292.19
799.50 289.56
796.87 292.19
791.02 297.74
765.31 293.94
745.44 301.83
906.17 272.02
909.67 252.73
920.19 248.64
929.55 251.86
931.30 247.18
944.45 247.47
935.10 257.99
950.59 260.04
968.70 272.90
984.19 269.39
960.52 267.93
932.18 265.01
911.43 212.40
897.69 212.70
886.00 208.61
866.13 205.98
935.10 212.99
919.61 211.53
924.58 204.81
935.39 205.98
942.11 204.81
950.29 205.10
922.24 201.01
909.09 201.30
894.48 198.67
878.11 194.58
872.27 190.78
864.08 190.49
883.66 191.66
853.86 198.08
848.01 204.81
846.26 215.91
864.08 213.87
843.34 202.47
832.23 208.61
821.71 203.93
817.03 208.02
901.49 186.98
895.35 175.87
892.14 182.89
903.83 179.67
916.10 179.97
918.73 177.34
926.04 178.50
935.39 191.66
940.65 189.32
921.07 190.78
913.76 193.12
908.80 191.95
925.75 198.67
862.33 182.60
872.56 183.47
850.35 181.43
839.54 184.06
836.03 174.71
800.96 191.36
810.02 187.56
795.70 205.39
777.58 278.74
779.34 270.56
963.15 185.52
958.18 193.12
951.46 187.56
947.08 191.95
931.59 180.26
736.67 262.67
724.10 266.76
737.55 281.37
748.65 279.91
1006.70 236.95
999.68 235.20
991.50 236.37
994.71 230.82
995.88 218.25
1006.40 227.60
1008.45 212.70
997.93 199.84
989.16 197.21
980.69 207.44
964.32 198.67
975.72 198.67
977.76 199.25
977.47 187.56
980.98 189.03
969.29 190.19
965.78 175.00
959.35 175.58
953.51 174.71
954.68 180.26
945.03 174.71
947.37 178.50
940.65 177.34
934.22 170.61
928.96 173.24
923.41 170.61
918.44 169.15
911.43 163.89
903.83 165.35
896.81 168.28
892.43 164.19
884.54 164.19
863.79 161.26
865.25 170.32
857.07 169.15
857.36 174.41
850.64 169.45
879.57 174.41
888.92 179.09
935.39 161.26
958.48 169.45
954.39 166.82
962.57 169.45
963.74 165.65
959.06 158.93
966.95 158.93
942.99 168.28
971.92 180.26
979.52 181.14
989.16 175.58
982.15 173.24
992.67 186.10
988.58 181.72
986.82 192.24
983.32 196.62
1012.25 189.03
1006.11 193.99
1002.60 186.98
1013.42 195.75
1023.06 193.41
1023.94 179.97
1017.51 181.43
1012.83 165.94
1007.28 175.00
1009.33 173.54
1006.40 172.08
1001.14 167.98
990.62 163.89
983.32 166.82
976.89 164.19
991.79 170.61
1000.27 158.93
994.71 159.22
988.28 157.76
973.67 159.51
954.39 159.22
901.78 191.95
1016.92 236.08
1019.85 223.80
800.67 325.21
867.30 250.10
782.55 345.66
1003.19 247.47
939.48 251.86
866.13 179.97
821.71 169.45
1019.85 457.10
1004.07 452.42
1018.68 439.56
1012.54 434.89
987.70 449.21
1019.55 488.08
981.27 435.77
973.97 432.26
931.30 443.66
895.06 452.42
885.42 450.38
877.53 444.82
876.65 464.11
900.32 470.25
902.07 490.41
871.97 488.66
865.25 485.15
874.31 479.31
852.10 491.87
822.88 480.77
815.28 489.24
831.94 467.62
852.10 455.05
876.36 435.18
916.39 443.36
956.43 440.73
970.75 462.94
984.78 476.09
995.30 480.77
953.80 486.61
944.74 478.72
1007.57 479.31
1011.66 362.71
851.81 401.28
1004.94 441.61
936.85 322.38
940.36 488.66
929.84 487.78
821.42 446.87
815.57 427.00
845.67 348.39
944.45 455.05
936.85 458.27
904.70 324.42
785.18 445.41
814.40 455.64
720.89 468.79
690.49 432.55
641.40 458.27
624.74 456.81
618.90 464.99
632.34 486.61
592.30 442.19
573.60 430.21
569.22 442.78
555.19 448.33
581.78 431.09
576.52 377.03
563.66 370.89
646.66 357.45
658.64 351.31
668.87 350.72
660.39 322.38
680.85 332.31
624.74 347.51
632.05 335.82
641.69 325.30
644.91 323.84
593.76 340.79
575.06 364.46
576.23 357.74
565.71 351.02
553.73 336.40
606.33 453.01
648.70 482.82
831.65 476.68
591.72 264.42
554.31 252.73
555.19 246.89
543.79 237.83
570.97 358.23
677.93 303.29
668.87 301.83
656.30 289.26
564.54 299.20
556.65 293.94
559.57 307.09
547.01 314.40
573.89 319.36
572.72 313.52
587.63 334.56
621.53 254.49
615.68 239.58
626.49 235.78
601.36 241.63
613.93 228.19
581.49 234.03
590.26 233.74
571.26 273.48
556.65 236.08
570.39 233.74
556.36 213.57
550.51 217.37
541.75 225.56
569.22 226.14
558.70 226.14
577.40 193.99
585.29 211.53
616.85 207.44
665.65 235.20
671.50 235.49
674.13 237.24
667.99 234.03
745.44 288.09
767.65 288.68
739.88 303.29
720.30 337.48
671.50 336.02
669.16 356.77
659.52 359.11
675.30 204.22
692.83 224.09
658.06 269.68
871.39 130.58
889.80 145.19
891.55 142.56
898.28 148.99
900.32 142.56
906.46 139.35
909.97 138.76
907.34 150.45
853.27 155.71
863.21 154.25
875.48 157.46
880.16 156.29
883.37 154.83
889.51 153.08
833.98 200.42
794.53 213.87
566.00 189.90
545.25 361.15
850.64 129.41
876.65 270.27
895.35 205.10
841.58 151.91
907.34 129.41
899.74 123.56
892.14 124.73
896.23 129.41
892.72 132.33
905.58 134.67
877.82 128.53
881.33 126.19
611.88 179.97
692.25 240.46
728.49 244.84
868.47 276.11
617.73 182.01
996.47 245.04
974.26 265.21
981.86 264.04
915.81 260.53
882.20 257.32
1013.71 124.35
1018.39 136.04
1016.63 140.72
1017.51 151.24
1011.66 154.16
1003.77 150.65
1016.92 159.42
997.64 146.85
999.10 132.82
1002.02 131.95
997.64 127.56
987.70 130.19
987.99 136.33
982.44 125.52
980.69 129.90
969.87 134.58
981.56 147.44
965.49 138.67
961.98 131.36
959.65 124.93
962.57 119.67
966.66 122.01
970.75 126.69
947.66 136.62
950.00 141.88
944.74 133.99
965.20 152.11
972.50 152.11
966.66 146.85
971.04 148.90
977.76 141.01
937.44 151.82
938.02 142.18
952.05 148.02
936.85 136.33
938.60 124.06
932.76 124.06
943.57 118.21
987.99 119.09
979.52 87.53
1005.23 86.07
994.42 84.90
996.18 80.81
1005.53 79.93
1018.68 75.55
996.47 62.69
950.00 89.87
946.20 82.27
956.14 80.81
935.68 74.96
921.65 78.76
935.39 80.22
945.03 71.45
953.51 70.87
966.37 66.49
974.26 66.49
979.81 67.07
984.78 61.52
975.13 61.52
966.37 61.81
952.63 61.81
944.74 61.81
923.12 71.75
962.86 94.25
959.06 98.05
954.97 100.68
945.33 100.68
998.81 95.71
882.79 84.90
876.94 89.28
1022.77 115.00
999.39 117.63
921.07 97.17
631.61 369.48
605.31 425.59
609.40 434.94
646.22 420.33
654.40 439.03
953.07 410.40
1002.17 398.12
718.70 399.87
586.60 243.82
927.94 428.51
912.16 433.77
858.39 88.93
869.64 244.55
774.37 293.65
688.16 311.18
996.76 138.47
843.34 143.14
660.98 290.72
797.45 314.98
769.98 313.81
769.11 307.97
781.09 317.03
746.60 314.40
841.87 212.11
954.09 212.11
839.54 90.83
657.18 309.14
894.18 86.74
895.35 76.22
882.20 73.71
882.20 67.06
880.15 61.95
889.36 60.41
899.59 59.90
911.86 71.16
915.96 67.06
925.67 60.93
933.35 62.97
905.73 95.20
913.91 100.82
897.54 98.26
885.27 98.78
918.51 111.56
843.33 78.32
864.30 82.41
871.97 81.39
859.18 68.60
858.67 64.51
864.30 61.95
871.97 60.93
758.42 428.97
766.09 455.57
733.87 410.05
727.73 405.95
726.71 389.59
763.53 396.75
752.79 399.82
757.91 404.93
746.14 404.42
735.40 430.51
739.49 446.87
755.35 455.57
757.91 472.45
673.51 480.12
709.32 464.26
717.50 458.64
626.45 432.04
633.62 417.21
677.60 343.04
691.41 328.21
725.17 328.72
731.31 331.79
733.36 311.84
723.13 309.28
736.42 366.06
760.46 365.03
776.32 372.71
784.50 367.59
787.57 307.24
778.88 298.03
552.80 388.93
591.93 228.18
584.26 225.11
618.53 221.53
551.52 196.98
542.31 212.33
587.33 192.89
570.96 140.72
566.35 140.72
584.77 137.14
578.12 140.72
610.85 121.79
629.27 78.83
732.59 91.10
861.99 97.24
867.11 88.03
871.20 91.10
851.25 73.71
856.88 77.81
836.93 73.71
837.95 78.32
827.21 78.83
822.61 73.71
568.14 483.05
