981.27 614.66
959.35 614.08
944.16 607.07
948.98 592.02
961.98 581.64
973.82 590.41
996.76 585.44
1008.01 569.66
1021.75 582.96
954.97 562.21
992.38 535.76
963.15 532.25
964.03 541.02
973.97 519.69
958.04 520.42
1016.19 523.92
990.48 517.06
852.10 545.26
862.77 538.39
840.70 535.03
828.58 569.08
818.20 578.57
821.56 524.80
842.17 505.22
873.00 522.32
855.32 505.37
910.84 493.24
926.91 509.46
954.97 500.11
964.18 496.75
972.36 500.69
997.93 503.18
1012.39 498.65
1002.02 487.10
968.70 488.71
943.57 482.57
939.63 503.32
900.91 486.23
889.07 496.31
882.64 485.50
848.16 492.22
838.81 492.22
823.32 506.10
817.18 496.02
809.87 530.79
927.50 491.63
859.12 486.23
841.73 483.60
989.89 484.03
1001.58 522.90
1013.13 455.06
998.51 455.20
982.29 453.01
974.99 458.42
961.55 443.37
973.09 441.32
986.68 443.66
993.69 433.58
1001.58 437.82
1017.07 443.51
1022.48 393.83
1016.05 380.24
1001.29 354.38
1011.81 362.56
1011.96 355.84
1019.99 358.77
971.77 354.38
980.10 354.53
981.27 358.77
977.18 347.95
986.97 365.05
993.40 361.10
970.60 341.52
961.69 338.60
977.03 337.43
1008.74 333.49
1019.70 351.75
997.34 349.27
956.43 344.15
942.70 338.75
957.31 370.45
961.84 370.89
953.51 373.82
947.23 372.79
955.85 386.82
930.42 379.37
936.85 373.82
931.15 355.84
915.37 355.99
911.86 374.25
918.00 385.65
904.70 375.71
893.60 378.78
903.39 408.59
909.09 423.20
941.23 437.08
932.61 459.29
917.71 453.16
907.77 451.40
909.38 441.32
895.06 427.88
887.76 440.01
883.52 462.22
871.39 458.13
868.03 445.56
850.79 444.54
844.36 438.69
838.22 444.24
838.07 427.59
845.67 412.39
863.50 431.53
881.76 424.23
877.23 388.57
862.91 382.29
894.04 407.57
896.52 391.64
884.98 368.99
875.48 373.52
868.32 371.04
877.09 364.61
887.61 368.26
919.46 344.01
906.60 335.53
889.80 340.35
886.73 345.32
875.34 344.74
885.27 354.67
870.07 358.47
863.21 349.12
870.66 343.86
849.47 351.75
852.98 368.26
844.36 465.14
808.56 432.41
805.64 407.13
849.76 339.04
833.98 340.35
831.06 336.12
825.80 333.34
819.52 334.22
813.97 340.94
811.92 350.58
825.65 353.80
834.13 354.38
806.07 360.37
808.85 371.92
823.90 371.77
830.18 372.35
983.17 401.29
952.63 408.74
932.18 404.21
864.23 332.46
886.29 333.05
995.88 303.68
1001.14 305.14
997.78 314.20
998.51 326.47
1003.77 327.20
1004.94 320.63
1011.66 320.34
1022.33 302.66
1022.33 307.33
963.74 319.61
960.38 311.86
958.33 302.07
937.44 323.26
963.15 329.10
953.80 327.79
892.58 327.20
862.77 317.85
850.49 324.87
839.39 326.18
831.94 322.82
844.07 319.31
889.07 313.91
914.49 303.97
911.28 297.10
921.95 300.76
909.53 288.92
922.09 308.94
911.57 315.66
919.02 322.97
895.65 293.74
887.02 292.57
884.25 284.10
878.40 285.85
874.90 282.05
878.11 277.38
887.17 268.17
900.32 271.68
906.60 274.89
913.76 281.91
914.49 273.14
905.29 264.96
914.35 263.20
922.24 263.06
908.50 255.90
919.46 251.22
920.63 254.58
922.97 249.18
821.13 322.82
1008.30 249.18
1000.56 243.48
993.69 249.03
1020.58 293.30
998.95 297.25
953.22 254.29
965.05 303.68
973.09 319.02
970.02 331.73
884.39 254.29
897.11 253.12
877.53 255.61
857.07 278.25
835.01 280.15
832.38 289.94
828.28 285.85
817.03 272.12
820.54 264.81
812.65 265.54
832.96 269.49
824.63 258.38
819.37 247.28
831.65 249.76
839.83 248.45
805.64 254.44
925.45 319.90
894.18 263.06
878.84 262.91
871.54 263.06
974.55 246.40
850.49 314.49
865.98 307.33
869.49 299.29
884.39 307.92
883.23 313.61
891.99 305.58
903.54 355.70
897.11 361.98
831.65 351.75
810.60 339.04
804.18 341.23
799.79 333.34
811.92 317.56
804.61 312.45
850.64 278.11
848.60 272.70
810.90 257.80
797.45 293.16
798.48 303.24
795.55 303.97
798.33 308.21
797.02 370.75
795.70 347.22
997.20 235.29
1002.31 233.25
990.77 232.37
979.81 235.59
976.74 226.09
971.77 222.44
963.30 219.37
970.17 216.01
945.18 217.76
959.35 238.51
956.28 224.19
949.86 205.92
972.50 195.70
1019.12 215.42
1019.12 209.58
1003.34 210.75
994.28 207.68
1009.47 235.29
1015.32 227.70
1021.16 232.37
1002.17 216.01
1009.18 198.33
978.20 178.75
927.35 241.14
908.80 233.40
891.85 248.74
889.95 238.80
894.91 243.19
897.55 245.82
884.98 212.35
901.49 219.08
902.22 227.11
927.21 212.50
928.52 212.94
908.50 239.53
831.21 206.51
836.76 216.01
816.60 174.07
818.35 179.92
810.02 219.08
812.21 212.35
831.94 227.99
842.75 228.72
796.14 250.49
801.25 251.08
799.35 236.90
796.14 229.01
822.73 207.09
814.26 199.64
798.04 203.88
797.02 211.48
820.10 201.83
818.20 196.57
830.18 173.49
843.92 173.49
822.73 158.44
831.94 158.14
825.22 155.08
816.60 156.39
797.31 152.59
797.89 161.80
831.94 187.37
812.36 148.65
822.73 149.38
808.56 149.38
903.83 218.05
827.12 205.49
829.60 218.35
820.54 220.68
813.38 229.89
807.54 211.48
798.77 191.90
800.23 191.31
803.01 181.52
814.11 243.92
965.64 186.49
961.84 181.23
978.93 193.07
955.99 178.45
951.32 196.28
951.90 207.68
680.34 454.60
671.28 446.13
656.96 449.93
646.15 444.96
658.13 424.79
666.90 432.39
679.76 427.71
688.23 430.35
692.61 432.39
696.70 447.29
736.16 450.80
731.77 432.98
754.28 449.05
760.70 453.14
732.94 422.75
702.84 425.38
703.43 416.32
704.01 395.86
681.80 412.81
668.07 413.40
641.76 402.29
657.55 379.79
629.20 384.46
606.40 353.19
605.82 362.84
597.93 366.05
600.56 378.03
590.91 358.16
580.39 365.47
576.01 374.24
569.00 376.87
560.23 395.28
567.83 400.24
585.36 396.45
588.58 404.92
596.76 402.87
590.62 419.24
584.49 418.07
574.26 412.23
577.47 446.42
621.89 448.76
611.37 451.68
629.49 431.51
610.49 416.03
616.34 414.27
660.47 408.14
753.69 403.17
735.86 401.71
731.48 408.14
564.03 360.21
567.24 353.78
566.95 349.10
557.89 342.09
549.13 343.26
540.36 343.26
580.69 352.32
588.28 338.00
581.27 336.54
576.01 339.17
571.34 337.12
559.06 331.57
587.41 322.51
592.08 320.17
571.34 325.14
565.20 323.97
562.57 315.79
571.34 318.42
578.06 316.08
553.22 314.03
550.88 321.05
554.09 304.39
550.29 306.14
555.85 323.97
540.36 320.46
543.28 329.52
530.71 313.45
521.07 320.46
527.79 339.46
527.50 332.74
531.59 328.94
519.02 329.82
519.61 342.09
515.81 344.14
512.89 340.04
539.19 347.64
533.93 343.84
508.50 335.08
488.92 348.52
500.03 343.26
505.00 347.93
515.81 351.15
540.36 359.04
543.57 366.93
527.50 370.14
473.14 355.82
469.05 350.56
464.08 352.32
467.01 343.84
458.24 343.26
473.44 374.53
457.95 379.50
469.05 401.12
492.72 389.14
505.29 399.66
511.13 389.72
538.60 413.98
528.08 413.40
519.32 411.93
545.62 452.56
538.60 460.15
522.53 447.59
584.49 444.08
552.92 413.98
538.02 402.29
553.22 375.40
540.36 379.79
541.23 337.41
512.89 332.45
481.33 307.02
473.73 299.13
462.04 307.31
455.90 304.10
459.12 295.04
471.68 285.69
481.33 283.35
486.29 292.41
485.71 296.50
483.96 300.01
496.52 282.47
500.61 290.95
498.57 302.93
491.85 310.53
485.42 317.25
477.82 317.83
479.86 328.06
469.05 324.26
431.35 303.51
810.68 378.62
433.98 430.35
446.55 429.18
455.32 423.62
473.14 432.98
478.99 449.93
484.25 458.69
462.91 458.69
462.33 417.19
482.49 417.49
490.97 428.59
493.89 420.12
491.26 412.81
498.86 416.90
511.72 439.99
520.49 430.64
482.49 385.93
461.75 391.19
447.72 387.68
440.12 387.68
436.32 390.31
426.68 402.29
437.49 405.50
444.80 408.43
410.02 397.61
426.97 379.20
419.08 371.31
500.61 364.30
488.34 370.73
458.24 362.84
450.06 354.36
434.28 353.19
441.00 359.04
443.63 338.29
451.23 335.37
511.13 376.57
518.15 371.31
483.96 347.93
479.57 344.14
489.51 333.91
501.78 325.14
509.09 328.35
502.07 336.54
464.67 321.05
456.78 326.31
446.55 328.35
441.29 318.42
436.91 311.99
439.83 297.96
444.80 292.99
388.39 378.62
367.06 408.14
433.69 423.33
337.84 412.81
348.65 422.45
317.97 400.24
317.09 382.42
329.65 376.57
343.68 391.77
335.79 387.68
353.62 387.09
359.46 383.29
371.44 390.02
368.23 375.99
363.26 373.94
347.48 372.77
341.93 371.31
337.55 352.32
334.33 335.66
395.99 371.90
377.58 370.14
385.47 369.27
388.39 364.88
377.87 362.84
341.05 363.42
363.55 364.88
404.47 335.66
415.57 327.19
399.50 324.56
396.87 327.19
391.02 332.74
365.31 328.94
345.44 336.83
506.17 307.02
509.67 287.73
520.19 283.64
529.55 286.86
531.30 282.18
544.45 282.47
535.10 292.99
550.59 295.04
568.70 307.90
584.19 304.39
560.52 302.93
532.18 300.01
511.43 247.40
497.69 247.70
486.00 243.61
466.13 240.98
535.10 247.99
519.61 246.53
524.58 239.81
535.39 240.98
542.11 239.81
550.29 240.10
522.24 236.01
509.09 236.30
494.48 233.67
478.11 229.58
472.27 225.78
464.08 225.49
483.66 226.66
453.86 233.08
448.01 239.81
446.26 250.91
464.08 248.87
443.34 237.47
432.23 243.61
421.71 238.93
417.03 243.02
501.49 221.98
495.35 210.87
492.14 217.89
503.83 214.67
516.10 214.97
518.73 212.34
526.04 213.50
535.39 226.66
540.65 224.32
521.07 225.78
513.76 228.12
508.80 226.95
525.75 233.67
462.33 217.60
472.56 218.47
450.35 216.43
439.54 219.06
436.03 209.71
400.96 226.36
410.02 222.56
395.70 240.39
377.58 313.74
379.34 305.56
563.15 220.52
558.18 228.12
551.46 222.56
547.08 226.95
531.59 215.26
336.67 297.67
324.10 301.76
337.55 316.37
348.65 314.91
606.70 271.95
599.68 270.20
591.50 271.37
594.71 265.82
595.88 253.25
606.40 262.60
608.45 247.70
597.93 234.84
589.16 232.21
580.69 242.44
564.32 233.67
575.72 233.67
577.76 234.25
577.47 222.56
580.98 224.03
569.29 225.19
565.78 210.00
559.35 210.58
553.51 209.71
554.68 215.26
545.03 209.71
547.37 213.50
540.65 212.34
534.22 205.61
528.96 208.24
523.41 205.61
518.44 204.15
511.43 198.89
503.83 200.35
496.81 203.28
492.43 199.19
484.54 199.19
463.79 196.26
465.25 205.32
457.07 204.15
457.36 209.41
450.64 204.45
479.57 209.41
488.92 214.09
535.39 196.26
558.48 204.45
554.39 201.82
562.57 204.45
563.74 200.65
559.06 193.93
566.95 193.93
542.99 203.28
571.92 215.26
579.52 216.14
589.16 210.58
582.15 208.24
592.67 221.10
588.58 216.72
586.82 227.24
583.32 231.62
612.25 224.03
606.11 228.99
602.60 221.98
613.42 230.75
623.06 228.41
627.15 228.41
623.94 214.97
617.51 216.43
629.78 216.14
612.83 200.94
607.28 210.00
609.33 208.54
606.40 207.08
601.14 202.98
590.62 198.89
583.32 201.82
576.89 199.19
591.79 205.61
600.27 193.93
594.71 194.22
588.28 192.76
573.67 194.51
554.39 194.22
501.78 226.95
616.92 271.08
627.74 271.37
630.66 264.94
619.85 258.80
632.41 247.70
625.11 238.35
624.52 251.79
631.54 203.28
635.92 202.69
632.12 200.06
635.04 212.34
638.84 205.91
642.64 210.58
640.60 200.35
635.92 230.45
644.39 225.49
643.81 218.77
641.76 233.38
642.64 262.31
649.07 268.74
652.28 263.48
659.30 262.02
661.93 266.69
663.97 271.66
663.10 276.34
654.62 253.54
665.44 252.96
658.71 247.40
652.28 242.44
670.11 256.17
400.67 360.21
654.62 259.39
656.67 231.04
661.64 216.72
669.53 222.86
687.06 233.67
678.88 229.58
688.81 258.51
685.89 272.54
675.08 271.95
680.92 266.11
693.78 260.85
693.49 249.16
704.89 255.59
695.83 274.00
700.21 271.66
707.52 281.01
711.02 288.90
716.28 295.62
732.07 302.93
722.71 300.88
756.32 371.61
756.03 353.78
754.28 339.17
758.37 330.11
752.52 322.80
759.54 321.05
748.72 312.28
744.05 310.53
739.37 297.67
751.35 302.64
761.29 309.36
766.26 309.36
759.24 299.42
730.60 283.35
724.18 287.73
716.28 282.18
724.18 274.00
723.88 279.55
736.16 274.58
737.03 282.18
729.73 267.86
748.72 272.83
759.54 274.29
764.80 268.45
746.39 267.28
765.67 263.48
766.26 256.17
752.23 238.35
759.83 247.70
763.34 235.71
763.92 226.66
750.77 224.03
738.20 224.61
727.97 225.19
710.44 230.75
707.23 244.77
706.64 237.18
697.87 241.27
713.65 245.36
719.79 254.71
713.36 260.56
718.33 264.94
711.61 276.92
708.10 273.71
638.55 248.87
672.74 229.29
683.26 239.81
647.61 210.00
645.56 202.69
649.07 197.14
672.16 198.31
667.19 212.63
756.91 211.46
764.80 205.32
760.12 201.52
748.72 199.19
751.94 205.32
747.85 211.46
739.37 200.35
736.16 213.50
726.51 213.50
718.33 208.54
713.95 212.34
708.10 219.35
716.58 223.15
692.32 207.95
695.24 221.98
700.80 216.14
704.60 212.04
697.29 208.24
705.47 195.39
711.32 198.89
688.52 193.05
688.81 228.41
673.03 209.71
682.39 221.10
681.51 210.00
682.39 194.22
660.47 201.82
748.43 423.92
688.52 206.20
722.42 197.72
731.19 205.91
467.30 285.10
382.55 380.66
735.86 236.01
732.07 238.64
665.14 219.35
603.19 282.47
539.48 286.86
713.07 202.98
693.49 202.69
681.51 201.52
756.32 208.83
466.13 214.97
421.71 204.45
699.04 231.92
702.55 230.75
739.66 243.61
748.87 553.52
709.13 501.50
684.58 499.17
734.84 486.89
727.83 479.29
788.61 499.17
679.46 494.73
704.30 482.16
691.44 471.93
708.98 467.26
748.14 471.35
741.42 461.12
729.14 462.00
781.45 475.15
815.06 472.52
796.65 460.83
798.70 444.46
774.44 449.14
769.76 436.28
766.84 420.50
648.19 464.63
633.87 464.92
643.52 477.78
650.24 475.15
656.96 485.96
666.90 485.38
647.61 502.62
635.92 497.36
619.85 492.10
604.07 487.42
618.68 474.56
612.54 469.89
587.70 484.21
619.55 523.08
592.67 543.24
616.92 576.26
664.85 573.92
590.04 570.42
673.33 561.07
554.39 547.92
550.00 597.89
519.61 552.59
473.14 580.06
457.65 568.37
479.86 565.45
713.36 493.56
726.81 501.74
728.56 492.68
581.27 470.77
573.97 467.26
531.30 478.66
495.06 487.42
485.42 485.38
477.53 479.82
476.65 499.11
500.32 505.25
502.07 525.41
471.97 523.66
465.25 520.15
474.31 514.31
452.10 526.87
422.88 515.77
423.76 554.35
416.74 555.81
466.13 559.61
415.28 524.24
431.94 502.62
452.10 490.05
476.36 470.18
516.39 478.36
556.43 475.73
570.75 497.94
584.78 511.09
595.30 515.77
592.38 532.72
572.50 533.30
578.93 530.97
553.80 521.61
544.74 513.72
607.57 514.31
611.66 397.71
451.81 436.28
486.59 585.91
604.94 476.61
536.85 357.38
540.65 535.93
540.36 523.66
529.84 522.78
421.42 481.87
415.57 462.00
445.67 383.39
544.45 490.05
536.85 493.27
474.02 543.82
528.67 584.74
730.60 544.70
792.56 545.29
762.75 511.68
864.45 466.67
799.28 407.06
783.79 375.50
777.95 358.55
787.88 351.82
800.74 354.16
767.13 372.87
803.08 398.00
858.90 474.56
661.93 417.58
504.70 359.42
403.01 580.35
406.22 566.33
393.07 550.55
401.25 544.12
386.64 530.09
363.85 594.97
300.72 606.66
307.74 601.69
270.33 602.56
284.36 609.58
295.17 588.54
297.80 577.72
222.70 588.54
385.18 480.41
414.40 490.64
320.89 503.79
290.49 467.55
241.40 493.27
224.74 491.81
218.90 499.99
232.34 521.61
208.38 530.09
217.73 542.07
192.30 477.19
173.60 465.21
169.22 477.78
155.19 483.33
187.04 531.26
181.78 466.09
176.52 412.03
163.66 405.89
246.66 392.45
258.64 386.31
268.87 385.72
260.39 357.38
280.85 367.31
224.74 382.51
232.05 370.82
241.69 360.30
244.91 358.84
193.76 375.79
175.06 399.46
176.23 392.74
165.71 386.02
153.73 371.40
137.95 530.09
206.33 488.01
248.70 517.82
318.26 540.03
431.65 511.68
105.51 588.24
124.50 595.84
132.10 562.53
191.72 299.42
154.31 287.73
155.19 281.89
143.79 272.83
123.04 283.93
115.44 276.63
94.70 286.27
89.14 274.87
76.87 278.38
56.70 283.35
97.03 248.57
99.08 238.05
117.49 237.18
92.94 228.99
84.76 226.66
79.21 228.99
170.97 393.23
277.93 338.29
268.87 336.83
256.30 324.26
164.54 334.20
156.65 328.94
159.57 342.09
147.01 349.40
173.89 354.36
172.72 348.52
187.63 369.56
221.53 289.49
215.68 274.58
226.49 270.78
201.36 276.63
213.93 263.19
181.49 269.03
190.26 268.74
171.26 308.48
156.65 271.08
170.39 268.74
156.36 248.57
150.51 252.37
141.75 260.56
169.22 261.14
158.70 261.14
177.40 228.99
185.29 246.53
216.85 242.44
127.72 187.50
123.92 171.13
88.56 184.28
87.68 180.19
83.59 197.43
96.74 201.23
85.34 155.35
94.40 162.36
265.65 270.20
271.50 270.49
274.13 272.24
267.99 269.03
345.44 323.09
367.65 323.68
339.88 338.29
320.30 372.48
271.50 371.02
269.16 391.77
259.52 394.11
275.30 239.22
292.83 259.09
258.06 304.68
471.39 165.58
489.80 180.19
491.55 177.56
498.28 183.99
500.32 177.56
506.46 174.35
509.97 173.76
507.34 185.45
453.27 190.71
463.21 189.25
475.48 192.46
480.16 191.29
483.37 189.83
489.51 188.08
433.98 235.42
394.53 248.87
166.00 224.90
116.91 219.64
80.08 316.08
79.79 366.93
59.92 359.33
79.50 384.46
145.25 396.15
450.64 164.41
476.65 305.27
495.35 240.10
441.58 186.91
507.34 164.41
499.74 158.56
492.14 159.73
496.23 164.41
492.72 167.33
505.58 169.67
477.82 163.53
481.33 161.19
211.88 214.97
292.25 275.46
328.49 279.84
468.47 311.11
217.73 217.01
657.25 207.57
654.33 202.89
793.44 198.22
788.47 194.42
772.69 198.80
775.90 201.43
785.55 202.31
788.18 197.63
775.02 185.07
770.35 187.99
758.95 186.53
753.40 189.45
765.38 195.00
756.61 196.46
759.54 195.59
734.70 190.33
735.86 180.10
729.73 180.68
719.21 178.05
723.88 204.06
783.21 176.88
771.81 159.93
773.86 152.63
759.83 157.30
757.78 164.61
761.58 163.73
751.35 156.72
741.13 156.43
734.11 156.43
727.97 156.43
724.18 158.47
751.06 173.67
743.17 170.45
739.37 166.36
748.43 167.24
761.00 169.87
756.91 151.75
686.18 176.59
684.43 180.98
693.20 185.65
703.13 188.57
713.07 183.90
713.95 185.65
659.01 190.03
649.95 192.37
637.97 187.99
644.39 179.51
647.90 180.10
637.97 183.90
631.83 178.05
636.50 173.67
631.54 170.16
635.92 165.78
630.95 164.61
640.60 166.07
635.34 158.47
642.93 158.47
786.13 241.76
782.91 239.72
771.52 244.10
775.61 252.57
783.21 265.72
791.39 282.67
782.62 280.04
770.93 276.83
769.47 260.46
759.83 268.65
774.73 237.67
780.58 230.36
784.67 230.36
792.56 232.99
596.47 280.04
574.26 300.21
581.86 299.04
515.81 295.53
482.20 292.32
782.33 208.15
787.30 218.67
791.39 215.46
785.84 213.41
777.65 213.41
794.02 216.04
728.56 117.85
715.12 113.18
613.71 159.35
618.39 171.04
616.63 175.72
627.15 181.27
625.98 164.90
625.11 192.66
617.51 186.24
611.66 189.16
603.77 185.65
616.92 194.42
597.64 181.85
599.10 167.82
602.02 166.95
597.64 162.56
587.70 165.19
587.99 171.33
582.44 160.52
580.69 164.90
569.87 169.58
581.56 182.44
565.49 173.67
561.98 166.36
559.65 159.93
562.57 154.67
566.66 157.01
570.75 161.69
547.66 171.62
550.00 176.88
544.74 168.99
565.20 187.11
572.50 187.11
566.66 181.85
571.04 183.90
577.76 176.01
537.44 186.82
538.02 177.18
552.05 183.02
536.85 171.33
538.60 159.06
532.76 159.06
543.57 153.21
587.99 154.09
832.89 213.41
784.08 305.47
579.52 122.53
605.23 121.07
594.42 119.90
596.18 115.81
605.53 114.93
618.68 110.55
629.49 119.61
632.12 107.92
680.63 124.87
689.40 121.07
691.44 112.01
679.76 114.64
698.75 109.38
655.79 105.29
596.47 97.69
550.00 124.87
546.20 117.27
556.14 115.81
535.68 109.96
521.65 113.76
535.39 115.22
545.03 106.45
553.51 105.87
566.37 101.49
574.26 101.49
579.81 102.07
584.78 96.52
575.13 96.52
566.37 96.81
552.63 96.81
544.74 96.81
523.12 106.75
728.56 126.33
696.12 123.11
562.86 129.25
559.06 133.05
554.97 135.68
545.33 135.68
598.81 130.71
482.79 119.90
476.94 124.28
712.49 148.54
666.02 163.44
669.23 171.62
684.72 169.58
677.13 167.82
689.69 161.98
684.72 156.43
650.53 159.06
653.45 168.41
654.62 176.30
648.78 171.33
651.70 165.19
645.86 166.36
659.01 173.08
661.34 156.43
657.84 195.00
686.77 216.04
693.78 145.03
720.67 164.90
732.65 173.67
630.66 151.17
622.77 150.00
599.39 152.63
521.07 132.17
918.22 242.00
738.79 175.08
775.61 306.87
779.41 301.32
775.32 301.32
784.38 310.38
996.83 196.70
792.56 237.61
803.37 231.48
731.77 231.48
718.91 229.14
721.25 224.17
690.57 220.96
633.29 259.82
231.61 404.48
205.31 460.59
209.40 469.94
246.22 455.33
254.40 474.03
553.07 445.40
602.17 433.12
318.70 434.87
186.60 278.82
896.74 469.94
928.30 468.77
916.61 464.68
947.59 467.02
1018.90 476.96
1010.71 476.96
527.94 463.51
512.16 468.77
458.39 123.93
469.64 279.55
374.37 328.65
288.16 346.18
596.76 173.47
443.34 178.14
260.98 325.72
397.45 349.98
369.98 348.81
369.11 342.97
381.09 352.03
346.60 349.40
441.87 247.11
554.09 247.11
439.54 125.83
257.18 344.14
494.18 121.74
495.35 111.22
702.70 452.99
719.06 450.07
944.08 426.69
482.20 108.71
482.20 102.06
480.15 96.95
489.36 95.41
499.59 94.90
511.86 106.16
515.96 102.06
525.67 95.93
533.35 97.97
505.73 130.20
513.91 135.82
497.54 133.26
485.27 133.78
518.51 146.56
443.33 113.32
464.30 117.41
471.97 116.39
459.18 103.60
458.67 99.51
464.30 96.95
471.97 95.93
438.72 12.55
424.91 20.74
468.39 16.13
478.62 22.27
491.92 22.78
487.82 15.62
499.59 16.65
513.91 17.16
524.14 16.13
539.49 13.06
545.62 12.55
547.67 22.78
571.71 19.71
576.82 19.71
577.85 16.13
571.71 14.09
589.61 15.62
600.86 17.16
607.51 17.16
614.16 13.58
619.28 17.67
626.95 23.29
627.97 13.58
631.04 18.69
646.39 19.71
641.78 14.09
661.73 18.69
670.43 16.13
682.70 15.11
700.09 20.23
723.11 14.60
729.25 17.16
737.94 22.27
756.87 19.71
887.04 22.27
918.75 21.25
844.08 20.23
832.31 19.20
809.81 20.74
787.30 19.20
901.36 201.80
898.29 203.85
896.76 210.50
891.64 216.13
892.67 220.73
885.00 201.80
890.62 195.15
916.71 195.15
913.13 190.55
960.18 192.60
966.32 200.27
969.39 206.41
975.53 203.85
977.06 206.92
260.72 575.48
259.19 593.38
243.33 593.89
274.53 583.66
274.53 563.71
294.48 538.65
304.71 563.20
319.55 560.13
358.42 463.97
366.09 490.57
333.87 445.05
327.73 440.95
326.71 424.59
363.53 431.75
352.79 434.82
357.91 439.93
346.14 439.42
335.40 465.51
339.49 481.87
355.35 490.57
357.91 507.45
334.89 528.42
273.51 535.07
273.51 515.12
309.32 499.26
317.50 493.64
226.45 467.04
233.62 452.21
277.60 378.04
291.41 363.21
325.17 363.72
331.31 366.79
333.36 346.84
323.13 344.28
336.42 401.06
360.46 400.03
376.32 407.71
384.50 402.59
387.57 342.24
378.88 333.03
168.14 605.00
234.64 607.05
137.46 609.09
153.82 601.93
126.20 570.22
152.80 423.93
191.93 263.18
184.26 260.11
218.53 256.53
151.52 231.98
142.31 247.33
125.44 259.09
51.27 211.52
21.09 211.01
29.28 218.68
35.41 230.96
33.88 239.14
45.64 227.89
8.30 236.07
16.49 187.48
14.44 179.81
10.86 169.58
36.44 161.91
36.95 158.33
46.67 160.88
42.06 158.33
43.60 153.72
48.71 148.61
51.78 141.45
55.36 145.03
57.41 139.91
62.52 142.98
62.52 136.84
79.40 134.80
87.59 135.82
88.10 129.68
82.47 127.13
91.17 123.03
84.00 118.43
87.07 146.05
78.89 149.63
77.87 161.91
78.38 170.09
92.70 179.81
89.63 173.16
95.26 173.67
116.23 163.95
118.27 167.02
119.81 177.76
122.88 166.00
56.90 170.60
54.34 164.47
59.96 156.79
60.48 148.61
54.34 154.75
60.99 174.18
50.76 171.63
48.20 182.37
39.51 190.55
43.60 172.65
28.76 159.35
17.51 161.40
19.05 158.84
188.86 14.09
241.03 2.32
187.33 227.89
170.96 175.72
166.35 175.72
184.77 172.14
178.12 175.72
210.85 156.79
229.27 113.83
332.59 126.10
461.99 132.24
467.11 123.03
471.20 126.10
451.25 108.71
456.88 112.81
436.93 108.71
437.95 113.32
427.21 113.83
422.61 108.71
26.97 570.22
5.49 576.36
168.14 518.05
758.40 492.47
765.56 476.10
769.65 466.90
958.91 476.10
977.32 480.20
994.71 474.06
