17.38 387.57
57.96 378.65
7.64 301.54
19.81 327.51
36.05 305.59
46.60 327.51
54.71 350.24
118.84 354.30
157.80 364.85
10.88 270.69
14.94 254.46
22.25 247.96
40.92 234.98
44.97 263.39
40.92 252.02
28.74 278.81
19.81 293.42
382.64 393.26
333.94 399.75
260.07 395.69
270.62 364.04
243.84 361.60
249.52 344.56
247.90 330.76
244.65 322.64
230.85 335.63
214.62 317.77
205.69 305.59
226.79 290.17
206.50 282.87
399.68 321.83
355.04 299.91
358.29 263.39
318.51 260.95
290.92 290.17
281.18 291.80
272.25 276.37
277.12 253.65
260.07 252.02
229.23 265.01
154.55 325.07
164.29 316.15
150.49 286.11
156.18 273.13
158.61 261.76
107.47 312.09
73.38 291.80
72.57 272.31
79.06 261.76
67.70 248.78
76.63 244.72
84.75 234.98
89.62 219.56
109.91 242.28
92.86 255.27
108.29 282.87
111.53 270.69
109.10 259.33
118.84 242.28
123.71 232.54
119.65 209.81
11.69 219.56
29.55 209.81
28.74 189.52
14.13 189.52
6.82 15.01
10.07 6.89
7.64 23.94
19.00 20.69
23.06 15.01
32.80 7.70
33.61 12.57
31.99 18.26
24.68 23.94
16.56 37.74
25.49 32.06
5.20 35.30
4.39 43.42
44.97 10.14
52.28 16.63
62.02 15.01
60.40 21.50
86.37 9.33
92.86 23.94
93.68 18.26
99.36 18.26
99.36 26.37
85.56 19.07
97.73 10.95
80.69 21.50
70.14 28.00
43.35 26.37
64.45 43.42
56.34 44.23
56.34 29.62
56.34 35.30
44.97 37.74
35.23 37.74
39.29 43.42
42.54 46.67
36.86 46.67
30.36 43.42
20.62 45.04
13.32 45.04
10.07 54.78
20.62 54.78
4.39 58.03
9.26 64.52
216.24 252.02
230.85 234.98
240.59 236.60
238.16 225.24
260.07 236.60
248.71 230.92
270.62 234.98
286.05 238.22
294.97 242.28
329.88 221.99
329.88 209.00
345.30 214.69
362.34 219.56
374.52 197.64
397.25 197.64
391.56 120.53
385.07 121.34
368.03 128.65
359.10 175.72
331.50 188.71
321.76 194.39
310.40 191.96
61.21 180.59
75.01 177.35
87.99 160.30
75.82 157.87
75.82 147.31
63.64 146.50
43.35 172.48
185.40 381.89
11.69 155.43
8.45 145.69
10.88 113.22
2.77 122.15
0.33 93.74
16.56 92.12
6.82 92.12
6.82 84.81
17.38 63.71
21.44 66.15
33.61 75.89
27.93 86.44
22.25 84.81
29.55 80.76
35.23 84.81
40.92 78.32
49.84 75.07
37.67 98.61
46.60 92.12
42.54 109.17
29.55 106.73
18.19 105.92
27.12 96.18
9.26 103.48
14.13 135.95
14.13 126.21
31.99 118.09
57.96 118.91
52.28 109.98
51.47 101.86
62.83 86.44
59.58 79.13
52.28 65.33
48.22 52.35
39.29 56.41
32.80 52.35
56.34 54.78
48.22 63.71
43.35 69.39
62.02 53.16
79.06 32.87
75.82 39.36
67.70 64.52
58.77 61.28
74.19 52.35
69.32 46.67
81.50 66.96
78.25 75.07
67.70 92.12
67.70 101.86
69.32 110.79
60.40 107.54
44.16 135.95
60.40 129.46
67.70 128.65
20.62 150.56
38.48 152.19
42.54 145.69
40.10 160.30
73.38 205.76
61.21 196.02
58.77 212.25
92.05 209.81
81.50 190.33
105.85 178.16
128.58 192.77
129.39 186.28
122.08 183.84
111.53 167.61
123.71 164.36
131.82 162.74
130.20 151.37
120.46 151.37
97.73 130.27
80.69 123.78
89.62 126.21
96.11 115.66
83.12 114.85
78.25 106.73
78.25 101.86
75.01 92.12
84.75 96.18
85.56 80.76
87.18 66.15
88.81 54.78
92.86 46.67
86.37 44.23
93.68 37.74
86.37 32.87
101.79 37.74
113.16 15.01
121.27 15.01
126.14 6.89
138.32 9.33
129.39 15.01
128.58 18.26
122.08 20.69
113.97 26.37
110.72 20.69
134.26 26.37
134.26 32.06
150.49 23.94
152.93 10.95
156.99 18.26
173.22 12.57
195.14 9.33
212.18 9.33
205.69 15.01
205.69 20.69
215.43 15.82
214.62 20.69
191.89 15.01
191.89 20.69
175.66 18.26
182.96 20.69
166.73 26.37
173.22 32.06
180.53 38.55
182.96 32.06
191.08 35.30
191.89 24.75
199.19 32.06
204.88 35.30
219.49 37.74
228.42 38.55
224.36 26.37
227.60 13.39
253.58 9.33
264.94 12.57
256.01 26.37
264.94 29.62
260.88 22.31
272.25 15.01
111.53 115.66
104.23 126.21
114.78 122.96
121.27 126.21
126.14 116.47
125.33 96.18
125.33 86.44
132.64 83.19
117.21 78.32
112.34 75.07
122.08 67.77
113.16 63.71
107.47 52.35
109.10 43.42
114.78 37.74
118.03 52.35
135.88 46.67
127.77 37.74
139.13 35.30
118.03 32.06
160.23 33.68
156.99 23.94
152.12 37.74
163.48 43.42
166.73 37.74
156.18 46.67
148.06 46.67
140.75 54.78
136.69 58.84
156.99 52.35
149.68 58.03
143.19 64.52
145.62 73.45
137.51 76.70
140.75 84.00
150.49 86.44
152.12 92.12
144.00 88.87
139.94 94.56
127.77 109.17
93.68 66.96
97.73 103.48
105.04 98.61
112.34 101.86
109.10 106.73
163.48 230.92
186.21 231.73
139.13 231.73
149.68 209.00
160.23 216.31
167.54 206.57
148.87 188.71
149.68 158.68
143.19 143.26
139.13 126.21
134.26 115.66
144.81 110.79
152.12 98.61
158.61 121.34
150.49 117.28
155.36 130.27
159.42 137.57
170.79 130.27
170.79 120.53
172.41 114.85
178.90 109.17
172.41 109.17
180.53 97.80
175.66 87.25
167.54 66.15
157.80 67.77
171.60 58.84
185.40 49.10
190.27 52.35
193.51 47.48
185.40 64.52
174.84 54.78
251.14 29.62
250.33 39.36
270.62 49.10
263.32 52.35
259.26 63.71
256.82 49.10
262.51 40.98
259.26 32.87
284.42 35.30
280.36 28.00
272.25 29.62
281.99 49.91
299.84 52.35
295.79 27.19
311.21 39.36
330.69 71.83
326.63 44.23
276.31 37.74
269.00 66.96
272.25 76.70
288.48 86.44
299.84 79.13
303.90 90.50
328.25 83.19
337.18 75.07
343.68 86.44
350.98 105.11
353.42 84.00
359.91 106.73
342.05 123.78
301.47 107.54
313.64 95.37
317.70 112.41
296.60 101.86
178.96 221.14
180.85 205.36
178.96 194.95
173.91 188.64
161.91 163.08
174.22 164.03
163.49 147.62
152.13 141.62
172.64 147.30
183.69 130.89
187.79 99.65
190.32 89.87
199.15 86.08
198.20 95.23
195.68 106.28
190.00 120.79
190.63 135.94
192.52 150.77
192.21 158.34
202.94 163.71
204.83 155.19
217.77 120.48
219.35 110.38
207.99 80.71
235.13 88.29
241.12 85.13
254.38 107.54
232.29 115.43
240.49 125.53
249.33 122.69
248.38 143.83
231.02 148.25
225.66 158.34
214.30 157.40
240.18 157.08
228.82 164.03
249.96 167.81
263.84 152.03
271.42 144.14
283.41 149.19
294.77 132.15
304.55 152.66
313.39 167.81
329.80 155.82
276.78 170.02
202.62 199.05
217.45 190.53
223.13 204.10
249.01 198.74
249.01 189.90
258.16 214.52
278.36 203.16
295.40 187.06
290.67 172.86
299.50 174.75
209.57 227.45
210.51 215.46
125.62 260.27
228.82 105.96
225.98 100.91
276.15 93.02
272.36 131.52
266.37 126.16
305.50 187.06
194.32 72.64
199.19 58.84
205.69 46.67
201.63 43.42
213.81 54.78
220.30 62.09
215.43 66.96
217.86 71.02
212.18 73.45
233.29 66.96
237.34 67.77
232.47 75.89
240.59 75.89
178.90 58.84
243.03 45.04
341.24 149.75
374.52 186.28
372.08 174.91
294.97 201.70
286.05 189.52
98.55 49.10
188.64 56.41
193.51 58.03
353.42 195.20
342.05 200.07
338.81 167.61
217.05 169.23
