166.35 392.87
113.59 373.39
90.86 349.04
64.08 372.57
11.32 376.63
12.94 325.50
43.79 295.46
70.57 271.11
92.49 308.45
105.47 331.18
129.82 299.52
163.92 335.24
180.96 347.41
222.36 369.33
265.38 372.57
305.96 363.65
50.93 209.75
44.55 202.51
36.14 197.87
18.46 208.01
7.45 199.61
19.62 255.55
79.04 227.43
86.58 208.01
72.66 188.88
86.00 191.49
112.95 184.25
61.36 186.56
125.13 190.91
139.04 188.30
150.34 197.58
148.32 186.27
166.58 185.40
195.27 185.40
209.47 203.09
228.89 196.42
228.89 182.22
224.84 226.27
209.76 219.03
219.91 243.37
199.62 243.37
173.53 238.45
163.97 244.24
144.26 244.82
139.62 231.20
128.61 246.27
113.53 244.24
117.30 254.68
159.86 275.17
176.90 305.20
200.44 309.26
189.89 284.10
195.57 262.19
206.94 274.36
219.11 278.42
241.84 267.06
255.64 286.54
232.91 336.05
267.81 312.51
284.05 290.59
294.60 312.51
302.71 335.24
366.84 339.30
258.88 255.69
243.46 242.70
262.94 239.46
270.25 232.96
288.92 219.98
292.97 248.39
288.92 237.02
276.74 263.81
267.81 278.42
88.43 176.96
74.98 76.44
64.01 75.39
45.73 84.27
36.85 77.48
23.79 89.49
12.83 90.02
79.68 102.55
71.33 95.24
59.83 109.86
68.19 117.18
29.02 120.83
10.74 131.80
27.45 135.98
13.87 147.47
100.05 121.36
91.70 111.95
96.40 104.12
98.49 95.76
108.93 100.98
109.98 71.73
126.69 72.26
132.96 102.55
128.26 111.95
100.58 145.90
84.91 142.25
72.37 152.17
64.01 172.02
22.75 174.11
15.96 183.51
165.34 165.23
157.51 173.06
150.20 160.53
140.79 157.40
136.09 146.43
121.99 145.90
115.72 161.05
156.46 123.97
160.64 113.52
159.08 98.90
145.50 90.02
136.62 93.67
147.58 74.87
162.21 69.65
153.33 69.12
134.53 64.42
126.69 55.54
126.17 42.48
130.87 38.31
137.14 17.94
132.44 57.11
150.72 27.34
165.34 21.59
160.64 17.94
164.30 11.15
158.55 8.01
162.73 45.62
167.96 59.20
164.82 53.98
154.37 62.85
172.13 73.30
162.73 91.58
167.43 98.90
180.49 171.50
398.49 271.11
355.47 297.09
321.38 276.80
320.57 257.31
327.06 246.76
315.70 233.78
324.63 229.72
332.75 219.98
337.62 204.56
357.91 227.28
340.86 240.27
356.29 267.87
359.53 255.69
357.10 244.33
366.84 227.28
371.71 217.54
367.65 194.81
259.69 204.56
277.55 194.81
276.74 174.52
262.13 174.52
245.90 160.72
235.34 139.62
201.25 132.31
201.25 150.98
188.27 156.67
174.47 152.61
97.36 77.12
42.97 112.83
157.42 37.35
176.90 14.62
182.58 0.01
193.14 5.69
188.27 11.37
183.40 25.98
179.34 20.30
179.34 32.48
187.45 32.48
187.45 38.16
185.02 45.46
202.06 43.03
206.94 39.78
214.24 43.03
209.37 46.28
187.45 56.02
179.34 52.77
196.38 64.13
201.25 54.39
218.30 52.77
217.49 60.07
214.24 69.81
215.05 75.50
206.12 77.12
198.82 73.87
189.08 75.50
187.45 66.57
185.83 79.56
180.96 90.11
185.02 94.17
196.38 85.24
209.37 91.73
230.47 80.37
239.40 65.76
239.40 73.87
239.40 52.77
232.10 45.46
234.53 31.67
228.85 9.75
254.82 0.01
238.59 3.26
223.17 1.63
215.05 0.01
215.05 15.43
247.52 8.94
255.64 8.94
267.00 5.69
271.06 0.01
279.99 3.26
272.68 8.94
264.56 22.74
273.49 17.06
253.20 20.30
252.39 28.42
234.53 25.98
238.59 14.62
236.16 22.74
219.11 28.42
211.81 23.55
201.25 21.11
200.44 11.37
199.63 5.69
201.25 0.82
193.14 22.74
186.64 3.26
300.28 1.63
310.02 0.01
308.40 6.50
340.86 8.94
341.68 3.26
347.36 3.26
347.36 11.37
333.56 4.07
328.69 6.50
318.14 13.00
291.35 11.37
312.45 28.42
304.34 29.23
304.34 14.62
304.34 20.30
292.97 22.74
283.23 22.74
287.29 28.42
290.54 31.67
284.86 31.67
278.36 28.42
268.62 30.04
261.32 30.04
258.07 39.78
268.62 39.78
252.39 43.03
243.46 38.16
257.26 49.52
243.46 51.15
309.21 165.59
323.01 162.35
335.99 145.30
323.82 142.87
323.82 132.31
311.64 131.50
291.35 157.48
259.69 140.43
256.45 130.69
244.27 139.62
258.88 98.22
250.77 107.15
227.23 105.53
211.81 97.41
219.11 109.59
191.51 112.02
190.70 106.34
196.38 99.85
183.40 120.14
220.73 163.97
228.04 174.52
248.33 78.74
264.56 77.12
254.82 77.12
254.82 69.81
265.38 48.71
269.44 51.15
281.61 60.89
275.93 71.44
270.25 69.81
277.55 65.76
283.23 69.81
288.92 63.32
297.84 60.07
285.67 83.61
294.60 77.12
290.54 94.17
277.55 91.73
266.19 90.92
275.12 81.18
257.26 88.48
233.72 94.98
228.85 98.22
262.13 120.95
262.13 111.21
279.99 103.09
305.96 103.91
300.28 94.98
299.47 86.86
310.83 71.44
307.58 64.13
300.28 50.33
296.22 37.35
287.29 41.41
280.80 37.35
304.34 39.78
296.22 48.71
291.35 54.39
310.02 38.16
327.06 17.87
323.82 24.36
315.70 49.52
306.77 46.28
322.19 37.35
317.32 31.67
329.50 51.96
326.25 60.07
315.70 77.12
315.70 86.86
317.32 95.79
308.40 92.54
292.16 120.95
308.40 114.46
315.70 113.65
268.62 135.56
286.48 137.19
290.54 130.69
288.10 145.30
321.38 190.76
309.21 181.02
306.77 197.25
340.05 194.81
329.50 175.33
353.85 163.16
376.58 177.77
377.39 171.28
370.08 168.84
359.53 152.61
371.71 149.36
379.82 147.74
378.20 136.37
368.46 136.37
345.73 115.27
328.69 108.78
337.62 111.21
344.11 100.66
331.12 99.85
326.25 91.73
326.25 86.86
323.01 77.12
332.75 81.18
333.56 65.76
335.18 51.15
336.81 39.78
340.86 31.67
334.37 29.23
341.68 22.74
334.37 17.87
349.79 22.74
361.16 0.01
369.27 0.01
377.39 0.01
376.58 3.26
370.08 5.69
361.97 11.37
358.72 5.69
382.26 11.37
382.26 17.06
398.49 8.94
359.53 100.66
352.23 111.21
362.78 107.96
369.27 111.21
374.14 101.47
373.33 81.18
373.33 71.44
380.64 68.19
365.21 63.32
360.34 60.07
370.08 52.77
361.16 48.71
355.47 37.35
357.10 28.42
362.78 22.74
366.03 37.35
383.88 31.67
375.77 22.74
387.13 20.30
366.03 17.06
396.06 31.67
388.75 39.78
384.69 43.84
397.68 43.03
391.19 49.52
393.62 58.45
385.51 61.70
388.75 69.00
398.49 71.44
392.00 73.87
387.94 79.56
375.77 94.17
341.68 51.96
345.73 88.48
353.04 83.61
360.34 86.86
357.10 91.73
387.13 216.73
397.68 194.00
396.87 173.71
397.68 143.68
391.19 128.26
387.13 111.21
382.26 100.66
392.81 95.79
398.49 102.28
373.62 245.27
346.55 34.10
134.69 174.52
