26.68 474.93
71.32 484.67
136.26 446.52
170.35 414.87
217.43 463.57
166.29 490.35
117.59 395.39
94.86 371.04
68.08 394.57
15.32 398.63
16.94 347.50
47.79 317.46
74.57 293.11
96.49 330.45
109.47 353.18
133.82 321.52
167.92 357.24
184.96 369.41
226.36 391.33
221.49 431.91
269.38 394.57
278.31 469.25
260.45 494.41
319.70 429.48
309.96 385.65
54.93 231.75
48.55 224.51
40.14 219.87
22.46 230.01
11.45 221.61
23.62 277.55
83.04 249.43
90.58 230.01
76.66 210.88
90.00 213.49
116.95 206.25
65.36 208.56
129.13 212.91
143.04 210.30
154.34 219.58
152.32 208.27
170.58 207.40
199.27 207.40
213.47 225.09
232.89 218.42
232.89 204.22
228.84 248.27
213.76 241.03
223.91 265.37
203.62 265.37
177.53 260.45
167.97 266.24
148.26 266.82
143.62 253.20
132.61 268.27
117.53 266.24
121.30 276.68
163.86 297.17
180.90 327.20
204.44 331.26
193.89 306.10
199.57 284.19
210.94 296.36
223.11 300.42
245.84 289.06
259.64 308.54
236.91 358.05
271.81 334.51
288.05 312.59
298.60 334.51
306.71 357.24
370.84 361.30
409.80 371.85
415.48 407.56
390.32 435.16
429.28 457.07
356.23 492.79
262.88 277.69
247.46 264.70
266.94 261.46
274.25 254.96
292.92 241.98
296.97 270.39
292.92 259.02
280.74 285.81
271.81 300.42
3.14 310.16
92.43 198.96
78.98 98.44
68.01 97.39
49.73 106.27
40.85 99.48
27.79 111.49
16.83 112.02
3.25 122.98
83.68 124.55
75.33 117.24
63.83 131.86
72.19 139.18
33.02 142.83
14.74 153.80
31.45 157.98
17.87 169.47
104.05 143.36
95.70 133.95
100.40 126.12
102.49 117.76
112.93 122.98
113.98 93.73
130.69 94.26
136.96 124.55
132.26 133.95
104.58 167.90
88.91 164.25
76.37 174.17
68.01 194.02
26.75 196.11
19.96 205.51
169.34 187.23
161.51 195.06
154.20 182.53
144.79 179.40
140.09 168.43
125.99 167.90
119.72 183.05
160.46 145.97
164.64 135.52
163.08 120.90
149.50 112.02
140.62 115.67
151.58 96.87
166.21 91.65
157.33 91.12
138.53 86.42
130.69 77.54
130.17 64.48
134.87 60.31
141.14 39.94
136.44 79.11
154.72 49.34
169.34 43.59
164.64 39.94
168.30 33.15
162.55 30.01
166.73 67.62
171.96 81.20
168.82 75.98
158.37 84.85
176.13 95.30
166.73 113.58
171.43 120.90
184.49 193.50
660.61 458.70
632.20 431.91
634.64 400.26
602.98 431.10
580.25 461.13
585.94 406.75
546.16 409.19
531.55 435.97
512.07 402.69
522.62 371.04
461.75 417.30
495.84 368.60
501.52 351.56
499.90 337.76
496.65 329.64
482.85 342.63
466.62 324.77
457.69 312.59
478.79 297.17
458.50 289.87
651.68 328.83
654.12 278.50
607.04 306.91
610.29 270.39
570.51 267.95
542.92 297.17
533.18 298.80
524.25 283.37
529.12 260.65
512.07 259.02
481.23 272.01
406.55 332.07
416.29 323.15
402.49 293.11
408.18 280.13
410.61 268.76
359.47 319.09
325.38 298.80
324.57 279.31
331.06 268.76
319.70 255.78
328.63 251.72
336.75 241.98
341.62 226.56
361.91 249.28
344.86 262.27
360.29 289.87
363.53 277.69
361.10 266.33
370.84 249.28
375.71 239.54
371.65 216.81
263.69 226.56
281.55 216.81
280.74 196.52
266.13 196.52
249.90 182.72
239.34 161.62
205.25 154.31
205.25 172.98
192.27 178.67
178.47 174.61
101.36 99.12
46.97 134.83
161.42 59.35
180.90 36.62
186.58 22.01
197.14 27.69
192.27 33.37
187.40 47.98
183.34 42.30
183.34 54.48
191.45 54.48
191.45 60.16
189.02 67.46
206.06 65.03
210.94 61.78
218.24 65.03
213.37 68.28
191.45 78.02
183.34 74.77
200.38 86.13
205.25 76.39
222.30 74.77
221.49 82.07
218.24 91.81
219.05 97.50
210.12 99.12
202.82 95.87
193.08 97.50
191.45 88.57
189.83 101.56
184.96 112.11
189.02 116.17
200.38 107.24
213.37 113.73
234.47 102.37
243.40 87.76
243.40 95.87
243.40 74.77
236.10 67.46
238.53 53.67
232.85 31.75
258.82 22.01
262.07 13.89
242.59 25.26
241.78 14.70
227.17 23.63
219.05 22.01
219.05 37.43
251.52 30.94
259.64 30.94
271.00 27.69
275.06 22.01
284.80 14.70
285.61 19.57
283.99 25.26
276.68 30.94
268.56 44.74
277.49 39.06
257.20 42.30
256.39 50.42
238.53 47.98
242.59 36.62
240.16 44.74
223.11 50.42
215.81 45.55
205.25 43.11
204.44 33.37
203.63 27.69
205.25 22.82
208.50 16.33
197.14 44.74
190.64 25.26
296.97 17.14
304.28 23.63
314.02 22.01
312.40 28.50
338.37 16.33
344.86 30.94
345.68 25.26
351.36 25.26
351.36 33.37
337.56 26.07
349.73 17.95
332.69 28.50
322.14 35.00
295.35 33.37
316.45 50.42
308.34 51.23
308.34 36.62
308.34 42.30
296.97 44.74
287.23 44.74
291.29 50.42
294.54 53.67
288.86 53.67
282.36 50.42
272.62 52.04
265.32 52.04
262.07 61.78
272.62 61.78
256.39 65.03
247.46 60.16
261.26 71.52
247.46 73.15
468.24 259.02
482.85 241.98
492.59 243.60
490.16 232.24
512.07 243.60
500.71 237.92
522.62 241.98
538.05 245.22
546.97 249.28
581.88 228.99
581.88 216.00
597.30 221.69
614.34 226.56
626.52 204.64
658.18 218.44
649.25 204.64
663.05 201.39
663.86 176.23
654.12 167.30
656.55 130.78
643.56 127.53
637.07 128.34
620.03 135.65
611.10 182.72
583.50 195.71
573.76 201.39
562.40 198.96
313.21 187.59
327.01 184.35
339.99 167.30
327.82 164.87
327.82 154.31
315.64 153.50
295.35 179.48
437.40 388.89
263.69 162.43
260.45 152.69
248.27 161.62
262.88 120.22
254.77 129.15
231.23 127.53
215.81 119.41
223.11 131.59
195.51 134.02
194.70 128.34
200.38 121.85
187.40 142.14
224.73 185.97
232.04 196.52
252.33 100.74
268.56 99.12
258.82 99.12
258.82 91.81
269.38 70.71
273.44 73.15
285.61 82.89
279.93 93.44
274.25 91.81
281.55 87.76
287.23 91.81
292.92 85.32
301.84 82.07
289.67 105.61
298.60 99.12
294.54 116.17
281.55 113.73
270.19 112.92
279.12 103.18
261.26 110.48
237.72 116.98
232.85 120.22
266.13 142.95
266.13 133.21
283.99 125.09
309.96 125.91
304.28 116.98
303.47 108.86
314.83 93.44
311.58 86.13
304.28 72.33
300.22 59.35
291.29 63.41
284.80 59.35
308.34 61.78
300.22 70.71
295.35 76.39
314.02 60.16
331.06 39.87
327.82 46.36
319.70 71.52
310.77 68.28
326.19 59.35
321.32 53.67
333.50 73.96
330.25 82.07
319.70 99.12
319.70 108.86
321.32 117.79
312.40 114.54
296.16 142.95
312.40 136.46
319.70 135.65
272.62 157.56
290.48 159.19
294.54 152.69
292.10 167.30
325.38 212.76
313.21 203.02
310.77 219.25
344.05 216.81
333.50 197.33
357.85 185.16
380.58 199.77
381.39 193.28
374.08 190.84
363.53 174.61
375.71 171.36
383.82 169.74
382.20 158.37
372.46 158.37
349.73 137.27
332.69 130.78
341.62 133.21
348.11 122.66
335.12 121.85
330.25 113.73
330.25 108.86
327.01 99.12
336.75 103.18
337.56 87.76
339.18 73.15
340.81 61.78
344.86 53.67
338.37 51.23
345.68 44.74
338.37 39.87
353.79 44.74
365.16 22.01
373.27 22.01
378.14 13.89
390.32 16.33
381.39 22.01
380.58 25.26
374.08 27.69
365.97 33.37
362.72 27.69
386.26 33.37
386.26 39.06
402.49 30.94
404.93 17.95
408.99 25.26
425.22 19.57
447.14 16.33
464.18 16.33
457.69 22.01
457.69 27.69
467.43 22.82
466.62 27.69
443.89 22.01
443.89 27.69
427.66 25.26
434.96 27.69
418.73 33.37
425.22 39.06
432.53 45.55
434.96 39.06
443.08 42.30
443.89 31.75
451.19 39.06
456.88 42.30
471.49 44.74
480.42 45.55
476.36 33.37
479.60 20.39
505.58 16.33
516.94 19.57
508.01 33.37
516.94 36.62
512.88 29.31
524.25 22.01
363.53 122.66
356.23 133.21
366.78 129.96
373.27 133.21
378.14 123.47
377.33 103.18
377.33 93.44
384.64 90.19
369.21 85.32
364.34 82.07
374.08 74.77
365.16 70.71
359.47 59.35
361.10 50.42
366.78 44.74
370.03 59.35
387.88 53.67
379.77 44.74
391.13 42.30
370.03 39.06
412.23 40.68
408.99 30.94
404.12 44.74
415.48 50.42
418.73 44.74
408.18 53.67
400.06 53.67
392.75 61.78
388.69 65.84
408.99 59.35
401.68 65.03
395.19 71.52
397.62 80.45
389.51 83.70
392.75 91.00
402.49 93.44
404.12 99.12
396.00 95.87
391.94 101.56
379.77 116.17
345.68 73.96
349.73 110.48
357.04 105.61
364.34 108.86
361.10 113.73
415.48 237.92
438.21 238.73
391.13 238.73
401.68 216.00
412.23 223.31
419.54 213.57
400.87 195.71
401.68 165.68
395.19 150.26
391.13 133.21
386.26 122.66
396.81 117.79
404.12 105.61
410.61 128.34
402.49 124.28
407.36 137.27
411.42 144.57
422.79 137.27
422.79 127.53
424.41 121.85
430.90 116.17
424.41 116.17
432.53 104.80
427.66 94.25
419.54 73.15
409.80 74.77
423.60 65.84
437.40 56.10
442.27 59.35
445.51 54.48
437.40 71.52
426.84 61.78
503.14 36.62
502.33 46.36
522.62 56.10
515.32 59.35
511.26 70.71
508.82 56.10
514.51 47.98
511.26 39.87
536.42 42.30
532.36 35.00
524.25 36.62
533.99 56.91
551.84 59.35
547.79 34.19
563.21 46.36
582.69 78.83
578.63 51.23
528.31 44.74
521.00 73.96
524.25 83.70
540.48 93.44
551.84 86.13
555.90 97.50
580.25 90.19
589.18 82.07
595.68 93.44
602.98 112.11
605.42 91.00
611.91 113.73
594.05 130.78
553.47 114.54
565.64 102.37
569.70 119.41
548.60 108.86
430.96 228.14
432.85 212.36
430.96 201.95
425.91 195.64
413.91 170.08
426.22 171.03
415.49 154.62
404.13 148.62
424.64 154.30
435.69 137.89
439.79 106.65
442.32 96.87
451.15 93.08
450.20 102.23
447.68 113.28
442.00 127.79
442.63 142.94
444.52 157.77
444.21 165.34
454.94 170.71
456.83 162.19
469.77 127.48
471.35 117.38
459.99 87.71
487.13 95.29
493.12 92.13
506.38 114.54
484.29 122.43
492.49 132.53
501.33 129.69
500.38 150.83
483.02 155.25
477.66 165.34
466.30 164.40
492.18 164.08
480.82 171.03
501.96 174.81
515.84 159.03
523.42 151.14
535.41 156.19
546.77 139.15
556.55 159.66
565.39 174.81
581.80 162.82
528.78 177.02
454.62 206.05
469.45 197.53
475.13 211.10
501.01 205.74
501.01 196.90
510.16 221.52
530.36 210.16
547.40 194.06
542.67 179.86
551.50 181.75
461.57 234.45
462.51 222.46
377.62 267.27
480.82 112.96
477.98 107.91
528.15 100.02
524.36 138.52
518.37 133.16
557.50 194.06
446.32 79.64
451.19 65.84
457.69 53.67
453.63 50.42
465.81 61.78
472.30 69.09
467.43 73.96
469.86 78.02
464.18 80.45
485.29 73.96
489.34 74.77
484.47 82.89
492.59 82.89
430.90 65.84
495.03 52.04
593.24 156.75
626.52 193.28
624.08 181.91
546.97 208.70
538.05 196.52
350.55 56.10
440.64 63.41
445.51 65.03
605.42 202.20
594.05 207.07
590.81 174.61
138.69 196.52
469.05 176.23
