109.26 399.52
143.35 367.87
90.59 348.39
67.86 324.04
41.08 347.57
20.79 270.46
47.57 246.11
69.49 283.45
82.47 306.18
106.82 274.52
140.92 310.24
157.96 322.41
199.36 344.33
194.49 384.91
242.38 347.57
292.70 382.48
282.96 338.65
27.93 184.75
21.55 177.51
13.14 172.87
56.04 202.43
63.58 183.01
49.66 163.88
63.00 166.49
89.95 159.25
38.36 161.56
102.13 165.91
116.04 163.30
127.34 172.58
125.32 161.27
143.58 160.40
172.27 160.40
186.47 178.09
205.89 171.42
205.89 157.22
201.84 201.27
186.76 194.03
196.91 218.37
176.62 218.37
150.53 213.45
140.97 219.24
121.26 219.82
116.62 206.20
105.61 221.27
90.53 219.24
94.30 229.68
136.86 250.17
153.90 280.20
177.44 284.26
166.89 259.10
172.57 237.19
183.94 249.36
196.11 253.42
218.84 242.06
232.64 261.54
209.91 311.05
244.81 287.51
261.05 265.59
271.60 287.51
279.71 310.24
343.84 314.30
382.80 324.85
388.48 360.56
363.32 388.16
235.88 230.69
220.46 217.70
239.94 214.46
247.25 207.96
265.92 194.98
269.97 223.39
265.92 212.02
253.74 238.81
244.81 253.42
65.43 151.96
51.98 51.44
41.01 50.39
22.73 59.27
13.85 52.48
0.79 64.49
56.68 77.55
48.33 70.24
36.83 84.86
45.19 92.18
6.02 95.83
4.45 110.98
77.05 96.36
68.70 86.95
73.40 79.12
75.49 70.76
85.93 75.98
86.98 46.73
103.69 47.26
109.96 77.55
105.26 86.95
77.58 120.90
61.91 117.25
49.37 127.17
41.01 147.02
142.34 140.23
134.51 148.06
127.20 135.53
117.79 132.40
113.09 121.43
98.99 120.90
92.72 136.05
133.46 98.97
137.64 88.52
136.08 73.90
122.50 65.02
113.62 68.67
124.58 49.87
139.21 44.65
130.33 44.12
111.53 39.42
103.69 30.54
103.17 17.48
107.87 13.31
109.44 32.11
127.72 2.34
139.73 20.62
144.96 34.20
141.82 28.98
131.37 37.85
149.13 48.30
139.73 66.58
144.43 73.90
157.49 146.50
379.55 285.07
389.29 276.15
375.49 246.11
381.18 233.13
383.61 221.76
332.47 272.09
298.38 251.80
297.57 232.31
304.06 221.76
292.70 208.78
301.63 204.72
309.75 194.98
314.62 179.56
334.91 202.28
317.86 215.27
333.29 242.87
336.53 230.69
334.10 219.33
343.84 202.28
348.71 192.54
344.65 169.81
236.69 179.56
254.55 169.81
253.74 149.52
239.13 149.52
222.90 135.72
212.34 114.62
178.25 107.31
178.25 125.98
165.27 131.67
151.47 127.61
74.36 52.12
19.97 87.83
134.42 12.35
160.40 0.98
156.34 7.48
164.45 7.48
164.45 13.16
162.02 20.46
179.06 18.03
183.94 14.78
191.24 18.03
186.37 21.28
164.45 31.02
156.34 27.77
173.38 39.13
178.25 29.39
195.30 27.77
194.49 35.07
191.24 44.81
192.05 50.50
183.12 52.12
175.82 48.87
166.08 50.50
164.45 41.57
162.83 54.56
157.96 65.11
162.02 69.17
173.38 60.24
186.37 66.73
207.47 55.37
216.40 40.76
216.40 48.87
216.40 27.77
209.10 20.46
211.53 6.67
229.39 3.42
211.53 0.98
196.11 3.42
289.45 3.42
281.34 4.23
264.29 3.42
267.54 6.67
261.86 6.67
255.36 3.42
245.62 5.04
238.32 5.04
235.07 14.78
245.62 14.78
229.39 18.03
220.46 13.16
234.26 24.52
220.46 26.15
286.21 140.59
300.01 137.35
312.99 120.30
300.82 117.87
300.82 107.31
288.64 106.50
268.35 132.48
236.69 115.43
233.45 105.69
221.27 114.62
235.88 73.22
227.77 82.15
204.23 80.53
188.81 72.41
196.11 84.59
168.51 87.02
167.70 81.34
173.38 74.85
160.40 95.14
197.73 138.97
205.04 149.52
225.33 53.74
241.56 52.12
231.82 52.12
231.82 44.81
242.38 23.71
246.44 26.15
258.61 35.89
252.93 46.44
247.25 44.81
254.55 40.76
260.23 44.81
265.92 38.32
274.84 35.07
262.67 58.61
271.60 52.12
267.54 69.17
254.55 66.73
243.19 65.92
252.12 56.18
234.26 63.48
210.72 69.98
205.85 73.22
239.13 95.95
239.13 86.21
256.99 78.09
282.96 78.91
277.28 69.98
276.47 61.86
287.83 46.44
284.58 39.13
277.28 25.33
273.22 12.35
264.29 16.41
257.80 12.35
281.34 14.78
273.22 23.71
268.35 29.39
287.02 13.16
292.70 24.52
283.77 21.28
299.19 12.35
294.32 6.67
306.50 26.96
303.25 35.07
292.70 52.12
292.70 61.86
294.32 70.79
285.40 67.54
269.16 95.95
285.40 89.46
292.70 88.65
245.62 110.56
263.48 112.19
267.54 105.69
265.10 120.30
298.38 165.76
286.21 156.02
283.77 172.25
317.05 169.81
306.50 150.33
330.85 138.16
353.58 152.77
354.39 146.28
347.08 143.84
336.53 127.61
348.71 124.36
356.82 122.74
355.20 111.37
345.46 111.37
322.73 90.27
305.69 83.78
314.62 86.21
321.11 75.66
308.12 74.85
303.25 66.73
303.25 61.86
300.01 52.12
309.75 56.18
310.56 40.76
312.18 26.15
313.81 14.78
317.86 6.67
311.37 4.23
336.53 75.66
329.23 86.21
339.78 82.96
346.27 86.21
351.14 76.47
350.33 56.18
350.33 46.44
357.64 43.19
342.21 38.32
337.34 35.07
347.08 27.77
338.16 23.71
332.47 12.35
334.10 3.42
343.03 12.35
360.88 6.67
388.48 3.42
381.18 6.67
373.06 6.67
365.75 14.78
361.69 18.84
381.99 12.35
374.68 18.03
368.19 24.52
370.62 33.45
362.51 36.70
365.75 44.00
375.49 46.44
377.12 52.12
369.00 48.87
364.94 54.56
352.77 69.17
318.68 26.96
322.73 63.48
330.04 58.61
337.34 61.86
334.10 66.73
388.48 190.92
364.13 191.73
374.68 169.00
385.23 176.31
392.54 166.57
373.87 148.71
374.68 118.68
368.19 103.26
364.13 86.21
359.26 75.66
369.81 70.79
377.12 58.61
383.61 81.34
375.49 77.28
380.36 90.27
384.42 97.57
395.79 90.27
395.79 80.53
397.41 74.85
397.41 69.17
392.54 26.15
382.80 27.77
396.60 18.84
399.84 14.78
398.91 148.64
386.91 123.08
399.22 124.03
388.49 107.62
377.13 101.62
397.64 107.30
350.62 220.27
323.55 9.10
111.69 149.52
