24.47 302.51
37.89 335.76
64.75 322.97
82.01 299.32
161.93 267.35
142.75 319.14
123.57 328.73
96.71 340.87
174.72 305.71
205.41 302.51
197.09 265.43
243.13 275.66
282.77 315.30
4.65 280.13
27.66 273.74
48.76 259.04
53.88 273.74
314.74 286.53
313.46 253.92
211.16 243.69
168.96 239.86
275.10 210.44
299.39 219.40
331.36 250.08
323.69 190.62
303.23 199.58
269.34 179.12
232.26 200.21
205.41 218.76
174.08 204.05
148.50 197.02
114.62 229.63
116.53 273.74
75.61 248.17
4.65 228.35
39.81 232.82
5.92 182.31
24.47 197.02
56.43 188.71
110.14 192.54
87.12 182.95
67.94 181.67
337.75 156.74
320.49 166.33
338.39 208.53
323.05 142.03
291.08 149.07
271.90 154.82
238.01 145.23
217.55 145.87
246.32 170.16
186.22 152.90
117.17 175.28
90.96 167.61
151.06 147.15
178.55 140.75
225.86 135.00
254.64 131.16
296.19 126.69
312.82 128.61
328.80 111.34
320.49 61.47
334.56 62.75
326.24 94.72
337.11 90.24
326.24 41.01
305.78 58.92
288.52 58.92
287.24 74.26
278.93 90.88
300.67 82.57
306.42 101.11
294.92 99.84
278.29 113.90
264.23 106.87
239.93 114.54
227.14 123.49
200.29 113.26
251.44 92.80
247.60 76.18
220.75 87.05
193.26 100.47
186.86 131.16
224.43 67.87
207.48 72.98
152.18 114.54
159.85 120.29
173.60 126.37
139.07 125.73
133.32 140.11
102.95 144.59
76.41 113.26
107.10 90.56
125.64 101.43
136.19 85.13
108.70 71.06
97.83 58.92
127.56 59.88
147.06 65.95
174.56 79.38
183.19 62.11
198.21 61.47
192.14 40.69
169.44 31.10
219.95 32.70
232.42 49.33
246.48 33.34
247.76 57.64
269.50 58.28
278.13 44.21
313.30 21.19
323.21 30.46
300.83 43.57
287.72 39.10
286.76 30.46
277.49 29.51
332.80 23.75
335.67 15.76
186.70 26.31
172.32 13.84
153.14 41.01
140.35 50.60
117.65 26.31
135.55 33.34
111.90 38.78
85.05 82.25
96.55 107.19
88.56 97.60
70.34 77.78
206.52 10.64
165.76 0.09
40.45 170.16
252.08 15.44
288.52 9.05
10.08 159.62
18.07 130.84
25.43 111.98
43.01 133.40
57.39 142.03
27.02 153.22
61.23 120.93
50.36 106.23
7.20 101.75
22.23 95.68
29.90 87.05
28.94 59.24
22.23 35.58
23.51 18.64
69.86 63.07
67.94 52.20
54.20 76.18
43.97 61.47
112.70 74.26
4.17 83.21
152.98 18.00
145.94 16.72
131.24 19.92
213.72 47.41
211.16 33.98
276.37 283.33
339.67 32.70
296.83 21.19
293.00 16.08
286.60 16.08
261.03 21.19
