12.62 312.12
21.58 286.54
61.86 340.89
85.51 305.08
155.84 329.38
191.65 335.13
214.66 328.74
235.76 314.04
240.88 328.74
335.50 252.02
301.62 284.63
303.53 328.74
262.61 303.17
191.65 283.35
226.81 287.82
166.71 295.49
135.38 292.30
110.45 298.69
67.61 292.94
54.18 281.43
33.72 266.08
88.07 253.94
107.25 270.56
166.71 265.44
22.22 252.66
2.40 237.95
15.82 225.80
32.45 205.98
3.03 192.56
37.56 178.49
8.79 172.74
56.74 184.25
68.25 197.67
85.51 205.98
78.48 223.25
49.71 224.53
70.17 240.51
118.76 241.15
125.79 219.41
154.56 225.16
175.66 236.67
192.92 237.31
211.47 252.02
243.43 243.71
297.14 247.54
274.12 237.95
254.94 236.67
304.17 230.28
277.96 222.61
338.06 202.15
254.94 23.77
339.18 169.54
326.07 180.73
320.32 195.11
289.95 199.59
263.41 168.26
294.10 145.56
312.64 156.43
323.19 140.13
295.70 126.06
284.83 113.92
314.56 114.88
334.06 120.95
340.14 96.01
327.35 105.60
304.65 81.31
322.55 88.34
298.90 93.78
272.05 137.25
283.55 162.19
275.56 152.60
257.34 132.78
227.45 225.16
145.61 54.46
128.99 51.90
121.96 44.23
137.94 42.31
146.89 42.95
162.87 61.49
162.24 47.42
176.94 42.95
186.53 42.95
113.64 49.34
96.38 53.82
102.77 56.37
65.69 51.26
49.71 50.62
27.97 48.06
330.39 45.50
312.49 44.87
303.53 41.03
295.22 46.14
322.71 45.50
219.78 42.95
208.91 48.06
177.26 207.58
197.08 214.62
205.07 185.84
212.43 166.98
230.01 188.40
244.39 197.03
214.02 208.22
248.23 175.93
237.36 161.23
153.60 189.68
123.87 197.99
108.21 190.00
95.10 183.61
80.08 176.25
56.10 171.14
12.94 150.68
5.27 137.57
28.61 133.74
51.31 153.56
66.33 152.92
62.50 137.89
77.20 127.02
120.04 131.50
128.99 150.04
103.09 161.23
119.40 167.94
135.06 130.86
154.88 144.29
169.27 147.80
143.69 175.93
194.20 156.75
209.23 150.68
216.90 142.05
215.94 114.24
176.94 113.28
209.23 90.58
184.61 94.42
150.09 116.15
166.71 101.13
162.87 107.20
151.69 95.05
165.75 87.38
142.10 98.57
135.38 104.97
123.23 101.77
118.12 116.15
97.66 127.02
101.82 115.83
110.13 108.48
90.31 106.56
94.14 94.74
86.15 80.99
69.53 96.97
38.84 110.40
27.65 109.44
14.86 119.67
1.76 105.28
20.30 101.77
32.76 93.78
18.70 90.90
39.16 83.23
76.56 82.59
65.69 82.59
51.95 126.38
177.58 175.61
144.01 158.35
115.24 60.53
80.72 65.64
62.50 60.53
167.03 129.90
210.51 73.64
90.31 143.97
256.86 118.07
254.94 107.20
241.20 131.18
230.97 116.47
299.70 129.26
30.53 52.54
11.67 52.54
131.55 90.26
117.80 91.86
7.35 39.75
103.25 39.11
121.80 34.96
80.56 43.91
43.79 40.71
64.89 38.79
58.82 30.48
52.11 30.48
102.93 30.16
106.13 93.46
191.17 138.21
179.98 148.12
172.94 201.19
46.51 102.41
29.89 35.27
339.98 73.00
332.94 71.72
318.24 74.92
151.37 82.59
130.91 177.21
339.34 21.21
339.98 29.52
311.85 17.37
318.88 16.73
107.89 85.78
