14.76 1975.84
75.86 1503.33
829.44 1499.25
1139.01 1947.33
1709.29 1641.82
2189.95 1629.60
2589.14 1580.72
2833.55 1482.96
3232.74 1796.61
3008.70 1874.00
3029.07 1662.19
3371.23 1499.25
3745.99 1702.92
3945.58 1963.62
3163.49 1348.54
2646.17 1193.75
2071.82 973.78
1505.62 1320.02
1407.86 1539.99
914.98 1201.89
756.11 1128.57
446.54 1258.92
71.78 1083.77
71.78 880.10
479.12 880.10
589.11 814.92
491.34 480.90
947.56 403.51
947.56 704.94
1151.23 827.14
1191.97 464.61
1045.33 256.87
935.34 24.68
1587.09 603.11
1546.35 810.85
1513.77 1034.89
1232.70 1067.47
1733.73 969.71
1978.13 819.00
2308.08 778.26
2413.99 920.83
2613.58 949.34
3139.05 957.49
3526.02 986.00
3847.82 916.76
3970.02 892.32
3741.91 920.83
3766.35 676.43
3957.80 566.44
3334.57 639.77
3122.76 684.57
2939.45 835.29
2589.14 627.55
2393.62 590.89
2776.52 684.57
2890.57 623.47
3012.78 611.25
2674.68 383.14
2308.08 411.66
2071.82 489.05
1904.81 794.56
1110.50 521.64
1293.80 297.60
1379.34 289.45
1509.69 375.00
1554.50 480.90
1798.90 342.41
1660.41 419.80
1827.42 73.56
1745.95 252.79
2128.85 65.42
1917.03 36.90
2413.99 167.25
2564.70 40.98
2495.45 375.00
2585.07 281.31
2711.34 220.21
2886.50 199.84
2821.33 28.76
2739.86 49.12
2931.31 85.78
3041.29 191.69
3220.52 81.71
3660.44 65.42
3778.57 175.40
3978.17 126.52
3257.18 472.76
1257.14 28.76
984.22 986.00
2487.31 1258.92
2462.87 1124.50
3391.60 1250.78
1949.62 432.02
1912.96 338.33
1921.11 220.21
1456.74 16.54
34.07 414.76
21.28 390.46
84.58 389.82
116.54 387.91
25.12 362.33
41.10 346.35
75.62 336.12
84.58 310.54
55.17 320.13
35.35 302.23
4.02 286.89
61.56 285.61
15.52 311.82
51.97 274.74
23.20 268.35
7.85 247.25
31.51 251.72
162.58 377.68
124.86 364.89
148.51 329.08
218.84 353.38
225.87 418.60
202.22 423.07
274.47 381.51
287.89 414.76
314.75 401.97
332.01 378.32
411.93 346.35
422.16 420.51
392.75 398.14
373.57 407.73
346.71 419.87
424.72 384.71
455.41 381.51
447.09 344.43
493.13 354.66
532.77 394.30
254.65 359.13
277.66 352.74
298.76 338.04
303.88 352.74
465.63 421.79
516.14 423.07
575.60 420.51
564.74 365.53
606.93 362.33
624.20 385.35
563.46 332.92
461.16 322.69
418.96 318.86
525.10 289.44
549.39 298.40
581.36 329.08
596.06 311.82
623.56 299.03
636.34 331.00
636.34 288.17
573.69 269.62
553.23 278.58
519.34 258.12
482.26 279.21
455.41 297.76
424.08 283.05
398.50 276.02
364.62 308.63
366.53 352.74
325.61 327.17
254.65 307.35
289.81 311.82
229.71 319.49
198.38 316.30
173.45 322.69
130.61 316.94
117.18 305.43
96.72 290.08
151.07 277.94
170.25 294.56
229.71 289.44
85.22 276.66
65.40 261.95
78.82 249.80
95.45 229.98
66.03 216.56
100.56 202.49
19.36 231.26
30.23 205.69
28.95 189.70
71.79 196.74
119.74 208.25
131.25 221.67
148.51 229.98
141.48 247.25
112.71 248.53
133.17 264.51
181.76 265.15
188.79 243.41
217.56 249.16
238.66 260.67
255.92 261.31
274.47 276.02
306.43 267.71
360.14 271.54
337.12 261.95
317.94 260.67
587.75 235.74
570.49 245.33
588.39 287.53
619.72 245.97
600.54 242.77
573.05 221.03
541.08 228.07
521.90 233.82
488.01 224.23
467.55 224.87
496.32 249.16
436.22 231.90
367.17 254.28
340.96 246.61
401.06 226.15
428.55 219.75
475.86 214.00
504.64 210.16
546.19 205.69
562.82 207.61
578.80 190.34
592.23 190.34
602.46 194.82
637.62 187.79
619.72 199.93
631.87 151.34
615.88 144.31
597.34 153.90
570.49 140.47
584.56 141.75
605.02 121.29
576.24 173.72
587.11 169.24
624.20 125.77
631.87 128.97
603.10 101.47
576.24 120.01
555.78 137.92
538.52 137.92
537.24 153.26
528.93 169.88
550.67 161.57
556.42 180.11
544.92 178.84
528.29 192.90
514.23 185.87
489.93 193.54
477.14 202.49
450.29 192.26
501.44 171.80
497.60 155.18
470.75 166.05
443.26 179.47
317.94 47.77
436.86 210.16
474.43 146.87
457.48 151.98
402.18 193.54
409.85 199.29
423.60 205.37
389.07 204.73
383.32 219.11
352.95 223.59
326.41 192.26
357.10 169.56
375.64 180.43
386.19 164.13
358.70 150.06
347.83 137.92
377.56 138.88
397.06 144.95
424.56 158.38
433.19 141.11
448.21 140.47
442.14 119.69
419.44 110.10
469.95 111.70
482.42 128.33
496.48 112.34
497.76 136.64
519.50 137.28
528.13 123.21
605.50 147.51
563.30 100.19
573.21 109.46
550.83 122.57
537.72 118.10
536.76 109.46
527.49 108.51
620.84 99.23
582.80 102.75
595.90 80.69
596.86 93.48
585.67 94.76
436.70 105.31
422.32 92.84
403.14 120.01
390.35 129.60
367.65 105.31
385.55 112.34
361.90 117.78
335.05 161.25
346.55 186.19
338.56 176.60
320.34 156.78
494.89 71.74
507.67 73.02
522.06 71.42
511.19 59.91
567.77 71.74
631.07 71.42
603.90 66.63
605.81 55.76
595.90 58.00
619.56 64.07
566.17 38.50
514.71 45.85
507.67 47.13
444.38 69.18
437.02 73.66
431.27 67.59
456.52 89.64
419.44 59.91
448.85 74.62
549.87 47.77
585.83 44.57
582.00 63.11
454.77 58.00
415.76 79.09
290.45 249.16
502.08 94.44
538.52 88.05
208.61 78.46
191.99 75.90
184.96 68.23
200.94 66.31
209.89 66.95
225.87 85.49
225.24 71.42
239.94 66.95
249.53 66.95
176.64 73.34
159.38 77.82
165.77 80.37
128.69 75.26
60.92 73.34
112.71 74.62
90.97 72.06
393.39 69.50
375.49 68.87
366.53 65.03
358.22 70.14
385.71 69.50
282.78 66.95
271.91 72.06
240.26 231.58
260.08 238.62
268.07 209.84
275.43 190.98
293.01 212.40
307.39 221.03
277.02 232.22
311.23 199.93
300.36 185.23
216.60 213.68
186.87 221.99
171.21 214.00
158.10 207.61
143.08 200.25
119.10 195.14
75.94 174.68
68.27 161.57
91.61 157.74
114.31 177.56
129.33 176.92
125.50 161.89
140.20 151.02
183.04 155.50
191.99 174.04
166.09 185.23
182.40 191.94
198.06 154.86
217.88 168.29
232.27 171.80
206.69 199.93
257.20 180.75
272.23 174.68
279.90 166.05
278.94 138.24
239.94 137.28
272.23 114.58
247.61 118.42
213.09 140.15
229.71 125.13
225.87 131.20
214.69 119.05
228.75 111.38
205.10 122.57
198.38 128.97
186.23 125.77
181.12 140.15
160.66 151.02
164.82 139.83
173.13 132.48
153.31 130.56
157.14 118.74
149.15 104.99
132.53 120.97
101.84 134.40
90.65 133.44
77.86 143.67
64.76 129.28
83.30 125.77
95.76 117.78
81.70 114.90
102.16 107.23
139.56 106.59
128.69 106.59
114.95 150.38
240.58 199.61
207.01 182.35
178.24 84.53
143.72 89.64
125.50 84.53
230.03 153.90
273.51 97.64
153.31 167.97
319.86 142.07
317.94 131.20
304.20 155.18
293.97 140.47
362.70 153.26
93.53 76.54
74.67 76.54
194.55 114.26
180.80 115.86
22.08 158.70
8.65 173.72
5.77 189.70
35.50 172.12
43.50 153.26
43.50 142.39
27.19 139.19
5.46 139.51
16.00 136.96
12.81 123.53
3.22 122.25
25.59 120.01
41.58 126.73
38.06 115.54
50.53 118.10
59.48 150.70
55.33 133.76
55.33 134.40
58.52 141.43
30.39 56.40
29.11 66.63
5.46 68.87
11.85 75.26
21.76 75.26
19.52 63.11
10.25 61.83
70.35 63.75
166.25 63.11
184.80 58.96
143.56 67.91
106.79 64.71
127.89 62.79
121.82 54.48
115.11 54.48
165.93 54.16
169.13 117.46
254.17 162.21
242.98 172.12
235.94 225.19
109.51 126.41
92.89 59.27
402.98 97.00
395.94 95.72
381.24 98.92
463.72 126.41
461.16 112.98
214.37 106.59
193.91 201.21
53.25 172.44
430.47 47.13
526.37 362.33
402.34 45.21
417.68 45.21
408.09 43.29
402.98 53.52
374.85 41.37
381.88 40.73
589.67 111.70
546.83 100.19
543.00 95.08
536.60 95.08
511.03 100.19
11.05 111.70
13.61 101.47
23.84 105.95
170.89 109.78
