625.24 1975.84
564.14 1503.33
-189.44 1499.25
-499.01 1947.33
-1069.29 1641.82
-1549.95 1629.60
-1949.14 1580.72
-2193.55 1482.96
-2592.74 1796.61
-2368.70 1874.00
-2389.07 1662.19
-2731.23 1499.25
-3105.99 1702.92
-3305.58 1963.62
-2523.49 1348.54
-2006.17 1193.75
-1431.82 973.78
-865.62 1320.02
-767.86 1539.99
-274.98 1201.89
-116.11 1128.57
193.46 1258.92
568.22 1083.77
568.22 880.10
160.88 880.10
50.89 814.92
148.66 480.90
-307.56 403.51
-307.56 704.94
-511.23 827.14
-551.97 464.61
-405.33 256.87
-295.34 24.68
-947.09 603.11
-906.35 810.85
-873.77 1034.89
-592.70 1067.47
-1093.73 969.71
-1338.13 819.00
-1668.08 778.26
-1773.99 920.83
-1973.58 949.34
-2499.05 957.49
-2886.02 986.00
-3207.82 916.76
-3330.02 892.32
-3101.91 920.83
-3126.35 676.43
-3317.80 566.44
-2694.57 639.77
-2482.76 684.57
-2299.45 835.29
-1949.14 627.55
-1753.62 590.89
-2136.52 684.57
-2250.57 623.47
-2372.78 611.25
-2034.68 383.14
-1668.08 411.66
-1431.82 489.05
-1264.81 794.56
-470.50 521.64
-653.80 297.60
-739.34 289.45
-869.69 375.00
-914.50 480.90
-1158.90 342.41
-1020.41 419.80
-1187.42 73.56
-1105.95 252.79
-1488.85 65.42
-1277.03 36.90
-1773.99 167.25
-1924.70 40.98
-1855.45 375.00
-1945.07 281.31
-2071.34 220.21
-2246.50 199.84
-2181.33 28.76
-2099.86 49.12
-2291.31 85.78
-2401.29 191.69
-2580.52 81.71
-3020.44 65.42
-3138.57 175.40
-3338.17 126.52
-2617.18 472.76
-617.14 28.76
-344.22 986.00
-1847.31 1258.92
-1822.87 1124.50
-2751.60 1250.78
-1309.62 432.02
-1272.96 338.33
-1281.11 220.21
-816.74 16.54
605.93 414.76
618.72 390.46
555.42 389.82
523.46 387.91
614.88 362.33
598.90 346.35
564.38 336.12
555.42 310.54
584.83 320.13
604.65 302.23
635.98 286.89
578.44 285.61
624.48 311.82
588.03 274.74
616.80 268.35
632.15 247.25
608.49 251.72
477.42 377.68
515.14 364.89
491.49 329.08
421.16 353.38
414.13 418.60
437.78 423.07
365.53 381.51
352.11 414.76
325.25 401.97
307.99 378.32
228.07 346.35
217.84 420.51
247.25 398.14
266.43 407.73
293.29 419.87
215.28 384.71
184.59 381.51
192.91 344.43
146.87 354.66
107.23 394.30
385.35 359.13
362.34 352.74
341.24 338.04
336.12 352.74
174.37 421.79
123.86 423.07
64.40 420.51
75.26 365.53
33.07 362.33
15.80 385.35
76.54 332.92
178.84 322.69
221.04 318.86
114.90 289.44
90.61 298.40
58.64 329.08
43.94 311.82
16.44 299.03
3.66 331.00
3.66 288.17
66.31 269.62
86.77 278.58
120.66 258.12
157.74 279.21
184.59 297.76
215.92 283.05
241.50 276.02
275.38 308.63
273.47 352.74
314.39 327.17
385.35 307.35
350.19 311.82
410.29 319.49
441.62 316.30
466.55 322.69
509.39 316.94
522.82 305.43
543.28 290.08
488.93 277.94
469.75 294.56
410.29 289.44
554.78 276.66
574.60 261.95
561.18 249.80
544.55 229.98
573.97 216.56
539.44 202.49
620.64 231.26
609.77 205.69
611.05 189.70
568.21 196.74
520.26 208.25
508.75 221.67
491.49 229.98
498.52 247.25
527.29 248.53
506.83 264.51
458.24 265.15
451.21 243.41
422.44 249.16
401.34 260.67
384.08 261.31
365.53 276.02
333.57 267.71
279.86 271.54
302.88 261.95
322.06 260.67
52.25 235.74
69.51 245.33
51.61 287.53
20.28 245.97
39.46 242.77
66.95 221.03
98.92 228.07
118.10 233.82
151.99 224.23
172.45 224.87
143.68 249.16
203.78 231.90
272.83 254.28
299.04 246.61
238.94 226.15
211.45 219.75
164.14 214.00
135.36 210.16
93.81 205.69
77.18 207.61
61.20 190.34
47.77 190.34
37.54 194.82
2.38 187.79
20.28 199.93
8.13 151.34
24.12 144.31
42.66 153.90
69.51 140.47
55.44 141.75
34.98 121.29
63.76 173.72
52.89 169.24
15.80 125.77
8.13 128.97
36.90 101.47
63.76 120.01
84.22 137.92
101.48 137.92
102.76 153.26
111.07 169.88
89.33 161.57
83.58 180.11
95.08 178.84
111.71 192.90
125.77 185.87
150.07 193.54
162.86 202.49
189.71 192.26
138.56 171.80
142.40 155.18
169.25 166.05
196.74 179.47
322.06 47.77
203.14 210.16
165.57 146.87
182.52 151.98
237.82 193.54
230.15 199.29
216.40 205.37
250.93 204.73
256.68 219.11
287.05 223.59
313.59 192.26
282.90 169.56
264.36 180.43
253.81 164.13
281.30 150.06
292.17 137.92
262.44 138.88
242.94 144.95
215.44 158.38
206.81 141.11
191.79 140.47
197.86 119.69
220.56 110.10
170.05 111.70
157.58 128.33
143.52 112.34
142.24 136.64
120.50 137.28
111.87 123.21
34.50 147.51
76.70 100.19
66.79 109.46
89.17 122.57
102.28 118.10
103.24 109.46
112.51 108.51
19.16 99.23
57.20 102.75
44.10 80.69
43.14 93.48
54.33 94.76
203.30 105.31
217.68 92.84
236.86 120.01
249.65 129.60
272.35 105.31
254.45 112.34
278.10 117.78
304.95 161.25
293.45 186.19
301.44 176.60
319.66 156.78
145.11 71.74
132.33 73.02
117.94 71.42
128.81 59.91
72.23 71.74
8.93 71.42
36.10 66.63
34.19 55.76
44.10 58.00
20.44 64.07
73.83 38.50
125.29 45.85
132.33 47.13
195.62 69.18
202.98 73.66
208.73 67.59
183.48 89.64
220.56 59.91
191.15 74.62
90.13 47.77
54.17 44.57
58.00 63.11
185.23 58.00
224.24 79.09
349.55 249.16
137.92 94.44
101.48 88.05
431.39 78.46
448.01 75.90
455.04 68.23
439.06 66.31
430.11 66.95
414.13 85.49
414.76 71.42
400.06 66.95
390.47 66.95
463.36 73.34
480.62 77.82
474.23 80.37
511.31 75.26
579.08 73.34
527.29 74.62
549.03 72.06
246.61 69.50
264.51 68.87
273.47 65.03
281.78 70.14
254.29 69.50
357.22 66.95
368.09 72.06
399.74 231.58
379.92 238.62
371.93 209.84
364.57 190.98
346.99 212.40
332.61 221.03
362.98 232.22
328.77 199.93
339.64 185.23
423.40 213.68
453.13 221.99
468.79 214.00
481.90 207.61
496.92 200.25
520.90 195.14
564.06 174.68
571.73 161.57
548.39 157.74
525.69 177.56
510.67 176.92
514.50 161.89
499.80 151.02
456.96 155.50
448.01 174.04
473.91 185.23
457.60 191.94
441.94 154.86
422.12 168.29
407.73 171.80
433.31 199.93
382.80 180.75
367.77 174.68
360.10 166.05
361.06 138.24
400.06 137.28
367.77 114.58
392.39 118.42
426.91 140.15
410.29 125.13
414.13 131.20
425.31 119.05
411.25 111.38
434.90 122.57
441.62 128.97
453.77 125.77
458.88 140.15
479.34 151.02
475.18 139.83
466.87 132.48
486.69 130.56
482.86 118.74
490.85 104.99
507.47 120.97
538.16 134.40
549.35 133.44
562.14 143.67
575.24 129.28
556.70 125.77
544.24 117.78
558.30 114.90
537.84 107.23
500.44 106.59
511.31 106.59
525.05 150.38
399.42 199.61
432.99 182.35
461.76 84.53
496.28 89.64
514.50 84.53
409.97 153.90
366.49 97.64
486.69 167.97
320.14 142.07
322.06 131.20
335.80 155.18
346.03 140.47
277.30 153.26
546.47 76.54
565.33 76.54
445.45 114.26
459.20 115.86
617.92 158.70
631.35 173.72
634.23 189.70
604.50 172.12
596.50 153.26
596.50 142.39
612.81 139.19
634.54 139.51
624.00 136.96
627.19 123.53
636.78 122.25
614.41 120.01
598.42 126.73
601.94 115.54
589.47 118.10
580.52 150.70
584.67 133.76
584.67 134.40
581.48 141.43
609.61 56.40
610.89 66.63
634.54 68.87
628.15 75.26
618.24 75.26
620.48 63.11
629.75 61.83
569.65 63.75
473.75 63.11
455.20 58.96
496.44 67.91
533.21 64.71
512.11 62.79
518.18 54.48
524.89 54.48
474.07 54.16
470.87 117.46
385.83 162.21
397.02 172.12
404.06 225.19
530.49 126.41
547.11 59.27
237.02 97.00
244.06 95.72
258.76 98.92
176.28 126.41
178.84 112.98
425.63 106.59
446.09 201.21
586.75 172.44
209.53 47.13
113.63 362.33
237.66 45.21
222.32 45.21
231.91 43.29
237.02 53.52
265.15 41.37
258.12 40.73
50.33 111.70
93.17 100.19
97.00 95.08
103.40 95.08
128.97 100.19
628.95 111.70
626.39 101.47
616.16 105.95
469.11 109.78
