34.84 326.38
227.93 319.35
263.09 317.43
309.13 327.66
70.65 332.13
93.66 325.74
114.76 311.04
119.88 325.74
277.16 295.69
234.96 291.86
335.34 231.12
298.26 252.21
271.41 270.76
240.08 256.05
214.50 249.02
180.62 281.63
182.53 325.74
141.61 300.17
70.65 280.35
105.81 284.82
45.71 292.49
14.38 289.30
45.71 262.44
4.79 216.41
33.56 222.16
54.66 233.67
71.92 234.31
90.47 249.02
122.43 240.71
176.14 244.54
153.12 234.95
133.94 233.67
337.90 206.82
304.01 197.23
283.55 197.87
312.32 222.16
252.22 204.90
183.17 227.28
156.96 219.61
217.06 199.15
244.55 192.75
291.86 187.00
320.64 183.16
330.23 158.87
305.93 166.54
293.14 175.49
266.29 165.26
317.44 144.80
313.60 128.18
286.75 139.05
259.26 152.47
133.94 20.77
252.86 183.16
290.43 119.87
273.48 124.98
218.18 166.54
225.85 172.29
239.60 178.37
205.07 177.73
199.32 192.11
168.95 196.59
142.41 165.26
173.10 142.56
191.64 153.43
202.19 137.13
174.70 123.06
163.83 110.92
193.56 111.88
213.06 117.95
240.56 131.38
249.19 114.11
264.21 113.47
258.14 92.69
235.44 83.10
285.95 84.70
298.42 101.33
312.48 85.34
313.76 109.64
335.50 110.28
252.70 78.31
238.32 65.84
219.14 93.01
206.35 102.60
183.65 78.31
201.55 85.34
177.90 90.78
151.05 134.25
162.55 159.19
154.56 149.60
136.34 129.78
310.89 44.74
323.67 46.02
338.06 44.42
327.19 32.91
330.71 18.85
323.67 20.13
260.38 42.18
253.02 46.66
247.27 40.59
272.52 62.64
235.44 32.91
264.85 47.62
270.77 31.00
231.76 52.09
106.45 222.16
318.08 67.44
24.61 51.46
7.99 48.90
0.96 41.23
16.94 39.31
25.89 39.95
41.87 58.49
41.24 44.42
55.94 39.95
65.53 39.95
209.39 42.50
191.49 41.87
182.53 38.03
174.22 43.14
201.71 42.50
98.78 39.95
87.91 45.06
56.26 204.58
76.08 211.62
84.07 182.84
91.43 163.98
109.01 185.40
123.39 194.03
93.02 205.22
127.23 172.93
116.36 158.23
32.60 186.68
2.87 194.99
7.99 147.04
14.06 127.86
33.88 141.29
48.27 144.80
22.69 172.93
73.20 153.75
88.23 147.68
95.90 139.05
94.94 111.24
55.94 110.28
88.23 87.58
63.61 91.42
29.09 113.15
45.71 98.13
41.87 104.20
30.69 92.05
44.75 84.38
21.10 95.57
14.38 101.97
2.23 98.77
56.58 172.61
23.01 155.35
46.03 126.90
89.51 70.64
135.86 115.07
133.94 104.20
120.20 128.18
109.97 113.47
178.70 126.26
10.55 87.26
0.80 31.96
70.17 135.21
58.98 145.12
51.94 198.19
218.98 70.00
211.94 68.72
197.24 71.92
279.72 99.41
277.16 85.98
30.37 79.59
9.91 174.21
246.47 20.13
218.34 18.21
233.68 18.21
224.09 16.29
218.98 26.52
190.85 14.37
197.88 13.73
327.03 73.19
