31.47 311.51
71.75 331.97
89.01 308.32
168.93 276.35
149.75 328.14
130.57 337.73
181.72 314.71
212.41 311.51
204.09 274.43
250.13 284.66
289.77 324.30
11.65 289.13
34.66 282.74
55.76 268.04
60.88 282.74
321.74 295.53
320.46 262.92
218.16 252.69
175.96 248.86
282.10 219.44
306.39 228.40
338.36 259.08
330.69 199.62
310.23 208.58
276.34 188.12
239.26 209.21
212.41 227.76
181.08 213.05
155.50 206.02
121.62 238.63
123.53 282.74
82.61 257.17
11.65 237.35
46.81 241.82
12.92 191.31
31.47 206.02
63.43 197.71
117.14 201.54
94.12 191.95
74.94 190.67
327.49 175.33
330.05 151.03
298.08 158.07
278.90 163.82
245.01 154.23
224.55 154.87
253.32 179.16
193.22 161.90
124.17 184.28
97.96 176.61
158.06 156.15
185.55 149.75
232.86 144.00
261.64 140.16
303.19 135.69
319.82 137.61
335.80 120.34
327.49 70.47
333.24 103.72
333.24 50.01
312.78 67.92
295.52 67.92
294.24 83.26
285.93 99.88
307.67 91.57
313.42 110.11
301.92 108.84
285.29 122.90
271.23 115.87
246.93 123.54
234.14 132.49
207.29 122.26
258.44 101.80
254.60 85.18
227.75 96.05
200.26 109.47
193.86 140.16
231.43 76.87
214.48 81.98
159.18 123.54
166.85 129.29
180.60 135.37
146.07 134.73
140.32 149.11
109.95 153.59
83.41 122.26
114.10 99.56
132.64 110.43
143.19 94.13
115.70 80.06
104.83 67.92
134.56 68.88
154.06 74.95
181.56 88.38
190.19 71.11
205.21 70.47
199.14 49.69
176.44 40.10
226.95 41.70
239.42 58.33
253.48 42.34
254.76 66.64
276.50 67.28
285.13 53.21
320.30 30.19
330.21 39.46
307.83 52.57
294.72 48.10
293.76 39.46
284.49 38.51
339.80 32.75
193.70 35.31
179.32 22.84
160.14 50.01
147.35 59.60
124.65 35.31
142.55 42.34
118.90 47.78
92.05 91.25
103.55 116.19
95.56 106.60
77.34 86.78
251.89 1.74
264.67 3.02
279.06 1.42
324.77 1.74
194.02 3.66
213.52 19.64
205.85 4.62
172.76 9.09
47.45 179.16
259.08 24.44
295.52 18.05
115.22 0.14
28.91 2.06
17.08 168.62
25.07 139.84
32.43 120.98
50.01 142.40
64.39 151.03
34.02 162.22
68.23 129.93
57.36 115.23
14.20 110.75
29.23 104.68
36.90 96.05
35.94 68.24
29.23 44.58
4.61 48.42
30.51 27.64
76.86 72.07
74.94 61.20
61.20 85.18
50.97 70.47
119.70 83.26
11.17 92.21
159.98 27.00
152.94 25.72
138.24 28.92
220.72 56.41
218.16 42.98
283.37 292.33
303.83 30.19
300.00 25.08
293.60 25.08
268.03 30.19
