48.18 255.36
95.44 269.10
100.59 243.33
100.59 224.43
108.32 210.68
112.62 189.20
83.41 209.82
66.22 207.24
52.48 226.15
30.14 176.32
24.13 169.44
4.37 159.99
20.69 147.10
61.07 178.03
64.51 161.71
62.79 141.95
31.00 138.51
6.08 121.33
11.24 105.87
21.55 111.02
28.42 98.99
39.59 110.16
21.55 123.91
61.07 118.75
58.49 98.99
67.94 105.87
76.53 98.13
73.10 121.33
85.98 114.46
97.15 142.81
94.58 128.20
84.27 135.08
92.86 158.27
104.03 168.58
122.07 183.19
135.81 174.60
131.52 159.99
135.81 135.94
113.48 131.64
124.65 122.19
100.59 115.32
109.18 98.13
133.24 108.44
104.03 81.81
111.76 74.94
128.08 70.64
116.91 86.96
124.65 86.96
148.70 98.99
155.57 97.27
159.01 122.19
144.41 122.19
154.72 133.36
162.45 145.39
174.48 141.09
187.36 141.09
148.70 166.01
140.75 229.90
143.76 246.22
153.21 212.72
175.98 195.97
213.35 217.44
176.41 261.69
155.36 276.29
212.49 242.36
275.64 255.68
255.02 229.04
249.87 202.41
200.04 190.81
194.02 174.92
200.89 157.30
198.32 142.27
185.43 157.30
169.11 159.88
157.94 165.47
173.40 113.49
181.56 107.04
188.87 122.08
206.05 120.79
203.47 134.11
211.63 130.67
220.65 132.39
222.37 145.28
239.56 125.52
225.81 121.65
239.99 105.76
218.94 89.86
201.32 93.30
258.46 148.28
249.01 146.13
253.30 125.52
258.46 107.90
265.33 126.80
275.21 145.28
294.54 140.98
280.79 112.63
297.12 114.78
304.42 103.18
299.27 95.45
272.63 104.90
252.87 93.73
250.30 82.99
234.40 76.11
228.82 91.58
193.16 112.63
317.31 253.53
287.67 188.23
268.77 197.25
339.22 153.44
346.52 142.70
345.23 129.38
331.91 134.97
325.47 127.23
320.32 117.35
327.62 107.04
334.92 114.78
345.66 116.49
354.68 115.64
356.40 133.25
375.73 124.66
370.15 139.69
352.96 241.50
278.22 125.95
278.22 95.45
265.33 88.14
259.75 76.11
249.87 75.69
283.80 84.28
287.67 80.41
302.27 86.00
307.43 80.41
311.29 96.73
320.74 81.70
342.65 89.00
343.08 103.61
329.34 95.88
363.27 91.58
349.96 91.15
358.12 80.41
402.36 76.97
158.58 79.66
150.42 77.94
272.85 74.51
296.47 70.21
263.83 48.30
247.07 43.15
193.38 42.29
205.41 46.58
214.86 44.87
222.59 31.12
233.76 36.28
258.67 33.27
269.41 37.99
272.85 50.45
279.72 41.86
275.43 29.40
291.75 24.68
296.47 15.66
299.91 30.26
311.08 23.39
296.90 52.17
296.90 58.18
277.14 60.33
293.04 64.20
298.62 62.48
308.50 57.75
315.80 50.45
309.36 41.43
317.09 65.92
328.26 47.01
322.25 31.98
343.73 62.48
348.88 51.74
344.59 42.72
356.61 57.32
365.21 44.01
363.49 33.70
403.01 62.05
375.94 63.34
377.66 44.87
385.82 44.87
385.82 37.99
378.52 38.85
388.83 53.46
397.85 50.02
394.85 64.20
334.28 75.80
413.75 56.89
420.19 51.31
410.31 46.16
401.29 44.87
403.01 33.70
411.60 36.70
418.90 33.70
350.60 15.66
351.89 33.70
338.14 29.40
339.00 19.09
336.42 11.79
314.52 15.66
316.23 6.63
275.85 19.09
377.66 20.81
373.80 13.08
365.21 10.50
385.82 20.38
398.71 16.09
386.25 13.94
392.27 4.92
406.44 8.78
414.18 7.92
433.08 9.21
384.54 34.99
371.65 32.84
421.05 42.29
431.79 47.87
436.08 50.88
417.61 62.91
468.73 43.15
473.03 52.17
479.47 52.17
486.34 51.74
498.37 54.32
493.22 43.15
486.77 43.15
492.79 36.28
472.60 26.82
464.01 13.94
460.14 4.49
470.02 4.92
472.60 11.79
469.16 10.93
477.32 18.66
470.45 19.09
467.44 22.53
482.91 19.52
482.48 12.22
489.78 14.37
491.07 8.78
494.94 7.92
492.36 19.95
499.23 32.84
507.39 28.97
511.26 30.69
515.55 32.84
513.84 24.25
520.71 26.40
503.53 14.80
505.25 7.49
513.84 10.07
526.29 6.21
532.31 15.23
524.58 19.95
527.58 26.82
535.32 25.97
537.03 20.38
542.19 22.53
554.65 22.53
551.64 36.28
548.20 46.16
558.08 44.87
541.76 40.14
536.60 42.72
534.03 45.30
524.15 45.73
518.99 51.74
525.86 62.48
510.40 70.21
509.11 93.41
531.02 74.08
537.89 67.20
533.17 62.05
540.90 59.04
546.05 63.34
547.34 71.50
552.50 60.76
549.06 55.61
567.53 56.47
560.23 32.84
571.40 33.27
560.23 28.54
549.49 29.40
540.04 28.54
571.83 15.66
555.50 14.37
560.66 14.80
548.20 93.84
561.95 123.05
531.45 129.06
357.47 272.54
437.37 257.93
464.01 256.22
404.73 269.10
502.67 280.27
569.68 247.62
667.62 226.15
756.11 265.67
825.70 247.62
846.32 235.60
839.45 207.24
821.41 209.82
776.73 195.22
759.55 186.62
746.66 191.78
693.40 220.13
736.35 209.82
554.22 183.19
522.86 133.36
563.67 144.96
580.42 141.95
571.83 139.37
564.96 107.15
571.40 98.13
557.22 95.99
556.79 85.25
579.13 84.82
592.88 82.67
586.00 92.12
586.43 123.05
595.46 138.51
589.87 159.56
598.46 176.74
658.60 167.72
637.98 150.54
605.76 140.23
618.22 143.67
614.79 122.19
621.66 131.21
637.12 116.60
630.25 136.79
650.01 140.23
645.71 132.50
650.87 111.02
640.56 107.58
633.26 102.43
634.12 92.12
624.67 91.26
618.22 79.66
624.24 79.23
605.76 86.11
612.21 77.08
589.44 74.51
593.74 69.78
590.30 63.34
583.43 58.61
562.81 69.78
572.69 62.48
599.75 53.46
594.60 44.44
611.78 53.46
621.23 62.05
634.98 75.37
644.43 88.68
651.30 74.94
644.86 71.93
636.69 62.05
645.29 58.18
624.24 52.60
619.08 45.73
606.19 43.15
612.64 38.42
625.95 37.13
641.85 36.28
665.05 45.30
657.74 56.89
657.31 66.77
665.05 66.35
661.18 74.94
664.62 87.39
672.78 82.24
681.37 88.25
671.49 103.29
660.75 102.43
664.19 114.46
658.60 126.49
665.90 140.23
674.93 155.27
686.95 175.46
692.11 156.13
683.95 116.18
690.82 105.44
667.62 126.06
702.85 133.79
705.85 84.39
696.83 75.80
700.27 65.06
705.43 72.36
716.16 74.51
731.20 95.13
739.36 89.54
740.65 77.94
729.48 80.09
726.90 72.79
724.33 62.91
732.92 59.47
759.98 91.26
751.82 92.55
755.68 99.85
734.64 114.89
725.19 109.30
725.61 128.63
734.64 128.20
735.92 142.81
721.32 150.54
701.56 146.25
733.78 165.58
746.23 159.56
782.32 153.98
787.47 142.81
793.06 155.70
757.83 143.24
761.27 80.09
744.52 58.61
744.95 43.58
737.21 40.57
726.04 39.28
726.04 46.58
701.56 47.01
698.55 59.04
689.96 45.73
676.21 44.87
679.65 53.89
680.94 66.35
674.50 71.93
768.57 66.35
775.87 66.77
774.16 82.24
785.33 77.08
785.75 97.27
777.59 95.99
787.90 112.31
756.97 124.34
732.06 102.00
573.98 47.01
586.00 13.08
591.16 19.52
597.60 22.96
606.19 17.37
615.64 25.97
617.36 30.26
622.95 21.24
631.11 18.66
637.55 4.49
613.50 12.22
599.32 8.78
607.05 4.06
567.10 4.49
551.64 7.92
528.01 -0.24
546.48 -2.39
813.25 132.07
800.36 98.99
817.11 109.30
817.11 100.71
836.01 115.75
837.73 127.77
833.44 142.81
837.30 153.98
811.10 158.27
849.76 169.44
848.04 128.20
850.62 143.67
660.75 31.12
651.30 20.81
671.06 31.98
684.81 28.54
690.82 20.81
681.37 13.08
