7.36 38.97
8.01 24.05
2.85 12.02
18.75 18.89
25.19 13.31
15.31 8.16
6.29 6.87
26.05 4.29
36.79 9.87
41.08 12.88
22.61 24.91
73.73 5.15
78.03 14.17
84.47 14.17
91.34 13.74
103.37 16.32
98.22 5.15
91.77 5.15
153.20 8.16
163.08 6.87
146.76 2.14
141.60 4.72
139.03 7.30
129.15 7.73
123.99 13.74
130.86 24.48
115.40 32.21
114.11 55.41
136.02 36.08
142.89 29.20
138.17 24.05
145.90 21.04
151.05 25.34
152.34 33.50
157.50 22.76
154.06 17.61
172.53 18.47
153.20 55.84
166.95 85.05
136.45 91.06
42.37 219.93
69.01 218.22
9.73 231.10
107.67 242.27
174.68 209.62
272.62 188.15
159.22 145.19
127.86 95.36
168.67 106.96
185.42 103.95
176.83 101.37
169.96 69.15
176.40 60.13
162.22 57.99
161.79 47.25
184.13 46.82
197.88 44.67
191.00 54.12
191.43 85.05
200.46 100.51
194.87 121.56
203.46 138.74
263.60 129.72
242.98 112.54
210.76 102.23
223.22 105.67
219.79 84.19
226.66 93.21
242.12 78.60
235.25 98.79
255.01 102.23
250.71 94.50
255.87 73.02
245.56 69.58
238.26 64.43
239.12 54.12
229.67 53.26
223.22 41.66
229.24 41.23
210.76 48.11
217.21 39.08
194.44 36.51
198.74 31.78
195.30 25.34
188.43 20.61
167.81 31.78
177.69 24.48
204.75 15.46
199.60 6.44
216.78 15.46
226.23 24.05
239.98 37.37
249.43 50.68
256.30 36.94
249.86 33.93
241.69 24.05
250.29 20.18
229.24 14.60
224.08 7.73
211.19 5.15
217.64 0.42
270.05 7.30
262.74 18.89
262.31 28.77
270.05 28.35
266.18 36.94
269.62 49.39
277.78 44.24
276.49 65.29
265.75 64.43
269.19 76.46
263.60 88.49
270.90 102.23
279.93 117.27
272.62 88.06
279.50 33.93
178.98 9.01
