9.35 214.44
8.49 239.36
71.64 252.68
51.02 226.04
45.87 199.41
2.05 117.79
7.63 127.67
16.65 129.39
18.37 142.28
35.56 122.52
21.81 118.65
35.99 102.76
14.94 86.86
54.46 145.28
45.01 143.13
49.30 122.52
54.46 104.90
61.33 123.80
71.21 142.28
90.54 137.98
76.79 109.63
93.12 111.78
100.42 100.18
95.27 92.45
68.63 101.90
48.87 90.73
46.30 79.99
30.40 73.11
24.82 88.58
113.31 250.53
83.67 185.23
64.77 194.25
135.22 150.44
142.52 139.70
141.23 126.38
127.91 131.97
121.47 124.23
116.32 114.35
123.62 104.04
130.92 111.78
141.66 113.49
150.68 112.64
152.40 130.25
171.73 121.66
166.15 136.69
148.96 238.50
74.22 122.95
74.22 92.45
61.33 85.14
55.75 73.11
45.87 72.69
79.80 81.28
83.67 77.41
98.27 83.00
103.43 77.41
107.29 93.73
116.74 78.70
138.65 86.00
139.08 100.61
125.34 92.88
159.27 88.58
145.96 88.15
154.12 77.41
198.36 73.97
68.85 71.51
92.47 67.21
59.83 45.30
43.07 40.15
1.41 43.58
10.86 41.87
18.59 28.12
29.76 33.28
54.67 30.27
65.41 34.99
68.85 47.45
75.72 38.86
71.43 26.40
87.75 21.68
92.47 12.66
95.91 27.26
107.08 20.39
92.90 49.17
92.90 55.18
73.14 57.33
89.04 61.20
94.62 59.48
104.50 54.75
111.80 47.45
105.36 38.43
113.09 62.92
124.26 44.01
118.25 28.98
139.73 59.48
144.88 48.74
140.59 39.72
152.61 54.32
161.21 41.01
159.49 30.70
199.01 59.05
171.94 60.34
173.66 41.87
181.82 41.87
181.82 34.99
174.52 35.85
184.83 50.46
193.85 47.02
190.85 61.20
130.28 72.80
209.75 53.89
216.19 48.31
206.31 43.16
197.29 41.87
199.01 30.70
207.60 33.70
214.90 30.70
146.60 12.66
147.89 30.70
134.14 26.40
135.00 16.09
132.42 8.79
110.52 12.66
112.23 3.63
71.85 16.09
173.66 17.81
169.80 10.08
161.21 7.50
181.82 17.38
194.71 13.09
182.25 10.94
188.27 1.92
202.44 5.78
210.18 4.92
229.08 6.21
180.54 31.99
167.65 29.84
217.05 39.29
227.79 44.87
232.08 47.88
213.61 59.91
264.73 40.15
269.03 49.17
275.47 49.17
268.60 23.82
260.01 10.94
256.14 1.49
266.02 1.92
268.60 8.79
265.16 7.93
273.32 15.66
266.45 16.09
263.44 19.53
278.91 16.52
278.48 9.22
153.47 269.54
233.37 254.93
260.01 253.22
200.73 266.10
