0.05 14.29
10.79 19.87
15.08 22.88
47.73 15.15
52.03 24.17
58.47 24.17
65.34 23.74
77.37 26.32
72.22 15.15
65.77 15.15
71.79 8.28
78.23 4.84
86.39 0.97
90.26 2.69
94.55 4.84
130.64 8.28
127.20 18.16
137.08 16.87
120.76 12.14
115.60 14.72
113.03 17.30
103.15 17.73
97.99 23.74
104.86 34.48
89.40 42.21
88.11 65.41
110.02 46.08
116.89 39.20
112.17 34.05
119.90 31.04
125.05 35.34
126.34 43.50
131.50 32.76
128.06 27.61
146.53 28.47
139.23 4.84
150.40 5.27
139.23 0.54
128.49 1.40
119.04 0.54
127.20 65.84
140.95 95.05
110.45 101.06
16.37 229.93
43.01 228.22
81.67 252.27
148.68 219.62
246.62 198.15
272.40 192.13
133.22 155.19
101.86 105.36
142.67 116.96
159.42 113.95
150.83 111.37
143.96 79.15
150.40 70.13
136.22 67.99
135.79 57.25
158.13 56.82
171.88 54.67
165.00 64.12
165.43 95.05
174.46 110.51
168.87 131.56
177.46 148.74
237.60 139.72
216.98 122.54
184.76 112.23
197.22 115.67
193.79 94.19
200.66 103.21
216.12 88.60
209.25 108.79
229.01 112.23
224.71 104.50
229.87 83.02
219.56 79.58
212.26 74.43
213.12 64.12
203.67 63.26
197.22 51.66
203.24 51.23
184.76 58.11
191.21 49.08
168.44 46.51
172.74 41.78
169.30 35.34
162.43 30.61
141.81 41.78
151.69 34.48
178.75 25.46
173.60 16.44
190.78 25.46
200.23 34.05
213.98 47.37
223.43 60.68
230.30 46.94
223.86 43.93
215.69 34.05
224.29 30.18
203.24 24.60
198.08 17.73
185.19 15.15
191.64 10.42
204.95 9.13
220.85 8.28
244.05 17.30
236.74 28.89
236.31 38.77
244.05 38.35
240.18 46.94
243.62 59.39
251.78 54.24
260.37 60.25
250.49 75.29
239.75 74.43
243.19 86.46
237.60 98.49
244.90 112.23
253.93 127.27
265.95 147.46
271.11 128.13
262.95 88.18
269.82 77.44
246.62 98.06
275.83 47.80
279.27 37.06
277.55 31.04
268.96 17.73
255.21 16.87
258.65 25.89
259.94 38.35
253.50 43.93
152.98 19.01
196.36 2.26
239.75 3.12
250.06 3.98
263.81 0.54
