941.12 617.18
885.63 619.71
935.23 552.45
969.70 501.16
938.60 488.55
1018.47 484.35
905.81 506.21
843.59 536.47
788.10 575.99
709.91 600.37
636.77 631.48
581.28 606.25
525.79 645.77
458.53 570.94
421.54 539.84
371.94 639.88
387.07 591.96
326.54 508.73
345.87 471.74
418.18 485.19
244.99 541.52
264.32 602.89
218.08 649.97
152.50 573.46
145.78 507.05
236.58 465.01
245.83 507.89
210.51 356.55
128.96 385.14
129.80 342.26
152.50 327.13
143.26 302.75
197.90 319.56
227.33 333.01
210.51 302.75
197.90 282.57
149.14 274.16
270.21 379.25
281.14 354.87
265.16 331.33
253.39 333.85
273.57 341.42
268.53 297.70
323.17 313.68
308.04 304.43
356.80 359.92
338.31 362.44
350.92 392.71
442.56 418.77
481.23 445.67
470.30 412.04
495.53 394.39
546.81 421.29
535.04 391.86
573.71 401.11
600.62 449.88
530.00 542.36
535.88 496.12
628.36 542.36
619.11 502.84
662.83 463.33
632.57 437.26
646.02 396.91
598.94 359.92
550.17 344.78
530.00 327.13
463.58 334.69
396.32 339.74
730.93 458.28
766.24 469.21
724.21 418.77
796.51 426.34
836.87 458.28
815.01 502.00
751.95 537.31
701.51 549.92
675.44 364.12
657.79 331.33
628.36 341.42
676.29 338.06
703.19 338.06
686.37 305.27
678.81 283.41
640.13 270.80
619.96 280.05
617.43 302.75
585.49 331.33
577.08 307.79
555.22 303.59
534.20 280.05
586.33 276.68
570.35 259.03
491.32 265.75
464.42 265.75
499.73 293.50
508.98 308.63
431.63 293.50
443.40 323.76
448.44 304.43
385.39 322.92
372.78 312.84
397.16 303.59
376.98 284.25
365.21 250.62
415.66 256.51
326.54 269.96
313.09 252.30
317.29 232.96
343.35 295.18
292.07 286.77
277.77 261.55
255.91 258.19
216.40 268.28
218.92 243.89
183.61 243.05
140.73 247.26
165.11 274.16
915.90 425.49
881.43 444.83
826.78 401.11
883.95 386.82
1011.74 436.42
1017.63 408.68
977.27 396.07
1008.38 367.48
985.68 361.60
950.37 352.35
955.41 380.94
873.02 355.71
820.89 366.64
752.79 364.96
757.84 335.54
780.54 336.38
756.16 311.99
768.77 296.86
809.96 325.45
844.43 320.40
819.21 295.18
853.68 302.75
836.03 276.68
867.13 296.86
891.51 276.68
870.50 266.59
841.07 247.26
782.22 265.75
779.70 246.42
795.67 240.53
806.60 237.17
834.34 227.92
731.77 277.52
708.23 274.16
686.37 253.98
681.33 236.33
738.50 246.42
745.23 235.49
750.27 212.79
706.55 224.56
692.26 211.11
708.23 201.02
683.85 183.36
664.51 192.61
658.63 211.95
644.34 215.31
630.04 200.18
608.19 204.38
588.01 206.90
601.46 225.40
597.26 238.85
561.10 222.04
542.61 233.81
525.79 222.04
512.34 207.74
545.97 192.61
561.10 201.02
480.39 220.35
461.90 195.97
499.73 206.90
497.21 188.41
433.31 238.01
432.47 218.67
402.20 216.99
416.50 189.25
450.13 189.25
432.47 193.45
439.20 174.11
402.20 168.23
395.48 168.23
375.30 203.54
362.69 192.61
363.53 177.48
350.92 168.23
339.99 230.44
331.58 208.58
328.22 191.77
322.33 174.95
321.49 158.98
293.75 185.88
287.02 211.11
292.07 239.69
246.67 213.63
231.53 208.58
192.86 206.06
183.61 190.09
150.82 179.16
140.73 203.54
152.50 157.30
164.27 151.41
160.91 139.64
155.03 129.55
149.14 117.78
126.44 122.83
177.73 117.78
194.54 138.80
198.74 169.07
182.77 164.86
199.59 187.56
225.65 123.67
226.49 143.01
234.90 149.73
241.62 169.07
244.14 193.45
253.39 124.51
269.37 145.53
274.41 160.66
274.41 181.68
294.59 122.83
285.34 113.58
322.33 118.62
331.58 128.71
345.87 144.69
351.76 150.57
378.66 159.82
384.55 143.01
364.37 127.03
344.19 116.10
388.75 128.71
417.34 144.69
430.79 134.60
425.74 121.15
415.66 114.42
455.17 146.37
467.78 136.28
452.65 128.71
464.42 121.99
449.29 164.02
392.11 154.78
476.19 168.23
464.42 168.23
490.48 147.21
501.41 121.99
512.34 140.48
527.47 143.01
540.93 155.62
551.01 164.86
530.84 174.11
536.72 185.04
566.99 173.27
587.17 191.77
603.98 180.00
585.49 170.75
581.28 160.66
581.28 135.44
548.49 132.08
532.52 125.35
567.83 127.03
561.10 123.67
621.64 158.98
611.55 156.46
615.75 137.96
605.66 130.39
617.43 116.94
640.97 119.46
654.43 125.35
652.74 142.16
662.83 158.14
676.29 166.55
651.90 170.75
673.76 117.78
686.37 147.21
697.30 164.02
709.91 169.91
720.84 161.50
725.89 125.35
725.05 116.10
724.21 144.69
737.66 140.48
757.84 138.80
773.81 142.16
786.42 154.78
774.65 164.86
773.81 180.84
743.54 164.02
732.61 155.62
775.49 226.24
778.86 116.94
795.67 132.92
805.76 121.15
810.80 158.98
827.62 154.78
836.03 177.48
811.64 177.48
815.85 193.45
898.24 233.81
882.27 191.77
865.45 190.93
850.32 169.91
853.68 143.85
839.39 123.67
826.78 126.19
873.86 129.55
886.47 127.87
884.79 142.16
879.74 152.25
888.15 165.71
877.22 166.55
897.40 177.48
915.90 169.07
921.78 145.53
898.24 131.24
920.10 129.55
945.32 145.53
960.46 162.34
957.93 142.16
985.68 148.89
980.63 120.31
1007.54 180.84
1014.26 231.28
1016.79 214.47
988.20 226.24
967.18 233.81
935.23 202.70
906.65 201.86
922.62 235.49
926.83 253.98
933.55 272.48
931.87 295.18
956.25 317.04
973.91 322.92
1004.17 290.14
995.77 270.80
980.63 257.35
994.93 328.81
1022.67 317.04
652.74 248.94
572.03 231.28
499.73 245.58
3.08 107.76
29.68 534.34
24.56 491.38
48.09 444.32
20.47 587.54
5.13 623.34
17.40 666.31
26.61 361.46
60.37 349.18
12.29 333.84
11.26 293.94
16.38 279.62
45.02 267.35
27.63 245.86
60.37 253.02
97.19 285.76
93.10 263.25
93.10 247.91
80.83 238.70
90.03 226.43
97.19 214.15
85.94 325.66
71.62 348.16
99.24 375.78
123.79 257.12
41.95 233.59
47.07 209.04
53.21 179.37
100.26 182.44
63.44 163.00
111.52 169.14
117.65 132.31
81.85 135.38
81.85 120.04
81.85 108.78
119.70 111.85
121.75 104.69
89.01 91.39
24.56 95.49
37.86 92.42
44.00 69.91
28.65 68.89
25.59 58.66
31.72 43.31
32.75 28.99
62.41 53.54
45.02 49.45
73.67 46.38
92.08 47.41
155.50 65.82
133.00 105.72
156.53 101.62
168.80 97.53
173.92 78.09
183.12 76.05
196.42 67.87
205.63 72.98
206.65 88.32
190.29 102.65
188.24 89.35
225.07 81.16
220.97 58.66
229.16 57.64
241.43 60.70
248.59 78.09
246.55 87.30
248.59 114.92
258.82 100.60
273.15 90.37
276.22 75.03
267.01 74.00
262.92 59.68
288.49 65.82
303.84 69.91
301.79 83.21
299.74 96.51
291.56 104.69
309.97 89.35
319.18 108.78
317.13 102.65
327.36 92.42
323.27 88.32
329.41 81.16
320.20 78.09
329.41 68.89
356.01 68.89
372.38 69.91
363.17 88.32
369.31 92.42
388.74 103.67
384.65 98.55
389.77 87.30
389.77 72.98
395.90 61.73
447.05 79.12
427.62 75.03
417.39 70.93
414.32 82.19
409.20 104.69
419.43 96.51
452.17 115.95
447.05 109.81
480.81 68.89
478.76 77.07
475.70 88.32
487.97 100.60
519.68 86.28
508.43 81.16
498.20 70.93
519.68 68.89
527.87 77.07
538.10 85.26
544.24 70.93
549.35 79.12
552.42 86.28
559.58 85.26
558.56 106.74
572.88 109.81
595.38 106.74
609.71 105.72
601.52 93.44
596.41 87.30
593.34 72.98
584.13 71.96
614.82 81.16
619.94 94.46
629.14 107.76
670.06 104.69
647.56 94.46
654.72 83.21
640.40 87.30
640.40 75.03
632.21 88.32
670.06 74.00
665.97 84.23
678.25 81.16
682.34 92.42
693.59 98.55
695.64 113.90
722.23 108.78
713.03 99.58
706.89 89.35
694.61 84.23
694.61 71.96
719.16 82.19
734.51 94.46
746.78 97.53
757.01 82.19
782.59 82.19
805.09 70.93
774.41 100.60
758.04 107.76
783.61 103.67
878.75 67.87
899.21 90.37
917.62 88.32
938.08 96.51
956.50 56.61
959.56 80.14
950.36 101.62
984.12 87.30
1000.48 109.81
1014.80 91.39
1001.51 92.42
1019.92 115.95
1020.94 132.31
1013.78 144.59
987.18 37.18
952.40 35.13
961.61 35.13
942.17 27.97
922.74 20.81
893.07 24.90
817.37 31.04
801.00 31.04
740.65 22.85
716.10 26.95
687.45 22.85
996.65 23.44
982.84 35.72
934.25 15.26
909.18 12.19
915.83 35.21
872.87 14.75
888.21 18.33
845.25 15.26
842.18 23.44
820.69 18.84
804.84 18.33
776.20 17.81
764.94 27.02
753.18 15.26
724.02 16.79
698.45 14.75
660.09 24.98
644.74 13.21
625.31 15.26
632.47 13.72
603.82 18.33
558.30 17.81
580.81 21.40
525.05 18.33
519.94 13.21
955.73 21.91
945.50 180.98
989.49 179.45
851.90 125.23
765.97 128.30
840.64 216.78
575.18 148.24
592.06 154.38
526.59 113.97
613.54 74.59
518.41 170.75
621.73 202.97
636.54 24.14
588.54 12.92
563.92 10.43
500.64 15.10
490.05 11.05
420.54 11.99
451.40 69.03
451.71 99.88
465.73 91.78
494.10 117.65
485.99 115.16
477.27 115.47
477.27 105.18
503.76 171.26
573.27 99.88
677.37 149.81
671.60 11.36
656.64 7.00
729.89 7.62
811.86 10.74
990.25 13.65
971.84 14.67
1002.53 7.51
1014.80 10.58
369.31 7.51
389.77 7.51
566.74 571.17
