185.47 536.94
222.46 505.84
317.46 474.73
298.13 437.74
225.82 451.19
399.01 507.52
491.50 539.46
498.22 473.05
407.42 431.01
398.17 473.89
433.49 322.55
515.04 351.14
514.20 308.26
491.50 293.13
500.74 268.75
446.10 285.56
416.67 299.01
433.49 268.75
446.10 248.57
494.86 240.16
373.79 345.25
362.86 320.87
378.84 297.33
390.61 299.85
370.43 307.42
375.47 263.70
320.83 279.68
335.96 270.43
287.20 325.92
305.69 328.44
293.08 358.71
201.44 384.77
162.77 411.67
173.70 378.04
148.47 360.39
97.19 387.29
108.96 357.86
70.29 367.11
43.38 415.88
114.00 508.36
108.12 462.12
15.64 508.36
24.89 468.84
11.43 403.26
45.06 325.92
93.83 310.78
114.00 293.13
180.42 300.69
247.68 305.74
15.64 307.42
3.87 236.80
24.04 246.05
26.57 268.75
58.51 297.33
66.92 273.79
88.78 269.59
109.80 246.05
57.67 242.68
73.65 225.03
152.68 231.75
179.58 231.75
144.27 259.50
135.02 274.63
212.37 259.50
200.60 289.76
195.56 270.43
258.61 288.92
271.22 278.84
246.84 269.59
267.02 250.25
278.79 216.62
228.34 222.51
317.46 235.96
330.91 218.30
326.71 198.96
300.65 261.18
351.93 252.77
366.23 227.55
388.09 224.19
427.60 234.28
425.08 209.89
460.39 209.05
503.27 213.26
478.89 240.16
13.96 166.18
35.81 170.38
55.99 172.90
42.54 191.40
46.74 204.85
82.90 188.04
101.39 199.81
118.21 188.04
131.66 173.74
98.03 158.61
82.90 167.02
163.61 186.35
182.10 161.97
144.27 172.90
146.79 154.41
210.69 204.01
211.53 184.67
241.80 182.99
227.50 155.25
193.87 155.25
211.53 159.45
204.80 140.11
241.80 134.23
248.52 134.23
268.70 169.54
281.31 158.61
280.47 143.48
293.08 134.23
304.01 196.44
312.42 174.58
315.78 157.77
321.67 140.95
322.51 124.98
350.25 151.88
356.98 177.11
351.93 205.69
397.33 179.63
412.47 174.58
451.14 172.06
460.39 156.09
493.18 145.16
503.27 169.54
491.50 123.30
479.73 117.41
483.09 105.64
488.97 95.55
494.86 83.78
517.56 88.83
466.27 83.78
449.46 104.80
445.26 135.07
461.23 130.86
444.41 153.56
418.35 89.67
417.51 109.01
409.10 115.73
402.38 135.07
399.86 159.45
390.61 90.51
374.63 111.53
369.59 126.66
369.59 147.68
349.41 88.83
358.66 79.58
321.67 84.62
312.42 94.71
298.13 110.69
292.24 116.57
265.34 125.82
259.45 109.01
279.63 93.03
299.81 82.10
255.25 94.71
226.66 110.69
213.21 100.60
218.26 87.15
228.34 80.42
188.83 112.37
176.22 102.28
191.35 94.71
179.58 87.99
194.71 130.02
251.89 120.78
167.81 134.23
179.58 134.23
153.52 113.21
142.59 87.99
131.66 106.48
116.53 109.01
103.07 121.62
92.99 130.86
113.16 140.11
107.28 151.04
77.01 139.27
56.83 157.77
40.02 146.00
58.51 136.75
62.72 126.66
62.72 101.44
95.51 98.08
111.48 91.35
76.17 93.03
82.90 89.67
22.36 124.98
32.45 122.46
28.25 103.96
38.34 96.39
26.57 82.94
3.03 85.46
71.97 197.28
144.27 211.58
520.21 223.12
543.74 148.44
532.48 135.14
526.35 98.31
524.30 77.85
522.25 70.69
488.50 31.82
511.00 71.72
487.47 67.62
475.20 63.53
470.08 44.09
460.88 42.05
447.58 33.87
438.37 38.98
437.35 54.32
453.71 68.65
455.76 55.35
418.93 47.16
423.03 24.66
414.84 23.64
402.57 26.70
395.41 44.09
397.45 53.30
395.41 80.92
385.18 66.60
370.85 56.37
367.78 41.03
376.99 40.00
381.08 25.68
355.51 31.82
340.16 35.91
342.21 49.21
344.26 62.51
352.44 70.69
334.03 55.35
324.82 74.78
326.87 68.65
316.64 58.42
320.73 54.32
314.59 47.16
323.80 44.09
314.59 34.89
287.99 34.89
271.62 35.91
280.83 54.32
274.69 58.42
255.26 69.67
259.35 64.55
254.23 53.30
254.23 38.98
248.10 27.73
196.95 45.12
216.38 41.03
226.61 36.93
229.68 48.19
234.80 70.69
224.57 62.51
191.83 81.95
196.95 75.81
163.19 34.89
165.24 43.07
168.30 54.32
156.03 66.60
124.32 52.28
135.57 47.16
145.80 36.93
124.32 34.89
116.13 43.07
105.90 51.26
99.76 36.93
94.65 45.12
91.58 52.28
84.42 51.26
85.44 72.74
71.12 75.81
48.62 72.74
34.29 71.72
42.48 59.44
47.59 53.30
50.66 38.98
59.87 37.96
29.18 47.16
24.06 60.46
14.86 73.76
3.60 53.30
3.60 41.03
11.79 54.32
68.82 114.24
51.94 120.38
117.41 79.97
30.46 40.59
125.59 136.75
22.27 168.97
192.60 35.03
192.29 65.88
178.27 57.78
149.90 83.65
158.01 81.16
166.73 81.47
166.73 71.18
140.24 137.26
70.73 65.88
77.26 537.17
