134.46 518.84
229.46 487.73
210.13 450.74
137.82 464.19
311.01 520.52
410.22 486.05
319.42 444.01
310.17 486.89
345.49 335.55
427.04 364.14
426.20 321.26
403.50 306.13
412.74 281.75
358.10 298.56
328.67 312.01
345.49 281.75
358.10 261.57
406.86 253.16
285.79 358.25
274.86 333.87
290.84 310.33
302.61 312.85
282.43 320.42
287.47 276.70
232.83 292.68
247.96 283.43
199.20 338.92
217.69 341.44
205.08 371.71
113.44 397.77
74.77 424.67
85.70 391.04
60.47 373.39
9.19 400.29
20.96 370.86
26.00 521.36
20.12 475.12
5.83 323.78
26.00 306.13
92.42 313.69
159.68 318.74
0.78 282.59
21.80 259.05
64.68 244.75
91.58 244.75
56.27 272.50
47.02 287.63
124.37 272.50
112.60 302.76
107.56 283.43
170.61 301.92
183.22 291.84
158.84 282.59
179.02 263.25
190.79 229.62
140.34 235.51
229.46 248.96
242.91 231.30
238.71 211.96
212.65 274.18
263.93 265.77
278.23 240.55
300.09 237.19
339.60 247.28
337.08 222.89
372.39 222.05
415.27 226.26
390.89 253.16
13.39 212.81
30.21 201.04
43.66 186.74
10.03 171.61
75.61 199.35
94.10 174.97
56.27 185.90
58.79 167.41
122.69 217.01
123.53 197.67
153.80 195.99
139.50 168.25
105.87 168.25
123.53 172.45
116.80 153.11
153.80 147.23
160.52 147.23
180.70 182.54
193.31 171.61
192.47 156.48
205.08 147.23
216.01 209.44
224.42 187.58
227.78 170.77
233.67 153.95
234.51 137.98
262.25 164.88
268.98 190.11
263.93 218.69
309.33 192.63
324.47 187.58
363.14 185.06
372.39 169.09
405.18 158.16
415.27 182.54
403.50 136.30
391.73 130.41
395.09 118.64
400.97 108.55
406.86 96.78
429.56 101.83
378.27 96.78
361.46 117.80
357.26 148.07
373.23 143.86
356.41 166.56
330.35 102.67
329.51 122.01
321.10 128.73
314.38 148.07
311.86 172.45
302.61 103.51
286.63 124.53
281.59 139.66
281.59 160.68
261.41 101.83
270.66 92.58
233.67 97.62
224.42 107.71
210.13 123.69
204.24 129.57
177.34 138.82
171.45 122.01
191.63 106.03
211.81 95.10
167.25 107.71
138.66 123.69
125.21 113.60
130.26 100.15
140.34 93.42
100.83 125.37
88.22 115.28
103.35 107.71
91.58 100.99
106.71 143.02
163.89 133.78
79.81 147.23
91.58 147.23
65.52 126.21
54.59 100.99
43.66 119.48
28.53 122.01
15.07 134.62
4.99 143.86
25.16 153.11
19.28 164.04
7.51 111.08
23.48 104.35
56.27 224.58
526.32 513.34
531.44 470.38
507.91 423.32
529.39 340.46
495.63 328.18
543.71 312.84
539.62 258.62
510.98 246.35
528.37 224.86
495.63 232.02
458.81 264.76
462.90 242.25
462.90 226.91
475.17 217.70
465.97 205.43
458.81 193.15
470.06 304.66
484.38 327.16
456.76 354.78
432.21 236.12
514.05 212.59
508.93 188.04
502.79 158.37
455.74 161.44
492.56 142.00
444.48 148.14
438.35 111.31
474.15 114.38
474.15 99.04
474.15 87.78
436.30 90.85
434.25 83.69
466.99 70.39
531.44 74.49
518.14 71.42
512.00 48.91
527.35 47.89
530.41 37.66
524.28 22.31
523.25 7.99
493.59 32.54
510.98 28.45
482.33 25.38
463.92 26.41
400.50 44.82
423.00 84.72
399.47 80.62
387.20 76.53
382.08 57.09
372.88 55.05
359.58 46.87
350.37 51.98
349.35 67.32
365.71 81.65
367.76 68.35
330.93 60.16
335.03 37.66
326.84 36.64
314.57 39.70
307.41 57.09
309.45 66.30
307.41 93.92
297.18 79.60
282.85 69.37
279.78 54.03
288.99 53.00
293.08 38.68
267.51 44.82
252.16 48.91
254.21 62.21
256.26 75.51
264.44 83.69
246.03 68.35
236.82 87.78
238.87 81.65
228.64 71.42
232.73 67.32
226.59 60.16
235.80 57.09
226.59 47.89
199.99 47.89
183.62 48.91
192.83 67.32
186.69 71.42
167.26 82.67
171.35 77.55
166.23 66.30
166.23 51.98
160.10 40.73
108.95 58.12
128.38 54.03
138.61 49.93
141.68 61.19
146.80 83.69
136.57 75.51
103.83 94.95
108.95 88.81
75.19 47.89
77.24 56.07
80.30 67.32
68.03 79.60
36.32 65.28
47.57 60.16
57.80 49.93
36.32 47.89
28.13 56.07
17.90 64.26
11.76 49.93
6.65 58.12
3.58 65.28
29.41 92.97
37.59 149.75
104.60 48.03
104.29 78.88
90.27 70.78
61.90 96.65
70.01 94.16
78.73 94.47
78.73 84.18
52.24 150.26
