13.88 536.18
69.37 538.71
19.77 471.45
16.40 407.55
49.19 425.21
111.41 455.47
166.90 494.99
245.09 519.37
373.72 525.25
496.47 489.94
533.46 458.84
536.82 404.19
512.44 337.77
473.77 364.67
484.70 331.04
459.47 313.39
408.19 340.29
419.96 310.86
381.29 320.11
354.38 368.88
425.00 461.36
419.12 415.12
326.64 461.36
335.89 421.84
292.17 382.33
322.43 356.26
308.98 315.91
356.06 278.92
404.83 263.78
425.00 246.13
491.42 253.69
224.07 377.28
188.76 388.21
230.79 337.77
158.49 345.34
118.13 377.28
139.99 421.00
203.05 456.31
253.49 468.92
279.56 283.12
297.21 250.33
326.64 260.42
278.71 257.06
251.81 257.06
268.63 224.27
276.19 202.41
314.87 189.80
335.04 199.05
337.57 221.75
369.51 250.33
377.92 226.79
399.78 222.59
420.80 199.05
368.67 195.68
384.65 178.03
463.68 184.75
490.58 184.75
455.27 212.50
446.02 227.63
523.37 212.50
511.60 242.76
506.56 223.43
539.34 175.51
39.10 344.49
73.57 363.83
128.22 320.11
71.05 305.82
4.63 271.35
81.98 274.71
134.11 285.64
202.21 283.96
197.16 254.54
174.46 255.38
198.84 230.99
186.23 215.86
145.04 244.45
110.57 239.40
135.79 214.18
101.32 221.75
118.97 195.68
87.87 215.86
63.49 195.68
84.50 185.59
113.93 166.26
172.78 184.75
175.30 165.42
159.33 159.53
148.40 156.17
120.66 146.92
223.23 196.52
246.77 193.16
268.63 172.98
273.67 155.33
216.50 165.42
209.77 154.49
204.73 131.79
248.45 143.56
262.74 130.11
246.77 120.02
271.15 102.36
290.49 111.61
296.37 130.95
310.66 134.31
324.96 119.18
346.81 123.38
366.99 125.90
353.54 144.40
357.74 157.85
393.90 141.04
412.39 152.81
429.21 141.04
442.66 126.74
409.03 111.61
393.90 120.02
474.61 139.35
493.10 114.97
455.27 125.90
457.79 107.41
521.69 157.01
522.53 137.67
538.50 108.25
504.87 108.25
522.53 112.45
515.80 93.11
537.66 63.69
524.21 53.60
529.26 40.15
539.34 33.42
499.83 65.37
487.22 55.28
502.35 47.71
490.58 40.99
505.71 83.02
478.81 87.23
490.58 87.23
464.52 66.21
453.59 40.99
442.66 59.48
427.53 62.01
414.07 74.62
403.99 83.86
424.16 93.11
418.28 104.04
388.01 92.27
367.83 110.77
351.02 99.00
369.51 89.75
373.72 79.66
373.72 54.44
406.51 51.08
422.48 44.35
387.17 46.03
393.90 42.67
333.36 77.98
343.45 75.46
339.25 56.96
349.34 49.39
337.57 35.94
314.03 38.46
300.57 44.35
302.26 61.16
292.17 77.14
278.71 85.55
303.10 89.75
281.24 36.78
268.63 66.21
257.70 83.02
245.09 88.91
234.16 80.50
229.11 44.35
229.95 35.10
230.79 63.69
217.34 59.48
197.16 57.80
181.19 61.16
168.58 73.78
180.35 83.86
181.19 99.84
211.46 83.02
222.39 74.62
179.51 145.24
176.14 35.94
159.33 51.92
149.24 40.15
144.20 77.98
127.38 73.78
118.97 96.48
143.36 96.48
139.15 112.45
56.76 152.81
72.73 110.77
89.55 109.93
104.68 88.91
101.32 62.85
115.61 42.67
128.22 45.19
81.14 48.55
68.53 46.87
70.21 61.16
75.26 71.25
66.85 84.71
77.78 85.55
57.60 96.48
39.10 88.07
33.22 64.53
56.76 50.24
34.90 48.55
9.68 64.53
19.77 121.70
48.35 120.86
32.38 154.49
28.17 172.98
21.45 191.48
23.13 214.18
302.26 167.94
382.97 150.28
455.27 164.58
540.68 1.19
535.57 15.51
502.83 34.95
507.95 28.81
479.30 7.32
467.03 19.60
435.32 5.28
446.57 0.16
416.90 4.26
402.58 5.28
395.42 4.26
396.44 25.74
382.12 28.81
359.62 25.74
345.29 24.72
353.48 12.44
358.59 6.30
340.18 0.16
335.06 13.46
325.86 26.76
284.94 23.69
307.44 13.46
300.28 2.21
314.60 6.30
322.79 7.32
289.03 3.23
276.75 0.16
272.66 11.42
261.41 17.55
259.36 32.90
232.77 27.78
241.97 18.58
248.11 8.35
260.39 3.23
235.84 1.19
220.49 13.46
208.22 16.53
197.99 1.19
172.41 1.19
180.59 19.60
196.96 26.76
171.39 22.67
55.79 9.37
37.38 7.32
16.92 15.51
4.64 20.62
9.50 99.98
103.10 44.23
189.03 47.30
114.36 135.78
379.82 67.24
362.94 73.38
428.41 32.97
436.59 89.75
333.27 121.97
503.29 18.88
489.27 10.78
460.90 36.65
469.01 34.16
477.73 34.47
477.73 24.18
451.24 90.26
381.73 18.88
277.63 68.81
388.26 490.17
