16.11 652.02
54.47 624.94
93.95 633.96
87.18 603.50
58.98 579.81
95.08 541.45
144.72 549.35
137.95 595.61
150.36 596.73
183.08 610.27
179.69 573.04
212.41 606.89
221.43 570.79
246.25 584.33
274.46 592.22
267.69 671.19
301.53 689.24
344.40 608.02
310.56 598.99
353.43 567.40
307.17 541.45
283.48 515.51
224.82 471.51
237.23 424.13
166.15 457.97
166.15 418.48
190.97 407.20
214.66 392.54
415.48 492.94
387.27 525.66
344.40 523.40
403.07 622.68
479.78 579.81
521.53 576.43
540.70 638.48
498.96 650.89
489.94 620.43
433.53 618.17
452.71 608.02
450.45 526.79
460.60 508.74
372.61 442.18
461.73 679.09
489.94 697.14
369.22 676.83
344.40 655.40
168.41 701.65
81.54 701.65
56.72 462.48
54.47 442.18
51.08 420.74
48.82 386.90
46.57 366.59
65.75 383.51
127.80 420.74
188.72 430.89
246.25 390.28
272.20 404.95
837.41 353.05
815.98 586.58
797.93 567.40
756.18 559.51
744.90 584.33
765.21 600.12
704.29 671.19
646.75 701.65
647.88 631.71
625.32 594.48
1126.22 148.85
454.96 404.95
488.81 389.15
412.09 376.74
407.58 357.56
368.09 397.05
382.76 404.95
316.20 412.84
347.79 444.43
315.07 445.56
307.17 468.12
498.96 523.40
518.14 518.89
559.88 541.45
584.70 529.05
619.68 500.84
610.65 485.05
589.22 436.54
653.52 483.92
658.03 446.69
659.16 554.99
617.42 527.92
814.85 663.30
857.72 642.99
902.84 661.04
913.00 592.22
893.82 547.10
907.36 523.40
856.59 513.25
867.87 485.05
847.56 450.07
822.75 452.33
828.39 485.05
854.33 408.33
874.64 406.08
907.36 394.79
946.84 379.00
940.07 402.69
1004.38 531.30
995.35 551.61
979.56 587.71
847.56 580.94
153.27 364.05
172.45 367.44
196.71 371.95
232.81 373.64
259.32 366.87
233.94 357.85
224.91 346.00
221.53 320.05
220.40 302.57
238.45 302.57
246.91 310.46
261.58 309.90
272.29 302.57
280.76 304.82
287.52 295.23
301.63 313.85
308.96 300.31
329.27 306.51
342.24 317.80
367.06 329.64
381.73 335.85
384.55 314.41
37.64 312.16
54.56 312.16
65.84 314.41
76.56 318.36
104.20 318.92
115.48 316.67
128.45 324.57
122.81 302.57
171.89 292.41
174.71 282.82
195.02 278.87
306.70 255.18
250.86 257.44
247.47 272.67
251.42 283.39
251.42 291.28
274.55 289.03
361.42 302.57
404.29 312.72
451.11 310.46
394.70 274.36
390.19 290.16
394.70 310.46
354.09 290.16
339.42 268.72
312.34 340.92
337.73 359.54
351.27 361.79
379.47 369.69
285.27 391.13
196.71 468.41
120.56 436.25
331.52 397.33
316.86 370.82
190.50 330.21
213.07 327.95
209.12 316.67
205.17 305.95
151.58 322.31
43.56 333.45
186.84 262.94
208.84 262.09
221.24 256.45
147.35 264.35
135.79 266.32
121.97 276.20
125.07 267.17
35.38 264.35
34.82 255.61
32.28 278.45
35.10 287.48
42.43 289.73
35.10 302.71
59.07 298.76
145.94 346.14
163.14 345.86
240.42 322.45
256.78 320.19
262.99 340.78
240.42 336.27
142.46 640.73
958.12 706.17
943.46 573.04
931.05 523.40
917.51 488.43
940.07 428.64
989.71 438.79
1006.64 416.23
966.02 394.79
803.57 423.00
722.34 439.92
734.75 426.38
756.18 420.74
645.62 413.97
590.34 319.21
546.34 329.36
554.24 321.46
536.19 307.92
544.09 300.03
521.53 307.92
506.86 287.62
468.50 279.72
932.18 353.05
-53.84 34.91
726.19 340.36
747.06 363.49
795.58 343.74
809.68 342.62
815.88 312.72
839.57 284.52
751.58 322.87
739.73 318.92
761.73 338.67
698.55 319.49
692.91 297.49
810.81 376.46
826.60 371.95
841.27 387.74
917.42 408.61
989.62 375.33
1001.47 364.62
995.83 345.44
978.34 307.08
960.85 307.08
944.49 322.87
778.09 383.79
730.71 379.85
717.17 378.15
577.28 462.77
547.94 314.41
739.17 268.72
764.55 272.67
787.68 277.75
796.70 285.08
777.53 289.59
732.96 296.93
682.76 294.67
614.51 281.70
607.17 280.57
994.70 326.82
881.88 360.10
870.60 357.28
902.19 374.20
797.27 399.02
894.29 410.87
846.34 430.61
935.47 508.46
971.57 505.07
660.76 289.03
642.71 287.90
532.71 289.03
395.43 266.29
410.69 258.66
423.13 287.97
439.19 291.58
336.82 247.02
339.63 257.06
407.58 227.83
444.81 222.18
792.28 666.68
502.35 434.28
450.45 439.92
419.99 450.07
397.43 465.87
406.45 420.74
432.40 412.84
448.19 359.82
7.08 492.94
695.26 497.46
785.52 311.31
408.81 277.15
401.38 287.50
320.84 287.50
334.34 274.45
407.68 238.46
424.78 239.36
440.53 279.18
438.95 259.15
388.33 242.51
970.53 631.71
875.77 559.51
854.33 549.35
993.43 284.53
1019.99 288.78
980.67 295.51
990.24 308.26
971.82 327.03
949.86 297.28
955.17 291.26
821.62 284.17
824.81 299.76
811.00 297.28
755.74 284.17
759.99 307.20
794.70 328.10
823.75 335.54
492.98 305.50
502.07 311.66
468.93 301.69
662.82 302.86
641.11 302.86
723.54 284.09
546.37 272.94
744.07 264.73
582.74 274.41
592.29 689.98
566.72 693.05
581.04 599.96
10.22 361.60
297.67 248.05
290.51 230.66
268.01 278.74
261.87 269.54
146.27 298.18
180.03 307.39
170.83 314.55
110.47 304.32
101.26 302.27
9.20 295.11
20.45 324.78
590.25 342.17
1006.60 276.70
613.77 389.22
575.92 389.22
279.26 244.98
127.86 290.00
18.40 270.56
11.24 398.43
491.02 335.01
789.73 465.95
706.87 633.72
609.68 633.72
577.97 641.90
523.75 297.16
428.62 363.65
102.29 367.74
128.88 378.99
957.50 283.86
853.15 346.26
696.64 541.65
707.89 565.18
383.60 555.97
677.20 467.99
406.11 538.58
425.55 543.69
421.46 584.61
21.47 596.89
27.61 628.60
350.87 262.37
643.44 505.84
928.79 335.00
969.41 287.62
920.90 284.23
905.10 304.54
725.72 539.20
575.68 291.00
590.34 291.00
327.48 261.67
327.48 261.67
307.17 272.95
293.64 263.93
203.38 358.69
356.81 416.23
383.89 432.02
802.44 534.69
758.44 534.69
771.98 565.15
970.53 672.32
1007.76 682.48
417.73 321.46
424.50 311.31
415.48 303.41
141.33 428.64
263.18 248.13
149.23 279.72
165.03 269.57
266.56 559.51
484.30 430.89
385.02 355.31
365.84 355.31
501.22 554.99
538.45 516.64
967.15 567.40
454.96 583.20
441.43 565.15
823.87 415.10
866.74 345.15
907.36 360.95
920.90 371.10
925.41 359.82
955.87 365.46
988.59 357.56
1008.89 300.03
1003.25 300.03
997.61 293.26
1005.51 285.36
660.29 335.00
670.44 319.21
645.62 319.21
161.47 262.86
171.18 262.26
167.54 254.97
159.04 251.33
172.40 235.53
197.30 261.65
174.83 273.19
192.44 269.55
268.36 233.11
311.48 225.82
304.19 225.82
323.01 229.46
327.27 222.78
313.30 233.71
316.94 247.07
315.73 254.36
321.80 251.93
304.19 243.43
365.53 257.40
374.03 265.90
378.89 258.61
383.75 252.54
384.96 259.22
401.36 254.36
390.43 226.43
382.53 225.82
365.53 245.86
356.42 245.25
347.31 247.07
348.52 236.14
355.81 234.93
362.49 236.75
415.94 222.17
414.72 230.07
420.79 225.21
428.69 217.32
426.87 233.11
433.55 227.64
439.01 236.14
429.90 256.18
420.79 258.61
416.54 256.18
418.36 267.12
418.36 272.58
422.62 269.55
458.45 221.57
457.23 231.28
464.52 222.78
500.35 242.22
506.43 248.29
515.54 233.11
526.47 237.36
507.64 211.85
507.64 225.21
501.57 220.96
493.07 254.97
498.53 270.15
497.32 278.66
497.92 284.73
504.60 278.05
493.67 294.45
501.57 300.52
509.46 303.56
460.88 292.62
443.87 298.09
440.23 305.98
406.22 299.30
390.43 302.34
822.24 523.41
108.02 591.43
177.26 389.80
123.81 403.16
