114.43 562.40
68.17 536.45
44.48 510.51
176.48 487.94
148.27 520.66
105.40 518.40
211.45 521.79
221.60 503.74
133.61 437.18
7.25 385.28
33.20 399.95
558.93 562.40
517.18 554.51
215.96 399.95
249.81 384.15
173.09 371.74
168.58 352.56
129.09 392.05
143.76 399.95
77.20 407.84
108.79 439.43
76.07 440.56
68.17 463.12
259.96 518.40
279.14 513.89
320.88 536.45
345.70 524.05
380.68 495.84
371.65 480.05
350.22 431.54
414.52 478.92
419.03 441.69
420.16 549.99
378.42 522.92
20.32 361.87
7.91 305.46
22.58 304.90
33.29 297.57
41.76 299.82
48.52 290.23
62.63 308.85
69.96 295.31
90.27 301.51
103.24 312.80
128.06 324.64
142.73 330.85
145.55 309.41
67.70 250.18
11.86 252.44
8.47 267.67
12.42 278.39
12.42 286.28
35.55 284.03
122.42 297.57
165.29 307.72
212.11 305.46
155.70 269.36
151.19 285.16
155.70 305.46
115.09 285.16
100.42 263.72
73.34 335.92
98.73 354.54
112.27 356.79
140.47 364.69
46.27 386.13
92.52 392.33
77.86 365.82
1.42 317.45
17.78 315.19
23.99 335.78
1.42 331.27
564.57 418.00
483.34 434.92
495.75 421.38
517.18 415.74
406.62 408.97
351.34 314.21
307.34 324.36
315.24 316.46
297.19 302.92
305.09 295.03
282.53 302.92
267.86 282.62
229.50 274.72
487.19 335.36
508.06 358.49
556.58 338.74
512.58 317.87
500.73 313.92
522.73 333.67
459.55 314.49
453.91 292.49
539.09 378.79
491.71 374.85
478.17 373.15
338.28 457.77
308.94 309.41
500.17 263.72
525.55 267.67
548.68 272.75
557.70 280.08
538.53 284.59
493.96 291.93
443.76 289.67
375.51 276.70
368.17 275.57
558.27 394.02
421.76 284.03
403.71 282.90
293.71 284.03
156.43 261.29
171.69 253.66
184.13 282.97
200.19 286.58
97.82 242.02
100.63 252.06
168.58 222.83
205.81 217.18
263.35 429.28
211.45 434.92
180.99 445.07
158.43 460.87
167.45 415.74
193.40 407.84
209.19 354.82
456.26 492.46
546.52 306.31
169.81 272.15
162.38 282.50
81.84 282.50
95.34 269.45
168.68 233.46
185.78 234.36
201.53 274.18
199.95 254.15
149.33 237.51
516.74 279.17
520.99 302.20
555.70 323.10
253.98 300.50
263.07 306.66
229.93 296.69
423.82 297.86
402.11 297.86
484.54 279.09
307.37 267.94
505.07 259.73
343.74 269.41
58.67 243.05
51.51 225.66
29.01 273.74
22.87 264.54
351.25 337.17
374.77 384.22
336.92 384.22
40.26 239.98
252.02 330.01
550.73 460.95
284.75 292.16
189.62 358.65
457.64 536.65
468.89 560.18
144.60 550.97
438.20 462.99
167.11 533.58
186.55 538.69
111.87 257.37
404.44 500.84
486.72 534.20
336.68 286.00
351.34 286.00
88.48 256.67
88.48 256.67
68.17 267.95
54.64 258.93
117.81 411.23
144.89 427.02
563.44 529.69
519.44 529.69
532.98 560.15
178.73 316.46
185.50 306.31
176.48 298.41
24.18 243.13
27.56 554.51
245.30 425.89
146.02 350.31
126.84 350.31
262.22 549.99
299.45 511.64
202.43 560.15
421.29 330.00
431.44 314.21
406.62 314.21
29.36 228.11
72.48 220.82
65.19 220.82
84.01 224.46
88.27 217.78
74.30 228.71
77.94 242.07
76.73 249.36
82.80 246.93
65.19 238.43
126.53 252.40
135.03 260.90
139.89 253.61
144.75 247.54
145.96 254.22
162.36 249.36
151.43 221.43
143.53 220.82
126.53 240.86
117.42 240.25
108.31 242.07
109.52 231.14
116.81 229.93
123.49 231.75
176.94 217.17
175.72 225.07
181.79 220.21
189.69 212.32
187.87 228.11
194.55 222.64
200.01 231.14
190.90 251.18
181.79 253.61
177.54 251.18
179.36 262.12
179.36 267.58
183.62 264.55
219.45 216.57
218.23 226.28
225.52 217.78
261.35 237.22
267.43 243.29
276.54 228.11
287.47 232.36
268.64 206.85
268.64 220.21
262.57 215.96
254.07 249.97
259.53 265.15
258.32 273.66
258.92 279.73
265.60 273.05
254.67 289.45
262.57 295.52
270.46 298.56
221.88 287.62
204.87 293.09
201.23 300.98
167.22 294.30
151.43 297.34
