1007.89 652.02
969.53 624.94
930.05 633.96
936.82 603.50
965.02 579.81
928.92 541.45
879.28 549.35
886.05 595.61
873.64 596.73
840.92 610.27
844.31 573.04
811.59 606.89
802.57 570.79
777.75 584.33
749.54 592.22
756.31 671.19
722.47 689.24
679.60 608.02
713.44 598.99
670.57 567.40
716.83 541.45
740.52 515.51
799.18 471.51
786.77 424.13
857.85 457.97
857.85 418.48
833.03 407.20
809.34 392.54
608.52 492.94
636.73 525.66
679.60 523.40
620.93 622.68
544.22 579.81
502.47 576.43
483.30 638.48
525.04 650.89
534.06 620.43
590.47 618.17
571.29 608.02
573.55 526.79
563.40 508.74
651.39 442.18
562.27 679.09
534.06 697.14
654.78 676.83
679.60 655.40
855.59 701.65
942.46 701.65
967.28 462.48
969.53 442.18
972.92 420.74
975.18 386.90
977.43 366.59
958.25 383.51
896.20 420.74
835.28 430.89
777.75 390.28
751.80 404.95
186.59 353.05
208.02 586.58
226.07 567.40
267.82 559.51
279.10 584.33
258.79 600.12
319.71 671.19
377.25 701.65
376.12 631.71
398.68 594.48
-102.22 148.85
569.04 404.95
535.19 389.15
611.91 376.74
616.42 357.56
655.91 397.05
641.24 404.95
707.80 412.84
676.21 444.43
708.93 445.56
716.83 468.12
525.04 523.40
505.86 518.89
464.12 541.45
439.30 529.05
404.32 500.84
413.35 485.05
434.78 436.54
370.48 483.92
365.97 446.69
364.84 554.99
406.58 527.92
209.15 663.30
166.28 642.99
121.16 661.04
111.00 592.22
130.18 547.10
116.64 523.40
167.41 513.25
156.13 485.05
176.44 450.07
201.25 452.33
195.61 485.05
169.67 408.33
149.36 406.08
116.64 394.79
77.16 379.00
83.93 402.69
19.62 531.30
28.65 551.61
44.44 587.71
176.44 580.94
870.73 364.05
851.55 367.44
827.29 371.95
791.19 373.64
764.68 366.87
790.06 357.85
799.09 346.00
802.47 320.05
803.60 302.57
785.55 302.57
777.09 310.46
762.42 309.90
751.71 302.57
743.24 304.82
736.48 295.23
722.37 313.85
715.04 300.31
694.73 306.51
681.76 317.80
656.94 329.64
642.27 335.85
639.45 314.41
986.36 312.16
969.44 312.16
958.16 314.41
947.44 318.36
919.80 318.92
908.52 316.67
895.55 324.57
901.19 302.57
852.11 292.41
849.29 282.82
828.98 278.87
717.30 255.18
773.14 257.44
776.53 272.67
772.58 283.39
772.58 291.28
749.45 289.03
662.58 302.57
619.71 312.72
572.89 310.46
629.30 274.36
633.81 290.16
629.30 310.46
669.91 290.16
684.58 268.72
711.66 340.92
686.27 359.54
672.73 361.79
644.53 369.69
738.73 391.13
827.29 468.41
903.44 436.25
692.48 397.33
707.14 370.82
833.50 330.21
810.93 327.95
814.88 316.67
818.83 305.95
872.42 322.31
980.44 333.45
837.16 262.94
815.16 262.09
802.76 256.45
876.65 264.35
888.21 266.32
902.03 276.20
898.93 267.17
988.62 264.35
989.18 255.61
991.72 278.45
988.90 287.48
981.57 289.73
988.90 302.71
964.93 298.76
878.06 346.14
860.86 345.86
783.58 322.45
767.22 320.19
761.01 340.78
783.58 336.27
881.54 640.73
65.88 706.17
80.54 573.04
92.95 523.40
106.49 488.43
83.93 428.64
34.29 438.79
17.36 416.23
57.98 394.79
220.43 423.00
301.66 439.92
289.25 426.38
267.82 420.74
378.38 413.97
433.66 319.21
477.66 329.36
469.76 321.46
487.81 307.92
479.91 300.03
502.47 307.92
517.14 287.62
555.50 279.72
91.82 353.05
1077.84 34.91
297.81 340.36
276.94 363.49
228.42 343.74
214.32 342.62
208.12 312.72
184.43 284.52
272.42 322.87
284.27 318.92
262.27 338.67
325.45 319.49
331.09 297.49
213.19 376.46
197.40 371.95
182.73 387.74
106.58 408.61
34.38 375.33
22.53 364.62
28.17 345.44
45.66 307.08
63.15 307.08
79.51 322.87
245.91 383.79
293.29 379.85
306.83 378.15
446.72 462.77
476.06 314.41
284.83 268.72
259.45 272.67
236.32 277.75
227.30 285.08
246.47 289.59
291.04 296.93
341.24 294.67
409.49 281.70
416.83 280.57
29.30 326.82
142.12 360.10
153.40 357.28
121.81 374.20
226.73 399.02
129.71 410.87
177.66 430.61
88.53 508.46
52.43 505.07
363.24 289.03
381.29 287.90
491.29 289.03
628.57 266.29
613.31 258.66
600.87 287.97
584.81 291.58
687.18 247.02
684.37 257.06
616.42 227.83
579.19 222.18
231.72 666.68
521.65 434.28
573.55 439.92
604.01 450.07
626.57 465.87
617.55 420.74
591.60 412.84
575.81 359.82
1016.92 492.94
328.74 497.46
238.48 311.31
615.19 277.15
622.62 287.50
703.16 287.50
689.66 274.45
616.32 238.46
599.22 239.36
583.47 279.18
585.05 259.15
635.67 242.51
53.47 631.71
148.23 559.51
169.67 549.35
30.57 284.53
4.01 288.78
43.33 295.51
33.76 308.26
52.18 327.03
74.14 297.28
68.83 291.26
202.38 284.17
199.19 299.76
213.00 297.28
268.26 284.17
264.01 307.20
229.30 328.10
200.25 335.54
531.02 305.50
521.93 311.66
555.07 301.69
361.18 302.86
382.89 302.86
300.46 284.09
477.63 272.94
279.93 264.73
441.26 274.41
431.71 689.98
457.28 693.05
442.96 599.96
1013.78 361.60
726.33 248.05
733.49 230.66
755.99 278.74
762.13 269.54
877.73 298.18
843.97 307.39
853.17 314.55
913.53 304.32
922.74 302.27
1014.80 295.11
1003.55 324.78
433.75 342.17
17.40 276.70
410.23 389.22
448.08 389.22
744.74 244.98
896.14 290.00
1005.60 270.56
1012.76 398.43
532.98 335.01
234.27 465.95
317.13 633.72
414.32 633.72
446.03 641.90
500.25 297.16
595.38 363.65
921.71 367.74
895.12 378.99
66.50 283.86
170.85 346.26
327.36 541.65
316.11 565.18
640.40 555.97
346.80 467.99
617.89 538.58
598.45 543.69
602.54 584.61
1002.53 596.89
996.39 628.60
673.13 262.37
380.56 505.84
95.21 335.00
54.59 287.62
103.10 284.23
118.90 304.54
298.28 539.20
448.32 291.00
433.66 291.00
696.52 261.67
696.52 261.67
716.83 272.95
730.36 263.93
820.62 358.69
667.19 416.23
640.11 432.02
221.56 534.69
265.56 534.69
252.02 565.15
53.47 672.32
16.24 682.48
606.27 321.46
599.50 311.31
608.52 303.41
882.67 428.64
760.82 248.13
874.77 279.72
858.97 269.57
757.44 559.51
539.70 430.89
638.98 355.31
658.16 355.31
522.78 554.99
485.55 516.64
56.85 567.40
569.04 583.20
582.57 565.15
200.13 415.10
157.26 345.15
116.64 360.95
103.10 371.10
98.59 359.82
68.13 365.46
35.41 357.56
15.11 300.03
20.75 300.03
26.39 293.26
18.49 285.36
363.71 335.00
353.56 319.21
378.38 319.21
862.53 262.86
852.82 262.26
856.46 254.97
864.96 251.33
851.60 235.53
826.70 261.65
849.17 273.19
831.56 269.55
755.64 233.11
712.52 225.82
719.81 225.82
700.99 229.46
696.73 222.78
710.70 233.71
707.06 247.07
708.27 254.36
702.20 251.93
719.81 243.43
658.47 257.40
649.97 265.90
645.11 258.61
640.25 252.54
639.04 259.22
622.64 254.36
633.57 226.43
641.47 225.82
658.47 245.86
667.58 245.25
676.69 247.07
675.48 236.14
668.19 234.93
661.51 236.75
608.06 222.17
609.28 230.07
603.21 225.21
595.31 217.32
597.13 233.11
590.45 227.64
584.99 236.14
594.10 256.18
603.21 258.61
607.46 256.18
605.64 267.12
605.64 272.58
601.38 269.55
565.55 221.57
566.77 231.28
559.48 222.78
523.65 242.22
517.57 248.29
508.46 233.11
497.53 237.36
516.36 211.85
516.36 225.21
522.43 220.96
530.93 254.97
525.47 270.15
526.68 278.66
526.08 284.73
519.40 278.05
530.33 294.45
522.43 300.52
514.54 303.56
563.12 292.62
580.13 298.09
583.77 305.98
617.78 299.30
633.57 302.34
201.76 523.41
915.98 591.43
846.74 389.80
900.19 403.16
