4.40 475.02
13.43 434.40
75.48 359.94
47.27 392.66
4.40 390.40
63.07 489.68
139.78 446.81
181.53 443.43
200.70 505.48
158.96 517.89
149.94 487.43
93.53 485.17
112.71 475.02
110.45 393.79
120.60 375.74
32.61 309.18
121.73 546.09
149.94 564.14
29.22 543.83
4.40 522.40
497.41 220.05
475.98 453.58
457.93 434.40
416.18 426.51
404.90 451.33
425.21 467.12
364.29 538.19
306.75 568.65
307.88 498.71
285.32 461.48
114.96 271.95
148.81 256.15
72.09 243.74
67.58 224.56
28.09 264.05
42.76 271.95
7.79 311.43
158.96 390.40
178.14 385.89
219.88 408.45
244.70 396.05
279.68 367.84
270.65 352.05
249.22 303.54
313.52 350.92
318.03 313.69
319.16 421.99
277.42 394.92
474.85 530.30
517.72 509.99
562.84 528.04
553.82 414.10
567.36 390.40
516.59 380.25
527.87 352.05
507.56 317.07
482.75 319.33
488.39 352.05
514.33 275.33
534.64 273.08
567.36 261.79
507.56 447.94
2.24 184.80
27.06 196.64
41.73 202.85
44.55 181.41
21.42 169.57
64.29 179.72
111.11 177.46
54.70 141.36
50.19 157.16
54.70 177.46
14.09 157.16
11.27 228.79
39.47 236.69
463.57 290.00
382.34 306.92
394.75 293.38
416.18 287.74
305.62 280.97
250.34 186.21
206.34 196.36
214.24 188.46
196.19 174.92
204.09 167.03
181.53 174.92
166.86 154.62
128.50 146.72
386.19 207.36
407.06 230.49
455.58 210.74
469.68 209.62
475.88 179.72
499.57 151.52
411.58 189.87
399.73 185.92
421.73 205.67
358.55 186.49
352.91 164.49
470.81 243.46
486.60 238.95
501.27 254.74
438.09 250.79
390.71 246.85
377.17 245.15
237.28 329.77
207.94 181.41
399.17 135.72
424.55 139.67
447.68 144.75
456.70 152.08
437.53 156.59
392.96 163.93
342.76 161.67
274.51 148.70
267.17 147.57
541.88 227.10
530.60 224.28
562.19 241.20
457.27 266.02
554.29 277.87
506.34 297.61
320.76 156.03
302.71 154.90
192.71 156.03
55.43 133.29
70.69 125.66
83.13 154.97
99.19 158.58
67.58 94.83
104.81 89.18
452.28 533.68
162.35 301.28
110.45 306.92
79.99 317.07
57.43 332.87
66.45 287.74
92.40 279.84
108.19 226.82
355.26 364.46
445.52 178.31
68.81 144.15
61.38 154.50
67.68 105.46
84.78 106.36
100.53 146.18
98.95 126.15
48.33 109.51
535.77 426.51
514.33 416.35
481.62 151.17
484.81 166.76
471.00 164.28
415.74 151.17
419.99 174.20
454.70 195.10
483.75 202.54
152.98 172.50
162.07 178.66
128.93 168.69
322.82 169.86
301.11 169.86
383.54 151.09
206.37 139.94
404.07 131.73
242.74 141.41
252.29 556.98
226.72 560.05
241.04 466.96
250.25 209.17
273.77 256.22
235.92 256.22
151.02 202.01
449.73 332.95
366.87 500.72
269.68 500.72
237.97 508.90
183.75 164.16
88.62 230.65
513.15 213.26
356.64 408.65
367.89 432.18
43.60 422.97
337.20 334.99
66.11 405.58
85.55 410.69
81.46 451.61
10.87 129.37
303.44 372.84
565.10 171.54
385.72 406.20
235.68 158.00
250.34 158.00
16.81 283.23
43.89 299.02
462.44 401.69
418.44 401.69
431.98 432.15
77.73 188.46
84.50 178.31
75.48 170.41
144.30 297.89
45.02 222.31
25.84 222.31
161.22 421.99
198.45 383.64
114.96 450.20
101.43 432.15
483.87 282.10
526.74 212.15
567.36 227.95
320.29 202.00
330.44 186.21
305.62 186.21
25.53 124.40
34.03 132.90
38.89 125.61
43.75 119.54
44.96 126.22
61.36 121.36
50.43 93.43
42.53 92.82
25.53 112.86
16.42 112.25
7.31 114.07
8.52 103.14
15.81 101.93
22.49 103.75
75.94 89.17
74.72 97.07
80.79 92.21
88.69 84.32
86.87 100.11
93.55 94.64
99.01 103.14
89.90 123.18
80.79 125.61
76.54 123.18
78.36 134.12
78.36 139.58
82.62 136.55
118.45 88.57
117.23 98.28
124.52 89.78
160.35 109.22
166.43 115.29
175.54 100.11
186.47 104.36
167.64 78.85
167.64 92.21
161.57 87.96
153.07 121.97
158.53 137.15
157.32 145.66
157.92 151.73
164.60 145.05
153.67 161.45
161.57 167.52
169.46 170.56
120.88 159.62
103.87 165.09
100.23 172.98
66.22 166.30
50.43 169.34
482.24 390.41
