15.98 455.27
33.99 510.11
71.64 502.74
65.09 524.03
88.01 507.65
110.11 501.92
110.11 488.01
88.01 465.91
84.74 452.81
154.31 514.20
147.76 497.83
144.49 484.74
191.15 495.38
199.33 524.03
248.44 525.66
524.29 501.92
524.29 468.36
498.10 486.37
479.27 472.46
476.00 450.36
422.79 456.09
443.26 426.62
445.71 484.74
462.90 497.83
453.08 515.84
372.86 507.65
397.42 495.38
422.79 487.19
373.68 477.37
364.68 490.47
355.67 470.00
324.57 469.18
300.01 511.75
243.53 499.47
223.89 482.28
253.36 493.74
293.46 485.55
277.91 451.99
313.11 445.45
339.30 448.72
359.77 446.26
383.50 452.81
180.51 449.54
163.32 427.44
182.96 408.61
199.33 445.45
222.25 458.54
225.53 417.61
261.54 439.72
246.81 416.80
282.82 428.26
287.73 409.43
305.74 418.43
330.30 411.07
359.77 407.79
364.68 426.62
117.48 421.71
108.47 383.24
119.11 375.87
122.39 355.41
175.59 357.04
212.43 383.24
230.44 393.88
244.35 381.60
246.81 364.41
224.71 367.68
244.35 343.13
268.09 370.96
283.64 375.05
308.20 361.95
317.20 391.42
292.65 391.42
259.90 398.79
358.95 390.60
376.14 374.23
390.05 372.59
379.41 339.85
340.94 342.31
362.22 364.41
314.75 332.49
280.37 333.30
269.73 353.77
259.09 324.30
235.35 324.30
200.15 315.30
193.60 343.95
205.88 344.76
196.88 359.50
127.30 333.30
158.40 330.85
165.77 304.66
134.67 311.20
127.30 299.74
111.75 297.29
97.01 310.39
89.65 338.22
88.83 325.94
60.18 311.20
80.64 311.20
79.82 295.65
102.74 282.55
69.18 357.86
79.82 389.78
108.47 414.34
13.52 388.15
24.98 369.32
7.79 394.70
20.89 404.52
54.45 411.88
36.44 317.75
29.07 334.12
48.72 335.76
3.70 399.61
520.20 427.44
482.55 406.97
464.54 433.99
430.98 420.89
418.70 409.43
455.54 385.69
431.80 374.23
425.25 357.86
458.81 361.14
443.26 343.95
400.69 346.40
409.70 321.03
430.98 322.66
443.26 311.20
511.20 385.69
493.19 353.77
512.83 365.23
514.47 336.58
500.56 300.56
520.20 304.66
524.29 289.10
501.37 274.37
508.74 253.91
506.29 228.53
476.00 234.26
469.45 254.72
496.46 262.09
476.82 278.46
457.99 289.10
480.09 329.21
432.62 267.00
453.08 267.00
420.34 271.91
427.71 246.54
394.96 263.73
394.96 285.01
374.50 304.66
399.06 312.02
425.25 296.47
354.04 304.66
327.84 298.11
308.20 289.10
286.92 294.01
269.73 299.74
291.01 316.93
353.22 326.76
259.90 271.91
279.55 271.10
298.38 269.46
286.10 251.45
291.83 242.45
504.65 212.98
517.75 205.61
494.01 113.93
509.56 104.93
515.29 120.48
513.65 140.13
523.48 139.31
508.74 152.41
526.75 168.78
500.56 190.88
498.10 177.78
496.46 160.59
486.64 161.41
491.55 145.04
475.18 121.30
466.18 105.75
476.82 97.56
449.81 105.75
444.90 95.11
459.63 134.40
442.44 131.12
462.90 159.77
443.26 152.41
458.81 178.60
453.08 163.87
475.18 189.24
459.63 194.15
473.54 202.34
454.72 225.26
444.90 223.62
444.90 194.15
435.07 193.33
420.34 181.06
430.16 161.41
413.79 122.94
431.80 109.84
435.07 129.49
400.69 114.75
390.05 100.02
404.79 96.75
417.06 102.47
390.87 121.30
369.59 98.38
368.77 120.48
384.32 140.13
392.51 145.04
394.15 172.87
377.77 163.05
387.60 163.05
419.52 140.13
439.17 142.58
380.23 187.60
401.51 185.15
410.52 194.97
417.88 218.71
402.33 245.72
419.52 246.54
374.50 237.53
363.86 249.81
356.49 271.91
376.96 260.45
343.40 265.37
328.66 226.89
350.76 234.26
342.58 206.43
327.02 196.61
322.93 185.15
347.49 172.87
337.67 167.96
328.66 159.77
336.03 146.68
346.67 136.04
355.67 132.76
354.04 144.22
357.31 162.23
337.67 117.21
315.57 99.20
330.30 102.47
340.12 102.47
318.84 130.31
304.11 122.94
295.92 103.29
283.64 103.29
273.82 115.57
273.00 136.04
270.55 126.21
284.46 154.86
280.37 146.68
283.64 166.32
307.38 145.04
317.20 176.96
302.47 176.96
300.01 165.50
293.46 180.24
298.38 188.42
294.28 199.06
274.64 216.25
227.16 271.10
240.26 98.38
256.63 113.12
262.36 104.93
256.63 123.76
264.00 150.77
268.91 172.05
268.09 209.70
269.73 231.81
255.81 231.81
254.17 254.72
291.83 251.45
248.44 303.84
246.81 319.39
201.79 298.93
184.60 271.91
171.50 281.74
155.95 278.46
218.16 244.08
194.42 225.26
186.23 244.90
185.42 229.35
186.23 217.07
186.23 201.52
205.06 190.06
226.34 188.42
248.44 192.51
285.28 190.88
235.35 216.25
221.43 217.07
206.70 217.89
167.41 188.42
176.41 169.60
184.60 154.86
199.33 159.77
207.52 168.78
218.98 181.06
229.62 176.14
241.08 172.87
232.07 157.32
258.27 173.69
222.25 132.76
241.90 135.22
218.98 106.57
196.88 116.39
200.15 95.11
183.78 129.49
176.41 118.85
166.59 135.22
170.68 149.95
151.86 132.76
160.86 142.58
153.49 145.86
153.49 172.87
154.31 190.88
142.03 188.42
154.31 215.43
135.49 212.98
144.49 226.08
141.21 256.36
126.48 244.90
126.48 263.73
165.77 248.18
178.05 255.54
133.03 95.93
144.49 122.94
120.75 102.47
131.39 126.21
114.20 122.12
101.92 112.30
91.28 99.20
89.65 118.03
90.47 140.13
100.29 139.31
83.92 127.85
119.11 131.94
133.03 139.31
127.30 149.13
127.30 164.68
113.38 163.87
117.48 164.68
108.47 159.77
115.02 180.24
122.39 204.79
125.66 191.70
95.38 162.23
85.55 160.59
74.91 158.14
74.09 176.96
86.37 177.78
92.10 203.16
97.83 185.97
106.84 218.71
118.30 222.80
98.65 239.99
78.19 216.25
76.55 240.81
94.56 259.64
74.09 258.82
56.09 289.92
74.09 277.64
51.99 270.28
38.08 263.73
54.45 221.16
30.71 221.16
34.80 228.53
47.90 205.61
64.27 192.51
51.99 194.15
70.82 206.43
70.82 190.06
58.54 163.05
37.26 167.96
47.08 148.31
53.63 137.67
73.28 120.48
16.80 122.12
1.24 103.29
29.89 157.32
7.79 163.87
18.43 181.06
38.08 189.24
22.53 205.61
9.43 208.07
13.52 221.16
17.61 239.99
14.34 281.74
25.80 287.47
6.97 130.31
527.91 0.42
511.54 16.79
524.84 16.79
525.86 22.93
509.49 33.16
516.66 39.30
517.68 44.41
525.86 48.50
521.77 67.94
510.52 80.22
506.43 56.69
498.24 26.00
493.13 8.61
444.02 18.84
454.25 18.84
459.37 6.56
438.91 2.47
434.82 6.56
430.73 18.84
452.21 44.41
457.32 84.31
457.32 72.03
469.60 80.22
497.22 78.17
422.54 5.54
415.38 17.82
402.08 8.61
390.83 7.59
374.46 0.42
361.16 17.82
379.58 13.72
368.32 27.02
383.67 31.11
397.99 35.21
418.45 38.27
435.84 40.32
446.07 69.99
422.54 61.80
445.05 79.19
401.06 74.08
386.74 81.24
395.94 63.85
391.85 54.64
401.06 46.46
384.69 49.53
373.44 42.37
376.51 72.03
359.12 66.92
348.89 66.92
345.82 79.19
373.44 91.47
325.36 81.24
320.24 63.85
336.61 54.64
354.00 43.39
336.61 37.25
325.36 44.41
346.84 24.98
354.00 23.95
355.03 12.70
332.52 10.65
325.36 3.49
302.85 13.72
311.04 21.91
321.27 24.98
304.90 58.73
306.95 73.06
297.74 77.15
297.74 88.40
307.97 94.54
298.76 51.57
303.88 42.37
292.62 34.18
290.58 26.00
292.62 7.59
268.07 3.49
271.14 13.72
257.84 10.65
247.61 6.56
234.31 10.65
274.21 30.09
253.75 34.18
251.70 45.44
272.16 59.76
290.58 47.48
253.75 76.12
230.22 77.15
235.34 58.73
225.11 51.57
226.13 42.37
240.45 32.14
231.25 21.91
249.66 17.82
256.82 20.88
204.65 67.94
211.81 84.31
173.96 88.40
154.52 87.38
149.41 46.46
171.91 32.14
119.74 85.33
129.97 81.24
132.02 31.11
145.32 28.04
121.79 30.09
124.86 19.86
125.88 1.45
151.45 14.75
170.89 15.77
179.07 0.42
199.53 4.52
196.46 22.93
208.74 22.93
212.83 11.68
218.97 28.04
203.62 36.23
204.65 54.64
193.39 41.34
172.94 66.92
174.98 43.39
110.53 7.59
99.28 19.86
107.46 28.04
96.21 38.27
88.03 11.68
70.64 18.84
72.68 39.30
61.43 45.44
83.94 49.53
96.21 59.76
108.49 48.50
85.98 71.01
69.61 69.99
81.89 61.80
77.80 88.40
67.57 86.35
58.36 90.45
57.34 2.47
28.70 3.49
41.99 15.77
54.27 24.98
51.20 41.34
41.99 31.11
66.55 30.09
57.34 60.78
47.11 77.15
32.79 65.90
40.97 60.78
27.67 58.73
23.58 48.50
13.35 49.53
20.51 37.25
29.72 30.09
30.74 19.86
13.35 12.70
2.10 0.42
3.12 26.00
6.19 64.87
164.50 253.10
174.73 291.97
104.14 296.06
112.84 366.14
134.83 355.40
165.52 365.63
151.71 373.81
71.92 375.35
22.30 355.40
473.82 86.13
491.77 103.23
501.60 99.81
493.06 97.24
517.84 97.24
429.80 219.47
383.65 222.89
358.43 100.66
371.68 13.91
245.61 74.17
260.14 60.92
202.87 212.21
192.61 178.87
139.62 9.63
110.13 16.47
110.55 52.37
105.00 67.75
110.13 189.13
99.87 188.28
139.19 237.00
168.25 231.44
179.58 183.57
227.44 206.65
218.04 207.08
11.62 32.28
497.33 402.47
485.36 381.53
485.36 369.57
442.20 302.04
471.69 296.06
320.82 431.96
313.56 494.79
131.92 470.85
172.10 340.50
239.19 399.05
272.10 401.62
199.02 393.50
290.05 470.43
104.78 268.29
116.32 270.00
139.83 273.00
128.29 287.95
