1016.08 561.76
964.51 560.13
915.40 547.85
857.28 557.67
827.82 551.94
828.63 520.84
856.47 526.57
840.09 503.65
881.02 506.10
892.48 488.09
904.76 502.01
918.67 506.92
920.31 528.20
966.97 531.48
957.15 509.38
1020.99 503.65
972.70 470.90
1019.36 442.26
980.07 450.44
969.42 427.52
984.98 421.79
980.07 398.05
1010.35 395.60
1002.17 360.40
982.52 385.78
982.52 365.31
944.05 367.77
951.42 398.87
935.86 402.97
917.86 403.78
907.22 418.52
894.12 396.42
890.84 378.41
905.58 375.14
876.93 369.41
943.23 461.90
898.21 460.26
873.65 440.62
872.84 468.45
881.84 538.84
907.22 529.02
851.55 470.09
849.92 442.26
854.83 402.97
849.92 380.86
825.36 357.95
817.99 411.15
813.08 389.87
820.45 440.62
788.53 393.14
777.07 384.14
733.68 529.84
727.95 566.67
679.66 542.94
706.67 524.11
695.21 544.57
705.85 475.82
717.31 489.73
732.86 446.35
730.41 461.08
678.02 469.27
652.65 543.76
660.01 524.11
622.36 516.74
628.91 538.03
599.44 549.49
583.07 560.94
605.99 521.65
583.89 515.92
583.89 502.01
605.99 479.91
609.26 466.81
554.42 550.30
539.69 528.20
507.77 548.67
546.24 511.83
549.51 498.74
502.85 509.38
494.67 538.03
470.11 542.12
431.64 546.21
445.56 539.66
412.00 559.31
378.43 551.12
366.16 574.04
337.51 564.22
312.95 590.41
253.20 552.76
202.45 558.49
147.61 570.77
143.51 545.39
148.42 506.92
169.71 515.92
145.15 486.46
169.71 482.36
195.90 500.37
214.73 486.46
218.00 464.36
271.21 470.09
250.74 440.62
248.29 498.74
231.10 511.83
240.92 529.84
300.67 545.39
321.14 521.65
296.58 509.38
271.21 501.19
320.32 491.37
329.32 504.47
338.33 484.00
369.43 483.18
393.99 525.75
363.70 548.67
450.47 513.47
470.11 496.28
440.64 507.74
400.54 499.55
416.09 465.99
380.89 459.45
354.70 462.72
334.23 460.26
310.50 466.81
513.49 463.54
530.68 441.44
511.04 422.61
494.67 459.45
471.75 472.54
468.47 431.61
432.46 453.72
447.19 430.80
411.18 442.26
406.27 423.43
388.26 432.43
363.70 425.07
334.23 421.79
329.32 440.62
576.52 435.71
585.53 397.24
574.89 389.87
571.61 369.41
518.41 371.04
481.57 397.24
463.56 407.88
449.65 395.60
447.19 378.41
469.29 381.68
449.65 357.13
425.91 384.96
410.36 389.05
385.80 375.95
376.80 405.42
401.35 405.42
434.10 412.79
335.05 404.60
317.86 388.23
303.95 386.59
314.59 353.85
353.06 356.31
331.78 378.41
379.25 346.49
413.63 347.30
424.27 367.77
434.91 338.30
458.65 338.30
493.85 329.30
500.40 357.95
488.12 358.76
497.12 373.50
566.70 347.30
535.60 344.85
528.23 318.66
559.33 325.20
566.70 313.74
582.25 311.29
596.99 324.39
604.35 352.22
605.17 339.94
633.82 325.20
613.36 325.20
614.18 309.65
591.26 296.55
624.82 371.86
614.18 403.78
585.53 428.34
680.48 402.15
669.02 383.32
716.49 363.68
697.67 330.12
695.21 428.34
686.21 408.70
673.11 418.52
639.55 425.88
726.32 402.97
727.14 382.50
657.56 331.75
664.93 348.12
645.28 349.76
690.30 413.61
752.51 437.34
753.33 465.18
734.50 339.12
730.41 321.11
736.14 300.65
709.13 290.83
703.40 307.20
705.85 357.95
810.63 335.84
798.35 344.85
776.25 348.12
770.52 335.03
759.06 337.48
768.88 295.74
786.89 322.75
766.43 319.47
766.43 371.04
856.47 345.67
899.85 352.22
886.75 339.94
856.47 366.95
845.01 393.96
834.36 387.41
1010.35 303.10
1009.53 323.57
999.71 280.18
1020.99 265.45
989.89 267.09
970.24 289.19
973.52 271.18
961.24 273.64
946.51 290.83
948.96 323.57
978.43 325.20
965.33 322.75
969.42 354.67
912.94 318.66
929.32 317.84
908.03 328.48
919.49 344.85
902.30 308.01
909.67 294.10
883.48 310.47
884.30 283.46
899.03 271.18
827.00 330.12
834.36 302.28
845.01 290.83
854.01 294.10
856.47 279.37
816.36 281.82
817.99 309.65
741.87 282.64
762.33 278.55
146.79 451.26
141.06 470.09
173.80 441.44
211.45 420.97
229.46 447.99
263.02 434.89
275.30 423.43
238.46 399.69
262.20 388.23
268.75 371.86
235.19 375.14
250.74 357.95
293.31 360.40
284.30 335.03
263.02 336.66
250.74 325.20
182.80 399.69
200.81 367.77
181.17 379.23
154.97 380.05
140.24 400.51
145.97 323.57
141.06 339.12
162.34 326.84
179.53 350.58
158.25 357.13
193.44 314.56
173.80 318.66
155.79 308.01
169.71 303.10
192.63 288.37
185.26 267.91
163.98 270.36
138.60 274.45
149.24 254.81
187.71 242.53
218.00 248.26
224.55 268.72
197.54 276.09
217.18 292.46
236.01 303.10
213.91 343.21
261.38 281.00
240.92 281.00
273.66 285.91
266.29 260.54
299.04 277.73
299.04 299.01
319.50 318.66
294.94 326.02
268.75 310.47
339.96 318.66
366.16 312.11
385.80 303.10
407.08 308.01
424.27 313.74
402.99 330.93
340.78 340.76
434.10 285.91
414.45 285.10
395.62 283.46
407.90 265.45
402.17 256.45
157.43 231.89
189.35 226.98
176.25 219.61
156.61 203.24
136.96 211.43
164.79 199.15
136.15 191.78
138.60 172.95
150.06 169.68
137.78 133.66
138.60 159.04
145.15 147.58
161.52 133.66
199.99 127.93
184.44 118.93
178.71 134.48
180.35 154.13
170.52 153.31
185.26 166.41
167.25 182.78
159.88 179.50
193.44 204.88
195.90 191.78
197.54 174.59
207.36 175.41
202.45 159.04
218.82 135.30
227.82 119.75
217.18 111.56
244.19 119.75
249.10 109.11
234.37 148.40
251.56 145.12
231.10 173.77
250.74 166.41
235.19 192.60
240.92 177.87
218.82 203.24
234.37 208.15
220.46 216.34
239.28 239.26
249.10 237.62
249.10 208.15
258.93 207.33
273.66 195.06
263.84 175.41
280.21 136.94
262.20 123.84
258.93 143.49
293.31 128.75
303.95 114.02
289.21 110.75
276.94 116.47
303.13 135.30
324.41 112.38
325.23 134.48
309.68 154.13
301.49 159.04
299.85 186.87
316.23 177.05
306.40 177.05
274.48 154.13
254.83 156.58
313.77 201.60
292.49 199.15
283.48 208.97
276.12 232.71
291.67 259.72
274.48 260.54
319.50 251.53
330.14 263.81
337.51 285.91
317.04 274.45
350.60 279.37
365.34 240.89
343.24 248.26
351.42 220.43
366.98 210.61
371.07 199.15
346.51 186.87
356.33 181.96
365.34 173.77
357.97 160.68
347.33 150.04
338.33 146.76
339.96 158.22
336.69 176.23
356.33 131.21
378.43 113.20
363.70 116.47
353.88 116.47
375.16 144.31
389.89 136.94
398.08 117.29
410.36 117.29
420.18 129.57
421.00 150.04
423.45 140.21
409.54 168.86
413.63 160.68
410.36 180.32
386.62 159.04
376.80 190.96
391.53 190.96
393.99 179.50
400.54 194.24
395.62 202.42
399.72 213.06
419.36 230.25
466.84 285.10
453.74 112.38
437.37 127.12
431.64 118.93
437.37 137.76
430.00 164.77
425.09 186.05
425.91 223.70
424.27 245.81
438.19 245.81
439.83 268.72
402.17 265.45
445.56 317.84
447.19 333.39
492.21 312.93
509.40 285.91
522.50 295.74
538.05 292.46
475.84 258.08
499.58 239.26
507.77 258.90
508.58 243.35
507.77 231.07
507.77 215.52
488.94 204.06
467.66 202.42
445.56 206.51
408.72 204.88
458.65 230.25
472.57 231.07
487.30 231.89
526.59 202.42
517.59 183.60
509.40 168.86
494.67 173.77
486.48 182.78
475.02 195.06
464.38 190.14
452.92 186.87
461.93 171.32
435.73 187.69
471.75 146.76
452.10 149.22
475.02 120.57
497.12 130.39
493.85 109.11
510.22 143.49
517.59 132.85
527.41 149.22
523.32 163.95
542.14 146.76
533.14 156.58
540.51 159.86
540.51 186.87
539.69 204.88
551.97 202.42
539.69 229.43
558.51 226.98
549.51 240.08
552.79 270.36
567.52 258.90
567.52 277.73
528.23 262.18
515.95 269.54
560.97 109.93
549.51 136.94
573.25 116.47
562.61 140.21
579.80 136.12
592.08 126.30
602.72 113.20
604.35 132.03
603.53 154.13
593.71 153.31
610.08 141.85
574.89 145.94
560.97 153.31
566.70 163.13
566.70 178.68
580.62 177.87
576.52 178.68
585.53 173.77
578.98 194.24
571.61 218.79
568.34 205.70
598.62 176.23
608.45 174.59
619.09 172.14
619.91 190.96
607.63 191.78
601.90 217.16
596.17 199.97
587.16 232.71
575.70 236.80
595.35 253.99
615.81 230.25
617.45 254.81
599.44 273.64
619.91 272.82
637.91 303.92
619.91 291.64
642.01 284.28
655.92 277.73
639.55 235.16
663.29 235.16
659.20 242.53
646.10 219.61
629.73 206.51
642.01 208.15
623.18 220.43
623.18 204.06
635.46 177.05
656.74 181.96
646.92 162.31
640.37 151.67
620.72 134.48
677.20 136.12
692.76 117.29
664.11 171.32
686.21 177.87
696.85 193.42
675.57 195.06
655.92 203.24
671.47 219.61
684.57 222.07
680.48 235.16
694.39 236.80
699.30 218.79
714.86 230.25
709.95 253.99
727.95 250.72
676.39 253.99
679.66 295.74
668.20 301.47
716.49 117.29
751.69 117.29
778.70 121.39
774.61 141.03
755.78 136.12
745.14 141.85
713.22 136.94
716.49 157.40
703.40 162.31
687.03 144.31
736.96 163.95
749.24 161.49
760.70 177.87
723.86 187.69
728.77 177.05
728.77 195.87
709.13 195.87
731.23 219.61
744.32 212.24
759.88 212.24
773.79 203.24
779.52 177.87
778.70 150.85
791.80 144.31
808.17 132.85
817.99 131.21
781.16 108.29
789.34 160.68
799.99 166.41
799.17 186.05
790.98 195.87
790.98 222.89
787.71 210.61
803.26 216.34
813.90 217.16
762.33 247.44
781.98 246.62
790.16 273.64
808.17 267.09
839.28 253.17
864.65 304.74
875.29 262.99
866.29 249.08
874.47 238.44
859.74 225.34
842.55 208.15
828.63 188.51
811.45 177.05
813.90 159.04
825.36 151.67
834.36 145.94
837.64 134.48
846.64 147.58
870.38 146.76
856.47 131.21
872.84 125.48
788.53 124.66
893.30 128.75
888.39 117.29
890.03 145.12
889.21 163.95
896.57 177.87
895.76 169.68
904.76 168.86
867.92 171.32
857.28 163.13
860.56 175.41
867.92 204.88
853.19 204.88
872.02 215.52
885.11 206.51
845.82 172.95
893.30 217.16
896.57 249.08
916.22 242.53
935.86 237.62
915.40 259.72
954.69 252.35
943.23 252.35
926.86 281.00
908.03 213.06
913.76 199.15
915.40 177.05
917.04 160.68
908.03 146.76
921.13 133.66
925.22 112.38
933.41 121.39
945.69 112.38
948.14 129.57
946.51 119.75
955.51 162.31
964.51 154.13
963.69 139.39
973.52 123.84
993.98 128.75
1007.08 136.94
1016.08 149.22
1021.81 126.30
1021.81 113.20
1009.53 114.84
989.89 143.49
990.71 165.59
1002.98 163.95
1012.81 173.77
998.07 177.05
1012.81 188.51
1021.81 192.60
1020.17 212.24
999.71 214.70
981.70 204.88
974.34 181.96
962.88 178.68
973.52 157.40
947.32 176.23
966.97 195.87
974.34 225.34
997.26 238.44
979.25 252.35
956.33 232.71
945.69 216.34
944.05 202.42
939.96 137.76
108.80 604.68
94.48 579.11
67.89 576.04
17.76 563.76
20.83 540.23
3.44 552.51
5.48 523.87
9.58 501.36
49.47 488.06
45.38 503.41
69.93 533.07
87.32 517.73
110.85 496.25
101.64 551.49
105.74 527.96
116.99 433.85
84.25 412.36
98.58 401.11
69.93 434.87
76.07 473.74
29.01 465.56
23.90 437.94
48.45 414.41
18.78 394.97
24.92 378.60
74.02 372.47
58.68 368.37
76.07 357.12
103.69 348.94
96.53 341.78
95.51 323.36
84.25 317.23
65.84 328.48
61.75 320.29
4.46 308.02
2.42 332.57
0.37 363.26
1.39 273.24
35.15 270.17
25.94 253.80
53.56 258.92
58.68 273.24
46.40 280.40
63.79 296.77
68.91 281.42
78.12 296.77
94.48 294.72
115.97 284.49
130.29 304.95
90.39 271.19
112.90 261.98
130.29 259.94
121.08 237.43
91.41 237.43
100.62 250.73
68.91 237.43
31.06 243.57
13.67 211.86
4.46 193.45
29.01 201.63
41.29 193.45
47.43 182.19
50.50 205.72
34.13 209.81
43.33 316.20
37.20 295.74
74.02 220.04
84.25 221.07
120.06 220.04
118.01 193.45
91.41 192.42
81.18 189.35
66.86 193.45
63.79 181.17
13.67 181.17
34.13 177.08
22.87 161.73
14.69 129.00
0.37 133.09
1.39 116.72
9.58 114.68
27.99 121.84
34.13 108.54
18.78 104.45
39.24 96.26
31.06 89.10
5.48 80.92
1.39 61.48
15.71 71.71
34.13 67.62
56.63 93.19
56.63 80.92
57.66 60.46
27.99 50.23
14.69 41.02
32.08 33.86
25.94 27.72
16.74 16.47
27.99 21.59
26.97 10.33
14.69 9.31
4.46 10.33
38.22 23.63
42.31 13.40
51.52 22.61
63.79 21.59
66.86 13.40
54.59 9.31
44.36 41.02
73.00 45.11
74.02 61.48
70.95 80.92
84.25 76.83
78.12 88.08
93.46 92.17
108.80 85.01
116.99 113.65
118.01 100.35
118.01 78.87
126.20 64.55
103.69 15.45
125.17 10.33
114.94 11.36
120.06 21.59
99.60 27.72
87.32 58.41
140.52 11.36
157.91 18.52
135.40 37.95
128.24 24.65
137.45 24.65
151.77 41.02
156.88 56.37
141.54 51.25
166.09 14.42
151.77 8.29
182.46 30.79
169.16 30.79
168.14 36.93
184.51 47.16
177.34 53.30
176.32 58.41
168.14 62.50
172.23 81.94
183.48 94.22
187.57 70.69
195.76 40.00
200.87 22.61
200.87 13.40
187.57 8.29
249.98 32.84
239.75 32.84
234.63 20.56
222.36 13.40
255.09 16.47
246.91 10.33
259.18 20.56
263.27 32.84
241.79 58.41
236.68 98.31
236.68 86.03
224.40 94.22
196.78 92.17
134.38 112.63
124.15 134.11
96.53 153.55
91.41 170.94
69.93 160.71
54.59 164.80
51.52 143.32
77.09 113.65
67.89 113.65
143.59 123.88
298.06 11.36
284.76 9.31
271.46 19.54
278.62 31.82
291.92 22.61
303.17 21.59
319.54 14.42
332.84 31.82
314.42 27.72
325.68 41.02
310.33 45.11
296.01 49.21
275.55 52.27
258.16 54.32
247.93 83.99
271.46 75.80
248.95 93.19
292.94 88.08
307.26 95.24
298.06 77.85
302.15 68.64
292.94 60.46
309.31 63.53
320.56 56.37
317.49 86.03
334.88 80.92
345.11 80.92
348.18 93.19
320.56 105.47
368.64 95.24
373.76 77.85
357.39 68.64
340.00 57.39
357.39 51.25
368.64 58.41
347.16 38.98
340.00 37.95
338.97 26.70
329.77 10.33
357.39 12.38
361.48 24.65
368.64 17.49
379.89 10.33
391.15 27.72
382.96 35.91
372.73 38.98
389.10 72.73
387.05 87.06
396.26 91.15
396.26 102.40
386.03 108.54
395.24 65.57
390.12 56.37
401.38 48.18
403.42 40.00
401.38 21.59
411.61 8.29
426.95 8.29
425.93 17.49
422.86 27.72
436.16 24.65
446.39 20.56
459.69 24.65
443.32 10.33
419.79 44.09
440.25 48.18
442.30 59.44
421.84 73.76
403.42 61.48
440.25 90.12
463.78 91.15
458.66 72.73
468.89 65.57
467.87 56.37
453.55 46.14
462.75 35.91
444.34 31.82
437.18 34.88
489.35 81.94
482.19 98.31
520.04 102.40
539.48 101.38
544.59 60.46
522.09 46.14
574.26 99.33
564.03 95.24
561.98 45.11
548.68 42.04
572.21 44.09
569.14 33.86
568.12 15.45
549.71 10.33
542.55 28.75
523.11 29.77
514.93 14.42
522.09 8.29
494.47 18.52
497.54 36.93
485.26 36.93
481.17 25.68
475.03 42.04
490.38 50.23
489.35 68.64
500.61 55.34
521.06 80.92
519.02 57.39
583.47 10.33
583.47 21.59
594.72 33.86
586.54 42.04
597.79 52.27
622.34 12.38
605.97 25.68
623.36 32.84
621.32 53.30
632.57 59.44
610.06 63.53
597.79 73.76
585.51 62.50
608.02 85.01
624.39 83.99
612.11 75.80
616.20 102.40
626.43 100.35
635.64 104.45
636.66 16.47
665.30 17.49
652.01 29.77
639.73 38.98
642.80 55.34
652.01 45.11
627.45 44.09
636.66 74.78
646.89 91.15
661.21 79.90
653.03 74.78
666.33 72.73
670.42 62.50
680.65 63.53
673.49 51.25
664.28 44.09
663.26 33.86
680.65 26.70
691.90 14.42
672.47 11.36
690.88 40.00
704.18 51.25
703.15 37.95
710.32 23.63
721.57 20.56
742.03 22.61
724.64 45.11
718.50 72.73
746.12 73.76
750.21 67.62
728.73 102.40
687.81 78.87
705.20 69.67
772.72 90.12
799.31 82.96
788.06 82.96
771.69 66.60
754.30 37.95
761.46 29.77
762.49 15.45
788.06 12.38
778.85 47.16
790.11 27.72
804.43 26.70
804.43 16.47
800.34 38.98
810.57 44.09
814.66 65.57
802.38 58.41
791.13 62.50
779.88 59.44
799.31 109.56
818.75 108.54
828.98 110.58
841.26 122.86
853.53 97.29
846.37 85.01
836.14 91.15
827.96 74.78
812.61 83.99
805.45 75.80
821.82 54.32
835.12 53.30
840.23 40.00
837.16 34.88
842.28 31.82
836.14 10.33
858.65 21.59
885.24 10.33
896.50 29.77
881.15 40.00
861.72 58.41
849.44 53.30
840.23 71.71
850.46 75.80
861.72 81.94
871.95 70.69
879.11 81.94
897.52 93.19
885.24 93.19
878.08 95.24
911.84 26.70
912.86 41.02
905.70 52.27
907.75 75.80
892.41 75.80
935.37 80.92
920.03 77.85
939.46 103.42
935.37 87.06
1016.19 26.70
1010.05 36.93
1000.84 35.91
992.66 13.40
971.17 9.31
954.81 12.38
942.53 27.72
927.19 28.75
950.71 32.84
950.71 44.09
941.51 42.04
935.37 51.25
966.06 83.99
950.71 103.42
958.90 101.38
968.11 106.49
1004.93 85.01
1004.93 97.29
1020.28 66.60
1000.84 52.27
991.63 68.64
978.34 78.87
977.31 64.55
976.07 53.43
985.29 41.37
979.97 34.45
976.60 24.17
988.66 9.99
1003.91 8.57
1020.40 8.57
1023.24 15.48
1000.01 101.48
980.86 107.69
957.98 91.02
948.41 93.15
945.75 68.68
942.20 54.49
921.10 14.06
915.96 18.67
907.27 14.95
871.81 28.07
864.89 44.21
918.98 91.55
917.91 63.36
1005.15 19.74
998.77 26.48
868.79 80.20
946.64 65.66
967.34 171.96
901.36 122.86
904.43 134.11
917.72 153.55
931.53 156.62
932.56 183.22
892.66 261.47
838.44 119.28
845.60 107.00
702.90 207.77
529.50 267.10
519.27 305.97
589.86 310.06
581.16 380.14
559.17 369.40
528.48 379.63
542.29 387.81
622.08 389.35
671.70 369.40
713.13 331.55
742.79 240.50
810.31 226.69
882.43 349.96
866.58 358.66
801.10 365.31
994.96 339.22
957.62 201.63
995.98 106.49
220.18 100.13
202.23 117.23
192.40 113.81
200.94 111.24
176.16 111.24
264.20 233.47
310.35 236.89
335.57 114.66
322.32 27.91
301.38 8.25
350.95 8.25
416.77 13.37
448.39 88.17
433.86 74.92
491.13 226.21
501.39 192.87
486.43 8.67
554.38 23.63
583.87 30.47
583.45 66.37
589.00 81.75
583.87 203.13
594.13 202.28
554.81 251.00
525.75 245.44
514.42 197.57
466.56 220.65
475.96 221.08
682.38 46.28
793.50 247.15
196.67 416.47
208.64 395.53
208.64 383.57
251.80 316.04
222.31 310.06
373.18 445.96
380.44 508.79
519.34 545.11
562.08 484.85
521.90 354.50
454.81 413.05
421.90 415.62
494.98 407.50
403.95 484.43
272.74 543.83
778.54 410.51
589.22 282.29
577.68 284.00
554.17 287.00
565.71 301.95
932.40 358.79
917.01 358.79
883.68 416.92
914.02 449.40
887.10 457.95
841.15 314.35
855.68 310.07
140.52 78.87
263.27 5.22
741.00 9.31
