5.60 485.85
63.72 495.67
93.18 489.94
92.37 458.84
64.53 464.57
80.91 441.65
39.98 444.10
28.52 426.09
16.24 440.01
2.33 444.92
0.69 466.20
3.14 341.78
13.78 356.52
26.88 334.42
30.16 316.41
15.42 313.14
44.07 307.41
22.79 398.26
47.35 378.62
48.16 406.45
39.16 476.84
13.78 467.02
69.45 408.09
71.08 380.26
66.17 340.97
71.08 318.86
95.64 295.95
103.01 349.15
107.92 327.87
100.55 378.62
132.47 331.14
143.93 322.14
187.32 467.84
193.05 504.67
241.34 480.94
214.33 462.11
225.79 482.57
215.15 413.82
203.69 427.73
188.14 384.35
190.59 399.08
242.98 407.27
268.35 481.76
260.99 462.11
298.64 454.74
292.09 476.03
321.56 487.49
337.93 498.94
315.01 459.65
337.11 453.92
337.11 440.01
315.01 417.91
311.74 404.81
366.58 488.30
381.31 466.20
413.23 486.67
374.76 449.83
371.49 436.74
418.15 447.38
426.33 476.03
450.89 480.12
489.36 484.21
475.44 477.66
509.00 497.31
527.01 463.75
470.53 451.47
450.89 434.28
480.36 445.74
520.46 437.55
504.91 403.99
407.51 401.54
390.32 379.44
409.96 360.61
426.33 397.45
449.25 410.54
452.53 369.61
488.54 391.72
473.81 368.80
509.82 380.26
514.73 361.43
344.48 373.71
335.47 335.24
346.11 327.87
349.39 307.41
402.59 309.04
439.43 335.24
457.44 345.88
471.35 333.60
473.81 316.41
451.71 319.68
471.35 295.13
495.09 322.96
510.64 327.05
519.65 343.42
486.90 350.79
507.37 285.30
496.73 305.77
486.09 276.30
462.35 276.30
427.15 267.30
420.60 295.95
432.88 296.76
423.88 311.50
354.30 285.30
385.40 282.85
392.77 256.66
361.67 263.20
354.30 251.74
338.75 249.29
324.01 262.39
316.65 290.22
315.83 277.94
287.18 263.20
307.64 263.20
306.82 247.65
329.74 234.55
296.18 309.86
306.82 341.78
335.47 366.34
240.52 340.15
251.98 321.32
204.51 301.68
223.33 268.12
225.79 366.34
234.79 346.70
247.89 356.52
281.45 363.88
194.68 340.97
193.86 320.50
263.44 269.75
256.07 286.12
275.72 287.76
230.70 351.61
168.49 375.34
167.67 403.18
186.50 277.12
190.59 259.11
184.86 238.65
211.87 228.83
217.60 245.20
215.15 295.95
110.37 273.84
122.65 282.85
144.75 286.12
150.48 273.03
161.94 275.48
152.12 233.74
134.11 260.75
154.57 257.47
154.57 309.04
64.53 283.67
21.15 290.22
34.25 277.94
64.53 304.95
75.99 331.96
86.64 325.41
8.06 256.66
12.97 266.48
1.51 282.85
18.70 246.01
11.33 232.10
37.52 248.47
36.70 221.46
21.97 209.18
94.00 268.12
86.64 240.28
75.99 228.83
66.99 232.10
64.53 217.37
104.64 219.82
103.01 247.65
179.13 220.64
158.67 216.55
513.92 246.01
496.73 251.74
518.01 268.93
486.90 223.91
506.55 223.10
525.38 221.46
513.10 203.45
518.83 194.45
522.92 55.29
510.64 55.29
500.82 67.57
500.00 88.04
497.55 78.21
511.46 106.86
507.37 98.68
510.64 118.32
527.01 117.50
520.46 132.24
525.38 140.42
521.28 151.06
501.64 168.25
454.16 223.10
467.26 50.38
483.63 65.12
489.36 56.93
483.63 75.76
491.00 102.77
495.91 124.05
495.09 161.70
496.73 183.81
482.81 183.81
481.17 206.72
518.83 203.45
475.44 255.84
473.81 271.39
428.79 250.93
411.60 223.91
398.50 233.74
382.95 230.46
445.16 196.08
421.42 177.26
413.23 196.90
412.42 181.35
413.23 169.07
413.23 153.52
432.06 142.06
453.34 140.42
475.44 144.51
512.28 142.88
462.35 168.25
448.43 169.07
433.70 169.89
394.41 140.42
403.41 121.60
411.60 106.86
426.33 111.77
434.52 120.78
445.98 133.06
456.62 128.14
468.08 124.87
459.07 109.32
485.27 125.69
449.25 84.76
468.90 87.22
445.98 58.57
423.88 68.39
427.15 47.11
410.78 81.49
403.41 70.85
393.59 87.22
397.68 101.95
378.86 84.76
387.86 94.58
380.49 97.86
380.49 124.87
381.31 142.88
369.03 140.42
381.31 167.43
362.49 164.98
371.49 178.08
368.21 208.36
353.48 196.90
353.48 215.73
392.77 200.18
405.05 207.54
360.03 47.93
371.49 74.94
347.75 54.47
358.39 78.21
341.20 74.12
328.92 64.30
318.28 51.20
316.65 70.03
317.47 92.13
327.29 91.31
310.92 79.85
346.11 83.94
360.03 91.31
354.30 101.13
354.30 116.68
340.38 115.87
344.48 116.68
335.47 111.77
342.02 132.24
349.39 156.79
352.66 143.70
322.38 114.23
312.55 112.59
301.91 110.14
301.09 128.96
313.37 129.78
319.10 155.16
324.83 137.97
333.84 170.71
345.30 174.80
325.65 191.99
305.19 168.25
303.55 192.81
321.56 211.64
301.09 210.82
283.09 241.92
301.09 229.64
278.99 222.28
265.08 215.73
281.45 173.16
257.71 173.16
261.80 180.53
274.90 157.61
291.27 144.51
278.99 146.15
297.82 158.43
297.82 142.06
285.54 115.05
264.26 119.96
274.08 100.31
280.63 89.67
300.28 72.48
243.80 74.12
228.24 55.29
256.89 109.32
234.79 115.87
224.15 131.42
245.43 133.06
265.08 141.24
249.53 157.61
236.43 160.07
240.52 173.16
226.61 174.80
221.70 156.79
206.14 168.25
211.05 191.99
193.05 188.72
244.61 191.99
241.34 233.74
252.80 239.47
204.51 55.29
169.31 55.29
142.30 59.39
146.39 79.03
165.22 74.12
175.86 79.85
207.78 74.94
204.51 95.40
217.60 100.31
233.97 82.31
184.04 101.95
171.76 99.49
160.30 115.87
197.14 125.69
192.23 115.05
192.23 133.87
211.87 133.87
189.77 157.61
176.68 150.24
161.12 150.24
147.21 141.24
141.48 115.87
142.30 88.85
129.20 82.31
112.83 70.85
103.01 69.21
139.84 46.29
131.66 98.68
121.01 104.41
121.83 124.05
130.02 133.87
130.02 160.89
133.29 148.61
117.74 154.34
107.10 155.16
158.67 185.44
139.02 184.62
130.84 211.64
112.83 205.09
81.72 191.17
56.35 242.74
45.71 200.99
54.71 187.08
46.53 176.44
61.26 163.34
78.45 146.15
92.37 126.51
109.55 115.05
107.10 97.04
95.64 89.67
86.64 83.94
83.36 72.48
74.36 85.58
50.62 84.76
64.53 69.21
48.16 63.48
132.47 62.66
27.70 66.75
32.61 55.29
30.97 83.12
31.79 101.95
24.43 115.87
25.24 107.68
16.24 106.86
53.08 109.32
63.72 101.13
60.44 113.41
53.08 142.88
67.81 142.88
48.98 153.52
35.89 144.51
75.18 110.95
27.70 155.16
24.43 187.08
4.78 180.53
5.60 197.72
12.97 151.06
7.24 137.15
5.60 115.05
3.96 98.68
12.97 84.76
524.74 29.15
524.74 40.40
525.76 3.57
499.16 11.76
480.75 28.12
457.22 29.15
462.34 10.73
452.11 3.57
431.65 19.94
438.81 36.31
400.96 40.40
381.52 39.38
346.74 37.33
356.97 33.24
431.65 6.64
399.94 18.92
310.94 1.53
323.21 11.76
335.49 0.50
312.98 23.01
296.61 21.99
308.89 13.80
304.80 40.40
294.57 38.35
285.36 42.45
284.34 12.78
274.11 29.15
259.79 17.90
267.97 12.78
254.67 10.73
250.58 0.50
240.35 1.53
202.50 10.73
174.88 11.76
170.79 5.62
192.27 40.40
233.19 16.87
215.80 7.67
148.28 28.12
121.69 20.96
132.94 20.96
149.31 4.60
106.34 3.57
129.87 0.50
121.69 47.56
102.25 46.54
92.02 48.58
79.74 60.86
67.47 35.29
74.63 23.01
84.86 29.15
93.04 12.78
108.39 21.99
115.55 13.80
80.77 9.71
70.54 13.80
59.28 19.94
49.05 8.69
41.89 19.94
23.48 31.19
35.76 31.19
42.92 33.24
13.25 13.80
28.59 13.80
0.97 15.85
2.02 29.55
3.09 1.36
52.21 18.20
19.64 60.86
16.57 72.11
3.28 91.55
28.34 199.47
82.56 57.28
75.40 45.00
218.10 145.77
391.50 205.10
401.73 243.97
331.14 248.06
339.84 318.14
361.83 307.40
392.52 317.63
378.71 325.81
298.92 327.35
249.30 307.40
207.87 269.55
178.21 178.50
110.69 164.69
38.57 287.96
54.42 296.66
119.90 303.31
472.61 26.17
487.14 12.92
429.87 164.21
419.61 130.87
337.55 4.37
332.00 19.75
337.13 141.13
326.87 140.28
366.19 189.00
395.25 183.44
406.58 135.57
454.44 158.65
445.04 159.08
127.50 185.15
401.66 483.11
358.92 422.85
399.10 292.50
466.19 351.05
499.10 353.62
426.02 345.50
517.05 422.43
142.46 348.51
331.78 220.29
343.32 222.00
366.83 225.00
355.29 239.95
3.99 296.79
37.32 354.92
6.98 387.40
33.90 395.95
79.85 252.35
65.32 248.07
