20.58 522.30
35.31 500.20
67.23 520.67
28.76 483.83
25.49 470.74
72.15 481.38
80.33 510.03
104.89 514.12
143.36 518.21
129.44 511.66
196.57 523.12
321.80 524.76
431.49 517.39
426.58 478.92
405.29 487.92
429.85 458.46
405.29 454.36
379.10 472.37
360.27 458.46
357.00 436.36
303.79 442.09
324.26 412.62
326.71 470.74
343.90 483.83
334.08 501.84
274.33 517.39
253.86 493.65
278.42 481.38
303.79 473.19
254.68 463.37
245.68 476.47
236.67 456.00
205.57 455.18
181.01 497.75
211.30 520.67
124.53 485.47
104.89 468.28
134.36 479.74
174.46 471.55
158.91 437.99
194.11 431.45
220.30 434.72
240.77 432.26
264.50 438.81
61.51 435.54
44.32 413.44
63.96 394.61
80.33 431.45
103.25 444.54
106.53 403.61
142.54 425.72
127.81 402.80
163.82 414.26
168.73 395.43
186.74 404.43
211.30 397.07
240.77 393.79
245.68 412.62
0.11 361.87
3.39 341.41
56.59 343.04
93.43 369.24
111.44 379.88
125.35 367.60
127.81 350.41
105.71 353.68
125.35 329.13
149.09 356.96
164.64 361.05
189.20 347.95
198.20 377.42
173.65 377.42
140.90 384.79
239.95 376.60
257.14 360.23
271.05 358.59
260.41 325.85
221.94 328.31
243.22 350.41
195.75 318.49
161.37 319.30
150.73 339.77
140.09 310.30
116.35 310.30
81.15 301.30
74.60 329.95
86.88 330.76
77.88 345.50
8.30 319.30
39.40 316.85
46.77 290.66
15.67 297.20
8.30 285.74
428.21 423.26
433.94 442.09
401.20 413.44
363.55 392.97
345.54 419.99
311.98 406.89
299.70 395.43
336.54 371.69
312.80 360.23
306.25 343.86
339.81 347.14
324.26 329.95
281.69 332.40
290.70 307.03
311.98 308.66
324.26 297.20
392.20 371.69
374.19 339.77
393.83 351.23
420.03 352.05
434.76 372.51
429.03 295.57
433.94 311.12
412.66 298.84
395.47 322.58
416.75 329.13
381.56 286.56
401.20 290.66
419.21 280.01
405.29 275.10
382.37 260.37
389.74 239.91
411.02 242.36
436.40 246.45
425.76 226.81
387.29 214.53
357.00 220.26
350.45 240.72
377.46 248.09
357.82 264.46
338.99 275.10
361.09 315.21
313.62 253.00
334.08 253.00
301.34 257.91
308.71 232.54
275.96 249.73
275.96 271.01
255.50 290.66
280.06 298.02
306.25 282.47
235.04 290.66
208.84 284.11
189.20 275.10
167.92 280.01
150.73 285.74
172.01 302.93
234.22 312.76
140.90 257.91
160.55 257.10
179.38 255.46
167.10 237.45
172.83 228.45
417.57 203.89
385.65 198.98
398.75 191.61
418.39 175.24
438.04 183.43
410.21 171.15
438.85 163.78
436.40 144.95
424.94 141.68
437.22 105.66
436.40 131.04
429.85 119.58
413.48 105.66
375.01 99.93
390.56 90.93
396.29 106.48
394.65 126.13
404.48 125.31
389.74 138.41
407.75 154.78
415.12 151.50
381.56 176.88
379.10 163.78
377.46 146.59
367.64 147.41
372.55 131.04
356.18 107.30
347.18 91.75
357.82 83.56
330.81 91.75
325.90 81.11
340.63 120.40
323.44 117.12
343.90 145.77
324.26 138.41
339.81 164.60
334.08 149.87
356.18 175.24
340.63 180.15
354.54 188.34
335.72 211.26
325.90 209.62
325.90 180.15
316.07 179.33
301.34 167.06
311.16 147.41
294.79 108.94
312.80 95.84
316.07 115.49
281.69 100.75
271.05 86.02
285.79 82.75
298.06 88.47
271.87 107.30
250.59 84.38
249.77 106.48
265.32 126.13
273.51 131.04
275.15 158.87
258.77 149.05
268.60 149.05
300.52 126.13
320.17 128.58
261.23 173.60
282.51 171.15
291.52 180.97
298.88 204.71
283.33 231.72
300.52 232.54
255.50 223.53
244.86 235.81
237.49 257.91
257.96 246.45
224.40 251.37
209.66 212.89
231.76 220.26
223.58 192.43
208.02 182.61
203.93 171.15
228.49 158.87
218.67 153.96
209.66 145.77
217.03 132.68
227.67 122.04
236.67 118.76
235.04 130.22
238.31 148.23
218.67 103.21
196.57 85.20
211.30 88.47
221.12 88.47
199.84 116.31
185.11 108.94
176.92 89.29
164.64 89.29
154.82 101.57
154.00 122.04
151.55 112.21
165.46 140.86
161.37 132.68
164.64 152.32
188.38 131.04
198.20 162.96
183.47 162.96
181.01 151.50
174.46 166.24
179.38 174.42
175.28 185.06
155.64 202.25
108.16 257.10
121.26 84.38
137.63 99.12
143.36 90.93
137.63 109.76
145.00 136.77
149.91 158.05
149.09 195.70
150.73 217.81
136.81 217.81
135.17 240.72
172.83 237.45
129.44 289.84
127.81 305.39
82.79 284.93
65.60 257.91
52.50 267.74
36.95 264.46
99.16 230.08
75.42 211.26
67.23 230.90
66.42 215.35
67.23 203.07
67.23 187.52
86.06 176.06
107.34 174.42
129.44 178.51
166.28 176.88
116.35 202.25
102.43 203.07
87.70 203.89
48.41 174.42
57.41 155.60
65.60 140.86
80.33 145.77
88.52 154.78
99.98 167.06
110.62 162.14
122.08 158.87
113.07 143.32
139.27 159.69
103.25 118.76
122.90 121.22
99.98 92.57
77.88 102.39
81.15 81.11
64.78 115.49
57.41 104.85
47.59 121.22
51.68 135.95
32.86 118.76
41.86 128.58
34.49 131.86
34.49 158.87
35.31 176.88
23.03 174.42
35.31 201.43
16.49 198.98
25.49 212.08
22.21 242.36
7.48 230.90
7.48 249.73
46.77 234.18
59.05 241.54
14.03 81.93
25.49 108.94
1.75 88.47
12.39 112.21
0.11 117.94
14.03 125.31
8.30 135.13
8.30 150.68
3.39 190.79
6.66 177.70
525.53 460.06
505.07 505.07
487.68 489.73
464.15 468.25
473.36 523.49
469.26 499.96
458.01 405.85
490.75 384.36
476.42 373.11
505.07 406.87
498.93 445.74
526.55 386.41
500.98 344.47
516.32 340.37
498.93 329.12
471.31 320.94
478.47 313.78
479.49 295.36
490.75 289.23
509.16 300.48
513.25 292.29
521.44 230.92
516.32 245.24
511.21 268.77
506.09 253.42
496.88 268.77
480.52 266.72
459.03 256.49
444.71 276.95
484.61 243.19
462.10 233.98
444.71 231.94
453.92 209.43
483.59 209.43
474.38 222.73
506.09 209.43
527.57 154.19
524.50 177.72
500.98 192.04
490.75 193.07
454.94 192.04
456.99 165.45
483.59 164.42
493.82 161.35
508.14 165.45
511.21 153.17
518.37 65.19
518.37 52.92
517.34 32.46
502.00 17.11
500.98 33.48
504.05 52.92
490.75 48.83
496.88 60.08
481.54 64.17
466.20 57.01
458.01 85.65
456.99 72.35
456.99 50.87
448.80 36.55
487.68 30.41
439.60 9.95
423.23 13.02
418.12 28.37
433.46 23.25
392.54 2.79
405.84 2.79
406.86 8.93
390.49 19.16
397.66 25.30
398.68 30.41
406.86 34.50
402.77 53.94
391.52 66.22
387.43 42.69
379.24 12.00
325.02 4.84
335.25 4.84
311.73 4.84
333.21 30.41
338.32 70.31
338.32 58.03
350.60 66.22
378.22 64.17
440.62 84.63
450.85 106.11
478.47 125.55
483.59 142.94
505.07 132.71
520.41 136.80
523.48 115.32
497.91 85.65
507.11 85.65
431.41 95.88
296.38 3.82
242.16 3.82
249.32 13.02
264.67 17.11
278.99 21.21
299.45 24.27
316.84 26.32
327.07 55.99
303.54 47.80
326.05 65.19
282.06 60.08
267.74 67.24
276.94 49.85
272.85 40.64
282.06 32.46
265.69 35.53
254.44 28.37
257.51 58.03
240.12 52.92
229.89 52.92
226.82 65.19
254.44 77.47
206.36 67.24
201.24 49.85
217.61 40.64
235.00 29.39
217.61 23.25
206.36 30.41
227.84 10.98
235.00 9.95
192.04 7.91
202.27 10.98
185.90 44.73
187.95 59.06
178.74 63.15
178.74 74.40
188.97 80.54
179.76 37.57
184.88 28.37
173.62 20.18
171.58 12.00
155.21 16.09
134.75 20.18
132.70 31.44
153.16 45.76
171.58 33.48
134.75 62.12
111.22 63.15
116.34 44.73
106.11 37.57
107.13 28.37
121.45 18.14
112.25 7.91
130.66 3.82
137.82 6.88
85.65 53.94
92.81 70.31
54.96 74.40
35.52 73.38
30.41 32.46
52.91 18.14
0.74 71.33
10.97 67.24
13.02 17.11
26.32 14.04
2.79 16.09
5.86 5.86
32.45 0.75
51.89 1.77
77.46 8.93
89.74 8.93
99.97 14.04
84.62 22.23
85.65 40.64
74.39 27.34
53.94 52.92
55.98 29.39
45.50 239.10
55.73 277.97
15.83 341.40
46.52 351.63
32.71 359.81
354.82 72.13
372.77 89.23
382.60 85.81
374.06 83.24
398.84 83.24
310.80 205.47
264.65 208.89
239.43 86.66
126.61 60.17
141.14 46.92
83.87 198.21
73.61 164.87
20.19 223.00
49.25 217.44
60.58 169.57
108.44 192.65
99.04 193.08
378.33 388.47
366.36 367.53
366.36 355.57
323.20 288.04
352.69 282.06
201.82 417.96
194.56 480.79
55.66 517.11
12.92 456.85
53.10 326.50
120.19 385.05
153.10 387.62
80.02 379.50
171.05 456.43
302.26 515.83
20.83 259.00
9.29 273.95
434.48 50.87
