14.31 414.20
46.23 434.67
7.76 397.83
4.49 384.74
51.15 395.38
59.33 424.03
83.89 428.12
122.36 432.21
108.44 425.66
142.00 445.31
175.57 437.12
187.84 460.04
216.49 450.22
241.05 476.41
300.80 438.76
351.55 444.49
406.39 456.77
410.49 431.39
405.58 392.92
384.29 401.92
408.85 372.46
384.29 368.36
358.10 386.37
339.27 372.46
336.00 350.36
282.79 356.09
303.26 326.62
305.71 384.74
322.90 397.83
313.08 415.84
253.33 431.39
232.86 407.65
257.42 395.38
282.79 387.19
233.68 377.37
224.68 390.47
215.67 370.00
184.57 369.18
160.01 411.75
190.30 434.67
103.53 399.47
83.89 382.28
113.36 393.74
153.46 385.55
137.91 351.99
173.11 345.45
199.30 348.72
219.77 346.26
243.50 352.81
40.51 349.54
23.32 327.44
42.96 308.61
59.33 345.45
82.25 358.54
85.53 317.61
121.54 339.72
106.81 316.80
142.82 328.26
147.73 309.43
165.74 318.43
190.30 311.07
219.77 307.79
224.68 326.62
35.59 257.04
72.43 283.24
90.44 293.88
104.35 281.60
106.81 264.41
84.71 267.68
104.35 243.13
128.09 270.96
143.64 275.05
168.20 261.95
177.20 291.42
152.65 291.42
119.90 298.79
218.95 290.60
236.14 274.23
250.05 272.59
239.41 239.85
200.94 242.31
222.22 264.41
174.75 232.49
140.37 233.30
129.73 253.77
119.09 224.30
95.35 224.30
60.15 215.30
53.60 243.95
65.88 244.76
56.88 259.50
18.40 230.85
25.77 204.66
407.21 337.26
412.94 356.09
380.20 327.44
342.55 306.97
324.54 333.99
290.98 320.89
278.70 309.43
315.54 285.69
291.80 274.23
285.25 257.86
318.81 261.14
303.26 243.95
260.69 246.40
269.70 221.03
290.98 222.66
303.26 211.20
371.20 285.69
353.19 253.77
372.83 265.23
399.03 266.05
413.76 286.51
408.03 209.57
412.94 225.12
391.66 212.84
374.47 236.58
395.75 243.13
360.56 200.56
380.20 204.66
398.21 194.01
384.29 189.10
361.37 174.37
368.74 153.91
390.02 156.36
415.40 160.45
404.76 140.81
366.29 128.53
336.00 134.26
329.45 154.72
356.46 162.09
336.82 178.46
317.99 189.10
340.09 229.21
292.62 167.00
313.08 167.00
280.34 171.91
287.71 146.54
254.96 163.73
254.96 185.01
234.50 204.66
259.06 212.02
285.25 196.47
214.04 204.66
187.84 198.11
168.20 189.10
146.92 194.01
129.73 199.74
151.01 216.93
213.22 226.76
119.90 171.91
139.55 171.10
158.38 169.46
146.10 151.45
151.83 142.45
396.57 117.89
364.65 112.98
377.75 105.61
397.39 89.24
417.04 97.43
389.21 85.15
417.85 77.78
415.40 58.95
403.94 55.68
416.22 19.66
415.40 45.04
408.85 33.58
392.48 19.66
354.01 13.93
369.56 4.93
375.29 20.48
373.65 40.13
383.48 39.31
368.74 52.41
386.75 68.78
394.12 65.50
360.56 90.88
358.10 77.78
356.46 60.59
346.64 61.41
351.55 45.04
335.18 21.30
326.18 5.75
309.81 5.75
319.63 34.40
302.44 31.12
322.90 59.77
303.26 52.41
318.81 78.60
313.08 63.87
335.18 89.24
319.63 94.15
333.54 102.34
314.72 125.26
304.90 123.62
304.90 94.15
295.07 93.33
280.34 81.06
290.16 61.41
273.79 22.94
291.80 9.84
295.07 29.49
260.69 14.75
250.05 0.02
277.06 2.47
250.87 21.30
228.77 20.48
244.32 40.13
252.51 45.04
254.15 72.87
237.77 63.05
247.60 63.05
279.52 40.13
299.17 42.58
240.23 87.60
261.51 85.15
270.52 94.97
277.88 118.71
262.33 145.72
279.52 146.54
234.50 137.53
223.86 149.81
216.49 171.91
236.96 160.45
203.40 165.37
188.66 126.89
210.76 134.26
202.58 106.43
187.02 96.61
182.93 85.15
207.49 72.87
197.67 67.96
188.66 59.77
196.03 46.68
206.67 36.04
215.67 32.76
214.04 44.22
217.31 62.23
197.67 17.21
190.30 2.47
200.12 2.47
178.84 30.31
164.11 22.94
155.92 3.29
143.64 3.29
133.82 15.57
133.00 36.04
130.55 26.21
144.46 54.86
140.37 46.68
143.64 66.32
167.38 45.04
177.20 76.96
162.47 76.96
160.01 65.50
153.46 80.24
158.38 88.42
154.28 99.06
134.64 116.25
87.16 171.10
116.63 13.12
122.36 4.93
116.63 23.76
124.00 50.77
128.91 72.05
128.09 109.70
129.73 131.81
115.81 131.81
114.17 154.72
151.83 151.45
108.44 203.84
106.81 219.39
61.79 198.93
44.60 171.91
31.50 181.74
15.95 178.46
78.16 144.08
54.42 125.26
46.23 144.90
45.42 129.35
46.23 117.07
46.23 101.52
65.06 90.06
86.34 88.42
108.44 92.51
145.28 90.88
95.35 116.25
81.43 117.07
66.70 117.89
27.41 88.42
36.41 69.60
44.60 54.86
59.33 59.77
67.52 68.78
78.98 81.06
89.62 76.14
101.08 72.87
92.07 57.32
118.27 73.69
82.25 32.76
101.90 35.22
78.98 6.57
56.88 16.39
43.78 29.49
36.41 18.85
26.59 35.22
30.68 49.95
11.86 32.76
20.86 42.58
13.49 45.86
13.49 72.87
14.31 90.88
2.03 88.42
14.31 115.43
4.49 126.08
1.21 156.36
25.77 148.18
38.05 155.54
4.49 22.94
445.20 490.68
459.52 465.11
486.11 462.04
504.53 374.06
508.62 389.41
484.07 419.07
466.68 403.73
443.15 382.25
452.36 437.49
448.26 413.96
437.01 319.85
469.75 298.36
455.42 287.11
484.07 320.87
477.93 359.74
524.99 351.56
505.55 300.41
479.98 258.47
495.32 254.37
477.93 243.12
450.31 234.94
457.47 227.78
458.49 209.36
469.75 203.23
488.16 214.48
492.25 206.29
518.85 156.17
500.44 144.92
495.32 159.24
507.60 166.40
490.21 182.77
485.09 167.42
475.88 182.77
459.52 180.72
438.03 170.49
423.71 190.95
463.61 157.19
441.10 147.98
423.71 145.94
432.92 123.43
462.59 123.43
453.38 136.73
485.09 123.43
522.94 129.57
524.99 87.63
512.71 79.45
506.57 68.19
503.50 91.72
519.87 95.81
510.67 202.20
516.80 181.74
479.98 106.04
469.75 107.07
433.94 106.04
435.99 79.45
462.59 78.42
472.82 75.35
487.14 79.45
490.21 67.17
519.87 63.08
526.01 7.84
429.85 20.11
457.47 39.55
462.59 56.94
484.07 46.71
499.41 50.80
502.48 29.32
410.41 9.88
24.50 153.10
34.73 191.97
25.52 265.63
11.71 273.81
351.77 3.23
289.80 119.47
243.65 122.89
218.43 0.66
62.87 112.21
52.61 78.87
28.25 131.44
39.58 83.57
87.44 106.65
78.04 107.08
357.33 302.47
345.36 281.53
345.36 269.57
302.20 202.04
331.69 196.06
180.82 331.96
173.56 394.79
34.66 431.11
32.10 240.50
99.19 299.05
132.10 301.62
59.02 293.50
150.05 370.43
281.26 429.83
