780.00 406.02
746.10 427.12
773.60 350.38
785.11 328.64
776.80 316.49
726.92 297.94
648.90 319.69
616.93 392.59
636.11 415.61
606.69 308.17
569.60 310.73
526.12 283.23
502.46 336.95
508.21 372.12
387.99 437.99
416.77 345.26
411.65 318.41
437.23 312.01
450.66 290.91
419.32 283.87
331.71 341.43
359.21 310.09
274.80 363.81
246.66 327.36
266.49 294.75
290.79 280.68
238.35 304.34
198.06 315.21
149.46 312.65
144.98 283.23
173.76 283.87
109.81 285.79
112.37 306.90
776.16 280.68
765.93 264.69
787.03 247.42
783.19 233.99
797.90 232.71
758.25 290.91
749.94 257.65
744.82 238.47
735.87 227.60
696.86 250.62
670.64 262.13
684.07 282.59
716.69 278.12
714.13 248.70
613.09 271.72
584.95 280.68
586.23 260.85
545.94 274.28
548.50 250.62
519.08 251.26
522.28 267.25
478.16 275.56
469.84 296.02
472.40 261.49
450.02 265.33
402.06 265.97
425.08 254.46
387.99 280.68
369.44 287.07
351.54 269.17
372.00 255.74
342.59 244.86
324.04 245.50
317.01 260.85
336.83 265.97
341.31 287.07
262.65 257.65
305.50 242.31
276.72 233.35
311.89 227.60
300.38 228.88
292.07 220.56
262.01 214.81
244.10 248.06
238.99 233.99
215.97 239.11
198.70 235.91
188.47 220.56
167.37 233.99
161.61 253.82
154.58 265.97
144.98 233.35
129.64 218.01
126.44 205.86
117.49 202.66
122.60 226.32
114.29 261.49
133.47 258.29
136.67 204.58
163.53 207.77
169.92 205.22
153.94 196.26
148.18 201.38
181.43 202.02
189.75 193.07
199.34 203.94
194.86 201.38
207.01 216.73
220.44 213.53
212.77 209.05
223.00 195.62
217.25 178.36
207.65 174.52
207.01 164.29
217.89 163.01
221.72 170.68
223.00 162.37
230.04 182.20
233.23 164.93
240.27 160.45
243.46 164.93
246.02 173.88
242.83 180.28
258.81 180.92
258.17 168.13
254.34 158.53
269.68 159.17
273.52 165.57
265.85 161.09
263.93 167.49
264.57 180.92
256.25 199.46
247.30 193.71
255.62 208.41
244.10 201.38
233.23 203.30
229.40 221.84
240.91 222.48
244.74 212.89
282.47 218.65
292.07 198.82
282.47 198.82
276.72 176.44
280.56 162.37
293.34 159.17
286.95 166.21
288.23 177.08
308.05 161.09
322.12 157.25
322.76 174.52
303.58 180.28
320.20 214.17
306.77 210.33
286.95 204.58
303.58 203.30
345.14 228.24
370.08 227.60
380.95 241.03
400.14 236.55
394.38 216.73
414.21 216.09
399.50 200.10
382.23 199.46
372.64 197.54
362.41 193.71
354.10 196.90
368.17 158.53
337.47 204.58
351.54 205.22
347.70 202.02
366.25 200.74
320.20 198.82
428.92 145.74
359.85 148.30
426.36 150.22
446.82 159.81
443.62 148.94
433.39 163.65
457.05 145.10
458.97 152.78
461.53 156.62
469.20 142.55
474.32 150.86
471.76 159.17
487.75 147.02
494.78 151.50
504.38 141.91
522.28 145.10
529.96 153.42
524.84 159.81
517.17 150.86
521.64 150.86
517.81 161.09
513.97 168.77
509.49 165.57
507.57 157.25
499.90 154.70
496.06 162.37
477.52 166.21
458.97 163.65
442.35 250.62
448.10 235.91
437.87 218.65
415.49 229.52
371.36 216.73
357.93 211.61
431.47 202.02
420.60 199.46
412.93 196.90
443.62 202.02
455.14 214.17
425.08 214.81
480.08 239.75
492.23 241.67
485.83 228.88
490.31 214.81
479.44 213.53
473.04 212.25
487.75 203.94
510.13 214.17
519.72 226.32
510.77 228.88
540.19 232.08
551.70 226.96
576.00 229.52
579.84 249.98
595.82 258.29
570.88 262.77
528.04 238.47
505.66 241.67
461.53 194.35
465.37 206.50
484.55 195.62
541.47 191.15
544.66 196.90
534.43 193.71
515.25 198.18
509.49 200.10
533.15 200.74
519.08 209.69
567.69 210.33
574.72 216.09
583.03 218.01
601.58 233.99
597.10 221.20
586.23 206.50
561.93 186.03
561.93 179.64
574.08 182.20
576.64 189.87
583.03 196.90
565.13 198.18
616.29 243.59
588.15 241.03
644.42 237.19
658.49 240.39
663.61 232.71
648.90 228.24
652.10 212.89
645.06 204.58
635.47 203.30
624.60 216.09
600.30 204.58
609.89 218.01
585.59 179.00
596.46 180.92
591.99 179.64
605.42 179.64
615.65 189.87
627.16 194.98
797.90 173.24
776.16 172.60
735.87 172.60
780.64 210.97
791.51 209.69
760.17 195.62
753.14 200.10
748.02 203.30
728.20 200.10
714.77 203.94
700.70 205.22
691.11 214.81
679.60 216.09
677.68 239.11
702.62 235.91
694.94 226.32
706.45 215.45
674.48 196.90
668.09 199.46
660.41 196.90
672.56 210.33
689.83 200.74
682.15 189.23
73.43 355.47
73.43 304.32
66.23 283.54
30.27 292.33
38.26 270.76
6.29 273.15
85.41 253.17
78.22 234.79
98.20 240.39
102.20 225.20
85.41 216.41
47.85 228.40
63.84 223.60
77.42 202.82
785.47 191.57
776.12 196.56
759.92 184.09
752.44 187.83
775.50 182.22
795.45 184.09
759.92 234.58
761.79 205.91
761.16 219.62
734.98 216.51
730.62 207.78
714.41 185.34
705.68 185.34
695.71 189.70
649.58 192.19
726.25 184.09
715.66 175.99
726.25 177.86
704.44 175.99
739.34 180.97
716.90 193.44
721.89 193.44
542.98 204.66
533.63 210.90
474.41 191.57
499.97 200.92
378.41 210.27
364.07 209.03
289.27 231.47
203.86 269.49
189.53 266.38
178.31 242.69
229.42 245.18
217.58 223.99
503.71 283.83
612.80 257.03
633.37 268.87
773.63 206.53
786.72 201.55
617.79 202.79
606.56 194.69
594.72 197.18
539.86 219.00
289.42 210.58
348.02 218.38
207.14 231.78
275.40 264.51
300.95 263.88
289.11 262.32
352.38 260.45
426.56 229.29
352.23 425.34
770.51 252.04
759.29 247.05
711.29 232.09
670.15 222.12
630.88 231.47
564.80 233.96
531.76 258.27
35.06 214.81
51.85 211.61
36.66 206.82
751.95 175.65
143.76 393.03
47.05 249.18
