30.29 250.43
2.79 219.09
87.20 272.81
115.34 236.36
95.51 203.75
71.21 189.68
123.65 213.34
163.94 224.21
212.54 221.65
217.02 192.23
188.24 192.87
252.19 194.79
249.63 215.90
10.46 178.17
19.41 153.86
37.96 154.50
44.99 169.85
25.17 174.97
20.69 196.07
99.35 166.65
56.50 151.31
85.28 142.35
50.11 136.60
61.62 137.88
69.93 129.56
99.99 123.81
117.90 157.06
123.01 142.99
146.03 148.11
163.30 144.91
173.53 129.56
194.63 142.99
200.39 162.82
207.42 174.97
217.02 142.35
232.36 127.01
235.56 114.86
244.51 111.66
239.40 135.32
247.71 170.49
228.53 167.29
225.33 113.58
198.47 116.77
192.08 114.22
208.06 105.26
213.82 110.38
180.57 111.02
172.25 102.07
162.66 112.94
167.14 110.38
154.99 125.73
141.56 122.53
149.23 118.05
139.00 104.62
144.75 87.36
154.35 83.52
154.99 73.29
144.11 72.01
140.28 79.68
139.00 71.37
131.96 91.20
128.77 73.93
121.73 69.45
118.54 73.93
115.98 82.88
119.17 89.28
103.19 89.92
103.83 77.13
107.66 67.53
92.32 68.17
88.48 74.57
96.15 70.09
98.07 76.49
97.43 89.92
105.75 108.46
114.70 102.71
106.38 117.41
117.90 110.38
128.77 112.30
132.60 130.84
121.09 131.48
117.26 121.89
79.53 127.65
69.93 107.82
79.53 107.82
85.28 85.44
81.44 71.37
68.66 68.17
75.05 75.21
73.77 86.08
53.95 70.09
39.88 66.25
39.24 83.52
58.42 89.28
41.80 123.17
55.23 119.33
75.05 113.58
58.42 112.30
16.86 137.24
7.90 105.90
24.53 113.58
10.46 114.22
14.30 111.02
41.80 107.82
2.15 57.30
4.07 120.61
288.57 264.47
288.57 213.32
295.77 192.54
331.73 201.33
323.74 179.76
355.71 182.15
276.59 162.17
283.78 143.79
263.80 149.39
259.80 134.20
276.59 125.41
314.15 137.40
298.16 132.60
284.58 111.82
72.73 140.47
158.14 178.49
172.47 175.38
183.69 151.69
132.58 154.18
144.42 132.99
72.58 119.58
13.98 127.38
154.86 140.78
86.60 173.51
61.05 172.88
72.89 171.32
9.62 169.45
9.77 334.34
326.94 123.81
310.15 120.61
325.34 115.82
218.24 302.03
314.95 158.18
