311.71 289.43
339.21 258.09
254.80 311.81
226.66 275.36
246.49 242.75
270.79 228.68
218.35 252.34
178.06 263.21
129.46 260.65
124.98 231.23
153.76 231.87
89.81 233.79
92.37 254.90
349.44 235.07
331.54 217.17
352.00 203.74
322.59 192.86
304.04 193.50
297.01 208.85
316.83 213.97
321.31 235.07
242.65 205.65
285.50 190.31
256.72 181.35
291.89 175.60
280.38 176.88
272.07 168.56
242.01 162.81
224.10 196.06
218.99 181.99
195.97 187.11
178.70 183.91
168.47 168.56
147.37 181.99
141.61 201.82
134.58 213.97
124.98 181.35
109.64 166.01
106.44 153.86
97.49 150.66
102.60 174.32
94.29 209.49
113.47 206.29
116.67 152.58
143.53 155.77
149.92 153.22
133.94 144.26
128.18 149.38
161.43 150.02
169.75 141.07
179.34 151.94
174.86 149.38
187.01 164.73
200.44 161.53
192.77 157.05
203.00 143.62
197.25 126.36
187.65 122.52
187.01 112.29
197.89 111.01
201.72 118.68
203.00 110.37
210.04 130.20
213.23 112.93
220.27 108.45
223.46 112.93
226.02 121.88
222.83 128.28
238.81 128.92
238.17 116.13
234.34 106.53
249.68 107.17
253.52 113.57
245.85 109.09
243.93 115.49
244.57 128.92
236.25 147.46
227.30 141.71
235.62 156.41
224.10 149.38
213.23 151.30
209.40 169.84
220.91 170.48
224.74 160.89
262.47 166.65
272.07 146.82
262.47 146.82
256.72 124.44
260.56 110.37
273.34 107.17
266.95 114.21
268.23 125.08
288.05 109.09
302.12 105.25
302.76 122.52
283.58 128.28
300.20 162.17
286.77 158.33
266.95 152.58
283.58 151.30
325.14 176.24
350.08 175.60
352.64 145.54
342.41 141.71
334.10 144.90
348.17 106.53
317.47 152.58
331.54 153.22
327.70 150.02
346.25 148.74
300.20 146.82
339.85 96.30
351.36 164.73
337.93 159.61
53.43 303.47
53.43 252.32
46.23 231.54
10.27 240.33
18.26 218.76
65.41 201.17
58.22 182.79
78.20 188.39
82.20 173.20
65.41 164.41
27.85 176.40
43.84 171.60
57.42 150.82
358.41 158.27
344.07 157.03
269.27 179.47
183.86 217.49
169.53 214.38
158.31 190.69
209.42 193.18
197.58 171.99
269.42 158.58
328.02 166.38
187.14 179.78
255.40 212.51
280.95 211.88
269.11 210.32
332.38 208.45
15.06 162.81
31.85 159.61
16.66 154.82
123.76 341.03
27.05 197.18
