459.00 644.41
420.25 342.32
546.19 297.40
563.81 269.22
557.64 237.51
588.47 232.23
562.04 180.27
583.18 184.67
608.72 160.89
222.96 468.27
64.43 354.65
45.05 492.93
83.81 241.92
130.49 213.73
161.31 157.37
178.93 118.62
244.10 118.62
140.17 95.72
147.22 137.11
104.06 126.54
42.41 138.87
994.49 227.83
960.14 215.50
951.33 215.50
977.75 155.61
1000.65 149.44
1118.67 281.55
605.20 112.45
612.25 123.02
623.70 108.05
637.79 86.03
857.24 151.42
873.97 145.70
845.35 141.29
842.27 118.84
816.72 125.44
811.44 115.75
811.00 105.18
833.90 75.68
844.91 91.09
851.95 91.09
860.32 83.61
866.93 77.88
873.09 80.08
870.01 68.63
853.71 61.59
849.31 69.51
826.85 64.67
816.72 58.95
911.84 68.63
895.11 73.04
898.63 77.44
904.36 95.50
882.78 94.18
871.77 101.66
892.47 102.10
926.38 120.16
930.78 98.58
955.88 89.77
951.92 108.27
987.59 103.42
998.16 95.50
1021.05 98.58
1015.77 115.75
1014.45 148.78
798.23 181.81
762.12 181.37
739.22 194.58
724.25 182.69
721.60 200.74
712.80 158.03
703.11 143.50
743.18 99.02
750.23 129.40
768.28 105.62
788.54 109.59
794.27 91.09
788.98 80.08
789.42 76.12
796.91 76.12
803.95 77.88
806.60 87.13
800.87 54.10
787.22 56.30
786.78 63.35
764.76 44.85
770.49 47.94
765.20 51.02
768.28 59.39
755.95 51.46
760.36 62.03
747.59 54.10
740.54 49.26
740.98 53.22
744.94 49.26
735.26 44.85
718.52 43.09
723.81 41.77
729.09 52.34
719.84 57.18
736.14 71.28
745.82 82.29
766.08 78.76
723.81 77.00
711.04 72.60
704.43 63.35
698.27 74.80
711.04 83.61
703.55 90.21
685.93 99.46
644.54 175.20
656.43 157.59
645.86 148.34
576.28 111.79
527.84 153.18
552.06 107.83
598.30 94.18
612.83 77.44
596.98 77.00
606.23 80.52
663.26 39.02
659.07 37.26
643.00 24.05
670.30 33.29
681.53 45.84
692.54 43.42
700.03 44.96
698.71 39.68
710.16 40.12
698.49 52.89
706.41 53.33
689.46 49.81
680.43 67.20
666.12 58.84
673.82 58.62
658.41 49.37
654.45 55.53
653.13 46.29
646.96 44.74
650.04 48.27
640.80 49.37
638.38 72.93
606.67 53.99
620.10 50.25
627.37 48.71
633.09 41.00
634.85 30.87
639.26 33.96
625.82 35.50
611.51 30.43
615.48 44.08
609.09 35.72
603.59 35.72
603.37 30.21
605.13 26.25
599.62 24.71
591.26 23.17
586.85 20.96
588.39 31.31
586.63 28.23
586.19 33.96
595.00 38.58
591.92 54.21
607.33 44.74
580.03 45.62
585.31 50.91
580.47 38.14
819.37 117.40
578.49 71.83
569.90 75.13
557.79 61.70
550.96 57.96
551.18 49.59
554.49 37.48
557.79 41.00
564.17 38.80
569.68 42.54
571.66 37.04
571.66 24.71
567.26 29.33
565.71 25.15
567.92 20.52
559.33 24.93
562.85 31.97
548.10 29.55
556.25 23.17
573.09 15.29
573.97 12.43
557.24 11.00
558.78 18.27
550.74 16.84
543.92 13.97
542.04 19.37
538.85 24.87
544.36 30.93
528.72 30.71
524.43 20.25
532.36 19.04
531.48 25.31
537.20 14.74
539.29 11.33
543.04 10.12
527.07 13.64
520.58 12.54
522.89 14.41
518.38 13.20
516.28 16.73
511.88 12.43
507.81 15.51
505.71 14.19
502.08 12.21
501.97 17.06
505.49 20.25
495.59 18.38
501.09 22.23
508.25 26.08
501.75 30.60
500.54 25.64
494.27 27.07
513.53 47.66
504.50 50.30
530.49 46.89
550.41 38.41
540.83 47.11
533.13 61.97
542.04 66.49
542.16 72.32
550.30 83.77
513.97 74.30
504.83 85.09
508.36 68.91
514.74 56.91
497.13 63.62
534.56 93.35
635.95 61.75
452.21 59.44
445.93 82.56
415.99 83.99
423.81 89.06
481.38 68.47
493.82 46.78
476.54 36.98
469.49 42.93
469.60 62.08
460.69 54.93
450.78 44.47
452.98 37.20
456.83 36.76
463.77 32.47
469.60 37.86
440.10 38.63
439.77 54.60
427.66 51.18
420.94 39.07
412.80 44.80
430.96 32.25
430.19 24.54
438.01 25.97
441.31 19.81
450.56 20.69
459.04 25.20
467.40 23.22
478.74 21.68
484.58 25.97
488.65 23.22
486.01 19.81
492.17 14.19
497.57 12.10
480.72 13.75
483.48 10.12
469.49 10.56
467.18 13.64
471.70 17.94
458.16 15.96
458.49 9.02
450.01 9.79
455.40 11.66
444.39 12.43
439.66 12.98
435.48 16.84
432.72 13.42
432.50 16.73
427.77 18.71
422.82 18.05
418.30 17.06
420.06 10.56
424.58 11.33
415.99 10.67
413.02 17.83
411.15 34.78
405.42 32.14
417.53 21.68
407.84 21.68
405.86 16.73
398.49 17.06
397.71 25.64
401.24 23.22
391.55 17.83
391.11 13.42
385.60 24.43
389.68 26.30
376.36 21.46
375.92 27.84
376.14 37.09
380.10 34.45
392.65 42.93
396.17 35.99
389.46 56.36
401.24 54.60
404.87 90.05
388.14 64.62
367.33 51.40
370.41 43.04
361.49 32.91
367.33 26.08
362.71 23.22
356.98 24.76
360.72 17.61
366.56 19.81
364.03 13.31
356.10 18.27
345.20 28.07
346.08 36.98
355.22 52.62
359.51 62.30
350.71 60.54
345.64 52.40
345.09 83.44
331.99 57.35
326.27 40.62
324.06 33.46
329.57 26.08
332.65 23.33
335.51 19.48
327.37 17.61
319.66 20.69
315.48 23.33
323.18 21.79
290.60 61.97
302.60 39.96
312.83 42.16
306.89 38.41
310.30 28.29
306.23 22.89
310.96 18.60
300.72 13.42
304.25 14.52
301.05 25.31
287.07 18.38
293.24 11.66
280.58 16.29
277.60 20.25
272.65 18.38
272.65 14.52
261.86 11.77
264.50 21.35
283.77 31.15
285.20 42.27
280.14 46.01
275.40 42.60
275.18 48.76
253.16 39.51
258.78 40.84
265.49 28.62
253.05 24.43
253.05 16.73
249.09 17.17
229.27 35.55
236.76 26.08
257.35 86.96
220.03 31.92
231.37 14.41
225.75 12.98
221.57 13.42
237.42 10.89
248.65 12.43
310.49 2.87
304.14 3.72
290.46 4.30
286.25 7.19
254.68 11.84
243.92 3.09
235.47 5.57
231.23 5.57
244.11 33.76
219.09 6.12
214.19 10.74
207.86 12.61
200.13 13.34
203.27 8.11
190.99 11.58
192.81 24.46
205.85 26.99
214.27 34.53
184.82 8.99
172.27 8.99
169.41 26.00
175.69 28.15
165.83 27.60
160.71 16.70
156.64 25.07
161.21 30.57
155.38 33.27
147.01 20.50
136.71 16.53
139.74 23.96
145.91 27.93
138.37 29.80
118.27 33.79
116.95 12.65
123.01 15.18
120.26 9.35
112.00 12.65
117.39 22.89
127.41 30.60
126.53 44.47
143.38 60.98
139.63 91.48
112.00 63.40
103.52 70.67
101.32 45.24
83.33 15.62
95.66 13.20
77.82 16.29
80.36 30.60
68.47 27.18
73.20 46.89
68.36 57.13
51.29 41.06
53.38 25.53
58.12 12.87
38.74 13.97
40.06 26.08
32.14 32.47
24.76 21.35
14.41 17.17
6.38 14.41
21.02 51.18
18.82 61.20
44.23 9.98
33.38 5.19
9.00 5.25
251.52 8.73
468.54 130.29
477.35 184.45
444.76 175.20
517.13 102.10
445.35 101.66
428.61 95.50
399.55 109.59
368.28 95.50
452.83 25.53
464.61 17.94
453.74 9.12
439.13 8.81
439.71 4.77
443.61 2.90
449.34 3.23
433.35 11.43
472.98 8.23
467.81 6.53
461.48 3.36
554.17 7.56
537.93 7.56
530.61 6.73
523.84 6.79
547.40 19.29
516.80 4.11
522.69 3.34
512.81 4.57
515.20 7.96
510.38 8.04
502.54 7.88
500.04 4.88
508.79 2.84
469.18 16.04
411.08 3.86
413.12 6.06
418.68 5.68
427.82 4.71
422.12 3.06
407.72 9.50
413.31 15.42
492.69 2.69
501.49 1.59
474.63 3.35
476.39 8.85
488.50 3.13
483.88 2.91
479.04 2.91
396.25 2.69
394.93 6.87
402.19 10.84
388.54 7.31
383.04 5.33
273.38 2.69
265.90 6.65
264.58 2.25
256.43 4.67
252.91 4.89
85.57 3.35
78.30 2.91
63.55 3.13
74.12 2.69
474.38 31.46
477.17 29.00
479.84 32.00
446.67 19.26
436.18 1.07
468.39 0.96
491.19 7.49
494.40 6.42
515.91 28.25
519.55 29.21
488.08 28.46
648.41 18.30
600.67 15.30
638.34 45.16
183.50 28.95
97.02 35.80
27.46 27.29
564.07 20.22
