362.00 563.41
400.75 261.32
274.81 216.40
257.19 188.22
263.36 156.51
232.53 151.23
258.96 99.27
237.82 103.67
212.28 79.89
598.04 387.27
576.90 37.62
215.80 31.45
208.75 42.02
197.30 27.05
183.21 5.03
4.28 44.44
9.56 34.75
10.00 24.18
22.77 100.81
58.88 100.37
81.78 113.58
96.75 101.69
99.40 119.74
108.20 77.03
117.89 62.50
77.82 18.02
70.77 48.40
52.72 24.62
32.46 28.59
26.73 10.09
14.40 6.13
75.18 1.29
109.96 2.61
117.45 9.21
135.07 18.46
176.46 94.20
164.57 76.59
175.14 67.34
244.72 30.79
293.16 72.18
268.94 26.83
222.70 13.18
1.63 36.40
270.70 2.77
316.17 4.09
286.44 12.35
375.07 1.56
405.01 2.99
397.19 8.06
416.13 9.05
475.91 2.44
563.65 5.96
352.46 49.29
343.65 103.45
376.24 94.20
303.87 21.10
375.65 20.66
392.39 14.50
421.45 28.59
452.72 14.50
