509.67 509.22
549.57 443.75
543.43 383.39
625.27 408.96
705.06 355.77
672.32 355.77
735.75 420.22
762.34 397.71
778.71 471.37
772.57 596.17
865.67 480.57
812.47 427.38
808.38 379.30
922.95 417.15
920.91 415.10
440.11 424.31
363.38 596.17
265.18 559.34
319.40 451.93
289.73 421.24
184.36 407.94
119.92 386.46
66.72 487.73
7.39 441.70
46.26 328.15
112.75 320.99
100.48 273.93
137.31 266.77
958.76 362.93
994.56 409.99
990.47 355.77
1007.86 343.49
999.68 331.22
965.92 333.26
935.23 340.43
910.68 325.08
910.68 355.77
881.01 351.68
848.27 335.31
804.29 353.72
773.60 351.68
772.57 325.08
762.34 339.40
758.25 362.93
1008.63 303.09
998.91 300.02
983.05 298.99
975.38 289.79
976.91 308.71
956.45 305.13
942.64 313.32
945.20 296.95
959.52 285.18
957.48 263.70
981.52 268.31
1002.49 291.32
1012.21 289.28
999.42 274.95
932.41 266.26
920.65 263.19
905.31 260.12
888.94 259.61
916.56 270.35
920.14 275.98
925.77 285.18
1020.39 279.05
903.77 302.06
893.03 308.20
865.41 331.73
862.85 303.09
860.29 292.86
879.73 292.86
892.52 282.63
883.82 275.98
868.99 278.02
877.17 265.75
858.25 255.52
858.25 270.35
859.78 282.63
849.04 280.58
836.77 280.07
842.39 271.37
839.32 267.79
841.88 253.98
823.47 252.96
825.51 267.79
813.24 272.40
809.66 263.70
797.89 249.89
814.77 252.96
809.66 285.70
804.03 278.54
822.44 298.99
833.19 292.86
815.28 321.50
796.36 325.08
772.83 276.49
791.24 273.42
784.59 265.75
796.87 262.68
785.11 255.52
758.00 269.84
747.77 260.12
745.21 270.35
733.45 265.75
736.51 252.96
756.97 245.29
765.67 251.94
737.54 295.41
750.32 322.01
723.22 315.36
728.84 328.66
694.06 302.58
666.44 298.99
690.48 274.44
707.36 265.24
715.03 253.98
722.19 260.12
725.77 248.87
719.12 237.10
705.31 238.13
674.11 239.15
679.23 237.62
665.93 237.10
686.90 259.61
701.73 259.61
661.84 262.68
669.00 258.08
656.72 246.31
673.60 253.47
644.45 266.26
651.10 258.08
657.23 262.17
641.38 257.56
644.45 248.87
641.38 243.75
628.08 258.59
626.03 270.86
634.73 236.08
623.99 234.55
615.29 257.05
608.64 256.03
603.02 254.50
596.37 249.89
592.27 260.12
594.32 282.63
681.27 318.43
700.71 320.48
565.68 260.12
573.86 256.03
589.21 243.24
593.30 234.04
559.28 251.94
573.61 246.31
564.91 237.62
557.24 240.68
551.10 238.64
549.05 248.36
542.92 256.54
537.80 248.36
530.13 250.91
526.55 259.10
519.90 252.45
502.00 258.59
492.28 259.61
483.58 253.98
491.26 244.78
501.49 206.42
542.40 231.99
538.31 236.08
535.24 228.41
526.55 230.46
530.13 235.57
520.41 224.83
517.85 217.67
504.04 227.90
499.44 222.27
491.26 206.93
495.86 222.27
485.63 234.55
502.00 250.40
480.00 237.10
477.45 223.29
469.77 214.09
457.50 215.62
461.08 231.48
469.26 232.50
476.93 248.87
467.22 244.78
462.10 239.66
468.75 255.52
452.38 255.52
462.61 255.52
440.11 247.33
437.55 257.05
430.90 252.96
444.71 225.34
449.31 224.83
422.21 226.87
430.39 226.36
417.60 244.78
422.72 255.01
407.88 259.10
393.05 265.24
426.81 289.28
401.23 242.22
403.79 248.87
389.98 250.91
380.77 250.40
377.19 242.73
379.75 228.41
394.58 230.46
399.70 228.41
416.07 224.83
401.75 224.32
406.86 228.92
393.56 222.78
389.47 223.29
377.19 214.09
389.47 215.11
368.50 222.27
360.31 206.93
361.85 216.13
351.62 214.09
355.71 221.76
350.60 229.43
354.18 242.73
367.99 251.43
369.01 237.62
342.41 252.96
341.90 242.73
342.41 229.43
324.00 227.90
330.14 232.50
325.02 240.68
330.65 246.31
323.49 253.47
293.31 250.91
287.17 252.96
276.94 249.89
277.45 242.73
299.96 242.73
304.05 231.48
312.24 226.36
317.86 224.32
315.82 213.06
327.07 205.39
302.52 215.11
291.26 220.23
280.01 201.30
299.45 203.35
281.55 219.20
267.22 230.46
266.71 244.78
257.51 239.66
247.28 249.38
236.02 250.91
239.09 239.15
228.35 238.13
229.89 224.32
216.08 230.97
201.75 245.80
216.59 241.71
202.78 257.05
189.99 250.40
177.71 246.82
166.97 246.82
220.93 217.16
217.35 212.04
227.58 204.88
217.35 202.32
207.12 200.28
209.68 203.35
198.94 213.06
194.85 210.51
186.66 221.25
180.53 217.67
173.37 208.97
184.11 198.74
161.09 215.11
150.86 213.06
144.72 211.02
143.19 202.83
149.84 199.77
158.53 202.32
309.93 213.58
115.06 218.69
135.00 213.06
86.41 247.85
123.75 243.24
130.91 245.80
80.27 231.99
84.37 223.29
89.99 210.51
95.62 209.48
106.87 210.00
104.83 197.72
92.04 196.70
84.37 198.74
75.67 206.42
68.00 199.77
53.68 215.11
54.19 206.93
67.49 214.09
75.67 213.06
61.86 204.37
47.03 208.97
41.91 200.79
36.29 208.97
42.42 205.90
27.08 211.53
23.50 208.97
31.17 201.81
17.87 207.44
12.25 198.74
3.04 194.65
24.01 230.97
57.26 248.87
22.48 255.01
6.36 237.10
13.53 228.92
