85.34 507.36
440.66 354.01
369.60 307.88
415.73 271.73
393.29 264.25
253.65 265.49
191.31 256.77
190.07 208.14
130.22 210.64
354.64 175.73
400.77 178.22
407.00 152.04
358.38 143.31
494.27 158.27
40.46 179.47
606.48 114.64
531.68 79.73
603.99 83.47
581.55 53.55
388.30 109.65
312.25 134.59
303.52 114.64
307.26 94.69
354.64 80.98
403.26 68.51
387.05 62.27
429.44 83.47
480.56 57.29
503.00 58.53
42.95 147.05
45.44 132.09
4.64 34.00
25.19 86.23
68.00 82.37
42.74 62.25
58.15 66.53
127.07 95.22
112.51 76.81
86.40 63.11
44.88 46.42
34.18 61.83
34.61 32.29
50.02 33.15
71.85 39.14
177.58 61.83
162.60 57.97
149.33 57.55
110.37 42.13
99.24 28.44
85.55 30.58
74.84 24.58
22.62 1.47
28.19 4.89
33.75 1.04
41.03 0.18
55.58 4.89
63.29 6.61
50.87 0.18
43.60 25.87
133.49 30.58
104.81 31.01
143.33 26.30
158.32 23.30
168.16 26.30
170.73 19.45
184.43 13.45
203.26 21.16
217.39 17.31
245.64 30.58
275.18 36.57
277.75 25.87
246.50 21.59
297.73 38.98
313.29 41.11
301.09 60.94
334.34 0.53
326.41 5.72
358.75 13.04
394.22 9.77
400.94 24.55
410.08 28.04
437.75 28.31
438.02 1.44
443.93 5.47
461.66 9.50
496.59 11.38
481.01 2.25
505.46 6.01
521.58 1.98
562.58 0.63
544.95 10.64
572.60 8.24
587.42 15.85
595.04 16.66
583.02 18.26
61.08 32.83
36.47 11.42
222.37 19.50
