352.66 346.01
281.60 299.88
327.73 263.73
305.29 256.25
560.87 251.26
165.65 257.49
103.31 248.77
102.07 200.14
42.22 202.64
266.64 167.73
312.77 170.22
319.00 144.04
270.38 135.31
406.27 150.27
518.48 106.64
443.68 71.73
515.99 75.47
537.18 71.73
493.55 45.55
300.30 101.65
224.25 126.59
215.52 106.64
219.26 86.69
266.64 72.98
315.26 60.51
299.05 54.27
341.44 75.47
392.56 49.29
415.00 50.53
39.07 87.22
24.51 68.81
89.58 53.83
74.60 49.97
61.33 49.55
22.37 34.13
11.24 20.44
45.49 22.58
16.81 23.01
55.33 18.30
70.32 15.30
80.16 18.30
82.73 11.45
96.43 5.45
115.26 13.16
129.39 9.31
157.64 22.58
187.18 28.57
189.75 17.87
158.50 13.59
209.73 30.98
225.29 33.11
213.09 52.94
270.75 5.04
306.22 1.77
312.94 16.55
322.08 20.04
349.75 20.31
373.66 1.50
408.59 3.38
456.95 2.64
484.60 0.24
499.42 7.85
507.04 8.66
495.02 10.26
527.48 16.67
598.41 17.76
597.69 1.00
134.37 11.50
