47.12 495.74
154.34 544.36
509.66 391.01
438.60 344.88
484.73 308.73
462.29 301.25
717.87 296.26
795.17 313.72
866.23 323.69
322.65 302.49
260.31 293.77
259.07 245.14
199.22 247.64
423.64 212.73
469.77 215.22
476.00 189.04
427.38 180.31
563.27 195.27
109.46 216.47
34.65 221.46
828.83 208.99
918.60 223.95
787.69 169.09
675.48 151.64
898.65 117.98
876.21 121.72
931.07 112.99
989.66 134.18
994.65 164.10
1017.09 114.23
600.68 116.73
672.99 120.47
694.18 116.73
650.55 90.55
457.30 146.65
381.25 171.59
372.52 151.64
376.26 131.69
423.64 117.98
472.26 105.51
456.05 99.27
498.44 120.47
549.56 94.29
572.00 95.53
32.16 184.05
4.73 182.81
111.95 184.05
114.44 169.09
10.29 11.50
16.71 14.50
20.56 17.49
25.70 15.35
46.25 9.36
51.81 4.65
59.52 11.50
62.94 4.22
71.93 8.50
63.80 17.49
65.08 11.93
88.20 7.65
90.76 2.51
95.47 16.64
116.45 5.51
125.01 5.51
119.44 14.50
133.57 18.35
126.29 17.92
107.46 20.49
129.72 30.34
10.72 20.92
9.86 39.32
1.73 38.90
9.43 52.59
0.87 48.31
25.70 46.60
31.69 38.47
38.11 35.90
49.67 40.61
44.96 40.18
39.40 53.88
62.94 44.89
61.66 50.03
73.64 71.00
44.96 88.98
35.12 95.83
6.01 89.41
39.82 112.52
94.19 123.23
137.00 119.37
111.74 99.25
127.15 103.53
196.07 132.22
181.51 113.81
155.40 100.11
113.88 83.42
103.18 98.83
103.61 69.29
119.02 70.15
140.85 76.14
246.58 98.83
231.60 94.97
218.33 94.55
179.37 79.13
168.24 65.44
154.55 67.58
143.84 61.58
91.62 38.47
97.19 41.89
102.75 38.04
110.03 37.18
124.58 41.89
132.29 43.61
119.87 37.18
112.60 62.87
202.49 67.58
173.81 68.01
212.33 63.30
227.32 60.30
237.16 63.30
239.73 56.45
253.43 50.45
272.26 58.16
231.17 23.49
236.73 19.21
243.58 31.19
263.27 20.92
258.99 31.19
258.99 19.63
257.71 10.64
269.27 11.50
273.98 20.49
286.39 54.31
314.64 67.58
344.18 73.57
346.75 62.87
315.50 58.59
299.66 31.19
285.53 26.48
303.51 26.48
306.51 22.20
296.66 19.63
326.20 28.20
339.47 20.92
329.62 17.49
348.89 4.22
319.78 10.64
312.93 4.65
285.53 18.35
278.55 3.06
364.60 20.14
368.56 8.24
358.49 5.19
366.73 75.98
382.29 78.11
370.09 97.94
393.58 0.92
404.26 5.19
400.90 2.45
382.90 36.01
389.92 33.57
403.34 37.53
395.41 42.72
398.46 31.13
415.55 33.87
418.29 6.41
433.86 31.13
427.75 50.04
439.65 26.85
423.46 1.10
430.44 1.10
439.04 5.40
452.21 1.63
463.49 0.83
457.58 6.74
461.61 8.35
445.49 5.93
458.12 25.55
456.51 29.85
465.10 29.04
463.22 46.77
480.69 25.55
487.67 33.07
492.78 34.68
469.94 61.55
479.08 65.04
506.75 65.31
507.02 38.44
512.93 42.47
516.42 30.38
521.26 18.83
518.84 9.16
532.01 15.87
538.18 19.64
532.54 27.70
529.59 21.79
530.66 46.50
565.59 48.38
550.01 39.25
574.46 43.01
590.58 38.98
571.50 23.93
547.05 13.19
554.31 16.68
572.58 15.07
578.49 17.76
584.40 10.23
591.10 3.16
595.11 3.96
598.72 5.97
625.57 2.36
620.76 5.97
597.11 11.18
608.74 13.58
614.75 10.78
609.14 7.97
620.36 12.38
634.78 8.37
634.38 2.76
642.80 3.16
650.01 1.16
607.93 20.80
619.96 19.99
647.61 20.80
639.99 11.58
612.34 36.82
631.58 37.63
613.95 47.64
641.60 45.24
656.42 52.85
664.04 53.66
665.64 19.19
652.02 55.26
680.87 2.36
672.85 16.39
653.22 11.58
684.48 61.67
693.69 12.38
615.95 5.17
601.52 13.98
557.04 8.37
707.32 3.96
706.92 16.39
721.34 9.57
717.34 36.02
736.57 24.00
741.78 2.36
755.41 62.76
754.69 46.00
777.52 48.49
795.36 56.70
809.63 43.50
750.41 6.04
757.19 5.33
748.99 11.04
748.63 17.10
737.93 13.53
729.37 2.83
730.79 6.04
722.94 1.41
716.17 1.41
764.68 5.33
770.75 1.41
775.74 4.62
781.45 3.55
791.08 1.05
784.66 16.39
773.24 12.82
792.15 14.96
822.11 12.46
830.32 7.11
857.43 2.12
860.28 16.03
836.03 32.80
861.00 65.97
1019.11 50.01
992.09 49.47
1021.82 29.20
997.23 31.91
996.69 23.53
1002.90 18.67
1011.82 8.40
1003.71 12.18
998.85 1.91
978.31 3.53
984.53 1.91
974.53 8.40
972.10 2.72
962.10 11.64
957.51 5.43
945.89 5.43
947.78 9.48
954.27 38.93
949.67 51.36
941.30 29.20
930.49 11.10
912.39 14.34
911.57 7.86
901.04 6.51
888.88 29.20
895.63 37.58
880.23 38.93
880.77 28.12
881.85 4.62
875.10 3.53
874.29 26.23
1010.74 1.91
852.13 3.53
891.31 2.72
967.25 0.63
895.18 8.88
85.78 5.35
130.08 69.83
105.47 48.42
228.54 32.80
291.37 56.50
558.39 22.79
564.17 17.55
566.85 9.52
