976.88 495.74
869.66 544.36
514.34 391.01
585.40 344.88
539.27 308.73
561.71 301.25
306.13 296.26
228.83 313.72
157.77 323.69
701.35 302.49
763.69 293.77
764.93 245.14
824.78 247.64
600.36 212.73
554.23 215.22
548.00 189.04
596.62 180.31
460.73 195.27
914.54 216.47
989.35 221.46
195.17 208.99
105.40 223.95
236.31 169.09
348.52 151.64
125.35 117.98
147.79 121.72
92.93 112.99
34.34 134.18
29.35 164.10
6.91 114.23
423.32 116.73
351.01 120.47
329.82 116.73
373.45 90.55
566.70 146.65
642.75 171.59
651.48 151.64
647.74 131.69
600.36 117.98
551.74 105.51
567.95 99.27
525.56 120.47
474.44 94.29
452.00 95.53
991.84 184.05
1019.27 182.81
912.05 184.05
909.56 169.09
1013.71 11.50
1007.29 14.50
1003.44 17.49
998.30 15.35
977.75 9.36
972.19 4.65
964.48 11.50
961.06 4.22
952.07 8.50
960.20 17.49
958.92 11.93
935.80 7.65
933.24 2.51
928.53 16.64
907.55 5.51
898.99 5.51
904.56 14.50
890.43 18.35
897.71 17.92
916.54 20.49
894.28 30.34
1013.28 20.92
1014.14 39.32
1022.27 38.90
1014.57 52.59
1023.13 48.31
998.30 46.60
992.31 38.47
985.89 35.90
974.33 40.61
979.04 40.18
984.60 53.88
961.06 44.89
962.34 50.03
950.36 71.00
979.04 88.98
988.88 95.83
1017.99 89.41
984.18 112.52
929.81 123.23
887.00 119.37
912.26 99.25
896.85 103.53
827.93 132.22
842.49 113.81
868.60 100.11
910.12 83.42
920.82 98.83
920.39 69.29
904.98 70.15
883.15 76.14
777.42 98.83
792.40 94.97
805.67 94.55
844.63 79.13
855.76 65.44
869.45 67.58
880.16 61.58
932.38 38.47
926.81 41.89
921.25 38.04
913.97 37.18
899.42 41.89
891.71 43.61
904.13 37.18
911.40 62.87
821.51 67.58
850.19 68.01
811.67 63.30
796.68 60.30
786.84 63.30
784.27 56.45
770.57 50.45
751.74 58.16
792.83 23.49
787.27 19.21
780.42 31.19
760.73 20.92
765.01 31.19
765.01 19.63
766.29 10.64
754.73 11.50
750.02 20.49
737.61 54.31
709.36 67.58
679.82 73.57
677.25 62.87
708.50 58.59
724.34 31.19
738.47 26.48
720.49 26.48
717.49 22.20
727.34 19.63
697.80 28.20
684.53 20.92
694.38 17.49
675.11 4.22
704.22 10.64
711.07 4.65
738.47 18.35
745.45 3.06
659.40 20.14
655.44 8.24
665.51 5.19
657.27 75.98
641.71 78.11
653.91 97.94
630.42 0.92
619.74 5.19
623.10 2.45
641.10 36.01
634.08 33.57
620.66 37.53
628.59 42.72
625.54 31.13
608.45 33.87
605.71 6.41
590.14 31.13
596.25 50.04
584.35 26.85
600.54 1.10
593.56 1.10
584.96 5.40
571.79 1.63
560.51 0.83
566.42 6.74
562.39 8.35
578.51 5.93
565.88 25.55
567.49 29.85
558.90 29.04
560.78 46.77
543.31 25.55
536.33 33.07
531.22 34.68
554.06 61.55
544.92 65.04
517.25 65.31
516.98 38.44
511.07 42.47
507.58 30.38
502.74 18.83
505.16 9.16
491.99 15.87
485.82 19.64
491.46 27.70
494.41 21.79
493.34 46.50
458.41 48.38
473.99 39.25
449.54 43.01
433.42 38.98
452.50 23.93
476.95 13.19
469.69 16.68
451.42 15.07
445.51 17.76
439.60 10.23
432.90 3.16
428.89 3.96
425.28 5.97
398.43 2.36
403.24 5.97
426.89 11.18
415.26 13.58
409.25 10.78
414.86 7.97
403.64 12.38
389.22 8.37
389.62 2.76
381.20 3.16
373.99 1.16
416.07 20.80
404.04 19.99
376.39 20.80
384.01 11.58
411.66 36.82
392.42 37.63
410.05 47.64
382.40 45.24
367.58 52.85
359.96 53.66
358.36 19.19
371.98 55.26
343.13 2.36
351.15 16.39
370.78 11.58
339.52 61.67
330.31 12.38
408.05 5.17
422.48 13.98
466.96 8.37
316.68 3.96
317.08 16.39
302.66 9.57
306.66 36.02
287.43 24.00
282.22 2.36
268.59 62.76
269.31 46.00
246.48 48.49
228.64 56.70
214.37 43.50
273.59 6.04
266.81 5.33
275.01 11.04
275.37 17.10
286.07 13.53
294.63 2.83
293.21 6.04
301.06 1.41
307.83 1.41
259.32 5.33
253.25 1.41
248.26 4.62
242.55 3.55
232.92 1.05
239.34 16.39
250.76 12.82
231.85 14.96
201.89 12.46
193.68 7.11
166.57 2.12
163.72 16.03
187.97 32.80
163.00 65.97
4.89 50.01
31.91 49.47
2.18 29.20
26.77 31.91
27.31 23.53
21.10 18.67
12.18 8.40
20.29 12.18
25.15 1.91
45.69 3.53
39.47 1.91
49.47 8.40
51.90 2.72
61.90 11.64
66.49 5.43
78.11 5.43
76.22 9.48
69.73 38.93
74.33 51.36
82.70 29.20
93.51 11.10
111.61 14.34
112.43 7.86
122.96 6.51
135.12 29.20
128.37 37.58
143.77 38.93
143.23 28.12
142.15 4.62
148.90 3.53
149.71 26.23
13.26 1.91
171.87 3.53
132.69 2.72
56.75 0.63
128.82 8.88
938.22 5.35
893.92 69.83
918.53 48.42
795.46 32.80
732.63 56.50
465.61 22.79
459.83 17.55
457.15 9.52
