796.29 335.46
808.93 412.60
750.40 435.88
696.53 393.98
703.85 386.00
744.42 330.80
695.20 336.12
656.63 342.77
645.99 427.90
681.90 445.19
626.04 403.29
595.44 344.10
493.69 336.12
454.45 404.62
407.89 447.19
554.87 441.87
570.84 306.86
601.43 302.20
598.10 318.16
584.14 318.16
577.49 303.53
610.07 282.25
646.65 286.91
655.30 288.24
664.61 297.55
674.59 303.53
697.20 282.25
673.26 277.60
683.23 290.23
727.79 293.56
707.17 302.20
613.40 299.54
621.38 326.15
645.32 311.51
594.78 280.26
578.82 285.58
565.52 282.25
557.53 296.22
548.89 284.25
534.92 316.83
530.27 292.89
523.62 289.57
504.99 324.15
495.68 310.18
417.87 334.79
421.86 318.16
385.28 325.48
396.59 325.48
388.61 344.10
657.96 273.61
646.65 265.62
642.00 258.97
631.36 258.97
629.36 272.27
643.33 275.60
592.12 262.96
604.09 265.62
616.06 263.63
627.37 247.00
610.74 249.66
649.98 239.69
667.94 245.67
683.90 260.97
699.86 256.98
711.83 265.62
716.49 258.97
723.80 260.97
721.81 272.94
713.83 274.94
737.77 260.97
743.09 268.28
445.80 299.54
473.74 299.54
450.46 311.51
429.84 285.58
438.49 289.57
415.21 291.56
397.92 288.24
399.25 302.87
384.62 282.92
388.61 259.64
387.28 254.98
402.57 250.33
398.58 236.36
403.90 230.38
420.53 235.03
402.57 262.96
409.22 252.32
413.88 258.97
411.22 267.62
403.24 272.94
396.59 276.93
417.87 278.26
423.86 262.96
435.16 265.62
442.48 247.00
451.79 260.97
455.11 291.56
463.09 284.91
473.74 274.94
487.70 284.25
497.68 279.59
495.02 303.53
508.32 275.60
520.29 276.93
538.25 272.94
556.20 272.94
546.23 265.62
493.69 262.96
507.65 228.38
542.90 251.66
528.27 251.66
467.09 251.66
476.40 256.98
491.03 253.65
421.20 225.72
442.48 225.72
435.16 230.38
439.82 231.04
429.84 233.70
384.62 221.06
437.16 217.07
441.15 213.08
409.89 213.08
403.90 216.41
473.07 214.41
461.76 217.74
473.07 225.72
691.88 243.01
597.44 221.06
577.49 219.07
588.13 213.08
595.44 215.08
601.43 212.42
603.42 221.06
621.38 224.39
626.70 227.05
634.02 226.39
638.01 225.72
637.34 237.69
647.98 227.05
652.64 216.41
645.99 213.08
660.62 235.03
674.59 229.05
689.22 226.39
703.18 233.04
702.52 240.35
722.47 231.71
735.77 249.66
743.09 251.66
651.31 249.66
647.32 245.67
581.48 247.00
565.52 243.01
582.14 230.38
566.85 268.28
510.98 243.01
568.84 221.06
560.19 222.39
551.55 223.06
561.52 235.03
831.54 292.89
820.90 292.89
810.93 270.28
802.94 291.56
788.98 288.90
755.06 288.24
747.74 281.59
758.38 278.26
740.43 280.26
759.72 268.28
748.41 264.29
758.38 251.66
763.04 256.98
777.01 260.97
796.29 276.93
774.35 273.61
820.90 263.63
819.40 241.52
813.42 233.53
824.39 231.21
816.41 222.89
806.44 231.21
797.13 217.24
787.15 269.12
795.13 262.47
806.44 263.80
810.09 255.81
813.75 248.17
790.47 248.83
796.46 255.15
785.49 245.17
774.18 239.52
781.83 241.18
796.46 236.53
775.84 248.83
755.23 241.18
759.55 229.88
756.89 221.90
724.63 217.91
742.59 229.88
740.26 218.24
764.87 209.26
781.50 209.26
632.85 295.72
509.15 261.80
504.50 245.84
519.79 246.50
520.12 258.14
541.07 225.55
527.77 227.88
474.23 290.40
682.73 244.18
743.25 279.76
532.59 213.58
567.51 202.94
572.17 210.26
527.27 213.58
517.63 213.58
638.34 206.93
646.32 207.93
656.96 210.26
542.24 312.35
498.68 294.06
461.76 264.46
468.75 263.13
449.13 233.53
607.41 227.22
685.56 201.94
678.58 206.60
670.60 207.60
810.93 218.90
709.17 205.93
759.05 216.24
781.66 220.57
781.00 229.88
825.39 183.24
754.89 192.13
758.88 199.78
762.54 198.45
742.59 188.14
821.07 213.42
608.25 198.45
593.95 201.11
585.63 203.11
517.46 208.10
492.19 232.70
487.20 216.08
482.55 211.75
448.96 203.11
447.96 212.09
800.28 189.81
806.93 187.15
797.62 185.82
787.65 188.48
786.98 183.82
792.97 182.49
520.96 197.79
505.66 197.79
508.32 195.79
510.31 193.80
493.69 195.79
488.37 195.79
483.71 196.46
477.06 205.10
392.60 203.11
689.88 193.80
699.19 193.80
705.18 194.46
751.07 185.82
755.72 183.82
469.08 305.53
459.10 321.49
461.10 338.12
818.24 191.80
824.89 191.14
776.34 188.48
657.29 201.11
661.95 201.11
665.94 193.13
650.64 193.13
642.66 196.46
643.33 191.80
640.00 191.80
633.35 197.79
628.03 193.80
561.52 200.45
534.26 193.13
537.58 199.12
549.55 198.45
548.89 202.44
542.24 196.46
546.23 195.79
495.68 207.10
497.01 202.44
439.15 205.10
729.79 197.79
719.81 197.79
734.44 202.44
740.43 205.77
747.08 211.75
713.83 221.06
700.52 213.08
715.16 211.75
624.04 202.44
632.69 214.41
626.04 213.75
612.07 204.44
617.39 213.75
570.84 197.79
579.48 196.46
592.12 196.46
598.77 193.80
606.75 194.46
616.06 193.13
504.99 209.09
510.98 211.75
455.78 198.45
463.76 203.77
473.07 197.79
425.85 202.44
425.85 196.46
431.17 195.79
433.83 205.10
418.54 205.10
412.55 205.10
403.90 203.11
771.69 181.83
777.67 181.83
775.68 177.84
783.66 177.84
786.32 177.84
798.29 180.50
827.55 204.44
622.71 241.68
614.07 231.71
608.74 237.69
587.46 225.72
598.77 241.68
600.10 247.00
591.45 240.35
592.78 251.66
574.83 241.02
580.15 239.69
573.50 235.03
556.20 262.96
537.58 238.36
550.22 240.35
481.05 249.00
767.70 174.51
777.67 173.18
761.05 183.82
724.47 187.15
730.45 187.15
733.78 187.15
717.15 183.82
709.83 183.82
704.51 183.82
679.91 189.81
558.86 191.80
570.84 189.14
579.48 191.80
499.67 193.80
524.95 191.80
397.25 224.39
392.60 214.41
397.92 216.41
427.18 212.42
420.53 209.09
481.72 219.07
488.37 225.72
497.01 221.73
504.33 221.73
471.08 230.38
457.11 238.36
463.09 240.35
469.08 239.69
499.67 227.05
518.96 231.04
526.28 218.40
568.18 228.38
609.41 214.41
665.28 221.06
675.92 221.06
768.36 244.34
725.80 252.32
731.78 242.35
721.14 242.35
712.50 249.00
741.09 291.56
765.04 291.56
597.44 189.14
590.12 189.14
687.22 187.15
699.19 185.82
798.95 175.18
815.58 182.49
811.59 179.17
804.27 179.17
679.24 272.27
666.61 260.97
657.96 256.98
