5.61 422.89
21.57 384.98
53.49 315.81
46.84 293.20
102.71 324.46
90.07 401.60
54.82 446.16
148.60 424.88
202.47 382.98
195.15 375.00
154.58 319.80
203.80 325.12
242.37 331.77
253.01 416.90
217.10 434.19
272.96 392.29
303.56 333.10
405.31 325.12
444.55 393.62
386.69 443.50
344.13 430.87
328.16 295.86
297.57 291.20
300.90 307.16
314.86 307.16
321.51 292.53
288.93 271.25
252.35 275.91
243.70 277.24
234.39 286.55
224.41 292.53
201.80 271.25
225.74 266.60
215.77 279.23
171.21 282.56
191.83 291.20
285.60 288.54
277.62 315.15
253.68 300.51
304.22 269.26
320.18 274.58
333.48 271.25
341.47 285.22
350.11 273.25
364.08 305.83
368.73 281.89
375.38 278.57
394.01 313.15
403.32 299.18
241.04 262.61
252.35 254.62
257.00 247.97
267.64 247.97
269.64 261.27
255.67 264.60
306.88 251.96
294.91 254.62
282.94 252.63
271.63 236.00
288.26 238.66
249.02 228.69
231.06 234.67
215.10 249.97
199.14 245.98
187.17 254.62
182.51 247.97
175.20 249.97
177.19 261.94
185.17 263.94
161.23 249.97
155.91 257.28
425.26 288.54
448.54 300.51
447.21 249.97
443.89 280.56
435.91 273.91
425.26 263.94
411.30 273.25
401.32 268.59
403.98 292.53
390.68 264.60
378.71 265.93
360.75 261.94
342.80 261.94
352.77 254.62
405.31 251.96
391.35 217.38
356.10 240.66
370.73 240.66
431.91 240.66
422.60 245.98
407.97 242.65
425.93 203.41
437.24 206.74
425.93 214.72
207.12 232.01
301.56 210.06
321.51 208.07
310.87 202.08
303.56 204.08
297.57 201.42
295.58 210.06
277.62 213.39
272.30 216.05
264.98 215.39
260.99 214.72
261.66 226.69
251.02 216.05
246.36 205.41
253.01 202.08
238.38 224.03
224.41 218.05
209.78 215.39
195.82 222.04
196.48 229.35
176.53 220.71
163.23 238.66
155.91 240.66
247.69 238.66
251.68 234.67
317.52 236.00
333.48 232.01
316.86 219.38
332.15 257.28
388.02 232.01
330.16 210.06
338.81 211.39
347.45 212.06
337.48 224.03
12.26 233.34
2.28 261.94
28.88 263.94
16.25 270.59
67.46 281.89
78.10 281.89
88.07 259.28
96.06 280.56
110.02 277.90
143.94 277.24
151.26 270.59
140.62 267.26
158.57 269.26
139.28 257.28
150.59 253.29
140.62 240.66
135.96 245.98
121.99 249.97
102.71 265.93
124.65 262.61
78.10 252.63
40.69 230.18
35.70 227.19
27.05 213.22
48.67 224.20
51.33 243.15
63.30 231.85
58.65 225.53
52.66 228.19
79.60 230.52
85.58 222.53
74.61 220.21
82.59 211.89
92.56 220.21
101.87 206.24
111.85 258.12
103.87 251.47
92.56 252.80
88.91 244.81
85.25 237.17
108.53 237.83
102.54 244.15
113.51 234.17
124.82 228.52
117.17 230.18
102.54 225.53
123.16 237.83
143.77 230.18
139.45 218.88
142.11 210.90
174.37 206.91
156.41 218.88
158.74 207.24
134.13 198.26
117.50 198.26
53.66 199.92
34.37 197.93
20.07 202.25
266.15 284.72
389.85 250.80
394.50 234.84
379.21 235.50
378.88 247.14
357.93 214.55
371.23 216.88
424.77 279.40
216.27 233.18
155.75 268.76
366.41 202.58
331.49 191.94
326.83 199.26
371.73 202.58
381.37 202.58
260.66 195.93
252.68 196.93
242.04 199.26
356.76 301.35
400.32 283.06
437.24 253.46
430.25 252.13
449.87 222.53
291.59 216.22
213.44 190.94
220.42 195.60
228.40 196.60
44.85 210.90
27.55 223.20
88.07 207.90
189.83 194.93
139.95 205.24
117.34 209.57
118.00 218.88
25.72 187.20
73.61 172.24
144.11 181.13
140.12 188.78
136.46 187.45
156.41 177.14
64.63 205.08
77.93 202.42
290.75 187.45
305.05 190.11
313.37 192.11
381.54 197.10
406.81 221.70
411.80 205.08
416.45 200.75
98.72 178.81
92.07 176.15
101.38 174.82
111.35 177.48
112.02 172.82
106.03 171.49
17.58 177.48
28.88 177.48
378.04 186.79
393.34 186.79
390.68 184.79
388.69 182.80
405.31 184.79
410.63 184.79
415.29 185.46
421.94 194.10
209.12 182.80
199.81 182.80
193.82 183.46
147.93 174.82
143.28 172.82
56.15 263.94
48.84 280.56
429.92 294.53
439.90 310.49
437.90 327.12
0.29 173.49
16.91 170.16
14.25 172.82
22.23 173.49
30.21 172.82
38.19 178.14
26.22 168.83
54.82 174.15
49.50 174.82
48.17 180.14
80.76 180.80
74.11 180.14
122.66 177.48
241.71 190.11
237.05 190.11
233.06 182.13
248.36 182.13
256.34 185.46
255.67 180.80
259.00 180.80
265.65 186.79
270.97 182.80
337.48 189.45
364.74 182.13
361.42 188.12
349.45 187.45
350.11 191.44
356.76 185.46
352.77 184.79
403.32 196.10
401.99 191.44
169.21 186.79
179.19 186.79
164.56 191.44
158.57 194.77
151.92 200.75
185.17 210.06
198.48 202.08
183.84 200.75
274.96 191.44
266.31 203.41
272.96 202.75
286.93 193.44
281.61 202.75
328.16 186.79
319.52 185.46
306.88 185.46
300.23 182.80
292.25 183.46
282.94 182.13
394.01 198.09
388.02 200.75
443.22 187.45
435.24 192.77
425.93 186.79
127.31 170.83
121.33 170.83
123.32 166.84
115.34 166.84
112.68 166.84
100.71 169.50
66.13 200.75
71.45 193.44
4.28 196.10
276.29 230.68
284.93 220.71
290.26 226.69
311.54 214.72
300.23 230.68
298.90 236.00
307.55 229.35
306.22 240.66
324.17 230.02
318.85 228.69
325.50 224.03
342.80 251.96
361.42 227.36
348.78 229.35
417.95 238.00
0.95 207.40
0.95 243.32
22.90 250.63
38.86 243.32
45.51 161.51
131.30 163.51
121.33 162.18
137.95 172.82
174.53 176.15
168.55 176.15
165.22 176.15
181.85 172.82
189.17 172.82
194.49 172.82
219.09 178.81
340.14 180.80
328.16 178.14
319.52 180.80
399.33 182.80
374.05 180.80
417.28 208.07
410.63 214.72
401.99 210.73
394.67 210.73
427.92 219.38
441.89 227.36
435.91 229.35
429.92 228.69
399.33 216.05
380.04 220.04
372.72 207.40
330.82 217.38
289.59 203.41
233.72 210.06
223.08 210.06
40.85 200.75
16.91 240.66
130.64 233.34
173.20 241.32
167.22 231.35
177.86 231.35
186.50 238.00
157.91 280.56
133.96 280.56
48.84 236.00
301.56 178.14
308.88 178.14
211.78 176.15
199.81 174.82
100.05 164.18
83.42 171.49
87.41 168.17
94.73 168.17
1.62 168.17
4.94 168.17
11.59 200.75
8.93 219.38
219.76 261.27
232.39 249.97
241.04 245.98
40.85 220.71
