31.97 442.91
57.24 424.28
31.97 375.07
11.35 372.41
199.57 412.98
129.74 375.07
68.55 348.47
231.49 343.81
224.84 321.20
280.71 352.46
268.07 429.60
380.47 410.98
373.15 403.00
332.58 347.80
381.80 353.12
420.37 359.77
431.01 444.90
3.87 295.09
3.21 259.85
29.48 288.78
59.74 293.43
66.06 280.46
53.42 268.49
66.39 266.83
71.71 277.80
79.02 266.83
63.40 255.19
41.12 245.55
25.49 250.20
5.87 242.22
1.88 235.24
93.32 261.84
94.99 299.42
113.94 289.44
110.62 267.16
136.55 247.21
119.26 262.17
134.23 277.80
93.99 242.22
430.35 303.91
421.70 305.24
412.39 314.55
402.41 320.53
379.80 299.25
403.74 294.60
393.77 307.23
349.21 310.56
369.83 319.20
431.68 328.51
419.04 290.61
430.35 282.62
435.00 275.97
445.64 275.97
447.64 289.27
433.67 292.60
449.63 264.00
427.02 256.69
409.06 262.67
393.10 277.97
377.14 273.98
365.17 282.62
360.51 275.97
353.20 277.97
355.19 289.94
363.17 291.94
339.23 277.97
333.91 285.28
385.12 260.01
442.98 243.39
438.99 242.72
439.66 254.69
429.02 244.05
424.36 233.41
431.01 230.08
416.38 252.03
402.41 246.05
387.78 243.39
373.82 250.04
374.48 257.35
354.53 248.71
341.23 266.66
333.91 268.66
425.69 266.66
429.68 262.67
15.34 275.31
136.39 236.07
190.26 261.34
148.36 289.94
124.42 277.97
117.76 273.31
131.73 264.67
146.36 266.66
180.28 289.94
206.88 291.94
194.25 298.59
245.46 309.89
256.10 309.89
266.07 287.28
274.06 308.56
288.02 305.90
321.94 305.24
329.26 298.59
318.62 295.26
336.57 297.26
317.28 285.28
328.59 281.29
318.62 268.66
313.96 273.98
299.99 277.97
280.71 293.93
302.65 290.61
256.10 280.63
26.15 236.57
63.73 225.59
77.69 231.91
92.99 225.59
83.68 226.26
87.01 222.27
112.94 227.92
100.97 228.92
95.32 218.94
28.48 228.92
8.19 228.25
218.69 258.18
213.70 255.19
205.05 241.22
226.67 252.20
229.33 271.15
241.30 259.85
236.65 253.53
230.66 256.19
257.60 258.52
263.58 250.53
252.61 248.21
260.59 239.89
270.56 248.21
279.87 234.24
289.85 286.12
281.87 279.47
270.56 280.80
266.91 272.81
263.25 265.17
286.53 265.83
280.54 272.15
291.51 262.17
302.82 256.52
295.17 258.18
280.54 253.53
301.16 265.83
321.77 258.18
317.45 246.88
320.11 238.90
352.37 234.91
334.41 246.88
336.74 235.24
312.13 226.26
295.50 226.26
231.66 227.92
212.37 225.93
198.07 230.25
161.49 230.25
129.90 224.26
114.61 249.54
85.01 251.20
84.01 239.56
75.70 241.22
51.76 235.57
60.07 241.22
75.70 257.52
37.46 230.58
444.15 312.72
394.27 261.18
333.75 296.76
438.66 223.93
430.68 224.93
420.04 227.26
391.44 218.94
398.42 223.60
406.40 224.60
222.85 238.90
205.55 251.20
266.07 235.90
367.83 222.93
317.95 233.24
295.34 237.57
296.00 246.88
174.13 265.91
157.17 248.29
166.98 254.28
146.03 234.82
203.72 215.20
119.59 243.97
112.44 240.97
251.61 200.24
322.11 209.13
318.12 216.78
314.46 215.45
334.41 205.14
242.63 233.08
255.93 230.42
276.72 206.81
270.07 204.15
279.38 202.82
289.35 205.48
290.02 200.82
284.03 199.49
148.36 202.82
153.01 202.15
159.00 202.15
163.65 201.49
195.58 205.48
206.88 205.48
387.12 210.80
377.81 210.80
371.82 211.46
325.93 202.82
321.28 200.82
234.15 291.94
226.84 308.56
178.29 201.49
170.30 202.82
137.05 197.50
145.03 198.16
129.07 198.16
134.39 196.17
75.87 198.83
69.88 201.49
83.18 200.82
0.71 192.84
20.66 196.17
24.66 196.83
62.56 194.84
56.58 200.82
49.93 200.82
47.27 196.17
42.61 196.17
51.92 192.84
194.91 198.16
192.25 200.82
200.23 201.49
208.21 200.82
216.19 206.14
204.22 196.83
232.82 202.15
227.50 202.82
226.17 208.14
258.76 208.80
252.11 208.14
300.66 205.48
419.71 218.11
415.05 218.11
411.06 210.13
426.36 210.13
434.34 213.46
433.67 208.80
437.00 208.80
443.65 214.79
448.97 210.80
347.21 214.79
357.19 214.79
342.56 219.44
336.57 222.77
329.92 228.75
363.17 238.06
376.48 230.08
361.84 228.75
444.31 231.41
305.31 198.83
299.33 198.83
301.32 194.84
293.34 194.84
290.68 194.84
278.71 197.50
149.02 197.50
159.66 196.83
1.38 200.82
6.03 198.16
11.35 192.18
4.70 219.44
0.71 215.45
8.69 276.64
8.69 271.32
41.95 268.66
39.29 256.69
49.26 259.35
67.22 309.89
96.48 289.94
244.13 228.75
249.45 221.44
182.28 224.10
147.69 221.44
151.68 222.10
156.34 222.10
163.65 222.77
169.64 225.43
178.95 235.40
172.30 234.74
172.97 247.38
45.27 224.10
178.95 271.32
200.90 278.63
216.86 271.32
31.97 193.51
28.65 203.48
7.36 200.82
111.78 196.17
121.75 204.15
126.41 204.15
134.39 204.15
223.51 189.51
309.30 191.51
299.33 190.18
315.95 200.82
352.53 204.15
346.55 204.15
343.22 204.15
359.85 200.82
367.17 200.82
372.49 200.82
397.09 206.81
411.72 238.06
401.08 238.06
218.85 228.75
10.02 219.44
23.32 222.10
154.34 273.31
145.70 275.97
162.32 280.63
165.65 273.31
160.99 264.00
156.34 262.67
194.91 268.66
308.64 261.34
351.20 269.32
345.22 259.35
355.86 259.35
364.50 266.00
335.91 308.56
311.96 308.56
226.84 264.00
59.24 219.44
67.22 220.11
74.54 220.77
18.00 210.80
389.78 204.15
377.81 202.82
278.05 192.18
261.42 199.49
265.41 196.17
272.73 196.17
174.96 194.84
179.62 196.17
169.64 196.17
182.94 196.17
95.82 194.17
85.18 194.84
76.53 189.51
71.21 192.84
67.22 189.51
59.90 188.85
48.60 280.63
34.63 273.31
19.33 216.12
25.99 212.79
19.33 205.48
103.80 262.67
101.80 252.03
189.59 228.75
186.93 247.38
397.76 289.27
410.39 277.97
419.04 273.98
218.85 248.71
16.01 228.75
68.55 210.13
73.87 210.13
