895.19 726.10
899.28 693.37
920.76 642.22
923.83 603.34
982.14 592.09
990.33 566.52
970.89 550.15
996.46 526.62
985.21 455.01
987.26 406.93
980.10 387.50
1014.88 480.59
1002.60 359.88
998.51 341.46
963.73 300.54
949.41 328.16
973.96 267.81
986.23 254.51
1004.65 241.21
991.35 173.69
967.82 204.38
948.38 218.70
945.32 245.30
964.75 123.57
983.17 114.36
952.48 113.34
943.27 100.04
1001.58 50.94
981.12 18.20
949.41 32.52
909.51 85.72
900.30 22.29
872.68 78.56
879.85 134.82
875.75 163.46
895.19 181.88
889.05 198.24
917.70 180.85
919.74 157.33
869.62 213.59
892.12 224.84
871.66 247.35
849.16 256.55
883.94 289.29
919.74 332.25
928.95 361.92
904.40 366.01
892.12 390.56
895.19 405.91
882.91 433.53
843.02 456.04
899.28 524.57
889.05 569.59
874.73 579.82
862.45 582.88
852.22 593.11
820.51 615.62
803.12 647.33
785.73 667.79
771.41 704.62
760.16 734.28
736.63 717.92
703.89 677.00
703.89 615.62
735.61 607.44
744.81 578.79
763.23 590.05
742.77 549.13
770.39 520.48
728.44 501.05
767.32 468.31
757.09 447.85
798.01 412.05
802.10 383.40
826.65 375.22
827.67 355.78
836.88 345.55
852.22 321.00
871.66 310.77
830.74 288.27
814.37 234.05
828.70 212.57
815.40 202.34
839.95 194.15
832.79 180.85
847.11 128.68
822.56 148.12
833.81 81.63
800.05 103.11
796.98 12.06
830.74 10.02
764.25 6.95
720.26 5.93
698.78 6.95
757.09 99.02
757.09 163.46
781.64 161.42
779.59 185.97
751.97 220.75
795.96 243.26
790.85 255.53
781.64 280.08
768.34 254.51
765.27 296.45
744.81 293.38
730.49 309.75
757.09 346.58
741.74 378.29
728.44 411.02
769.36 421.25
700.82 436.60
693.66 481.61
665.02 480.59
646.61 501.05
643.54 527.64
614.89 515.37
654.79 602.32
626.15 601.30
671.16 697.46
642.51 654.49
633.31 725.08
596.48 757.81
555.56 707.69
536.12 738.38
502.37 747.58
483.95 699.50
513.62 679.04
537.15 657.56
591.37 667.79
613.87 642.22
607.73 553.22
592.39 526.62
597.50 455.01
613.87 429.44
637.40 420.23
652.74 390.56
694.69 372.15
661.95 310.77
682.41 299.52
696.73 292.36
698.78 281.11
718.21 252.46
718.21 236.09
733.56 224.84
706.96 208.47
693.66 234.05
666.04 255.53
637.40 323.05
633.31 344.53
610.80 309.75
632.28 290.31
645.58 278.04
655.81 268.83
682.41 196.20
667.07 185.97
706.96 157.33
735.61 131.75
698.78 64.23
672.18 138.91
649.68 175.74
609.78 179.83
592.39 128.68
636.38 64.23
657.86 45.82
621.03 40.71
569.88 84.69
559.65 35.59
515.67 16.15
531.01 51.96
540.22 100.04
511.57 97.99
502.37 146.07
476.79 156.30
438.94 128.68
450.19 89.81
479.86 89.81
463.49 49.91
416.44 81.63
406.21 122.54
374.49 130.73
433.83 191.08
391.89 188.02
375.52 169.60
361.20 224.84
440.99 241.21
482.93 261.67
505.44 273.95
510.55 298.50
521.80 313.84
525.90 334.30
545.33 305.66
565.79 314.86
582.16 300.54
591.37 339.42
581.14 363.97
563.75 380.33
565.79 408.98
551.47 431.48
517.71 438.64
489.07 382.38
488.04 362.94
501.34 343.51
476.79 310.77
594.43 267.81
580.11 228.93
590.34 248.37
559.65 236.09
540.22 220.75
376.54 286.22
402.11 295.43
397.00 321.00
420.53 310.77
443.03 349.65
418.48 354.76
383.70 399.77
399.05 380.33
373.47 350.67
359.15 360.90
347.90 376.24
363.24 424.32
498.27 578.79
491.11 602.32
467.59 610.50
439.96 715.87
453.26 744.51
409.28 683.14
404.16 735.31
398.02 758.84
366.31 727.12
327.44 719.96
330.51 631.99
360.17 614.60
360.17 593.11
328.46 584.93
357.10 558.33
389.84 579.82
417.46 574.70
433.83 544.01
439.96 531.74
443.03 512.30
458.38 493.89
490.09 499.00
523.85 503.09
508.50 474.45
527.94 468.31
555.56 489.79
559.65 473.43
471.68 415.12
457.36 446.83
420.53 464.22
410.30 437.62
401.09 511.28
378.59 523.55
334.60 511.28
338.69 482.63
313.12 531.74
295.73 557.31
269.13 554.24
266.06 572.65
293.68 610.50
264.01 605.39
235.37 613.57
245.60 642.22
266.06 622.78
233.32 687.23
232.30 661.65
206.73 752.70
162.74 649.38
184.22 629.94
207.75 628.92
195.47 601.30
200.59 558.33
235.37 545.03
260.94 508.21
278.33 497.98
268.10 476.49
293.68 445.81
318.23 438.64
296.75 403.86
318.23 403.86
333.58 357.83
321.30 343.51
305.95 321.00
144.32 689.27
107.50 711.78
121.82 753.72
97.27 760.88
65.56 687.23
28.73 715.87
11.34 731.22
8.27 671.88
17.48 642.22
72.72 652.45
126.93 638.12
93.18 613.57
147.39 604.37
128.98 576.75
138.19 552.19
168.88 566.52
167.85 533.78
82.95 577.77
68.62 541.97
89.08 522.53
97.27 494.91
107.50 509.23
122.84 499.00
156.60 494.91
145.35 475.47
182.17 489.79
159.67 460.13
181.15 434.55
215.93 449.90
224.12 422.28
242.53 426.37
261.97 418.18
272.20 400.79
240.48 391.59
223.09 382.38
238.44 377.27
223.09 358.85
285.50 314.86
277.31 257.58
333.58 223.82
340.74 170.62
293.68 215.64
275.27 219.73
273.22 166.53
305.95 177.79
326.41 117.43
373.47 77.53
348.92 15.13
321.30 7.97
286.52 55.03
265.04 58.10
273.22 12.06
228.21 43.78
197.52 34.57
157.62 43.78
244.58 152.21
212.86 200.29
244.58 212.57
248.67 266.78
212.86 273.95
199.57 310.77
158.65 417.16
195.47 421.25
110.57 477.52
23.61 567.54
21.57 615.62
3.15 598.23
46.12 623.80
74.76 605.39
60.44 412.05
33.84 392.61
103.41 352.71
136.14 350.67
175.01 310.77
162.74 247.35
134.09 281.11
109.54 285.20
79.88 266.78
133.07 224.84
125.91 170.62
59.42 159.37
14.41 82.65
37.93 32.52
71.69 72.42
109.54 28.43
69.65 5.93
