106.5 489.5
108.0 426.5
127.0 375.5
155.5 421.5
160.0 340.5
174.5 499.5
211.5 439.5
242.5 401.5
220.0 349.0
230.0 486.5
292.5 496.5
320.5 390.0
356.0 498.0
284.0 261.5
283.5 225.0
279.5 161.0
256.5 141.5
228.0 113.0
231.0 150.5
229.0 181.5
202.0 151.5
194.0 182.0
176.5 218.5
155.5 173.5
170.0 153.0
177.5 125.0
149.0 133.0
140.0 146.0
133.5 192.5
123.5 180.5
111.0 157.0
102.0 133.5
76.0 171.0
77.5 197.5
109.0 223.5
153.0 77.0
207.5 68.0
114.0 50.0
82.0 48.0
86.0 39.5
97.0 33.0
104.5 30.5
115.0 9.5
151.0 12.5
213.5 311.0
127.0 137.0
125.5 118.0
