171.0 604.5
316.5 587.0
299.5 522.5
253.5 535.5
189.0 534.0
121.0 551.5
139.0 488.5
189.5 489.0
264.5 484.5
269.0 426.5
223.5 411.0
167.5 436.5
65.0 467.0
99.5 396.5
151.0 368.5
258.0 377.0
247.5 316.5
181.5 332.5
171.0 301.5
124.0 304.0
237.0 286.5
196.0 259.0
142.5 260.0
102.5 253.0
95.5 225.0
122.5 210.5
168.0 191.0
202.0 174.5
180.5 166.5
165.5 166.5
125.5 159.5
101.0 136.5
189.0 135.0
173.0 119.5
144.5 122.5
126.0 121.5
104.0 113.0
89.0 108.0
93.5 79.5
71.5 73.5
55.0 76.5
92.5 41.0
76.5 42.5
219.5 195.0
191.0 211.5
150.5 210.5
131.5 189.0
80.5 186.0
42.0 207.5
14.5 197.0
19.0 174.0
150.5 146.5
164.5 139.5
166.0 129.0
132.0 138.0
83.0 165.5
71.5 116.0
93.5 130.5
138.5 102.5
151.5 116.0
174.0 104.5
77.5 85.5
104.0 44.5
