234.5 557.0
221.0 446.5
177.5 521.0
135.5 542.5
109.0 483.5
65.0 440.5
112.0 402.5
152.5 390.5
186.5 371.0
242.0 301.0
233.5 245.5
224.5 193.5
200.5 181.0
148.0 237.0
142.0 271.0
80.0 298.0
65.0 259.0
63.5 234.0
47.5 206.5
78.5 199.5
81.5 216.0
104.5 232.5
125.5 213.0
108.5 195.0
113.0 143.5
128.0 124.5
132.5 143.5
168.5 109.0
166.0 187.5
137.5 166.0
66.5 48.0
86.5 55.5
64.0 85.5
74.5 101.5
71.5 110.5
83.0 92.5
127.0 122.5
133.0 93.0
105.5 97.0
84.5 92.5
94.0 93.0
166.0 111.0
126.5 121.0
134.0 139.5
166.0 461.0
91.0 188.5
143.0 205.0
124.0 200.5
