46.67 21.62
13.93 47.20
35.93 70.73
77.87 88.63
62.02 71.75
75.83 46.69
86.57 16.00
96.29 2.18
110.10 20.09
130.56 16.00
166.37 8.83
189.38 3.72
246.67 26.74
214.45 56.41
263.04 22.13
288.62 23.67
313.68 13.44
104.98 86.07
109.59 38.50
170.97 38.50
156.14 61.01
178.64 80.96
188.36 56.41
338.24 14.46
367.91 14.46
354.09 32.88
365.86 40.04
323.40 33.90
290.67 48.22
308.06 62.54
299.36 71.75
276.34 110.11
255.88 123.41
226.21 104.49
226.73 121.88
186.32 107.56
198.08 128.02
159.72 109.09
165.34 126.48
126.98 107.56
68.15 118.30
35.93 115.23
6.77 100.91
7.80 119.83
9.33 142.34
48.21 145.92
64.57 138.76
62.53 166.89
90.66 164.85
94.75 141.83
112.66 162.29
135.16 155.64
114.70 142.34
294.76 136.71
275.32 161.78
259.97 140.81
235.93 148.99
236.44 176.10
221.61 156.66
254.35 173.03
269.18 185.31
250.26 190.93
213.43 190.42
206.78 174.57
185.29 176.61
197.57 201.68
163.81 199.12
155.11 179.17
134.65 180.70
151.02 209.86
102.43 186.84
81.97 242.09
57.92 242.60
37.97 248.74
3.70 199.12
7.80 254.87
55.88 262.04
15.98 298.87
37.46 291.70
12.91 311.14
64.57 352.06
88.10 321.37
114.70 257.43
131.07 285.57
176.09 279.94
169.95 306.03
189.90 303.47
206.78 323.93
183.76 333.65
234.91 316.77
273.27 317.79
281.46 334.16
305.50 334.16
249.74 351.55
237.47 355.13
208.31 352.58
188.36 362.29
176.60 381.22
198.59 381.22
127.49 336.72
105.50 343.88
91.68 354.62
21.09 378.15
27.74 351.55
48.72 380.71
86.57 380.71
64.57 401.68
45.65 403.73
97.31 401.17
130.05 412.93
148.46 373.04
106.01 379.17
340.28 355.64
351.02 384.80
323.40 388.89
335.68 412.42
376.60 390.43
389.90 377.64
408.83 403.73
462.02 398.10
473.79 413.96
497.83 414.47
295.78 411.91
313.17 412.42
276.85 400.15
260.49 408.33
236.96 397.59
218.03 413.96
182.74 414.47
125.17 430.84
107.78 453.34
87.32 455.90
68.39 441.58
72.49 467.67
39.75 448.74
39.75 471.76
75.04 495.29
58.16 523.93
16.73 507.05
27.98 552.58
23.38 565.88
30.54 591.45
60.72 580.71
39.75 573.55
28.50 612.43
36.68 641.07
67.37 617.54
85.27 617.03
86.30 600.66
60.72 656.42
15.20 623.17
104.20 632.89
133.87 598.62
136.94 630.33
120.06 658.98
68.91 716.78
115.45 703.48
18.27 721.89
96.02 743.38
115.45 736.21
155.35 725.47
132.33 710.13
138.47 687.11
144.61 654.37
18.54 753.10
50.25 745.42
75.83 765.88
107.03 764.35
136.70 765.88
168.92 757.19
191.43 745.42
212.91 742.35
241.05 763.33
239.00 738.26
262.53 721.89
242.58 705.52
248.21 689.67
215.98 707.57
210.87 682.51
215.98 652.84
186.32 668.69
177.62 616.52
237.47 637.49
311.64 661.02
331.08 687.11
312.15 691.20
300.38 688.64
312.66 753.10
280.95 760.26
293.22 761.79
352.05 738.77
331.08 747.98
344.38 717.29
378.65 709.62
364.32 681.48
413.43 738.26
436.45 724.45
427.24 695.80
464.07 716.78
460.49 733.66
434.40 759.74
483.51 716.27
469.70 756.68
432.36 652.84
326.47 594.01
389.39 610.38
398.08 599.13
353.07 595.55
351.02 570.99
375.58 574.06
391.95 557.18
380.69 530.58
421.10 546.95
428.26 535.70
445.14 530.58
407.29 510.63
390.92 488.13
404.22 481.99
386.83 462.55
360.74 467.67
346.93 470.22
326.47 535.70
346.93 524.96
318.80 562.81
304.48 581.74
296.29 565.37
276.85 579.69
291.69 535.70
242.58 573.55
254.35 575.60
245.65 539.28
238.49 554.63
226.21 562.81
224.68 518.31
190.41 552.58
172.50 559.74
158.18 535.70
116.75 539.28
97.31 505.52
103.96 493.75
71.74 512.68
114.70 485.57
137.21 478.41
133.63 505.52
143.35 451.81
159.21 439.02
173.02 482.50
187.85 466.13
187.34 492.73
205.24 482.50
215.98 469.71
171.99 505.52
160.23 516.26
254.86 489.66
257.42 508.08
261.00 478.41
253.84 462.55
277.88 458.97
235.93 431.86
212.40 432.37
293.22 471.76
307.55 472.27
283.50 483.01
259.97 672.79
283.50 668.18
434.91 484.04
461.51 481.99
440.54 456.93
420.59 456.93
415.99 431.86
388.88 441.07
363.81 442.60
337.21 446.18
308.57 451.81
292.71 454.37
290.15 424.70
268.67 427.26
458.96 448.74
475.84 446.18
475.32 508.08
483.00 525.98
507.04 501.94
497.83 475.85
483.00 557.18
508.57 552.07
510.62 521.38
506.02 579.69
488.62 579.69
480.44 591.97
446.68 560.76
443.10 595.04
459.98 611.40
463.05 628.28
418.55 607.82
404.73 573.55
424.17 564.86
509.08 611.40
486.58 609.87
503.97 675.34
416.50 624.19
548.71 437.49
526.72 437.49
577.36 462.55
612.14 480.46
573.78 492.22
604.98 452.83
643.85 476.87
665.85 495.29
635.16 507.05
707.79 514.73
689.38 491.71
733.88 510.63
695.01 528.54
656.64 522.91
633.62 533.14
604.98 522.40
582.98 538.26
558.94 546.44
532.34 578.67
555.36 573.55
601.91 563.32
604.98 590.43
619.81 618.05
594.75 656.42
570.71 660.00
564.57 627.77
517.00 642.61
524.67 675.86
605.49 680.97
635.67 679.95
632.09 646.19
655.62 671.76
639.76 705.01
658.69 701.94
668.92 701.94
685.80 702.97
707.79 688.13
620.84 711.92
540.02 762.05
520.58 735.45
759.97 709.87
740.53 718.06
697.56 723.17
665.85 617.03
636.69 585.83
626.97 552.07
661.76 556.16
674.55 584.29
692.45 603.22
719.56 550.02
686.31 573.55
728.77 597.59
753.83 591.97
766.11 554.11
731.84 573.55
797.82 555.65
812.66 541.33
772.25 533.14
756.90 549.51
817.77 559.74
834.14 556.67
860.74 580.71
828.51 585.32
809.08 587.87
786.57 595.55
785.55 611.40
797.31 638.51
737.97 617.54
768.15 661.02
729.28 656.42
737.46 676.88
779.92 684.04
791.68 677.90
781.96 708.59
817.77 700.41
841.81 703.99
838.23 674.32
824.42 640.05
840.28 634.93
822.37 608.34
855.11 604.75
884.27 599.13
880.18 629.31
907.29 618.57
920.08 593.50
938.49 589.92
929.28 616.52
902.68 582.76
929.28 651.30
925.19 668.69
905.75 690.69
913.94 711.15
879.66 688.64
886.83 720.36
857.16 673.30
954.08 653.86
969.42 643.63
981.19 618.57
1000.11 638.51
980.67 665.11
995.00 699.39
1018.02 669.21
229.52 75.84
350.24 86.58
311.37 94.77
330.80 111.65
353.82 109.09
379.91 104.49
330.29 127.51
370.70 131.09
353.82 152.57
338.99 161.78
313.92 165.36
354.85 179.17
336.43 187.35
292.44 187.35
256.63 213.95
238.22 212.42
225.94 228.28
196.27 227.25
230.55 239.53
265.33 241.58
280.68 234.41
277.61 255.90
312.90 237.99
307.27 265.62
318.02 284.54
348.71 275.34
363.03 260.50
373.26 301.42
381.96 279.94
396.79 296.82
419.30 295.28
411.62 324.95
439.76 317.79
460.22 316.77
455.62 351.55
483.75 335.18
492.44 315.23
511.88 337.23
510.35 306.03
531.83 330.58
536.95 352.06
520.07 366.39
545.13 384.80
571.22 373.55
574.80 347.46
587.08 395.54
622.88 399.12
656.64 397.59
632.09 374.57
610.61 347.97
601.40 373.93
591.42 329.94
559.45 358.59
657.67 337.10
621.86 321.76
611.88 304.36
566.61 298.99
545.13 316.39
540.02 299.50
668.15 318.18
696.80 332.50
674.80 367.03
711.63 386.21
706.00 405.90
723.65 398.23
693.98 435.57
722.37 426.87
721.35 448.36
645.90 414.34
667.90 420.22
746.16 434.16
777.36 434.67
788.61 476.11
796.80 453.09
764.57 452.07
736.95 387.61
753.32 379.43
742.58 355.90
731.84 333.90
709.84 363.06
728.26 301.68
695.01 312.93
700.63 294.52
714.96 283.78
751.27 302.70
749.23 323.16
762.02 326.23
795.78 325.72
811.63 316.00
813.17 357.95
785.55 357.95
800.89 398.36
778.38 402.96
830.05 419.84
847.44 410.63
832.61 451.04
819.31 474.06
850.00 481.22
830.56 508.33
680.68 261.27
664.83 214.21
622.37 222.90
652.04 196.31
617.26 192.73
454.59 192.73
477.61 184.03
398.84 34.92
420.83 33.90
484.77 24.18
523.65 37.48
546.15 29.29
560.48 70.22
507.79 45.66
462.26 42.08
438.74 4.23
410.60 8.83
556.38 101.93
503.19 65.10
494.49 89.65
483.75 76.87
462.26 104.49
448.97 100.40
446.41 123.93
407.02 77.38
415.21 53.85
406.00 98.35
420.83 123.41
399.35 124.44
404.46 149.50
438.22 148.48
473.01 111.14
493.47 140.81
504.72 126.99
517.51 114.72
528.25 110.11
537.46 130.58
560.48 129.04
581.45 107.56
596.79 82.49
606.51 94.77
619.81 99.37
644.37 101.93
637.72 124.44
664.32 113.18
587.08 136.20
562.52 157.69
591.17 156.15
553.83 181.73
531.83 183.26
521.60 157.69
502.16 158.71
502.16 179.17
469.43 165.87
460.73 166.38
448.97 166.89
399.35 179.17
378.89 179.68
376.84 203.21
362.52 204.75
358.43 224.18
328.76 209.86
326.71 224.18
315.46 214.46
390.65 223.67
418.79 220.09
397.81 199.12
437.71 222.65
471.47 213.44
460.73 238.51
439.76 246.18
403.44 251.29
400.37 270.22
455.10 264.59
470.45 259.99
424.41 264.59
508.81 256.92
488.35 234.93
504.21 226.23
528.76 230.83
518.53 211.91
546.67 202.70
557.92 222.65
576.85 197.58
602.93 224.70
590.14 246.69
613.16 246.69
619.81 239.53
562.01 255.90
545.64 262.04
521.09 283.01
479.15 288.12
622.88 271.24
632.60 269.20
624.42 295.80
582.47 173.03
611.63 170.99
632.60 166.38
624.93 148.99
633.62 146.94
664.32 143.36
658.69 165.87
679.15 141.32
701.66 165.87
686.82 184.80
710.35 201.68
695.01 215.49
704.73 236.97
714.96 137.23
677.10 245.16
647.44 291.70
748.44 173.54
778.11 173.03
804.20 195.03
773.51 204.75
739.75 204.23
833.87 197.07
857.40 212.42
834.89 220.09
817.50 220.09
796.53 222.65
763.79 227.25
725.94 247.71
880.93 242.09
860.47 237.99
789.88 246.69
766.35 247.20
742.31 255.90
949.98 258.46
916.73 261.01
888.09 265.11
861.49 268.17
849.73 266.64
806.76 278.92
779.14 277.89
753.05 283.01
985.28 274.31
949.98 279.43
929.01 280.96
873.77 288.12
901.90 308.07
998.07 294.77
988.35 324.44
860.98 317.28
882.46 337.74
866.09 309.10
844.61 334.67
939.75 357.18
908.04 375.08
918.27 361.78
864.05 385.31
865.58 372.52
874.28 410.38
909.57 411.91
870.70 438.00
853.31 447.72
875.30 469.20
900.88 440.56
930.55 426.23
921.85 453.86
960.21 459.99
958.17 475.85
959.19 429.30
954.59 401.17
978.63 398.61
935.66 401.17
946.91 382.75
968.91 380.71
983.23 372.52
1011.88 393.50
1016.99 363.32
1016.99 422.14
996.02 425.72
991.42 453.34
1020.06 447.72
969.42 476.87
927.24 203.21
934.91 183.26
957.93 177.64
902.68 140.29
882.22 155.64
876.08 132.62
888.36 116.25
947.70 115.23
845.90 129.55
780.43 112.67
815.21 110.11
824.93 105.51
880.69 102.95
903.19 96.82
952.81 87.61
948.21 62.54
920.59 69.70
895.01 73.80
862.27 69.70
831.58 73.29
785.03 82.49
755.37 89.65
739.00 87.61
829.54 48.22
878.64 50.27
943.60 48.22
953.84 23.67
902.68 25.20
870.46 25.20
857.67 35.94
830.56 40.04
793.73 38.50
744.62 43.62
734.39 71.75
703.19 68.17
713.42 44.64
700.63 47.20
676.59 50.27
625.95 28.78
708.31 19.58
729.79 20.09
760.99 12.41
797.82 10.88
816.75 10.88
838.74 5.76
877.11 9.35
925.43 0.65
967.89 0.14
987.84 0.14
988.35 1.67
966.86 1.67
697.80 5.25
665.58 17.02
624.66 7.30
582.71 10.88
657.67 4.23
