977.33 21.62
1010.07 47.20
988.07 70.73
946.13 88.63
961.98 71.75
948.17 46.69
937.43 16.00
927.71 2.18
913.90 20.09
893.44 16.00
857.63 8.83
834.62 3.72
777.33 26.74
809.55 56.41
760.96 22.13
735.38 23.67
710.32 13.44
919.02 86.07
914.41 38.50
853.03 38.50
867.86 61.01
845.36 80.96
835.64 56.41
685.76 14.46
656.09 14.46
669.91 32.88
658.14 40.04
700.60 33.90
733.33 48.22
715.94 62.54
724.64 71.75
747.66 110.11
768.12 123.41
797.79 104.49
797.27 121.88
837.68 107.56
825.92 128.02
864.28 109.09
858.66 126.48
897.02 107.56
955.85 118.30
988.07 115.23
1017.23 100.91
1016.20 119.83
1014.67 142.34
975.79 145.92
959.43 138.76
961.47 166.89
933.34 164.85
929.25 141.83
911.34 162.29
888.84 155.64
909.30 142.34
729.24 136.71
748.68 161.78
764.03 140.81
788.07 148.99
787.56 176.10
802.39 156.66
769.65 173.03
754.82 185.31
773.74 190.93
810.57 190.42
817.22 174.57
838.71 176.61
826.43 201.68
860.19 199.12
868.89 179.17
889.35 180.70
872.98 209.86
921.57 186.84
942.03 242.09
966.08 242.60
986.03 248.74
1020.30 199.12
1016.20 254.87
968.12 262.04
1008.02 298.87
986.54 291.70
1011.09 311.14
959.43 352.06
935.90 321.37
909.30 257.43
892.93 285.57
847.91 279.94
854.05 306.03
834.10 303.47
817.22 323.93
840.24 333.65
789.09 316.77
750.73 317.79
742.54 334.16
718.50 334.16
774.26 351.55
786.53 355.13
815.69 352.58
835.64 362.29
847.40 381.22
825.41 381.22
896.51 336.72
918.50 343.88
932.32 354.62
1002.91 378.15
996.26 351.55
975.28 380.71
937.43 380.71
959.43 401.68
978.35 403.73
926.69 401.17
893.95 412.93
875.54 373.04
917.99 379.17
683.72 355.64
672.98 384.80
700.60 388.89
688.32 412.42
647.40 390.43
634.10 377.64
615.17 403.73
561.98 398.10
550.21 413.96
526.17 414.47
728.22 411.91
710.83 412.42
747.15 400.15
763.51 408.33
787.04 397.59
805.97 413.96
841.26 414.47
898.83 430.84
916.22 453.34
936.68 455.90
955.61 441.58
951.51 467.67
984.25 448.74
984.25 471.76
948.96 495.29
965.84 523.93
1007.27 507.05
996.02 552.58
1000.62 565.88
993.46 591.45
963.28 580.71
984.25 573.55
995.50 612.43
987.32 641.07
956.63 617.54
938.73 617.03
937.70 600.66
963.28 656.42
1008.80 623.17
919.80 632.89
890.13 598.62
887.06 630.33
903.94 658.98
955.09 716.78
908.55 703.48
1005.73 721.89
927.98 743.38
908.55 736.21
868.65 725.47
891.67 710.13
885.53 687.11
879.39 654.37
1005.46 753.10
973.75 745.42
948.17 765.88
916.97 764.35
887.30 765.88
855.08 757.19
832.57 745.42
811.09 742.35
782.95 763.33
785.00 738.26
761.47 721.89
781.42 705.52
775.79 689.67
808.02 707.57
813.13 682.51
808.02 652.84
837.68 668.69
846.38 616.52
786.53 637.49
712.36 661.02
692.92 687.11
711.85 691.20
723.62 688.64
711.34 753.10
743.05 760.26
730.78 761.79
671.95 738.77
692.92 747.98
679.62 717.29
645.35 709.62
659.68 681.48
610.57 738.26
587.55 724.45
596.76 695.80
559.93 716.78
563.51 733.66
589.60 759.74
540.49 716.27
554.30 756.68
591.64 652.84
697.53 594.01
634.61 610.38
625.92 599.13
670.93 595.55
672.98 570.99
648.42 574.06
632.05 557.18
643.31 530.58
602.90 546.95
595.74 535.70
578.86 530.58
616.71 510.63
633.08 488.13
619.78 481.99
637.17 462.55
663.26 467.67
677.07 470.22
697.53 535.70
677.07 524.96
705.20 562.81
719.52 581.74
727.71 565.37
747.15 579.69
732.31 535.70
781.42 573.55
769.65 575.60
778.35 539.28
785.51 554.63
797.79 562.81
799.32 518.31
833.59 552.58
851.50 559.74
865.82 535.70
907.25 539.28
926.69 505.52
920.04 493.75
952.26 512.68
909.30 485.57
886.79 478.41
890.37 505.52
880.65 451.81
864.79 439.02
850.98 482.50
836.15 466.13
836.66 492.73
818.76 482.50
808.02 469.71
852.01 505.52
863.77 516.26
769.14 489.66
766.58 508.08
763.00 478.41
770.16 462.55
746.12 458.97
788.07 431.86
811.60 432.37
730.78 471.76
716.45 472.27
740.50 483.01
764.03 672.79
740.50 668.18
589.09 484.04
562.49 481.99
583.46 456.93
603.41 456.93
608.01 431.86
635.12 441.07
660.19 442.60
686.79 446.18
715.43 451.81
731.29 454.37
733.85 424.70
755.33 427.26
565.04 448.74
548.16 446.18
548.68 508.08
541.00 525.98
516.96 501.94
526.17 475.85
541.00 557.18
515.43 552.07
513.38 521.38
517.98 579.69
535.38 579.69
543.56 591.97
577.32 560.76
580.90 595.04
564.02 611.40
560.95 628.28
605.45 607.82
619.27 573.55
599.83 564.86
514.92 611.40
537.42 609.87
520.03 675.34
607.50 624.19
475.29 437.49
497.28 437.49
446.64 462.55
411.86 480.46
450.22 492.22
419.02 452.83
380.15 476.87
358.15 495.29
388.84 507.05
316.21 514.73
334.62 491.71
290.12 510.63
328.99 528.54
367.36 522.91
390.38 533.14
419.02 522.40
441.02 538.26
465.06 546.44
491.66 578.67
468.64 573.55
422.09 563.32
419.02 590.43
404.19 618.05
429.25 656.42
453.29 660.00
459.43 627.77
507.00 642.61
499.33 675.86
418.51 680.97
388.33 679.95
391.91 646.19
368.38 671.76
384.24 705.01
365.31 701.94
355.08 701.94
338.20 702.97
316.21 688.13
403.16 711.92
483.98 762.05
503.42 735.45
264.03 709.87
283.47 718.06
326.44 723.17
358.15 617.03
387.31 585.83
397.03 552.07
362.24 556.16
349.45 584.29
331.55 603.22
304.44 550.02
337.69 573.55
295.23 597.59
270.17 591.97
257.89 554.11
292.16 573.55
226.18 555.65
211.34 541.33
251.75 533.14
267.10 549.51
206.23 559.74
189.86 556.67
163.26 580.71
195.49 585.32
214.92 587.87
237.43 595.55
238.45 611.40
226.69 638.51
286.03 617.54
255.85 661.02
294.72 656.42
286.54 676.88
244.08 684.04
232.32 677.90
242.04 708.59
206.23 700.41
182.19 703.99
185.77 674.32
199.58 640.05
183.72 634.93
201.63 608.34
168.89 604.75
139.73 599.13
143.82 629.31
116.71 618.57
103.92 593.50
85.51 589.92
94.72 616.52
121.32 582.76
94.72 651.30
98.81 668.69
118.25 690.69
110.06 711.15
144.34 688.64
137.17 720.36
166.84 673.30
69.92 653.86
54.58 643.63
42.81 618.57
23.89 638.51
43.33 665.11
29.00 699.39
5.98 669.21
794.48 75.84
673.76 86.58
712.63 94.77
693.20 111.65
670.18 109.09
644.09 104.49
693.71 127.51
653.30 131.09
670.18 152.57
685.01 161.78
710.08 165.36
669.15 179.17
687.57 187.35
731.56 187.35
767.37 213.95
785.78 212.42
798.06 228.28
827.73 227.25
793.45 239.53
758.67 241.58
743.32 234.41
746.39 255.90
711.10 237.99
716.73 265.62
705.98 284.54
675.29 275.34
660.97 260.50
650.74 301.42
642.04 279.94
627.21 296.82
604.70 295.28
612.38 324.95
584.24 317.79
563.78 316.77
568.38 351.55
540.25 335.18
531.56 315.23
512.12 337.23
513.65 306.03
492.17 330.58
487.05 352.06
503.93 366.39
478.87 384.80
452.78 373.55
449.20 347.46
436.92 395.54
401.12 399.12
367.36 397.59
391.91 374.57
413.39 347.97
422.60 373.93
432.58 329.94
464.55 358.59
366.33 337.10
402.14 321.76
412.12 304.36
457.39 298.99
478.87 316.39
483.98 299.50
355.85 318.18
327.20 332.50
349.20 367.03
312.37 386.21
318.00 405.90
300.35 398.23
330.02 435.57
301.63 426.87
302.65 448.36
378.10 414.34
356.10 420.22
277.84 434.16
246.64 434.67
235.39 476.11
227.20 453.09
259.43 452.07
287.05 387.61
270.68 379.43
281.42 355.90
292.16 333.90
314.16 363.06
295.74 301.68
328.99 312.93
323.37 294.52
309.04 283.78
272.73 302.70
274.77 323.16
261.98 326.23
228.22 325.72
212.37 316.00
210.83 357.95
238.45 357.95
223.11 398.36
245.62 402.96
193.95 419.84
176.56 410.63
191.39 451.04
204.69 474.06
174.00 481.22
193.44 508.33
343.32 261.27
359.17 214.21
401.63 222.90
371.96 196.31
406.74 192.73
569.41 192.73
546.39 184.03
625.16 34.92
603.17 33.90
539.23 24.18
500.35 37.48
477.85 29.29
463.52 70.22
516.21 45.66
561.74 42.08
585.26 4.23
613.40 8.83
467.62 101.93
520.81 65.10
529.51 89.65
540.25 76.87
561.74 104.49
575.03 100.40
577.59 123.93
616.98 77.38
608.79 53.85
618.00 98.35
603.17 123.41
624.65 124.44
619.54 149.50
585.78 148.48
550.99 111.14
530.53 140.81
519.28 126.99
506.49 114.72
495.75 110.11
486.54 130.58
463.52 129.04
442.55 107.56
427.21 82.49
417.49 94.77
404.19 99.37
379.63 101.93
386.28 124.44
359.68 113.18
436.92 136.20
461.48 157.69
432.83 156.15
470.17 181.73
492.17 183.26
502.40 157.69
521.84 158.71
521.84 179.17
554.57 165.87
563.27 166.38
575.03 166.89
624.65 179.17
645.11 179.68
647.16 203.21
661.48 204.75
665.57 224.18
695.24 209.86
697.29 224.18
708.54 214.46
633.35 223.67
605.21 220.09
626.19 199.12
586.29 222.65
552.53 213.44
563.27 238.51
584.24 246.18
620.56 251.29
623.63 270.22
568.90 264.59
553.55 259.99
599.59 264.59
515.19 256.92
535.65 234.93
519.79 226.23
495.24 230.83
505.47 211.91
477.33 202.70
466.08 222.65
447.15 197.58
421.07 224.70
433.86 246.69
410.84 246.69
404.19 239.53
461.99 255.90
478.36 262.04
502.91 283.01
544.85 288.12
401.12 271.24
391.40 269.20
399.58 295.80
441.53 173.03
412.37 170.99
391.40 166.38
399.07 148.99
390.38 146.94
359.68 143.36
365.31 165.87
344.85 141.32
322.34 165.87
337.18 184.80
313.65 201.68
328.99 215.49
319.27 236.97
309.04 137.23
346.90 245.16
376.56 291.70
275.56 173.54
245.89 173.03
219.80 195.03
250.49 204.75
284.25 204.23
190.13 197.07
166.60 212.42
189.11 220.09
206.50 220.09
227.47 222.65
260.21 227.25
298.06 247.71
143.07 242.09
163.53 237.99
234.12 246.69
257.65 247.20
281.69 255.90
74.02 258.46
107.27 261.01
135.91 265.11
162.51 268.17
174.27 266.64
217.24 278.92
244.86 277.89
270.95 283.01
38.72 274.31
74.02 279.43
94.99 280.96
150.23 288.12
122.10 308.07
25.93 294.77
35.65 324.44
163.02 317.28
141.54 337.74
157.91 309.10
179.39 334.67
84.25 357.18
115.96 375.08
105.73 361.78
159.95 385.31
158.42 372.52
149.72 410.38
114.43 411.91
153.30 438.00
170.69 447.72
148.70 469.20
123.12 440.56
93.45 426.23
102.15 453.86
63.79 459.99
65.83 475.85
64.81 429.30
69.41 401.17
45.37 398.61
88.34 401.17
77.09 382.75
55.09 380.71
40.77 372.52
12.12 393.50
7.01 363.32
7.01 422.14
27.98 425.72
32.58 453.34
3.94 447.72
54.58 476.87
96.76 203.21
89.09 183.26
66.07 177.64
121.32 140.29
141.78 155.64
147.92 132.62
135.64 116.25
76.30 115.23
178.10 129.55
243.57 112.67
208.79 110.11
199.07 105.51
143.31 102.95
120.81 96.82
71.19 87.61
75.79 62.54
103.41 69.70
128.99 73.80
161.73 69.70
192.42 73.29
238.97 82.49
268.63 89.65
285.00 87.61
194.46 48.22
145.36 50.27
80.40 48.22
70.16 23.67
121.32 25.20
153.54 25.20
166.33 35.94
193.44 40.04
230.27 38.50
279.38 43.62
289.61 71.75
320.81 68.17
310.58 44.64
323.37 47.20
347.41 50.27
398.05 28.78
315.69 19.58
294.21 20.09
263.01 12.41
226.18 10.88
207.25 10.88
185.26 5.76
146.89 9.35
98.57 0.65
56.11 0.14
36.16 0.14
35.65 1.67
57.14 1.67
326.20 5.25
358.42 17.02
399.34 7.30
441.29 10.88
366.33 4.23
