99.34 24.11
78.88 37.41
49.21 18.49
49.73 35.88
9.32 21.56
21.08 42.02
117.76 50.71
98.32 75.78
82.97 54.81
58.93 62.99
59.44 90.10
44.61 70.66
77.35 87.03
92.18 99.31
73.26 104.93
36.43 104.42
29.78 88.57
8.29 90.61
20.57 115.68
12.90 217.47
29.78 237.93
6.76 247.65
57.91 230.77
96.27 231.79
104.46 248.16
128.50 248.16
72.74 265.55
60.47 269.13
31.31 266.58
11.36 276.29
21.59 295.22
163.28 269.64
174.02 298.80
146.40 302.89
158.68 326.42
199.60 304.43
212.90 291.64
231.83 317.73
285.02 312.10
296.79 327.96
320.83 328.47
118.78 325.91
136.17 326.42
99.85 314.15
83.49 322.33
59.96 311.59
41.03 327.96
5.74 328.47
71.21 603.67
33.87 596.51
38.98 566.84
9.32 582.69
0.62 530.52
60.47 551.49
134.64 575.02
154.08 601.11
135.15 605.20
123.38 602.64
187.32 595.48
250.24 609.80
255.36 566.84
149.47 508.01
212.39 524.38
221.08 513.13
176.07 509.55
174.02 484.99
198.58 488.06
214.95 471.18
203.69 444.58
244.10 460.95
251.26 449.70
268.14 444.58
230.29 424.63
213.92 402.13
227.22 395.99
209.83 376.55
183.74 381.67
169.93 384.22
149.47 449.70
169.93 438.96
141.80 476.81
127.48 495.74
119.29 479.37
99.85 493.69
114.69 449.70
65.58 487.55
77.35 489.60
68.65 453.28
61.49 468.63
49.21 476.81
47.68 432.31
13.41 466.58
10.85 380.13
10.34 406.73
28.24 396.50
38.98 383.71
77.86 403.66
80.42 422.08
84.00 392.41
76.84 376.55
100.88 372.97
58.93 345.86
35.40 346.37
116.22 385.76
130.55 386.27
106.50 397.01
82.97 586.79
106.50 582.18
257.91 398.04
284.51 395.99
263.54 370.93
243.59 370.93
238.99 345.86
211.88 355.07
186.81 356.60
160.21 360.18
131.57 365.81
115.71 368.37
113.15 338.70
91.67 341.26
281.96 362.74
298.84 360.18
298.32 422.08
306.00 439.98
330.04 415.94
320.83 389.85
306.00 471.18
331.57 466.07
333.62 435.38
329.02 493.69
311.62 493.69
303.44 505.97
269.68 474.76
266.10 509.04
282.98 525.40
286.05 542.28
241.55 521.82
227.73 487.55
247.17 478.86
332.08 525.40
309.58 523.87
326.97 589.34
239.50 538.19
371.71 351.49
349.72 351.49
400.36 376.55
435.14 394.46
396.78 406.22
427.98 366.83
466.85 390.87
488.85 409.29
458.16 421.05
530.79 428.73
512.38 405.71
556.88 424.63
518.01 442.54
479.64 436.91
456.62 447.14
427.98 436.40
405.98 452.26
381.94 460.44
355.34 492.67
378.36 487.55
424.91 477.32
427.98 504.43
442.81 532.05
417.75 570.42
393.71 574.00
387.57 541.77
340.00 556.61
347.67 589.86
428.49 594.97
458.67 593.95
455.09 560.19
478.62 585.76
530.79 602.13
488.85 531.03
459.69 499.83
449.97 466.07
484.76 470.16
497.55 498.29
515.45 517.22
542.56 464.02
509.31 487.55
551.77 511.59
576.83 505.97
589.11 468.11
554.84 487.55
595.25 447.14
579.90 463.51
609.57 509.55
608.55 525.40
560.97 531.54
591.15 575.02
552.28 570.42
560.46 590.88
602.92 598.04
173.24 0.58
134.37 8.77
153.80 25.65
176.82 23.09
202.91 18.49
153.29 41.51
193.70 45.09
176.82 66.57
161.99 75.78
136.92 79.36
177.85 93.17
159.43 101.35
115.44 101.35
79.63 127.95
61.22 126.42
48.94 142.28
19.27 141.25
53.55 153.53
88.33 155.58
103.68 148.41
100.61 169.90
135.90 151.99
130.27 179.62
141.02 198.54
171.71 189.34
186.03 174.50
196.26 215.42
204.96 193.94
219.79 210.82
242.30 209.28
234.62 238.95
262.76 231.79
283.22 230.77
278.62 265.55
306.75 249.18
315.44 229.23
334.88 251.23
333.35 220.03
354.83 244.58
359.95 266.06
343.07 280.39
368.13 298.80
394.22 287.55
397.80 261.46
410.08 309.54
445.88 313.12
479.64 311.59
455.09 288.57
433.61 261.97
424.40 287.93
414.42 243.94
382.45 272.59
480.67 251.10
444.86 235.76
434.88 218.36
389.61 212.99
368.13 230.39
363.02 213.50
491.15 232.18
519.80 246.50
497.80 281.03
534.63 300.21
529.00 319.90
546.65 312.23
516.98 349.57
545.37 340.87
544.35 362.36
468.90 328.34
490.90 334.22
569.16 348.16
600.36 348.67
611.61 390.11
587.57 366.07
559.95 301.61
576.32 293.43
565.58 269.90
554.84 247.90
532.84 277.06
551.26 215.68
518.01 226.93
523.63 208.52
537.96 197.78
574.27 216.70
572.23 237.16
585.02 240.23
608.55 271.95
601.38 316.96
503.68 175.27
487.83 128.21
445.37 136.90
475.04 110.31
440.26 106.73
277.59 106.73
300.61 98.03
379.38 15.93
317.49 3.65
285.26 18.49
271.97 14.40
269.41 37.93
229.00 12.35
243.83 37.41
222.35 38.44
227.46 63.50
261.22 62.48
296.01 25.14
316.47 54.81
327.72 40.99
340.51 28.72
351.25 24.11
360.46 44.58
383.48 43.04
404.45 21.56
429.51 8.77
442.81 13.37
467.37 15.93
460.72 38.44
487.32 27.18
410.08 50.20
385.52 71.69
414.17 70.15
376.83 95.73
354.83 97.26
344.60 71.69
325.16 72.71
325.16 93.17
292.43 79.87
283.73 80.38
271.97 80.89
222.35 93.17
201.89 93.68
199.84 117.21
185.52 118.75
181.43 138.18
151.76 123.86
149.71 138.18
138.46 128.46
213.65 137.67
241.79 134.09
220.81 113.12
260.71 136.65
294.47 127.44
283.73 152.51
262.76 160.18
226.44 165.29
223.37 184.22
278.10 178.59
293.45 173.99
247.41 178.59
331.81 170.92
311.35 148.93
327.21 140.23
351.76 144.83
341.53 125.91
369.67 116.70
380.92 136.65
399.85 111.58
425.93 138.70
413.14 160.69
436.16 160.69
442.81 153.53
385.01 169.90
368.64 176.04
344.09 197.01
302.15 202.12
445.88 185.24
455.60 183.20
447.42 209.80
405.47 87.03
434.63 84.99
455.60 80.38
447.93 62.99
456.62 60.94
487.32 57.36
481.69 79.87
502.15 55.32
524.66 79.87
509.82 98.80
533.35 115.68
518.01 129.49
527.73 150.97
537.96 51.23
500.10 159.16
470.44 205.70
571.44 87.54
601.11 87.03
596.51 118.75
562.75 118.23
586.79 141.25
548.94 161.71
612.88 160.69
589.35 161.20
565.31 169.90
602.14 191.89
576.05 197.01
603.43 26.67
578.37 3.65
562.00 1.61
