229.45 609.00
237.95 498.42
393.50 517.87
374.06 407.28
326.66 347.74
218.51 356.25
253.75 341.66
248.89 293.06
275.63 268.75
148.03 356.25
191.78 340.45
115.22 327.08
105.50 370.83
103.07 214.07
105.50 156.95
144.38 116.85
182.06 115.64
184.49 97.41
167.47 56.09
158.97 56.09
132.23 64.60
426.31 318.57
545.40 503.28
585.50 430.37
609.80 370.83
515.02 259.03
450.61 303.99
434.82 252.95
436.03 233.51
462.76 227.44
504.08 225.00
512.59 167.89
473.70 192.19
439.68 194.63
461.55 170.32
433.60 176.40
382.56 178.83
378.92 207.99
388.64 237.16
382.56 278.47
410.51 285.76
393.50 316.14
336.38 285.76
320.59 263.89
302.36 242.02
265.90 237.16
222.16 228.65
172.33 269.97
143.17 259.03
32.59 294.27
32.59 267.54
8.28 307.64
18.00 333.16
27.73 387.84
109.14 461.97
27.73 517.87
120.08 579.84
468.75 150.81
496.29 143.30
526.96 153.94
536.35 137.04
573.27 127.65
597.68 134.53
588.92 165.20
587.67 186.48
549.49 167.70
573.27 229.04
587.04 248.44
484.40 112.63
498.17 88.85
515.69 85.09
531.34 90.10
525.08 98.86
535.10 112.63
553.87 113.25
561.38 95.73
576.40 96.98
560.13 77.58
432.45 152.06
446.85 140.79
423.07 134.53
422.44 112.00
428.70 91.35
428.70 68.82
371.75 177.72
337.95 171.46
326.68 187.73
610.07 52.77
597.68 53.13
592.57 54.23
600.96 68.45
591.84 68.82
580.17 74.65
582.72 62.98
586.37 79.03
592.93 80.12
579.08 118.05
605.33 111.85
611.17 101.64
311.28 172.93
291.18 259.23
481.42 94.48
493.18 68.99
488.28 61.63
489.75 49.37
482.89 45.45
465.24 45.45
459.84 53.79
470.63 55.75
474.55 55.75
456.90 64.08
452.49 56.73
445.62 60.65
443.66 51.34
433.37 59.18
416.69 51.83
417.68 42.51
462.29 28.78
469.65 30.74
492.20 30.74
493.67 41.04
411.79 77.32
334.81 62.12
337.76 87.13
348.54 103.31
328.44 81.24
319.12 75.36
315.20 54.77
325.50 37.61
337.76 41.04
310.30 33.19
310.30 20.45
323.54 118.51
584.87 47.90
580.95 36.63
581.93 22.90
542.70 61.63
523.09 75.85
196.64 152.09
106.71 135.08
138.14 97.54
162.76 107.82
142.00 60.73
336.78 53.77
601.13 86.95
471.84 69.72
479.55 72.72
456.65 75.28
411.48 92.62
402.92 215.70
409.77 62.87
2.87 208.42
