212.45 525.00
220.95 414.42
376.50 433.87
357.06 323.28
309.66 263.74
201.51 272.25
236.75 257.66
231.89 209.06
258.63 184.75
131.03 272.25
174.78 256.45
98.22 243.08
88.50 286.83
86.07 130.07
88.50 72.95
127.38 32.85
165.06 31.64
167.49 13.41
409.31 234.57
528.40 419.28
568.50 346.37
592.80 286.83
498.02 175.03
433.61 219.99
417.82 168.95
419.03 149.51
445.76 143.44
487.08 141.00
495.59 83.89
456.70 108.19
422.68 110.63
444.55 86.32
416.60 92.40
365.56 94.83
361.92 123.99
371.64 153.16
365.56 194.47
393.51 201.76
376.50 232.14
319.38 201.76
303.59 179.89
285.36 158.02
248.90 153.16
205.16 144.65
155.33 185.97
126.17 175.03
15.59 210.27
15.59 183.54
1.00 249.16
10.73 303.84
92.14 377.97
10.73 433.87
103.08 495.84
451.75 66.81
479.29 59.30
509.96 69.94
519.35 53.04
556.27 43.65
580.68 50.53
600.08 70.56
571.92 81.20
570.67 102.48
532.49 83.70
556.27 145.04
570.04 164.44
467.40 28.63
481.17 4.85
498.69 1.09
514.34 6.10
508.08 14.86
518.10 28.63
536.87 29.25
544.38 11.73
559.40 12.98
415.45 68.06
429.85 56.79
406.07 50.53
405.44 28.00
411.70 7.35
354.75 93.72
320.95 87.46
309.68 103.73
609.48 3.41
562.08 34.05
588.33 27.85
594.17 17.64
294.28 88.93
274.18 175.23
464.42 10.48
320.76 3.13
331.54 19.31
306.54 34.51
179.64 68.09
89.71 51.08
121.14 13.54
145.76 23.82
584.13 2.95
394.48 8.62
385.92 131.70
