139.45 589.00
147.95 478.42
303.50 497.87
284.06 387.28
236.66 327.74
128.51 336.25
163.75 321.66
158.89 273.06
185.63 248.75
58.03 336.25
101.78 320.45
25.22 307.08
15.50 350.83
13.07 194.07
15.50 136.95
54.38 96.85
92.06 95.64
94.49 77.41
77.47 36.09
68.97 36.09
42.23 44.60
336.31 298.57
455.40 483.28
495.50 410.37
519.80 350.83
593.93 311.94
573.27 292.50
590.28 273.06
580.56 473.56
425.02 239.03
360.61 283.99
344.82 232.95
346.03 213.51
372.76 207.44
414.08 205.00
422.59 147.89
383.70 172.19
349.68 174.63
371.55 150.32
343.60 156.40
292.56 158.83
288.92 187.99
298.64 217.16
292.56 258.47
320.51 265.76
303.50 296.14
246.38 265.76
230.59 243.89
212.36 222.02
175.90 217.16
132.16 208.65
82.33 249.97
53.17 239.03
19.14 441.97
30.08 559.84
378.75 130.81
406.29 123.30
436.96 133.94
446.35 117.04
483.27 107.65
507.68 114.53
527.08 134.56
554.62 125.80
563.38 113.91
552.74 106.40
608.45 112.03
609.07 136.44
605.32 173.99
498.92 145.20
497.67 166.48
459.49 147.70
483.27 209.04
497.04 228.44
394.40 92.63
408.17 68.85
425.69 65.09
441.34 70.10
435.08 78.86
445.10 92.63
463.87 93.25
471.38 75.73
486.40 76.98
470.13 57.58
342.45 132.06
356.85 120.79
333.07 114.53
332.44 92.00
338.70 71.35
338.70 48.82
281.75 157.72
247.95 151.46
236.68 167.73
544.14 82.37
563.84 76.17
575.14 72.88
576.96 56.84
583.53 55.01
590.46 38.60
600.30 29.12
612.70 28.03
610.15 63.77
606.87 48.45
575.87 39.33
569.67 38.97
564.56 42.98
558.73 35.32
564.20 25.11
595.56 15.63
591.55 25.48
582.43 25.48
578.79 20.74
582.07 13.08
577.69 9.80
580.25 3.23
548.88 30.22
555.45 27.66
548.88 37.87
551.80 52.10
557.64 65.23
536.48 67.41
532.47 55.74
537.21 46.26
526.27 52.10
526.27 41.52
520.07 32.77
507.68 33.13
502.57 34.23
510.96 48.45
501.84 48.82
490.17 54.65
492.72 42.98
496.37 59.03
502.93 60.12
489.08 98.05
515.33 91.85
521.17 81.64
611.98 6.48
602.29 2.08
600.00 1.90
595.25 1.02
593.31 7.89
609.52 10.53
606.70 8.42
611.45 16.35
613.21 13.35
611.45 44.00
600.00 50.16
593.13 81.52
600.00 8.95
221.28 152.93
201.18 239.23
391.42 74.48
403.18 48.99
398.28 41.63
399.75 29.37
392.89 25.45
375.24 25.45
369.84 33.79
380.63 35.75
384.55 35.75
366.90 44.08
362.49 36.73
355.62 40.65
353.66 31.34
343.37 39.18
326.69 31.83
327.68 22.51
372.29 8.78
379.65 10.74
402.20 10.74
403.67 21.04
321.79 57.32
244.81 42.12
247.76 67.13
258.54 83.31
238.44 61.24
229.12 55.36
225.20 34.77
235.50 17.61
247.76 21.04
220.30 13.19
220.30 0.45
233.54 98.51
494.87 27.90
490.95 16.63
491.93 2.90
452.70 41.63
433.09 55.85
558.34 2.86
549.69 6.43
549.69 0.32
541.03 11.01
542.56 21.19
533.91 28.83
562.41 15.59
576.16 86.86
568.01 91.44
106.64 132.09
16.71 115.08
48.14 77.54
72.76 87.82
52.00 40.73
246.78 33.77
511.13 66.95
581.01 37.63
584.12 37.63
587.86 46.83
563.14 36.88
574.59 25.53
558.32 22.75
590.00 7.87
597.92 22.75
603.92 23.28
606.70 34.09
381.84 49.72
389.55 52.72
366.65 55.28
321.48 72.62
312.92 195.70
319.77 42.87
535.42 36.13
