19.69 304.99
63.33 291.27
78.29 278.81
88.26 247.64
72.05 243.90
29.87 213.04
48.57 191.22
63.53 175.64
37.35 111.43
4.94 110.81
71.64 97.72
105.92 133.87
104.68 120.16
99.07 93.98
107.17 86.49
128.36 93.35
130.23 124.52
137.09 136.99
168.88 175.01
144.57 246.70
197.56 155.69
165.14 135.12
170.13 125.14
178.86 124.52
162.65 82.75
179.48 80.88
195.69 72.78
209.40 80.26
203.79 75.90
195.69 96.47
210.03 143.85
194.44 140.10
193.20 120.16
107.79 259.17
117.14 245.46
435.07 239.85
483.69 252.94
496.78 259.17
413.87 165.66
357.77 178.75
307.27 170.03
248.68 159.43
235.59 139.48
212.52 128.88
211.27 120.16
223.74 69.66
233.72 67.17
262.39 119.53
241.82 125.14
404.52 135.12
418.23 123.90
441.30 137.61
443.17 118.29
425.09 82.13
347.79 102.08
329.09 93.98
340.94 88.99
288.57 121.40
268.62 103.95
254.91 108.94
248.05 102.70
365.87 67.17
214.39 63.59
229.66 51.74
253.04 23.07
246.18 24.00
269.87 24.31
259.59 25.87
263.64 24.00
274.23 23.07
195.07 27.43
303.22 68.88
330.34 68.57
321.92 68.88
316.31 76.36
295.43 67.95
290.75 68.57
270.81 55.79
259.90 63.27
251.48 57.66
254.29 55.48
247.12 51.12
260.52 50.49
272.36 41.77
276.42 44.88
287.01 52.05
289.20 49.87
308.21 53.92
313.51 57.04
317.87 84.16
369.92 58.91
353.09 67.64
342.81 71.38
547.69 263.53
593.82 284.10
631.22 261.66
651.17 294.70
762.75 239.22
754.65 300.31
852.52 271.64
832.57 165.66
833.20 148.21
881.20 165.66
901.77 172.52
906.75 107.69
520.26 148.83
539.59 122.03
567.01 122.03
563.90 148.21
598.81 150.08
631.85 100.83
654.29 102.08
661.77 110.81
653.66 132.62
677.35 97.72
739.69 151.33
762.13 119.53
742.18 88.99
754.03 80.26
744.68 69.66
719.74 95.85
728.47 99.59
713.51 91.48
713.51 74.65
814.49 121.40
840.05 124.52
856.88 126.39
853.77 95.85
840.68 69.66
866.86 73.40
881.82 119.53
934.81 133.87
904.26 75.90
915.48 62.81
880.57 69.66
881.82 54.08
947.27 115.95
992.47 92.26
1016.78 91.95
1015.22 73.25
1006.49 71.07
995.59 72.94
996.52 60.16
1007.74 54.55
1000.88 53.30
989.04 54.23
983.74 51.12
975.95 43.64
967.22 58.91
975.01 58.60
966.91 75.74
973.46 82.91
942.91 65.14
927.64 45.51
936.05 42.39
949.77 40.21
958.49 38.03
941.04 28.68
951.95 33.66
931.07 33.66
914.55 33.04
899.90 41.46
892.73 33.04
891.17 26.49
903.33 24.94
903.33 16.52
898.65 16.21
898.34 23.69
917.04 16.52
927.64 19.33
937.30 18.39
943.22 19.33
948.21 5.30
943.53 6.23
923.59 12.78
926.70 8.73
923.90 2.18
907.69 7.79
897.72 10.60
886.18 12.78
878.08 16.21
875.90 22.75
869.35 24.31
871.22 38.34
865.92 43.64
853.77 48.94
858.44 51.43
834.75 36.47
842.86 38.65
853.77 23.69
868.73 18.39
869.66 9.98
877.46 6.86
863.43 3.43
853.14 10.60
823.53 20.88
828.52 15.27
835.69 16.52
816.05 42.39
804.83 38.34
784.26 38.03
780.52 51.74
777.40 61.40
813.56 20.57
804.52 24.31
795.17 19.33
787.38 19.33
781.14 19.64
778.65 9.66
770.55 24.00
790.81 7.79
811.38 8.42
824.78 1.87
834.13 1.87
859.07 2.49
904.88 3.12
890.86 1.87
614.08 82.91
629.98 62.65
639.95 72.00
653.35 67.64
673.61 64.83
681.40 56.42
668.94 49.25
653.35 53.30
639.01 47.69
627.79 39.59
616.88 43.33
615.01 42.70
613.46 43.33
608.78 44.57
606.91 57.66
608.16 49.56
633.72 34.91
639.01 31.79
644.62 32.73
648.99 25.87
652.73 23.69
658.65 25.87
661.46 21.51
666.44 15.59
672.36 17.14
682.65 14.03
691.38 10.60
695.74 4.68
700.73 2.49
700.73 9.66
694.49 16.52
696.05 28.68
688.26 33.98
670.18 31.48
670.18 22.75
652.42 32.10
714.13 24.94
720.99 27.43
727.85 18.39
751.22 18.70
758.70 43.64
762.44 57.98
743.74 52.05
735.95 42.39
708.83 58.29
742.96 33.59
761.51 27.51
766.03 22.99
768.99 7.09
762.75 6.62
754.81 12.08
751.53 10.05
756.99 2.10
741.40 3.82
725.20 3.20
715.69 3.20
713.51 15.82
722.08 11.14
723.79 15.20
721.61 18.78
736.73 14.88
781.92 1.33
709.77 2.42
582.91 59.85
576.05 53.30
564.21 51.12
541.14 54.86
541.14 54.86
533.04 67.64
548.31 64.52
489.40 72.00
519.01 73.56
523.07 65.14
509.35 58.29
505.92 72.00
495.01 66.39
491.27 53.30
485.35 50.49
475.69 51.12
472.88 58.60
483.79 59.85
453.25 58.29
445.14 58.29
493.46 14.96
591.95 48.94
444.52 76.36
428.47 75.82
476.00 31.87
479.43 35.46
483.17 36.86
489.40 30.62
508.42 41.53
513.72 35.46
517.92 36.70
532.88 22.36
529.61 17.53
506.23 7.09
508.42 7.09
498.91 6.47
475.22 15.51
479.74 26.73
480.68 23.92
484.10 14.73
488.00 10.83
448.88 50.10
457.46 44.03
467.27 41.69
466.65 52.60
467.12 56.34
465.72 62.10
435.64 68.65
426.44 53.53
421.14 67.87
433.92 50.57
438.75 47.92
439.22 38.42
434.55 36.08
428.00 42.16
444.68 31.56
452.00 30.47
455.90 38.42
451.69 25.01
454.96 23.46
457.46 21.90
577.92 13.33
584.00 11.92
587.12 13.01
592.88 14.10
598.49 17.22
604.26 13.33
609.09 18.47
611.74 14.42
619.69 14.42
636.99 12.08
319.22 47.92
313.77 47.61
310.49 47.61
310.34 39.51
302.55 48.39
304.73 37.17
306.13 38.88
313.30 39.04
313.30 39.04
317.04 40.91
322.96 33.43
327.17 56.03
326.39 51.66
329.20 49.33
334.96 53.38
336.36 47.92
336.99 46.52
348.05 66.78
374.23 48.23
387.48 57.12
395.59 62.57
371.27 44.96
362.23 42.62
350.08 46.99
355.07 50.42
346.81 39.04
341.20 38.42
338.55 38.73
330.75 41.53
332.78 30.47
336.99 34.36
338.55 33.27
343.22 31.40
346.03 31.40
348.05 30.00
351.95 32.65
352.88 30.31
355.69 29.38
358.34 28.91
360.68 28.44
364.73 32.34
367.69 29.53
378.29 27.82
383.12 27.51
384.68 25.64
381.56 33.43
385.77 34.68
387.79 26.73
397.77 24.55
361.14 12.55
333.40 14.73
327.48 17.07
329.04 15.51
319.38 17.07
391.53 43.01
399.33 50.18
407.12 54.23
401.51 55.48
403.07 66.39
415.85 51.12
402.13 42.39
406.18 37.09
403.53 20.18
407.90 22.52
409.14 29.38
420.99 30.31
423.95 20.34
418.03 20.18
438.13 17.22
435.01 16.91
429.87 57.66
968.15 193.95
975.82 178.09
969.17 150.98
162.83 243.96
367.57 42.06
399.46 35.74
391.97 32.32
333.43 35.74
388.76 32.21
381.05 11.34
477.48 37.78
477.70 17.01
633.95 14.15
621.00 10.19
608.91 12.22
773.72 22.79
983.49 74.75
957.05 59.29
1019.88 70.20
938.54 25.79
442.70 29.96
441.95 22.79
263.33 44.63
380.09 28.20
372.49 29.32
391.43 27.72
393.68 25.47
392.40 24.83
