0.23 55.52
7.09 67.99
38.88 106.01
14.57 177.70
67.56 86.69
35.14 66.12
40.13 56.14
48.86 55.52
32.65 13.75
49.48 11.88
65.69 3.78
79.40 11.26
73.79 6.90
65.69 27.47
80.03 74.85
64.44 71.10
63.20 51.16
305.07 170.85
353.69 183.94
366.78 190.17
283.87 96.66
227.77 109.75
177.27 101.03
118.68 90.43
105.59 70.48
82.52 59.88
81.27 51.16
93.74 0.66
132.39 50.53
111.82 56.14
274.52 66.12
288.23 54.90
311.30 68.61
313.17 49.29
295.09 13.13
217.79 33.08
199.09 24.98
210.94 19.99
158.57 52.40
138.62 34.95
124.91 39.94
118.05 33.70
186.31 7.36
187.87 15.16
212.81 2.38
417.69 194.53
463.82 215.10
501.22 192.66
521.17 225.70
390.26 79.83
409.59 53.03
437.01 53.03
433.90 79.21
468.81 81.08
501.85 31.83
524.29 33.08
531.77 41.81
523.66 63.62
547.35 28.72
609.69 82.33
612.18 19.99
589.74 26.85
598.47 30.59
583.51 22.48
583.51 5.65
484.08 13.91
509.95 3.00
359.40 3.00
389.01 4.56
375.92 3.00
314.52 7.36
298.47 6.82
32.83 174.96
