1.57 263.09
4.27 254.55
5.17 243.76
22.70 250.95
42.03 263.54
15.06 238.81
6.07 229.82
0.90 50.90
4.05 48.20
15.06 0.25
9.22 6.09
2.47 13.74
9.67 23.63
22.25 6.99
22.25 14.64
24.05 29.92
31.24 24.53
30.35 20.48
43.83 20.48
37.09 14.64
50.57 11.49
50.57 3.40
60.02 0.25
65.41 9.24
75.75 1.60
73.05 15.09
82.49 8.34
93.28 22.28
63.61 32.62
61.36 26.77
51.92 33.97
47.88 29.47
37.99 39.81
37.99 46.10
43.83 51.95
54.17 46.55
47.43 48.35
31.24 42.96
34.84 49.25
22.70 61.84
18.21 54.65
3.37 57.34
9.22 69.93
1.12 73.08
8.32 64.54
9.67 142.76
2.47 133.77
10.12 128.37
4.27 117.58
0.67 125.67
2.02 112.64
0.67 101.85
5.17 95.11
13.71 81.17
16.86 88.81
17.76 95.11
16.86 104.10
20.46 111.74
9.67 105.00
90.81 473.33
69.68 459.84
81.82 450.85
98.00 440.51
73.28 429.72
15.29 419.83
13.04 403.65
21.13 397.80
31.47 400.95
54.40 402.30
38.66 385.22
9.89 378.92
9.89 365.44
8.09 351.95
9.89 330.37
10.34 317.33
20.23 334.42
26.07 363.64
38.66 358.24
49.45 377.12
55.74 366.33
66.08 350.15
71.93 373.08
69.23 383.42
57.99 386.56
84.52 396.45
101.60 370.38
88.11 366.33
78.22 360.04
80.02 379.37
94.86 355.10
103.40 349.70
92.16 339.81
84.07 335.32
87.21 328.57
76.42 328.12
61.59 330.82
60.24 323.18
46.75 320.48
51.25 330.82
32.82 329.02
35.51 322.28
23.83 322.73
26.97 315.09
44.96 311.04
40.46 297.10
31.02 299.80
24.28 273.73
4.50 277.77
17.53 278.67
12.14 267.43
40.91 279.12
138.01 450.85
114.64 456.69
117.78 434.22
101.60 418.03
90.36 413.99
105.20 403.20
111.49 394.21
110.59 373.98
122.28 372.18
137.56 369.03
137.11 392.86
124.98 397.80
126.77 384.77
113.74 340.26
112.39 325.87
107.44 312.84
95.75 304.75
87.21 311.49
74.63 310.14
72.38 318.23
65.63 311.49
68.78 302.50
58.44 302.50
62.04 288.11
50.35 284.52
66.53 273.73
53.95 262.94
68.33 262.04
77.77 256.19
73.28 266.53
78.22 279.57
71.93 287.21
75.97 295.31
92.61 293.06
90.36 280.47
94.41 259.34
109.69 274.63
103.85 286.31
110.14 291.71
121.38 286.31
132.17 292.16
130.82 305.20
124.53 303.40
129.47 331.27
141.61 342.96
130.82 355.10
155.54 363.64
163.64 348.35
155.10 337.11
160.94 327.22
158.69 315.98
145.21 322.28
137.11 324.08
144.76 303.85
145.65 282.72
135.32 281.37
136.21 271.48
120.03 271.03
110.14 266.53
98.90 270.13
142.96 429.72
154.20 402.75
157.79 424.78
159.14 452.20
174.88 440.06
173.98 412.19
174.88 394.21
178.47 381.62
186.11 362.29
172.18 363.64
171.73 345.65
187.91 348.80
180.72 321.38
179.82 307.89
162.74 301.60
160.94 282.72
160.94 272.83
168.13 277.77
166.78 287.66
179.37 278.22
173.53 296.65
170.83 307.44
189.71 309.69
193.31 292.16
202.30 317.33
193.76 331.72
203.20 335.76
200.50 367.23
198.70 386.56
196.90 402.75
195.11 420.28
189.71 433.32
193.76 445.01
192.86 467.03
207.69 471.53
234.67 467.03
211.29 442.76
224.78 427.92
211.29 412.19
229.27 401.40
235.56 386.56
222.98 380.72
226.57 367.23
213.54 369.03
220.28 340.26
235.56 356.44
236.01 372.18
252.20 367.68
258.94 369.03
256.69 389.26
258.49 399.60
246.80 394.21
262.99 415.78
254.45 424.78
276.02 473.33
248.60 451.75
238.71 439.61
239.61 342.06
234.67 331.27
218.48 324.53
216.23 314.64
211.29 307.44
231.07 305.20
252.65 324.08
265.68 345.21
251.30 348.80
286.81 356.44
280.07 333.97
270.63 321.38
262.09 311.94
254.45 300.70
255.35 277.32
153.75 266.53
147.90 256.19
138.91 255.30
125.43 253.95
112.39 256.19
129.47 262.94
164.54 261.14
158.69 253.05
180.27 259.34
193.76 268.33
194.66 273.28
191.96 261.14
202.30 259.79
207.69 271.93
204.10 286.76
211.29 277.32
194.66 280.92
216.68 289.91
218.48 279.12
230.17 289.91
226.57 284.52
245.46 283.62
236.01 273.28
243.66 308.34
263.44 459.09
263.44 438.41
277.82 445.60
287.71 436.61
294.91 452.80
317.38 450.10
323.68 477.97
351.55 451.00
337.16 431.22
326.37 422.23
288.61 416.83
308.39 422.23
319.18 409.64
309.29 400.65
324.58 394.36
341.66 380.87
330.87 366.48
323.68 361.99
368.18 435.27
375.38 468.08
389.31 444.26
376.72 411.89
296.25 357.04
309.29 329.62
292.66 331.87
290.86 340.86
321.43 334.57
333.12 343.56
319.63 318.83
304.80 316.13
292.66 305.35
283.67 321.08
344.36 336.36
342.56 318.38
341.21 301.30
330.42 295.01
316.03 293.21
303.45 297.25
296.25 278.82
280.52 266.68
271.08 273.43
267.48 262.64
244.11 264.44
246.80 242.41
224.33 246.90
212.19 238.81
195.55 248.70
183.42 249.60
169.48 250.05
166.78 242.41
176.67 233.87
150.60 236.11
139.36 232.07
147.90 223.08
110.59 241.96
96.20 244.66
88.56 252.30
71.48 239.26
94.86 229.37
76.42 223.08
101.60 217.68
107.44 221.28
103.85 230.27
118.68 220.38
112.84 213.64
118.68 239.26
219.38 265.78
213.54 258.59
198.25 238.36
193.31 228.47
168.58 231.62
170.38 217.23
159.59 215.88
147.00 212.29
138.01 215.44
153.30 201.95
10.34 215.44
8.09 205.10
11.24 194.76
27.87 210.94
20.68 205.99
31.92 232.52
24.73 231.62
49.45 238.36
38.21 253.65
49.00 248.25
59.79 230.27
61.14 217.68
45.41 221.28
43.16 210.49
40.01 203.75
53.50 198.35
35.96 189.81
32.82 179.47
17.53 178.57
12.14 176.32
11.24 184.42
17.08 191.16
0.90 183.52
5.84 168.23
0.45 152.50
12.59 149.80
10.79 160.59
15.73 166.88
17.98 156.54
29.22 163.74
23.38 170.93
39.11 164.64
31.47 151.60
32.82 170.93
17.08 140.36
21.13 133.17
15.29 116.08
30.12 120.13
18.43 120.58
30.12 110.69
22.93 105.30
24.73 98.55
29.67 104.40
37.76 115.19
37.76 108.89
42.26 102.60
44.06 91.36
33.27 97.20
24.73 93.61
31.47 80.57
23.83 81.02
26.97 73.38
22.48 74.73
14.39 73.38
25.62 139.01
30.12 133.17
36.41 134.97
38.21 148.90
45.85 150.70
50.35 157.44
54.85 158.34
58.44 168.68
47.20 179.92
49.90 171.83
61.14 178.12
57.54 184.42
51.25 185.76
43.61 190.26
64.29 195.21
65.63 185.76
73.73 187.56
75.97 201.05
68.78 200.15
84.97 200.15
79.57 174.08
85.86 169.58
69.23 161.94
74.63 150.70
66.98 134.97
57.99 143.96
53.50 136.31
62.49 124.18
56.19 129.57
46.30 118.78
47.20 114.29
53.95 123.28
77.77 129.12
70.58 121.48
65.19 117.43
58.44 116.08
62.49 107.99
53.05 113.39
49.00 104.85
52.15 94.51
62.04 96.75
57.99 101.70
65.19 103.95
68.78 98.55
72.83 109.34
77.32 116.98
89.91 112.49
84.97 122.38
88.11 130.92
89.46 142.16
97.55 154.75
75.97 166.88
104.30 170.93
95.31 184.87
89.01 192.96
80.47 187.11
106.09 204.20
95.75 205.99
82.27 221.28
118.68 201.05
112.84 192.51
116.43 182.62
124.08 169.13
113.74 160.14
115.53 153.40
111.94 133.62
106.54 131.37
99.35 133.17
97.10 124.18
97.55 116.98
100.70 111.59
105.64 116.98
111.94 125.52
121.38 120.58
124.53 113.39
119.58 111.59
113.29 109.79
108.34 98.10
101.15 95.41
89.46 101.70
84.07 105.74
81.37 98.55
77.32 91.81
70.13 87.76
71.03 76.97
64.74 77.87
63.39 67.53
138.01 199.70
131.27 202.85
138.01 179.47
138.01 189.81
153.30 195.65
146.55 202.40
128.12 191.61
129.92 173.63
132.62 165.53
127.22 160.14
137.56 160.14
132.62 153.40
141.16 149.80
149.70 148.45
147.90 152.50
148.35 139.91
135.76 133.17
139.81 131.37
130.37 123.73
119.13 134.97
121.83 148.00
167.23 173.63
170.38 163.74
160.49 161.94
149.25 174.53
152.40 163.74
143.41 169.58
147.45 186.66
159.59 188.01
164.09 201.05
174.43 198.80
182.07 206.44
177.57 215.88
194.21 217.68
218.93 230.72
222.53 224.88
215.78 213.64
205.45 210.49
192.41 203.30
199.15 198.35
207.69 194.31
218.48 201.95
216.68 190.26
212.19 179.92
209.94 172.73
200.95 163.74
192.86 168.68
184.77 166.43
193.76 158.34
184.77 158.79
182.07 154.30
172.18 149.35
158.24 146.20
164.99 134.97
160.49 126.87
153.30 125.08
147.45 128.67
176.67 224.88
237.81 226.67
229.72 228.47
254.90 263.54
262.09 244.66
263.89 256.79
278.27 254.10
271.08 237.01
260.29 232.07
267.48 210.04
256.69 197.45
247.25 198.80
230.62 191.61
231.07 203.30
222.98 217.68
237.36 215.88
277.37 233.87
273.33 218.58
277.82 203.30
269.28 201.50
273.33 190.26
274.68 180.82
264.34 181.72
266.13 174.53
250.40 176.32
256.69 189.36
249.50 187.11
244.11 185.32
234.22 184.42
233.32 178.57
229.72 174.53
220.28 176.77
226.12 165.53
220.28 167.78
206.34 160.14
216.68 153.85
192.86 148.90
194.21 142.16
187.01 141.71
209.04 122.38
186.56 123.73
199.60 122.83
198.25 113.39
188.36 112.94
190.61 104.85
180.27 111.59
169.03 112.04
163.64 112.49
154.65 113.39
157.79 118.78
142.51 109.79
148.80 106.19
141.16 99.45
132.17 95.41
125.87 100.80
119.58 96.75
115.53 90.01
114.64 83.27
105.20 89.11
104.75 74.73
107.44 70.68
89.91 70.68
87.21 76.97
90.81 86.86
93.06 93.61
102.05 82.82
75.52 61.24
86.31 58.99
95.75 62.59
101.60 54.95
98.00 45.95
93.96 53.15
89.46 50.45
83.62 45.06
78.67 50.90
56.64 62.14
44.51 68.43
46.75 81.02
46.75 73.83
64.29 54.05
54.40 52.25
62.49 41.01
107.44 63.19
120.03 70.83
114.64 71.73
124.08 82.97
129.02 85.66
138.01 88.81
146.55 91.06
150.15 82.97
146.10 77.57
142.51 81.17
138.01 82.52
131.72 77.57
132.17 71.28
138.01 70.83
133.97 65.44
137.11 59.59
128.57 56.89
123.18 63.64
121.38 55.99
121.38 51.05
109.24 52.40
103.85 46.10
112.84 46.10
112.84 37.11
102.95 36.66
107.44 28.57
116.88 23.63
110.59 18.23
102.95 14.64
93.51 9.24
99.80 8.79
89.01 14.64
76.87 36.66
80.92 34.42
67.43 33.07
87.66 37.56
93.96 40.71
85.86 23.18
244.56 167.48
244.11 164.34
240.96 155.79
230.62 158.04
224.33 146.80
215.78 141.41
205.00 148.60
215.34 122.53
218.03 128.82
227.47 128.37
226.12 119.83
229.72 115.34
222.98 107.69
215.78 113.54
209.94 107.69
205.45 100.95
213.09 96.00
206.34 91.96
198.70 97.35
188.36 94.66
181.62 95.55
172.18 101.40
172.18 96.45
160.49 95.11
157.79 100.95
169.03 83.87
159.59 84.32
168.13 72.18
162.29 70.38
157.34 73.53
154.65 62.29
161.39 55.54
155.54 47.45
153.30 52.40
147.90 56.44
136.21 48.80
140.26 38.01
133.52 38.01
127.22 39.81
134.42 29.92
127.22 22.28
120.03 17.78
120.03 11.04
114.19 2.95
105.20 2.95
96.65 1.60
428.87 478.87
440.56 470.78
421.68 445.60
427.07 424.03
395.60 413.24
409.09 406.94
404.60 388.06
387.51 393.46
361.44 380.87
386.61 364.69
363.24 349.40
368.63 326.92
388.41 337.71
395.60 341.31
406.39 358.39
427.07 376.37
463.04 413.24
449.55 409.64
474.73 433.92
467.53 458.19
449.55 445.60
463.94 392.56
446.85 395.26
455.84 367.38
475.62 373.68
436.96 353.90
424.83 349.85
418.53 342.66
414.94 333.67
400.55 328.27
387.96 323.33
399.65 306.24
371.33 306.69
341.21 287.36
337.61 276.57
311.99 284.22
305.69 277.02
311.99 263.54
305.25 249.15
293.56 258.59
287.26 240.61
306.59 236.11
290.86 231.62
291.31 221.73
284.12 220.38
303.45 220.38
304.80 209.59
298.05 200.60
286.36 203.75
294.01 188.91
285.47 189.81
281.87 189.81
279.62 183.97
289.06 183.07
284.57 177.67
294.46 175.43
283.22 168.23
283.67 159.24
268.38 153.85
276.47 154.30
281.87 148.45
286.36 139.91
276.92 143.06
258.94 154.30
249.50 153.85
246.35 144.86
239.61 145.75
236.91 141.26
236.91 126.87
245.90 128.67
316.03 210.94
320.98 221.28
322.33 212.74
267.48 163.29
296.70 164.64
307.94 177.22
313.79 182.17
307.49 165.53
303.00 150.25
294.46 148.45
295.36 157.44
310.64 134.07
303.45 136.31
297.15 138.56
277.82 130.02
259.39 137.21
263.89 126.87
270.18 117.43
263.89 113.39
253.10 119.68
256.69 110.69
247.70 114.74
280.52 119.68
288.61 119.23
280.07 114.29
275.13 108.44
298.95 116.08
293.56 109.34
287.71 108.44
306.59 116.08
312.44 117.43
311.99 108.44
303.45 105.30
318.28 127.32
321.43 137.66
323.23 188.01
332.22 182.62
321.88 176.77
334.92 174.53
325.48 157.44
339.41 148.45
335.37 143.96
330.42 139.01
339.41 135.86
338.96 123.73
335.37 113.84
329.07 114.74
328.17 106.64
321.43 105.74
340.76 204.20
345.26 204.20
335.81 195.65
334.92 188.46
343.01 192.51
352.90 187.11
359.64 178.12
360.99 188.46
365.93 196.55
357.84 208.69
351.55 209.59
356.49 198.35
343.46 219.93
339.86 227.57
334.47 225.77
333.57 237.46
328.62 254.55
312.44 244.21
339.41 247.80
347.95 263.54
328.62 268.48
359.19 272.53
373.58 281.07
364.59 259.94
359.19 253.20
366.38 245.11
362.79 232.52
352.00 225.77
351.10 233.87
374.03 241.96
372.23 255.45
380.32 263.09
393.36 270.73
393.81 290.96
415.83 315.24
420.33 298.60
429.32 308.04
436.51 321.53
449.10 342.66
459.89 340.86
470.23 327.82
463.04 322.43
476.52 340.41
468.88 306.24
470.68 288.26
454.50 312.09
449.10 306.69
441.91 299.95
445.50 287.81
433.37 290.51
422.13 278.37
410.89 279.72
401.45 284.22
405.94 266.23
400.55 261.74
390.66 251.40
406.84 247.80
382.57 243.76
400.10 223.98
392.91 214.99
376.72 209.14
380.77 197.45
387.96 195.21
378.97 189.81
391.56 185.32
387.96 175.87
380.77 175.43
383.92 167.78
374.03 160.59
348.40 164.64
351.10 153.85
355.59 159.24
351.55 145.75
354.25 136.76
348.40 139.46
357.39 130.47
369.98 139.46
363.69 142.61
364.59 154.30
400.55 164.64
396.95 158.79
389.76 153.85
395.16 148.45
379.87 139.01
378.97 131.82
370.43 125.97
383.47 118.78
371.78 111.59
378.52 110.69
364.59 106.64
353.80 119.68
354.25 112.49
348.40 109.34
335.81 105.74
310.64 196.55
309.29 189.36
359.19 286.91
365.04 298.60
360.99 318.38
375.82 339.06
374.93 371.88
363.24 366.93
350.65 355.69
308.84 362.44
273.78 363.79
463.49 269.38
448.20 268.93
432.92 274.33
426.17 259.94
435.17 256.79
423.93 249.60
414.94 241.96
432.02 239.26
422.13 237.01
426.17 222.63
415.39 219.93
415.39 198.80
409.54 197.00
401.00 194.76
410.44 188.01
403.70 176.32
413.14 180.37
436.06 203.30
441.91 189.81
434.27 180.37
428.42 181.27
425.72 193.41
432.02 170.03
424.38 160.14
414.94 161.94
416.73 171.38
420.78 148.45
428.87 145.31
423.93 141.26
418.08 137.66
409.99 152.05
400.55 140.81
405.05 132.27
396.95 128.22
392.91 115.19
399.20 107.99
393.36 106.19
387.06 106.19
379.87 103.50
407.74 124.18
408.19 117.43
412.24 108.89
422.58 107.54
422.13 121.93
417.18 130.02
432.92 123.28
432.47 107.99
438.76 107.09
455.84 116.53
451.80 108.44
447.30 125.52
454.95 134.07
456.29 124.18
447.30 139.46
440.11 137.66
438.76 146.20
445.95 150.70
441.91 157.44
430.22 158.34
447.30 159.69
454.50 158.79
454.50 145.75
459.89 157.89
464.39 158.79
454.05 178.57
459.89 181.27
454.50 190.71
463.04 193.86
459.44 208.24
455.40 224.43
449.55 221.28
436.51 227.57
443.71 231.62
444.16 247.80
458.09 246.45
450.00 255.89
479.22 254.55
475.62 241.96
478.32 225.33
477.87 213.64
468.43 205.99
473.83 186.66
474.28 174.53
469.78 168.68
461.69 173.18
453.15 170.48
477.42 163.74
477.87 156.99
470.68 152.50
463.04 151.60
462.14 139.91
470.23 134.52
466.63 116.53
472.48 125.08
477.42 128.22
474.28 110.69
472.48 352.10
447.53 199.25
479.45 103.05
479.90 97.20
470.90 98.10
462.81 97.20
456.07 99.00
446.63 94.96
452.92 101.70
194.66 189.06
188.36 175.57
179.82 184.57
178.02 174.23
199.15 180.52
191.96 178.72
185.66 180.52
249.50 172.43
331.32 208.84
326.82 198.95
323.23 193.56
102.05 143.66
197.35 90.16
188.81 83.42
182.07 82.07
174.88 74.88
179.37 70.38
182.97 64.99
191.96 74.88
200.95 73.98
202.75 84.77
212.64 80.72
203.65 67.23
209.49 71.73
209.04 64.09
206.79 56.44
196.45 61.84
192.86 57.34
190.16 63.64
183.87 58.69
176.67 57.34
182.07 51.50
168.58 52.40
169.93 55.99
172.63 64.54
162.29 43.41
167.68 39.81
167.68 33.52
158.69 38.01
148.35 39.81
154.65 27.67
151.95 13.29
142.06 29.02
128.57 4.30
136.21 5.64
128.57 10.14
142.96 2.05
149.70 2.95
155.10 4.75
162.74 6.09
185.66 5.64
176.67 7.44
176.67 16.88
176.22 30.37
192.41 32.62
191.06 26.77
191.96 18.68
191.06 3.85
200.05 2.50
199.15 34.87
183.42 41.16
204.10 49.70
194.66 47.45
200.05 42.96
210.39 46.10
213.54 39.36
209.49 29.02
206.34 21.38
205.00 11.04
214.89 2.95
221.63 4.75
219.83 25.87
223.43 35.76
220.73 51.05
217.13 46.10
217.58 57.79
228.37 63.19
219.83 65.88
223.43 76.22
219.83 71.28
226.12 71.73
234.22 82.97
225.67 87.46
220.28 83.42
227.02 78.92
232.42 91.51
219.83 97.80
216.23 90.61
229.72 105.45
229.27 97.80
237.81 102.75
238.71 96.45
239.61 86.11
243.66 93.76
246.35 79.37
254.00 86.56
251.30 93.76
254.00 98.70
245.01 102.75
236.46 115.34
244.56 64.54
235.12 65.88
231.97 51.05
235.56 44.76
227.02 38.46
236.91 31.72
230.62 21.83
222.53 19.13
226.12 9.24
165.88 16.88
260.74 103.65
269.28 98.70
269.73 93.76
265.24 88.36
265.68 82.97
259.84 76.22
257.59 86.11
252.65 70.83
258.04 72.18
265.68 65.44
243.21 54.20
244.11 46.10
241.86 39.81
254.90 47.90
263.44 59.59
256.24 65.88
273.78 89.26
285.47 85.22
282.77 90.61
280.07 95.55
276.92 100.95
300.30 91.96
289.06 95.55
294.01 92.86
299.40 99.15
308.84 105.89
314.24 102.75
316.93 95.55
311.09 95.55
307.04 89.26
325.03 90.61
326.82 95.55
333.12 93.76
337.61 98.70
343.01 97.35
342.56 91.51
355.59 92.41
356.94 83.42
349.75 82.07
329.52 73.53
320.53 80.72
318.28 74.43
311.99 69.93
305.25 73.08
297.15 69.48
292.66 64.54
301.20 60.94
284.57 54.65
277.37 58.24
277.82 63.19
280.52 65.44
281.87 80.72
295.80 84.77
278.27 50.15
267.03 45.65
269.28 36.66
256.69 38.01
249.05 38.01
244.11 32.62
249.95 27.22
244.11 22.28
249.05 14.64
238.26 9.69
240.51 2.05
250.85 2.05
260.29 0.70
260.74 15.09
267.93 11.04
265.68 22.73
265.68 27.22
276.47 23.63
281.87 29.92
286.36 20.03
290.86 27.67
285.91 45.65
293.11 39.81
301.65 48.80
298.50 39.36
324.13 55.54
321.43 66.78
311.54 63.19
332.67 57.34
338.51 61.39
344.36 71.73
337.61 87.91
361.44 72.63
352.45 66.78
349.30 52.85
343.01 54.20
343.01 43.41
334.02 39.36
328.62 41.61
321.43 40.71
315.58 41.61
317.38 38.01
319.63 33.52
309.74 27.22
303.90 25.43
273.33 2.05
274.23 7.44
294.91 11.49
299.40 7.44
306.59 0.25
307.04 9.24
318.28 18.23
319.63 5.64
311.09 9.24
324.58 14.19
325.92 24.53
330.42 14.19
333.57 25.43
338.06 32.17
347.05 28.12
346.15 22.73
351.10 15.53
344.36 6.54
346.15 1.15
329.52 4.30
361.44 91.06
371.33 90.16
368.63 99.60
374.93 99.15
379.87 96.45
377.17 91.51
380.77 89.26
375.38 86.56
369.98 79.37
369.53 68.58
378.97 72.18
381.67 67.68
386.16 77.12
385.27 82.07
392.01 83.87
405.94 94.66
395.60 93.31
402.35 82.97
397.85 70.83
374.48 61.84
369.08 55.54
369.98 51.05
359.19 34.87
365.49 32.62
357.39 28.12
353.35 38.01
362.34 43.86
360.99 63.19
354.25 53.30
378.52 45.65
372.23 38.91
382.57 33.07
376.72 25.87
388.41 48.35
392.91 55.99
384.37 55.99
376.72 53.75
402.35 64.54
396.05 64.09
402.35 51.05
395.16 47.00
408.64 37.11
412.24 29.02
412.69 42.06
413.14 47.00
415.83 55.99
418.98 57.79
414.94 67.23
408.64 57.79
416.28 75.77
409.99 76.67
419.88 84.77
416.73 88.36
422.13 94.66
437.86 90.16
430.22 90.16
427.07 84.77
436.51 68.58
427.97 71.28
421.68 68.58
425.28 55.99
433.82 54.65
427.07 44.76
437.41 48.80
423.48 32.62
392.46 25.87
391.56 32.62
387.06 27.22
387.96 12.84
384.37 3.85
366.38 22.73
371.78 16.43
369.98 3.85
441.01 72.63
436.51 78.92
438.31 82.52
452.70 85.66
462.14 84.77
467.53 83.87
469.33 77.57
462.59 72.18
463.94 60.04
463.04 53.30
458.09 54.20
454.05 63.19
450.00 68.58
444.61 58.24
440.11 53.30
449.10 51.05
447.75 45.65
452.70 38.91
440.56 34.87
432.92 37.11
441.91 24.08
445.50 20.93
456.29 29.92
431.12 28.12
433.37 33.07
396.95 9.69
392.91 0.70
374.03 0.70
355.15 8.79
470.01 90.16
476.30 86.56
478.10 77.57
475.40 63.19
467.31 55.99
474.05 46.10
469.56 39.36
463.71 32.17
469.56 27.67
463.71 24.53
453.37 20.03
425.95 20.03
425.95 11.49
422.35 11.04
415.61 5.64
406.17 11.04
475.85 29.02
474.50 24.08
473.60 15.98
470.01 18.23
445.73 6.99
434.49 0.25
407.97 22.28
404.37 29.02
457.42 9.69
467.31 8.79
459.67 4.75
