1.23 285.06
3.93 312.48
11.57 307.09
14.27 298.55
15.17 287.76
9.33 280.56
32.70 294.95
52.03 307.54
25.06 282.81
16.07 273.82
6.18 270.22
5.50 119.62
5.95 105.24
6.40 89.95
3.71 95.35
10.90 94.90
14.05 92.20
9.55 83.21
7.30 80.51
1.68 43.80
1.68 39.31
3.48 10.53
9.33 11.88
3.48 3.34
17.42 4.24
23.71 5.14
32.25 2.89
35.40 6.04
37.65 3.34
43.04 4.69
50.24 4.24
25.06 15.03
18.32 15.48
15.17 22.67
18.32 30.76
6.18 22.22
25.06 44.25
10.67 42.45
7.98 32.56
19.22 50.09
7.08 59.09
12.47 57.74
19.67 67.63
31.35 36.16
39.45 15.48
44.84 10.08
39.45 20.42
27.76 24.47
44.84 40.20
52.03 40.65
63.27 36.61
51.58 33.91
56.53 31.21
63.72 31.21
56.53 24.92
54.28 8.29
55.18 4.69
32.25 50.99
32.25 58.64
34.05 73.92
41.24 68.53
40.35 64.48
53.83 64.48
47.09 58.64
60.57 55.49
60.57 47.40
70.02 44.25
77.66 43.80
75.41 53.24
74.06 29.42
77.66 25.37
62.37 19.97
56.08 18.18
74.06 14.13
68.67 5.59
68.22 1.54
61.92 0.19
77.66 1.99
77.21 4.69
84.85 6.04
79.46 10.53
88.00 19.08
92.04 7.39
96.99 4.69
90.25 1.09
105.08 1.99
91.59 23.57
100.14 18.18
100.58 13.23
85.30 30.31
85.75 45.60
88.90 39.31
83.05 59.09
92.49 52.34
103.28 66.28
73.61 76.62
71.36 70.77
61.92 77.97
57.88 73.47
47.99 83.81
47.99 90.10
53.83 95.95
64.17 90.55
57.43 92.35
41.24 86.96
44.84 93.25
32.70 105.84
28.21 98.65
13.37 101.34
19.22 113.93
11.12 117.08
18.32 108.54
2.13 134.61
3.48 141.80
0.34 195.75
0.78 183.16
3.93 176.42
7.08 183.61
9.33 186.76
19.67 186.76
12.47 177.77
20.12 172.37
14.27 161.58
10.67 169.67
1.23 166.53
12.02 156.64
10.67 145.85
15.17 139.11
23.71 125.17
26.86 132.81
27.76 139.11
26.86 148.10
30.46 155.74
19.67 149.00
83.28 473.72
25.29 463.83
23.04 447.65
31.13 441.80
41.47 444.95
64.40 446.30
48.66 429.22
19.89 422.92
19.89 409.44
1.46 405.84
18.09 395.95
7.75 387.86
19.89 374.37
20.34 361.33
30.23 378.42
36.07 407.64
48.66 402.24
59.45 421.12
65.74 410.33
76.08 394.15
81.93 417.08
79.23 427.42
67.99 430.56
94.52 440.45
111.60 414.38
98.11 410.33
88.22 404.04
90.02 423.37
104.86 399.10
113.40 393.70
102.16 383.81
94.07 379.32
97.21 372.57
86.42 372.12
71.59 374.82
70.24 367.18
56.75 364.48
61.25 374.82
42.82 373.02
45.51 366.28
33.83 366.73
36.97 359.09
54.96 355.04
50.46 341.10
41.02 343.80
34.28 317.73
14.50 321.77
0.11 327.17
27.53 322.67
22.14 311.43
50.91 323.12
127.78 478.22
111.60 462.03
100.36 457.99
115.20 447.20
121.49 438.21
120.59 417.98
132.28 416.18
147.56 413.03
147.11 436.86
134.98 441.80
136.77 428.77
123.74 384.26
122.39 369.87
117.44 356.84
105.75 348.75
97.21 355.49
84.63 354.14
82.38 362.23
75.63 355.49
78.78 346.50
68.44 346.50
72.04 332.11
60.35 328.52
76.53 317.73
63.95 306.94
78.33 306.04
87.77 300.19
83.28 310.53
88.22 323.57
81.93 331.21
85.97 339.31
102.61 337.06
100.36 324.47
104.41 303.34
119.69 318.63
113.85 330.31
120.14 335.71
131.38 330.31
142.17 336.16
140.82 349.20
134.53 347.40
139.47 375.27
151.61 386.96
140.82 399.10
165.54 407.64
173.64 392.35
165.10 381.11
170.94 371.22
168.69 359.98
155.21 366.28
147.11 368.08
154.76 347.85
155.65 326.72
145.32 325.37
146.21 315.48
130.03 315.03
120.14 310.53
108.90 314.13
152.96 473.72
164.20 446.75
167.79 468.78
183.98 456.19
184.88 438.21
188.47 425.62
196.11 406.29
182.18 407.64
181.73 389.65
197.91 392.80
190.72 365.38
189.82 351.89
172.74 345.60
170.94 326.72
170.94 316.83
178.13 321.77
176.78 331.66
189.37 322.22
183.53 340.65
180.83 351.44
199.71 353.69
203.31 336.16
212.30 361.33
203.76 375.72
213.20 379.76
210.50 411.23
208.70 430.56
206.90 446.75
205.11 464.28
199.71 477.32
234.78 471.92
221.29 456.19
239.27 445.40
245.56 430.56
232.98 424.72
236.57 411.23
223.54 413.03
230.28 384.26
245.56 400.44
246.01 416.18
262.20 411.68
268.94 413.03
266.69 433.26
268.49 443.60
256.80 438.21
272.99 459.78
264.45 468.78
249.61 386.06
244.67 375.27
228.48 368.53
226.23 358.64
221.29 351.44
241.07 349.20
262.65 368.08
275.68 389.21
261.30 392.80
296.81 400.44
290.07 377.97
280.63 365.38
272.09 355.94
264.45 344.70
265.35 321.32
163.75 310.53
157.90 300.19
148.91 299.30
135.43 297.95
122.39 300.19
139.47 306.94
174.54 305.14
168.69 297.05
190.27 303.34
203.76 312.33
204.66 317.28
201.96 305.14
212.30 303.79
217.69 315.93
214.10 330.76
221.29 321.32
204.66 324.92
226.68 333.91
228.48 323.12
240.17 333.91
236.57 328.52
255.46 327.62
246.01 317.28
253.66 352.34
347.16 475.22
336.37 466.23
298.61 460.83
318.39 466.23
329.18 453.64
319.29 444.65
334.58 438.36
351.66 424.87
340.87 410.48
333.68 405.99
378.18 479.27
386.72 455.89
306.25 401.04
319.29 373.62
302.66 375.87
300.86 384.86
331.43 378.57
343.12 387.56
329.63 362.83
314.80 360.13
302.66 349.35
293.67 365.08
354.36 380.36
352.56 362.38
351.21 345.30
340.42 339.01
326.03 337.21
313.45 341.25
306.25 322.82
290.52 310.68
281.08 317.43
277.48 306.64
254.11 308.44
256.80 286.41
234.33 290.90
222.19 282.81
205.55 292.70
193.42 293.60
179.48 294.05
176.78 286.41
186.67 277.87
160.60 280.11
149.36 276.07
157.90 267.08
120.59 285.96
106.20 288.66
98.56 296.30
81.48 283.26
104.86 273.37
86.42 267.08
111.60 261.68
117.44 265.28
113.85 274.27
128.68 264.38
122.84 257.64
128.68 283.26
229.38 309.78
223.54 302.59
208.25 282.36
203.31 272.47
178.58 275.62
180.38 261.23
169.59 259.88
157.00 256.29
148.01 259.44
163.30 245.95
1.46 258.99
5.06 249.54
20.34 259.44
18.09 249.10
21.24 238.76
37.87 254.94
30.68 249.99
41.92 276.52
34.73 275.62
59.45 282.36
48.21 297.65
59.00 292.25
69.79 274.27
71.14 261.68
55.41 265.28
53.16 254.49
50.01 247.75
63.50 242.35
45.96 233.81
42.82 223.47
27.53 222.57
22.14 220.32
21.24 228.42
27.08 235.16
9.55 237.86
10.90 227.52
4.16 228.87
4.61 214.48
6.85 209.53
15.84 212.23
10.45 196.50
22.59 193.80
20.79 204.59
25.73 210.88
27.98 200.54
39.22 207.74
33.38 214.93
49.11 208.64
41.47 195.60
42.82 214.93
27.08 184.36
31.13 177.17
25.29 160.08
40.12 164.13
28.43 164.58
40.12 154.69
32.93 149.30
34.73 142.55
39.67 148.40
47.76 159.19
47.76 152.89
52.26 146.60
54.06 135.36
43.27 141.20
34.73 137.61
41.47 124.57
33.83 125.02
36.97 117.38
32.48 118.73
24.39 117.38
35.62 183.01
40.12 177.17
46.41 178.97
48.21 192.90
55.85 194.70
60.35 201.44
64.85 202.34
68.44 212.68
57.20 223.92
59.90 215.83
71.14 222.12
67.54 228.42
61.25 229.76
53.61 234.26
74.29 239.21
75.63 229.76
83.73 231.56
85.97 245.05
78.78 244.15
94.97 244.15
89.57 218.08
95.86 213.58
79.23 205.94
84.63 194.70
76.98 178.97
67.99 187.96
63.50 180.31
72.49 168.18
66.19 173.57
56.30 162.78
57.20 158.29
63.95 167.28
87.77 173.12
80.58 165.48
75.19 161.43
68.44 160.08
72.49 151.99
63.05 157.39
59.00 148.85
62.15 138.51
72.04 140.75
67.99 145.70
75.19 147.95
78.78 142.55
82.83 153.34
87.32 160.98
99.91 156.49
94.97 166.38
98.11 174.92
99.46 186.16
107.55 198.75
85.97 210.88
114.30 214.93
105.31 228.87
99.01 236.96
90.47 231.11
116.09 248.20
105.75 249.99
92.27 265.28
128.68 245.05
122.84 236.51
126.43 226.62
134.08 213.13
123.74 204.14
125.53 197.40
121.94 177.62
116.54 175.37
109.35 177.17
107.10 168.18
107.55 160.98
110.70 155.59
115.64 160.98
121.94 169.52
131.38 164.58
134.53 157.39
129.58 155.59
123.29 153.79
118.34 142.10
111.15 139.41
99.46 145.70
94.07 149.74
91.37 142.55
87.32 135.81
80.13 131.76
81.03 120.97
74.74 121.87
73.39 111.53
148.01 243.70
141.27 246.85
148.01 223.47
148.01 233.81
163.30 239.65
156.55 246.40
138.12 235.61
139.92 217.63
142.62 209.53
137.22 204.14
147.56 204.14
142.62 197.40
151.16 193.80
159.70 192.45
157.90 196.50
158.35 183.91
145.76 177.17
149.81 175.37
140.37 167.73
129.13 178.97
131.83 192.00
177.23 217.63
180.38 207.74
170.49 205.94
159.25 218.53
162.40 207.74
153.41 213.58
157.45 230.66
169.59 232.01
174.09 245.05
184.43 242.80
192.07 250.44
187.57 259.88
204.21 261.68
228.93 274.72
232.53 268.88
225.78 257.64
215.45 254.49
202.41 247.30
209.15 242.35
217.69 238.31
228.48 245.95
226.68 234.26
222.19 223.92
219.94 216.73
210.95 207.74
202.86 212.68
194.77 210.43
203.76 202.34
194.77 202.79
192.07 198.30
182.18 193.35
168.24 190.20
174.99 178.97
170.49 170.87
163.30 169.08
157.45 172.67
186.67 268.88
247.81 270.67
239.72 272.47
264.90 307.54
272.09 288.66
273.89 300.79
288.27 298.10
281.08 281.01
270.29 276.07
277.48 254.04
266.69 241.45
257.25 242.80
240.62 235.61
241.07 247.30
232.98 261.68
247.36 259.88
287.37 277.87
283.33 262.58
287.82 247.30
279.28 245.50
283.33 234.26
284.68 224.82
274.34 225.72
276.13 218.53
260.40 220.32
266.69 233.36
259.50 231.11
254.11 229.32
244.22 228.42
243.32 222.57
239.72 218.53
230.28 220.77
236.12 209.53
230.28 211.78
216.34 204.14
226.68 197.85
202.86 192.90
204.21 186.16
197.01 185.71
219.04 166.38
196.56 167.73
209.60 166.83
208.25 157.39
198.36 156.94
200.61 148.85
190.27 155.59
179.03 156.04
173.64 156.49
164.65 157.39
167.79 162.78
152.51 153.79
158.80 150.19
151.16 143.45
142.17 139.41
135.87 144.80
129.58 140.75
125.53 134.01
124.64 127.27
115.20 133.11
114.75 118.73
117.44 114.68
99.91 114.68
97.21 120.97
100.81 130.86
103.06 137.61
112.05 126.82
85.52 105.24
96.31 102.99
105.75 106.59
111.60 98.95
108.00 89.95
103.96 97.15
99.46 94.45
93.62 89.06
88.67 94.90
66.64 106.14
54.51 112.43
56.75 125.02
56.75 117.83
74.29 98.05
64.40 96.25
72.49 85.01
117.44 107.19
130.03 114.83
124.64 115.73
134.08 126.97
139.02 129.66
148.01 132.81
156.55 135.06
160.15 126.97
156.10 121.57
152.51 125.17
148.01 126.52
141.72 121.57
142.17 115.28
148.01 114.83
143.97 109.44
147.11 103.59
138.57 100.89
133.18 107.64
131.38 99.99
131.38 95.05
119.24 96.40
113.85 90.10
122.84 90.10
122.84 81.11
112.95 80.66
117.44 72.57
126.88 67.63
120.59 62.23
112.95 58.64
103.51 53.24
109.80 52.79
99.01 58.64
86.87 80.66
90.92 78.42
77.43 77.07
97.66 81.56
103.96 84.71
95.86 67.18
254.56 211.48
254.11 208.34
250.96 199.79
240.62 202.04
234.33 190.80
225.78 185.41
215.00 192.60
225.34 166.53
228.03 172.82
237.47 172.37
236.12 163.83
239.72 159.34
232.98 151.69
225.78 157.54
219.94 151.69
215.45 144.95
223.09 140.00
216.34 135.96
208.70 141.35
198.36 138.66
191.62 139.55
182.18 145.40
182.18 140.45
170.49 139.11
167.79 144.95
179.03 127.87
169.59 128.32
178.13 116.18
172.29 114.38
167.34 117.53
164.65 106.29
171.39 99.54
165.54 91.45
163.30 96.40
157.90 100.44
146.21 92.80
150.26 82.01
143.52 82.01
137.22 83.81
144.42 73.92
137.22 66.28
130.03 61.78
130.03 55.04
124.19 46.95
115.20 46.95
106.65 45.60
117.44 37.06
112.50 29.42
104.86 33.01
111.15 22.67
100.36 26.27
94.97 29.42
131.83 40.20
129.58 33.91
140.37 33.46
138.12 20.87
128.68 21.77
124.19 27.17
117.89 15.93
110.25 15.03
117.44 9.19
113.85 6.49
106.20 6.94
122.84 6.94
116.54 1.54
125.09 1.09
129.13 4.24
134.08 3.34
134.98 14.58
129.13 15.48
122.84 13.68
139.92 10.98
146.21 13.68
148.46 3.79
437.07 468.03
405.60 457.24
419.09 450.94
414.60 432.06
397.51 437.46
371.44 424.87
396.61 408.69
373.24 393.40
378.63 370.92
398.41 381.71
405.60 385.31
416.39 402.39
437.07 420.37
473.04 457.24
459.55 453.64
473.94 436.56
456.85 439.26
465.84 411.38
446.96 397.90
434.83 393.85
428.53 386.66
424.94 377.67
410.55 372.27
397.96 367.33
409.65 350.24
381.33 350.69
351.21 331.36
347.61 320.57
321.99 328.22
315.69 321.02
321.99 307.54
315.25 293.15
303.56 302.59
297.26 284.61
316.59 280.11
300.86 275.62
301.31 265.73
294.12 264.38
313.45 264.38
314.80 253.59
308.05 244.60
296.36 247.75
304.01 232.91
295.47 233.81
291.87 233.81
289.62 227.97
299.06 227.07
294.57 221.67
304.46 219.43
293.22 212.23
293.67 203.24
278.38 197.85
286.47 198.30
291.87 192.45
296.36 183.91
286.92 187.06
268.94 198.30
259.50 197.85
256.35 188.86
249.61 189.75
246.91 185.26
246.91 170.87
255.90 172.67
326.03 254.94
330.98 265.28
332.33 256.74
277.48 207.29
306.70 208.64
317.94 221.22
323.79 226.17
317.49 209.53
313.00 194.25
304.46 192.45
305.36 201.44
320.64 178.07
313.45 180.31
307.15 182.56
287.82 174.02
269.39 181.21
273.89 170.87
280.18 161.43
273.89 157.39
263.10 163.68
266.69 154.69
257.70 158.74
290.52 163.68
298.61 163.23
290.07 158.29
285.13 152.44
308.95 160.08
303.56 153.34
297.71 152.44
316.59 160.08
322.44 161.43
321.99 152.44
313.45 149.30
328.28 171.32
331.43 181.66
333.23 232.01
342.22 226.62
331.88 220.77
344.92 218.53
335.48 201.44
349.41 192.45
345.37 187.96
340.42 183.01
349.41 179.86
348.96 167.73
345.37 157.84
339.07 158.74
338.17 150.64
331.43 149.74
350.76 248.20
355.26 248.20
345.81 239.65
344.92 232.46
353.01 236.51
362.90 231.11
369.64 222.12
370.99 232.46
375.93 240.55
367.84 252.69
361.55 253.59
366.49 242.35
353.46 263.93
349.86 271.57
344.47 269.77
343.57 281.46
338.62 298.55
322.44 288.21
349.41 291.80
357.95 307.54
338.62 312.48
369.19 316.53
383.58 325.07
374.59 303.94
369.19 297.20
376.38 289.11
372.79 276.52
362.00 269.77
361.10 277.87
384.03 285.96
382.23 299.45
390.32 307.09
403.36 314.73
403.81 334.96
425.83 359.24
430.33 342.60
439.32 352.04
446.51 365.53
459.10 386.66
469.89 384.86
473.04 366.43
478.88 350.24
464.50 356.09
459.10 350.69
451.91 343.95
455.50 331.81
443.37 334.51
432.13 322.37
420.89 323.72
411.45 328.22
415.94 310.23
410.55 305.74
400.66 295.40
416.84 291.80
392.57 287.76
410.10 267.98
402.91 258.99
386.72 253.14
390.77 241.45
397.96 239.21
388.97 233.81
401.56 229.32
397.96 219.87
390.77 219.43
393.92 211.78
384.03 204.59
358.40 208.64
361.10 197.85
365.59 203.24
361.55 189.75
364.25 180.76
358.40 183.46
367.39 174.47
379.98 183.46
373.69 186.61
374.59 198.30
410.55 208.64
406.95 202.79
399.76 197.85
405.16 192.45
389.87 183.01
388.97 175.82
380.43 169.97
393.47 162.78
381.78 155.59
388.52 154.69
374.59 150.64
363.80 163.68
364.25 156.49
358.40 153.34
345.81 149.74
320.64 240.55
319.29 233.36
369.19 330.91
375.04 342.60
370.99 362.38
385.82 383.06
384.93 415.88
373.24 410.93
360.65 399.69
318.84 406.44
283.78 407.79
473.49 313.38
458.20 312.93
442.92 318.33
436.17 303.94
445.17 300.79
433.93 293.60
424.94 285.96
442.02 283.26
432.13 281.01
436.17 266.63
425.39 263.93
425.39 242.80
419.54 241.00
411.00 238.76
420.44 232.01
413.70 220.32
423.14 224.37
446.06 247.30
451.91 233.81
444.27 224.37
438.42 225.27
435.72 237.41
442.02 214.03
434.38 204.14
424.94 205.94
426.73 215.38
430.78 192.45
438.87 189.31
433.93 185.26
428.08 181.66
419.99 196.05
410.55 184.81
415.05 176.27
406.95 172.22
402.91 159.19
409.20 151.99
403.36 150.19
397.06 150.19
389.87 147.50
417.74 168.18
418.19 161.43
422.24 152.89
432.58 151.54
432.13 165.93
427.18 174.02
442.92 167.28
442.47 151.99
448.76 151.09
465.84 160.53
461.80 152.44
457.30 169.52
464.95 178.07
466.29 168.18
457.30 183.46
450.11 181.66
448.76 190.20
455.95 194.70
451.91 201.44
440.22 202.34
457.30 203.69
464.50 202.79
464.50 189.75
469.89 201.89
474.39 202.79
464.05 222.57
469.89 225.27
464.50 234.71
473.04 237.86
469.44 252.24
465.40 268.43
459.55 265.28
446.51 271.57
453.71 275.62
454.16 291.80
468.09 290.45
460.00 299.89
478.43 249.99
479.78 212.68
471.69 217.18
463.15 214.48
473.04 195.60
472.14 183.91
476.63 160.53
457.53 243.25
472.81 141.20
466.07 143.00
456.63 138.96
462.92 145.70
204.66 233.06
198.36 219.57
189.82 228.57
188.02 218.23
209.15 224.52
201.96 222.72
195.66 224.52
259.50 216.43
341.32 252.84
336.82 242.95
333.23 237.56
112.05 187.66
207.35 134.16
198.81 127.42
192.07 126.07
184.88 118.88
189.37 114.38
192.97 108.99
201.96 118.88
210.95 117.98
212.75 128.77
222.64 124.72
213.65 111.23
219.49 115.73
219.04 108.09
216.79 100.44
206.45 105.84
202.86 101.34
200.16 107.64
193.87 102.69
186.67 101.34
192.07 95.50
178.58 96.40
179.93 99.99
182.63 108.54
172.29 87.41
177.68 83.81
177.68 77.52
168.69 82.01
158.35 83.81
164.65 71.67
161.95 57.29
152.06 73.02
138.57 48.30
146.21 49.64
138.57 54.14
143.97 41.55
152.96 46.05
159.70 46.95
165.10 48.75
172.74 50.09
167.34 40.65
167.79 35.26
175.88 37.96
156.10 34.81
161.05 40.65
152.51 37.51
145.76 20.87
153.41 14.58
159.25 18.63
153.86 21.77
159.70 24.47
170.04 19.97
165.10 9.19
157.90 9.63
159.70 3.79
175.44 10.53
177.68 20.42
191.62 19.52
193.42 15.48
188.02 31.21
186.67 24.02
193.87 28.97
196.11 40.20
192.07 41.55
195.66 49.64
186.67 51.44
186.67 60.88
186.22 74.37
202.41 76.62
201.06 70.77
201.96 62.68
201.06 47.85
210.05 46.50
205.55 33.91
202.41 35.26
214.55 42.00
203.76 26.27
214.55 24.47
205.11 13.23
202.86 8.74
195.66 10.53
188.47 10.53
188.47 4.69
182.18 9.63
192.97 5.14
195.66 1.54
201.06 1.09
183.98 0.64
179.03 2.44
174.99 4.69
174.09 1.09
166.89 1.99
209.15 78.87
193.42 85.16
214.10 93.70
204.66 91.45
210.05 86.96
220.39 90.10
223.54 83.36
219.49 73.02
216.34 65.38
215.00 55.04
219.04 38.41
223.09 26.72
224.89 46.95
231.63 48.75
231.63 40.65
229.83 69.87
233.43 79.76
230.73 95.05
227.13 90.10
227.58 101.79
238.37 107.19
229.83 109.88
233.43 120.22
229.83 115.28
236.12 115.73
244.22 126.97
235.67 131.46
230.28 127.42
237.02 122.92
242.42 135.51
229.83 141.80
226.23 134.61
239.72 149.45
239.27 141.80
247.81 146.75
248.71 140.45
249.61 130.11
253.66 137.76
256.35 123.37
264.00 130.56
261.30 137.76
264.00 142.70
255.01 146.75
246.46 159.34
254.56 108.54
245.12 109.88
241.97 95.05
245.56 88.76
237.02 82.46
246.91 75.72
240.62 65.83
232.53 63.13
236.12 53.24
241.07 41.55
175.88 60.88
270.74 147.65
279.28 142.70
279.73 137.76
275.24 132.36
275.68 126.97
269.84 120.22
267.59 130.11
262.65 114.83
268.04 116.18
275.68 109.44
253.21 98.20
254.11 90.10
251.86 83.81
264.90 91.90
273.44 103.59
266.24 109.88
283.78 133.26
295.47 129.22
292.77 134.61
290.07 139.55
286.92 144.95
310.30 135.96
299.06 139.55
304.01 136.86
309.40 143.15
318.84 149.89
324.24 146.75
326.93 139.55
321.09 139.55
317.04 133.26
335.03 134.61
336.82 139.55
343.12 137.76
347.61 142.70
353.01 141.35
352.56 135.51
365.59 136.41
366.94 127.42
359.75 126.07
339.52 117.53
330.53 124.72
328.28 118.43
321.99 113.93
315.25 117.08
307.15 113.48
302.66 108.54
311.20 104.94
294.57 98.65
287.37 102.24
287.82 107.19
290.52 109.44
291.87 124.72
305.80 128.77
288.27 94.15
277.03 89.65
279.28 80.66
266.69 82.01
259.05 82.01
254.11 76.62
259.95 71.22
254.11 66.28
259.05 58.64
248.26 53.69
250.51 46.05
260.85 46.05
254.11 42.00
270.29 44.70
270.74 59.09
277.93 55.04
275.68 66.73
275.68 71.22
286.47 67.63
291.87 73.92
296.36 64.03
300.86 71.67
295.91 89.65
303.11 83.81
311.65 92.80
308.50 83.36
334.13 99.54
331.43 110.78
321.54 107.19
342.67 101.34
348.51 105.39
354.36 115.73
347.61 131.91
371.44 116.63
362.45 110.78
359.30 96.85
353.01 98.20
353.01 87.41
344.02 83.36
338.62 85.61
331.43 84.71
325.58 85.61
327.38 82.01
329.63 77.52
319.74 71.22
313.90 69.43
276.13 40.65
274.79 34.81
258.60 37.51
269.39 30.31
283.33 46.05
284.23 51.44
304.91 55.49
309.40 51.44
304.46 43.80
300.86 38.86
295.47 40.65
294.12 36.16
290.07 34.81
291.87 28.07
281.53 29.86
279.28 20.42
285.57 19.08
287.82 13.68
234.78 29.42
242.42 23.57
232.53 21.77
226.23 15.48
214.10 9.63
207.80 6.49
219.49 2.89
212.75 1.09
227.13 1.09
228.93 7.39
232.53 2.89
235.67 5.59
236.12 11.88
232.53 14.13
241.52 6.94
237.47 1.09
250.51 11.43
252.31 15.48
248.71 21.77
247.81 2.44
252.31 5.59
259.50 10.53
258.60 22.67
260.40 17.28
264.90 20.87
270.29 5.59
264.90 1.54
260.40 1.99
256.35 0.64
305.36 27.17
299.51 17.73
296.36 13.23
309.40 13.68
310.75 40.65
313.90 34.81
322.44 33.91
316.59 44.25
317.04 53.24
328.28 62.23
329.63 49.64
321.09 53.24
334.58 58.19
335.92 68.53
340.42 58.19
343.57 69.43
348.06 76.17
357.05 72.12
356.15 66.73
361.10 59.53
354.36 50.54
356.15 45.15
359.75 38.86
347.61 41.10
339.52 48.30
334.58 42.00
339.52 34.81
335.03 34.81
329.18 37.51
324.69 28.52
324.69 20.87
316.59 15.03
371.44 135.06
381.33 134.16
378.63 143.60
384.93 143.15
389.87 140.45
387.17 135.51
390.77 133.26
385.38 130.56
379.98 123.37
379.53 112.58
388.97 116.18
391.67 111.68
396.16 121.12
395.27 126.07
402.01 127.87
415.94 138.66
405.60 137.31
412.35 126.97
407.85 114.83
384.48 105.84
379.08 99.54
379.98 95.05
369.19 78.87
375.49 76.62
367.39 72.12
363.35 82.01
372.34 87.86
370.99 107.19
364.25 97.30
388.52 89.65
382.23 82.91
392.57 77.07
386.72 69.87
398.41 92.35
402.91 99.99
394.37 99.99
386.72 97.75
412.35 108.54
406.05 108.09
412.35 95.05
405.16 91.00
418.64 81.11
422.24 73.02
422.69 86.06
423.14 91.00
425.83 99.99
428.98 101.79
424.94 111.23
418.64 101.79
426.28 119.77
419.99 120.67
429.88 128.77
426.73 132.36
432.13 138.66
447.86 134.16
440.22 134.16
437.07 128.77
446.51 112.58
437.97 115.28
431.68 112.58
435.28 99.99
443.82 98.65
437.07 88.76
447.41 92.80
433.48 76.62
402.46 69.87
401.56 76.62
397.06 71.22
397.96 56.84
394.37 47.85
376.38 66.73
381.78 60.43
379.98 47.85
355.26 26.27
349.41 26.27
345.81 7.39
351.21 11.88
338.17 15.03
333.23 14.58
338.17 8.29
322.44 10.08
309.85 2.89
295.47 2.89
281.98 7.39
451.01 116.63
446.51 122.92
448.31 126.52
462.70 129.66
472.14 128.77
477.53 127.87
479.33 121.57
472.59 116.18
473.94 104.04
473.04 97.30
468.09 98.20
464.05 107.19
460.00 112.58
454.61 102.24
450.11 97.30
459.10 95.05
457.75 89.65
462.70 82.91
450.56 78.87
442.92 81.11
451.91 68.08
455.50 64.93
466.29 73.92
441.12 72.12
443.37 77.07
406.95 53.69
402.91 44.70
401.11 35.71
394.82 39.75
384.03 44.70
381.78 37.06
363.80 42.90
366.94 37.51
365.15 52.79
381.78 28.07
380.88 22.22
372.34 21.77
363.80 19.52
366.04 24.47
368.29 12.78
354.81 17.28
354.36 0.19
334.13 1.09
331.43 7.39
477.31 99.99
479.56 83.36
473.71 76.17
479.56 71.67
473.71 68.53
463.37 64.03
435.95 64.03
435.95 55.49
432.35 55.04
425.61 49.64
416.17 55.04
417.52 38.86
407.18 37.96
408.53 31.66
398.19 28.07
390.10 31.21
383.80 31.66
392.79 23.57
389.65 11.88
373.91 12.78
377.06 2.89
364.92 0.64
359.98 2.89
455.73 50.99
444.49 44.25
437.75 34.81
430.11 35.26
417.52 30.76
412.57 24.47
405.38 24.47
406.73 18.18
422.91 20.87
413.92 17.28
418.42 6.49
442.69 28.07
452.58 29.42
445.84 36.16
457.53 42.90
461.12 34.36
454.38 12.33
446.74 11.88
436.40 13.68
426.96 13.68
417.97 11.88
403.58 8.74
412.12 1.99
403.13 2.89
395.04 2.89
395.49 9.19
383.80 2.89
388.75 0.64
355.03 7.84
362.22 13.68
363.57 8.29
369.42 4.69
417.97 66.28
414.37 73.02
467.42 53.69
477.31 52.79
469.67 48.75
476.41 43.35
467.42 35.26
476.41 27.62
462.92 28.07
465.17 20.87
461.12 15.48
459.78 9.63
470.12 12.78
473.26 19.52
461.12 0.19
429.21 1.99
434.60 6.04
443.59 1.99
