26.66 377.52
0.14 348.30
10.03 340.66
4.64 360.44
32.06 351.00
23.97 359.54
31.61 334.81
23.52 328.07
29.36 322.67
28.46 314.13
22.62 312.34
37.45 312.78
28.01 287.61
18.12 293.00
12.28 299.30
5.99 290.76
10.93 283.11
0.14 277.72
7.78 240.41
1.94 250.75
12.28 248.05
15.43 265.58
25.32 266.03
21.72 257.94
20.37 278.62
39.70 300.65
43.30 289.41
33.86 282.22
37.90 267.83
46.45 271.88
57.23 288.06
55.44 296.60
54.09 313.23
59.93 315.48
67.57 310.09
70.27 301.55
71.17 290.76
65.33 283.56
88.70 297.95
108.03 310.54
81.06 285.81
72.07 276.82
62.18 273.22
3.74 171.18
5.09 166.23
10.48 168.93
6.44 152.74
0.14 146.90
5.54 136.11
12.73 132.07
12.28 126.22
16.33 137.46
19.92 141.06
0.37 195.00
0.37 201.75
8.91 221.08
8.46 232.32
20.15 231.42
15.20 228.27
19.70 239.51
25.99 247.60
16.55 252.99
36.33 248.95
29.14 240.41
27.34 226.92
30.04 219.73
20.15 209.39
25.54 208.94
31.83 208.94
25.54 201.30
21.50 200.85
9.81 203.09
4.41 206.69
10.71 193.65
17.90 192.31
10.71 183.31
7.56 175.67
17.45 175.67
23.29 185.11
25.54 190.06
33.63 198.60
32.28 187.81
30.94 181.07
28.69 175.67
25.54 161.74
21.50 163.53
17.45 155.89
14.75 164.43
8.01 160.39
8.46 146.90
17.00 148.25
26.89 154.99
27.79 149.60
33.63 141.06
30.94 145.55
27.34 138.81
26.89 130.72
17.90 129.82
19.25 114.98
11.16 120.38
1.71 114.53
3.96 109.14
3.96 105.09
9.36 97.90
5.76 92.95
12.95 76.77
20.15 104.64
16.55 99.25
15.20 89.36
20.15 90.26
29.14 92.50
24.19 106.89
25.99 100.60
35.43 101.50
29.59 109.59
36.33 115.43
30.94 117.23
32.73 125.77
26.44 123.97
34.53 132.96
40.38 134.31
39.93 127.57
51.17 120.38
39.93 113.18
39.93 108.24
43.52 99.25
39.93 89.36
51.61 91.16
48.47 101.50
50.27 108.24
61.50 122.62
61.95 108.24
54.31 99.25
62.40 92.95
59.71 98.35
66.90 97.90
70.05 95.20
65.55 86.21
63.30 83.51
1.04 48.60
14.98 58.94
8.68 66.58
14.98 65.23
14.53 51.30
14.08 45.45
10.93 40.06
5.54 31.52
16.33 31.97
14.53 26.12
20.82 20.73
20.82 15.78
8.23 16.23
0.14 16.68
18.12 8.14
29.36 26.12
28.01 18.48
23.97 43.20
18.12 40.96
36.11 49.50
29.81 54.44
28.46 65.68
27.56 79.62
41.50 68.38
37.00 62.09
50.04 61.64
52.74 66.58
43.75 50.85
57.68 46.80
57.68 42.31
48.24 40.51
32.96 39.61
39.70 40.06
27.56 44.10
47.34 28.82
41.50 21.63
36.11 20.73
31.61 13.53
50.04 12.63
59.48 13.53
65.33 14.88
59.48 6.34
49.14 4.54
73.42 7.24
79.71 8.14
88.25 5.89
91.40 9.04
93.65 6.34
99.04 7.69
100.39 2.74
106.24 7.24
81.06 18.03
74.32 18.48
71.17 25.67
74.32 33.76
62.18 25.22
81.06 47.25
66.67 45.45
63.98 35.56
75.22 53.09
63.08 62.09
68.47 60.74
75.67 70.63
49.14 83.21
46.00 78.72
87.35 39.16
95.45 18.48
100.84 13.08
95.45 23.42
83.76 27.47
100.84 43.20
108.03 43.65
119.27 39.61
107.58 36.91
112.53 34.21
119.72 34.21
112.53 27.92
110.28 11.29
111.18 7.69
88.25 53.99
88.25 61.64
90.05 76.92
97.24 71.53
96.35 67.48
109.83 67.48
103.09 61.64
116.57 58.49
116.57 50.40
126.02 47.25
133.66 46.80
131.41 56.24
130.06 32.42
133.66 28.37
118.37 22.97
112.08 21.18
130.06 17.13
124.67 8.59
124.22 4.54
117.92 3.19
133.66 4.99
133.21 7.69
140.85 9.04
135.46 13.53
144.00 22.08
148.04 10.39
152.99 7.69
152.99 0.95
146.25 4.09
161.08 4.99
147.59 26.57
156.14 21.18
156.58 16.23
141.30 33.31
141.75 48.60
144.90 42.31
139.05 62.09
148.49 55.34
159.28 69.28
129.61 79.62
127.36 73.77
117.92 80.97
113.88 76.47
103.99 86.81
103.99 93.10
109.83 98.95
120.17 93.55
113.43 95.35
97.24 89.96
100.84 96.25
88.70 108.84
84.21 101.65
69.37 104.34
75.22 116.93
67.12 120.08
74.32 111.54
58.13 137.61
59.48 144.80
39.25 149.75
49.14 152.00
48.69 146.60
43.30 156.94
34.31 162.78
46.00 165.48
46.89 176.27
41.05 169.98
39.70 180.32
39.70 187.51
45.10 194.25
49.59 204.59
48.69 215.83
56.34 198.75
55.44 193.35
50.04 187.06
56.78 186.16
53.19 182.12
59.93 179.42
63.08 186.61
65.33 189.76
75.67 189.76
68.47 180.77
76.12 175.37
70.27 164.58
66.67 172.67
57.23 169.53
54.09 161.89
68.02 159.64
66.67 148.85
71.17 142.11
79.71 128.17
82.86 135.81
83.76 142.11
82.86 151.10
86.46 158.74
75.67 152.00
139.28 476.72
81.29 466.83
41.72 456.49
32.28 433.56
39.93 423.22
48.47 436.71
54.31 427.72
79.04 450.65
87.13 444.80
97.47 447.95
120.40 449.30
104.66 432.22
75.89 425.92
75.89 412.44
57.46 408.84
74.09 398.95
63.75 390.86
75.89 377.37
50.27 377.37
39.93 361.19
38.13 384.11
28.69 401.20
76.34 364.33
86.23 381.42
92.07 410.64
104.66 405.24
115.45 424.12
121.74 413.33
132.08 397.15
137.93 420.08
135.23 430.42
123.99 433.56
150.52 443.45
167.60 417.38
154.11 413.33
144.22 407.04
146.02 426.37
160.86 402.10
169.40 396.70
158.16 386.81
150.07 382.32
153.21 375.57
142.42 375.12
127.59 377.82
126.24 370.18
112.75 367.48
117.25 377.82
98.82 376.02
101.51 369.28
89.83 369.73
92.97 362.09
110.96 358.04
106.46 344.10
97.02 346.80
90.28 320.73
70.50 324.77
56.11 330.17
83.53 325.67
78.14 314.43
106.91 326.12
167.60 465.03
156.36 460.99
171.20 450.20
177.49 441.21
176.59 420.98
188.28 419.18
203.56 416.03
203.11 439.86
190.98 444.80
192.77 431.77
179.74 387.26
178.39 372.87
173.44 359.84
161.75 351.75
153.21 358.49
140.63 357.14
138.38 365.23
131.63 358.49
134.78 349.50
124.44 349.50
128.04 335.11
116.35 331.52
132.53 320.73
119.95 309.94
134.33 309.04
143.77 303.19
139.28 313.53
144.22 326.57
137.93 334.21
141.97 342.31
158.61 340.06
156.36 327.47
160.41 306.34
175.69 321.63
169.85 333.31
176.14 338.71
187.38 333.31
198.17 339.16
196.82 352.20
190.53 350.40
195.47 378.27
207.61 389.96
196.82 402.10
221.54 410.64
229.64 395.35
221.10 384.11
226.94 374.22
224.69 362.98
211.21 369.28
203.11 371.08
210.76 350.85
211.65 329.72
201.32 328.37
202.21 318.48
186.03 318.03
176.14 313.53
164.90 317.13
208.96 476.72
220.20 449.75
223.79 471.78
239.98 459.19
240.88 441.21
244.47 428.62
252.11 409.29
238.18 410.64
237.73 392.65
253.91 395.80
246.72 368.38
245.82 354.89
228.74 348.60
226.94 329.72
226.94 319.83
234.13 324.77
232.78 334.66
245.37 325.22
239.53 343.65
236.83 354.44
255.71 356.69
259.31 339.16
268.30 364.33
259.76 378.72
269.20 382.76
266.50 414.23
264.70 433.56
262.90 449.75
261.11 467.28
290.78 474.92
277.29 459.19
295.27 448.40
301.56 433.56
288.98 427.72
292.57 414.23
279.54 416.03
286.28 387.26
301.56 403.44
302.01 419.18
318.20 414.68
324.94 416.03
322.69 436.26
324.49 446.60
312.80 441.21
328.99 462.78
320.45 471.78
305.61 389.06
300.67 378.27
284.48 371.53
282.23 361.64
277.29 354.44
297.07 352.20
318.65 371.08
331.68 392.21
317.30 395.80
352.81 403.44
346.07 380.97
336.63 368.38
328.09 358.94
320.45 347.70
321.35 324.32
219.75 313.53
213.90 303.19
204.91 302.30
191.43 300.95
178.39 303.19
195.47 309.94
230.54 308.14
224.69 300.05
246.27 306.34
259.76 315.33
260.66 320.28
257.96 308.14
268.30 306.79
273.69 318.93
270.10 333.76
277.29 324.32
260.66 327.92
282.68 336.91
284.48 326.12
296.17 336.91
292.57 331.52
311.46 330.62
302.01 320.28
309.66 355.34
403.16 478.22
392.37 469.23
354.61 463.83
374.39 469.23
385.18 456.64
375.29 447.65
390.58 441.36
407.66 427.87
396.87 413.48
389.68 408.99
442.72 458.89
362.25 404.04
375.29 376.62
358.66 378.87
356.86 387.86
387.43 381.57
399.12 390.56
385.63 365.83
370.80 363.13
358.66 352.35
349.67 368.08
410.36 383.36
408.56 365.38
407.21 348.30
396.42 342.01
382.03 340.21
369.45 344.25
362.25 325.82
346.52 313.68
337.08 320.43
333.48 309.64
310.11 311.44
312.80 289.41
290.33 293.90
278.19 285.81
261.55 295.70
249.42 296.60
235.48 297.05
232.78 289.41
242.67 280.87
216.60 283.11
205.36 279.07
213.90 270.08
176.59 288.96
162.20 291.66
154.56 299.30
137.48 286.26
160.86 276.37
142.42 270.08
167.60 264.68
173.44 268.28
169.85 277.27
184.68 267.38
178.84 260.64
184.68 286.26
285.38 312.78
279.54 305.59
264.25 285.36
259.31 275.47
234.58 278.62
236.38 264.23
225.59 262.88
213.00 259.29
204.01 262.44
219.30 248.95
57.46 261.99
61.06 252.54
76.34 262.44
74.09 252.10
77.24 241.76
93.87 257.94
86.68 252.99
97.92 279.52
90.73 278.62
115.45 285.36
104.21 300.65
115.00 295.25
125.79 277.27
127.14 264.68
111.41 268.28
109.16 257.49
106.01 250.75
119.50 245.35
101.96 236.81
98.82 226.47
83.53 225.57
78.14 223.32
77.24 231.42
83.08 238.16
65.55 240.86
66.90 230.52
60.16 231.87
53.86 239.96
43.52 237.26
48.47 226.92
39.03 222.87
38.58 232.32
60.61 217.48
62.85 212.53
71.84 215.23
66.45 199.50
78.59 196.80
76.79 207.59
81.73 213.88
83.98 203.54
95.22 210.74
89.38 217.93
105.11 211.64
97.47 198.60
98.82 217.93
83.08 187.36
87.13 180.17
81.29 163.08
96.12 167.13
84.43 167.58
96.12 157.69
88.93 152.30
90.73 145.55
95.67 151.40
103.76 162.19
103.76 155.89
108.26 149.60
110.06 138.36
99.27 144.20
90.73 140.61
97.47 127.57
89.83 128.02
92.97 120.38
88.48 121.73
80.39 120.38
91.62 186.01
96.12 180.17
102.41 181.97
104.21 195.90
111.85 197.70
116.35 204.44
120.85 205.34
124.44 215.68
113.20 226.92
115.90 218.83
127.14 225.12
123.54 231.42
117.25 232.76
109.61 237.26
130.29 242.21
131.63 232.76
139.73 234.56
141.97 248.05
134.78 247.15
150.97 247.15
145.57 221.08
151.86 216.58
135.23 208.94
140.63 197.70
132.98 181.97
123.99 190.96
119.50 183.31
128.49 171.18
122.19 176.57
112.30 165.78
113.20 161.29
119.95 170.28
143.77 176.12
136.58 168.48
131.19 164.43
124.44 163.08
128.49 154.99
119.05 160.39
115.00 151.85
118.15 141.51
128.04 143.75
123.99 148.70
131.19 150.95
134.78 145.55
138.83 156.34
143.32 163.98
155.91 159.49
150.97 169.38
154.11 177.92
155.46 189.16
163.55 201.75
141.97 213.88
170.30 217.93
161.31 231.87
155.01 239.96
146.47 234.11
172.09 251.20
161.75 252.99
148.27 268.28
184.68 248.05
178.84 239.51
182.43 229.62
190.08 216.13
179.74 207.14
181.53 200.40
177.94 180.62
172.54 178.37
165.35 180.17
163.10 171.18
163.55 163.98
166.70 158.59
171.64 163.98
177.94 172.52
187.38 167.58
190.53 160.39
185.58 158.59
179.29 156.79
174.34 145.10
167.15 142.41
155.46 148.70
150.07 152.74
147.37 145.55
143.32 138.81
136.13 134.76
137.03 123.97
130.74 124.87
129.39 114.53
204.01 246.70
197.27 249.85
204.01 226.47
204.01 236.81
219.30 242.65
212.55 249.40
194.12 238.61
195.92 220.63
198.62 212.53
193.22 207.14
203.56 207.14
198.62 200.40
207.16 196.80
215.70 195.45
213.90 199.50
214.35 186.91
201.76 180.17
205.81 178.37
196.37 170.73
185.13 181.97
187.83 195.00
233.23 220.63
236.38 210.74
226.49 208.94
215.25 221.53
218.40 210.74
209.41 216.58
213.45 233.66
225.59 235.01
230.09 248.05
240.43 245.80
248.07 253.44
243.57 262.88
260.21 264.68
284.93 277.72
288.53 271.88
281.78 260.64
271.45 257.49
258.41 250.30
265.15 245.35
273.69 241.31
284.48 248.95
282.68 237.26
278.19 226.92
275.94 219.73
266.95 210.74
258.86 215.68
250.77 213.43
259.76 205.34
250.77 205.79
248.07 201.30
238.18 196.35
224.24 193.20
230.99 181.97
226.49 173.87
219.30 172.08
213.45 175.67
242.67 271.88
303.81 273.67
295.72 275.47
320.90 310.54
328.09 291.66
329.89 303.79
344.27 301.10
337.08 284.01
326.29 279.07
333.48 257.04
322.69 244.45
313.25 245.80
296.62 238.61
297.07 250.30
288.98 264.68
303.36 262.88
343.37 280.87
339.33 265.58
343.82 250.30
335.28 248.50
339.33 237.26
340.68 227.82
330.34 228.72
332.13 221.53
316.40 223.32
322.69 236.36
315.50 234.11
310.11 232.32
300.22 231.42
299.32 225.57
295.72 221.53
286.28 223.77
292.12 212.53
286.28 214.78
272.34 207.14
282.68 200.85
258.86 195.90
260.21 189.16
253.01 188.71
275.04 169.38
252.56 170.73
265.60 169.83
264.25 160.39
254.36 159.94
256.61 151.85
246.27 158.59
235.03 159.04
229.64 159.49
220.65 160.39
223.79 165.78
208.51 156.79
214.80 153.19
207.16 146.45
198.17 142.41
191.87 147.80
185.58 143.75
181.53 137.01
180.64 130.27
171.20 136.11
170.75 121.73
173.44 117.68
155.91 117.68
153.21 123.97
156.81 133.86
159.06 140.61
168.05 129.82
141.52 108.24
152.31 105.99
161.75 109.59
167.60 101.95
164.00 92.95
159.96 100.15
155.46 97.45
149.62 92.06
144.67 97.90
122.64 109.14
110.51 115.43
112.75 128.02
112.75 120.83
130.29 101.05
120.40 99.25
128.49 88.01
173.44 110.19
186.03 117.83
180.64 118.73
190.08 129.97
195.02 132.66
204.01 135.81
212.55 138.06
216.15 129.97
212.10 124.57
208.51 128.17
204.01 129.52
197.72 124.57
198.17 118.28
204.01 117.83
199.97 112.44
203.11 106.59
194.57 103.89
189.18 110.64
187.38 102.99
187.38 98.05
175.24 99.40
169.85 93.10
178.84 93.10
178.84 84.11
168.95 83.66
173.44 75.57
182.88 70.63
176.59 65.23
168.95 61.64
159.51 56.24
165.80 55.79
155.01 61.64
142.87 83.66
146.92 81.42
133.43 80.07
153.66 84.56
159.96 87.71
151.86 70.18
310.56 214.48
310.11 211.34
306.96 202.79
296.62 205.04
290.33 193.80
281.78 188.41
271.00 195.60
281.34 169.53
284.03 175.82
293.47 175.37
292.12 166.83
295.72 162.34
288.98 154.69
281.78 160.54
275.94 154.69
271.45 147.95
279.09 143.00
272.34 138.96
264.70 144.35
254.36 141.66
247.62 142.55
238.18 148.40
238.18 143.45
226.49 142.11
223.79 147.95
235.03 130.87
225.59 131.32
234.13 119.18
228.29 117.38
223.34 120.53
220.65 109.29
227.39 102.54
221.54 94.45
219.30 99.40
213.90 103.44
202.21 95.80
206.26 85.01
199.52 85.01
193.22 86.81
200.42 76.92
193.22 69.28
186.03 64.78
186.03 58.04
180.19 49.95
171.20 49.95
162.65 48.60
173.44 40.06
168.50 32.42
160.86 36.01
167.15 25.67
156.36 29.27
150.97 32.42
187.83 43.20
185.58 36.91
196.37 36.46
194.12 23.87
184.68 24.77
180.19 30.17
173.89 18.93
166.25 18.03
173.44 12.19
169.85 9.49
162.20 9.94
178.84 9.94
172.54 4.54
181.09 4.09
185.13 7.24
190.08 6.34
188.73 2.30
190.98 17.58
185.13 18.48
178.84 16.68
195.92 13.98
202.21 16.68
204.46 6.79
199.52 0.50
194.57 0.50
461.60 460.24
475.09 453.94
470.60 435.06
453.51 440.46
427.44 427.87
452.61 411.69
429.24 396.40
434.63 373.92
454.41 384.71
461.60 388.31
472.39 405.39
466.55 375.27
453.96 370.33
465.65 353.24
437.33 353.69
407.21 334.36
403.61 323.57
377.99 331.22
371.69 324.02
377.99 310.54
371.25 296.15
359.56 305.59
353.26 287.61
372.59 283.11
356.86 278.62
357.31 268.73
350.12 267.38
369.45 267.38
370.80 256.59
364.05 247.60
352.36 250.75
360.01 235.91
351.47 236.81
347.87 236.81
345.62 230.97
355.06 230.07
350.57 224.67
360.46 222.43
349.22 215.23
349.67 206.24
334.38 200.85
342.47 201.30
347.87 195.45
352.36 186.91
342.92 190.06
324.94 201.30
315.50 200.85
312.35 191.86
305.61 192.75
302.91 188.26
302.91 173.87
311.90 175.67
382.03 257.94
386.98 268.28
388.33 259.74
333.48 210.29
362.70 211.64
373.94 224.22
379.79 229.17
373.49 212.53
369.00 197.25
360.46 195.45
361.36 204.44
376.64 181.07
369.45 183.31
363.15 185.56
343.82 177.02
325.39 184.21
329.89 173.87
336.18 164.43
329.89 160.39
319.10 166.68
322.69 157.69
313.70 161.74
346.52 166.68
354.61 166.23
346.07 161.29
341.13 155.44
364.95 163.08
359.56 156.34
353.71 155.44
372.59 163.08
378.44 164.43
377.99 155.44
369.45 152.30
384.28 174.32
387.43 184.66
389.23 235.01
398.22 229.62
387.88 223.77
400.92 221.53
391.48 204.44
405.41 195.45
401.37 190.96
396.42 186.01
405.41 182.86
404.96 170.73
401.37 160.84
395.07 161.74
394.17 153.64
387.43 152.74
406.76 251.20
411.26 251.20
401.81 242.65
400.92 235.46
409.01 239.51
418.90 234.11
425.64 225.12
426.99 235.46
431.93 243.55
423.84 255.69
417.55 256.59
422.49 245.35
409.46 266.93
405.86 274.57
400.47 272.77
399.57 284.46
394.62 301.55
378.44 291.21
405.41 294.80
413.95 310.54
394.62 315.48
425.19 319.53
439.58 328.07
430.59 306.94
425.19 300.20
432.38 292.11
428.79 279.52
418.00 272.77
417.10 280.87
440.03 288.96
438.23 302.45
446.32 310.09
459.36 317.73
459.81 337.96
476.89 326.72
467.45 331.22
471.94 313.23
466.55 308.74
456.66 298.40
472.84 294.80
448.57 290.76
466.10 270.98
458.91 261.99
442.72 256.14
446.77 244.45
453.96 242.21
444.97 236.81
457.56 232.32
453.96 222.87
446.77 222.43
449.92 214.78
440.03 207.59
414.40 211.64
417.10 200.85
421.59 206.24
417.55 192.75
420.25 183.76
414.40 186.46
423.39 177.47
435.98 186.46
429.69 189.61
430.59 201.30
466.55 211.64
462.95 205.79
455.76 200.85
461.16 195.45
445.87 186.01
444.97 178.82
436.43 172.97
449.47 165.78
437.78 158.59
444.52 157.69
430.59 153.64
419.80 166.68
420.25 159.49
414.40 156.34
401.81 152.74
376.64 243.55
375.29 236.36
425.19 333.91
431.04 345.60
426.99 365.38
441.82 386.06
440.93 418.88
429.24 413.93
416.65 402.69
374.84 409.44
339.78 410.79
475.54 244.00
467.00 241.76
476.44 235.01
469.70 223.32
479.14 227.37
475.99 199.05
466.55 187.81
471.05 179.27
462.95 175.22
458.91 162.19
465.20 154.99
459.36 153.19
453.06 153.19
445.87 150.50
473.74 171.18
474.19 164.43
478.24 155.89
260.66 236.06
254.36 222.57
245.82 231.57
244.02 221.23
265.15 227.52
257.96 225.72
251.66 227.52
315.50 219.43
397.32 255.84
392.82 245.95
389.23 240.56
168.05 190.66
263.35 137.16
254.81 130.42
248.07 129.07
240.88 121.88
245.37 117.38
248.97 111.99
257.96 121.88
266.95 120.98
268.75 131.77
278.64 127.72
269.65 114.23
275.49 118.73
275.04 111.09
272.79 103.44
262.45 108.84
258.86 104.34
256.16 110.64
249.87 105.69
242.67 104.34
248.07 98.50
234.58 99.40
235.93 102.99
238.63 111.54
228.29 90.41
233.68 86.81
233.68 80.52
224.69 85.01
214.35 86.81
220.65 74.67
217.95 60.29
208.06 76.02
194.57 51.30
202.21 52.64
194.57 57.14
199.97 44.55
208.96 49.05
215.70 49.95
221.10 51.75
228.74 53.09
223.34 43.65
223.79 38.26
231.88 40.96
212.10 37.81
217.05 43.65
208.51 40.51
201.76 23.87
209.41 17.58
215.25 21.63
209.86 24.77
215.70 27.47
226.04 22.97
221.10 12.19
213.90 12.63
215.70 6.79
231.44 13.53
233.68 23.42
247.62 22.52
249.42 18.48
244.02 34.21
242.67 27.02
249.87 31.97
252.11 43.20
248.07 44.55
251.66 52.64
242.67 54.44
242.67 63.88
242.22 77.37
258.41 79.62
257.06 73.77
257.96 65.68
257.06 50.85
266.05 49.50
261.55 36.91
258.41 38.26
270.55 45.00
259.76 29.27
270.55 27.47
261.11 16.23
258.86 11.74
251.66 13.53
244.47 13.53
244.47 7.69
238.18 12.63
248.97 8.14
251.66 4.54
257.06 4.09
251.22 1.40
239.98 3.64
235.03 5.44
230.99 7.69
230.09 4.09
222.89 4.99
265.15 81.87
249.42 88.16
270.10 96.70
260.66 94.45
266.05 89.96
276.39 93.10
279.54 86.36
275.49 76.02
272.34 68.38
271.00 58.04
275.04 41.41
279.09 29.72
280.89 49.95
287.63 51.75
287.63 43.65
285.83 72.87
289.43 82.76
286.73 98.05
283.13 93.10
283.58 104.79
294.37 110.19
285.83 112.88
289.43 123.22
285.83 118.28
292.12 118.73
300.22 129.97
291.67 134.46
286.28 130.42
293.02 125.92
298.42 138.51
285.83 144.80
282.23 137.61
295.72 152.45
295.27 144.80
303.81 149.75
304.71 143.45
305.61 133.11
309.66 140.76
312.35 126.37
320.00 133.56
317.30 140.76
320.00 145.70
311.01 149.75
302.46 162.34
310.56 111.54
301.12 112.88
297.97 98.05
301.56 91.76
293.02 85.46
302.91 78.72
296.62 68.83
288.53 66.13
292.12 56.24
297.07 44.55
231.88 63.88
326.74 150.65
335.28 145.70
335.73 140.76
331.24 135.36
331.68 129.97
325.84 123.22
323.59 133.11
318.65 117.83
324.04 119.18
331.68 112.44
309.21 101.20
310.11 93.10
307.86 86.81
320.90 94.90
329.44 106.59
322.24 112.88
339.78 136.26
351.47 132.22
348.77 137.61
346.07 142.55
342.92 147.95
366.30 138.96
355.06 142.55
360.01 139.86
365.40 146.15
374.84 152.89
380.24 149.75
382.93 142.55
377.09 142.55
373.04 136.26
391.03 137.61
392.82 142.55
399.12 140.76
403.61 145.70
409.01 144.35
408.56 138.51
421.59 139.41
422.94 130.42
415.75 129.07
395.52 120.53
386.53 127.72
384.28 121.43
377.99 116.93
371.25 120.08
363.15 116.48
358.66 111.54
367.20 107.94
350.57 101.65
343.37 105.24
343.82 110.19
346.52 112.44
347.87 127.72
361.80 131.77
344.27 97.15
333.03 92.65
335.28 83.66
322.69 85.01
315.05 85.01
310.11 79.62
315.95 74.22
310.11 69.28
315.05 61.64
304.26 56.69
306.51 49.05
316.85 49.05
310.11 45.00
326.29 47.70
326.74 62.09
333.93 58.04
331.68 69.73
331.68 74.22
342.47 70.63
347.87 76.92
352.36 67.03
356.86 74.67
351.91 92.65
359.11 86.81
367.65 95.80
364.50 86.36
390.13 102.54
387.43 113.78
377.54 110.19
398.67 104.34
404.51 108.39
410.36 118.73
403.61 134.91
427.44 119.63
418.45 113.78
415.30 99.85
409.01 101.20
409.01 90.41
400.02 86.36
394.62 88.61
387.43 87.71
381.58 88.61
383.38 85.01
385.63 80.52
375.74 74.22
369.90 72.43
332.13 43.65
330.79 37.81
314.60 40.51
325.39 33.31
339.33 49.05
340.23 54.44
360.91 58.49
365.40 54.44
360.46 46.80
356.86 41.86
351.47 43.65
350.12 39.16
346.07 37.81
347.87 31.07
337.53 32.86
335.28 23.42
341.57 22.08
343.82 16.68
290.78 32.42
298.42 26.57
288.53 24.77
282.23 18.48
270.10 12.63
263.80 9.49
275.49 5.89
268.75 4.09
265.15 2.30
275.94 0.95
283.13 4.09
284.93 10.39
288.53 5.89
291.67 8.59
292.12 14.88
288.53 17.13
297.52 9.94
293.47 4.09
306.51 14.43
308.31 18.48
304.71 24.77
303.81 5.44
308.31 8.59
315.50 13.53
314.60 25.67
316.40 20.28
320.90 23.87
326.29 8.59
320.90 4.54
316.40 4.99
312.35 3.64
361.36 30.17
355.51 20.73
352.36 16.23
365.40 16.68
366.75 43.65
369.90 37.81
378.44 36.91
372.59 47.25
373.04 56.24
384.28 65.23
385.63 52.64
377.09 56.24
390.58 61.19
391.92 71.53
396.42 61.19
399.57 72.43
404.06 79.17
413.05 75.12
412.15 69.73
417.10 62.53
410.36 53.54
412.15 48.15
415.75 41.86
403.61 44.10
395.52 51.30
390.58 45.00
395.52 37.81
391.03 37.81
385.18 40.51
380.69 31.52
380.69 23.87
372.59 18.03
427.44 138.06
437.33 137.16
434.63 146.60
440.93 146.15
445.87 143.45
443.17 138.51
446.77 136.26
441.38 133.56
435.98 126.37
435.53 115.58
444.97 119.18
447.67 114.68
452.16 124.12
451.27 129.07
458.01 130.87
471.94 141.66
461.60 140.31
468.35 129.97
463.85 117.83
440.48 108.84
435.08 102.54
435.98 98.05
425.19 81.87
431.49 79.62
423.39 75.12
419.35 85.01
428.34 90.86
426.99 110.19
420.25 100.30
444.52 92.65
438.23 85.91
448.57 80.07
442.72 72.87
454.41 95.35
458.91 102.99
450.37 102.99
442.72 100.75
468.35 111.54
462.05 111.09
468.35 98.05
461.16 94.00
474.64 84.11
478.24 76.02
478.69 89.06
479.14 94.00
474.64 104.79
475.99 123.67
458.46 72.87
457.56 79.62
453.06 74.22
453.96 59.84
450.37 50.85
432.38 69.73
437.78 63.43
435.98 50.85
411.26 29.27
405.41 29.27
401.81 10.39
407.21 14.88
394.17 18.03
389.23 17.58
394.17 11.29
378.44 13.08
373.49 2.74
365.85 5.89
355.06 2.30
351.47 5.89
342.02 2.30
337.98 10.39
462.95 56.69
458.91 47.70
457.11 38.71
450.82 42.75
440.03 47.70
437.78 40.06
419.80 45.90
422.94 40.51
421.15 55.79
437.78 31.07
436.88 25.22
428.34 24.77
419.80 22.52
422.04 27.47
424.29 15.78
410.81 20.28
410.36 3.19
399.12 0.50
386.08 1.40
390.13 4.09
387.43 10.39
472.17 58.04
473.52 41.86
463.18 40.96
464.53 34.66
454.19 31.07
446.10 34.21
439.80 34.66
448.79 26.57
445.65 14.88
429.91 15.78
433.06 5.89
420.92 3.64
415.98 5.89
473.52 33.76
468.57 27.47
461.38 27.47
462.73 21.18
478.91 23.87
469.92 20.28
474.42 9.49
473.97 14.88
459.58 11.74
468.12 4.99
468.57 0.50
459.13 5.89
451.04 5.89
451.49 12.19
439.80 5.89
444.75 3.64
437.10 0.05
429.46 0.50
411.03 10.84
418.22 16.68
419.57 11.29
425.42 7.69
473.97 69.28
470.37 76.02
