3.52 367.56
15.21 381.04
22.85 391.38
3.07 401.27
17.46 399.93
40.84 397.23
36.79 380.59
44.43 381.49
17.46 367.56
12.07 357.22
14.31 348.23
1.28 344.18
1.28 335.64
1.28 325.30
17.01 324.40
10.27 306.87
12.07 286.64
3.07 282.59
9.82 261.46
22.85 299.68
33.64 297.43
30.95 322.15
22.85 336.54
52.08 357.67
34.09 350.03
55.67 392.73
72.75 373.40
72.75 386.89
89.39 388.69
83.99 379.70
72.31 361.26
64.66 354.97
52.08 342.83
62.42 338.79
68.71 334.74
62.42 324.85
50.73 311.81
41.74 321.70
77.25 338.34
96.58 376.55
110.52 378.80
101.98 355.42
100.18 338.34
115.46 345.53
111.87 332.49
87.59 327.10
94.78 320.80
88.04 342.83
87.14 313.61
71.41 311.81
75.00 301.02
66.01 286.64
85.79 283.49
98.38 305.07
97.48 314.51
106.92 312.71
114.56 319.01
96.58 287.54
51.18 281.24
26.45 280.79
30.95 268.66
18.81 260.56
17.91 270.01
38.59 282.59
45.78 267.31
30.50 252.47
7.12 251.57
22.85 245.28
26.00 238.09
8.02 239.89
162.66 305.52
133.89 300.57
119.06 287.54
113.21 292.48
128.05 285.74
112.76 276.75
106.47 283.49
101.98 264.61
88.94 269.56
82.64 256.97
71.86 270.46
71.41 257.42
61.52 263.26
49.38 255.62
39.49 264.16
39.04 247.08
40.39 237.19
49.38 238.09
46.23 246.18
56.57 238.99
69.16 246.18
83.54 239.89
74.10 225.50
60.62 230.00
52.97 217.41
62.42 216.96
70.06 215.61
67.81 201.67
60.62 204.82
53.42 204.82
4.87 225.95
12.51 226.40
19.71 228.65
26.90 224.60
22.41 203.92
45.78 223.70
34.99 221.00
38.59 211.56
34.09 200.33
12.96 205.27
0.83 192.23
7.12 178.75
5.77 142.33
13.86 150.87
26.45 152.67
33.64 143.68
26.45 141.88
96.58 241.68
105.57 246.63
109.17 259.67
123.10 271.35
127.60 265.06
135.24 258.32
136.14 276.30
146.03 268.66
135.69 267.31
140.64 288.44
168.06 279.00
159.97 287.54
167.61 262.81
159.52 256.07
165.36 250.67
164.46 242.13
158.62 240.34
134.34 241.23
121.76 242.13
112.76 241.23
112.32 229.10
102.43 225.50
88.49 223.25
82.20 223.70
78.60 204.82
78.60 216.96
84.44 211.56
94.33 206.62
102.87 218.31
87.59 202.12
78.60 192.68
69.61 190.44
64.21 190.44
55.22 192.23
45.78 192.23
25.55 191.33
15.66 191.33
17.91 176.50
24.65 173.35
40.39 184.14
37.69 190.88
52.52 178.75
47.13 173.35
36.34 173.35
38.59 179.20
4.87 131.99
17.46 133.34
0.83 122.10
3.97 109.97
9.37 117.61
9.37 125.70
20.16 112.21
11.62 107.27
17.01 103.67
13.41 96.93
5.77 96.48
12.07 90.19
21.06 90.19
17.46 82.54
21.06 75.35
1.28 85.24
0.38 76.70
1.28 69.06
3.97 61.86
9.37 60.51
12.07 82.09
18.81 62.31
20.61 56.02
18.36 49.73
14.76 44.33
8.92 49.73
3.07 51.97
3.07 41.18
7.12 33.99
13.86 32.19
0.38 31.29
5.32 20.95
13.41 17.81
17.46 5.22
22.85 2.52
32.74 7.92
39.04 8.37
33.19 17.81
32.30 29.05
34.54 36.24
38.14 47.93
26.90 41.18
23.30 32.64
44.43 37.59
46.23 46.58
43.53 56.92
33.64 56.92
25.55 47.48
33.19 71.30
41.29 86.14
30.05 90.19
27.80 98.73
35.44 118.06
47.58 99.63
38.59 96.93
53.42 98.73
60.62 85.24
61.52 77.60
52.08 79.85
51.63 84.34
62.42 113.11
63.31 127.50
69.61 119.41
60.17 120.31
57.92 122.55
59.27 132.89
53.42 127.50
48.48 123.45
42.63 120.31
48.03 111.31
37.69 127.50
41.29 148.18
47.13 140.53
39.04 136.94
57.02 147.28
62.86 163.46
66.01 148.63
75.90 147.28
70.96 139.64
70.51 131.09
76.35 127.50
87.59 125.70
85.34 131.09
87.59 141.88
94.78 141.43
94.78 149.53
91.64 159.87
85.34 160.32
83.54 172.90
90.74 172.00
78.60 164.81
71.41 167.06
54.77 167.06
61.07 177.85
66.01 176.50
71.86 178.75
78.60 181.89
93.43 186.84
95.23 177.40
104.22 186.84
101.53 200.77
110.07 218.76
115.91 206.62
124.90 212.46
132.54 223.70
120.41 232.24
173.45 240.78
164.01 215.61
154.12 221.00
148.28 227.30
141.99 218.76
146.93 211.11
136.14 205.72
125.35 196.73
117.71 200.77
118.16 194.03
121.76 185.04
114.11 168.86
105.57 162.11
99.73 156.72
109.62 152.67
119.96 152.67
115.01 159.87
103.77 133.34
130.30 170.65
130.75 161.21
143.78 168.41
137.94 178.75
148.28 176.05
151.43 193.58
161.32 194.03
157.72 185.94
156.37 206.62
175.70 228.65
179.30 217.41
169.86 210.22
173.90 195.83
182.45 199.88
193.23 216.06
191.44 224.60
190.09 241.23
195.93 243.48
203.57 238.09
206.27 229.55
207.17 218.76
201.33 211.56
224.70 225.95
244.03 238.54
217.06 213.81
208.07 204.82
198.18 201.22
97.48 123.45
92.98 116.26
82.64 120.31
83.09 105.47
73.65 105.02
66.01 105.02
75.90 92.88
70.06 87.94
76.80 82.99
83.99 76.25
87.14 86.59
92.09 95.58
88.49 98.73
96.58 102.77
101.53 105.02
105.57 93.33
106.02 80.30
97.03 74.90
103.77 66.36
109.17 66.36
107.37 60.07
94.78 65.46
84.44 61.86
89.39 69.06
75.45 64.56
70.06 67.26
62.86 72.20
57.02 61.86
50.28 54.67
52.52 49.28
62.42 54.67
62.86 42.08
54.32 38.94
57.02 19.61
47.13 29.95
70.96 40.29
67.81 28.60
68.26 20.95
94.78 49.73
88.04 52.87
80.40 42.08
87.59 33.99
83.99 28.60
80.40 21.85
88.94 23.20
78.60 3.42
66.91 8.82
43.53 20.95
53.42 2.52
41.29 2.97
107.37 11.06
128.95 2.52
128.95 10.61
124.00 15.56
115.01 22.30
105.12 26.35
94.78 26.80
110.52 32.64
124.00 32.64
130.75 27.70
112.76 52.87
100.63 45.23
112.76 45.23
124.45 41.18
132.54 48.38
132.99 38.49
120.86 54.67
117.26 60.51
125.80 56.47
123.55 65.01
131.20 60.07
131.65 67.26
128.05 74.90
114.56 70.85
115.91 76.25
118.61 84.34
116.36 92.43
121.76 76.25
126.70 83.44
129.85 91.53
119.06 102.77
129.85 98.28
139.74 99.18
141.09 94.23
146.48 96.93
142.44 80.74
134.79 78.95
136.14 74.90
141.54 64.11
135.69 63.21
148.73 60.07
148.28 54.22
152.33 65.46
155.92 69.06
111.64 136.04
107.59 113.11
100.40 114.46
123.33 128.40
120.18 122.10
112.99 120.75
109.84 127.50
118.38 114.46
112.99 109.07
123.78 112.66
123.78 105.92
131.42 116.26
127.38 123.45
136.37 123.00
136.37 129.75
134.57 140.09
123.78 148.18
131.42 153.12
144.91 149.08
144.46 160.32
156.15 159.42
151.20 156.27
155.70 167.51
161.99 175.60
152.55 180.99
172.33 176.95
165.14 168.41
163.34 154.92
166.04 147.73
156.15 137.39
161.54 136.94
167.83 136.94
161.54 129.30
157.50 128.85
145.81 131.09
140.41 134.69
146.71 121.65
153.90 120.31
146.71 111.31
143.56 103.67
135.92 106.37
153.45 103.67
159.29 113.11
161.54 118.06
169.63 126.60
168.28 115.81
166.94 109.07
164.69 103.67
161.54 89.74
157.50 91.53
153.45 83.89
150.75 92.43
144.01 88.39
144.46 74.90
153.00 76.25
162.89 82.99
163.79 77.60
169.63 69.06
166.94 73.55
163.34 66.81
162.89 58.72
153.90 57.82
155.25 42.98
147.16 48.38
137.71 42.53
139.96 37.14
139.96 33.09
145.36 25.90
141.76 20.95
148.95 4.77
156.15 32.64
152.55 27.25
151.20 17.36
156.15 18.26
165.14 20.50
160.19 34.89
161.99 28.60
171.43 29.50
165.59 37.59
172.33 43.43
166.94 45.23
168.73 53.77
162.44 51.97
170.53 60.96
176.38 62.31
175.93 55.57
187.17 48.38
175.93 41.18
175.93 36.24
179.52 27.25
175.93 17.36
187.61 19.16
184.47 29.50
186.27 36.24
197.50 50.62
197.95 36.24
190.31 27.25
198.40 20.95
195.71 26.35
202.90 25.90
206.05 23.20
201.55 14.21
199.30 11.51
163.56 7.62
185.14 11.21
182.00 6.72
226.05 4.92
265.61 7.62
263.36 1.77
253.92 8.97
249.88 4.47
239.99 14.81
239.99 21.10
245.83 26.95
256.17 21.55
249.43 23.35
233.24 17.96
236.84 24.25
224.70 36.84
220.21 29.65
205.37 32.34
211.22 44.93
203.12 48.08
210.32 39.54
194.13 65.61
195.48 72.80
175.25 77.75
185.14 80.00
184.69 74.60
179.30 84.94
170.31 90.78
182.00 93.48
182.89 104.27
177.05 97.98
175.70 108.32
175.70 115.51
181.10 122.25
185.59 132.59
184.69 143.83
192.34 126.75
191.44 121.35
186.04 115.06
192.78 114.16
189.19 110.12
195.93 107.42
199.08 114.61
201.33 117.76
211.67 117.76
204.47 108.77
212.12 103.37
206.27 92.58
202.67 100.67
193.23 97.53
190.09 89.89
204.02 87.64
202.67 76.85
207.17 70.11
215.71 56.17
218.86 63.81
219.76 70.11
218.86 79.10
222.46 86.74
211.67 80.00
292.81 448.33
271.68 434.84
283.82 425.85
300.00 415.51
275.28 404.72
217.29 394.83
177.72 384.49
168.28 361.56
175.93 351.22
184.47 364.71
190.31 355.72
215.04 378.65
223.13 372.80
233.47 375.95
256.40 377.30
240.66 360.22
211.89 353.92
211.89 340.44
193.46 336.84
210.09 326.95
199.75 318.86
211.89 305.37
186.27 305.37
175.93 289.19
174.13 312.11
164.69 329.20
122.43 332.79
127.82 313.01
115.69 306.72
212.34 292.33
222.23 309.42
228.07 338.64
240.66 333.24
251.45 352.12
257.74 341.33
268.08 325.15
273.93 348.08
271.23 358.42
259.99 361.56
286.52 371.45
303.60 345.38
290.11 341.33
280.22 335.04
282.02 354.37
296.86 330.10
305.40 324.70
294.16 314.81
286.07 310.32
289.21 303.57
278.42 303.12
263.59 305.82
262.24 298.18
248.75 295.48
253.25 305.82
234.82 304.02
237.51 297.28
225.83 297.73
228.97 290.09
246.96 286.04
242.46 272.10
233.02 274.80
226.28 248.73
206.50 252.77
192.11 258.17
219.53 253.67
214.14 242.43
242.91 254.12
340.01 425.85
316.64 431.69
319.78 409.22
303.60 393.03
292.36 388.99
307.20 378.20
313.49 369.21
312.59 348.98
324.28 347.18
339.56 344.03
339.11 367.86
326.98 372.80
328.77 359.77
315.74 315.26
314.39 300.87
309.44 287.84
297.75 279.75
289.21 286.49
276.63 285.14
274.38 293.23
267.63 286.49
270.78 277.50
260.44 277.50
264.04 263.11
252.35 259.52
268.53 248.73
255.95 237.94
270.33 237.04
279.77 231.19
275.28 241.53
280.22 254.57
273.93 262.21
277.97 270.31
294.61 268.06
292.36 255.47
296.41 234.34
311.69 249.63
305.85 261.31
312.14 266.71
323.38 261.31
334.17 267.16
332.82 280.20
326.53 278.40
331.47 306.27
343.61 317.96
332.82 330.10
357.54 338.64
365.64 323.35
357.10 312.11
362.94 302.22
360.69 290.98
347.21 297.28
339.11 299.08
346.76 278.85
347.65 257.72
337.32 256.37
338.21 246.48
322.03 246.03
312.14 241.53
300.90 245.13
344.96 404.72
356.20 377.75
359.79 399.78
361.14 427.20
376.88 415.06
375.98 387.19
376.88 369.21
380.47 356.62
388.11 337.29
374.18 338.64
373.73 320.65
389.91 323.80
382.72 296.38
381.82 282.89
364.74 276.60
362.94 257.72
362.94 247.83
370.13 252.77
368.78 262.66
381.37 253.22
375.53 271.65
372.83 282.44
391.71 284.69
395.31 267.16
404.30 292.33
395.76 306.72
405.20 310.76
402.50 342.23
400.70 361.56
398.90 377.75
397.11 395.28
391.71 408.32
395.76 420.01
394.86 442.03
409.69 446.53
436.67 442.03
413.29 417.76
426.78 402.92
413.29 387.19
431.27 376.40
437.56 361.56
424.98 355.72
428.57 342.23
415.54 344.03
422.28 315.26
437.56 331.44
438.01 347.18
454.20 342.68
460.94 344.03
458.69 364.26
460.49 374.60
448.80 369.21
464.99 390.78
456.45 399.78
478.02 448.33
450.60 426.75
440.71 414.61
441.61 317.06
436.67 306.27
420.48 299.53
418.23 289.64
413.29 282.44
433.07 280.20
454.65 299.08
467.68 320.21
453.30 323.80
472.63 296.38
464.09 286.94
456.45 275.70
457.35 252.32
355.75 241.53
349.90 231.19
340.91 230.30
327.43 228.95
314.39 231.19
331.47 237.94
366.54 236.14
360.69 228.05
382.27 234.34
395.76 243.33
396.66 248.28
393.96 236.14
404.30 234.79
409.69 246.93
406.10 261.76
413.29 252.32
396.66 255.92
418.68 264.91
420.48 254.12
432.17 264.91
428.57 259.52
447.46 258.62
438.01 248.28
445.66 283.34
465.44 434.09
465.44 413.41
479.82 420.60
473.08 248.43
469.48 237.64
446.11 239.44
448.80 217.41
426.33 221.90
414.19 213.81
397.55 223.70
385.42 224.60
371.48 225.05
368.78 217.41
378.67 208.87
352.60 211.11
341.36 207.07
349.90 198.08
312.59 216.96
298.20 219.66
290.56 227.30
273.48 214.26
296.86 204.37
278.42 198.08
303.60 192.68
309.44 196.28
305.85 205.27
320.68 195.38
314.84 188.64
320.68 214.26
421.38 240.78
415.54 233.59
400.25 213.36
395.31 203.47
370.58 206.62
372.38 192.23
361.59 190.88
349.00 187.29
340.01 190.44
355.30 176.95
193.46 189.99
197.06 180.54
212.34 190.44
210.09 180.10
213.24 169.76
229.87 185.94
222.68 180.99
233.92 207.52
226.73 206.62
251.45 213.36
240.21 228.65
251.00 223.25
261.79 205.27
263.14 192.68
247.41 196.28
245.16 185.49
242.01 178.75
255.50 173.35
237.96 164.81
234.82 154.47
219.53 153.57
214.14 151.32
213.24 159.42
219.08 166.16
201.55 168.86
202.90 158.52
196.16 159.87
189.86 167.96
179.52 165.26
184.47 154.92
175.03 150.87
174.58 160.32
196.61 145.48
198.85 140.53
207.84 143.23
202.45 127.50
214.59 124.80
212.79 135.59
217.73 141.88
219.98 131.54
231.22 138.74
225.38 145.93
241.11 139.64
233.47 126.60
234.82 145.93
219.08 115.36
223.13 108.17
217.29 91.08
232.12 95.13
220.43 95.58
232.12 85.69
224.93 80.30
226.73 73.55
231.67 79.40
239.76 90.19
239.76 83.89
244.26 77.60
246.06 66.36
235.27 72.20
226.73 68.61
233.47 55.57
225.83 56.02
228.97 48.38
224.48 49.73
216.39 48.38
227.62 114.01
232.12 108.17
238.41 109.97
240.21 123.90
247.85 125.70
252.35 132.44
256.85 133.34
260.44 143.68
249.20 154.92
251.90 146.83
263.14 153.12
259.54 159.42
253.25 160.76
245.61 165.26
266.29 170.21
267.63 160.76
275.73 162.56
277.97 176.05
270.78 175.15
286.97 175.15
281.57 149.08
287.86 144.58
271.23 136.94
276.63 125.70
268.98 109.97
259.99 118.96
255.50 111.31
264.49 99.18
258.19 104.57
248.30 93.78
249.20 89.29
255.95 98.28
279.77 104.12
272.58 96.48
267.19 92.43
260.44 91.08
264.49 82.99
255.05 88.39
251.00 79.85
254.15 69.51
264.04 71.75
259.99 76.70
267.19 78.95
270.78 73.55
274.83 84.34
279.32 91.98
291.91 87.49
286.97 97.38
290.11 105.92
291.46 117.16
299.55 129.75
277.97 141.88
306.30 145.93
297.31 159.87
291.01 167.96
282.47 162.11
308.09 179.20
297.75 180.99
284.27 196.28
320.68 176.05
314.84 167.51
318.43 157.62
326.08 144.13
315.74 135.14
317.53 128.40
313.94 108.62
308.54 106.37
301.35 108.17
299.10 99.18
299.55 91.98
302.70 86.59
307.64 91.98
313.94 100.52
323.38 95.58
326.53 88.39
321.58 86.59
315.29 84.79
310.34 73.10
303.15 70.41
291.46 76.70
286.07 80.74
283.37 73.55
279.32 66.81
272.13 62.76
273.03 51.97
266.74 52.87
265.39 42.53
340.01 174.70
333.27 177.85
340.01 154.47
340.01 164.81
355.30 170.65
348.55 177.40
330.12 166.61
331.92 148.63
334.62 140.53
329.22 135.14
339.56 135.14
334.62 128.40
343.16 124.80
351.70 123.45
349.90 127.50
350.35 114.91
337.76 108.17
341.81 106.37
332.37 98.73
321.13 109.97
323.83 123.00
369.23 148.63
372.38 138.74
362.49 136.94
351.25 149.53
354.40 138.74
345.41 144.58
349.45 161.66
361.59 163.01
366.09 176.05
376.43 173.80
384.07 181.44
379.57 190.88
396.21 192.68
420.93 205.72
424.53 199.88
417.78 188.64
407.45 185.49
394.41 178.30
401.15 173.35
409.69 169.31
420.48 176.95
418.68 165.26
414.19 154.92
411.94 147.73
402.95 138.74
394.86 143.68
386.77 141.43
395.76 133.34
386.77 133.79
384.07 129.30
374.18 124.35
360.24 121.20
366.99 109.97
362.49 101.87
355.30 100.08
349.45 103.67
378.67 199.88
439.81 201.67
431.72 203.47
456.90 238.54
464.09 219.66
465.89 231.79
473.08 212.01
462.29 207.07
469.48 185.04
458.69 172.45
449.25 173.80
432.62 166.61
433.07 178.30
424.98 192.68
439.36 190.88
479.37 208.87
475.33 193.58
479.82 178.30
471.28 176.50
475.33 165.26
476.68 155.82
466.34 156.72
468.13 149.53
452.40 151.32
458.69 164.36
451.50 162.11
446.11 160.32
436.22 159.42
435.32 153.57
431.72 149.53
422.28 151.77
428.12 140.53
422.28 142.78
408.34 135.14
418.68 128.85
394.86 123.90
396.21 117.16
389.01 116.71
411.04 97.38
388.56 98.73
401.60 97.83
400.25 88.39
390.36 87.94
392.61 79.85
382.27 86.59
371.03 87.04
365.64 87.49
356.65 88.39
359.79 93.78
344.51 84.79
350.80 81.19
343.16 74.45
334.17 70.41
327.87 75.80
321.58 71.75
317.53 65.01
316.64 58.27
307.20 64.11
306.75 49.73
309.44 45.68
291.91 45.68
289.21 51.97
292.81 61.86
295.06 68.61
304.05 57.82
277.52 36.24
288.31 33.99
297.75 37.59
303.60 29.95
300.00 20.95
295.96 28.15
291.46 25.45
285.62 20.06
280.67 25.90
258.64 37.14
246.51 43.43
248.75 56.02
248.75 48.83
266.29 29.05
256.40 27.25
264.49 16.01
309.44 38.19
322.03 45.83
316.64 46.73
326.08 57.97
331.02 60.66
340.01 63.81
348.55 66.06
352.15 57.97
348.10 52.57
344.51 56.17
340.01 57.52
333.72 52.57
334.17 46.28
340.01 45.83
335.97 40.44
339.11 34.59
330.57 31.89
325.18 38.64
323.38 30.99
323.38 26.05
311.24 27.40
305.85 21.10
314.84 21.10
314.84 12.11
304.95 11.66
309.44 3.57
278.87 11.66
282.92 9.42
269.43 8.07
289.66 12.56
295.96 15.71
446.56 142.48
446.11 139.34
442.96 130.79
432.62 133.04
426.33 121.80
417.78 116.41
407.00 123.60
417.34 97.53
420.03 103.82
429.47 103.37
428.12 94.83
431.72 90.34
424.98 82.69
417.78 88.54
411.94 82.69
407.45 75.95
415.09 71.00
408.34 66.96
400.70 72.35
390.36 69.66
383.62 70.55
374.18 76.40
374.18 71.45
362.49 70.11
359.79 75.95
371.03 58.87
361.59 59.32
370.13 47.18
364.29 45.38
359.34 48.53
356.65 37.29
363.39 30.54
357.54 22.45
355.30 27.40
349.90 31.44
338.21 23.80
342.26 13.01
335.52 13.01
329.22 14.81
336.42 4.92
99.28 8.07
78.15 10.32
118.61 5.82
132.99 23.35
470.38 128.85
478.47 129.30
478.92 118.06
460.94 129.30
451.50 128.85
448.35 119.86
441.61 120.75
438.91 116.26
438.91 101.87
447.90 103.67
469.48 138.29
479.82 105.02
461.39 112.21
465.89 101.87
472.18 92.43
465.89 88.39
455.10 94.68
458.69 85.69
449.70 89.74
477.13 83.44
475.78 338.79
396.66 164.06
390.36 150.57
381.82 159.57
380.02 149.23
401.15 155.52
393.96 153.72
387.66 155.52
451.50 147.43
304.05 118.66
399.35 65.16
390.81 58.42
384.07 57.07
376.88 49.88
381.37 45.38
384.97 39.99
393.96 49.88
402.95 48.98
404.75 59.77
414.64 55.72
405.65 42.23
411.49 46.73
411.04 39.09
408.79 31.44
398.45 36.84
394.86 32.34
392.16 38.64
385.87 33.69
378.67 32.34
384.07 26.50
370.58 27.40
371.93 30.99
374.63 39.54
364.29 18.41
369.68 14.81
369.68 8.52
360.69 13.01
350.35 14.81
356.65 2.67
344.06 4.02
378.22 5.37
394.41 7.62
393.06 1.77
401.15 9.87
385.42 16.16
406.10 24.70
396.66 22.45
402.05 17.96
412.39 21.10
415.54 14.36
411.49 4.02
421.83 0.87
425.43 10.76
422.73 26.05
419.13 21.10
419.58 32.79
430.37 38.19
421.83 40.88
425.43 51.22
421.83 46.28
428.12 46.73
436.22 57.97
427.67 62.46
422.28 58.42
429.02 53.92
434.42 66.51
421.83 72.80
418.23 65.61
431.72 80.45
431.27 72.80
439.81 77.75
440.71 71.45
441.61 61.11
445.66 68.76
448.35 54.37
456.00 61.56
453.30 68.76
456.00 73.70
447.01 77.75
438.46 90.34
446.56 39.54
437.12 40.88
433.97 26.05
437.56 19.76
429.02 13.46
438.91 6.72
462.74 78.65
471.28 73.70
471.73 68.76
467.24 63.36
467.68 57.97
461.84 51.22
459.59 61.11
454.65 45.83
460.04 47.18
467.68 40.44
445.21 29.20
446.11 21.10
443.86 14.81
456.90 22.90
465.44 34.59
458.24 40.88
475.78 64.26
478.92 75.95
479.37 33.24
479.82 38.19
469.03 20.65
471.28 11.66
458.69 13.01
451.05 13.01
446.11 7.62
451.95 2.22
467.68 2.22
