1.45 224.78
3.70 212.65
7.30 201.41
1.90 179.83
10.45 183.88
21.23 200.06
19.44 208.60
18.09 225.23
23.93 227.48
31.57 222.09
34.27 213.55
35.17 202.76
29.33 195.56
52.70 209.95
72.03 222.54
45.06 197.81
36.07 188.82
26.18 185.22
0.33 160.95
0.33 27.43
4.38 46.31
3.93 39.57
15.17 32.38
3.93 25.18
3.93 20.24
7.52 11.25
3.93 1.36
15.61 3.16
12.47 13.50
14.27 20.24
25.50 34.62
25.95 20.24
18.31 11.25
26.40 4.95
23.71 10.35
30.90 9.90
34.05 7.20
67.99 5.10
73.83 10.95
84.17 5.55
77.43 7.35
61.24 1.96
64.84 8.25
52.70 20.84
48.21 13.65
33.37 16.34
39.22 28.93
31.12 32.08
38.32 23.54
22.13 49.61
23.48 56.80
3.25 61.75
13.14 64.00
12.69 58.60
7.30 68.94
10.00 77.48
10.89 88.27
5.05 81.98
3.70 92.32
3.70 99.51
9.10 106.25
13.59 116.59
12.69 127.83
20.34 110.75
19.44 105.35
14.04 99.06
20.78 98.16
17.19 94.12
23.93 91.42
27.08 98.61
29.33 101.76
39.67 101.76
32.47 92.77
40.12 87.37
34.27 76.58
30.67 84.67
21.23 81.53
18.09 73.89
32.02 71.64
30.67 60.85
35.17 54.11
43.71 40.17
46.86 47.81
47.76 54.11
46.86 63.10
50.46 70.74
39.67 64.00
120.81 432.33
99.68 418.84
111.82 409.85
128.00 399.51
103.28 388.72
45.29 378.83
5.72 368.49
3.93 335.22
12.47 348.71
18.31 339.72
43.04 362.65
51.13 356.80
61.47 359.95
84.40 361.30
68.66 344.22
39.89 337.92
39.89 324.44
21.46 320.84
38.09 310.95
27.75 302.86
39.89 289.37
14.27 289.37
3.93 273.19
2.13 296.11
40.34 276.33
50.23 293.42
56.07 322.64
68.66 317.24
79.45 336.12
85.74 325.33
96.08 309.15
101.93 332.08
99.23 342.42
87.99 345.56
114.52 355.45
131.60 329.38
118.11 325.33
108.22 319.04
110.02 338.37
124.86 314.10
133.40 308.70
122.16 298.81
114.07 294.32
117.21 287.57
106.42 287.12
91.59 289.82
90.24 282.18
76.75 279.48
81.25 289.82
62.82 288.02
65.51 281.28
53.83 281.73
56.97 274.09
74.96 270.04
70.46 256.10
61.02 258.80
54.28 232.73
34.50 236.77
20.11 242.17
47.53 237.67
42.14 226.43
70.91 238.12
168.01 409.85
144.64 415.69
147.78 393.22
131.60 377.03
120.36 372.99
135.20 362.20
141.49 353.21
140.59 332.98
152.28 331.18
167.56 328.03
167.11 351.86
154.98 356.80
156.77 343.77
143.74 299.26
142.39 284.87
137.44 271.84
125.75 263.75
117.21 270.49
104.63 269.14
102.38 277.23
95.63 270.49
98.78 261.50
88.44 261.50
92.04 247.11
80.35 243.52
96.53 232.73
83.95 221.94
98.33 221.04
107.77 215.19
103.28 225.53
108.22 238.57
101.93 246.21
105.97 254.31
122.61 252.06
120.36 239.47
124.41 218.34
139.69 233.63
133.85 245.31
140.14 250.71
151.38 245.31
162.17 251.16
160.82 264.20
154.53 262.40
159.47 290.27
171.61 301.96
160.82 314.10
185.54 322.64
193.64 307.35
185.10 296.11
190.94 286.22
188.69 274.98
175.21 281.28
167.11 283.08
174.76 262.85
175.65 241.72
165.32 240.37
166.21 230.48
150.03 230.03
140.14 225.53
128.90 229.13
172.96 388.72
184.20 361.75
187.79 383.78
189.14 411.20
204.88 399.06
203.98 371.19
204.88 353.21
208.47 340.62
216.11 321.29
202.18 322.64
201.73 304.65
217.91 307.80
210.72 280.38
209.82 266.89
192.74 260.60
190.94 241.72
190.94 231.83
198.13 236.77
196.78 246.66
209.37 237.22
203.53 255.65
200.83 266.44
219.71 268.69
223.31 251.16
232.30 276.33
223.76 290.72
233.20 294.76
230.50 326.23
228.70 345.56
226.90 361.75
225.11 379.28
219.71 392.32
223.76 404.01
222.86 426.03
237.69 430.53
264.67 426.03
241.29 401.76
254.78 386.92
241.29 371.19
259.27 360.40
265.56 345.56
252.98 339.72
256.57 326.23
243.54 328.03
250.28 299.26
265.56 315.44
266.01 331.18
282.20 326.68
288.94 328.03
286.69 348.26
288.49 358.60
276.80 353.21
292.99 374.78
284.45 383.78
306.02 432.33
278.60 410.75
268.71 398.61
269.61 301.06
264.67 290.27
248.48 283.53
246.23 273.64
241.29 266.44
261.07 264.20
282.65 283.08
295.68 304.21
281.30 307.80
316.81 315.44
310.07 292.97
300.63 280.38
292.09 270.94
284.45 259.70
285.35 236.32
183.75 225.53
177.90 215.19
168.91 214.30
155.43 212.95
142.39 215.19
159.47 221.94
194.54 220.14
188.69 212.05
210.27 218.34
223.76 227.33
224.66 232.28
221.96 220.14
232.30 218.79
237.69 230.93
234.10 245.76
241.29 236.32
224.66 239.92
246.68 248.91
248.48 238.12
260.17 248.91
256.57 243.52
275.46 242.62
266.01 232.28
273.66 267.34
293.44 418.09
293.44 397.41
307.82 404.60
317.71 395.61
324.91 411.80
347.38 409.10
353.68 436.97
381.55 410.00
367.16 390.22
356.37 381.23
318.61 375.83
338.39 381.23
349.18 368.64
339.29 359.65
354.58 353.36
371.66 339.87
360.87 325.48
353.68 320.99
398.18 394.27
405.38 427.08
419.31 403.26
406.72 370.89
326.25 316.04
339.29 288.62
322.66 290.87
320.86 299.86
351.43 293.57
363.12 302.56
349.63 277.83
334.80 275.13
322.66 264.35
313.67 280.08
374.36 295.36
372.56 277.38
371.21 260.30
360.42 254.01
346.03 252.21
333.45 256.25
326.25 237.82
310.52 225.68
301.08 232.43
297.48 221.64
274.11 223.44
276.80 201.41
254.33 205.90
242.19 197.81
225.55 207.70
213.42 208.60
199.48 209.05
196.78 201.41
206.67 192.87
180.60 195.11
169.36 191.07
177.90 182.08
140.59 200.96
126.20 203.66
118.56 211.30
101.48 198.26
124.86 188.37
106.42 182.08
131.60 176.68
137.44 180.28
133.85 189.27
148.68 179.38
142.84 172.64
148.68 198.26
249.38 224.78
243.54 217.59
228.25 197.36
223.31 187.47
198.58 190.62
200.38 176.23
189.59 174.88
177.00 171.29
168.01 174.44
183.30 160.95
21.46 173.99
25.06 164.54
40.34 174.44
38.09 164.10
41.24 153.76
57.87 169.94
50.68 164.99
61.92 191.52
54.73 190.62
79.45 197.36
68.21 212.65
79.00 207.25
89.79 189.27
91.14 176.68
75.41 180.28
73.16 169.49
70.01 162.75
83.50 157.35
65.96 148.81
62.82 138.47
47.53 137.57
42.14 135.32
41.24 143.42
47.08 150.16
29.55 152.86
30.90 142.52
24.16 143.87
17.86 151.96
7.52 149.26
12.47 138.92
3.03 134.87
2.58 144.32
24.61 129.48
26.85 124.53
35.84 127.23
30.45 111.50
42.59 108.80
40.79 119.59
45.73 125.88
47.98 115.54
59.22 122.74
53.38 129.93
69.11 123.64
61.47 110.60
62.82 129.93
47.08 99.36
51.13 92.17
45.29 75.08
60.12 79.13
48.43 79.58
60.12 69.69
52.93 64.30
54.73 57.55
59.67 63.40
67.76 74.19
67.76 67.89
72.26 61.60
74.06 50.36
63.27 56.20
54.73 52.61
61.47 39.57
53.83 40.02
56.97 32.38
52.48 33.73
44.39 32.38
55.62 98.01
60.12 92.17
66.41 93.97
68.21 107.90
75.85 109.70
80.35 116.44
84.85 117.34
88.44 127.68
77.20 138.92
79.90 130.83
91.14 137.12
87.54 143.42
81.25 144.76
73.61 149.26
94.29 154.21
95.63 144.76
103.73 146.56
105.97 160.05
98.78 159.15
114.97 159.15
109.57 133.08
115.86 128.58
99.23 120.94
104.63 109.70
96.98 93.97
87.99 102.96
83.50 95.31
92.49 83.18
86.19 88.57
76.30 77.78
77.20 73.29
83.95 82.28
107.77 88.12
100.58 80.48
95.19 76.43
88.44 75.08
92.49 66.99
83.05 72.39
79.00 63.85
82.15 53.51
92.04 55.75
87.99 60.70
95.19 62.95
98.78 57.55
102.83 68.34
107.32 75.98
119.91 71.49
114.97 81.38
118.11 89.92
119.46 101.16
127.55 113.75
105.97 125.88
134.30 129.93
125.31 143.87
119.01 151.96
110.47 146.11
136.09 163.20
125.75 164.99
112.27 180.28
148.68 160.05
142.84 151.51
146.43 141.62
154.08 128.13
143.74 119.14
145.53 112.40
141.94 92.62
136.54 90.37
129.35 92.17
127.10 83.18
127.55 75.98
130.70 70.59
135.64 75.98
141.94 84.52
151.38 79.58
154.53 72.39
149.58 70.59
143.29 68.79
138.34 57.10
131.15 54.41
119.46 60.70
114.07 64.74
111.37 57.55
107.32 50.81
100.13 46.76
101.03 35.97
94.74 36.87
93.39 26.53
168.01 158.70
161.27 161.85
168.01 138.47
168.01 148.81
183.30 154.65
176.55 161.40
158.12 150.61
159.92 132.63
162.62 124.53
157.22 119.14
167.56 119.14
162.62 112.40
171.16 108.80
179.70 107.45
177.90 111.50
178.35 98.91
165.76 92.17
169.81 90.37
160.37 82.73
149.13 93.97
151.83 107.00
197.23 132.63
200.38 122.74
190.49 120.94
179.25 133.53
182.40 122.74
173.41 128.58
177.45 145.66
189.59 147.01
194.09 160.05
204.43 157.80
212.07 165.44
207.57 174.88
224.21 176.68
248.93 189.72
252.53 183.88
245.78 172.64
235.45 169.49
222.41 162.30
229.15 157.35
237.69 153.31
248.48 160.95
246.68 149.26
242.19 138.92
239.94 131.73
230.95 122.74
222.86 127.68
214.77 125.43
223.76 117.34
214.77 117.79
212.07 113.30
202.18 108.35
188.24 105.20
194.99 93.97
190.49 85.87
183.30 84.08
177.45 87.67
206.67 183.88
267.81 185.67
259.72 187.47
284.90 222.54
292.09 203.66
293.89 215.79
308.27 213.10
301.08 196.01
290.29 191.07
297.48 169.04
286.69 156.45
277.25 157.80
260.62 150.61
261.07 162.30
252.98 176.68
267.36 174.88
307.37 192.87
303.33 177.58
307.82 162.30
299.28 160.50
303.33 149.26
304.68 139.82
294.34 140.72
296.13 133.53
280.40 135.32
286.69 148.36
279.50 146.11
274.11 144.32
264.22 143.42
263.32 137.57
259.72 133.53
250.28 135.77
256.12 124.53
250.28 126.78
236.34 119.14
246.68 112.85
222.86 107.90
224.21 101.16
217.01 100.71
239.04 81.38
216.56 82.73
229.60 81.83
228.25 72.39
218.36 71.94
220.61 63.85
210.27 70.59
199.03 71.04
193.64 71.49
184.65 72.39
187.79 77.78
172.51 68.79
178.80 65.19
171.16 58.45
162.17 54.41
155.87 59.80
149.58 55.75
145.53 49.01
144.64 42.27
135.20 48.11
134.75 33.73
137.44 29.68
119.91 29.68
117.21 35.97
120.81 45.86
123.06 52.61
132.05 41.82
105.52 20.24
116.31 17.99
125.75 21.59
131.60 13.95
128.00 4.95
123.96 12.15
119.46 9.45
113.62 4.06
108.67 9.90
86.64 21.14
74.51 27.43
76.75 40.02
76.75 32.83
94.29 13.05
84.40 11.25
92.49 0.01
137.44 22.19
150.03 29.83
144.64 30.73
154.08 41.97
159.02 44.66
168.01 47.81
176.55 50.06
180.15 41.97
176.10 36.57
172.51 40.17
168.01 41.52
161.72 36.57
162.17 30.28
168.01 29.83
163.97 24.44
167.11 18.59
158.57 15.89
153.18 22.64
151.38 14.99
151.38 10.05
139.24 11.40
133.85 5.10
142.84 5.10
274.56 126.48
274.11 123.34
270.96 114.79
260.62 117.04
254.33 105.80
245.78 100.41
235.00 107.60
245.34 81.53
248.03 87.82
257.47 87.37
256.12 78.83
259.72 74.34
252.98 66.69
245.78 72.54
239.94 66.69
235.45 59.95
243.09 55.00
236.34 50.96
228.70 56.35
218.36 53.66
211.62 54.55
202.18 60.40
202.18 55.45
190.49 54.11
187.79 59.95
199.03 42.87
189.59 43.32
198.13 31.18
192.29 29.38
187.34 32.53
184.65 21.29
191.39 14.54
185.54 6.45
183.30 11.40
177.90 15.44
166.21 7.80
458.87 437.87
470.56 429.78
451.68 404.60
457.07 383.03
425.60 372.24
439.09 365.94
434.60 347.06
417.51 352.46
391.44 339.87
416.61 323.69
393.24 308.40
398.63 285.92
418.41 296.71
425.60 300.31
436.39 317.39
457.07 335.37
479.55 368.64
479.55 404.60
476.85 354.26
466.96 312.90
454.83 308.85
448.53 301.66
444.94 292.67
430.55 287.27
417.96 282.33
429.65 265.24
401.33 265.69
371.21 246.36
367.61 235.57
341.99 243.22
335.69 236.02
341.99 222.54
335.25 208.15
323.56 217.59
317.26 199.61
336.59 195.11
320.86 190.62
321.31 180.73
314.12 179.38
333.45 179.38
334.80 168.59
328.05 159.60
316.36 162.75
324.01 147.91
315.47 148.81
311.87 148.81
309.62 142.97
319.06 142.07
314.57 136.67
324.46 134.43
313.22 127.23
313.67 118.24
298.38 112.85
306.47 113.30
311.87 107.45
316.36 98.91
306.92 102.06
288.94 113.30
279.50 112.85
276.35 103.86
269.61 104.75
266.91 100.26
266.91 85.87
275.90 87.67
346.03 169.94
350.98 180.28
352.33 171.74
297.48 122.29
326.70 123.64
337.94 136.22
343.79 141.17
337.49 124.53
333.00 109.25
324.46 107.45
325.36 116.44
340.64 93.07
333.45 95.31
327.15 97.56
307.82 89.02
289.39 96.21
293.89 85.87
300.18 76.43
293.89 72.39
283.10 78.68
286.69 69.69
277.70 73.74
310.52 78.68
318.61 78.23
310.07 73.29
305.13 67.44
328.95 75.08
323.56 68.34
317.71 67.44
336.59 75.08
342.44 76.43
341.99 67.44
333.45 64.30
348.28 86.32
351.43 96.66
353.23 147.01
362.22 141.62
351.88 135.77
364.92 133.53
355.48 116.44
369.41 107.45
365.37 102.96
360.42 98.01
369.41 94.86
368.96 82.73
365.37 72.84
359.07 73.74
358.17 65.64
351.43 64.74
370.76 163.20
375.26 163.20
365.81 154.65
364.92 147.46
373.01 151.51
382.90 146.11
389.64 137.12
390.99 147.46
395.93 155.55
387.84 167.69
381.55 168.59
386.49 157.35
373.46 178.93
369.86 186.57
364.47 184.77
363.57 196.46
358.62 213.55
342.44 203.21
369.41 206.80
377.95 222.54
358.62 227.48
389.19 231.53
403.58 240.07
394.59 218.94
389.19 212.20
396.38 204.11
392.79 191.52
382.00 184.77
381.10 192.87
404.03 200.96
402.23 214.45
410.32 222.09
423.36 229.73
423.81 249.96
445.83 274.24
450.33 257.60
459.32 267.04
466.51 280.53
479.10 301.66
479.10 265.69
471.91 258.95
475.50 246.81
463.37 249.51
452.13 237.37
440.89 238.72
431.45 243.22
435.94 225.23
430.55 220.74
420.66 210.40
436.84 206.80
412.57 202.76
430.10 182.98
422.91 173.99
406.72 168.14
410.77 156.45
417.96 154.21
408.97 148.81
421.56 144.32
417.96 134.87
410.77 134.43
413.92 126.78
404.03 119.59
378.40 123.64
381.10 112.85
385.59 118.24
381.55 104.75
384.25 95.76
378.40 98.46
387.39 89.47
399.98 98.46
393.69 101.61
394.59 113.30
430.55 123.64
426.95 117.79
419.76 112.85
425.16 107.45
409.87 98.01
408.97 90.82
400.43 84.97
413.47 77.78
401.78 70.59
408.52 69.69
394.59 65.64
383.80 78.68
384.25 71.49
378.40 68.34
365.81 64.74
340.64 155.55
339.29 148.36
389.19 245.91
395.04 257.60
390.99 277.38
405.82 298.06
404.93 330.88
393.24 325.93
380.65 314.69
338.84 321.44
303.78 322.79
478.20 227.93
462.92 233.33
456.17 218.94
465.17 215.79
453.93 208.60
444.94 200.96
462.02 198.26
452.13 196.01
456.17 181.63
445.39 178.93
445.39 157.80
439.54 156.00
431.00 153.76
440.44 147.01
433.70 135.32
443.14 139.37
466.06 162.30
471.91 148.81
464.27 139.37
458.42 140.27
455.72 152.41
462.02 129.03
454.38 119.14
444.94 120.94
446.73 130.38
450.78 107.45
458.87 104.31
453.93 100.26
448.08 96.66
439.99 111.05
430.55 99.81
435.05 91.27
426.95 87.22
422.91 74.19
429.20 66.99
423.36 65.19
417.06 65.19
409.87 62.50
437.74 83.18
438.19 76.43
442.24 67.89
452.58 66.54
452.13 80.93
447.18 89.02
462.92 82.28
462.47 66.99
468.76 66.09
477.30 84.52
477.30 98.46
470.11 96.66
468.76 105.20
475.95 109.70
471.91 116.44
460.22 117.34
477.30 118.69
479.55 180.28
466.51 186.57
473.71 190.62
474.16 206.80
477.53 158.25
476.63 53.96
224.66 148.06
218.36 134.57
209.82 143.57
208.02 133.23
229.15 139.52
221.96 137.72
215.66 139.52
279.50 131.43
361.32 167.84
356.82 157.95
353.23 152.56
132.05 102.66
227.35 49.16
218.81 42.42
212.07 41.07
204.88 33.88
209.37 29.38
212.97 23.99
221.96 33.88
230.95 32.98
232.75 43.77
242.64 39.72
233.65 26.23
239.49 30.73
239.04 23.09
236.79 15.44
226.45 20.84
222.86 16.34
220.16 22.64
213.87 17.69
206.67 16.34
212.07 10.50
198.58 11.40
199.93 14.99
202.63 23.54
192.29 2.41
213.42 0.16
234.10 8.70
224.66 6.45
230.05 1.96
240.39 5.10
250.73 10.05
247.13 5.10
247.58 16.79
258.37 22.19
249.83 24.88
253.43 35.22
249.83 30.28
256.12 30.73
264.22 41.97
255.67 46.46
250.28 42.42
257.02 37.92
262.42 50.51
249.83 56.80
246.23 49.61
259.72 64.45
259.27 56.80
267.81 61.75
268.71 55.45
269.61 45.11
273.66 52.76
276.35 38.37
284.00 45.56
281.30 52.76
284.00 57.70
275.01 61.75
266.46 74.34
274.56 23.54
265.12 24.88
261.97 10.05
265.56 3.76
290.74 62.65
299.28 57.70
299.73 52.76
295.24 47.36
295.68 41.97
289.84 35.22
287.59 45.11
282.65 29.83
288.04 31.18
295.68 24.44
273.21 13.20
274.11 5.10
284.90 6.90
293.44 18.59
286.24 24.88
303.78 48.26
315.47 44.22
312.77 49.61
310.07 54.55
306.92 59.95
330.30 50.96
319.06 54.55
324.01 51.86
329.40 58.15
338.84 64.89
344.24 61.75
346.93 54.55
341.09 54.55
337.04 48.26
355.03 49.61
356.82 54.55
363.12 52.76
367.61 57.70
373.01 56.35
372.56 50.51
385.59 51.41
386.94 42.42
379.75 41.07
359.52 32.53
350.53 39.72
348.28 33.43
341.99 28.93
335.25 32.08
327.15 28.48
322.66 23.54
331.20 19.94
314.57 13.65
307.37 17.24
307.82 22.19
310.52 24.44
311.87 39.72
325.80 43.77
308.27 9.15
297.03 4.65
315.91 4.65
331.65 7.80
354.13 14.54
351.43 25.78
341.54 22.19
362.67 16.34
368.51 20.39
374.36 30.73
367.61 46.91
391.44 31.63
382.45 25.78
379.30 11.85
373.01 13.20
373.01 2.41
358.62 0.61
345.58 0.61
391.44 50.06
401.33 49.16
398.63 58.60
404.93 58.15
409.87 55.45
407.17 50.51
410.77 48.26
405.38 45.56
399.98 38.37
399.53 27.58
408.97 31.18
411.67 26.68
416.16 36.12
415.27 41.07
422.01 42.87
435.94 53.66
425.60 52.31
432.35 41.97
427.85 29.83
404.48 20.84
399.08 14.54
399.98 10.05
392.34 2.86
390.99 22.19
384.25 12.30
408.52 4.65
418.41 7.35
422.91 14.99
414.37 14.99
406.72 12.75
432.35 23.54
426.05 23.09
432.35 10.05
425.16 6.00
442.69 1.06
443.14 6.00
445.83 14.99
448.98 16.79
444.94 26.23
438.64 16.79
446.28 34.77
439.99 35.67
449.88 43.77
446.73 47.36
452.13 53.66
467.86 49.16
460.22 49.16
457.07 43.77
466.51 27.58
457.97 30.28
451.68 27.58
455.28 14.99
463.82 13.65
457.07 3.76
467.41 7.80
471.01 31.63
466.51 37.92
468.31 41.52
474.61 17.24
470.11 12.30
479.10 10.05
477.75 4.65
