94.0 527.0
74.5 486.5
73.5 439.5
65.5 398.0
95.5 348.0
115.0 399.0
121.0 443.5
163.5 512.5
172.5 587.0
225.5 519.0
233.0 398.5
303.0 579.0
312.0 360.0
92.5 258.0
54.5 207.5
66.0 159.0
74.0 112.0
100.0 120.5
89.0 165.5
85.0 200.0
97.0 209.5
141.0 239.5
136.0 210.0
116.5 173.5
104.0 153.0
134.0 167.5
166.5 208.5
206.0 201.0
237.5 168.0
222.0 142.0
204.0 136.5
193.5 463.5
159.5 418.5
159.5 369.5
189.5 178.0
210.5 163.5
170.5 145.5
147.5 143.0
147.5 184.0
159.0 171.5
101.0 191.0
85.0 57.5
110.0 167.5
