10.85 398.16
29.26 397.14
56.88 394.58
77.34 394.58
128.49 408.39
121.33 394.58
131.05 368.50
115.19 354.69
116.21 341.39
121.33 332.69
138.21 331.16
151.51 347.01
145.37 320.42
142.81 304.56
145.37 293.31
135.14 270.29
117.24 277.96
118.77 295.35
111.10 316.33
92.69 289.73
83.99 269.78
56.37 275.41
51.26 261.08
31.31 284.10
5.22 273.36
14.94 321.95
30.28 299.45
44.09 309.68
51.26 329.11
29.26 329.11
8.80 345.99
14.43 366.96
49.21 360.31
397.53 498.30
389.86 431.80
343.32 423.11
343.32 400.09
271.20 426.69
243.06 432.83
251.25 403.67
244.60 377.08
227.21 376.05
241.02 365.82
237.44 350.99
231.30 329.51
218.51 333.60
200.10 317.23
195.49 336.67
181.17 319.28
176.57 313.14
168.39 306.49
158.67 361.73
156.62 349.46
188.33 385.77
193.45 438.45
154.58 401.63
158.67 456.36
543.82 302.91
541.26 284.50
539.73 269.15
513.64 305.98
514.15 323.88
527.45 329.51
545.35 348.94
516.71 357.13
506.48 376.56
502.90 408.28
470.68 387.31
541.77 405.72
463.51 442.03
421.57 452.78
430.78 375.03
450.22 366.85
468.12 358.15
485.00 344.34
488.07 322.86
480.39 310.07
463.51 331.55
453.29 299.33
453.80 266.59
426.18 327.97
417.99 311.60
406.23 340.76
406.23 367.36
390.88 336.67
369.91 369.91
362.75 327.46
359.17 337.69
369.40 317.23
355.59 351.50
339.73 363.78
323.88 349.97
322.86 323.88
342.80 315.19
330.53 297.28
337.18 283.47
364.29 299.84
362.75 286.54
369.40 270.17
381.17 274.78
293.19 290.63
270.17 300.86
257.90 298.82
243.06 304.96
247.16 324.39
263.01 315.19
270.68 331.04
293.19 322.86
303.93 334.62
307.00 269.15
286.03 285.01
171.45 259.94
164.81 259.43
412.88 268.64
427.20 263.01
435.89 273.75
469.65 265.57
500.85 265.57
293.44 383.33
296.00 311.21
297.54 278.48
334.88 261.08
329.25 250.34
322.60 244.72
344.59 256.99
358.40 249.83
381.93 225.79
400.86 256.99
370.42 255.84
378.35 260.96
429.76 248.17
423.87 212.37
377.84 204.69
357.13 195.23
439.47 184.49
435.89 191.91
404.44 189.86
457.38 208.27
490.37 199.07
507.50 203.67
502.39 234.62
498.30 243.82
489.34 252.77
480.65 245.10
509.29 252.01
460.19 243.82
462.49 233.08
442.03 234.87
446.64 259.17
428.22 242.03
530.52 240.88
511.59 239.86
525.92 231.16
533.59 233.21
520.80 136.03
512.62 136.54
497.27 147.28
541.26 154.44
543.82 148.30
531.03 155.46
448.68 157.51
470.16 162.62
464.03 153.93
483.97 147.28
489.09 148.81
494.20 152.39
521.06 160.71
504.95 153.03
443.57 143.57
443.82 149.20
440.24 149.96
438.96 152.52
435.13 149.96
448.17 144.85
453.03 146.64
428.48 145.36
423.87 149.96
420.04 149.96
417.23 154.57
417.74 150.22
411.09 149.96
403.67 150.22
401.37 146.64
394.98 156.61
381.93 146.38
377.84 148.43
372.21 146.64
326.69 149.45
318.00 148.43
309.30 164.29
296.00 158.15
273.50 161.98
265.06 145.62
249.71 148.43
242.30 146.64
238.20 149.71
232.32 147.66
221.32 146.64
197.54 143.31
45.37 149.84
36.68 191.27
24.40 205.59
57.65 205.59
54.58 185.13
74.53 143.70
83.22 150.35
113.91 143.19
104.19 144.72
129.26 157.51
102.66 196.89
134.88 187.17
