974.12 573.50
743.72 563.07
597.70 515.67
555.99 516.61
475.39 538.42
1013.94 467.31
924.82 471.10
789.23 458.78
893.53 454.04
817.67 389.56
771.22 399.04
683.99 399.99
645.11 397.15
613.82 397.15
592.02 442.66
510.47 426.54
475.39 484.38
412.82 448.35
446.00 375.34
996.87 421.80
968.43 444.56
921.02 420.85
846.12 416.11
847.07 377.24
895.42 373.44
934.30 372.50
962.74 387.67
979.81 363.01
1000.67 350.69
1015.84 335.52
735.19 360.17
752.25 352.58
771.22 363.96
694.42 337.41
670.71 344.05
682.09 369.65
560.73 396.20
621.41 369.65
527.54 345.95
494.36 339.31
470.65 367.76
969.38 333.62
890.68 346.90
805.35 359.22
782.59 340.26
820.52 344.05
828.10 326.98
944.72 346.07
874.13 320.50
905.84 318.45
911.98 336.86
927.33 346.07
932.44 316.40
924.26 312.31
914.03 303.11
941.65 327.66
969.27 301.06
985.64 302.08
965.18 283.67
997.91 314.36
996.89 330.73
948.81 304.13
937.56 301.06
818.89 310.27
772.86 315.38
735.01 322.54
715.57 316.40
699.20 312.31
682.84 322.54
676.70 315.38
667.49 313.34
655.22 313.34
659.31 322.54
636.80 299.01
1022.46 313.34
1015.30 313.34
975.41 316.40
958.02 311.29
884.36 336.86
799.46 331.75
805.59 316.40
810.71 295.94
773.88 303.11
749.33 311.29
738.08 302.08
726.82 286.74
721.71 305.15
703.30 291.85
677.72 289.81
652.15 284.69
665.45 282.65
681.81 308.22
713.52 294.92
621.46 308.22
866.97 303.11
853.67 319.47
848.56 338.91
862.88 359.37
814.80 324.59
604.07 312.31
612.25 305.15
620.43 328.68
642.94 343.00
636.80 313.34
591.79 326.63
584.63 317.43
592.81 310.27
605.09 297.99
606.11 288.78
614.30 288.78
615.32 284.69
573.38 282.65
555.99 330.73
569.29 317.43
568.26 307.20
549.85 307.20
543.71 323.56
535.53 321.52
547.80 356.30
568.26 352.21
519.16 319.47
480.29 338.91
438.34 343.00
452.67 346.07
434.25 326.63
536.55 300.04
549.85 297.99
512.00 300.04
533.48 292.88
518.14 284.69
524.27 288.78
567.24 292.88
576.45 296.97
500.75 320.50
492.56 314.36
475.17 323.56
469.03 315.38
457.78 316.40
506.88 313.34
763.65 336.86
751.38 334.82
758.54 310.27
411.75 297.99
414.82 310.27
431.18 308.22
437.32 293.90
421.98 294.92
427.09 286.74
451.64 324.59
442.44 313.34
493.58 289.81
509.95 290.83
501.77 292.88
487.45 304.13
485.40 287.76
490.52 281.62
588.72 297.99
689.53 287.25
685.21 288.01
668.92 308.88
688.77 306.08
693.61 293.10
698.69 299.97
706.84 307.61
710.40 298.70
712.95 303.28
717.53 289.29
721.34 295.90
558.99 304.55
543.72 306.08
503.01 304.05
526.93 301.50
531.76 310.15
491.81 321.60
472.47 312.70
530.24 257.22
499.70 256.21
498.68 270.46
489.01 266.64
479.09 262.82
473.24 262.06
481.38 268.93
519.30 269.18
508.35 275.80
511.15 268.42
514.97 270.46
541.94 277.07
531.76 274.53
541.43 267.40
552.12 268.93
546.78 265.37
551.10 283.69
665.87 258.50
657.22 256.97
642.71 245.01
633.81 260.53
631.01 259.77
622.86 252.90
624.14 275.55
617.77 276.05
622.86 289.03
649.58 273.00
680.37 273.51
675.54 274.27
685.72 272.75
686.48 260.53
676.56 247.04
678.85 261.04
641.19 281.40
599.45 291.58
564.08 287.76
556.70 291.83
542.20 288.27
535.58 283.94
541.18 291.58
541.43 296.16
523.37 295.90
530.24 291.83
513.70 287.51
503.26 287.51
484.18 293.10
510.64 325.93
591.31 303.79
599.20 302.77
647.29 303.03
672.23 302.01
646.78 285.98
705.06 323.13
718.80 343.74
642.97 337.13
426.37 303.55
421.00 304.62
448.91 303.01
441.94 302.21
453.48 287.71
448.65 291.20
446.77 282.34
445.16 269.19
458.31 267.58
449.99 263.55
439.79 262.48
433.08 263.01
519.25 372.81
435.31 283.11
436.67 290.92
425.85 286.71
450.93 309.84
785.64 311.29
736.54 285.20
746.26 270.88
786.67 254.00
733.98 269.35
703.69 381.89
811.73 260.27
801.16 255.74
888.98 265.70
910.11 268.42
901.05 268.12
904.68 273.85
891.40 327.57
883.25 309.16
874.50 303.42
883.55 300.41
867.56 297.99
841.00 355.33
915.24 371.93
782.15 322.14
757.40 303.12
716.97 268.72
795.73 275.06
799.35 269.93
810.82 271.74
814.74 271.13
799.65 291.05
807.20 288.94
802.97 285.62
765.55 334.51
927.30 299.98
1009.96 304.14
1018.99 304.14
1013.43 297.20
853.67 347.90
593.89 390.28
734.20 333.32
647.37 281.22
987.73 287.47
902.30 304.14
807.13 306.23
815.47 304.14
829.36 308.31
856.45 309.01
423.26 288.53
430.67 297.73
426.84 296.46
616.85 295.43
586.16 290.32
571.59 292.36
692.30 288.27
