966.17 581.25
1016.65 566.83
931.32 580.05
938.53 550.00
948.14 531.97
989.01 530.77
865.21 599.28
862.81 563.22
901.27 546.39
817.14 564.42
771.47 593.27
778.68 565.62
791.90 546.39
775.07 531.97
739.01 537.98
729.40 588.46
708.97 599.28
692.14 666.58
629.64 737.49
573.16 655.76
623.63 616.10
645.27 624.52
576.76 599.28
480.61 725.47
445.76 670.19
332.78 673.79
299.13 747.11
141.68 729.08
13.08 739.90
49.14 672.59
62.36 569.23
202.98 644.95
401.29 596.87
384.46 569.23
336.39 571.63
253.46 566.83
178.94 565.62
126.06 546.39
82.79 539.18
59.95 527.16
64.76 506.73
105.62 497.12
88.80 468.27
90.00 510.34
126.06 518.75
156.10 504.33
178.94 495.91
201.78 529.57
253.46 537.98
308.74 531.97
349.61 512.74
391.67 540.38
426.53 557.21
416.91 531.97
454.17 550.00
474.60 540.38
486.62 574.04
562.34 546.39
547.92 521.15
521.47 540.38
490.23 518.75
427.73 512.74
412.10 495.91
395.28 498.32
409.70 476.68
388.07 476.68
366.43 471.88
336.39 480.29
314.75 471.88
303.93 491.11
317.16 493.51
1020.85 510.34
1007.03 509.14
977.59 500.12
991.41 503.73
958.96 498.92
1005.23 535.58
990.21 522.96
936.72 486.30
959.56 473.08
972.18 459.86
996.82 451.45
1010.04 470.68
1020.85 485.10
1022.06 451.45
998.02 434.02
1010.64 425.61
1008.24 411.18
1020.25 403.37
1011.84 398.56
1001.02 393.76
1020.85 384.14
1004.63 381.74
1005.83 385.34
1008.84 389.55
1014.24 381.14
976.39 355.90
984.20 366.71
990.81 376.93
999.22 377.53
1000.42 369.72
1009.44 369.72
987.80 384.74
993.21 386.54
1017.25 376.93
1020.85 373.32
990.81 394.96
984.20 391.95
975.78 376.33
974.58 385.94
976.99 397.36
972.18 391.95
970.38 368.52
903.07 515.75
873.02 528.37
964.37 552.40
844.78 524.16
837.57 543.99
836.97 494.71
852.59 492.31
887.45 480.29
911.48 489.30
942.13 455.05
934.32 445.44
949.94 435.22
966.17 441.23
987.20 441.23
983.60 430.41
975.18 429.81
957.16 421.40
969.17 421.40
975.18 410.58
967.37 408.78
984.80 402.77
954.15 408.78
953.55 399.16
957.76 400.37
963.16 392.55
961.96 376.93
953.55 367.31
958.36 371.52
950.55 376.93
950.55 372.72
942.13 380.53
948.74 384.74
936.72 382.34
937.93 363.11
937.32 388.95
945.14 397.96
935.52 408.78
931.32 396.76
943.33 406.38
944.54 421.40
942.73 428.61
925.91 418.99
916.89 422.60
916.29 414.79
916.89 407.58
921.70 402.17
912.69 393.15
901.87 393.15
901.87 412.99
907.88 425.61
911.48 428.61
910.88 442.43
899.47 435.82
884.44 435.22
884.44 444.84
900.67 451.45
896.46 463.46
875.43 464.07
868.22 444.23
854.39 467.67
830.36 474.28
829.76 453.25
845.98 442.43
855.00 440.03
868.22 417.79
870.02 428.61
876.63 412.99
858.00 421.40
848.39 423.80
835.77 427.41
824.95 429.81
830.96 422.00
824.95 413.59
833.96 438.83
816.54 444.23
806.32 466.47
820.74 471.88
788.89 468.27
800.31 447.84
805.12 432.82
794.30 426.81
806.92 417.19
788.89 414.79
782.28 434.62
778.08 417.19
784.69 409.38
791.90 404.57
782.28 399.16
801.51 399.16
809.93 401.57
820.14 404.57
830.96 406.38
771.47 472.48
757.64 459.86
766.66 442.43
779.28 489.30
804.52 497.72
683.13 576.44
640.46 558.41
616.42 559.01
563.54 566.83
617.02 527.16
666.90 536.78
691.54 539.78
720.39 539.78
727.60 511.54
715.58 497.72
739.01 474.28
731.20 462.26
720.39 472.48
715.58 461.66
704.16 482.69
686.73 465.87
663.90 482.69
668.10 500.72
629.64 489.30
640.46 514.54
615.22 500.12
602.00 510.34
593.59 491.11
602.60 480.89
574.36 482.69
541.91 487.50
553.32 503.73
553.93 459.26
569.55 459.86
586.98 457.45
598.39 459.86
611.01 460.46
602.60 443.63
629.04 466.47
648.87 470.68
639.86 459.86
670.51 447.24
678.32 432.22
644.67 443.63
630.24 431.01
616.42 442.43
604.40 435.22
608.61 422.00
585.78 436.42
577.36 435.22
565.94 438.22
558.73 442.43
541.91 438.22
553.32 434.62
518.47 442.43
530.49 435.22
526.28 423.80
514.86 425.61
553.93 423.20
569.55 422.00
583.37 417.79
593.59 409.98
605.61 408.78
617.02 405.17
620.63 410.58
626.04 412.99
632.65 404.57
641.66 407.58
645.87 423.80
647.67 412.99
647.07 400.37
656.69 409.38
666.30 417.19
665.10 430.41
706.56 441.23
717.38 432.82
707.16 426.21
695.15 425.61
685.53 415.99
707.77 417.19
708.37 405.17
700.55 413.59
696.35 400.37
672.91 408.78
680.12 400.97
686.73 400.97
669.31 396.76
661.49 394.96
655.48 393.76
664.50 408.78
746.23 442.43
738.41 443.63
760.65 432.82
754.64 418.99
765.46 418.99
742.62 420.20
731.20 423.20
725.19 429.81
720.39 414.19
717.38 406.98
731.20 409.98
741.42 406.38
755.24 408.78
767.86 406.38
773.27 404.57
761.85 400.37
752.84 397.36
735.41 393.76
742.62 397.36
730.60 387.75
720.39 393.76
720.39 384.14
896.46 423.20
894.06 394.36
886.85 400.37
881.44 400.97
875.43 402.17
870.62 400.97
858.00 402.17
846.58 403.37
841.17 397.96
845.38 391.95
855.00 393.15
865.81 388.95
873.02 389.55
885.04 388.35
892.25 387.75
922.30 371.52
926.51 375.13
930.11 365.51
927.71 362.51
921.10 362.51
782.58 456.55
837.57 389.55
850.49 378.73
862.81 377.83
873.32 381.74
881.74 383.84
888.05 383.84
879.03 380.84
873.93 377.83
870.62 374.22
879.93 375.43
893.76 382.34
896.76 386.54
906.68 388.05
917.19 384.44
926.21 388.65
932.22 384.74
959.86 384.44
942.43 388.05
997.42 377.53
995.62 378.43
963.47 365.81
935.52 307.82
952.95 305.72
988.10 309.92
1002.23 310.83
898.26 302.71
894.96 367.01
903.07 359.80
909.98 362.81
906.98 365.81
916.59 370.32
914.19 368.82
924.10 378.73
928.91 377.53
910.28 371.22
913.89 374.22
909.08 376.33
900.97 372.12
889.25 358.90
863.11 357.10
868.22 362.81
870.92 367.01
845.68 380.53
847.78 386.54
842.68 387.15
833.96 379.93
825.55 377.83
809.93 376.33
811.43 390.15
818.34 394.36
825.25 396.46
864.01 409.08
868.82 405.77
893.16 414.19
907.88 416.29
907.58 398.56
915.99 400.67
925.31 408.18
928.61 406.07
799.71 404.87
818.94 368.82
813.53 368.22
819.54 373.62
827.65 373.62
833.96 369.12
839.37 374.22
842.38 369.42
839.67 366.11
835.77 360.40
831.56 358.30
835.16 350.19
826.45 351.09
819.84 353.19
814.73 352.59
808.12 347.78
806.92 352.29
798.21 344.48
798.81 351.99
800.61 348.68
786.79 343.58
781.98 343.88
775.97 344.18
772.67 343.58
771.77 348.99
772.97 352.29
769.96 357.70
776.27 364.61
775.37 357.70
776.57 354.69
783.48 352.89
784.99 356.80
785.29 360.70
783.18 367.01
788.89 365.81
791.90 361.91
790.70 357.10
796.70 357.40
802.71 356.50
806.62 356.20
808.12 358.30
811.13 363.11
815.33 360.40
817.44 357.70
813.53 356.20
821.94 361.30
817.14 363.71
830.36 365.81
846.58 373.32
856.80 373.32
861.61 373.02
863.41 369.42
889.85 376.33
854.09 408.48
793.40 367.91
800.31 369.12
796.70 365.81
799.41 362.81
796.70 362.51
807.82 363.11
804.82 370.02
782.88 375.13
788.29 375.43
794.00 375.43
774.77 373.32
782.28 382.64
778.98 379.63
775.67 380.53
769.66 380.53
776.27 384.44
780.78 390.15
771.16 393.15
795.20 395.26
808.72 393.15
951.15 363.11
949.94 367.31
943.93 367.91
945.14 374.22
752.54 384.74
758.55 383.24
754.94 392.55
745.62 379.63
751.63 375.43
757.04 375.13
760.35 367.91
765.16 356.50
760.35 354.99
756.44 355.90
756.44 361.91
747.43 365.51
741.72 363.71
745.93 371.22
739.92 371.22
740.82 379.33
733.01 372.12
729.10 375.13
722.19 378.43
723.09 374.53
717.98 374.53
712.57 374.22
713.17 388.95
707.16 396.76
706.86 383.24
711.37 382.04
705.36 375.13
702.06 382.04
693.94 383.24
689.14 391.05
682.23 385.34
685.83 386.84
674.71 384.14
666.30 384.14
659.39 386.84
652.18 383.24
643.77 388.35
636.25 388.05
649.78 388.35
637.46 396.76
627.54 396.76
628.44 388.05
631.15 383.84
628.14 378.13
636.55 380.53
639.56 377.53
638.06 375.13
641.36 372.42
635.05 370.02
632.95 372.42
627.24 370.32
630.85 368.22
638.66 366.11
647.07 366.11
643.16 364.61
641.66 361.61
635.35 358.60
651.88 374.53
658.79 377.53
666.60 372.12
673.81 369.72
679.22 371.22
682.53 375.43
690.34 373.92
695.75 370.92
723.69 370.32
716.48 368.82
709.87 368.22
720.99 364.61
727.00 366.11
731.50 363.41
736.01 364.01
739.62 357.10
745.02 352.89
747.43 351.99
752.54 351.39
766.06 341.77
758.85 340.27
753.74 338.77
747.73 340.27
742.92 341.17
737.81 340.27
727.60 339.67
710.77 342.68
687.03 338.47
635.05 327.95
634.75 334.56
638.36 333.96
632.35 333.96
731.80 350.79
739.62 351.69
735.11 349.59
728.20 352.89
727.90 355.60
733.01 357.10
724.29 355.90
724.89 350.79
718.88 354.09
714.98 360.10
713.78 351.39
710.77 350.19
708.97 348.68
706.86 356.50
711.07 354.99
709.57 352.89
704.16 351.99
702.96 348.99
698.75 359.20
699.35 351.09
693.64 353.49
688.84 354.39
696.35 353.79
694.55 346.58
705.06 344.78
717.38 346.58
687.93 346.58
684.63 344.48
681.02 351.99
663.00 357.10
671.11 354.99
676.52 352.89
672.61 348.68
669.61 350.79
666.30 354.99
681.62 360.70
692.14 358.30
696.35 357.40
685.53 357.40
660.59 367.61
657.29 360.10
652.18 361.61
631.75 352.29
641.36 352.89
645.87 354.99
650.68 354.39
659.69 350.79
690.64 364.61
679.22 365.66
685.38 365.36
694.70 364.61
675.01 358.00
677.87 357.55
676.37 349.44
691.24 348.38
707.01 344.63
737.66 368.52
766.66 381.59
665.55 366.71
670.06 362.51
675.77 344.33
650.68 345.08
640.76 347.78
634.75 344.18
624.84 351.09
620.93 351.09
632.05 358.90
632.95 363.71
620.33 364.61
627.24 364.31
615.82 370.02
622.43 369.42
619.43 376.33
612.82 375.73
608.91 386.84
618.23 387.45
619.43 398.86
599.00 401.57
600.80 393.15
591.18 398.56
583.97 405.77
577.36 406.38
591.78 424.10
598.09 426.21
549.72 413.59
541.61 406.98
558.43 409.98
562.94 399.46
554.53 398.86
555.73 391.05
543.71 393.45
550.32 385.94
563.24 388.95
580.37 392.25
592.09 388.05
583.67 384.14
575.56 385.34
570.15 385.64
585.47 391.05
592.39 383.24
602.90 379.93
610.11 378.73
589.98 376.33
582.47 375.73
577.66 377.83
568.05 374.22
573.16 369.42
577.96 369.42
583.37 367.91
586.98 370.02
591.48 370.02
588.18 365.81
596.29 367.31
606.51 366.11
607.41 370.92
614.32 363.11
606.81 362.21
610.41 358.90
615.82 357.70
626.04 358.00
643.16 358.00
646.17 347.18
635.65 351.69
636.55 354.09
655.18 355.30
654.58 347.78
658.79 345.38
664.20 351.69
666.30 348.99
554.83 379.93
561.74 377.83
563.54 370.62
566.55 365.81
548.52 372.72
548.82 366.41
553.62 362.51
560.24 366.11
565.34 360.40
572.25 361.00
573.16 356.20
580.67 358.30
585.78 359.80
601.10 361.61
603.50 358.90
599.90 358.00
607.71 358.30
606.51 354.69
615.52 353.49
609.21 351.09
588.18 355.60
582.77 353.19
595.09 351.69
592.99 358.90
596.29 358.30
624.54 331.26
610.71 335.46
614.02 335.46
617.62 330.36
618.83 334.56
624.24 339.67
613.72 346.28
616.12 345.68
607.11 344.18
605.01 344.18
608.61 336.67
607.41 331.56
603.80 331.56
598.70 340.87
598.39 332.46
599.30 329.45
604.70 327.65
607.71 323.15
582.47 320.74
575.56 321.64
569.55 319.84
565.04 320.14
562.04 319.84
556.93 321.64
553.62 320.74
551.52 321.94
589.38 348.99
588.18 351.69
584.57 347.78
582.17 347.78
573.16 347.48
578.86 348.38
630.09 361.15
622.28 359.05
633.55 365.36
605.61 338.02
614.17 338.92
611.32 340.42
602.30 340.42
595.84 338.47
595.99 321.49
591.63 319.99
590.28 326.45
556.93 359.50
559.63 354.84
563.39 353.49
559.78 351.84
561.89 349.29
565.19 348.38
557.38 345.83
556.33 349.29
555.43 354.54
550.77 350.79
550.17 358.00
537.10 364.61
542.36 360.10
539.35 357.70
543.56 355.90
548.67 354.54
547.47 347.93
536.05 354.69
540.55 350.49
561.29 342.53
564.29 341.62
565.79 339.07
568.65 340.42
576.01 344.48
583.97 344.18
592.24 344.18
564.14 381.14
558.13 370.32
529.29 379.03
542.51 379.03
546.41 380.53
534.09 381.14
536.50 373.62
540.10 374.83
528.99 366.71
532.89 364.91
531.99 360.10
528.69 361.61
520.27 362.81
526.28 358.00
531.09 355.30
531.99 350.49
519.07 374.22
525.98 383.84
519.37 377.83
515.47 383.54
526.58 395.86
537.40 394.96
534.09 405.47
523.28 406.38
516.97 412.99
507.95 407.58
513.66 400.07
513.96 390.75
506.75 388.65
498.64 404.27
489.32 410.28
504.05 433.72
489.02 431.01
478.51 408.48
474.00 397.36
489.62 395.86
499.84 391.95
487.82 386.84
481.81 389.85
475.80 389.55
480.61 381.74
491.13 379.93
494.73 379.93
501.64 381.44
507.95 381.74
506.75 375.43
515.16 375.43
514.26 370.62
511.56 366.71
519.07 370.02
525.08 370.62
510.66 361.61
504.35 369.42
502.55 362.51
506.75 363.71
506.45 357.40
515.16 361.61
516.67 364.31
498.94 360.10
498.04 354.69
491.43 366.41
489.62 362.21
485.12 358.90
477.01 368.52
481.81 370.02
475.80 374.83
473.40 364.91
475.20 358.30
479.41 356.50
486.62 351.99
490.53 350.19
484.52 347.78
483.62 345.98
480.61 346.88
477.61 345.38
475.50 349.89
474.60 343.88
521.47 356.50
523.58 363.11
524.18 359.50
514.26 355.30
517.87 356.20
516.67 353.19
522.38 352.29
525.08 350.19
528.39 353.19
527.48 347.78
530.19 345.38
526.28 344.78
522.08 344.18
523.58 347.48
520.57 348.08
518.77 346.88
515.16 347.78
509.76 353.19
507.95 346.88
541.91 334.26
561.44 335.46
565.34 336.37
574.06 337.27
573.16 335.16
577.36 335.46
580.37 332.16
578.26 330.96
580.67 327.05
584.57 325.85
586.08 325.85
572.55 328.25
562.04 326.15
570.45 326.75
548.52 323.45
543.71 323.45
546.71 327.95
538.30 322.54
535.60 321.34
531.09 318.64
535.00 318.34
521.47 326.15
527.18 321.64
523.88 319.54
517.57 318.34
520.27 319.24
512.76 318.64
517.87 325.55
531.39 336.37
534.39 333.36
537.70 334.26
535.90 336.67
536.50 339.37
545.51 344.78
512.46 332.16
519.37 333.36
521.47 330.96
585.47 333.51
589.23 338.17
566.70 343.73
587.43 341.92
605.31 348.99
590.13 360.10
593.14 363.86
561.89 329.15
565.64 323.45
582.02 334.41
593.29 335.01
533.19 345.83
535.90 347.93
539.80 353.49
550.92 329.76
490.53 345.08
466.19 350.64
469.94 350.94
469.94 358.60
473.10 361.15
461.38 362.06
463.48 367.01
468.29 370.47
472.80 368.67
464.39 375.58
468.89 380.38
460.48 373.47
457.32 372.12
454.77 365.96
456.42 359.35
458.38 355.15
453.72 354.09
451.16 349.89
460.48 349.14
466.34 347.18
469.34 345.68
466.34 344.63
468.29 342.07
470.39 342.53
479.26 341.92
482.41 342.98
485.12 341.47
498.19 326.60
496.84 322.39
498.34 319.69
492.03 320.59
491.58 318.19
503.45 318.19
496.09 318.34
508.55 321.64
517.42 323.15
552.57 373.32
553.17 327.80
512.61 337.27
510.06 334.71
470.09 317.44
471.60 319.99
476.55 319.24
479.41 318.49
480.91 319.84
483.16 321.04
486.32 321.79
495.18 351.24
495.48 363.26
471.00 353.79
464.09 335.16
460.33 338.62
454.92 336.22
451.62 333.96
460.03 330.51
456.57 328.40
467.84 326.75
463.03 320.44
466.19 321.49
498.64 344.78
500.14 342.07
488.72 333.96
449.66 355.30
443.95 349.89
439.45 353.19
443.35 356.20
445.16 359.80
445.16 365.51
441.55 363.11
438.55 361.91
436.44 358.90
432.54 357.70
432.24 351.39
433.14 347.78
427.43 351.99
438.24 348.68
437.94 370.32
443.65 372.12
441.25 371.52
450.56 371.82
449.96 375.73
442.45 381.44
450.86 386.84
452.37 395.26
457.17 403.67
470.09 409.68
470.09 393.76
468.59 419.60
466.79 426.21
470.09 431.91
457.47 427.11
448.76 430.41
446.66 403.37
461.98 415.99
437.64 408.78
428.63 424.40
424.12 409.08
422.32 402.17
431.93 396.76
439.75 391.95
429.83 385.64
436.74 380.23
431.33 371.82
419.92 375.13
425.32 379.93
413.61 387.45
421.12 382.34
424.72 393.15
419.92 399.46
414.81 397.96
406.70 393.15
400.09 396.16
401.59 407.28
390.77 406.98
403.09 424.40
414.81 431.31
419.32 363.71
427.43 364.61
424.42 356.80
414.81 368.82
407.90 371.52
405.79 376.93
397.98 376.63
401.29 369.42
393.47 389.55
404.59 384.74
386.71 389.85
379.65 402.77
370.49 391.95
380.85 387.90
387.01 384.29
394.68 377.38
394.68 373.17
393.78 364.31
387.92 371.52
382.96 368.22
379.65 373.17
376.50 369.57
371.84 370.47
376.50 379.03
367.93 383.99
354.71 400.52
353.81 392.40
345.25 391.20
347.20 381.89
354.56 378.28
362.53 379.03
362.98 373.47
356.97 370.47
364.78 367.16
359.37 364.46
358.32 359.80
352.01 368.22
346.30 362.36
351.26 358.75
343.30 357.70
346.30 351.54
350.21 350.49
350.36 347.18
352.61 351.09
354.86 354.39
354.56 356.80
359.52 355.30
367.48 356.35
366.73 360.55
370.49 360.10
377.85 362.36
380.55 362.66
386.86 361.30
390.32 359.95
404.14 357.70
407.60 359.05
406.55 365.81
415.11 361.00
428.03 357.70
403.84 348.08
417.36 329.91
446.81 344.33
436.59 345.38
443.50 342.68
432.09 344.03
439.30 341.17
400.39 354.39
394.38 356.50
390.77 355.30
387.16 355.30
378.75 353.19
383.26 354.09
391.37 349.29
396.78 350.19
398.88 345.68
407.00 342.68
412.70 340.57
429.53 340.57
420.22 340.87
429.23 346.88
443.95 334.86
447.56 331.86
449.06 326.15
470.09 330.06
465.89 331.86
484.82 336.07
483.01 332.46
485.12 329.76
489.02 326.15
483.92 324.65
481.51 324.35
515.47 325.85
517.27 330.06
513.36 329.15
506.45 331.26
507.05 326.45
504.05 324.95
505.25 321.64
517.87 343.58
506.75 340.57
462.58 353.19
465.29 355.90
386.86 345.68
394.38 342.98
399.78 340.27
403.69 340.87
404.29 343.58
396.18 341.47
389.57 339.67
387.16 341.47
382.96 343.58
376.95 345.68
376.65 349.89
370.64 349.89
366.43 350.19
361.62 351.99
373.94 359.50
373.64 364.91
360.42 369.12
348.10 372.72
343.30 368.52
334.28 364.61
335.48 371.52
342.09 375.73
339.69 384.74
332.78 378.43
325.57 387.45
332.18 389.55
336.39 412.68
340.59 402.17
319.26 410.88
332.78 403.67
321.96 402.17
330.98 434.32
319.26 435.52
315.35 449.34
297.32 444.23
302.13 434.02
312.65 418.09
302.73 410.58
285.31 406.98
291.62 420.20
289.81 431.91
343.90 447.84
354.11 449.94
379.65 448.44
398.88 448.44
422.02 443.63
433.14 444.23
457.78 447.24
409.40 424.70
387.16 421.70
379.95 412.68
385.96 439.13
376.95 432.82
367.03 414.79
355.92 415.99
295.22 405.47
292.22 393.76
307.24 393.15
318.96 387.45
307.84 381.14
296.12 383.24
282.00 385.94
284.70 373.62
279.30 368.82
291.32 367.91
297.32 362.81
297.62 370.62
302.13 366.41
307.84 366.41
308.14 373.62
326.17 377.83
321.66 377.23
322.26 369.12
327.97 369.42
329.17 364.31
327.97 360.10
324.37 361.00
318.66 362.81
318.66 367.91
313.25 360.10
305.44 360.10
303.63 355.30
300.03 360.70
290.71 359.50
292.82 359.50
281.70 359.50
283.50 362.81
304.24 347.78
311.15 347.78
314.45 343.58
309.64 341.77
309.04 335.46
311.15 332.46
314.15 332.76
315.65 334.26
313.85 338.77
313.25 341.47
318.06 340.57
321.36 341.47
325.57 341.47
326.77 342.98
328.27 346.58
319.86 349.29
316.55 349.89
318.06 345.68
321.36 347.18
323.47 349.89
327.67 354.69
318.36 356.20
321.66 355.30
323.47 354.09
337.89 359.50
338.79 354.69
336.99 347.18
334.28 347.78
340.59 347.18
343.60 346.88
344.20 342.38
347.80 344.48
347.50 341.47
345.70 338.77
354.11 341.47
358.32 338.47
362.83 340.27
362.83 345.08
361.62 343.58
361.62 340.27
366.13 345.68
368.54 342.38
367.63 339.37
372.44 341.77
377.55 340.27
420.52 350.79
416.91 346.88
419.01 357.40
418.11 353.19
415.41 355.90
413.31 358.00
436.14 335.16
433.44 334.26
440.35 326.45
437.04 326.45
374.85 404.57
343.60 334.86
346.60 334.86
350.81 334.86
354.41 329.76
358.32 327.05
365.83 334.56
367.33 337.27
368.84 333.96
378.45 324.65
385.96 326.45
392.57 332.16
451.77 342.38
350.21 342.68
350.21 338.77
374.55 316.53
379.65 315.03
384.76 317.14
387.16 317.14
390.47 316.53
399.18 318.04
404.59 318.34
408.80 318.34
413.61 322.84
420.52 318.04
345.10 314.13
347.20 314.13
351.11 314.13
349.31 314.13
352.91 314.13
365.83 316.53
368.54 318.64
370.94 317.14
322.56 338.17
326.17 331.86
336.99 326.45
341.19 324.65
342.39 321.34
345.40 321.94
345.70 324.05
347.80 326.45
350.81 328.85
351.11 331.26
347.20 328.85
345.10 327.05
332.48 332.46
333.08 324.35
303.63 339.37
307.24 339.67
299.73 337.27
305.44 343.58
298.23 349.89
338.79 341.77
335.18 341.47
333.68 339.37
343.00 337.27
339.99 334.26
336.99 333.96
337.29 330.96
344.20 332.76
366.43 327.05
365.83 324.35
371.54 327.65
375.45 327.95
375.75 323.45
380.85 322.84
427.73 307.52
441.85 345.98
430.73 319.54
434.49 317.74
440.05 318.19
454.62 318.34
449.96 318.34
393.62 318.04
421.12 308.27
424.27 308.57
416.01 308.12
403.54 307.97
411.95 307.82
422.32 314.88
418.26 312.78
425.47 314.88
428.03 316.68
422.77 319.39
383.56 337.72
335.48 312.03
341.79 315.03
332.48 315.03
326.17 315.33
320.46 315.03
319.86 312.63
315.95 314.73
315.05 311.73
310.24 314.13
306.34 314.73
304.54 314.73
303.03 314.73
311.15 321.34
321.36 329.15
321.96 322.24
404.59 326.45
407.60 329.76
398.58 325.55
453.87 338.77
309.64 300.61
299.73 299.41
178.94 519.35
118.85 484.50
108.63 460.46
121.85 453.25
162.11 478.49
147.09 470.07
138.68 447.84
129.06 443.03
154.30 440.63
175.33 442.43
186.15 442.43
180.14 460.46
173.53 451.45
205.98 476.68
211.39 495.31
240.24 496.52
232.42 487.50
252.25 478.49
250.45 457.45
266.08 453.85
288.91 462.26
281.10 457.45
276.89 445.44
276.29 428.61
263.07 435.22
335.78 457.45
219.20 428.01
234.23 434.02
235.43 462.86
219.80 464.67
203.58 424.40
193.96 434.02
163.32 415.39
164.52 405.17
177.74 408.78
191.56 404.57
187.95 396.16
198.17 387.75
199.37 402.77
209.59 404.57
199.37 412.99
216.80 406.98
226.41 406.98
230.02 417.19
237.83 411.18
248.05 423.80
257.66 413.59
270.28 421.40
270.28 412.99
270.28 404.57
264.27 394.36
251.05 385.94
249.85 400.37
258.26 400.37
242.04 396.76
231.22 392.55
231.82 400.97
224.01 396.16
227.01 386.54
209.59 385.94
216.20 391.95
137.47 428.01
150.70 425.61
111.63 449.04
108.63 409.38
123.05 394.96
132.07 390.15
87.00 415.39
79.18 417.19
71.37 411.78
62.96 404.57
52.14 407.58
62.36 430.41
42.53 432.22
52.74 425.61
43.13 411.18
43.73 447.84
105.62 386.54
80.99 385.94
88.20 401.57
67.16 394.36
74.98 398.56
61.16 397.36
50.94 396.76
56.35 401.57
466.79 483.30
477.61 476.68
490.83 472.48
504.05 474.88
514.26 487.50
508.25 453.25
445.76 465.87
434.34 474.28
362.23 429.81
531.69 474.28
64.16 551.20
3.47 448.44
30.51 435.82
11.28 431.61
13.68 415.99
19.09 408.78
26.30 400.37
7.67 400.37
4.07 411.78
2.86 428.61
34.11 391.95
41.93 387.75
50.94 384.74
60.55 379.93
68.97 378.13
70.77 369.72
79.18 367.91
86.39 375.13
97.81 378.13
106.23 373.92
114.04 371.52
124.25 367.91
138.08 380.53
147.09 376.33
139.88 373.92
150.09 367.31
153.70 375.13
159.71 368.52
162.71 379.33
152.50 386.54
164.52 391.95
205.98 367.31
182.55 359.50
187.95 361.30
162.11 359.50
169.32 359.50
175.33 357.10
154.90 358.90
147.69 362.51
139.28 366.71
114.64 379.93
130.26 376.93
132.07 361.30
139.88 358.90
147.09 352.89
152.50 350.49
145.29 346.28
139.88 352.89
130.86 352.89
129.66 357.10
124.85 357.10
121.85 362.51
115.24 363.11
108.63 365.51
18.49 384.14
25.70 387.75
29.91 379.33
16.09 378.13
3.47 388.35
4.67 397.36
15.48 393.15
20.89 367.91
29.91 367.91
28.10 361.30
35.32 359.50
40.12 358.90
39.52 365.51
42.53 373.92
47.93 369.72
53.34 365.51
45.53 361.30
61.76 369.72
64.76 364.31
73.78 363.71
58.75 361.30
62.36 355.30
55.75 357.70
58.75 352.89
65.36 348.68
56.35 348.68
52.74 354.69
47.93 352.89
51.54 344.48
47.93 343.88
56.95 342.07
64.76 345.08
69.57 345.08
80.39 349.29
99.01 367.31
101.42 370.92
87.00 362.51
96.61 363.11
102.62 361.30
106.83 355.30
109.83 357.70
115.24 355.30
110.43 353.49
105.62 348.68
111.03 346.28
99.01 346.28
105.02 344.48
94.81 346.88
86.39 348.68
2.86 378.13
7.67 371.52
14.88 368.52
22.09 361.30
25.10 357.10
20.29 352.89
23.30 348.68
29.31 354.69
19.09 358.90
14.88 357.10
11.28 362.51
5.87 366.71
1.06 360.10
8.87 357.10
13.08 352.29
7.67 350.49
3.47 352.89
16.09 345.08
19.09 348.08
31.71 342.07
35.32 348.68
42.53 344.48
40.72 350.49
142.88 410.58
246.85 379.33
258.86 380.53
265.47 379.33
270.28 372.72
276.89 375.13
276.29 393.15
260.07 391.95
237.83 388.35
243.24 368.52
251.05 369.72
261.87 366.71
266.68 363.71
272.09 363.71
275.09 361.30
260.07 357.10
255.26 362.51
234.23 370.92
238.43 369.72
228.22 368.52
182.55 352.89
188.55 346.88
196.97 346.88
202.38 348.08
201.78 348.68
208.99 348.68
221.61 348.08
216.80 348.68
243.24 351.09
254.66 348.68
249.85 346.88
233.62 349.29
240.24 346.88
47.33 348.38
35.32 336.97
26.00 336.37
21.49 335.76
19.39 339.37
16.09 335.16
5.87 343.58
1.06 342.68
34.41 381.14
40.42 382.64
52.74 373.62
136.57 357.70
129.06 344.78
132.67 339.97
129.96 338.47
136.57 339.37
136.57 334.26
138.98 333.66
143.18 334.26
150.39 340.87
155.20 340.87
154.30 343.58
159.41 342.68
164.52 346.28
169.02 351.09
173.83 352.59
165.12 351.39
156.10 351.99
159.41 348.38
154.60 355.30
117.04 347.48
96.01 342.07
96.61 337.87
98.41 333.06
102.62 334.26
104.12 336.97
107.73 338.47
108.93 341.47
103.82 339.97
92.40 337.27
85.49 337.87
81.89 334.56
86.39 340.87
82.49 343.58
80.39 340.87
74.98 338.77
69.27 339.97
64.46 338.47
61.76 335.76
66.26 334.56
70.17 334.86
76.78 334.86
72.87 331.56
79.18 361.91
75.88 381.44
75.88 377.83
80.99 375.43
71.37 390.15
52.44 336.67
39.52 332.16
32.61 336.97
30.21 335.16
13.08 337.87
23.90 344.78
12.18 343.58
118.55 301.81
121.85 297.00
157.31 335.16
164.82 338.47
173.83 336.37
191.26 322.24
190.66 309.32
188.25 310.22
180.14 312.33
147.69 327.95
158.51 328.25
160.31 325.25
159.71 321.04
105.62 397.96
57.55 365.81
129.06 327.95
133.27 331.56
139.88 328.85
143.18 330.36
153.40 336.37
158.51 337.87
161.51 337.87
80.09 292.50
76.48 292.50
70.47 289.19
65.06 288.29
69.57 294.00
47.63 283.48
51.84 284.99
43.13 284.99
48.84 288.59
58.15 292.50
64.76 292.50
61.16 291.60
57.55 289.19
54.85 288.59
54.24 286.19
44.63 288.59
46.43 286.49
61.16 321.94
71.37 318.64
74.68 314.73
108.93 300.31
139.88 282.28
143.18 285.59
145.29 283.48
249.55 295.50
201.78 311.43
166.92 340.57
178.04 350.49
100.52 357.70
543.11 452.05
625.44 449.64
924.70 460.46
898.26 445.44
468.59 454.75
480.61 457.76
522.08 452.35
47.33 328.25
177.74 319.84
372.74 399.46
382.96 378.43
218.00 354.99
384.01 428.61
348.40 365.81
338.64 362.66
431.63 361.76
433.74 366.56
490.08 354.69
488.12 347.93
468.29 352.89
468.59 364.76
449.96 359.65
609.81 394.06
611.47 397.21
602.30 396.16
580.82 363.86
570.15 364.31
599.90 343.43
594.94 355.90
595.84 361.91
559.18 349.44
566.70 351.84
570.00 345.38
571.35 332.76
556.03 342.07
980.29 377.53
985.40 374.22
988.40 376.33
966.17 373.92
955.95 380.23
965.87 381.44
970.68 401.27
975.48 401.27
983.60 386.24
1009.14 378.13
996.82 395.56
979.99 417.19
988.10 422.60
1004.33 398.26
983.60 450.54
962.86 400.37
936.12 400.37
918.70 375.13
922.90 366.71
899.77 367.01
896.46 372.72
891.95 369.72
885.64 373.92
880.84 360.40
889.55 365.81
884.44 379.33
897.96 378.13
903.37 380.53
889.25 391.95
841.78 379.63
818.04 381.14
810.53 382.64
806.62 384.14
794.30 388.65
803.32 391.05
776.87 393.45
808.42 369.12
803.62 361.30
789.49 353.19
779.58 353.79
779.88 364.61
842.68 360.10
848.09 360.10
850.49 365.51
855.00 365.81
860.10 364.61
858.60 358.00
862.21 363.41
873.02 360.70
878.13 369.72
849.89 369.12
835.77 374.22
830.06 377.23
969.47 380.53
979.99 369.72
653.08 368.52
633.25 375.73
685.83 371.82
686.43 351.69
682.53 347.48
812.93 432.82
664.50 344.78
642.86 344.78
624.84 324.65
630.24 346.28
628.44 351.69
751.03 357.10
596.29 389.25
667.20 358.30
646.77 361.00
621.53 354.99
617.02 349.29
612.52 348.99
625.74 342.98
631.15 342.68
553.32 343.58
547.62 360.70
561.44 358.90
521.47 387.15
497.44 428.01
459.28 382.34
485.72 374.22
513.66 340.57
523.58 335.16
524.78 331.56
387.47 400.67
357.72 344.48
377.55 358.30
301.23 317.44
266.68 385.04
131.77 370.02
130.26 366.11
172.03 321.94
178.04 323.15
184.95 325.85
187.95 323.15
198.47 326.75
205.38 317.74
208.09 322.84
155.20 325.25
152.80 326.75
151.30 327.95
189.16 352.89
187.05 349.29
248.35 373.62
58.15 375.73
149.49 333.06
153.10 331.86
146.79 332.16
133.87 300.01
129.06 300.31
164.52 313.83
173.53 329.76
138.98 348.99
27.50 315.93
979.39 759.13
424.76 334.93
423.47 331.36
426.71 325.21
431.24 327.80
430.59 323.92
409.87 322.30
410.52 327.16
405.98 323.92
380.41 329.42
360.33 320.03
361.30 315.50
357.74 315.18
356.12 317.12
352.88 319.71
347.38 319.06
351.59 323.27
354.50 325.21
358.39 321.98
362.92 324.24
399.19 309.02
407.28 311.61
432.53 311.61
435.45 311.61
448.40 314.20
446.78 314.85
443.54 318.41
461.03 317.12
391.74 303.84
387.21 304.49
384.62 303.52
381.05 304.49
378.46 305.14
375.23 303.84
372.31 303.52
372.31 301.25
369.72 304.49
367.45 303.20
366.48 305.79
363.89 305.14
359.68 302.55
358.71 305.14
356.12 302.87
356.12 305.46
354.18 304.81
351.27 302.87
350.62 306.76
345.11 301.90
348.03 304.81
342.20 303.52
338.64 302.87
335.72 304.17
333.46 301.90
329.57 303.52
399.83 313.56
402.42 312.91
411.81 314.85
416.35 315.50
417.32 320.36
414.08 318.74
424.44 322.30
419.91 323.27
437.71 321.98
441.92 321.65
445.16 321.00
453.26 323.92
457.14 322.30
459.41 324.24
460.70 326.51
444.19 328.13
444.84 325.54
439.66 331.36
434.80 331.04
427.03 331.36
424.76 328.45
422.17 329.10
411.49 332.01
408.90 334.28
406.31 335.57
402.75 331.36
400.16 335.57
395.30 335.25
392.39 326.83
387.21 323.59
384.29 321.65
391.41 323.59
395.62 309.35
391.41 308.05
388.82 311.29
387.85 307.41
383.64 310.97
379.43 310.00
377.17 312.26
371.99 309.35
370.69 313.23
362.92 310.64
365.51 312.91
362.60 313.88
362.92 320.03
366.16 321.33
370.69 322.30
364.22 330.07
358.39 335.25
354.50 335.57
361.30 329.10
373.28 333.63
377.49 332.34
378.79 336.22
335.08 321.98
338.64 320.03
340.58 308.38
341.55 305.79
348.03 310.00
353.86 309.02
367.13 308.38
325.69 302.55
321.80 301.25
317.92 300.93
314.03 301.58
316.30 306.11
326.34 307.73
331.19 309.35
334.75 308.70
326.98 320.03
326.98 325.21
320.18 325.54
318.24 328.77
312.09 328.45
314.68 323.27
315.65 319.38
307.88 326.51
306.58 330.72
303.99 327.16
300.43 325.54
304.97 319.06
308.20 309.02
309.17 304.81
304.64 309.35
299.46 309.67
296.55 307.41
298.81 303.84
285.86 298.99
282.95 298.02
284.89 300.61
555.57 335.57
552.33 335.90
549.74 336.87
546.50 333.31
541.97 329.42
539.70 326.51
537.76 328.77
534.20 328.45
533.55 325.86
530.64 328.77
553.95 330.72
556.86 330.07
267.52 312.59
265.25 311.94
262.66 311.29
258.45 310.64
257.15 310.00
252.95 310.00
250.36 310.32
273.67 297.69
273.99 301.25
277.23 300.28
304.10 299.96
304.43 303.52
306.37 306.76
314.79 309.02
318.35 309.02
320.62 309.67
324.50 310.64
327.74 311.29
270.75 299.31
267.52 300.28
264.93 300.61
262.34 301.58
261.69 298.02
263.31 296.07
267.52 296.07
260.07 297.37
258.77 300.93
256.83 299.96
256.18 296.07
253.92 299.31
252.95 295.75
266.87 304.17
263.95 304.49
259.42 305.79
257.80 303.52
255.21 302.87
253.27 303.20
250.68 301.90
250.03 299.63
248.74 296.40
246.79 302.87
245.17 298.34
243.23 301.90
240.64 298.34
239.67 295.43
238.38 299.63
240.32 303.20
242.91 308.38
248.74 306.76
251.65 306.76
252.95 307.08
259.10 308.05
263.95 308.05
269.46 308.38
272.37 307.41
272.05 303.84
244.53 305.14
242.58 305.14
237.40 304.49
235.46 302.55
234.49 300.61
234.17 295.43
235.46 296.72
234.81 298.34
223.48 298.34
218.95 297.37
216.68 296.40
215.39 296.40
212.15 296.40
207.94 294.45
205.67 294.13
205.35 291.54
207.94 291.86
198.87 292.19
195.96 292.19
192.40 291.86
188.19 291.86
184.30 291.86
181.07 291.86
176.21 291.86
171.35 291.22
167.79 290.57
164.55 288.63
219.60 310.64
215.71 308.38
215.39 311.61
215.39 313.88
213.44 315.50
210.53 310.97
209.56 312.59
205.67 308.70
210.53 308.38
211.50 305.14
214.74 303.52
206.32 306.76
200.82 306.43
199.20 304.49
195.64 304.49
197.26 309.35
197.58 314.85
199.52 318.41
199.85 322.30
197.26 322.30
195.31 320.68
193.05 317.77
190.78 315.82
186.25 314.85
175.24 308.38
180.74 309.67
185.60 310.32
175.24 310.00
172.65 311.94
168.44 311.94
166.17 304.81
161.32 305.46
159.05 305.46
155.49 304.49
151.28 304.17
146.75 302.87
144.80 299.96
168.33 326.83
165.09 320.03
168.66 317.77
172.22 316.15
177.40 316.15
183.55 316.47
186.79 305.79
193.26 303.52
192.94 300.93
191.00 297.04
196.50 295.10
201.68 295.75
206.54 297.37
212.69 298.99
216.25 299.96
209.78 299.96
203.95 300.28
200.06 299.63
196.50 297.69
184.20 299.63
181.61 299.63
192.62 305.79
196.50 307.08
182.90 305.79
179.02 304.81
174.81 301.58
172.54 299.63
169.30 301.90
166.07 297.04
163.15 299.31
160.56 298.02
158.62 287.01
152.47 287.98
150.20 288.95
147.29 287.65
152.79 299.96
148.58 299.31
130.13 305.14
126.89 305.14
126.24 301.25
123.00 301.25
123.00 302.87
114.91 298.66
113.61 300.28
79.29 327.80
77.35 323.59
80.59 322.62
83.18 323.92
72.49 324.89
68.93 322.95
68.28 326.51
66.02 323.59
69.58 314.85
72.17 312.59
74.76 309.35
68.61 310.32
66.34 310.00
67.64 305.79
70.23 306.43
72.17 303.84
68.93 301.58
95.16 293.81
100.01 296.40
107.14 295.75
