21.76 419.85
69.21 361.56
149.20 361.56
227.83 409.01
263.08 418.50
116.66 436.12
69.21 513.40
340.35 349.36
389.16 349.36
409.49 441.54
461.01 422.56
479.99 372.40
515.24 356.13
546.42 358.85
527.44 410.36
532.86 470.01
20.63 190.06
20.63 136.51
61.30 141.25
82.32 134.47
64.69 113.46
80.96 155.49
76.22 176.50
58.59 215.82
22.67 211.07
24.02 319.53
37.58 279.54
72.83 268.01
113.50 265.98
91.13 213.78
120.96 188.70
108.75 158.20
128.41 146.00
118.92 124.31
131.80 110.07
151.46 127.02
151.46 158.88
131.12 174.47
150.10 204.29
171.12 189.38
188.74 162.94
188.06 141.93
194.84 133.80
207.04 122.95
186.71 111.43
174.51 114.82
171.79 139.22
135.87 309.36
133.83 274.79
162.98 295.13
197.55 311.40
158.92 238.86
185.35 225.31
202.98 210.39
221.96 222.60
211.79 188.70
221.96 168.37
227.38 152.78
238.23 150.74
239.58 132.44
255.17 117.53
241.61 110.07
273.47 122.27
282.96 110.07
259.24 141.93
270.76 155.49
282.29 148.03
287.03 134.47
299.91 112.78
314.82 122.27
306.01 129.05
303.98 151.42
319.57 141.25
295.84 169.72
267.37 176.50
259.92 186.67
243.65 177.86
235.51 198.19
206.37 261.23
285.68 317.50
293.81 279.54
261.27 219.88
291.78 228.02
299.91 208.36
294.49 190.06
320.25 188.70
314.15 173.11
324.99 160.91
332.45 171.08
348.04 160.23
339.90 144.64
333.13 120.92
352.11 125.66
350.75 110.07
368.37 120.24
383.96 124.98
394.81 122.95
364.98 137.19
390.07 141.93
380.58 156.84
392.78 163.62
384.64 172.43
357.53 182.60
346.00 183.96
375.83 193.45
348.72 212.43
345.33 272.08
318.89 272.08
359.56 317.50
383.96 276.82
367.70 243.61
400.23 218.53
395.49 189.38
404.98 170.40
413.11 153.45
415.82 122.95
427.35 136.51
438.19 124.98
455.82 124.31
463.95 119.56
450.39 110.07
432.09 108.72
442.94 141.25
456.50 136.51
457.17 157.52
443.62 163.62
427.35 153.45
457.17 170.40
463.95 187.35
435.48 183.96
419.89 173.11
413.79 185.31
443.62 210.39
466.66 212.43
449.04 241.58
417.18 249.03
420.57 278.86
459.21 312.75
504.39 321.56
477.96 277.50
501.00 240.90
505.07 188.70
481.35 195.48
484.74 169.72
477.96 148.71
484.74 133.80
488.80 117.53
477.96 111.43
499.65 114.82
515.24 131.76
521.34 117.53
524.73 141.25
537.61 126.34
553.88 130.41
572.86 116.17
578.96 137.86
557.94 145.32
530.15 162.94
511.17 159.56
498.29 153.45
532.19 277.50
532.86 240.90
514.56 218.53
555.23 188.70
562.01 171.76
572.18 154.13
576.25 174.47
583.70 192.77
568.11 216.50
585.74 251.07
574.21 268.69
592.51 228.70
591.84 166.33
594.55 129.05
60.63 95.16
81.64 95.84
72.83 95.16
154.51 93.80
165.69 88.04
157.56 61.94
185.01 95.84
179.93 77.20
204.67 79.57
207.72 89.06
200.94 108.38
195.18 101.26
223.99 108.04
234.84 94.48
250.09 93.80
257.88 90.41
264.66 88.72
275.17 94.14
279.91 81.60
241.28 72.45
298.89 97.87
283.64 100.24
311.77 93.13
315.50 71.43
328.04 76.18
321.60 75.16
338.55 79.91
325.67 87.70
338.55 93.80
323.97 101.26
360.92 94.48
368.37 82.28
372.78 66.01
382.95 60.93
381.93 72.79
378.20 81.94
377.52 96.18
373.46 104.99
392.10 104.99
400.91 106.34
404.64 94.14
396.84 88.38
387.35 85.33
388.71 74.48
398.88 61.27
406.33 68.04
411.42 57.20
413.11 102.62
422.26 104.99
430.74 77.87
440.23 93.80
445.42 68.04
452.88 77.87
459.32 74.15
453.21 90.07
469.48 83.30
465.42 98.21
466.09 69.06
473.55 60.93
499.31 59.57
493.89 70.42
487.11 75.16
485.75 94.82
498.29 81.60
503.04 74.15
513.21 80.92
523.03 63.30
529.47 67.03
517.61 91.77
507.10 92.79
493.55 104.31
531.85 105.33
539.98 83.64
548.79 80.58
560.99 85.33
564.04 75.16
572.86 72.79
577.26 88.38
575.57 100.58
560.99 96.51
554.55 109.05
