25.29 386.93
53.76 321.85
7.66 277.11
101.21 263.56
181.20 263.56
259.83 311.01
295.08 320.50
148.66 338.12
101.21 415.40
372.35 251.36
421.16 251.36
441.49 343.54
493.01 324.56
511.99 274.40
547.24 258.13
578.42 260.85
559.44 312.36
564.86 372.01
12.64 172.05
24.84 134.09
9.25 117.14
52.63 92.06
52.63 38.51
93.30 43.25
114.32 36.47
96.69 15.46
112.96 57.49
108.22 78.50
90.59 117.82
54.67 113.07
56.02 221.53
69.58 181.54
104.83 170.01
145.50 167.98
123.13 115.78
152.96 90.70
140.75 60.20
160.41 48.00
150.92 26.31
163.80 12.07
183.46 29.02
183.46 60.88
163.12 76.47
182.10 106.29
203.12 91.38
220.74 64.94
220.06 43.93
226.84 35.80
239.04 24.95
218.71 13.43
206.51 16.82
203.79 41.22
167.87 211.36
165.83 176.79
194.98 197.13
229.55 213.40
190.92 140.86
217.35 127.31
234.98 112.39
253.96 124.60
243.79 90.70
253.96 70.37
259.38 54.78
270.23 52.74
271.58 34.44
287.17 19.53
273.61 12.07
305.47 24.27
314.96 12.07
291.24 43.93
302.76 57.49
314.29 50.03
319.03 36.47
331.91 14.78
346.82 24.27
338.01 31.05
335.98 53.42
351.57 43.25
327.84 71.72
299.37 78.50
291.92 88.67
275.65 79.86
267.51 100.19
238.37 163.23
317.68 219.50
325.81 181.54
293.27 121.88
323.78 130.02
331.91 110.36
326.49 92.06
352.25 90.70
346.15 75.11
356.99 62.91
364.45 73.08
380.04 62.23
371.90 46.64
365.13 22.92
384.11 27.66
382.75 12.07
400.37 22.24
415.96 26.98
426.81 24.95
396.98 39.19
422.07 43.93
412.58 58.84
424.78 65.62
416.64 74.43
389.53 84.60
378.00 85.96
407.83 95.45
380.72 114.43
377.33 174.08
350.89 174.08
391.56 219.50
415.96 178.82
399.70 145.61
432.23 120.53
427.49 91.38
436.98 72.40
445.11 55.45
447.82 24.95
459.35 38.51
470.19 26.98
487.82 26.31
495.95 21.56
482.39 12.07
464.09 10.72
474.94 43.25
488.50 38.51
489.17 59.52
475.62 65.62
459.35 55.45
489.17 72.40
495.95 89.35
467.48 85.96
451.89 75.11
445.79 87.31
475.62 112.39
498.66 114.43
481.04 143.58
449.18 151.03
452.57 180.86
491.21 214.75
536.39 223.56
509.96 179.50
533.00 142.90
537.07 90.70
513.35 97.48
516.74 71.72
509.96 50.71
516.74 35.80
520.80 19.53
509.96 13.43
531.65 16.82
547.24 33.76
553.34 19.53
556.73 43.25
569.61 28.34
585.88 32.41
589.94 47.32
562.15 64.94
543.17 61.56
530.29 55.45
564.19 179.50
564.86 142.90
546.56 120.53
587.23 90.70
594.01 73.76
21.45 12.41
232.94 10.38
227.18 3.26
255.99 10.04
315.64 2.24
355.97 3.26
405.46 6.99
424.10 6.99
432.91 8.34
445.11 4.62
454.26 6.99
497.42 0.21
525.55 6.31
563.85 7.33
586.55 11.05
