20.08 421.50
97.35 352.36
146.16 352.36
166.49 444.54
218.01 425.56
236.99 375.40
272.24 359.13
303.42 361.85
284.44 413.36
289.86 473.01
376.63 378.11
426.79 345.58
462.04 334.73
489.15 372.69
529.82 349.64
573.21 342.87
573.21 413.36
548.80 505.55
12.17 120.53
30.47 125.27
39.96 113.07
16.24 144.93
27.76 158.49
39.29 151.03
44.03 137.47
56.91 115.78
71.82 125.27
63.01 132.05
60.98 154.42
76.57 144.25
52.84 172.72
24.37 179.50
16.92 189.67
0.65 180.86
42.68 320.50
50.81 282.54
18.27 222.88
48.78 231.02
56.91 211.36
51.49 193.06
77.25 191.70
71.15 176.11
81.99 163.91
89.45 174.08
105.04 163.23
96.90 147.64
90.13 123.92
109.11 128.66
107.75 113.07
125.37 123.24
140.96 127.98
151.81 125.95
121.98 140.19
147.07 144.93
137.58 159.84
149.78 166.62
141.64 175.43
114.53 185.60
103.00 186.96
132.83 196.45
105.72 215.43
102.33 275.08
75.89 275.08
116.56 320.50
140.96 279.82
124.70 246.61
157.23 221.53
152.49 192.38
161.98 173.40
170.11 156.45
172.82 125.95
184.35 139.51
195.19 127.98
212.82 127.31
220.95 122.56
207.39 113.07
189.09 111.72
199.94 144.25
213.50 139.51
214.17 160.52
200.62 166.62
184.35 156.45
214.17 173.40
220.95 190.35
192.48 186.96
176.89 176.11
170.79 188.31
200.62 213.39
223.66 215.43
206.04 244.58
174.18 252.03
177.57 281.86
216.21 315.75
261.39 324.56
234.96 280.50
258.00 243.90
262.07 191.70
238.35 198.48
241.74 172.72
234.96 151.71
241.74 136.80
245.80 120.53
234.96 114.43
256.65 117.82
272.24 134.76
278.34 120.53
281.73 144.25
294.61 129.34
310.88 133.41
329.86 119.17
335.96 140.86
314.94 148.32
287.15 165.94
268.17 162.56
255.29 156.45
289.19 280.50
289.86 243.90
271.56 221.53
312.23 191.70
319.01 174.76
329.18 157.13
333.25 177.47
340.70 195.77
325.11 219.50
382.05 296.77
361.04 274.40
342.74 254.07
331.21 271.69
349.51 231.70
362.39 202.55
373.24 191.03
368.49 166.62
348.84 169.33
359.00 140.86
351.55 132.05
373.24 141.54
382.73 126.63
379.34 114.43
356.97 115.11
365.78 247.97
373.24 219.50
384.76 200.52
399.00 191.70
409.84 178.82
400.35 161.20
381.37 157.13
397.64 139.51
413.23 131.37
424.08 146.96
412.56 150.35
431.54 159.84
434.92 180.86
451.19 163.23
452.55 143.58
440.35 134.76
431.54 118.49
446.45 112.39
453.90 119.17
466.11 137.47
479.66 163.23
491.19 174.08
510.17 169.33
500.00 155.10
491.86 141.54
489.83 155.10
493.22 124.60
452.55 203.23
470.85 183.57
411.20 234.41
407.81 208.65
417.98 261.52
396.96 271.01
436.28 234.41
466.11 218.14
490.51 203.23
484.41 229.66
510.17 218.14
466.78 249.32
432.89 286.60
410.52 313.72
462.04 292.03
499.32 264.91
515.59 292.03
566.43 302.87
538.64 262.88
532.54 230.34
535.25 205.94
526.44 186.28
553.55 163.23
554.23 145.61
554.23 131.37
544.06 115.11
533.89 138.83
526.44 122.56
515.59 106.29
594.90 129.34
569.14 120.53
575.24 105.62
592.87 159.84
582.70 193.06
567.78 196.45
564.40 220.17
590.15 247.97
478.31 435.05
7.09 96.80
14.88 93.41
21.66 91.72
32.17 97.14
36.91 84.60
55.89 100.87
40.64 103.24
68.77 96.13
72.50 74.43
85.04 79.18
78.60 78.16
95.55 82.91
82.67 90.70
95.55 96.80
80.97 104.26
117.92 97.48
125.37 85.28
129.78 69.01
139.95 63.93
138.93 75.79
135.20 84.94
134.52 99.18
130.46 107.99
149.10 107.99
157.91 109.34
161.64 97.14
153.84 91.38
144.35 88.33
145.71 77.48
155.88 64.27
163.33 71.04
168.42 60.20
170.11 105.62
179.26 107.99
187.74 80.87
197.23 96.80
202.42 71.04
209.88 80.87
216.32 77.15
210.21 93.07
226.48 86.30
222.42 101.21
223.09 72.06
230.55 63.93
256.31 62.57
250.89 73.42
244.11 78.16
242.75 97.82
255.29 84.60
260.04 77.15
270.21 83.92
280.03 66.30
286.47 70.03
274.61 94.77
264.10 95.79
250.55 107.31
288.85 108.33
296.98 86.64
305.79 83.58
317.99 88.33
321.04 78.16
329.86 75.79
334.26 91.38
332.57 103.58
317.99 99.51
311.55 112.05
425.77 110.36
419.67 101.55
415.27 74.77
406.45 122.22
392.22 112.73
386.46 105.62
375.61 99.18
378.32 75.11
453.90 97.82
479.32 112.73
475.94 92.06
558.63 96.13
357.65 104.60
362.05 84.94
494.58 62.91
498.64 62.23
506.44 54.78
519.32 63.93
534.57 48.34
541.01 54.78
547.45 59.52
556.94 61.89
571.17 53.42
525.42 69.01
543.38 70.03
537.62 62.91
527.11 54.44
