302.10 515.63
383.62 526.33
410.79 517.27
526.90 504.92
527.72 408.58
526.08 439.87
521.13 476.93
489.02 467.87
477.49 449.75
478.31 417.64
451.14 455.52
461.02 485.16
402.56 484.34
384.44 460.46
400.09 447.28
312.80 467.04
321.03 434.93
344.91 421.75
327.62 490.10
336.68 519.75
302.92 487.63
269.98 495.86
272.45 457.16
262.57 445.63
258.45 423.40
292.21 411.87
274.10 411.05
278.21 393.76
300.45 388.82
321.03 383.05
339.15 395.40
386.91 397.05
401.73 396.23
411.61 373.99
431.38 378.11
451.14 373.99
448.67 400.34
470.08 378.11
512.08 378.93
240.34 502.45
208.22 513.98
179.40 518.92
129.99 512.33
125.05 482.69
169.52 488.45
153.87 485.16
157.99 452.22
139.05 453.05
190.10 467.87
201.63 435.75
198.34 416.81
204.93 390.46
244.45 398.70
230.45 386.35
251.04 369.05
189.28 368.23
177.75 358.35
183.52 391.29
158.81 392.93
140.70 368.23
166.22 420.93
134.93 425.05
115.99 415.99
98.70 390.46
89.64 370.70
80.59 451.40
89.64 482.69
63.29 523.04
5.65 527.16
29.53 461.28
52.59 448.10
69.06 420.93
34.47 408.58
3.18 389.64
35.30 384.70
17.18 355.88
4.83 280.12
36.12 267.77
55.88 279.30
73.17 284.24
80.59 306.47
69.06 321.29
43.53 322.12
21.30 318.00
18.00 302.35
24.59 287.53
98.70 278.47
92.11 292.47
114.35 281.77
122.58 298.24
111.88 337.76
102.00 331.17
90.47 343.53
66.59 350.94
146.46 327.06
156.34 346.00
187.63 311.41
215.63 308.12
218.10 323.76
250.22 326.23
249.39 308.12
196.69 343.53
202.46 331.17
267.51 300.71
284.80 294.94
302.10 294.94
295.51 332.00
302.10 348.47
295.51 373.99
339.97 367.41
357.27 350.11
341.62 350.94
347.39 333.64
362.21 309.76
343.27 294.12
359.74 286.71
325.15 308.12
334.21 317.17
375.38 338.58
386.91 319.65
400.91 296.59
423.14 299.88
421.50 318.82
408.32 346.00
408.32 334.47
447.02 302.35
459.38 308.12
465.14 295.76
478.31 308.94
469.26 330.35
473.37 347.64
486.55 350.11
509.61 325.41
496.43 308.94
512.90 308.12
489.84 294.94
491.49 280.94
517.02 287.53
531.02 293.29
518.66 340.23
527.72 368.23
519.49 264.47
520.31 232.36
438.79 279.30
449.49 261.18
469.26 244.71
491.49 245.53
495.61 258.71
522.78 201.07
511.25 220.01
484.90 228.24
500.55 198.60
514.55 174.72
486.55 182.13
482.43 164.01
458.55 191.19
451.14 205.18
441.26 196.95
424.79 202.71
438.79 233.18
437.97 245.53
442.08 258.71
428.91 260.36
417.38 258.71
409.14 271.88
409.97 282.59
376.21 260.36
387.73 255.42
394.32 245.53
379.50 232.36
394.32 205.18
402.56 149.19
445.38 140.13
413.26 110.49
383.62 142.60
492.31 137.66
489.84 117.90
523.60 145.90
512.90 128.60
522.78 117.07
530.19 112.96
514.55 112.13
524.43 98.14
501.37 101.43
508.78 83.31
484.90 103.08
417.38 89.08
439.61 94.84
446.20 123.66
373.74 204.36
366.32 238.12
352.33 238.12
358.09 261.18
339.15 261.18
320.21 249.65
330.92 236.48
338.33 227.42
330.09 218.36
328.45 202.71
349.86 189.54
356.44 206.83
361.38 190.36
377.85 190.36
366.32 125.31
358.91 106.37
365.50 98.14
378.68 94.84
384.44 94.02
380.32 80.84
241.16 269.41
223.04 285.88
265.86 272.71
288.10 260.36
275.74 240.59
250.22 260.36
245.28 243.89
256.80 225.77
273.27 214.24
286.45 224.12
308.68 218.36
311.15 235.65
317.74 264.47
302.92 201.07
274.92 200.24
272.45 189.54
270.80 162.36
291.39 152.48
304.57 164.84
309.51 173.07
335.03 162.36
269.16 137.66
280.69 123.66
274.10 82.49
284.80 93.19
288.92 81.67
297.15 92.37
287.27 104.72
276.57 105.55
267.51 94.02
318.56 88.25
325.98 83.31
313.62 80.02
256.80 103.90
246.10 103.08
245.28 94.84
419.03 237.30
174.46 300.71
181.87 292.47
206.57 265.30
218.93 266.94
217.28 248.83
209.04 229.89
197.52 254.59
181.87 261.18
181.87 276.83
159.64 269.41
162.11 285.88
144.81 285.88
139.87 266.94
139.87 242.24
155.52 236.48
176.93 243.89
191.75 241.42
194.22 223.30
209.87 212.60
232.92 202.71
242.81 200.24
260.10 195.30
238.69 226.59
226.34 194.48
213.16 188.72
179.40 208.48
170.34 224.95
148.93 222.48
153.87 206.83
129.99 190.36
135.76 211.77
130.82 228.24
116.82 234.01
105.29 205.18
90.47 220.83
97.05 239.77
106.94 261.18
117.64 262.00
130.82 280.94
81.41 260.36
64.94 261.18
49.29 257.06
29.53 252.12
46.82 236.48
59.18 226.59
64.94 215.07
86.35 211.77
79.76 201.89
83.06 187.07
92.94 178.01
102.82 178.83
108.58 154.13
114.35 137.66
117.64 108.84
132.46 165.66
122.58 152.48
169.52 124.49
76.47 129.43
74.00 114.60
88.00 111.31
92.94 112.96
101.17 112.96
97.88 94.84
155.52 91.55
167.87 102.25
172.81 103.90
4.83 232.36
4.83 209.30
31.18 215.07
16.36 212.60
39.41 204.36
51.76 199.42
13.89 135.19
10.59 122.84
52.59 86.61
39.41 87.43
67.41 104.72
74.00 97.31
46.00 101.43
36.12 96.49
22.94 79.20
27.06 75.90
7.87 462.83
25.85 430.87
198.68 496.80
218.66 492.80
236.64 469.83
221.66 450.85
358.52 511.79
456.42 514.78
447.43 519.78
511.37 405.89
326.80 365.35
322.31 354.36
307.32 335.88
330.30 328.39
1.63 322.39
82.05 352.86
75.05 368.35
59.07 379.83
73.56 392.82
102.03 351.36
143.99 365.85
123.01 380.83
215.91 348.86
154.48 312.90
107.02 315.90
117.51 323.89
91.54 317.40
162.97 314.90
178.95 316.40
23.61 515.20
170.46 502.21
270.86 472.24
39.09 365.43
169.96 382.91
372.26 373.92
357.27 381.92
28.10 272.02
54.08 244.55
81.05 243.55
134.99 254.54
165.96 211.09
193.44 208.59
184.94 224.57
202.43 206.59
224.41 203.09
258.37 212.08
289.84 194.60
286.84 204.59
309.32 190.61
334.79 202.59
298.33 231.07
278.85 147.65
282.85 161.64
266.36 156.64
349.78 169.63
13.62 228.07
11.12 295.50
160.47 374.42
265.86 369.43
11.62 108.19
17.61 97.70
53.58 128.17
61.57 127.67
86.04 125.17
75.55 122.67
110.02 104.19
184.45 122.67
178.45 113.68
188.44 106.69
197.43 102.19
195.43 117.18
218.91 124.17
229.40 120.18
230.90 126.17
238.89 112.68
221.91 108.69
227.40 95.20
252.38 92.70
290.34 114.68
295.83 120.68
277.35 113.68
267.86 117.18
279.35 138.66
41.59 288.01
41.59 305.99
65.56 307.99
130.00 317.48
167.96 258.54
77.55 224.16
111.02 192.69
130.00 203.68
140.49 205.18
151.48 260.62
190.94 248.13
214.91 239.64
294.83 272.61
349.28 222.66
13.12 146.73
7.62 134.75
244.39 83.30
233.90 85.29
217.91 79.80
224.41 72.81
221.91 92.79
214.91 86.29
208.92 91.29
205.92 100.28
215.91 99.78
226.90 105.77
216.41 102.78
205.42 64.82
202.93 52.33
222.91 59.32
233.90 61.82
206.92 75.30
162.97 121.26
152.48 117.26
161.97 104.28
152.48 103.28
137.49 136.74
130.50 154.73
138.49 151.73
151.48 131.25
154.97 145.73
160.97 134.75
171.96 134.25
210.92 155.23
0.63 110.77
1.13 104.28
3.63 52.33
9.12 59.32
19.11 59.82
0.63 69.31
11.62 76.30
18.61 68.31
31.10 64.32
37.59 71.81
46.08 70.81
48.58 58.82
41.09 61.82
41.09 53.33
26.60 55.82
32.10 50.83
26.10 38.84
12.12 48.33
6.62 44.34
47.58 83.30
82.55 107.77
83.55 98.78
81.05 90.29
85.54 84.30
91.54 80.30
97.03 69.81
89.04 67.81
75.55 70.31
80.55 61.82
86.04 52.83
85.54 43.34
65.56 51.83
64.56 59.32
64.07 73.31
54.57 70.81
76.05 39.34
68.06 44.34
86.04 136.24
95.53 131.25
111.02 99.78
111.02 87.29
119.01 93.29
109.02 92.79
102.53 99.28
58.07 110.77
48.08 113.27
49.58 93.79
61.07 101.28
42.59 78.30
8.12 91.29
18.11 87.79
18.11 79.30
0.13 77.30
14.61 55.32
24.11 50.33
0.13 27.35
67.56 20.86
94.04 29.85
86.54 35.34
98.03 43.34
110.52 38.34
9.62 33.85
7.12 23.86
28.60 89.79
32.60 84.80
67.56 85.29
96.53 139.24
90.54 148.23
258.87 83.80
260.87 98.28
188.44 198.18
297.83 133.75
326.30 252.13
161.97 30.35
162.47 40.84
183.45 40.34
190.94 39.34
195.93 31.35
189.94 26.85
174.46 12.37
371.76 14.87
365.76 9.87
361.77 11.87
354.28 18.36
365.26 28.85
356.27 30.35
353.28 29.85
343.79 41.34
349.78 37.84
357.27 36.84
346.28 49.33
340.29 79.30
339.29 86.79
348.28 90.29
347.28 76.30
363.27 86.29
376.75 85.29
229.40 81.80
232.40 49.83
239.89 44.84
233.40 39.84
220.41 47.33
224.41 42.34
207.92 42.34
202.43 46.83
191.44 49.83
173.96 23.36
194.44 17.36
192.94 6.87
172.46 35.84
298.33 72.81
293.34 63.82
303.33 58.82
301.33 51.33
290.34 53.33
278.35 57.32
279.85 66.81
265.36 56.32
268.36 51.83
270.86 58.32
260.37 49.33
248.88 48.33
239.89 49.83
309.32 72.81
310.32 65.81
298.33 81.30
304.82 88.29
314.81 69.31
316.31 59.82
324.80 59.32
327.30 44.34
330.80 35.84
326.80 37.84
322.81 33.35
328.80 25.85
349.28 56.32
291.84 132.25
293.84 141.74
283.85 146.23
300.33 154.23
370.76 22.86
366.76 18.36
357.77 23.36
222.91 181.70
225.40 171.21
82.55 273.61
229.40 246.63
262.37 236.64
290.84 237.14
284.84 243.64
297.83 216.66
272.86 178.20
206.42 201.68
293.34 21.86
258.87 59.32
242.89 54.83
234.40 50.33
224.41 49.33
224.90 49.33
224.90 49.33
224.90 49.33
228.40 75.30
228.40 80.30
225.40 53.83
229.40 46.33
230.90 45.33
232.40 44.34
232.40 44.34
232.90 44.34
232.40 53.83
230.90 70.31
238.89 110.77
256.87 138.24
261.37 109.77
282.60 275.11
409.97 232.65
413.97 221.66
402.98 223.16
390.49 225.65
392.99 212.67
471.41 206.17
488.89 202.68
482.90 196.68
514.37 201.18
529.85 191.19
529.85 227.65
509.37 277.60
397.48 270.61
333.55 84.30
430.95 90.29
438.44 79.80
422.96 74.81
425.95 65.31
385.99 0.88
389.49 10.87
393.99 9.87
389.99 21.86
378.50 14.87
374.01 2.88
374.01 11.37
419.96 22.36
425.45 21.36
422.96 9.87
418.96 0.38
399.98 17.36
405.97 14.87
411.97 10.37
406.97 9.87
431.45 10.87
407.97 56.32
403.48 34.35
417.46 31.35
409.97 24.36
432.95 102.78
422.96 104.28
436.94 113.27
440.44 87.79
446.93 84.80
450.93 118.76
462.92 122.26
460.42 112.77
467.41 104.28
476.40 91.79
471.41 86.29
489.89 83.80
493.39 90.79
513.87 98.78
530.85 127.25
520.36 127.25
506.37 144.24
508.37 135.74
499.38 132.75
486.89 127.25
459.92 176.20
472.41 221.16
457.42 231.15
478.90 238.14
431.95 218.16
451.43 244.14
457.42 265.61
461.42 283.10
498.38 227.65
526.35 91.79
524.85 81.80
517.86 0.88
467.41 9.87
446.93 45.83
453.43 42.84
460.42 41.84
448.93 36.34
455.42 33.35
465.91 45.83
473.41 45.33
475.90 50.83
481.40 53.33
487.39 48.33
481.90 39.84
494.39 42.34
494.39 48.83
504.87 44.34
510.87 43.84
513.87 41.84
524.85 54.83
532.85 58.82
529.85 68.31
491.89 68.81
502.88 72.31
506.87 53.33
513.87 50.83
491.39 56.82
499.88 54.83
515.86 135.25
532.35 142.24
494.39 490.81
471.41 512.78
378.50 429.87
379.50 384.91
393.49 362.93
390.49 340.96
382.50 304.99
384.50 300.00
389.49 290.01
374.50 318.98
