163.94 360.33
162.19 347.53
177.32 327.74
169.18 318.43
165.10 306.79
170.92 302.71
171.50 289.33
159.86 293.40
155.21 277.69
172.67 254.99
181.98 285.25
158.70 252.08
168.01 238.11
179.07 244.51
163.94 226.47
163.36 218.32
169.18 211.34
160.45 194.46
136.59 366.73
65.00 361.49
20.19 339.38
19.02 356.26
11.46 367.90
48.12 348.69
51.03 338.21
67.33 339.38
70.24 352.18
73.15 331.23
101.67 351.02
97.59 334.14
115.63 339.38
121.45 341.71
126.69 332.98
126.11 356.26
145.32 335.30
155.21 330.07
148.81 355.09
137.17 320.75
145.32 317.26
2.73 306.20
7.96 296.89
2.14 284.67
26.01 280.01
36.48 285.25
39.97 298.06
48.70 320.75
65.58 320.75
74.31 302.71
59.76 307.37
54.52 310.28
13.78 303.88
85.37 295.73
77.80 285.25
55.11 285.83
68.49 274.78
48.70 279.43
70.82 283.51
112.72 277.69
122.04 277.69
127.27 298.64
123.20 305.62
113.89 308.53
108.65 301.55
137.17 296.31
136.00 282.34
137.17 271.87
140.66 265.46
113.89 326.57
95.85 323.66
184.89 305.62
177.91 302.13
179.07 275.36
191.29 275.94
201.19 270.70
208.75 263.14
207.59 252.08
209.33 246.84
192.46 309.70
216.90 316.10
216.32 331.81
193.04 331.23
81.88 314.35
88.28 306.79
6.22 268.96
13.20 262.55
19.02 265.46
30.08 260.23
41.14 263.72
50.45 257.32
55.11 239.86
70.24 239.27
71.40 256.15
82.46 249.75
84.21 235.20
101.67 245.68
97.01 264.30
92.94 275.36
103.41 287.58
112.14 250.33
124.95 252.66
133.68 253.82
142.99 250.33
147.64 253.24
151.14 246.84
120.87 269.54
137.17 235.20
146.48 234.04
23.10 320.75
103.41 308.53
210.50 312.02
6.80 245.09
7.38 222.40
13.78 232.29
35.90 244.51
23.68 245.09
36.48 226.47
36.48 216.58
20.77 213.09
2.73 208.43
12.62 215.41
5.64 197.95
40.06 367.46
29.59 364.55
147.73 290.35
125.62 213.52
148.90 207.70
151.52 221.67
102.63 225.45
79.06 217.01
65.38 220.21
42.39 219.34
25.80 189.95
15.33 191.41
49.96 188.79
66.25 189.37
69.16 204.50
63.63 207.12
78.77 200.72
98.55 206.54
105.83 214.10
115.43 205.08
120.96 199.84
143.08 180.35
131.15 187.91
102.34 185.29
103.21 175.98
106.99 171.04
102.63 162.89
116.60 166.38
96.81 155.03
93.90 147.17
105.83 147.17
113.98 147.17
115.14 157.94
123.58 150.08
141.33 151.25
146.86 151.54
130.27 161.14
65.67 178.60
69.75 176.27
69.45 168.42
54.61 175.98
61.89 171.91
58.11 162.89
55.20 156.78
59.56 151.54
62.47 141.06
50.25 145.72
81.97 138.15
86.33 140.48
38.90 157.94
47.34 178.31
45.59 166.96
33.95 177.44
27.55 179.77
60.72 210.32
3.40 185.29
1.07 173.36
15.04 168.42
12.42 178.89
17.66 161.14
8.34 159.10
15.91 150.67
22.31 144.26
20.86 139.32
118.92 252.22
0.78 357.86
83.62 174.67
87.70 181.66
73.73 189.22
97.59 168.85
85.95 165.94
80.13 165.94
74.89 155.47
126.49 226.62
144.53 134.08
136.38 127.10
114.27 123.02
119.80 133.50
115.43 127.68
119.80 125.06
122.71 124.48
116.89 116.04
115.14 108.76
117.47 102.94
130.56 107.31
141.62 103.23
131.44 99.16
141.04 114.00
150.35 103.82
136.38 91.59
138.13 89.27
140.75 80.83
145.40 83.15
151.22 84.32
148.61 78.21
153.84 70.93
135.22 76.17
150.93 61.91
147.73 52.60
147.73 63.66
153.26 45.62
134.93 37.18
128.82 39.80
124.74 29.32
131.44 26.41
130.56 24.08
142.79 23.21
149.19 20.30
124.45 33.10
137.26 16.22
144.24 9.53
142.49 33.10
116.89 53.18
116.31 86.06
121.54 91.01
6.31 113.13
29.01 130.30
22.89 129.42
8.34 132.92
3.69 134.37
46.76 131.46
41.23 124.48
43.26 117.78
60.43 122.44
49.96 134.08
33.95 135.53
22.60 118.66
28.42 110.80
28.13 100.61
22.31 109.34
49.38 111.96
54.32 104.40
90.70 133.50
80.80 150.08
8.34 99.74
13.58 88.10
27.26 93.92
30.46 88.68
58.69 88.10
43.85 94.21
47.92 100.61
56.07 81.70
48.79 80.54
32.79 83.15
47.05 75.01
41.52 85.48
98.26 84.03
100.59 89.27
103.50 95.09
97.97 102.94
87.21 107.02
78.18 99.74
85.46 98.00
70.33 94.50
124.74 79.66
116.31 70.93
107.87 75.01
90.41 89.85
58.11 69.19
63.63 64.53
67.42 67.73
70.91 63.37
59.85 58.13
51.41 55.80
57.23 49.40
61.89 47.65
77.89 52.89
40.35 54.05
43.85 52.60
35.12 54.05
50.83 67.73
51.41 63.37
109.32 50.85
106.99 60.75
103.50 63.08
112.52 35.14
103.21 33.10
95.06 30.48
94.48 40.38
92.15 45.32
94.48 44.16
98.85 27.28
86.91 32.52
111.94 21.46
119.51 26.70
123.58 13.90
129.69 12.15
132.60 5.75
2.52 83.15
10.96 77.92
8.34 50.27
8.93 44.16
3.40 38.63
1.36 33.10
4.85 22.92
14.75 26.70
18.53 20.01
12.71 17.97
3.69 15.35
35.41 42.41
15.62 38.92
0.49 52.89
32.50 36.30
33.08 26.70
7.76 162.89
85.75 27.28
58.69 22.04
53.45 25.83
45.30 21.46
63.93 26.70
66.25 33.10
39.19 37.18
37.15 19.43
29.30 11.28
23.48 12.15
41.14 28.59
81.30 30.92
130.18 49.54
121.45 46.63
49.29 14.62
63.25 12.30
67.33 6.48
57.43 4.15
13.64 7.20
37.79 0.22
98.90 1.67
75.33 20.59
73.88 2.26
110.25 3.71
114.61 0.22
86.10 8.66
86.68 13.61
92.50 15.93
91.92 5.75
98.90 8.08
153.03 38.34
152.74 16.22
156.23 51.44
142.55 75.30
153.61 31.65
23.82 21.46
164.08 227.20
180.38 226.62
186.20 229.24
191.44 228.07
190.27 208.28
182.71 212.94
179.51 200.72
201.04 212.36
212.39 217.89
212.68 211.48
216.76 214.10
233.63 214.98
230.14 203.34
218.21 214.69
236.54 207.41
224.03 198.39
211.23 203.63
204.53 201.30
203.66 195.77
208.61 186.17
182.71 181.51
187.07 163.76
176.31 166.67
175.43 161.14
164.96 163.47
158.56 175.98
166.41 155.03
174.85 153.28
172.23 149.21
170.78 146.59
177.18 144.56
183.29 136.12
187.07 152.41
196.68 145.43
202.50 160.27
208.90 160.27
208.03 146.01
213.85 148.05
205.70 176.27
209.77 166.67
235.09 187.33
229.27 175.40
228.69 158.23
231.01 154.45
251.09 157.07
260.99 169.58
263.90 161.72
270.59 173.65
276.41 169.00
263.31 190.82
265.06 180.93
264.19 203.05
254.29 196.93
246.44 197.23
244.98 213.23
258.66 219.05
245.85 228.94
263.31 229.82
272.04 224.87
281.07 229.53
293.00 230.40
278.16 214.10
301.14 219.05
273.21 208.28
279.61 203.63
286.30 201.01
272.63 196.35
295.62 206.25
299.11 201.01
310.17 207.70
311.91 217.01
327.04 214.10
333.74 229.24
318.02 228.36
313.66 224.00
339.85 199.55
345.09 196.64
330.24 208.57
357.31 214.39
364.87 212.07
353.52 196.06
367.78 193.44
358.76 188.20
347.12 219.92
323.84 186.17
311.33 189.95
295.03 188.20
279.32 187.62
293.58 181.51
296.49 171.33
321.81 175.40
318.90 168.13
329.95 164.92
337.23 178.31
357.60 178.60
354.98 173.65
367.78 177.15
363.13 152.99
361.09 141.35
347.70 145.43
350.91 155.03
338.39 156.49
341.01 166.67
340.14 139.32
332.28 139.61
323.84 143.97
317.44 149.21
361.09 123.89
351.49 111.96
364.87 112.55
359.05 106.14
357.89 92.76
364.29 86.94
303.47 136.70
293.87 139.32
309.58 128.26
320.06 117.78
334.32 115.75
304.64 147.76
299.69 151.83
196.39 136.12
213.85 131.46
197.55 127.68
224.90 128.26
222.58 122.44
235.96 121.86
243.24 126.22
245.56 117.78
242.36 136.12
230.43 141.35
260.40 130.88
268.26 129.71
275.83 137.57
278.74 132.92
280.77 124.48
280.48 119.24
255.46 125.06
251.09 118.37
259.24 110.80
247.60 109.93
235.09 113.13
226.36 115.75
216.17 119.82
197.55 119.24
184.45 123.02
189.98 121.28
193.77 111.38
200.75 110.51
182.42 111.96
169.32 127.10
166.70 119.24
175.14 106.14
167.29 100.61
171.36 98.00
169.90 93.05
155.06 106.73
188.24 99.45
182.71 99.16
181.54 91.59
198.71 102.36
212.97 95.96
228.98 96.83
238.29 95.38
247.31 95.38
247.89 101.78
262.73 103.52
343.63 120.98
349.45 90.72
320.64 96.83
314.53 98.58
338.97 100.91
319.19 106.73
327.33 73.55
314.24 79.08
330.83 69.19
295.32 90.14
287.18 90.43
287.18 107.02
270.88 98.87
272.34 92.76
270.88 86.94
279.32 82.28
285.43 78.79
297.65 75.30
294.16 68.60
302.60 70.06
312.49 71.81
327.33 60.46
316.86 54.05
277.57 115.75
283.39 101.20
164.67 82.86
162.05 76.75
179.22 79.37
190.27 88.39
194.35 84.32
189.40 72.97
198.71 71.81
194.35 65.69
198.13 59.87
182.13 66.57
179.80 58.13
168.16 65.99
171.94 59.29
168.45 58.42
167.58 48.82
164.67 42.12
165.83 38.34
169.61 27.28
169.32 20.01
160.59 20.01
169.03 16.52
161.76 11.28
167.58 9.53
176.02 4.29
181.25 12.73
184.45 18.55
176.31 19.43
182.42 27.86
181.25 34.56
182.71 43.58
184.75 38.92
176.31 48.82
187.07 51.44
199.88 46.78
194.35 40.09
199.59 37.76
201.04 31.94
193.48 29.90
190.57 22.04
198.42 20.59
193.18 17.39
195.80 14.77
189.40 8.08
185.33 1.09
208.03 10.99
202.50 5.46
208.61 3.13
215.01 4.58
223.74 4.58
223.16 14.77
222.87 25.25
224.32 32.52
218.79 39.50
215.30 44.74
210.64 29.03
210.35 24.08
234.80 26.99
248.76 25.25
244.98 31.94
239.74 16.22
232.18 18.84
231.89 31.94
228.10 48.82
230.72 55.22
227.23 59.29
220.83 64.53
220.83 64.53
217.92 68.31
215.30 72.68
215.88 77.92
222.28 80.24
214.43 56.67
216.17 49.98
210.06 59.87
203.66 64.82
232.18 71.22
238.29 72.39
247.89 68.90
254.00 58.13
261.86 51.44
270.30 45.32
276.12 47.94
279.32 58.42
274.95 69.77
270.01 62.20
266.22 63.08
262.73 68.90
261.57 72.39
245.85 84.90
260.70 86.65
286.89 127.10
286.30 119.82
278.74 161.14
338.39 95.67
343.92 55.51
356.14 48.82
353.52 47.65
348.29 43.58
354.40 35.14
350.91 31.65
358.76 30.48
355.27 22.92
352.65 16.52
347.70 21.46
342.76 21.46
332.28 25.25
334.03 28.45
326.17 45.03
322.68 38.34
318.90 32.52
311.33 38.34
322.68 24.37
329.08 16.81
312.78 13.61
320.06 6.91
333.15 10.11
279.03 36.30
274.08 35.72
268.55 34.56
261.86 42.71
256.62 46.78
247.60 54.05
243.53 48.82
240.33 51.73
235.38 49.40
258.66 33.10
272.34 27.28
302.31 29.03
295.62 20.30
284.85 20.01
274.95 18.84
264.19 21.46
257.79 16.22
260.40 4.58
245.56 3.13
336.65 31.94
272.63 1.09
350.61 104.69
328.21 107.89
272.63 105.56
205.41 46.49
175.14 40.09
298.53 47.36
299.40 60.75
299.98 55.80
285.72 33.10
296.78 12.15
291.25 13.90
288.92 5.46
293.29 3.71
348.29 0.80
352.65 9.53
307.11 0.66
226.21 265.46
229.70 270.70
241.93 271.28
255.89 260.23
262.30 268.96
266.95 273.61
280.92 273.03
275.68 262.55
274.52 252.66
270.44 242.18
286.74 240.44
286.74 247.42
287.90 260.23
299.54 263.72
307.11 263.14
313.51 248.59
307.69 239.27
327.48 245.09
340.87 253.82
347.27 248.00
361.24 243.35
360.07 234.04
365.89 231.71
355.42 257.90
364.15 257.32
360.65 273.61
336.79 265.46
318.75 263.14
332.14 265.46
342.61 278.27
202.93 355.09
200.02 349.85
216.90 363.82
222.14 367.90
233.78 357.42
225.05 348.69
229.70 331.23
239.60 335.30
228.54 316.10
237.85 317.26
252.98 315.52
242.51 344.62
251.82 358.00
258.80 347.53
275.10 357.42
267.53 356.26
283.83 348.69
290.23 360.33
282.67 332.98
266.37 314.35
276.26 317.26
288.49 318.43
294.31 330.07
309.44 332.98
303.62 327.74
306.53 352.18
314.68 355.09
354.83 363.82
355.42 351.02
362.40 352.18
345.52 352.18
336.79 361.49
326.90 356.26
330.97 340.54
326.90 336.47
323.99 328.90
332.72 324.83
340.87 336.47
346.10 336.47
351.92 323.66
362.40 313.19
360.65 322.50
198.28 289.91
210.50 293.98
234.36 303.29
229.12 297.47
223.30 282.34
229.12 279.43
237.27 278.85
277.43 286.42
287.90 293.40
292.56 300.97
312.93 299.80
318.17 306.20
315.84 291.07
308.86 286.42
306.53 273.03
293.14 270.70
328.64 295.73
329.81 287.00
340.87 286.42
347.27 293.40
346.69 285.83
344.36 307.95
361.24 287.58
365.89 299.80
330.97 196.21
313.51 199.70
317.00 192.13
326.32 308.53
180.82 349.85
59.76 352.18
187.80 263.14
236.11 239.27
221.56 241.60
215.74 231.71
205.26 236.36
287.90 216.00
334.46 216.58
351.92 167.11
342.15 133.11
267.93 116.37
