12.97 315.78
45.93 212.90
307.64 160.96
346.59 194.92
346.59 167.95
208.75 163.95
206.75 130.99
223.73 114.01
215.74 94.03
140.82 192.92
107.11 200.91
137.08 153.46
151.56 141.47
148.07 108.51
135.08 116.00
116.60 114.50
122.10 117.00
103.12 121.50
86.64 147.47
101.12 130.99
115.10 142.97
62.66 114.50
68.16 97.02
45.68 112.01
55.67 129.49
48.18 152.96
61.66 148.47
32.70 149.96
16.22 152.96
24.71 115.50
337.35 44.08
338.85 53.57
328.86 49.08
327.36 61.56
318.87 64.06
303.39 73.05
289.91 105.01
283.91 117.00
302.39 109.01
328.36 111.01
306.89 84.04
325.86 82.04
339.35 108.51
345.34 22.11
337.35 15.62
330.36 25.60
315.88 28.10
318.37 22.11
305.39 29.10
305.39 19.61
310.38 22.11
296.40 22.11
296.90 34.59
285.91 43.09
278.42 44.08
268.43 58.07
264.93 40.09
247.95 43.58
246.45 29.10
262.94 24.11
253.95 19.61
246.45 17.61
255.44 12.12
249.95 10.12
234.47 24.11
235.47 30.60
210.99 27.10
239.96 44.58
213.49 43.09
217.99 52.07
228.97 50.08
225.98 63.06
209.50 65.06
217.49 73.55
226.98 85.54
232.97 85.54
241.46 65.06
256.44 69.56
259.94 61.06
238.96 55.57
267.93 88.03
275.42 97.02
261.44 100.52
243.96 125.49
191.52 98.02
189.02 105.51
184.03 92.53
188.02 85.54
200.51 73.05
186.02 66.56
191.52 51.58
169.04 59.07
175.53 38.09
170.04 37.59
174.04 24.11
179.53 9.62
193.51 23.61
189.02 16.12
285.04 17.36
329.24 15.11
326.49 18.11
287.03 5.88
311.76 76.79
331.23 2.38
327.99 9.62
304.51 84.79
344.97 0.13
321.74 39.84
314.50 37.59
288.03 0.63
292.03 0.63
298.77 12.12
290.28 9.87
299.27 5.13
304.76 9.87
306.51 2.63
314.25 5.13
321.74 4.38
317.75 5.88
320.99 9.37
283.41 64.56
288.41 56.07
298.89 47.58
209.00 75.05
170.54 71.55
164.05 96.03
142.57 75.55
150.06 70.05
156.56 66.06
151.56 60.57
141.07 54.07
135.08 57.57
121.10 59.07
120.60 81.54
126.59 81.54
136.58 68.06
148.57 82.54
105.61 104.52
103.62 83.54
97.12 80.04
98.12 93.53
87.14 92.53
86.64 82.04
80.14 76.55
69.16 66.06
35.69 92.53
47.18 85.04
59.17 85.54
54.17 90.03
64.16 79.04
69.65 79.04
29.70 86.04
15.22 98.02
9.22 111.01
4.73 83.54
6.23 75.05
3.23 74.55
12.22 72.05
21.21 68.56
20.21 85.54
29.70 66.06
60.67 54.07
69.16 55.07
81.64 55.07
76.65 51.08
91.13 57.57
97.62 45.08
345.34 14.12
342.85 15.12
338.35 8.12
302.39 227.38
320.37 260.34
279.92 1.63
262.44 4.63
267.43 4.63
268.68 20.61
276.92 20.86
278.17 16.61
273.67 19.11
250.95 1.88
253.20 4.38
247.20 3.13
241.96 6.12
232.72 2.88
238.71 3.63
229.72 3.63
226.23 6.12
222.73 11.62
233.47 15.61
227.48 20.61
214.99 22.61
217.74 10.37
219.73 6.87
222.48 1.13
244.96 24.85
243.71 21.36
229.22 38.09
291.15 31.35
333.11 84.79
253.20 85.53
214.49 9.62
212.49 5.13
205.00 1.88
201.26 0.63
196.26 5.88
202.75 12.12
202.50 20.61
307.39 79.79
212.99 16.61
175.04 6.12
166.30 7.87
189.52 1.38
341.10 79.54
205.25 98.02
88.88 99.02
90.38 43.33
81.89 46.83
96.12 41.09
114.85 41.09
134.08 42.83
139.58 37.59
154.31 42.33
161.80 27.10
166.79 14.86
173.04 16.61
159.55 20.11
155.81 14.62
150.06 15.86
333.36 69.55
132.08 18.61
139.58 23.61
138.33 14.86
146.82 16.36
151.81 11.62
155.56 9.62
159.05 6.87
112.86 22.86
129.09 23.61
148.32 4.38
136.58 2.63
127.84 2.38
175.29 1.63
181.28 0.88
315.88 74.80
107.36 90.03
155.81 4.13
149.56 7.87
151.31 23.61
134.33 25.35
132.58 13.12
127.84 12.87
133.83 8.62
121.85 0.63
117.60 8.62
118.85 10.37
113.11 10.62
107.61 11.37
107.86 40.59
95.88 18.36
88.63 20.11
88.63 15.11
82.14 13.12
82.89 21.36
85.39 34.09
98.87 31.35
93.13 26.35
99.12 2.63
116.10 4.13
109.11 5.88
121.10 25.35
87.14 0.63
149.06 98.77
274.92 2.63
14.72 210.89
96.62 223.88
52.42 21.86
63.66 38.09
51.68 37.09
68.41 20.86
73.40 17.61
62.91 13.12
42.19 13.12
50.93 16.61
38.19 21.36
45.18 22.36
41.44 17.36
33.20 38.34
26.20 42.08
45.68 40.59
42.19 40.59
35.19 30.60
17.46 26.10
9.47 27.10
16.47 41.09
8.47 39.84
1.98 42.83
2.23 54.07
3.48 1.38
15.97 4.38
15.97 12.12
12.22 13.12
23.71 12.12
23.21 0.88
29.45 5.13
37.69 5.13
41.19 2.38
32.20 2.38
36.44 10.37
35.44 15.11
58.42 3.13
68.66 81.79
8.72 2.38
3.48 74.05
54.17 91.78
188.52 39.59
200.01 43.58
188.52 29.60
328.86 37.09
62.66 7.13
63.16 6.13
113.85 6.00
100.12 10.25
104.86 14.49
92.63 10.25
29.70 86.16
159.05 40.96
141.57 44.46
100.62 109.63
100.37 111.38
15.22 19.24
180.53 42.21
22.71 134.48
34.20 75.55
48.18 50.58
181.03 50.08
254.94 27.10
316.87 14.12
311.88 14.12
94.63 102.02
49.68 59.07
57.17 62.56
275.92 73.05
162.05 107.51
276.42 24.61
