118.03 322.78
85.07 219.90
23.89 207.91
14.40 121.50
8.90 124.00
27.88 128.50
44.36 154.47
29.88 137.99
15.90 149.97
68.34 121.50
62.84 104.02
85.32 119.01
75.33 136.49
82.82 159.96
69.34 155.47
98.30 156.96
114.78 159.96
106.29 122.50
9.90 66.07
10.40 88.54
4.41 88.54
25.39 111.52
27.38 90.54
33.88 87.04
32.88 100.53
43.86 99.53
44.36 89.04
50.86 83.55
61.84 73.06
95.31 99.53
83.82 92.04
71.83 92.54
76.83 97.03
66.84 86.04
61.35 86.04
101.30 93.04
115.78 105.02
146.75 110.02
148.25 101.53
140.26 97.53
135.26 104.52
142.25 121.50
156.74 138.98
121.78 118.01
126.27 90.54
124.77 82.05
127.77 81.55
118.78 79.05
109.79 75.56
110.79 92.54
101.30 73.06
70.33 61.07
61.84 62.07
49.36 62.07
54.35 58.08
39.87 64.57
33.38 52.08
42.12 106.02
40.62 50.33
49.11 53.83
34.88 48.09
16.15 48.09
18.14 29.86
1.91 30.61
3.16 9.38
23.64 97.03
3.16 19.87
3.41 2.64
8.65 0.89
9.15 7.63
13.40 15.62
12.15 17.37
17.89 17.62
23.39 18.37
23.14 47.59
35.12 25.36
42.37 27.11
42.37 22.11
48.86 20.12
48.11 28.36
45.61 41.09
32.13 38.35
37.87 33.35
31.88 9.63
14.90 11.13
21.89 12.88
9.90 32.35
43.86 7.63
47.11 6.38
50.61 6.88
42.87 0.64
26.63 4.88
31.63 3.14
19.14 4.38
116.28 217.89
144.25 158.96
165.23 163.46
34.38 230.88
187.20 139.48
178.21 129.99
194.19 130.99
172.22 97.03
183.71 90.54
191.20 111.02
177.71 118.01
198.69 120.51
209.18 137.99
211.18 92.04
206.68 97.53
199.19 83.55
163.73 98.03
150.24 56.08
56.10 2.39
61.10 4.14
47.86 0.89
78.58 28.86
67.34 45.09
79.32 44.09
62.59 27.86
57.60 24.61
68.09 20.12
88.81 20.12
80.07 23.61
92.81 28.36
85.82 29.36
89.56 24.36
97.80 45.34
104.80 49.08
85.32 47.59
88.81 47.59
95.81 37.60
113.54 33.10
121.53 34.10
114.53 48.09
122.53 46.84
129.02 49.83
128.77 61.07
146.75 51.58
147.25 38.85
135.01 34.60
146.00 26.61
127.52 8.38
115.03 11.38
115.03 19.12
118.78 20.12
107.29 19.12
107.79 7.88
101.55 12.13
93.31 12.13
89.81 9.38
98.80 9.38
94.56 17.37
95.56 22.11
72.58 10.13
77.33 1.14
71.83 3.39
62.34 88.79
88.31 1.14
94.56 4.63
101.05 1.14
105.55 1.39
109.54 1.89
122.28 9.38
131.77 13.87
136.01 14.62
143.25 17.37
152.24 15.87
156.74 37.10
163.73 34.10
169.47 31.10
175.72 27.86
173.47 43.34
158.98 48.83
198.44 53.33
185.95 21.86
189.45 18.12
178.46 18.12
175.22 22.61
169.47 18.37
171.97 15.12
164.48 12.88
157.74 14.87
163.48 19.87
155.99 28.86
161.48 23.61
151.24 10.63
151.24 5.13
148.00 9.88
143.50 8.63
145.75 2.39
142.25 3.64
138.51 2.39
133.01 3.39
154.99 2.64
152.49 0.64
162.73 1.64
165.98 3.14
164.48 7.63
170.97 4.38
170.22 7.88
176.96 7.13
174.22 1.89
127.52 81.05
186.45 38.10
202.19 38.60
213.67 32.85
209.93 24.36
204.43 18.62
199.19 16.62
193.20 25.36
219.67 48.58
215.92 20.37
215.92 26.11
210.68 18.12
213.42 14.12
205.18 6.38
194.94 9.38
184.96 3.64
187.45 4.14
192.70 4.14
185.95 7.63
205.93 0.64
200.19 2.89
213.67 3.64
216.17 0.64
215.17 5.88
213.17 7.88
76.83 98.78
132.02 29.36
228.66 137.99
244.14 149.47
226.66 167.45
281.10 136.99
248.63 120.51
268.11 141.48
232.65 102.03
219.67 95.03
240.64 89.04
241.14 79.05
240.14 71.56
226.16 67.57
208.18 68.56
177.71 71.06
258.62 114.51
258.62 100.53
274.10 107.52
275.10 96.03
290.09 98.03
308.07 104.02
290.59 127.50
298.58 161.46
312.56 141.48
259.62 166.95
308.07 129.50
307.07 115.01
316.56 120.51
328.04 104.52
325.05 97.53
331.04 87.04
343.53 98.03
347.52 79.05
68.34 14.13
67.84 13.13
65.84 5.14
232.65 36.60
229.40 28.36
225.66 30.61
207.18 45.59
194.19 50.33
190.45 31.85
189.45 24.36
292.58 94.03
345.27 76.55
230.90 0.14
235.65 0.14
221.91 12.38
226.91 13.12
234.40 13.12
226.66 22.61
244.14 40.34
250.38 38.10
233.90 53.33
224.66 50.33
236.40 35.35
235.65 22.86
240.14 23.36
246.14 19.12
246.39 11.13
250.88 13.12
251.13 4.88
244.64 0.89
253.63 1.39
259.87 0.14
243.89 29.36
251.88 26.36
244.39 23.61
260.37 13.12
261.37 40.59
256.12 48.09
250.38 48.83
271.11 48.58
272.61 37.60
279.60 56.83
260.37 58.07
278.60 64.57
290.59 63.82
291.33 50.58
295.83 58.57
286.59 53.33
291.58 56.08
302.07 55.08
302.07 48.09
305.32 37.60
314.31 37.60
318.05 38.35
299.82 29.86
282.84 21.62
282.59 26.11
288.59 22.11
295.58 22.11
295.58 17.37
300.82 25.36
270.61 28.86
276.35 22.11
273.11 15.62
270.11 16.37
277.85 20.12
260.87 8.63
320.55 52.83
331.79 49.83
334.04 58.57
341.28 49.33
337.53 34.85
333.79 31.10
263.62 2.89
281.60 16.62
282.09 12.38
282.09 8.63
279.35 6.63
275.85 7.88
288.59 16.87
288.59 13.12
288.09 8.38
293.33 11.63
294.33 7.63
288.09 1.39
310.81 25.61
313.81 22.61
304.82 19.87
305.57 14.62
298.83 8.88
298.58 4.14
304.07 0.64
305.07 6.13
314.81 8.88
323.05 19.87
322.55 26.36
334.54 22.61
343.53 30.61
340.78 28.86
339.28 16.62
331.79 14.87
204.93 28.86
262.62 36.35
258.62 25.36
318.30 29.86
219.67 5.13
228.41 7.88
193.20 14.12
330.54 8.13
327.29 5.88
320.80 5.38
317.30 4.88
324.80 0.14
276.10 33.60
347.15 8.63
340.03 7.88
335.66 8.63
330.17 1.89
345.90 0.89
341.03 0.26
346.40 4.38
340.53 128.99
216.92 16.75
287.59 35.98
337.03 11.75
340.78 11.50
344.27 11.25
17.15 13.00
30.88 17.25
26.14 21.49
38.37 17.25
101.30 93.16
30.38 116.63
30.63 118.38
115.78 26.24
239.64 96.03
214.67 76.56
220.17 76.56
225.16 79.05
290.59 76.56
267.61 82.55
333.54 73.06
304.07 70.06
314.06 151.97
327.04 148.47
174.72 224.89
108.29 141.48
96.80 82.55
82.82 57.58
146.75 217.89
36.37 109.02
81.32 66.07
73.83 69.56
136.26 212.40
325.05 9.63
326.54 57.08
310.56 94.53
301.57 89.54
171.72 88.54
161.23 80.05
178.21 184.43
173.22 148.47
