62.12 292.60
3.87 254.64
81.54 280.24
69.18 236.99
48.00 210.51
12.70 195.50
1.22 187.56
5.63 167.26
13.58 142.55
72.71 146.96
107.14 159.32
108.02 234.34
130.97 253.76
154.80 228.16
160.98 198.15
153.04 172.56
170.69 154.90
192.75 238.75
184.81 278.47
198.93 297.89
247.48 303.19
321.62 399.40
397.53 382.63
385.17 297.89
358.69 247.58
332.21 243.17
332.21 243.17
288.96 224.63
243.95 251.99
217.47 211.39
251.89 205.21
265.13 152.26
333.98 165.50
363.10 207.86
327.80 214.92
365.75 159.32
424.01 158.43
410.77 113.42
384.29 100.18
358.69 100.18
338.39 103.71
316.32 115.18
301.32 100.18
236.00 129.31
247.48 103.71
264.25 105.48
287.20 81.64
343.69 81.64
330.45 90.47
123.03 129.31
119.50 112.54
176.87 98.41
199.82 101.06
195.40 84.29
228.94 71.93
249.24 86.06
251.01 73.70
275.72 54.28
286.31 63.99
259.84 44.57
278.37 19.86
381.72 36.85
346.86 39.50
353.92 37.29
355.24 22.73
370.25 17.43
366.28 4.63
378.63 4.19
386.58 0.66
399.82 7.28
410.85 16.99
420.56 10.37
423.65 69.95
331.41 28.91
317.73 27.14
330.97 14.34
337.59 6.40
301.84 13.90
316.85 13.46
283.31 6.84
263.01 18.76
248.44 32.00
241.38 46.56
221.52 54.50
196.37 46.12
165.47 61.12
140.76 88.48
135.02 72.16
148.70 41.26
146.94 27.14
162.83 33.32
173.42 39.50
185.33 16.99
193.72 19.20
147.82 4.19
147.82 69.95
250.21 13.90
257.27 4.19
11.29 86.28
28.06 62.89
61.60 70.83
74.84 71.27
89.40 82.75
100.00 74.36
84.99 99.96
106.17 60.68
121.18 40.82
106.62 34.64
85.43 60.24
74.84 43.47
61.60 48.77
42.62 42.59
24.09 41.26
4.67 59.80
5.99 38.17
11.73 25.82
32.47 2.87
44.83 24.93
52.77 3.75
74.84 24.05
66.01 32.00
78.37 15.22
83.67 11.25
87.64 15.22
110.59 14.34
116.77 13.90
103.53 4.63
28.50 121.58
