688.12 413.14
674.00 303.69
536.31 384.01
471.88 379.60
530.13 341.64
566.32 322.22
539.84 322.22
785.22 318.69
741.97 322.22
737.55 301.92
791.39 289.57
770.21 264.85
791.39 222.49
753.44 181.88
722.55 263.97
723.43 233.96
735.79 231.31
663.41 222.49
661.65 269.27
646.64 275.44
613.98 263.97
621.93 335.46
452.46 367.24
464.82 323.99
486.00 297.51
521.30 282.50
532.78 274.56
528.37 254.26
520.42 229.55
461.29 233.96
426.86 246.32
425.98 321.34
403.03 340.76
379.20 315.16
373.02 285.15
380.96 259.56
363.31 241.90
341.25 325.75
349.19 365.47
335.07 384.89
286.52 390.19
212.38 486.40
136.47 469.63
72.04 462.56
13.78 475.80
148.83 384.89
175.31 334.58
201.79 330.17
201.79 330.17
245.04 311.63
290.05 338.99
316.53 298.39
282.11 292.21
268.87 239.26
200.02 252.50
170.90 294.86
102.05 373.42
96.75 394.60
206.20 301.92
49.97 390.19
93.22 352.23
60.56 342.52
99.40 282.50
72.04 297.51
168.25 246.32
109.99 245.43
58.80 229.55
76.45 222.49
32.32 244.55
39.38 264.85
45.56 310.75
9.37 250.73
1.43 320.46
1.43 351.35
123.23 200.42
106.46 192.48
149.71 187.18
175.31 187.18
195.61 190.71
217.68 202.18
232.68 187.18
298.00 216.31
286.52 190.71
269.75 192.48
246.80 168.64
190.31 168.64
203.55 177.47
72.92 162.47
9.37 163.35
19.96 150.11
40.26 141.28
83.51 128.92
102.05 124.51
92.34 113.92
628.10 223.37
600.74 231.31
615.75 211.89
606.04 181.88
560.14 198.65
556.61 217.19
643.99 203.07
670.47 196.01
691.66 200.42
726.96 160.70
702.25 163.35
687.24 165.11
657.23 159.82
684.59 148.34
714.60 137.75
781.69 143.05
746.38 126.28
781.69 130.69
764.03 113.92
410.97 216.31
414.50 199.54
357.13 185.41
334.18 188.06
338.60 171.29
305.06 158.93
284.76 173.06
282.99 160.70
258.28 141.28
247.69 150.99
274.16 131.57
255.63 106.86
152.28 123.85
187.14 126.50
180.08 124.29
178.76 109.73
163.75 104.43
167.72 91.63
155.37 91.19
147.42 87.66
134.18 94.28
123.15 103.99
113.44 97.37
103.73 92.07
94.02 85.45
63.13 107.52
63.13 90.31
44.60 83.69
43.27 102.22
19.00 91.63
35.77 118.55
21.21 130.03
7.08 130.47
3.55 119.88
12.38 110.17
1.35 150.33
18.12 36.91
24.74 41.76
38.42 37.35
64.90 39.12
57.39 47.06
84.31 36.47
73.72 39.12
105.06 43.53
95.35 39.56
90.93 51.91
115.65 54.56
119.18 45.74
122.71 58.53
118.30 84.13
122.71 78.39
135.95 55.89
144.33 48.82
151.40 49.27
149.19 58.09
110.35 156.95
202.59 115.91
216.27 114.14
203.03 101.34
196.41 93.40
193.32 77.95
187.58 83.69
176.99 81.92
169.49 82.37
161.99 80.60
157.57 74.86
158.90 65.60
165.52 62.95
169.93 57.21
179.64 65.60
189.35 58.98
203.91 62.95
214.95 61.18
214.50 77.07
232.16 100.90
217.15 100.46
250.69 93.84
270.99 105.76
285.56 119.00
292.62 133.56
312.48 141.50
337.63 133.12
368.53 148.12
393.24 175.48
398.98 159.16
385.30 128.26
387.06 114.14
371.17 120.32
360.58 126.50
348.67 103.99
340.28 106.20
354.40 85.45
329.25 73.98
301.45 82.37
304.98 70.89
289.09 62.06
276.29 63.39
258.20 43.53
282.47 43.97
304.98 18.37
221.12 4.69
186.70 9.99
240.98 19.26
269.23 8.22
327.48 13.52
355.73 26.32
390.59 33.38
383.53 59.42
367.64 55.00
349.55 54.56
338.08 56.33
336.75 68.68
325.28 51.03
306.74 51.03
368.53 71.33
386.18 91.19
394.56 79.28
398.98 83.69
397.65 50.15
386.18 156.95
36.21 101.34
237.90 59.86
262.17 78.39
252.90 69.13
277.61 79.72
268.79 78.39
283.79 100.90
276.73 91.19
391.03 8.22
374.70 20.14
237.90 9.99
639.66 137.97
616.71 164.45
602.15 160.04
585.38 167.98
557.57 160.92
522.71 173.28
505.94 149.89
472.40 157.83
459.16 158.27
444.60 169.75
434.00 161.36
449.01 186.96
427.83 147.68
412.82 127.82
427.38 121.64
448.57 147.24
459.16 130.47
472.40 135.77
491.38 129.59
509.91 128.26
529.33 146.80
561.99 148.12
572.58 143.27
595.09 136.21
618.04 118.55
647.60 123.41
664.37 125.61
684.68 131.79
695.71 138.85
726.60 122.97
715.13 117.23
734.10 106.20
772.50 109.29
776.03 92.07
783.09 84.57
797.65 79.28
784.41 74.42
788.39 49.27
771.17 61.62
750.87 60.30
761.91 85.01
743.81 84.57
734.54 87.66
711.60 91.63
723.51 94.72
717.77 68.68
726.60 73.98
675.85 96.05
682.47 95.60
629.51 92.96
623.33 107.52
615.39 86.78
599.50 88.99
584.94 86.78
555.81 92.07
569.49 108.40
580.96 118.55
591.11 107.96
552.72 122.53
545.66 118.55
535.07 111.49
528.01 125.17
522.27 112.82
516.53 66.48
543.89 85.01
494.47 80.16
501.53 89.87
489.17 111.93
481.23 90.75
464.90 76.63
483.43 70.89
463.13 44.85
442.39 53.24
449.01 71.77
459.16 111.05
467.99 119.00
455.63 102.22
450.33 98.25
446.36 102.22
423.41 101.34
417.23 100.90
430.47 91.63
415.47 56.77
403.99 60.30
412.38 44.41
426.94 32.50
425.62 5.58
418.56 9.99
438.86 9.11
486.08 2.49
508.59 33.82
518.30 28.97
528.01 48.38
552.28 62.06
579.20 68.24
591.56 57.65
599.06 54.56
593.76 46.62
586.70 49.71
579.20 38.67
557.57 37.35
547.42 37.79
550.51 47.50
548.31 29.41
612.30 10.87
629.51 13.52
643.19 17.49
643.63 40.44
637.45 45.29
619.36 47.94
664.82 76.19
680.70 57.65
670.99 60.30
659.52 51.91
689.97 36.91
699.68 43.09
698.36 69.13
741.16 62.51
734.99 75.75
744.70 72.21
727.04 41.76
743.81 39.56
752.20 40.44
733.22 27.20
735.43 17.49
716.45 27.64
688.65 56.33
705.86 13.52
694.83 10.87
673.64 11.31
683.79 21.90
658.20 16.61
489.61 61.18
513.88 58.09
502.85 26.32
522.71 22.35
505.50 208.58
700.12 110.61
695.20 87.68
