6.65 543.75
14.67 522.91
59.54 535.73
102.80 556.57
123.64 564.58
163.70 570.99
190.94 579.00
206.97 564.58
258.25 546.95
301.52 554.96
279.08 513.30
381.64 575.80
375.23 559.77
418.50 535.73
461.77 566.18
559.52 577.40
564.33 561.37
585.16 497.27
569.13 415.55
530.67 454.01
503.43 465.22
482.60 463.62
429.72 492.47
394.46 454.01
381.64 442.79
389.65 418.75
335.17 437.98
287.09 442.79
234.21 421.96
184.53 378.69
149.28 378.69
94.79 399.52
110.82 460.42
110.82 502.08
115.62 532.53
53.13 441.19
16.27 397.92
30.69 298.56
89.98 298.56
128.44 340.23
160.50 329.01
170.11 306.58
152.48 284.14
208.57 309.78
216.58 351.45
235.81 322.60
243.83 340.23
275.88 317.79
298.31 359.46
322.35 378.69
360.81 354.65
364.01 333.82
432.92 375.48
485.80 319.40
530.67 325.81
569.13 298.56
583.56 213.63
541.89 200.81
548.30 234.46
532.28 229.66
511.44 218.44
482.60 220.04
474.59 298.56
464.97 295.36
408.88 284.14
407.28 256.90
272.17 219.24
321.05 227.25
274.57 181.58
224.89 173.57
229.70 201.61
234.51 241.68
201.66 264.11
168.81 247.28
166.40 219.24
116.73 216.04
85.48 221.64
37.40 215.23
8.56 176.77
53.43 188.79
58.23 175.17
64.64 165.56
55.83 162.35
95.09 155.14
87.88 191.20
103.91 184.79
99.10 201.61
112.72 196.00
144.77 151.93
145.57 191.20
181.63 151.13
177.62 196.00
199.25 198.41
244.93 142.32
282.59 134.31
317.04 125.49
309.03 93.44
295.41 86.23
295.41 59.79
280.98 84.63
250.54 75.01
266.56 64.60
255.34 58.19
242.52 50.18
238.52 82.23
228.90 90.24
224.89 75.82
218.48 62.19
204.86 69.41
187.24 139.92
203.26 114.28
195.25 80.62
180.02 64.60
180.02 87.83
158.39 107.06
169.61 123.89
161.60 128.70
144.77 103.06
120.73 91.84
100.70 75.82
43.01 83.83
58.23 54.18
111.92 63.80
140.76 61.39
132.75 78.22
160.79 64.60
272.17 290.55
370.42 235.27
368.82 220.04
380.04 200.01
433.72 233.66
356.00 281.74
531.47 154.34
520.26 136.71
462.57 143.12
421.70 135.11
407.28 148.73
382.44 170.36
440.13 220.04
335.17 171.16
283.89 159.15
334.37 135.11
351.19 142.32
360.81 125.49
362.41 111.07
351.99 83.03
335.97 57.39
396.06 87.03
429.72 103.06
444.14 79.82
422.50 60.59
416.09 67.80
388.05 64.60
408.08 55.78
422.50 45.37
442.54 58.99
456.96 52.58
473.78 34.15
509.84 28.54
483.40 63.80
489.01 54.98
504.23 61.39
518.65 70.21
540.29 90.24
515.45 97.45
505.83 88.64
494.62 84.63
533.88 46.17
520.26 16.52
505.83 15.72
223.79 43.77
212.58 22.93
327.16 4.50
337.17 24.14
344.78 44.57
342.78 39.36
347.19 22.53
361.21 5.71
384.85 4.91
428.51 5.71
436.13 3.70
418.50 33.35
390.45 33.35
417.70 18.93
433.72 24.94
449.75 33.35
391.66 149.53
292.70 41.76
271.07 37.36
275.07 37.36
303.12 28.94
275.07 4.50
366.42 46.17
558.72 121.09
557.52 77.82
549.50 43.77
553.51 28.54
557.92 24.14
586.36 45.37
591.57 54.58
584.76 71.41
584.36 85.83
593.17 105.46
549.50 0.50
557.52 1.30
523.46 4.50
463.37 16.52
462.97 26.54
456.56 6.91
475.39 4.10
553.86 150.73
593.52 155.14
572.84 353.45
328.76 207.22
83.87 13.72
71.86 43.37
106.31 27.34
116.73 36.15
136.76 44.17
131.15 24.94
137.56 1.70
160.79 2.50
159.99 28.14
180.02 27.34
187.24 21.73
237.72 31.35
234.51 24.14
256.95 21.73
271.37 25.74
249.73 37.76
262.55 47.37
208.87 3.30
140.73 421.38
