587.75 519.68
506.02 495.64
384.23 489.23
344.17 511.67
180.71 511.67
89.37 526.09
26.87 534.10
1.23 471.60
15.65 434.75
23.67 413.91
68.54 426.73
111.80 447.57
132.64 455.58
172.70 461.99
199.94 470.00
215.97 455.58
267.25 437.95
310.52 445.96
288.08 404.30
390.64 466.80
384.23 450.77
427.50 426.73
470.77 457.18
568.52 468.40
573.33 452.37
578.13 306.55
539.67 345.01
512.43 356.22
491.60 354.62
438.72 383.47
403.46 345.01
390.64 333.79
398.65 309.75
344.17 328.98
296.09 333.79
243.21 312.96
193.53 269.69
158.28 269.69
103.79 290.52
119.82 351.42
119.82 393.08
124.62 423.53
62.13 332.19
1.23 332.19
2.83 239.24
25.27 288.92
39.69 189.56
98.98 189.56
137.44 231.23
169.50 220.01
179.11 197.58
161.48 175.14
217.57 200.78
225.58 242.45
244.81 213.60
252.83 231.23
284.88 208.79
307.31 250.46
331.35 269.69
369.81 245.65
373.01 224.82
441.92 266.48
494.80 210.40
539.67 216.81
578.13 189.56
592.56 104.63
550.89 91.81
557.30 125.46
541.28 120.66
520.44 109.44
491.60 111.04
483.59 189.56
473.97 186.36
417.88 175.14
416.28 147.90
281.17 110.24
330.05 118.25
283.57 72.58
233.89 64.57
238.70 92.61
243.51 132.68
210.66 155.11
177.81 138.28
175.40 110.24
125.73 107.04
94.48 112.64
46.40 106.23
17.56 67.77
62.43 79.79
67.23 66.17
73.64 56.56
64.83 53.35
104.09 46.14
96.88 82.20
112.91 75.79
108.10 92.61
121.72 87.00
153.77 42.93
154.57 82.20
190.63 42.13
186.62 87.00
208.25 89.41
253.93 33.32
291.59 25.31
326.04 16.49
196.24 30.92
212.26 5.28
178.61 14.89
170.60 19.70
281.17 181.55
379.42 126.27
377.82 111.04
389.04 91.01
442.72 124.66
365.00 172.74
540.47 45.34
529.26 27.71
471.57 34.12
430.70 26.11
416.28 39.73
391.44 61.36
449.13 111.04
344.17 62.16
292.89 50.15
343.37 26.11
360.19 33.32
369.81 16.49
371.41 2.07
400.66 40.53
567.72 12.09
562.86 41.73
581.84 244.45
337.76 98.22
47.70 586.99
149.73 312.38
