495.16 590.27
564.07 500.53
586.50 468.48
479.13 508.55
440.67 547.01
413.43 558.22
392.60 556.62
339.72 585.47
304.46 547.01
291.64 535.79
299.65 511.75
245.17 530.98
197.09 535.79
144.21 514.96
94.53 471.69
59.28 471.69
4.79 492.52
20.82 553.42
38.44 433.23
70.50 422.01
80.11 399.58
62.48 377.14
118.57 402.78
126.58 444.45
145.81 415.60
153.83 433.23
185.88 410.79
208.31 452.46
232.35 471.69
270.81 447.65
274.01 426.82
342.92 468.48
395.80 412.40
440.67 418.81
479.13 391.56
533.62 407.59
565.67 380.35
564.07 333.87
532.02 317.85
557.66 272.98
493.56 306.63
504.77 327.46
451.89 293.81
458.30 327.46
442.28 322.66
421.44 311.44
392.60 313.04
384.59 391.56
374.97 388.36
318.88 377.14
317.28 349.90
182.17 312.24
231.05 320.25
184.57 274.58
134.89 266.57
139.70 294.61
144.51 334.68
111.66 357.11
78.81 340.28
76.40 312.24
26.73 309.04
5.09 248.14
13.91 277.79
9.10 294.61
22.72 289.00
54.77 244.93
55.57 284.20
91.63 244.13
87.62 289.00
109.25 291.41
154.93 235.32
192.59 227.31
227.04 218.49
219.03 186.44
205.41 179.23
205.41 152.79
190.98 177.63
160.54 168.01
176.56 157.60
165.34 151.19
152.52 143.18
148.52 175.23
138.90 183.24
134.89 168.82
128.48 155.19
114.86 162.41
97.24 232.92
113.26 207.28
105.25 173.62
90.02 157.60
90.02 180.83
68.39 200.06
79.61 216.89
71.60 221.70
54.77 196.06
30.73 184.84
10.70 168.82
21.92 156.80
50.76 154.39
42.75 171.22
70.79 157.60
182.17 383.55
280.42 328.27
278.82 313.04
290.04 293.01
343.72 326.66
266.00 374.74
441.47 247.34
430.26 229.71
372.57 236.12
331.70 228.11
317.28 241.73
292.44 263.36
350.13 313.04
245.17 264.16
193.89 252.15
244.37 228.11
261.19 235.32
270.81 218.49
272.41 204.07
261.99 176.03
245.97 150.39
306.06 180.03
339.72 196.06
354.14 172.82
332.50 153.59
326.09 160.80
298.05 157.60
318.08 148.78
332.50 138.37
352.54 151.99
366.96 145.58
383.78 127.15
419.84 121.54
393.40 156.80
399.01 147.98
414.23 154.39
428.65 163.21
450.29 183.24
425.45 190.45
415.83 181.64
404.62 177.63
443.88 139.17
430.26 109.52
415.83 108.72
133.79 136.77
122.58 115.93
237.16 97.50
247.17 117.14
254.78 137.57
252.78 132.36
257.19 115.53
271.21 98.71
294.85 97.91
300.86 92.30
315.68 89.09
338.51 98.71
346.13 96.70
341.72 88.29
340.92 75.87
336.91 65.05
350.13 59.04
335.31 57.44
319.68 60.25
317.68 48.23
304.86 50.23
296.45 58.64
288.84 53.44
280.82 67.86
271.61 82.68
328.50 126.35
300.45 126.35
327.70 111.93
343.72 117.94
359.75 126.35
301.66 242.53
202.70 134.76
181.07 130.36
185.07 130.36
213.12 121.94
185.07 97.50
194.29 88.29
204.70 88.29
207.51 71.86
226.74 69.06
244.37 77.47
257.19 67.06
234.35 58.64
243.97 55.04
271.61 53.04
279.22 51.03
292.04 29.40
275.21 37.81
278.42 27.80
265.60 27.80
251.98 29.80
232.35 35.41
217.12 45.02
207.11 43.42
194.69 36.61
194.29 61.45
204.30 58.64
184.67 43.42
276.42 139.17
346.13 40.62
359.35 25.79
354.54 39.81
318.88 30.60
312.47 31.00
290.84 43.42
468.72 214.09
467.52 170.82
459.50 136.77
463.51 121.54
467.92 117.14
496.36 138.37
501.57 147.58
494.76 164.41
494.36 178.83
503.17 198.46
488.35 26.99
489.15 64.25
452.69 58.64
464.71 71.06
459.50 93.50
453.89 89.09
467.52 94.30
441.88 87.89
433.46 97.50
432.66 86.69
408.62 89.89
373.37 109.52
372.97 119.54
366.56 99.91
370.16 77.87
372.57 66.66
377.37 55.84
368.56 45.42
377.37 31.40
368.56 28.60
368.16 15.78
377.78 9.37
409.42 16.18
409.42 0.55
395.00 0.95
404.62 59.85
396.20 56.64
393.80 43.42
406.22 37.01
427.85 34.61
420.64 44.62
422.65 52.23
430.26 53.04
415.83 65.05
407.82 81.08
399.81 90.69
393.80 90.69
385.39 97.10
415.83 35.81
435.06 43.02
328.10 48.63
344.52 10.57
327.70 20.18
325.69 12.57
330.10 10.57
529.16 236.52
541.18 228.51
510.73 220.90
532.77 203.27
545.19 190.05
535.17 182.84
534.77 158.40
560.81 194.46
572.03 185.64
463.86 243.73
503.52 248.14
482.84 446.45
532.52 88.29
566.97 83.48
564.57 69.06
521.30 121.94
508.48 121.14
238.76 300.22
34.74 78.68
16.31 120.34
26.73 129.15
46.76 137.17
41.15 117.94
47.56 94.70
70.79 95.50
69.99 121.14
90.02 120.34
97.24 114.73
147.72 124.35
144.51 117.14
166.95 114.73
181.37 118.74
159.73 130.76
172.55 140.37
172.55 85.09
172.55 63.45
162.14 57.84
166.14 48.23
138.10 58.64
131.69 66.66
140.50 79.48
133.29 81.08
140.50 92.30
150.12 92.30
118.87 96.30
114.06 76.27
113.26 56.24
124.48 51.43
116.47 49.83
127.68 28.20
120.47 23.39
98.04 27.40
98.84 18.58
93.23 47.43
80.41 44.22
53.17 45.82
40.35 57.04
49.16 74.67
65.19 61.05
80.41 79.48
83.61 73.07
31.53 16.18
42.75 12.17
71.60 13.77
81.21 21.79
50.36 31.00
83.21 9.77
78.81 7.76
85.62 3.76
92.43 9.37
89.22 14.57
107.65 7.76
118.87 10.57
134.89 10.97
166.54 14.57
157.33 15.38
158.13 3.76
176.96 9.77
185.77 14.98
190.98 20.18
147.31 48.63
93.23 59.85
142.91 4.96
185.37 3.76
182.17 52.43
167.75 86.89
147.31 66.46
220.23 21.99
208.21 23.59
202.20 10.37
210.21 7.56
230.24 2.36
217.42 12.37
225.44 17.98
233.45 17.18
233.85 24.39
239.86 22.39
240.66 12.37
249.07 19.18
239.46 7.56
235.85 2.36
253.48 3.96
257.89 9.57
268.70 7.56
275.92 13.97
279.92 12.37
307.16 18.78
296.75 17.98
286.73 20.78
295.95 5.16
327.30 3.96
318.88 8.77
315.28 10.37
403.82 2.76
50.73 514.38
