6.71 204.34
20.12 214.40
14.65 237.16
12.53 220.75
32.12 243.51
19.06 192.34
24.88 186.87
29.82 185.10
14.29 178.75
6.71 189.87
12.35 195.51
24.00 166.04
16.24 136.40
24.53 136.75
13.06 146.99
2.65 137.81
13.59 122.99
13.94 116.28
4.06 117.51
19.76 125.46
27.71 117.16
12.53 106.57
19.41 108.16
27.88 98.28
19.24 96.34
8.47 99.34
4.24 90.16
12.53 82.75
19.41 81.51
27.88 79.75
5.65 76.22
1.24 69.87
19.94 71.63
15.00 66.69
17.29 52.40
19.59 45.34
29.65 62.28
23.12 56.81
15.53 28.93
12.53 34.75
14.65 40.57
6.53 41.81
3.35 60.69
0.88 16.90
5.29 10.90
16.94 16.90
27.53 4.55
25.06 13.90
32.29 15.32
26.65 32.08
13.06 1.73
45.97 105.25
50.91 103.13
47.03 96.07
38.91 115.13
38.91 129.96
46.68 120.43
56.91 128.19
45.97 141.60
65.74 130.66
56.91 141.60
74.91 129.25
71.74 121.13
65.38 121.13
60.09 107.72
65.38 104.19
76.68 105.25
70.32 94.66
62.56 87.25
52.32 83.01
50.21 72.43
39.62 76.66
33.26 73.49
37.50 84.78
55.15 60.78
59.03 72.43
80.56 119.37
89.03 128.19
85.85 136.66
73.50 141.60
124.32 143.01
103.59 112.66
93.71 121.31
88.06 110.54
66.88 59.19
93.88 86.90
101.29 78.96
82.24 89.72
89.12 99.43
99.53 94.49
99.00 128.54
13.94 59.01
72.53 52.31
83.65 51.07
77.65 49.13
93.00 68.54
87.35 61.13
79.59 71.90
64.24 71.90
73.59 78.96
102.53 63.43
97.41 56.90
103.24 71.37
84.97 194.54
99.97 179.19
87.79 180.07
93.44 165.43
99.26 156.78
82.68 170.54
77.21 217.13
52.50 200.19
53.03 213.43
41.03 165.60
59.74 159.25
62.21 169.66
75.97 164.01
109.68 151.84
128.03 170.01
125.38 181.66
116.91 189.96
64.50 238.49
136.68 216.60
138.62 202.49
140.21 193.66
111.79 207.96
116.56 222.07
45.97 240.07
107.21 141.25
95.74 143.72
65.03 184.66
57.26 178.49
50.38 177.25
32.91 179.37
57.09 194.19
50.74 210.96
40.50 186.25
35.91 192.07
167.74 209.72
164.74 198.25
167.74 149.19
174.62 155.37
164.91 170.90
148.32 159.96
141.44 156.60
139.50 175.31
137.56 143.01
159.26 146.19
155.21 193.66
120.26 197.90
100.50 196.66
66.26 152.37
77.56 149.54
133.50 224.37
156.26 212.19
160.15 232.66
177.62 229.66
196.68 226.31
207.26 230.19
206.56 222.43
209.91 212.19
196.68 212.01
189.09 203.37
176.21 201.78
166.15 152.72
186.09 163.49
201.09 166.31
197.38 181.31
202.50 188.72
209.91 187.13
202.85 183.25
213.44 176.19
218.38 160.84
228.09 157.13
229.15 170.72
239.38 159.60
243.79 169.66
230.91 182.72
226.15 193.84
224.38 205.84
233.56 220.66
225.26 216.25
249.26 226.49
243.79 210.78
244.32 196.13
248.91 159.96
259.15 175.31
261.44 200.01
260.56 219.60
179.91 209.19
166.15 179.54
156.26 178.13
156.97 163.66
20.21 278.28
22.68 270.87
29.03 260.99
44.21 251.81
60.09 267.69
53.03 275.81
192.09 276.51
173.03 263.81
205.85 245.46
196.32 242.28
216.44 242.99
216.44 254.63
221.74 231.69
164.56 241.57
152.91 243.69
135.62 242.28
117.26 233.81
86.56 240.51
97.50 234.87
90.09 229.22
77.38 260.99
116.91 268.40
141.26 272.63
155.38 272.63
49.41 258.27
231.00 238.40
222.71 266.81
251.12 271.22
241.59 261.87
247.41 254.99
240.35 243.51
273.88 228.34
259.41 237.69
273.71 248.81
261.53 261.34
265.94 269.63
279.88 277.40
196.06 262.40
213.00 270.87
250.41 218.63
277.59 212.10
213.53 150.34
199.24 146.81
190.41 139.40
215.12 135.51
223.24 133.04
232.59 148.40
235.41 143.10
246.53 154.40
242.47 150.69
256.76 145.93
263.29 155.28
269.12 158.10
278.82 151.75
274.24 145.22
269.29 138.87
257.29 131.46
273.00 128.99
270.53 182.63
272.29 191.99
272.47 172.75
206.65 203.10
207.53 209.81
198.62 154.40
40.41 17.79
40.59 9.14
37.94 2.79
47.29 6.67
85.59 6.14
82.59 35.96
68.29 32.61
72.88 32.26
35.82 37.20
35.29 45.85
48.53 19.55
52.94 16.90
31.06 8.96
59.65 19.02
63.18 16.55
70.06 13.55
64.94 8.43
64.76 1.55
83.65 16.55
79.76 23.08
72.88 20.79
64.24 23.96
69.53 29.26
51.88 35.96
43.41 33.85
131.65 130.53
126.53 125.94
121.59 117.82
138.71 124.71
137.65 115.18
147.00 125.24
151.24 128.94
154.24 136.00
160.94 128.06
156.00 118.53
150.18 101.59
163.06 112.53
169.76 98.59
165.53 99.47
157.59 104.59
157.06 90.82
166.41 85.88
160.76 81.65
155.12 75.29
143.12 83.59
144.53 90.82
131.12 82.35
129.53 96.47
122.29 95.76
125.82 106.35
138.35 78.65
132.35 74.06
176.47 89.94
185.47 112.35
177.71 104.06
169.24 117.82
188.12 127.53
194.12 124.71
197.65 109.71
195.18 103.35
207.35 113.59
205.41 104.41
205.24 94.71
209.29 79.71
221.47 97.71
219.35 89.76
218.29 80.94
227.47 83.41
235.06 87.65
226.41 124.35
237.71 112.00
234.88 105.82
226.94 111.29
249.18 101.94
241.24 104.06
245.82 85.53
240.18 77.76
267.18 81.47
267.53 93.47
267.53 105.82
261.35 99.82
262.41 71.94
196.94 78.47
185.29 74.76
141.88 132.12
133.94 138.29
121.76 134.59
171.18 125.59
180.53 125.59
202.06 126.82
211.24 124.71
93.35 21.29
99.35 23.76
105.88 30.12
106.94 20.06
109.76 27.47
114.88 20.59
114.88 29.24
122.47 26.41
107.12 40.88
112.41 36.12
103.59 35.94
115.41 45.29
114.18 54.65
122.65 60.29
117.35 70.18
119.29 79.71
117.88 86.24
127.06 67.00
140.12 63.12
144.35 58.18
138.71 50.94
95.12 42.29
154.41 70.18
153.53 29.41
186.88 36.12
178.94 36.65
177.18 30.47
181.76 24.29
187.06 17.76
198.00 27.65
200.12 35.59
194.82 33.12
198.18 46.88
190.24 42.29
190.94 53.94
181.76 57.47
195.18 72.29
155.47 20.06
145.06 20.59
167.47 43.00
170.12 50.94
170.65 70.71
200.82 94.71
142.59 41.06
105.88 6.96
97.06 3.78
88.06 10.66
118.59 9.60
129.00 17.37
124.76 14.37
149.12 0.78
155.12 8.72
164.29 6.07
165.35 11.90
165.35 19.31
189.35 0.25
206.82 6.78
208.76 13.66
203.82 18.43
200.29 15.60
205.41 26.19
203.47 42.43
209.82 44.72
206.82 58.84
177.88 7.49
182.65 4.84
148.06 9.60
137.82 14.19
141.71 16.84
175.32 40.31
213.09 1.84
220.85 4.31
214.85 9.60
222.26 12.07
227.91 7.13
225.44 35.01
213.79 29.37
219.09 49.84
256.15 61.13
247.68 43.84
236.03 36.43
245.56 37.84
253.32 38.19
252.97 28.66
242.03 28.31
247.68 21.96
236.74 17.72
240.26 11.72
239.91 7.84
247.32 7.13
255.79 3.96
258.62 12.07
262.85 5.37
261.09 118.66
275.91 11.37
271.32 8.90
262.15 36.43
264.26 47.37
274.15 41.72
268.85 36.78
269.91 26.19
259.68 21.60
277.68 56.90
272.38 60.78
232.59 3.67
233.65 26.43
238.59 46.55
266.12 21.49
253.76 49.02
255.53 120.60
247.94 60.07
255.71 73.13
140.56 4.66
107.74 53.72
81.97 58.31
75.62 63.60
40.68 56.90
46.32 57.60
40.68 52.66
34.68 28.31
37.15 25.13
2.56 24.07
69.26 47.72
74.91 41.37
89.74 39.25
112.32 105.25
104.91 105.96
134.56 108.07
143.74 99.60
139.15 97.13
155.74 58.31
172.68 4.66
215.03 68.19
218.91 62.54
227.38 28.31
225.97 21.60
208.68 70.66
183.26 83.01
179.74 133.13
105.97 92.19
110.56 93.60
109.15 120.07
109.32 134.06
87.62 209.24
275.38 68.06
273.26 85.71
271.50 94.88
265.85 125.59
264.44 166.53
209.38 88.18
189.97 8.41
264.79 58.18
237.26 29.59
243.62 15.12
242.21 3.25
147.26 180.07
192.09 17.72
222.09 16.31
255.26 87.25
228.44 1.49
249.97 128.90
54.26 221.59
35.21 154.53
23.91 154.53
60.44 78.43
209.03 22.66
178.68 75.96
150.44 84.07
201.26 183.25
202.32 48.78
225.62 175.84
258.79 185.01
