5.71 265.80
20.88 259.27
18.41 271.62
33.59 275.51
8.00 234.63
1.47 246.99
26.00 238.34
33.24 233.75
34.29 222.28
17.00 218.75
4.65 207.99
3.94 223.51
46.82 237.81
33.06 260.93
54.41 228.10
46.47 210.99
32.71 204.10
52.65 195.63
62.71 217.34
76.12 227.40
70.65 250.16
68.53 233.75
88.12 256.51
75.06 205.34
80.88 199.87
85.82 198.10
70.29 191.75
62.71 202.87
68.35 208.51
7.12 197.75
1.12 182.57
12.94 180.81
25.65 180.10
40.47 179.75
50.53 168.63
5.00 161.57
80.00 179.04
5.71 149.40
10.12 155.75
19.12 157.34
28.47 163.87
42.59 153.10
28.29 152.40
22.65 142.34
18.24 146.57
15.06 124.34
36.94 129.63
44.88 129.63
45.24 114.99
30.59 137.93
72.24 149.40
80.53 149.75
69.06 159.99
58.65 150.81
69.59 135.99
69.94 129.28
60.06 130.51
75.76 138.46
83.71 130.16
68.53 119.57
75.41 121.16
83.88 111.28
75.24 109.34
64.47 112.34
60.24 103.16
68.53 95.75
75.41 94.51
83.88 92.75
53.88 94.87
61.65 89.22
53.53 109.87
35.71 105.63
44.18 101.40
35.00 93.46
43.12 89.57
29.18 101.22
21.41 89.57
22.82 122.93
32.53 122.40
7.47 111.28
10.82 104.40
2.00 103.87
5.53 95.40
9.06 78.10
7.47 58.69
3.76 51.99
10.65 49.34
15.94 56.40
19.12 60.46
29.71 60.81
24.41 58.87
30.94 82.34
20.71 78.46
42.41 81.10
57.24 82.87
51.94 78.10
75.94 84.63
71.00 79.69
73.29 65.40
75.59 58.34
85.65 75.28
79.12 69.81
71.53 41.93
68.53 47.75
70.65 53.57
62.53 54.81
55.47 54.28
48.94 53.22
42.94 59.57
30.76 51.28
27.59 44.93
19.12 47.04
24.06 53.22
34.12 57.28
37.82 49.34
59.35 73.69
10.29 32.02
5.18 20.73
12.94 23.55
14.35 18.43
12.41 11.55
34.12 18.43
27.41 32.73
20.88 34.49
36.24 36.61
42.41 35.20
49.29 34.14
43.12 26.38
56.88 29.90
61.29 23.90
72.94 29.90
83.53 17.55
81.06 26.90
88.29 28.32
82.65 45.08
67.12 3.43
62.00 1.49
47.88 1.49
28.82 2.73
44.00 20.20
86.35 10.49
81.59 9.79
90.24 10.49
69.06 14.73
39.94 5.02
53.71 22.32
13.82 3.79
3.59 11.38
7.38 139.43
7.03 132.01
13.74 85.43
29.26 91.78
49.03 183.54
30.32 11.31
101.97 118.25
106.91 116.13
103.03 109.07
94.91 128.13
94.91 142.96
102.68 133.43
112.91 141.19
101.97 154.60
121.74 143.66
112.91 154.60
130.91 142.25
127.74 134.13
121.38 134.13
116.09 120.72
121.38 117.19
132.68 118.25
126.32 107.66
118.56 100.25
108.32 96.01
106.21 85.43
95.62 89.66
89.26 86.49
93.50 97.78
111.15 73.78
115.03 85.43
136.56 132.37
145.03 141.19
141.85 149.66
129.50 154.60
180.32 156.01
4.21 186.72
25.12 112.07
22.12 101.13
16.12 113.31
159.59 125.66
149.71 134.31
144.06 123.54
122.88 72.19
149.88 99.90
157.29 91.96
138.24 102.72
145.12 112.43
155.53 107.49
155.00 141.54
69.94 72.01
128.53 65.31
139.65 64.07
133.65 62.13
149.00 81.54
143.35 74.13
135.59 84.90
120.24 84.90
129.59 91.96
158.53 76.43
153.41 69.90
159.24 84.37
140.97 207.54
155.97 192.19
143.79 193.07
149.44 178.43
155.26 169.78
138.68 183.54
133.21 230.13
108.50 213.19
109.03 226.43
97.03 178.60
115.74 172.25
118.21 182.66
131.97 177.01
165.68 164.84
184.03 183.01
181.38 194.66
172.91 202.96
120.50 251.49
192.68 229.60
194.62 215.49
196.21 206.66
167.79 220.96
172.56 235.07
101.97 253.07
163.21 154.25
151.74 156.72
121.03 197.66
113.26 191.49
106.38 190.25
88.91 192.37
113.09 207.19
106.74 223.96
96.50 199.25
91.91 205.07
223.74 222.72
220.74 211.25
223.74 162.19
230.62 168.37
220.91 183.90
204.32 172.96
197.44 169.60
195.50 188.31
193.56 156.01
215.26 159.19
211.21 206.66
176.26 210.90
156.50 209.66
122.26 165.37
133.56 162.54
189.50 237.37
212.26 225.19
216.15 245.66
233.62 242.66
252.68 239.31
263.26 243.19
262.56 235.43
265.91 225.19
252.68 225.01
245.09 216.37
232.21 214.78
222.15 165.72
242.09 176.49
257.09 179.31
253.38 194.31
258.50 201.72
265.91 200.13
258.85 196.25
269.44 189.19
274.38 173.84
235.91 222.19
222.15 192.54
212.26 191.13
212.97 176.66
85.03 273.99
100.21 264.81
229.03 276.81
261.85 258.46
252.32 255.28
272.44 255.99
272.44 267.63
277.74 244.69
220.56 254.57
208.91 256.69
191.62 255.28
173.26 246.81
142.56 253.51
153.50 247.87
146.09 242.22
133.38 273.99
105.41 271.27
278.71 279.81
252.06 275.40
269.53 163.34
255.24 159.81
246.41 152.40
271.12 148.51
279.24 146.04
262.65 216.10
263.53 222.81
254.62 167.40
96.41 30.79
96.59 22.14
93.94 15.79
103.29 19.67
131.71 1.49
136.65 4.32
141.59 19.14
138.59 48.96
124.29 45.61
128.88 45.26
91.82 50.20
91.29 58.85
104.53 32.55
108.94 29.90
87.06 21.96
115.65 32.02
119.18 29.55
126.06 26.55
120.94 21.43
120.76 14.55
128.53 9.08
139.65 29.55
135.76 36.08
128.88 33.79
120.24 36.96
125.53 42.26
107.88 48.96
99.41 46.85
187.65 143.53
182.53 138.94
177.59 130.82
194.71 137.71
193.65 128.18
203.00 138.24
207.24 141.94
210.24 149.00
216.94 141.06
212.00 131.53
206.18 114.59
219.06 125.53
225.76 111.59
221.53 112.47
213.59 117.59
213.06 103.82
222.41 98.88
216.76 94.65
211.12 88.29
199.12 96.59
200.53 103.82
187.12 95.35
185.53 109.47
178.29 108.76
181.82 119.35
194.35 91.65
188.35 87.06
232.47 102.94
241.47 125.35
233.71 117.06
225.24 130.82
244.12 140.53
250.12 137.71
253.65 122.71
251.18 116.35
263.35 126.59
261.41 117.41
261.24 107.71
265.29 92.71
277.47 110.71
275.35 102.76
274.29 93.94
252.94 91.47
241.29 87.76
197.88 145.12
189.94 151.29
177.76 147.59
227.18 138.59
236.53 138.59
258.06 139.82
267.24 137.71
149.35 34.29
155.35 36.76
161.88 43.12
162.94 33.06
165.76 40.47
170.88 33.59
170.88 42.24
178.47 39.41
163.12 53.88
168.41 49.12
159.59 48.94
171.41 58.29
170.18 67.65
178.65 73.29
173.35 83.18
175.29 92.71
173.88 99.24
183.06 80.00
196.12 76.12
200.35 71.18
194.71 63.94
151.12 55.29
210.41 83.18
209.53 42.41
242.88 49.12
234.94 49.65
233.18 43.47
237.76 37.29
243.06 30.76
254.00 40.65
256.12 48.59
250.82 46.12
254.18 59.88
246.24 55.29
246.94 66.94
237.76 70.47
251.18 85.29
211.47 33.06
201.06 33.59
223.47 56.00
226.12 63.94
226.65 83.71
256.82 107.71
198.59 54.06
167.00 3.37
165.06 9.90
172.82 6.19
177.59 2.49
192.24 2.49
161.88 19.96
153.06 16.78
144.06 23.66
174.59 22.60
185.00 30.37
180.76 27.37
203.18 6.54
207.06 3.19
223.29 1.25
225.24 4.60
216.59 4.07
213.41 9.37
217.12 0.37
205.12 13.78
211.12 21.72
222.06 11.31
220.29 19.07
221.35 24.90
221.35 32.31
236.88 5.13
241.12 4.60
245.35 13.25
264.59 3.19
264.76 8.66
254.00 4.25
248.00 3.90
262.82 19.78
264.76 26.66
259.82 31.43
256.29 28.60
261.41 39.19
259.47 55.43
265.82 57.72
262.82 71.84
233.88 20.49
238.65 17.84
204.06 22.60
187.12 7.78
193.82 27.19
197.71 29.84
233.09 7.78
231.32 53.31
274.74 3.90
278.97 3.54
272.62 9.19
278.26 12.01
269.09 14.84
276.85 17.31
270.85 22.60
278.26 25.07
269.79 42.37
275.09 62.84
106.56 11.31
196.56 17.66
163.74 66.72
137.97 71.31
131.62 76.60
96.68 69.90
102.32 70.60
96.68 65.66
90.68 41.31
93.15 38.13
58.56 37.07
1.74 78.72
11.97 96.01
19.74 108.72
125.26 60.72
130.91 54.37
145.74 52.25
168.32 118.25
160.91 118.96
190.56 121.07
199.74 112.60
195.15 110.13
211.74 71.31
228.68 17.66
271.03 81.19
274.91 75.54
264.68 83.66
239.26 96.01
235.74 146.13
161.97 105.19
166.56 106.60
165.15 133.07
165.32 147.06
143.62 222.24
265.38 101.18
245.97 21.41
203.26 193.07
248.09 30.72
278.09 29.31
110.26 234.59
91.21 167.53
79.91 167.53
116.44 91.43
195.15 9.54
51.50 41.31
22.21 7.43
265.03 35.66
234.68 88.96
206.44 97.07
49.03 138.01
257.26 196.25
258.32 61.78
54.09 240.12
