6.12 220.40
0.65 243.16
18.12 249.51
5.06 198.34
10.88 192.87
15.82 191.10
0.29 184.75
10.00 172.04
2.24 142.40
10.53 142.75
5.76 131.46
13.71 123.16
5.41 114.16
13.88 104.28
5.24 102.34
5.41 87.51
13.88 85.75
5.94 77.63
1.00 72.69
3.29 58.40
5.59 51.34
15.65 68.28
9.12 62.81
1.53 34.93
0.65 46.57
2.94 22.90
13.53 10.55
11.06 19.90
18.29 21.32
12.65 38.08
16.35 3.49
11.59 2.79
20.24 3.49
31.97 111.25
36.91 109.13
33.03 102.07
24.91 121.13
24.91 135.96
32.68 126.43
42.91 134.19
31.97 147.60
51.74 136.66
42.91 147.60
60.91 135.25
57.74 127.13
51.38 127.13
46.09 113.72
51.38 110.19
62.68 111.25
56.32 100.66
48.56 93.25
38.32 89.01
36.21 78.43
25.62 82.66
19.26 79.49
23.50 90.78
41.15 66.78
45.03 78.43
66.56 125.37
75.03 134.19
71.85 142.66
59.50 147.60
110.32 149.01
89.59 118.66
79.71 127.31
74.06 116.54
52.88 65.19
79.88 92.90
87.29 84.96
68.24 95.72
75.12 105.43
85.53 100.49
85.00 134.54
58.53 58.31
69.65 57.07
63.65 55.13
79.00 74.54
73.35 67.13
65.59 77.90
50.24 77.90
59.59 84.96
88.53 69.43
83.41 62.90
89.24 77.37
70.97 200.54
85.97 185.19
73.79 186.07
79.44 171.43
85.26 162.78
68.68 176.54
63.21 223.13
38.50 206.19
39.03 219.43
27.03 171.60
45.74 165.25
48.21 175.66
61.97 170.01
95.68 157.84
114.03 176.01
111.38 187.66
102.91 195.96
50.50 244.49
122.68 222.60
124.62 208.49
126.21 199.66
97.79 213.96
102.56 228.07
31.97 246.07
93.21 147.25
81.74 149.72
51.03 190.66
43.26 184.49
36.38 183.25
18.91 185.37
43.09 200.19
36.74 216.96
26.50 192.25
21.91 198.07
153.74 215.72
150.74 204.25
153.74 155.19
160.62 161.37
150.91 176.90
134.32 165.96
127.44 162.60
125.50 181.31
123.56 149.01
145.26 152.19
141.21 199.66
106.26 203.90
86.50 202.66
52.26 158.37
63.56 155.54
119.50 230.37
142.26 218.19
146.15 238.66
163.62 235.66
182.68 232.31
193.26 236.19
192.56 228.43
195.91 218.19
182.68 218.01
175.09 209.37
162.21 207.78
152.15 158.72
172.09 169.49
187.09 172.31
183.38 187.31
188.50 194.72
195.91 193.13
188.85 189.25
199.44 182.19
204.38 166.84
214.09 163.13
215.15 176.72
225.38 165.60
229.79 175.66
216.91 188.72
212.15 199.84
210.38 211.84
219.56 226.66
211.26 222.25
235.26 232.49
229.79 216.78
230.32 202.13
234.91 165.96
245.15 181.31
247.44 206.01
246.56 225.60
165.91 215.19
152.15 185.54
142.26 184.13
142.97 169.66
8.68 276.87
15.03 266.99
30.21 257.81
46.09 273.69
159.03 269.81
191.85 251.46
182.32 248.28
202.44 248.99
202.44 260.63
207.74 237.69
150.56 247.57
138.91 249.69
121.62 248.28
103.26 239.81
72.56 246.51
83.50 240.87
76.09 235.22
63.38 266.99
102.91 274.40
127.26 278.63
141.38 278.63
35.41 264.27
217.00 244.40
208.71 272.81
237.12 277.22
227.59 267.87
233.41 260.99
226.35 249.51
274.35 239.28
259.88 234.34
245.41 243.69
259.71 254.81
247.53 267.34
251.94 275.63
270.12 268.22
182.06 268.40
199.00 276.87
236.41 224.63
268.35 206.28
277.35 223.40
268.00 222.51
263.59 218.10
199.53 156.34
185.24 152.81
176.41 145.40
201.12 141.51
209.24 139.04
218.59 154.40
221.41 149.10
232.53 160.40
228.47 156.69
242.76 151.93
249.29 161.28
255.12 164.10
264.82 157.75
260.24 151.22
255.29 144.87
243.29 137.46
259.00 134.99
271.18 136.40
270.29 147.34
270.47 183.34
256.53 188.63
258.29 197.99
272.94 197.81
267.82 191.63
258.47 178.75
276.47 150.69
192.65 209.10
193.53 215.81
184.62 160.40
271.62 175.22
26.41 23.79
26.59 15.14
23.94 8.79
33.29 12.67
71.59 12.14
68.59 41.96
54.29 38.61
58.88 38.26
21.82 43.20
21.29 51.85
34.53 25.55
38.94 22.90
17.06 14.96
45.65 25.02
49.18 22.55
56.06 19.55
50.94 14.43
50.76 7.55
58.53 2.08
69.65 22.55
65.76 29.08
58.88 26.79
50.24 29.96
55.53 35.26
37.88 41.96
29.41 39.85
117.65 136.53
112.53 131.94
107.59 123.82
124.71 130.71
123.65 121.18
133.00 131.24
137.24 134.94
140.24 142.00
146.94 134.06
142.00 124.53
136.18 107.59
149.06 118.53
155.76 104.59
151.53 105.47
143.59 110.59
143.06 96.82
152.41 91.88
146.76 87.65
141.12 81.29
129.12 89.59
130.53 96.82
117.12 88.35
115.53 102.47
108.29 101.76
111.82 112.35
124.35 84.65
118.35 80.06
162.47 95.94
171.47 118.35
163.71 110.06
155.24 123.82
174.12 133.53
180.12 130.71
183.65 115.71
181.18 109.35
193.35 119.59
191.41 110.41
191.24 100.71
195.29 85.71
207.47 103.71
205.35 95.76
204.29 86.94
213.47 89.41
221.06 93.65
212.41 130.35
223.71 118.00
220.88 111.82
212.94 117.29
235.18 107.94
227.24 110.06
231.82 91.53
226.18 83.76
253.18 87.47
253.53 99.47
253.53 111.82
247.35 105.82
248.41 77.94
182.94 84.47
171.29 80.76
127.88 138.12
119.94 144.29
107.76 140.59
157.18 131.59
166.53 131.59
188.06 132.82
197.24 130.71
79.35 27.29
85.35 29.76
91.88 36.12
92.94 26.06
95.76 33.47
100.88 26.59
100.88 35.24
108.47 32.41
93.12 46.88
98.41 42.12
89.59 41.94
101.41 51.29
100.18 60.65
108.65 66.29
103.35 76.18
105.29 85.71
103.88 92.24
113.06 73.00
126.12 69.12
130.35 64.18
124.71 56.94
81.12 48.29
140.41 76.18
139.53 35.41
172.88 42.12
164.94 42.65
163.18 36.47
167.76 30.29
173.06 23.76
184.00 33.65
186.12 41.59
180.82 39.12
184.18 52.88
176.24 48.29
176.94 59.94
167.76 63.47
181.18 78.29
141.47 26.06
131.06 26.59
153.47 49.00
156.12 56.94
156.65 76.71
186.82 100.71
128.59 47.06
95.06 2.90
91.88 12.96
83.06 9.78
74.06 16.66
104.59 15.60
115.00 23.37
110.76 20.37
143.41 2.37
135.12 6.78
141.12 14.72
152.06 4.31
150.29 12.07
151.35 17.90
151.35 25.31
175.35 6.25
194.76 1.66
192.82 12.78
194.76 19.66
189.82 24.43
186.29 21.60
191.41 32.19
189.47 48.43
195.82 50.72
192.82 64.84
163.88 13.49
168.65 10.84
134.06 15.60
117.12 0.78
123.82 20.19
127.71 22.84
163.09 0.78
161.32 46.31
202.62 2.19
208.26 5.01
199.09 7.84
206.85 10.31
200.85 15.60
208.26 18.07
213.91 13.13
211.44 41.01
199.79 35.37
205.09 55.84
242.15 67.13
233.68 49.84
222.03 42.43
231.56 43.84
239.32 44.19
238.97 34.66
228.03 34.31
233.68 27.96
222.74 23.72
226.26 17.72
225.91 13.84
233.32 13.13
232.26 5.37
241.79 9.96
244.62 18.07
248.85 11.37
250.62 0.78
272.50 1.49
261.56 5.37
267.91 9.60
278.15 5.37
268.97 103.13
268.62 117.60
267.21 126.43
247.09 124.66
266.50 21.25
276.03 28.66
278.15 21.60
266.85 17.37
275.68 13.13
261.91 17.37
257.32 14.90
267.56 32.54
248.15 42.43
250.26 53.37
260.15 47.72
254.85 42.78
255.91 32.19
245.68 27.60
267.91 48.78
273.21 56.19
263.68 62.90
258.38 66.78
268.26 76.66
271.79 68.54
218.59 9.67
219.65 32.43
224.59 52.55
252.12 27.49
275.24 44.43
239.76 55.02
241.53 126.60
233.94 66.07
241.71 79.13
277.00 80.01
36.56 4.31
126.56 10.66
93.74 59.72
67.97 64.31
61.62 69.60
26.68 62.90
32.32 63.60
26.68 58.66
20.68 34.31
23.15 31.13
55.26 53.72
60.91 47.37
75.74 45.25
98.32 111.25
90.91 111.96
120.56 114.07
129.74 105.60
125.15 103.13
141.74 64.31
158.68 10.66
201.03 74.19
204.91 68.54
213.38 34.31
211.97 27.60
194.68 76.66
169.26 89.01
165.74 139.13
91.97 98.19
96.56 99.60
95.15 126.07
95.32 140.06
279.03 40.53
73.62 215.24
261.38 74.06
268.09 66.29
259.26 91.71
257.50 100.88
251.85 131.59
250.44 172.53
195.38 94.18
175.97 14.41
250.79 64.18
223.26 35.59
229.62 21.12
276.21 187.22
272.32 95.72
268.79 86.54
228.21 9.25
133.26 186.07
178.09 23.72
208.09 22.31
241.26 93.25
273.38 113.72
214.44 7.49
235.97 134.90
40.26 227.59
21.21 160.53
9.91 160.53
46.44 84.43
125.15 2.54
195.03 28.66
164.68 81.96
136.44 90.07
187.26 189.25
188.32 54.78
211.62 181.84
244.79 191.01
