0.21 464.75
19.22 434.72
10.22 396.68
42.25 380.66
87.29 384.67
76.28 423.71
96.30 441.72
152.35 434.72
161.36 462.74
231.43 409.69
206.41 447.73
75.28 296.58
142.34 312.60
152.35 259.55
177.38 255.54
168.37 238.52
183.38 312.60
230.43 339.62
235.44 317.60
221.42 296.58
200.40 252.54
318.52 399.68
302.50 378.66
278.48 373.66
267.47 361.64
275.47 332.62
337.54 324.61
312.51 290.58
291.49 297.58
275.47 273.56
288.49 263.55
307.51 252.54
382.58 336.62
391.59 362.65
381.58 384.67
370.57 419.70
348.55 440.72
358.56 462.74
434.63 441.72
406.60 421.70
455.65 415.70
472.67 430.71
6.21 205.49
242.44 233.52
281.48 191.48
250.45 184.47
369.57 179.47
385.58 155.44
394.59 134.42
363.56 111.40
471.67 213.50
458.65 238.52
425.62 226.51
407.60 240.53
391.59 262.55
358.56 264.55
362.56 231.52
343.54 203.49
327.53 185.47
329.53 133.42
473.67 275.56
471.67 306.59
451.65 298.58
412.61 283.57
418.61 314.60
363.56 296.58
99.30 221.51
117.32 201.49
101.30 187.47
145.35 182.47
172.37 153.44
166.37 133.42
209.41 130.42
215.42 93.38
200.40 90.38
174.38 370.65
190.39 370.65
185.39 389.67
111.31 367.65
83.29 347.63
55.26 325.61
58.26 161.45
71.28 122.41
86.29 116.41
96.30 92.38
96.30 92.38
98.30 76.37
18.22 80.37
154.36 85.37
162.36 64.35
178.38 52.34
203.40 46.34
218.42 13.30
243.44 29.32
238.44 2.29
474.67 69.36
428.62 46.34
412.61 66.36
444.64 104.39
461.66 122.41
472.67 136.42
439.63 127.42
458.65 169.46
414.61 196.48
393.59 88.38
377.57 83.37
385.58 20.31
420.62 4.30
435.63 21.31
362.56 55.35
326.52 78.37
294.49 39.33
279.48 11.30
287.49 136.42
249.45 148.44
265.46 171.46
241.44 172.46
211.41 184.47
217.42 200.49
170.37 178.47
118.32 136.42
9.21 55.35
7.21 368.65
163.37 39.33
139.34 14.31
69.27 32.32
40.24 29.32
109.31 34.33
311.51 109.40
302.50 97.39
266.47 93.38
346.54 303.59
340.54 275.56
447.64 333.62
60.26 219.51
60.26 203.49
42.25 182.47
18.22 203.49
61.27 266.55
180.38 17.31
351.55 97.39
325.52 366.65
108.31 164.45
70.27 137.43
46.25 361.64
127.33 51.34
74.28 56.35
49.25 81.37
32.24 123.41
421.62 132.42
110.54 255.48
58.37 65.71
59.40 24.79
167.83 414.55
146.35 406.36
144.30 246.78
166.81 98.45
270.13 77.99
451.20 9.45
