2.25 386.66
47.29 390.67
36.28 429.71
56.30 447.72
112.35 440.72
121.36 468.74
191.43 415.69
166.41 453.73
35.28 302.58
102.34 318.60
112.35 265.55
137.38 261.54
128.37 244.52
143.38 318.60
190.43 345.62
195.44 323.60
181.42 302.58
160.40 258.54
278.52 405.68
262.50 384.66
238.48 379.66
227.47 367.64
235.47 338.62
297.54 330.61
272.51 296.58
251.49 303.58
235.47 279.56
248.49 269.55
267.51 258.54
342.58 342.62
351.59 368.65
341.58 390.67
330.57 425.70
308.55 446.72
318.56 468.74
394.63 447.72
366.60 427.70
415.65 421.70
432.67 436.71
455.69 436.71
202.44 239.52
241.48 197.48
210.45 190.47
329.57 185.47
345.58 161.44
354.59 140.42
323.56 117.40
448.68 164.45
436.67 191.47
431.67 219.50
418.65 244.52
385.62 232.51
367.60 246.53
351.59 268.55
318.56 270.55
322.56 237.52
303.54 209.49
287.53 191.47
289.53 139.42
433.67 281.56
431.67 312.59
411.65 304.58
372.61 289.57
378.61 320.60
323.56 302.58
59.30 227.51
77.32 207.49
61.30 193.47
105.35 188.47
132.37 159.44
126.37 139.42
169.41 136.42
175.42 99.38
160.40 96.38
134.38 376.65
150.39 376.65
145.39 395.67
71.31 373.65
43.29 353.63
15.26 331.61
18.26 167.45
31.28 128.41
46.29 122.41
56.30 98.38
56.30 98.38
58.30 82.37
114.36 91.37
122.36 70.35
138.38 58.34
163.40 52.34
178.42 19.30
203.44 35.32
198.44 8.29
466.70 131.41
471.71 66.35
445.68 43.33
434.67 75.36
388.62 52.34
372.61 72.36
404.64 110.39
421.66 128.41
432.67 142.42
399.63 133.42
418.65 175.46
374.61 202.48
353.59 94.38
337.57 89.37
345.58 26.31
380.62 10.30
395.63 27.31
322.56 61.35
286.52 84.37
254.49 45.33
239.48 17.30
247.49 0.29
247.49 142.42
209.45 154.44
225.46 177.46
201.44 178.46
171.41 190.47
177.42 206.49
130.37 184.47
78.32 142.42
469.70 272.55
123.37 45.33
99.34 20.31
72.32 2.29
29.27 38.32
0.24 35.32
69.31 40.33
271.51 115.40
262.50 103.39
226.47 99.38
465.70 12.30
306.54 309.59
300.54 281.56
407.64 339.62
20.26 225.51
20.26 209.49
2.25 188.47
21.27 272.55
140.38 23.31
311.55 103.39
285.52 372.65
68.31 170.45
30.27 143.43
6.25 367.64
87.33 57.34
34.28 62.35
9.25 87.37
381.62 138.42
70.54 261.48
18.37 71.71
19.40 30.79
127.83 420.55
106.35 412.36
104.30 252.78
126.81 104.45
230.13 83.99
229.11 1.13
411.20 15.45
