16.08 436.71
19.08 464.74
79.14 445.72
96.16 475.75
90.15 431.70
109.17 414.69
126.19 450.72
147.21 473.75
166.22 443.72
131.19 432.71
157.22 405.68
189.25 389.66
234.29 393.67
223.28 432.71
243.30 450.72
299.35 443.72
308.36 471.74
378.43 418.69
353.41 456.73
222.28 305.58
289.34 321.60
299.35 268.55
324.38 264.54
315.37 247.52
330.38 321.60
377.43 348.62
382.44 326.60
368.42 305.58
347.40 261.54
465.52 408.68
449.50 387.66
425.48 382.66
414.47 370.64
422.47 341.62
459.51 299.58
438.49 306.58
422.47 282.56
435.49 272.55
454.51 261.54
153.21 214.49
120.18 205.48
135.19 187.47
83.14 181.46
17.08 187.47
16.08 208.49
3.07 228.51
12.07 252.53
389.44 242.52
428.48 200.48
397.45 193.47
474.53 194.47
246.30 230.51
264.32 210.49
248.30 196.47
292.35 191.47
319.37 162.44
313.37 142.42
356.41 139.42
362.42 102.38
347.40 99.38
321.38 379.65
337.39 379.65
332.39 398.67
258.31 376.65
230.29 356.63
202.26 334.61
134.19 317.59
109.17 272.55
92.15 258.54
104.16 238.52
60.12 263.54
42.10 261.54
42.10 287.56
80.14 282.56
205.26 170.45
218.28 131.41
233.29 125.41
243.30 101.38
243.30 101.38
245.30 85.37
165.22 89.37
301.36 94.37
309.36 73.35
325.38 61.34
350.40 55.34
365.42 22.30
390.44 38.32
385.44 11.29
473.52 87.37
441.49 48.33
426.48 20.30
434.49 3.29
434.49 145.42
396.45 157.44
412.46 180.46
388.44 181.46
358.41 193.47
364.42 209.49
317.37 187.47
265.32 145.42
80.14 8.29
24.09 41.32
22.08 69.35
113.17 148.43
146.20 122.40
119.18 120.40
117.18 92.37
132.19 73.35
156.21 64.35
96.16 65.35
68.13 43.33
80.14 356.63
115.17 362.64
141.20 357.63
154.21 377.65
121.18 387.66
60.12 369.64
36.10 362.64
16.08 354.63
34.10 15.30
310.37 48.33
286.34 23.31
259.32 5.29
216.27 41.32
187.24 38.32
256.31 43.33
458.51 118.40
449.50 106.39
413.47 102.38
207.26 228.51
207.26 212.49
189.25 191.47
165.22 212.49
92.15 216.49
208.27 275.55
327.38 26.31
472.52 375.65
255.31 173.45
217.27 146.43
193.25 370.64
40.10 184.46
21.08 160.44
41.10 134.41
274.33 60.34
221.28 65.35
196.25 90.37
41.10 432.71
179.24 132.41
257.54 264.48
60.11 147.34
68.29 122.79
129.67 235.32
205.37 74.71
206.40 33.79
314.83 423.55
293.35 415.36
291.30 255.78
313.81 107.45
352.68 2.08
417.13 86.99
416.11 4.13
