443.05 366.65
463.07 396.68
468.07 418.70
442.05 403.68
443.05 445.72
399.01 442.72
377.99 398.68
381.99 374.65
402.01 386.67
419.03 307.59
334.94 384.66
311.92 431.71
332.94 441.72
308.92 459.74
248.86 440.72
231.84 470.75
237.85 426.70
218.83 409.69
201.81 445.72
180.79 468.75
161.78 438.72
196.81 427.71
170.78 400.68
138.75 384.66
93.71 388.67
104.72 427.71
84.70 445.72
28.65 438.72
19.64 466.74
105.72 300.58
38.66 316.60
28.65 263.55
3.62 259.54
12.63 242.52
174.79 209.49
207.82 200.48
192.81 182.47
244.86 176.46
310.92 182.47
311.92 203.49
324.93 223.51
315.93 247.53
350.96 253.54
380.99 237.52
376.99 209.49
421.03 171.46
446.05 209.49
439.05 251.53
414.02 256.54
400.01 274.56
464.07 143.43
449.06 148.43
416.02 140.42
351.96 137.42
347.96 183.47
81.70 225.51
63.68 205.49
79.70 191.47
35.65 186.47
8.63 157.44
14.63 137.42
6.62 374.65
69.69 371.65
97.71 351.63
125.74 329.61
193.81 312.59
218.83 267.55
235.85 253.54
223.84 233.52
267.88 258.54
285.90 256.54
285.90 282.56
247.86 277.56
354.96 324.60
334.94 305.59
122.74 165.45
109.72 126.41
94.71 120.41
84.70 96.38
84.70 96.38
82.70 80.37
162.78 84.37
26.64 89.37
18.64 68.35
2.62 56.34
10.63 182.47
62.68 140.42
428.04 62.35
434.04 21.31
434.04 21.31
421.03 8.30
247.86 3.29
334.94 7.29
303.91 36.32
305.92 64.35
214.83 143.43
181.80 117.40
208.82 115.40
210.82 87.37
195.81 68.35
171.79 59.35
231.84 60.35
259.87 38.33
247.86 351.63
212.83 357.64
186.80 352.63
173.79 372.65
206.82 382.66
267.88 364.64
291.90 357.64
311.92 349.63
473.08 101.39
438.05 102.39
416.02 105.39
406.01 90.38
417.02 40.33
394.00 59.35
356.97 45.33
352.96 22.31
293.90 10.30
17.63 43.33
41.66 18.31
68.68 0.29
111.73 36.32
140.76 33.32
71.69 38.33
120.74 223.51
120.74 207.49
138.75 186.47
162.78 207.49
235.85 211.49
119.73 270.55
0.62 21.31
72.69 168.45
110.73 141.43
433.04 455.73
134.75 365.64
287.90 179.46
306.92 155.44
286.90 129.41
333.94 126.41
339.95 94.38
342.95 70.36
53.67 55.34
106.72 60.35
131.75 85.37
286.90 427.71
470.08 28.32
148.76 127.41
438.05 312.59
70.46 259.48
267.89 142.34
259.71 117.79
198.33 230.32
122.63 69.71
121.60 28.79
13.17 418.55
34.65 410.36
36.70 250.78
14.19 102.45
