22.29 478.89
85.71 458.81
52.94 423.93
24.40 432.38
125.91 404.04
131.33 447.86
30.15 336.74
1.69 377.84
3.95 266.73
22.47 263.56
23.82 250.01
30.60 258.14
29.70 243.69
50.47 248.21
70.80 242.79
83.90 255.88
83.45 246.85
84.80 239.62
73.51 251.37
78.03 264.92
65.83 274.40
46.41 275.31
54.99 292.47
29.70 286.60
1.24 281.63
22.47 299.25
23.82 317.32
66.74 329.51
67.19 351.19
38.28 372.42
73.06 348.03
80.29 339.00
83.90 359.78
120.94 352.55
122.29 276.66
103.77 280.28
95.19 265.37
93.39 254.08
110.10 265.37
125.00 261.31
84.80 298.80
86.61 287.05
65.38 285.70
192.47 464.09
225.23 431.33
267.51 477.83
349.96 444.01
400.69 432.38
434.52 455.64
435.57 507.43
469.40 429.21
405.98 407.02
319.30 415.47
212.55 380.59
139.62 353.11
498.15 379.87
468.12 378.24
455.13 392.04
468.12 366.88
470.55 342.53
498.96 315.74
477.04 310.06
361.78 375.00
309.01 392.85
330.93 385.55
335.80 340.09
336.61 323.86
300.90 365.26
279.79 378.24
230.27 406.65
225.40 357.95
239.20 358.76
226.22 341.71
220.53 324.67
213.23 332.79
200.24 349.83
158.03 378.24
154.78 345.77
208.36 279.21
211.60 263.79
240.83 295.44
244.89 281.65
240.01 270.28
258.68 320.61
273.30 334.41
268.43 353.08
311.45 312.49
309.01 297.88
302.52 253.23
65.49 304.37
160.46 327.10
353.66 357.14
399.93 324.67
411.29 351.46
430.78 344.15
414.54 332.79
453.50 327.91
445.39 304.37
452.69 289.76
485.16 293.82
506.27 310.06
151.12 316.49
162.07 298.76
151.12 293.28
147.21 264.34
279.93 292.24
260.38 290.41
297.67 278.68
307.05 272.16
298.45 268.77
311.75 266.94
302.62 257.03
357.12 262.51
361.03 280.50
350.86 318.05
363.12 303.19
317.48 281.81
316.44 270.85
259.33 266.16
254.64 267.73
239.52 264.86
158.96 243.87
165.30 252.32
149.19 252.06
157.37 226.18
161.86 236.22
164.77 238.59
172.16 238.07
186.68 237.54
191.96 234.63
189.85 231.47
150.77 236.22
142.06 232.52
125.43 240.71
110.11 254.70
120.41 231.73
178.23 231.20
178.50 241.23
188.00 252.32
212.82 244.14
222.33 253.12
232.36 242.03
236.06 236.48
239.23 232.52
237.11 233.05
225.23 229.88
207.54 249.68
202.52 229.09
199.09 227.50
206.49 231.47
221.54 240.44
216.78 242.03
212.29 239.12
266.42 254.70
278.83 259.72
295.73 250.48
295.47 238.59
287.81 228.82
271.44 227.77
251.64 231.20
283.32 268.69
290.98 267.90
304.71 237.54
319.23 237.01
335.07 243.87
237.11 253.91
282.00 229.35
345.63 261.30
348.27 272.65
381.90 280.90
383.20 273.37
395.92 277.79
401.89 284.02
405.27 308.69
505.50 267.40
519.52 250.52
497.45 251.30
475.12 255.97
448.63 248.96
443.44 245.85
436.95 257.79
426.56 263.24
425.78 270.51
427.34 281.94
407.09 252.60
433.83 241.17
454.35 250.52
489.92 229.75
503.43 242.21
503.43 237.02
480.05 228.45
487.59 227.67
496.15 231.30
500.31 228.97
508.62 245.85
475.12 228.71
464.99 232.34
461.10 228.45
466.29 227.41
472.52 232.86
455.39 240.39
458.76 236.76
456.68 232.08
449.67 233.38
446.56 233.90
447.60 240.65
428.12 254.16
369.43 241.17
382.68 244.03
389.43 247.66
363.72 256.75
360.09 237.02
445.78 284.28
455.13 271.03
444.22 253.90
429.94 229.23
422.41 231.56
428.12 233.90
453.83 227.67
382.68 239.35
335.14 231.16
366.34 230.65
370.43 231.16
296.26 231.67
