27.91 402.04
33.33 445.86
22.94 350.55
24.29 274.66
5.77 278.28
12.10 263.37
27.00 259.31
94.47 462.09
127.23 429.33
169.51 475.83
251.96 442.01
302.69 430.38
336.52 453.64
337.57 505.43
449.62 510.72
491.90 456.81
516.21 449.41
468.64 405.02
436.93 388.10
371.40 427.21
307.98 405.02
221.30 413.47
114.55 378.59
41.62 351.11
487.01 373.00
514.61 366.50
400.15 377.87
424.50 359.20
456.97 332.41
472.40 316.17
487.01 304.81
485.38 280.46
499.18 267.47
370.12 376.24
357.13 390.04
370.12 364.88
372.55 340.53
400.96 313.74
379.04 308.06
263.78 373.00
211.01 390.85
232.93 383.55
237.80 338.09
238.61 321.86
202.90 363.26
181.79 376.24
132.27 404.65
127.40 355.95
141.20 356.76
128.22 339.71
122.53 322.67
115.23 330.79
102.24 347.83
60.03 376.24
56.78 343.77
110.36 277.21
113.60 261.79
142.83 293.44
146.89 279.65
142.01 268.28
160.68 318.61
175.30 332.41
170.43 351.08
213.45 310.49
211.01 295.88
204.52 251.23
62.46 325.10
255.66 355.14
301.93 322.67
313.29 349.46
332.78 342.15
316.54 330.79
355.50 325.91
347.39 302.37
354.69 287.76
387.16 291.82
408.27 308.06
425.31 296.69
458.60 299.94
481.33 291.01
470.77 296.69
53.12 314.49
64.07 296.76
53.12 291.28
49.21 262.34
181.93 290.24
162.38 288.41
199.67 276.68
209.05 270.16
200.45 266.77
213.75 264.94
204.62 255.03
259.12 260.51
263.03 278.50
252.86 316.05
265.12 301.19
219.48 279.81
218.44 268.85
161.33 264.16
156.64 265.73
141.52 262.86
60.96 241.87
67.30 250.32
51.19 250.06
59.37 224.18
63.86 234.22
66.77 236.59
74.16 236.07
88.68 235.54
93.96 232.63
91.85 229.47
52.77 234.22
44.06 230.52
27.43 238.71
12.11 252.70
22.41 229.73
80.23 229.20
80.50 239.23
90.00 250.32
114.82 242.14
124.33 251.12
134.36 240.03
138.06 234.48
141.23 230.52
139.11 231.05
127.23 227.88
109.54 247.68
104.52 227.09
101.09 225.50
108.49 229.47
123.54 238.44
118.78 240.03
114.29 237.12
168.42 252.70
180.83 257.72
197.73 248.48
197.47 236.59
189.81 226.82
173.44 225.77
153.64 229.20
185.32 266.69
192.98 265.90
206.71 235.54
221.23 235.01
237.07 241.87
139.11 251.91
184.00 227.35
247.63 259.30
250.27 270.65
283.90 278.90
285.20 271.37
297.92 275.79
303.89 282.02
307.27 306.69
435.29 276.82
444.12 265.40
430.61 255.79
407.50 265.40
421.52 248.52
399.45 249.30
377.12 253.97
350.63 246.96
345.44 243.85
338.95 255.79
328.56 261.24
327.78 268.51
329.34 279.94
309.09 250.60
335.83 239.17
356.35 248.52
391.92 227.75
405.43 240.21
405.43 235.02
382.05 226.45
389.59 225.67
398.15 229.30
402.31 226.97
430.09 258.65
424.12 245.66
410.62 243.85
448.01 258.65
448.27 252.16
377.12 226.71
366.99 230.34
363.10 226.45
368.29 225.41
374.52 230.86
357.39 238.39
360.76 234.76
358.68 230.08
351.67 231.38
348.56 231.90
349.60 238.65
330.12 252.16
271.43 239.17
284.68 242.03
291.43 245.66
265.72 254.75
262.09 235.02
347.78 282.28
357.13 269.03
346.22 251.90
331.94 227.23
324.41 229.56
330.12 231.90
355.83 225.67
284.68 237.35
456.13 241.80
470.17 240.07
461.10 252.17
487.02 255.63
471.47 262.76
497.61 249.15
484.43 240.29
519.21 251.09
517.05 245.04
508.41 246.77
520.51 341.61
471.69 334.48
425.24 236.18
237.14 229.16
268.34 228.65
272.43 229.16
198.26 229.67
445.31 233.25
449.91 227.62
454.01 231.20
470.89 228.65
478.56 230.18
488.79 234.78
500.04 232.74
511.80 235.81
