0.47 411.09
33.23 378.33
75.51 424.83
157.96 391.01
208.69 379.38
242.52 402.64
243.57 454.43
354.56 499.88
355.62 459.72
397.90 405.81
422.21 398.41
478.23 503.05
466.60 433.29
440.18 435.40
508.88 439.63
504.65 366.70
471.89 364.59
519.45 370.93
374.64 354.02
342.93 337.10
277.40 376.21
213.98 354.02
127.30 362.47
20.55 327.59
506.65 262.74
500.97 248.13
515.58 291.15
475.81 334.17
441.71 279.79
444.15 265.99
461.19 248.13
474.18 245.69
465.25 234.33
454.70 333.36
393.01 322.00
420.61 315.50
515.58 189.68
517.20 179.13
508.28 185.62
500.16 185.62
502.59 225.40
495.29 236.76
476.62 222.96
306.15 326.87
330.50 308.20
362.97 281.41
378.40 265.17
393.01 253.81
391.38 229.46
405.18 216.47
436.03 210.79
276.12 325.24
263.13 339.04
276.12 313.88
278.55 289.53
306.96 262.74
285.04 257.06
169.78 322.00
117.01 339.85
138.93 332.55
143.80 287.09
144.61 270.86
108.90 312.26
87.79 325.24
38.27 353.65
33.40 304.95
47.20 305.76
34.22 288.71
28.53 271.67
21.23 279.79
8.24 296.83
16.36 226.21
19.60 210.79
48.83 242.44
52.89 228.65
48.01 217.28
66.68 267.61
81.30 281.41
76.43 300.08
119.45 259.49
117.01 244.88
110.52 200.23
161.66 304.14
207.93 271.67
219.29 298.46
238.78 291.15
222.54 279.79
261.50 274.91
253.39 251.37
260.69 236.76
293.16 240.82
314.27 257.06
331.31 245.69
364.60 248.94
387.33 240.01
376.77 245.69
459.57 211.60
87.93 239.24
68.38 237.41
105.67 225.68
115.05 219.16
106.45 215.77
119.75 213.94
110.62 204.03
165.12 209.51
169.03 227.50
158.86 265.05
171.12 250.19
125.48 228.81
124.44 217.85
67.33 213.16
62.64 214.73
47.52 211.86
20.82 191.14
30.33 200.12
40.36 189.03
44.06 183.48
47.23 179.52
45.11 180.05
33.23 176.88
15.54 196.68
10.52 176.09
7.09 174.50
14.49 178.47
29.54 187.44
24.78 189.03
20.29 186.12
74.42 201.70
86.83 206.72
103.73 197.48
103.47 185.59
95.81 175.82
79.44 174.77
59.64 178.20
91.32 215.69
98.98 214.90
112.71 184.54
127.23 184.01
143.07 190.87
45.11 200.91
90.00 176.35
153.63 208.30
156.27 219.65
189.90 227.90
191.20 220.37
203.92 224.79
209.89 231.02
213.27 255.69
341.29 225.82
350.12 214.40
336.61 204.79
313.50 214.40
327.52 197.52
305.45 198.30
283.12 202.97
256.63 195.96
251.44 192.85
244.95 204.79
234.56 210.24
233.78 217.51
235.34 228.94
215.09 199.60
241.83 188.17
262.35 197.52
297.92 176.75
311.43 189.21
311.43 184.02
288.05 175.45
295.59 174.67
304.15 178.30
308.31 175.97
336.09 207.65
330.12 194.66
316.62 192.85
354.01 207.65
354.27 201.16
283.12 175.71
272.99 179.34
269.10 175.45
274.29 174.41
280.52 179.86
263.39 187.39
266.76 183.76
264.68 179.08
257.67 180.38
254.56 180.90
255.60 187.65
236.12 201.16
177.43 188.17
190.68 191.03
197.43 194.66
171.72 203.75
168.09 184.02
253.78 231.28
263.13 218.03
252.22 200.90
237.94 176.23
230.41 178.56
236.12 180.90
261.83 174.67
190.68 186.35
362.13 190.80
376.17 189.07
367.10 201.17
393.02 204.63
377.47 211.76
403.61 198.15
390.43 189.29
425.21 200.09
451.35 183.24
423.05 194.04
481.60 192.75
476.41 204.41
483.97 200.09
497.80 193.18
471.66 189.51
481.81 186.05
504.50 209.81
439.25 189.72
430.83 187.99
428.02 192.10
414.41 195.77
431.48 239.19
428.02 259.28
426.51 290.61
377.69 283.48
331.24 185.18
143.14 178.16
174.34 177.65
178.43 178.16
104.26 178.67
351.31 182.25
355.91 176.62
360.01 180.20
376.89 177.65
384.56 179.18
394.79 183.78
406.04 181.74
417.80 184.81
430.59 179.69
