42.07 439.29
121.34 386.44
160.45 369.52
195.33 411.80
246.07 384.32
324.29 394.89
387.71 374.81
354.94 339.93
326.40 348.38
258.75 335.70
186.88 330.41
192.16 294.48
124.52 343.10
106.55 308.22
71.67 300.82
57.93 352.61
38.90 325.13
63.21 276.51
16.70 278.62
65.32 241.63
82.24 219.43
25.44 160.59
6.47 167.82
42.16 173.24
37.19 167.82
66.10 164.66
98.17 175.50
103.59 166.92
90.04 167.37
84.17 166.01
77.39 175.50
63.84 154.27
47.58 186.34
17.31 194.02
33.12 203.05
10.99 212.09
23.64 217.96
53.00 204.86
42.61 211.18
96.81 190.40
114.88 175.05
114.88 170.08
120.75 156.53
141.08 172.34
148.76 180.02
147.86 164.21
98.62 198.53
103.14 208.02
117.14 183.63
127.53 190.40
142.43 200.79
131.14 208.02
129.34 237.38
147.40 214.80
133.40 279.39
87.78 266.29
196.19 255.90
208.38 275.78
182.18 221.12
179.02 201.70
194.38 184.53
211.09 185.89
217.42 234.22
206.58 224.73
179.02 169.17
237.29 224.73
221.48 213.44
224.19 185.89
225.55 178.21
226.90 164.21
215.61 178.21
270.27 229.25
260.33 198.53
238.19 185.89
249.49 173.24
241.81 176.40
272.52 182.73
270.72 199.44
281.11 197.63
288.33 176.85
275.23 175.05
279.75 165.11
276.14 161.95
284.72 269.90
286.98 246.41
292.85 223.83
245.87 284.36
427.91 320.04
433.33 363.86
332.15 252.74
303.69 293.84
295.56 285.26
229.61 244.61
239.10 259.97
189.41 234.22
169.99 208.47
157.79 196.28
163.21 183.63
286.53 167.82
296.92 156.53
305.95 182.73
324.47 179.56
325.82 166.01
332.60 174.14
331.70 159.69
352.47 164.21
372.80 158.79
385.90 171.88
385.45 162.85
386.80 155.62
375.51 167.37
380.03 180.92
367.83 190.40
348.41 191.31
356.99 208.47
331.70 202.60
303.24 197.63
324.47 215.25
325.82 233.32
277.49 217.51
368.74 245.51
369.19 267.19
340.28 288.42
375.06 264.03
382.29 255.00
385.90 275.78
422.94 268.55
424.29 192.66
405.77 196.28
397.19 181.37
395.39 170.08
412.10 181.37
427.00 177.31
386.80 214.80
388.61 203.05
367.38 201.70
494.47 380.09
514.55 296.59
441.62 269.11
515.23 248.79
502.24 265.83
460.03 294.24
456.78 261.77
510.36 195.21
513.60 179.79
367.49 220.37
300.11 166.80
462.46 243.10
453.12 232.49
464.07 214.76
453.12 209.28
449.21 180.34
134.82 162.05
105.59 175.49
207.07 163.06
202.70 156.67
192.29 155.33
159.69 159.36
155.99 165.08
213.46 163.73
238.66 158.35
230.93 157.68
225.22 173.48
184.22 180.87
164.39 166.08
176.83 160.03
242.69 163.73
291.42 160.71
260.84 145.92
228.10 146.50
460.96 159.87
467.30 168.32
451.19 168.06
459.37 142.18
463.86 152.22
466.77 154.59
474.16 154.07
488.68 153.54
493.96 150.63
491.85 147.47
452.77 152.22
444.06 148.52
427.43 156.71
412.11 170.70
422.41 147.73
480.23 147.20
480.50 157.23
490.00 168.32
514.82 160.14
509.54 165.68
504.52 145.09
501.09 143.50
508.49 147.47
518.78 158.03
514.29 155.12
187.62 148.33
