21.70 244.22
60.22 245.20
121.94 261.50
173.30 276.81
249.85 263.97
277.99 268.41
298.73 234.34
167.87 251.62
317.50 177.55
219.72 232.36
230.09 198.78
189.60 213.10
106.14 218.54
74.54 219.03
49.85 192.36
90.34 185.94
117.99 188.41
147.13 188.91
164.91 179.03
203.92 167.18
264.17 166.69
284.41 167.67
295.28 155.33
317.01 138.54
293.80 118.78
233.55 136.56
223.18 134.59
144.66 158.78
104.66 169.15
105.65 141.50
78.49 157.30
80.46 173.10
17.25 166.69
91.33 134.59
176.27 111.87
167.38 112.36
211.82 105.94
203.43 104.96
263.67 107.92
249.85 95.57
286.88 121.25
285.40 107.43
306.14 105.94
304.17 72.86
292.31 78.29
272.56 91.13
250.34 87.18
220.71 98.04
213.80 95.57
184.17 94.09
172.81 91.13
177.25 83.72
139.72 92.61
134.78 86.69
107.13 107.43
77.01 113.85
77.99 103.97
68.12 103.48
48.86 91.13
10.34 90.14
14.78 90.14
61.20 82.73
59.72 65.45
97.25 82.24
76.02 61.50
108.61 54.09
123.92 58.54
158.49 61.01
172.31 59.52
196.02 77.80
203.92 73.35
198.98 68.41
210.83 67.92
205.40 61.50
202.93 51.13
193.55 42.24
132.31 43.72
166.88 41.25
183.67 35.82
202.44 39.28
213.30 41.25
222.19 51.13
230.59 70.39
248.36 73.85
262.69 78.29
282.44 66.44
296.27 62.98
305.15 53.10
304.17 47.67
286.88 40.76
266.64 47.18
262.69 45.20
240.46 44.22
234.54 42.24
224.66 38.29
235.52 30.88
247.38 35.33
259.23 27.92
268.12 29.40
279.97 40.76
277.99 26.93
317.01 39.77
315.03 10.14
302.69 9.15
296.76 11.13
288.86 9.15
284.41 1.75
269.60 9.15
274.04 14.59
263.67 15.57
245.90 16.07
234.04 3.23
230.59 18.54
223.18 24.46
213.30 19.52
204.91 17.06
183.67 3.23
171.33 5.20
254.29 17.55
193.06 27.43
193.06 21.50
166.88 13.10
166.88 7.67
170.34 20.51
178.24 26.93
181.20 22.49
156.02 16.56
149.60 10.64
141.70 9.65
154.04 29.40
149.60 24.46
1.45 68.91
39.48 61.99
49.35 58.04
73.55 45.70
98.24 43.72
106.14 44.22
107.62 39.77
117.99 31.87
135.28 27.92
120.46 10.64
124.91 12.61
97.25 10.14
108.12 16.56
96.27 21.99
27.13 7.67
40.46 7.67
51.82 6.69
47.38 45.20
61.20 42.73
83.92 32.86
91.33 36.81
81.94 21.99
90.83 21.99
81.45 16.07
62.19 17.06
56.76 21.99
16.27 34.83
34.54 41.25
19.72 28.41
31.57 36.81
30.09 21.99
1.94 41.25
17.75 16.56
46.89 24.40
49.89 30.99
46.29 17.20
51.69 17.20
51.69 13.61
58.28 13.01
57.08 9.41
64.27 12.41
28.31 14.21
28.31 11.21
22.32 16.60
20.52 19.60
24.11 22.60
38.50 27.39
38.50 32.79
40.30 35.79
65.47 29.19
78.06 51.97
211.13 313.31
317.82 57.96
81.06 135.89
179.96 63.36
187.15 195.83
