39.27 354.33
62.97 363.22
84.70 323.22
123.22 324.20
184.94 340.50
236.30 355.81
312.85 342.97
340.99 347.41
361.73 313.34
400.25 320.25
429.88 380.01
438.28 350.38
230.87 330.62
445.19 302.97
498.52 289.64
527.17 361.73
527.17 255.56
498.03 253.09
468.90 241.24
404.20 269.39
380.50 256.55
282.72 311.36
293.09 277.78
252.60 292.10
169.14 297.54
137.54 298.03
112.85 271.36
153.34 264.94
180.99 267.41
210.13 267.91
227.91 258.03
266.92 246.18
327.17 245.69
347.41 246.67
358.28 234.33
391.86 244.20
394.33 220.99
413.09 226.92
424.94 233.34
440.75 232.85
442.23 217.04
470.87 220.01
490.13 233.83
503.46 210.62
491.12 191.86
472.85 184.45
428.40 197.78
414.08 213.09
408.15 207.17
380.01 217.54
356.80 197.78
296.55 215.56
286.18 213.59
207.66 237.78
167.66 248.15
168.65 220.50
141.49 236.30
143.46 252.10
80.25 245.69
32.35 246.18
10.13 248.15
56.06 228.90
38.77 230.87
154.33 213.59
239.27 190.87
230.38 191.36
274.82 184.94
266.43 183.96
326.67 186.92
312.85 174.57
349.88 200.25
348.40 186.43
369.14 184.94
383.96 169.14
399.27 164.20
406.18 180.50
428.90 178.52
420.99 161.24
430.38 158.77
435.81 152.85
444.20 148.90
455.07 157.29
467.91 162.72
488.65 173.09
507.91 173.09
500.01 176.06
497.04 159.76
522.23 146.43
507.91 135.56
493.09 140.01
489.64 148.90
480.75 150.38
470.87 141.98
462.97 141.98
405.69 152.85
421.49 141.98
395.31 149.39
367.17 151.86
355.31 157.29
335.56 170.13
313.34 166.18
283.71 177.04
276.80 174.57
247.17 173.09
235.81 170.13
240.25 162.72
202.72 171.61
197.78 165.69
170.13 186.43
140.01 192.85
140.99 182.97
131.12 182.48
111.86 170.13
73.34 169.14
77.78 169.14
42.72 180.01
16.55 210.62
34.82 218.03
9.64 204.20
0.75 189.39
3.22 166.67
4.20 157.29
39.27 156.80
124.20 161.73
122.72 144.45
160.25 161.24
139.02 140.50
171.61 133.09
186.92 137.54
221.49 140.01
235.31 138.52
259.02 156.80
266.92 152.35
261.98 147.41
273.83 146.92
268.40 140.50
265.93 130.13
256.55 121.24
195.31 122.72
229.88 120.25
246.67 114.82
265.44 118.28
276.30 120.25
285.19 130.13
293.59 149.39
311.36 152.85
325.69 157.29
345.44 145.44
359.27 141.98
387.41 136.06
368.15 132.10
367.17 126.67
349.88 119.76
329.64 126.18
325.69 124.20
303.46 123.22
297.54 121.24
287.66 117.29
298.52 109.88
310.38 114.33
322.23 106.92
331.12 108.40
342.97 119.76
340.99 105.93
380.01 118.77
410.13 133.09
402.72 126.18
399.27 115.31
389.39 109.39
412.60 120.75
419.51 118.28
445.69 136.06
436.80 132.10
438.28 123.71
451.12 132.60
454.08 120.25
463.96 124.70
467.41 117.29
472.35 114.82
487.66 125.69
506.92 124.70
519.27 114.33
505.44 112.35
495.56 108.40
484.20 114.82
454.08 114.33
455.07 107.91
459.02 103.96
459.51 86.67
469.39 79.27
477.29 75.81
493.59 69.88
501.49 71.86
510.38 72.85
518.28 70.38
516.30 80.75
502.97 82.23
493.59 78.28
490.62 88.15
479.76 96.55
476.30 106.43
483.22 104.94
525.19 73.34
527.17 81.24
434.82 66.92
426.92 72.85
423.46 79.76
414.08 72.85
400.75 73.34
394.33 68.90
385.93 69.88
382.97 73.83
375.07 74.33
390.38 87.17
400.25 89.64
386.43 94.57
397.29 102.97
378.03 89.14
363.71 74.33
350.87 72.85
353.83 77.29
365.69 88.15
359.76 90.13
351.86 88.15
347.41 80.75
344.45 76.30
325.19 67.91
332.60 88.15
337.04 93.59
326.67 94.57
308.90 95.07
297.04 82.23
293.59 97.54
286.18 103.46
276.30 98.52
267.91 96.06
251.61 73.34
246.67 82.23
234.33 84.20
317.29 96.55
256.06 106.43
256.06 100.50
229.88 92.10
229.88 86.67
233.34 99.51
241.24 105.93
244.20 101.49
219.02 95.56
212.60 89.64
204.70 88.65
217.04 108.40
212.60 103.46
30.38 174.57
64.45 147.91
44.70 148.40
53.59 137.54
28.90 143.46
9.64 147.41
9.14 138.03
1.73 131.61
20.99 136.06
46.67 126.18
36.30 124.70
25.44 123.22
15.56 118.28
19.51 94.08
27.41 97.54
36.30 96.55
102.48 140.99
112.35 137.04
136.55 124.70
161.24 122.72
169.14 123.22
170.62 118.77
180.99 110.87
198.28 106.92
183.46 89.64
187.91 91.61
160.25 89.14
171.12 95.56
159.27 100.99
90.13 86.67
103.46 86.67
114.82 85.69
110.38 124.20
124.20 121.73
146.92 111.86
154.33 115.81
144.94 100.99
153.83 100.99
144.45 95.07
125.19 96.06
119.76 100.99
57.54 115.31
79.27 113.83
97.54 120.25
82.72 107.41
94.57 115.81
93.09 100.99
64.94 120.25
52.10 104.94
41.73 110.87
80.75 95.56
39.76 102.80
30.77 111.19
34.97 114.79
15.78 104.60
3.80 104.60
8.59 103.40
5.59 112.99
8.59 114.79
8.59 108.79
3.20 94.41
9.79 93.81
13.99 90.21
109.89 103.40
112.89 109.99
109.29 96.20
114.69 96.20
114.69 92.61
121.28 92.01
120.08 88.41
127.27 91.41
91.31 93.21
91.31 90.21
85.32 95.60
83.52 98.60
87.11 101.60
101.50 106.39
101.50 111.79
103.30 114.79
128.47 108.19
141.06 130.97
260.34 61.44
265.14 62.04
274.13 392.31
578.62 226.87
600.20 216.68
558.24 274.23
561.84 190.91
572.03 180.72
533.67 208.29
542.06 188.51
542.66 174.73
533.07 159.74
556.44 151.35
545.65 135.17
572.63 132.77
573.83 159.14
578.62 154.95
594.81 158.54
594.81 129.17
529.47 127.37
536.66 112.39
543.26 115.98
544.46 119.58
552.25 118.38
559.44 108.79
569.63 114.79
584.62 102.80
598.40 102.20
576.22 80.62
566.63 85.42
561.24 80.62
540.26 66.83
527.67 66.23
518.68 59.04
516.88 55.45
521.08 53.65
535.47 53.65
538.46 53.65
555.84 55.45
556.44 67.43
561.24 66.83
576.82 45.85
587.01 44.66
581.62 36.86
587.61 50.65
586.41 60.24
593.01 59.04
588.81 54.85
599.00 57.84
586.41 69.23
596.00 68.63
554.05 78.22
548.05 72.23
565.44 136.36
534.87 344.36
380.82 136.96
54.75 171.73
144.06 214.89
242.96 142.36
250.15 274.83
581.62 65.63
283.12 -46.45
444.36 65.63
451.55 62.64
