22.70 288.22
61.22 289.20
122.94 305.50
250.85 307.97
278.99 312.41
299.73 278.34
168.87 295.62
318.50 221.55
220.72 276.36
231.09 242.78
190.60 257.10
107.14 262.54
75.54 263.03
50.85 236.36
91.34 229.94
118.99 232.41
148.13 232.91
165.91 223.03
204.92 211.18
265.17 210.69
285.41 211.67
296.28 199.33
318.01 182.54
294.80 162.78
234.55 180.56
224.18 178.59
145.66 202.78
105.66 213.15
106.65 185.50
79.49 201.30
81.46 217.10
18.25 210.69
92.33 178.59
177.27 155.87
168.38 156.36
212.82 149.94
204.43 148.96
264.67 151.92
250.85 139.57
287.88 165.25
286.40 151.43
307.14 149.94
305.17 116.86
293.31 122.29
273.56 135.13
251.34 131.18
221.71 142.04
214.80 139.57
185.17 138.09
173.81 135.13
178.25 127.72
140.72 136.61
135.78 130.69
108.13 151.43
78.01 157.85
78.99 147.97
69.12 147.48
49.86 135.13
11.34 134.14
15.78 134.14
62.20 126.73
60.72 109.45
98.25 126.24
77.02 105.50
109.61 98.09
124.92 102.54
159.49 105.01
173.31 103.52
197.02 121.80
204.92 117.35
199.98 112.41
211.83 111.92
206.40 105.50
203.93 95.13
194.55 86.24
133.31 87.72
167.88 85.25
184.67 79.82
203.44 83.28
214.30 85.25
223.19 95.13
231.59 114.39
249.36 117.85
263.69 122.29
283.44 110.44
297.27 106.98
306.15 97.10
305.17 91.67
287.88 84.76
267.64 91.18
263.69 89.20
241.46 88.22
235.54 86.24
225.66 82.29
236.52 74.88
248.38 79.33
260.23 71.92
269.12 73.40
280.97 84.76
278.99 70.93
318.01 83.77
313.07 39.33
316.03 54.14
301.71 39.33
288.87 37.85
291.83 42.29
303.69 53.15
297.76 55.13
289.86 53.15
285.41 45.75
282.45 41.30
263.19 32.91
270.60 53.15
275.04 58.59
264.67 59.57
246.90 60.07
235.04 47.23
231.59 62.54
224.18 68.46
214.30 63.52
205.91 61.06
189.61 38.34
184.67 47.23
172.33 49.20
255.29 61.55
194.06 71.43
194.06 65.50
167.88 57.10
167.88 51.67
171.34 64.51
179.24 70.93
182.20 66.49
157.02 60.56
150.60 54.64
142.70 53.65
155.04 73.40
150.60 68.46
2.45 112.91
40.48 105.99
50.35 102.04
74.55 89.70
99.24 87.72
107.14 88.22
108.62 83.77
118.99 75.87
136.28 71.92
121.46 54.64
125.91 56.61
98.25 54.14
109.12 60.56
97.27 65.99
28.13 51.67
41.46 51.67
52.82 50.69
48.38 89.20
62.20 86.73
84.92 76.86
92.33 80.81
82.94 65.99
91.83 65.99
82.45 60.07
63.19 61.06
57.76 65.99
17.27 78.83
35.54 85.25
20.72 72.41
32.57 80.81
31.09 65.99
2.94 85.25
18.75 60.56
47.89 68.40
50.89 74.99
47.29 61.20
52.69 61.20
52.69 57.61
59.28 57.01
58.08 53.41
65.27 56.41
29.31 58.21
29.31 55.21
23.32 60.60
21.52 63.60
25.11 66.60
39.50 71.39
39.50 76.79
41.30 79.79
66.47 73.19
79.06 95.97
198.34 26.44
203.14 27.04
318.82 101.96
82.06 179.89
180.96 107.36
188.15 239.83
