87.73 306.34
126.25 313.25
171.19 295.97
224.52 282.64
253.17 248.56
224.03 246.09
194.90 234.24
130.20 262.39
106.50 249.55
8.72 304.36
19.09 270.78
53.17 238.69
73.41 239.67
84.28 227.33
117.86 237.20
120.33 213.99
139.09 219.92
150.94 226.34
166.75 225.85
168.23 210.04
196.87 213.01
216.13 226.83
229.46 203.62
217.12 184.86
198.85 177.45
154.40 190.78
140.08 206.09
134.15 200.17
106.01 210.54
82.80 190.78
22.55 208.56
12.18 206.59
0.82 177.94
52.67 179.92
38.85 167.57
75.88 193.25
74.40 179.43
95.14 177.94
109.96 162.14
125.27 157.20
132.18 173.50
154.90 171.52
146.99 154.24
156.38 151.77
161.81 145.85
170.20 141.90
181.07 150.29
193.91 155.72
214.65 166.09
233.91 166.09
226.01 169.06
223.04 152.76
248.23 139.43
233.91 128.56
219.09 133.01
215.64 141.90
206.75 143.38
196.87 134.98
188.97 134.98
131.69 145.85
147.49 134.98
121.31 142.39
93.17 144.86
81.31 150.29
61.56 163.13
39.34 159.18
9.71 170.04
2.80 167.57
2.30 113.25
11.19 123.13
19.59 142.39
37.36 145.85
51.69 150.29
71.44 138.44
85.27 134.98
113.41 129.06
94.15 125.10
93.17 119.67
75.88 112.76
55.64 119.18
51.69 117.20
29.46 116.22
23.54 114.24
13.66 110.29
24.52 102.88
36.38 107.33
48.23 99.92
57.12 101.40
68.97 112.76
66.99 98.93
106.01 111.77
136.13 126.09
128.72 119.18
125.27 108.31
115.39 102.39
138.60 113.75
145.51 111.28
171.69 129.06
162.80 125.10
164.28 116.71
177.12 125.60
180.08 113.25
189.96 117.70
193.41 110.29
198.35 107.82
213.66 118.69
232.92 117.70
245.27 107.33
231.44 105.35
221.56 101.40
210.20 107.82
180.08 107.33
181.07 100.91
185.02 96.96
185.51 79.67
195.39 72.27
203.29 68.81
219.59 62.88
227.49 64.86
236.38 65.85
244.28 63.38
242.30 73.75
228.97 75.23
219.59 71.28
216.62 81.15
205.76 89.55
202.30 99.43
209.22 97.94
251.19 66.34
253.17 74.24
160.82 59.92
152.92 65.85
149.46 72.76
140.08 65.85
126.75 66.34
120.33 61.90
111.93 62.88
108.97 66.83
101.07 67.33
116.38 80.17
126.25 82.64
112.43 87.57
123.29 95.97
104.03 82.14
89.71 67.33
76.87 65.85
79.83 70.29
91.69 81.15
85.76 83.13
77.86 81.15
73.41 73.75
70.45 69.30
51.19 60.91
58.60 81.15
63.04 86.59
52.67 87.57
34.90 88.07
23.04 75.23
19.59 90.54
12.18 96.46
2.30 91.52
43.29 89.55
304.62 219.87
284.24 267.23
287.84 183.91
298.03 173.72
259.67 201.29
268.06 181.51
268.66 167.73
259.07 152.74
282.44 144.35
271.65 128.17
298.63 125.77
299.83 152.14
304.62 147.95
255.47 120.37
262.66 105.39
269.26 108.98
270.46 112.58
278.25 111.38
285.44 101.79
295.63 107.79
310.62 95.80
302.22 73.62
292.63 78.42
287.24 73.62
266.26 59.83
253.67 59.23
244.68 52.04
242.88 48.45
247.08 46.65
261.47 46.65
264.46 46.65
281.84 48.45
282.44 60.43
287.24 59.83
302.82 38.85
313.01 37.66
307.62 29.86
313.61 43.65
312.41 53.24
319.01 52.04
314.81 47.85
312.41 62.23
280.05 71.22
274.05 65.23
291.44 129.36
106.82 129.96
307.62 58.63
170.36 58.63
177.55 55.64
