560.73 354.33
537.03 363.22
515.30 323.22
476.78 324.20
415.06 340.50
363.70 355.81
287.15 342.97
259.01 347.41
238.27 313.34
199.75 320.25
170.12 380.01
161.72 350.38
369.13 330.62
154.81 302.97
101.48 289.64
72.83 361.73
72.83 255.56
101.97 253.09
131.10 241.24
195.80 269.39
219.50 256.55
317.28 311.36
306.91 277.78
347.40 292.10
430.86 297.54
462.46 298.03
487.15 271.36
446.66 264.94
419.01 267.41
389.87 267.91
372.09 258.03
333.08 246.18
272.83 245.69
252.59 246.67
241.72 234.33
208.14 244.20
205.67 220.99
186.91 226.92
175.06 233.34
159.25 232.85
157.77 217.04
129.13 220.01
109.87 233.83
96.54 210.62
108.88 191.86
127.15 184.45
171.60 197.78
185.92 213.09
191.85 207.17
219.99 217.54
243.20 197.78
303.45 215.56
313.82 213.59
392.34 237.78
432.34 248.15
431.35 220.50
458.51 236.30
456.54 252.10
519.75 245.69
567.65 246.18
589.87 248.15
543.94 228.90
561.23 230.87
445.67 213.59
360.73 190.87
369.62 191.36
325.18 184.94
333.57 183.96
273.33 186.92
287.15 174.57
250.12 200.25
251.60 186.43
230.86 184.94
216.04 169.14
200.73 164.20
193.82 180.50
171.10 178.52
179.01 161.24
169.62 158.77
164.19 152.85
155.80 148.90
144.93 157.29
132.09 162.72
111.35 173.09
92.09 173.09
99.99 176.06
102.96 159.76
77.77 146.43
92.09 135.56
106.91 140.01
110.36 148.90
119.25 150.38
129.13 141.98
137.03 141.98
194.31 152.85
178.51 141.98
204.69 149.39
232.83 151.86
244.69 157.29
264.44 170.13
286.66 166.18
316.29 177.04
323.20 174.57
352.83 173.09
364.19 170.13
359.75 162.72
397.28 171.61
402.22 165.69
429.87 186.43
459.99 192.85
459.01 182.97
468.88 182.48
488.14 170.13
526.66 169.14
522.22 169.14
557.28 180.01
583.45 210.62
565.18 218.03
590.36 204.20
599.25 189.39
596.78 166.67
595.80 157.29
560.73 156.80
475.80 161.73
477.28 144.45
439.75 161.24
460.98 140.50
428.39 133.09
413.08 137.54
378.51 140.01
364.69 138.52
340.98 156.80
333.08 152.35
338.02 147.41
326.17 146.92
331.60 140.50
334.07 130.13
343.45 121.24
404.69 122.72
370.12 120.25
353.33 114.82
334.56 118.28
323.70 120.25
314.81 130.13
306.41 149.39
288.64 152.85
274.31 157.29
254.56 145.44
240.73 141.98
212.59 136.06
231.85 132.10
232.83 126.67
250.12 119.76
270.36 126.18
274.31 124.20
296.54 123.22
302.46 121.24
312.34 117.29
301.48 109.88
289.62 114.33
277.77 106.92
268.88 108.40
257.03 119.76
259.01 105.93
219.99 118.77
189.87 133.09
197.28 126.18
200.73 115.31
210.61 109.39
187.40 120.75
180.49 118.28
154.31 136.06
163.20 132.10
161.72 123.71
148.88 132.60
145.92 120.25
136.04 124.70
132.59 117.29
127.65 114.82
112.34 125.69
93.08 124.70
80.73 114.33
94.56 112.35
104.44 108.40
115.80 114.82
145.92 114.33
144.93 107.91
140.98 103.96
140.49 86.67
130.61 79.27
122.71 75.81
106.41 69.88
98.51 71.86
89.62 72.85
81.72 70.38
83.70 80.75
97.03 82.23
106.41 78.28
109.38 88.15
120.24 96.55
123.70 106.43
116.78 104.94
74.81 73.34
72.83 81.24
165.18 66.92
173.08 72.85
176.54 79.76
185.92 72.85
199.25 73.34
205.67 68.90
214.07 69.88
217.03 73.83
224.93 74.33
209.62 87.17
199.75 89.64
213.57 94.57
202.71 102.97
221.97 89.14
236.29 74.33
249.13 72.85
246.17 77.29
234.31 88.15
240.24 90.13
248.14 88.15
252.59 80.75
255.55 76.30
274.81 67.91
267.40 88.15
262.96 93.59
273.33 94.57
291.10 95.07
302.96 82.23
306.41 97.54
313.82 103.46
323.70 98.52
332.09 96.06
348.39 73.34
353.33 82.23
365.67 84.20
282.71 96.55
343.94 106.43
343.94 100.50
370.12 92.10
370.12 86.67
366.66 99.51
358.76 105.93
355.80 101.49
380.98 95.56
387.40 89.64
395.30 88.65
382.96 108.40
387.40 103.46
569.62 174.57
535.55 147.91
555.30 148.40
546.41 137.54
571.10 143.46
590.36 147.41
590.86 138.03
598.27 131.61
579.01 136.06
553.33 126.18
563.70 124.70
574.56 123.22
584.44 118.28
580.49 94.08
572.59 97.54
563.70 96.55
497.52 140.99
487.65 137.04
463.45 124.70
438.76 122.72
430.86 123.22
429.38 118.77
419.01 110.87
401.72 106.92
416.54 89.64
412.09 91.61
439.75 89.14
428.88 95.56
440.73 100.99
509.87 86.67
496.54 86.67
485.18 85.69
489.62 124.20
475.80 121.73
453.08 111.86
445.67 115.81
455.06 100.99
446.17 100.99
455.55 95.07
474.81 96.06
480.24 100.99
542.46 115.31
520.73 113.83
502.46 120.25
517.28 107.41
505.43 115.81
506.91 100.99
535.06 120.25
547.90 104.94
558.27 110.87
519.25 95.56
560.24 102.80
569.23 111.19
565.03 114.79
584.22 104.60
596.20 104.60
591.41 103.40
594.41 112.99
591.41 114.79
591.41 108.79
596.80 94.41
590.21 93.81
586.01 90.21
490.11 103.40
487.11 109.99
490.71 96.20
485.31 96.20
485.31 92.61
478.72 92.01
479.92 88.41
472.73 91.41
508.69 93.21
508.69 90.21
514.68 95.60
516.48 98.60
512.89 101.60
498.50 106.39
498.50 111.79
496.70 114.79
471.53 108.19
458.94 130.97
339.66 61.44
334.86 62.04
325.87 392.31
21.38 226.87
-0.20 216.68
41.76 274.23
38.16 190.91
27.97 180.72
66.33 208.29
57.94 188.51
57.34 174.73
66.93 159.74
43.56 151.35
54.35 135.17
27.37 132.77
26.17 159.14
21.38 154.95
5.19 158.54
5.19 129.17
70.53 127.37
63.34 112.39
56.74 115.98
55.54 119.58
47.75 118.38
40.56 108.79
30.37 114.79
15.38 102.80
1.60 102.20
23.78 80.62
33.37 85.42
38.76 80.62
59.74 66.83
72.33 66.23
81.32 59.04
83.12 55.45
78.92 53.65
64.53 53.65
61.54 53.65
44.16 55.45
43.56 67.43
38.76 66.83
23.18 45.85
12.99 44.66
18.38 36.86
12.39 50.65
13.59 60.24
6.99 59.04
11.19 54.85
1.00 57.84
13.59 69.23
4.00 68.63
45.95 78.22
51.95 72.23
34.56 136.36
65.13 344.36
219.18 136.96
545.25 171.73
455.94 214.89
357.04 142.36
349.85 274.83
18.38 65.63
316.88 -46.45
155.64 65.63
148.45 62.64
