82.70 319.22
280.72 307.36
291.09 273.78
250.60 288.10
167.14 293.54
135.54 294.03
110.85 267.36
151.34 260.94
178.99 263.41
208.13 263.91
225.91 254.03
264.92 242.18
294.55 211.56
284.18 209.59
205.66 233.78
165.66 244.15
166.65 216.50
139.49 232.30
141.46 248.10
78.25 241.69
30.35 242.18
8.13 244.15
54.06 224.90
36.77 226.87
152.33 209.59
237.27 186.87
228.38 187.36
272.82 180.94
264.43 179.96
310.85 170.57
311.34 162.18
281.71 173.04
274.80 170.57
245.17 169.09
233.81 166.13
238.25 158.72
200.72 167.61
195.78 161.69
168.13 182.43
138.01 188.85
138.99 178.97
129.12 178.48
109.86 166.13
71.34 165.14
75.78 165.14
40.72 176.01
14.55 206.62
32.82 214.03
7.64 200.20
1.22 162.67
2.20 153.29
37.27 152.80
122.20 157.73
120.72 140.45
158.25 157.24
137.02 136.50
169.61 129.09
184.92 133.54
219.49 136.01
233.31 134.52
257.02 152.80
264.92 148.35
259.98 143.41
271.83 142.92
266.40 136.50
263.93 126.13
254.55 117.24
193.31 118.72
227.88 116.25
244.67 110.82
263.44 114.28
274.30 116.25
283.19 126.13
291.59 145.39
309.36 148.85
301.46 119.22
295.54 117.24
285.66 113.29
296.52 105.88
308.38 110.33
306.90 91.07
295.04 78.23
291.59 93.54
284.18 99.46
274.30 94.52
265.91 92.06
249.61 69.34
244.67 78.23
232.33 80.20
315.29 92.55
254.06 102.43
254.06 96.50
227.88 88.10
227.88 82.67
231.34 95.51
239.24 101.93
242.20 97.49
217.02 91.56
210.60 85.64
202.70 84.65
215.04 104.40
210.60 99.46
28.38 170.57
62.45 143.91
42.70 144.40
51.59 133.54
26.90 139.46
7.64 143.41
7.14 134.03
18.99 132.06
44.67 122.18
34.30 120.70
23.44 119.22
13.56 114.28
17.51 90.08
25.41 93.54
34.30 92.55
100.48 136.99
110.35 133.04
134.55 120.70
159.24 118.72
167.14 119.22
168.62 114.77
178.99 106.87
196.28 102.92
181.46 85.64
185.91 87.61
158.25 85.14
169.12 91.56
157.27 96.99
88.13 82.67
101.46 82.67
112.82 81.69
108.38 120.20
122.20 117.73
144.92 107.86
152.33 111.81
142.94 96.99
151.83 96.99
142.45 91.07
123.19 92.06
117.76 96.99
55.54 111.31
77.27 109.83
95.54 116.25
80.72 103.41
92.57 111.81
91.09 96.99
62.94 116.25
50.10 100.94
39.73 106.87
78.75 91.56
37.76 98.80
28.77 107.19
32.97 110.79
13.78 100.60
1.80 100.60
6.59 99.40
3.59 108.99
6.59 110.79
6.59 104.79
1.20 90.41
7.79 89.81
11.99 86.21
107.89 99.40
110.89 105.99
107.29 92.20
112.69 92.20
112.69 88.61
119.28 88.01
118.08 84.41
125.27 87.41
89.31 89.21
89.31 86.21
83.32 91.60
81.52 94.60
85.11 97.60
99.50 102.39
99.50 107.79
101.30 110.79
126.47 104.19
139.06 126.97
258.34 57.44
263.14 58.04
52.75 167.73
142.06 210.89
240.96 138.36
248.15 270.83
