125.06 325.59
105.52 351.65
83.80 346.22
42.54 328.85
19.74 351.65
29.52 404.85
57.75 385.31
90.32 422.23
70.78 452.63
105.52 467.83
141.35 447.20
167.41 467.83
190.21 461.32
192.38 498.23
148.95 513.43
112.04 517.78
72.95 544.92
50.15 511.26
18.66 483.03
18.66 450.46
201.07 543.84
255.36 503.66
264.05 468.92
237.99 424.40
266.22 412.45
538.75 523.21
466.00 540.58
430.17 521.03
459.49 480.86
437.77 477.60
428.00 446.11
473.60 435.26
334.62 541.66
355.25 515.60
325.94 502.58
344.39 465.66
313.99 437.43
291.19 433.08
3.46 256.10
27.34 296.28
2.37 315.82
23.00 325.59
88.15 271.30
107.69 283.25
122.89 308.22
133.75 263.70
156.55 285.42
175.01 286.50
204.33 260.44
234.73 271.30
210.84 283.25
220.61 306.05
221.70 324.51
190.21 328.85
253.19 347.31
241.24 347.31
269.47 308.22
296.62 310.39
307.48 271.30
324.85 271.30
284.68 271.30
252.10 226.78
258.62 177.92
273.82 190.95
284.68 201.81
290.10 187.70
305.31 173.58
293.36 163.81
315.08 149.69
335.71 139.92
320.51 185.52
333.54 185.52
341.14 206.15
354.17 222.44
379.14 183.35
357.42 181.18
390.00 149.69
416.06 158.38
432.34 135.58
431.26 168.15
454.06 155.12
449.72 132.32
480.12 206.15
468.17 226.78
451.89 252.84
452.97 283.25
495.32 271.30
523.55 256.10
532.24 271.30
534.41 287.59
531.15 269.13
421.49 293.02
407.37 269.13
421.49 324.51
413.89 369.02
167.41 369.02
144.61 376.62
144.61 400.51
195.64 389.65
210.84 371.19
294.45 374.45
256.45 285.42
8.05 189.60
8.05 164.08
9.13 133.68
22.70 129.33
53.11 123.91
42.79 140.19
74.82 149.96
86.22 166.25
78.08 162.99
55.28 165.71
81.34 191.77
49.31 185.25
29.76 182.00
47.13 99.48
34.65 102.73
10.76 101.10
29.76 54.96
14.56 0.13
44.96 2.84
348.44 47.90
340.84 31.61
325.64 37.04
306.10 28.90
281.12 32.70
267.01 36.50
246.38 29.44
261.58 56.04
248.01 63.64
219.23 65.27
220.32 45.73
216.52 34.33
195.34 29.44
160.06 41.93
125.31 35.96
82.42 29.44
101.42 29.44
94.91 40.84
113.91 53.33
121.51 67.44
150.83 65.82
113.91 93.50
93.28 99.48
103.05 66.36
80.79 63.64
67.76 46.81
72.11 58.22
66.14 76.67
45.51 59.84
94.91 120.65
90.02 134.76
107.40 153.77
119.88 148.88
111.74 143.45
264.84 217.28
233.89 197.20
121.51 187.97
112.82 177.65
131.28 180.37
75.36 98.93
82.97 316.09
526.02 88.07
533.08 61.47
533.62 47.36
541.22 33.24
531.45 233.57
541.76 236.29
411.47 147.79
403.87 136.39
393.55 85.36
396.27 62.56
368.58 59.84
372.38 51.70
359.89 38.67
384.86 30.53
539.59 89.70
527.89 476.52
518.12 423.31
506.18 395.08
425.83 63.64
442.12 54.96
448.09 60.39
461.66 44.64
467.09 32.70
495.32 26.73
512.15 42.47
519.75 28.36
521.38 37.04
449.17 88.07
443.74 99.48
424.20 85.36
373.17 98.93
339.51 98.93
349.28 110.88
435.60 125.53
484.46 101.10
506.21 267.96
487.15 53.91
477.95 60.04
505.57 63.11
508.64 98.92
17.61 43.68
29.88 43.68
170.03 68.23
182.31 61.07
176.17 48.79
169.01 113.24
161.85 98.92
142.41 99.94
6.35 514.25
469.76 307.60
509.66 236.00
426.80 32.42
445.21 31.40
408.38 31.40
408.38 48.79
77.96 222.70
64.66 210.42
108.65 233.95
66.71 274.87
352.12 167.46
84.10 246.23
220.16 234.97
196.63 210.42
189.47 198.15
278.47 231.90
247.78 251.34
198.67 95.85
210.95 85.62
228.34 96.87
233.46 88.69
240.62 45.72
306.09 236.00
324.50 225.77
236.52 181.78
32.95 208.38
403.27 96.87
540.35 138.81
265.13 256.10
430.74 184.05
438.92 208.60
180.41 88.61
193.96 67.89
