476.34 474.66
526.28 467.06
543.66 409.52
503.48 386.71
454.62 405.17
385.13 385.63
339.53 372.60
314.56 353.06
330.84 315.05
356.90 330.25
350.39 290.08
331.93 274.88
310.21 239.05
298.27 467.06
300.44 427.97
253.75 456.21
261.35 497.47
181.00 473.58
145.17 454.03
174.49 413.86
152.77 410.60
143.00 379.11
188.60 368.26
129.97 498.55
49.62 474.66
17.05 486.61
70.25 448.60
40.94 435.58
59.39 398.66
28.99 370.43
6.19 366.08
11.62 243.39
22.48 204.30
39.85 204.30
5.10 120.70
20.31 106.58
8.36 96.81
30.08 82.69
50.71 72.92
35.51 118.52
48.54 118.52
56.14 139.15
69.17 155.44
94.14 116.35
72.42 114.18
105.00 82.69
131.06 91.38
147.34 68.58
146.26 101.15
169.06 88.12
164.72 65.32
195.12 139.15
183.17 159.78
166.89 185.84
167.97 216.25
210.32 204.30
238.55 189.10
247.24 204.30
249.41 220.59
246.15 202.13
283.07 196.70
278.72 178.24
136.49 226.02
122.37 202.13
136.49 257.51
128.89 302.02
371.02 164.13
355.82 146.76
360.16 132.64
395.99 134.81
410.10 127.21
430.73 127.21
443.76 139.15
457.88 132.64
464.39 164.13
476.34 147.84
500.23 155.44
502.40 239.05
486.11 277.05
367.76 257.51
355.82 226.02
284.15 216.25
343.87 181.50
331.93 209.73
533.89 155.44
9.45 307.45
241.02 21.07
246.45 166.57
256.76 169.29
290.42 155.71
295.31 129.11
373.48 151.91
126.47 80.79
118.87 69.39
108.55 18.36
297.48 31.93
284.99 25.96
254.59 22.70
324.62 34.10
330.05 24.88
360.45 30.30
370.77 40.08
370.77 58.53
344.71 54.73
334.40 76.99
352.85 72.11
337.11 67.22
317.02 66.68
313.77 59.62
385.97 74.28
402.80 66.14
412.57 76.99
358.28 91.11
356.65 116.08
472.93 17.76
442.16 16.96
423.98 18.55
365.59 503.98
407.93 467.06
375.36 465.98
242.89 409.52
233.12 356.31
221.18 328.08
164.17 21.07
158.74 32.48
139.20 18.36
88.17 31.93
54.51 31.93
64.28 43.88
150.60 58.53
199.46 34.10
544.74 78.35
501.31 63.15
437.72 34.67
468.65 34.97
472.64 45.69
471.41 62.54
447.52 58.56
433.13 79.07
421.19 112.46
453.34 125.32
437.11 110.01
387.19 111.54
303.28 93.47
285.21 89.49
285.52 125.01
509.69 140.94
483.97 112.46
494.38 121.64
221.21 200.96
525.20 174.99
223.64 31.92
184.76 240.60
224.66 169.00
509.05 87.16
515.18 112.73
492.68 91.25
496.77 32.94
67.12 100.46
21.09 169.00
39.50 158.77
118.27 29.87
255.35 71.81
542.80 94.32
511.09 72.84
385.27 193.55
390.38 179.23
374.01 93.30
525.20 25.15
145.74 117.05
153.92 141.60
285.44 401.42
