80.96 370.77
123.53 383.87
8.93 359.31
51.50 351.95
31.85 321.66
5.66 303.65
22.03 285.64
4.02 271.73
90.79 315.11
91.61 336.39
110.43 293.83
142.36 308.56
192.29 297.92
180.83 348.67
232.40 348.67
387.92 360.95
336.35 360.95
315.89 340.49
288.06 295.47
261.86 283.19
293.79 268.46
289.69 247.99
248.77 252.08
157.91 257.00
192.29 247.99
169.37 243.90
217.66 254.54
201.29 230.80
189.01 227.53
217.66 198.88
399.38 315.93
356.81 302.02
377.28 243.08
346.99 285.64
405.11 278.28
258.59 193.97
283.14 214.23
266.36 213.00
265.55 222.00
294.60 228.96
269.64 237.56
319.57 184.35
322.44 182.71
325.71 190.49
329.39 182.71
322.84 210.13
317.93 203.18
301.97 214.23
291.74 213.41
291.74 201.54
283.14 199.08
270.87 206.45
280.28 186.81
298.70 188.44
309.75 194.58
331.03 214.64
344.95 214.23
342.49 208.50
346.58 204.40
339.62 199.08
332.67 201.54
347.40 197.45
347.40 187.62
344.54 178.62
336.35 180.26
343.31 182.71
352.72 182.71
340.44 185.58
369.09 217.09
359.68 212.18
350.27 226.10
353.95 210.13
326.94 223.23
381.37 228.14
401.83 222.00
393.24 215.86
383.42 214.64
334.30 189.26
370.73 184.76
394.88 208.50
401.42 202.77
210.29 197.04
356.81 188.85
373.18 193.35
367.05 195.81
404.70 194.17
393.65 201.95
383.42 197.45
394.06 194.58
385.46 188.85
371.96 179.85
365.41 172.07
370.73 174.12
378.10 174.94
362.13 179.85
331.03 175.35
407.04 184.38
404.84 174.37
394.70 188.05
383.95 181.91
379.35 186.00
386.00 177.82
399.30 187.02
