626.20 342.02
633.92 349.32
609.97 345.67
621.74 353.38
632.70 362.72
616.87 363.53
605.10 357.03
581.97 329.03
596.17 333.50
583.59 338.37
573.04 335.12
566.55 317.67
562.08 331.87
558.83 323.35
608.35 377.33
603.07 369.62
592.52 376.11
601.04 382.60
607.13 388.28
619.71 379.76
631.07 377.73
631.07 395.59
633.92 411.01
615.65 407.36
598.61 402.49
596.17 393.97
582.37 382.60
579.94 394.37
574.66 387.47
572.63 376.11
579.53 365.96
577.91 371.64
565.33 363.12
558.83 344.86
545.85 356.22
542.60 364.75
536.92 356.22
552.34 355.41
543.01 343.64
550.31 334.31
543.82 322.54
553.15 324.57
549.50 304.68
551.53 316.04
561.27 299.81
549.91 294.53
540.17 295.35
531.64 293.32
533.27 305.09
563.30 309.55
503.64 342.83
510.13 331.87
514.60 322.54
524.34 326.60
514.19 342.02
517.84 357.03
517.84 367.59
532.86 369.62
558.02 371.64
555.59 384.63
564.52 389.91
584.81 411.82
593.74 427.25
605.10 439.01
610.78 420.35
621.33 430.90
636.35 440.23
631.07 421.56
589.27 455.65
571.01 457.68
576.29 444.70
580.75 435.77
570.60 424.40
556.81 428.46
539.35 441.86
535.70 452.00
528.40 462.96
561.27 413.85
556.81 404.52
546.66 395.18
540.98 384.23
534.08 398.43
525.15 380.17
532.45 415.88
544.22 413.85
533.67 429.68
519.87 443.07
573.85 406.14
507.29 386.66
504.45 374.08
524.34 396.81
521.09 386.25
509.32 399.65
512.97 410.20
506.48 420.35
494.71 437.39
492.68 453.62
450.88 453.22
463.87 442.26
470.36 424.00
480.91 412.63
492.68 411.01
496.74 400.46
497.55 391.12
411.11 461.34
413.54 445.91
422.88 426.84
437.89 425.62
442.36 417.50
459.00 411.82
471.58 405.33
468.74 393.97
481.72 387.47
490.25 374.49
494.71 367.59
502.83 361.90
497.96 356.22
523.93 341.21
534.48 339.99
534.89 330.65
534.89 320.51
525.56 316.45
379.45 447.13
360.78 454.03
338.87 454.84
342.52 430.90
325.47 442.67
332.37 421.56
346.17 411.82
343.74 398.84
326.69 393.15
357.13 394.78
374.58 422.78
362.81 417.50
376.61 397.62
375.80 409.79
373.36 390.31
390.00 383.01
405.83 408.98
402.58 425.62
421.66 406.14
433.02 403.30
423.69 392.34
459.00 382.60
450.07 399.65
410.70 389.91
403.80 380.98
441.55 380.57
446.42 374.89
469.95 379.76
452.50 366.37
457.37 357.85
469.55 364.75
468.33 351.35
488.62 357.03
481.72 364.75
469.55 344.05
459.00 339.18
472.39 336.34
486.59 343.24
480.91 337.15
486.59 323.75
497.55 316.45
497.15 332.68
501.61 323.35
397.55 474.93
434.89 474.93
465.73 481.43
512.00 480.61
573.69 478.18
635.38 475.74
626.45 469.25
632.13 457.89
561.51 470.87
550.15 486.30
382.94 466.00
368.33 470.87
355.34 482.24
332.62 477.37
310.70 459.51
291.22 476.56
285.54 457.89
262.00 466.81
252.26 483.05
248.20 457.89
273.36 453.02
214.11 469.25
227.10 469.25
205.99 467.63
181.64 477.37
149.99 480.61
122.39 470.06
133.75 476.56
102.10 487.92
88.30 463.57
62.32 484.67
51.77 478.99
28.23 457.89
16.87 453.83
55.02 459.51
50.15 441.65
36.35 435.16
10.38 425.42
25.80 418.93
81.81 435.16
129.69 452.20
123.20 432.72
108.59 429.48
146.74 455.45
158.92 463.57
175.15 438.41
162.97 431.10
145.12 429.48
124.01 402.69
145.12 408.37
154.86 415.68
159.73 404.31
195.44 458.70
205.99 448.96
221.42 448.96
13.62 321.52
12.00 306.10
18.49 327.20
93.60 402.32
110.95 382.14
104.44 369.56
94.46 365.87
90.12 346.57
97.93 337.03
102.05 327.70
95.33 324.66
118.97 394.72
131.77 390.60
147.17 365.87
131.77 364.36
60.84 414.35
84.70 419.13
79.50 402.64
76.03 391.80
78.19 385.72
47.83 405.68
38.28 402.21
17.89 405.24
96.85 384.85
73.86 364.46
59.54 361.86
75.59 350.58
72.12 342.34
69.52 337.13
63.88 325.42
58.67 331.93
53.47 353.19
39.15 382.69
56.94 375.74
50.86 393.10
40.45 366.63
35.25 359.26
33.08 348.41
23.53 343.21
17.03 334.53
22.23 389.63
17.89 377.05
25.27 298.52
35.25 299.39
43.06 287.24
42.62 336.27
38.28 326.72
35.68 322.82
26.14 318.05
28.31 331.49
23.53 351.45
201.40 434.31
193.59 426.93
187.52 414.35
178.41 391.80
167.13 375.74
150.21 385.72
214.41 429.10
214.85 413.05
201.83 404.81
203.57 381.82
199.66 372.71
181.44 371.41
230.47 431.27
236.11 420.86
246.08 425.20
250.42 436.48
269.51 437.35
286.86 433.88
309.85 441.25
315.06 424.33
304.65 418.26
295.10 422.16
275.58 418.26
258.66 407.41
249.99 401.77
236.54 397.87
309.42 393.96
290.77 401.77
271.24 399.17
256.93 391.80
269.08 377.91
253.02 376.61
245.65 370.97
234.80 362.30
220.92 374.44
239.14 385.72
325.47 402.21
302.91 385.72
293.80 370.97
294.24 387.02
276.02 369.67
282.52 365.77
286.43 348.41
287.73 364.90
304.21 367.50
263.00 354.49
254.33 363.60
253.02 349.28
246.52 357.52
230.47 349.28
240.01 343.21
220.49 343.64
208.34 348.41
211.38 366.63
217.88 358.83
192.72 352.32
177.97 349.28
164.96 357.52
181.01 359.69
144.57 358.39
154.11 349.28
146.30 343.21
156.72 340.60
111.17 408.71
195.33 393.53
92.08 359.26
107.69 343.21
111.17 360.56
118.54 365.33
123.31 342.34
131.99 349.28
117.67 326.72
134.59 324.55
144.14 328.46
127.65 316.74
122.44 314.58
118.54 306.77
112.03 316.74
109.00 310.67
32.64 307.20
47.83 311.97
46.96 304.60
85.14 299.83
92.94 294.19
95.11 276.83
98.58 262.95
105.09 262.08
115.50 265.99
124.61 265.99
132.42 264.69
66.92 275.10
11.82 279.87
61.28 290.28
74.72 305.90
78.19 296.36
88.17 313.71
102.92 299.39
113.33 296.36
125.91 301.56
123.31 289.41
152.38 324.12
157.58 331.49
155.85 314.58
166.26 322.38
168.86 331.49
171.90 336.27
160.19 319.35
171.47 320.65
176.24 330.19
27.00 361.86
10.52 370.54
27.44 372.71
197.93 325.42
204.44 319.78
210.51 328.46
210.51 339.30
198.80 346.24
193.16 332.80
183.61 334.53
183.61 327.16
180.58 318.05
172.33 311.97
301.18 351.45
318.53 368.37
321.13 380.52
342.39 384.85
338.05 355.35
332.41 345.38
316.36 338.00
302.48 336.27
299.01 339.30
290.77 330.63
277.32 330.19
322.87 349.71
323.30 358.39
-60.63 374.88
437.70 355.00
438.92 345.67
424.31 345.67
407.26 346.89
409.70 357.03
372.76 367.18
352.07 366.37
337.46 368.80
355.31 343.64
338.27 335.93
435.67 364.75
421.06 364.75
421.87 357.03
450.28 334.31
439.32 328.62
435.67 337.15
261.97 323.15
255.48 314.22
248.98 317.46
235.99 317.46
231.12 325.58
287.13 313.41
290.38 304.48
297.68 315.84
310.67 306.10
313.92 328.83
302.55 324.77
317.98 314.22
319.60 302.85
392.65 363.73
394.27 347.50
370.74 343.44
377.23 345.87
508.72 233.05
515.22 232.24
383.32 316.86
349.23 325.38
359.37 329.03
170.65 302.65
178.77 299.81
188.92 294.13
192.98 306.71
195.41 299.40
204.74 306.71
161.73 264.50
173.09 267.75
266.84 318.88
261.56 332.28
255.88 342.42
258.32 291.69
262.78 284.39
269.27 291.29
276.17 298.59
277.39 310.77
269.27 307.12
256.29 305.90
238.84 308.33
248.98 297.38
248.17 292.50
248.17 283.98
246.95 271.00
207.99 281.95
198.25 276.68
218.54 302.65
223.82 317.26
218.54 322.54
139.81 296.16
154.42 288.85
145.90 280.33
130.88 293.32
134.94 288.85
149.96 305.90
160.10 301.03
161.73 287.63
172.68 286.01
414.97 319.70
380.48 301.03
374.39 307.93
455.56 326.60
457.59 313.20
461.64 319.70
431.21 301.03
414.16 338.37
388.59 339.99
392.65 317.46
401.58 334.51
470.36 303.72
467.73 308.98
474.96 308.98
483.50 308.98
481.53 297.81
507.81 294.52
509.13 306.35
518.32 290.58
526.87 297.15
485.47 285.98
474.30 288.61
476.93 279.41
463.79 278.75
461.82 284.67
469.70 293.21
456.56 295.18
447.36 300.43
439.48 300.43
442.77 285.32
450.65 281.38
444.74 277.44
449.99 268.90
458.53 269.55
432.25 278.10
425.68 274.81
425.03 285.32
430.28 287.95
420.43 294.52
421.74 313.57
433.57 315.55
442.11 312.26
409.26 305.03
413.20 305.03
411.89 289.92
417.80 282.69
417.80 271.52
409.91 277.44
406.63 272.84
399.40 287.95
395.46 280.07
385.60 295.18
379.03 289.26
371.15 281.38
367.21 297.15
367.21 302.41
355.38 292.55
358.01 301.75
343.55 295.84
338.30 304.38
336.33 293.86
329.10 288.61
320.56 293.21
307.42 284.01
315.96 278.10
307.42 270.21
296.25 266.93
285.08 272.84
294.28 281.38
299.53 285.98
285.08 291.89
277.85 286.64
274.57 267.58
267.34 268.24
259.45 267.58
257.48 272.84
294.28 261.67
304.13 259.70
222.66 254.44
200.98 267.58
210.83 272.18
220.03 269.55
222.00 280.07
236.46 272.18
230.54 277.44
235.80 285.98
220.03 288.61
269.31 244.59
264.05 249.84
283.11 247.21
315.30 245.24
325.81 241.96
317.27 260.36
327.79 256.41
321.21 259.70
319.24 274.15
327.13 266.93
336.33 267.58
348.81 269.55
346.18 276.78
337.64 280.07
330.41 279.41
340.93 258.38
344.87 254.44
350.12 254.44
351.44 262.98
357.35 262.33
358.67 281.38
361.95 269.55
374.43 268.90
384.95 269.55
394.15 269.55
394.15 261.67
401.37 261.01
409.26 266.27
409.26 259.70
418.46 261.67
425.68 259.70
430.94 258.38
428.97 266.27
438.82 259.70
446.05 256.41
451.96 256.41
459.85 260.36
448.02 260.36
463.13 255.76
467.73 254.44
471.02 249.84
471.02 241.96
465.76 247.87
465.10 239.33
463.13 229.48
456.56 241.96
459.19 246.56
455.25 249.19
446.71 251.81
446.71 246.56
444.08 250.50
441.45 243.93
435.54 249.84
432.25 243.27
429.62 251.16
425.03 247.21
424.37 252.47
418.46 253.79
419.77 247.21
413.86 249.84
407.94 253.13
407.94 249.19
400.72 252.47
392.83 251.81
391.52 246.56
386.92 246.56
384.95 257.07
392.17 256.41
387.57 261.67
377.06 262.33
378.38 253.79
371.15 252.47
369.84 255.76
362.61 257.07
361.95 251.16
362.61 236.70
354.72 228.16
348.81 231.45
483.50 245.24
482.19 240.64
488.76 239.33
492.04 243.93
509.13 241.96
513.07 238.02
519.64 238.02
524.89 236.05
528.84 230.79
537.38 228.82
522.27 229.48
520.30 222.25
513.72 219.62
491.39 230.13
484.16 234.07
473.65 236.70
474.96 241.96
471.02 260.36
415.17 240.64
