10.65 417.79
52.77 439.47
83.12 518.77
87.46 383.72
175.27 487.79
399.52 537.35
458.99 533.64
543.24 403.54
501.12 368.85
463.95 424.61
492.45 490.27
538.29 449.39
529.61 335.40
428.02 412.22
400.76 412.22
449.08 349.03
497.40 270.98
419.35 326.73
374.74 392.39
322.71 498.94
338.82 456.82
271.91 533.64
249.61 453.10
239.70 407.26
260.76 323.01
332.62 409.74
164.12 446.91
148.02 418.41
148.02 383.72
164.12 342.84
226.07 362.66
218.64 352.75
203.77 323.01
211.20 296.99
258.28 284.60
289.26 320.53
342.53 314.34
342.53 355.23
361.12 336.64
354.92 292.04
322.71 284.60
50.14 329.21
99.70 335.40
102.17 301.95
55.09 289.56
88.55 274.69
118.28 241.24
156.69 258.59
164.12 296.99
138.10 314.34
11.73 318.06
10.49 279.65
1.82 266.02
1.82 217.70
42.70 205.31
63.77 220.18
63.77 257.35
18.08 62.83
24.27 23.80
37.28 10.79
70.12 11.41
46.58 11.41
100.01 1.35
104.65 4.75
109.61 12.81
122.31 2.28
126.95 19.62
135.94 18.69
142.75 15.91
148.94 7.85
143.37 33.87
153.28 36.04
172.79 43.16
183.33 27.99
180.85 75.38
175.58 89.31
163.50 93.34
160.10 117.19
165.67 141.04
142.44 140.11
156.69 133.92
187.35 136.39
130.05 143.52
132.22 99.23
137.17 88.38
139.65 62.68
127.57 60.20
88.24 66.70
57.26 67.94
35.27 121.53
52.62 113.16
34.34 150.33
56.95 140.42
68.72 122.77
93.19 143.21
112.09 122.77
99.70 105.42
113.32 104.18
76.78 94.89
34.96 170.31
39.30 184.25
67.79 185.80
76.78 198.19
91.95 192.92
103.41 169.07
83.28 155.13
135.16 210.58
141.36 188.28
286.00 262.92
263.70 238.76
247.60 220.80
209.81 201.59
195.56 196.64
193.70 182.39
191.84 163.81
192.46 226.99
182.55 246.20
222.20 257.35
253.79 159.47
262.46 189.82
289.72 194.78
297.77 161.33
315.74 208.41
323.79 231.95
358.48 225.13
346.71 254.25
365.30 256.73
374.59 223.28
409.28 229.47
507.16 143.98
512.11 96.28
444.59 107.43
409.90 116.73
381.40 148.94
354.15 157.61
364.68 103.10
318.84 100.62
290.96 94.42
271.14 112.39
256.27 96.28
225.91 139.65
243.26 152.66
149.25 172.17
154.21 155.44
110.54 154.51
206.25 110.84
210.89 131.90
242.49 135.62
195.72 104.34
132.84 102.48
229.94 88.23
242.33 88.23
231.80 96.90
262.77 66.55
278.26 66.55
293.75 62.21
295.61 46.72
274.54 51.06
270.21 36.81
250.38 42.39
233.04 42.39
208.88 46.72
211.98 69.65
194.63 85.13
189.83 76.77
290.34 7.39
300.87 24.73
319.46 37.74
330.61 45.80
337.42 61.90
338.04 86.68
356.01 79.25
364.68 76.15
367.16 58.18
383.26 56.33
373.35 42.70
356.01 44.56
41.93 340.67
348.57 35.88
357.24 18.54
401.69 51.99
400.14 38.36
386.82 40.22
490.28 60.04
450.32 44.87
464.57 33.10
514.13 21.64
497.40 21.64
472.62 7.70
445.37 14.51
451.87 1.50
426.78 1.50
420.59 30.00
405.41 25.04
405.41 12.96
410.67 7.70
349.04 25.35
325.50 34.64
373.82 32.79
352.44 68.41
299.17 82.65
500.58 1.35
488.81 1.35
200.36 67.32
243.26 66.86
