458.54 488.30
494.47 426.97
477.75 363.17
429.43 410.87
372.43 365.64
429.43 332.81
450.49 306.17
488.90 296.26
514.30 258.47
384.20 269.00
348.28 265.29
325.35 306.79
283.23 328.47
252.88 407.77
345.80 235.55
420.75 221.92
483.32 223.78
392.88 211.39
248.54 272.72
409.76 532.90
505.16 168.65
526.22 159.98
196.66 498.21
211.52 462.28
160.73 376.79
107.45 473.43
114.89 544.05
59.13 519.27
13.29 387.94
64.09 422.64
86.39 342.10
96.30 296.26
75.24 212.01
3.38 298.74
171.88 335.91
187.98 307.41
187.98 272.72
171.88 231.84
109.93 251.66
117.36 241.75
132.23 212.01
124.80 185.99
77.72 173.60
46.74 209.53
13.29 173.60
285.86 218.21
236.30 224.40
233.83 190.95
280.91 178.56
247.45 163.69
217.72 130.24
179.31 147.59
171.88 185.99
197.90 203.34
324.27 207.06
534.89 189.71
489.05 141.39
469.23 200.86
439.49 181.04
388.70 177.32
325.51 168.65
334.18 155.02
361.44 150.06
384.98 137.67
375.07 110.42
334.18 106.70
293.30 94.31
272.23 109.18
272.23 146.35
175.90 6.19
170.33 30.04
193.56 29.11
179.31 22.92
148.65 25.39
205.95 32.52
300.73 10.53
283.38 2.16
301.66 39.33
279.05 29.42
267.28 11.77
242.81 32.21
223.91 11.77
446.31 131.79
439.18 113.82
467.06 100.20
459.94 61.48
453.74 44.13
476.35 35.77
422.15 28.34
405.42 33.91
426.48 61.17
436.09 69.84
437.94 84.40
412.86 82.23
394.27 61.17
384.36 49.40
378.78 85.02
390.55 105.15
346.57 74.80
365.78 61.48
350.29 44.75
301.04 59.31
296.70 73.25
268.21 74.80
259.22 87.19
244.05 81.92
232.59 58.07
252.72 44.13
516.77 77.89
503.15 73.56
485.80 76.66
493.85 99.58
509.34 114.44
516.15 126.83
495.09 120.02
489.52 47.54
200.84 99.58
194.64 77.28
50.00 151.92
72.30 127.76
88.40 109.80
126.19 90.59
140.44 85.64
142.30 71.39
144.16 52.81
143.54 115.99
153.45 135.20
113.80 146.35
82.21 48.47
73.54 78.82
46.28 83.78
38.23 50.33
20.26 97.41
12.21 120.95
64.86 1.39
110.09 28.65
92.74 41.66
186.75 61.17
181.79 44.44
225.46 43.51
125.11 20.90
93.51 24.62
294.07 229.67
