54.09 520.31
19.40 485.00
18.78 413.76
108.61 472.61
135.86 520.31
201.53 515.97
218.25 452.17
266.57 499.87
323.57 454.64
266.57 421.81
245.51 395.17
207.10 385.26
181.70 347.47
129.05 345.00
131.53 384.02
147.63 410.66
71.44 351.81
55.95 338.80
99.93 325.79
311.80 358.00
347.72 354.29
370.65 395.79
412.77 417.47
443.12 496.77
350.20 324.55
275.25 310.92
212.68 312.78
303.12 300.39
447.46 361.72
50.84 283.67
92.96 274.99
136.33 281.19
190.84 257.65
169.78 248.98
535.27 465.79
524.12 424.91
508.02 396.41
508.02 361.72
524.12 320.84
410.14 307.21
459.70 313.40
462.17 279.95
415.09 267.56
448.55 252.69
478.28 219.24
516.69 236.59
524.12 274.99
498.10 292.34
371.73 296.06
6.24 226.67
53.32 248.98
64.47 226.67
110.31 265.08
161.11 278.71
206.95 230.39
226.77 289.86
256.51 270.04
307.30 266.32
370.49 257.65
361.82 244.02
334.56 239.06
311.02 226.67
320.93 199.42
361.82 195.70
402.70 183.31
423.77 198.18
423.77 235.35
21.88 6.14
42.94 12.95
62.14 4.90
79.49 6.76
66.48 32.78
98.07 24.10
108.61 17.91
102.41 4.28
147.01 3.04
148.87 21.63
182.94 21.63
254.80 20.39
269.05 8.62
347.11 4.28
325.42 51.98
378.08 40.83
384.27 1.80
503.37 11.87
513.28 14.04
532.79 21.16
543.33 5.99
540.85 53.38
535.58 67.31
523.50 71.34
520.10 95.19
525.67 119.04
502.44 118.11
516.69 111.92
490.05 121.52
492.22 77.23
497.17 66.38
499.65 40.68
487.57 38.20
448.24 44.70
417.26 45.94
395.27 99.53
412.62 91.16
394.34 128.33
416.95 118.42
428.72 100.77
453.19 121.21
472.09 100.77
459.70 83.42
473.32 82.18
436.78 72.89
249.69 220.79
256.82 202.82
228.94 189.20
236.06 150.48
242.26 133.13
219.65 124.77
273.85 117.34
290.58 122.91
269.52 150.17
259.91 158.84
258.06 173.40
283.14 171.23
301.73 150.17
311.64 138.40
317.22 174.02
305.45 194.15
349.43 163.80
330.22 150.48
345.71 133.75
394.96 148.31
399.30 162.25
427.79 163.80
436.78 176.19
451.95 170.92
463.41 147.07
443.28 133.13
90.02 212.12
95.60 176.81
134.62 168.13
144.54 145.83
179.23 166.89
192.85 162.56
210.20 165.66
202.15 188.58
186.66 203.44
179.85 215.83
200.91 209.02
102.41 117.34
101.79 134.06
86.30 138.40
86.30 149.55
86.30 184.24
26.29 202.82
55.41 203.13
80.50 203.75
59.12 166.59
43.33 153.58
16.38 164.11
10.50 142.74
27.84 143.35
52.93 141.19
141.52 131.58
6.39 77.07
30.55 71.50
58.43 109.90
65.24 57.87
127.19 68.40
206.48 136.54
495.16 188.58
501.36 166.28
542.55 224.20
509.25 150.17
514.21 133.44
470.54 132.51
492.84 80.48
401.93 318.67
28.07 376.59
