26.02 643.18
60.09 558.31
25.40 523.00
24.78 451.76
114.61 510.61
141.86 558.31
102.84 612.82
243.46 615.30
207.53 553.97
224.25 490.17
272.57 537.87
329.57 492.64
272.57 459.81
251.51 433.17
213.10 423.26
187.70 385.47
135.05 383.00
137.53 422.02
153.63 448.66
77.44 389.81
61.95 376.80
105.93 363.79
317.80 396.00
353.72 392.29
376.65 433.79
418.77 455.47
449.12 534.77
356.20 362.55
281.25 348.92
218.68 350.78
309.12 338.39
453.46 399.72
292.24 659.90
149.76 656.19
56.84 321.67
98.96 312.99
142.33 319.19
196.84 295.65
175.78 286.98
492.95 673.53
505.34 625.21
490.48 589.28
541.27 503.79
594.55 600.43
587.11 671.05
642.87 646.27
734.55 615.30
765.52 553.35
824.99 549.64
929.07 538.48
868.36 597.95
886.94 628.93
870.84 671.05
1002.17 664.86
978.63 663.62
999.69 566.98
946.41 485.21
1019.51 498.84
999.69 448.04
969.95 425.74
909.24 419.54
867.12 384.85
554.90 746.63
829.95 440.61
858.45 506.27
904.29 465.39
973.67 365.03
1007.12 347.68
972.43 290.69
917.92 291.93
925.35 316.71
895.61 351.40
794.02 428.22
766.76 428.22
815.08 365.03
863.40 286.98
785.35 342.73
740.74 408.39
688.71 514.94
704.82 472.82
637.91 549.64
615.61 469.10
605.70 423.26
626.76 339.01
1085.18 376.18
698.62 425.74
530.12 462.91
514.02 434.41
514.02 399.72
530.12 358.84
592.07 378.66
584.64 368.75
569.77 339.01
577.20 312.99
624.28 300.60
655.26 336.53
708.53 330.34
708.53 371.23
727.12 352.64
720.92 308.04
688.71 300.60
416.14 345.21
465.70 351.40
468.17 317.95
421.09 305.56
454.55 290.69
484.28 257.24
522.69 274.59
530.12 312.99
504.10 330.34
377.73 334.06
12.24 264.67
59.32 286.98
70.47 264.67
116.31 303.08
167.11 316.71
212.95 268.39
232.77 327.86
262.51 308.04
313.30 304.32
376.49 295.65
367.82 282.02
340.56 277.06
317.02 264.67
326.93 237.42
367.82 233.70
408.70 221.31
429.77 236.18
429.77 273.35
18.59 36.09
3.10 24.94
3.72 50.95
27.88 44.14
48.94 50.95
53.90 32.37
68.14 42.90
70.00 24.94
85.49 44.76
72.48 70.78
104.07 62.10
114.61 55.91
108.41 42.28
101.60 37.95
124.52 35.47
112.75 16.88
150.54 20.60
153.01 41.04
162.93 33.61
154.87 59.63
188.94 59.63
205.67 25.56
213.72 28.03
227.97 28.03
234.78 31.75
261.42 18.12
250.27 18.12
260.80 58.39
275.05 46.62
277.53 29.27
301.07 36.09
313.46 36.71
343.19 25.56
353.11 42.28
331.42 89.98
384.08 78.83
390.27 39.80
403.28 26.79
436.12 27.41
412.58 27.41
354.50 21.99
345.83 17.66
373.39 13.32
400.34 10.84
398.48 4.34
466.01 17.35
470.65 20.75
475.61 28.81
488.31 18.28
492.95 35.62
501.94 34.69
508.75 31.91
514.94 23.85
509.37 49.87
519.28 52.04
538.79 59.16
549.33 43.99
546.85 91.38
541.58 105.31
529.50 109.34
526.10 133.19
531.67 157.04
508.44 156.11
522.69 149.92
553.35 152.39
496.05 159.52
498.22 115.23
503.17 104.38
505.65 78.68
493.57 76.20
454.24 82.70
423.26 83.94
401.27 137.53
418.62 129.16
400.34 166.33
422.95 156.42
434.72 138.77
459.19 159.21
478.09 138.77
465.70 121.42
479.32 120.18
442.78 110.89
255.69 258.79
262.82 240.82
234.94 227.20
242.06 188.48
248.26 171.13
225.65 162.77
279.85 155.34
296.58 160.91
275.52 188.17
265.91 196.84
264.06 211.40
289.14 209.23
307.73 188.17
317.64 176.40
323.22 212.02
311.45 232.15
355.43 201.80
336.22 188.48
351.71 171.75
400.96 186.31
405.30 200.25
433.79 201.80
442.78 214.19
457.95 208.92
469.41 185.07
449.28 171.13
96.02 250.12
101.60 214.81
140.62 206.13
150.54 183.83
185.23 204.89
198.85 200.56
216.20 203.66
208.15 226.58
192.66 241.44
185.85 253.83
206.91 247.02
108.41 155.34
107.79 172.06
92.30 176.40
92.30 187.55
92.30 222.24
32.29 240.82
61.41 241.13
86.50 241.75
65.12 204.59
49.33 191.58
22.38 202.11
16.50 180.74
33.84 181.35
58.93 179.19
147.52 169.58
12.39 115.07
36.55 109.50
64.43 147.90
71.24 95.87
133.19 106.40
212.48 174.54
501.16 226.58
507.36 204.28
756.08 675.70
652.00 278.92
629.70 254.76
613.60 236.80
575.81 217.59
561.56 212.64
559.70 198.39
557.84 179.81
558.46 242.99
548.55 262.20
588.20 273.35
619.79 175.47
628.46 205.82
655.72 210.78
663.77 177.33
681.74 224.41
689.79 247.95
724.48 241.13
712.71 270.25
731.30 272.73
740.59 239.28
775.28 245.47
873.16 159.98
958.65 158.12
954.93 122.19
878.11 112.28
810.59 123.43
775.90 132.73
747.40 164.94
720.15 173.61
730.68 119.10
684.84 116.62
656.96 110.42
637.14 128.39
622.27 112.28
591.91 155.65
609.26 168.66
515.25 188.17
520.21 171.44
476.54 170.51
572.25 126.84
576.89 147.90
608.49 151.62
561.72 120.34
498.84 118.48
595.94 104.23
608.33 104.23
597.80 112.90
628.77 82.55
644.26 82.55
659.75 78.21
661.61 62.72
640.54 67.06
636.21 52.81
616.38 58.39
599.04 58.39
574.88 62.72
577.98 85.65
560.63 101.13
555.83 92.77
656.34 23.39
666.87 40.73
685.46 53.74
696.61 61.80
703.42 77.90
704.04 102.68
722.01 95.25
730.68 92.15
733.16 74.18
749.26 72.33
739.35 58.70
722.01 60.56
407.93 356.67
714.57 51.88
723.24 34.54
767.69 67.99
766.14 54.36
752.82 56.22
856.28 76.04
816.32 60.87
830.57 49.10
880.13 37.64
863.40 37.64
838.62 23.70
811.37 30.51
817.87 17.50
792.78 17.50
786.59 46.00
771.41 41.04
771.41 28.96
776.67 23.70
715.04 41.35
691.50 50.64
739.82 48.79
718.44 84.41
665.17 98.65
874.94 12.08
866.58 17.35
854.81 17.35
832.82 11.15
809.89 13.01
566.36 83.32
609.26 82.86
914.20 72.64
915.44 46.62
102.37 13.94
151.62 8.98
247.33 6.51
34.07 414.59
1006.25 108.25
