27.44 433.48
16.19 359.83
81.66 369.03
128.72 405.86
194.19 400.75
264.77 436.55
11.84 216.36
11.84 216.36
9.29 229.14
8.26 224.03
16.45 223.00
22.58 216.36
34.86 216.87
42.53 216.36
50.72 216.36
34.86 223.00
27.70 227.10
56.34 226.59
8.26 270.57
1.61 247.04
24.12 269.42
31.79 300.62
52.76 292.44
75.27 290.14
100.07 286.30
111.58 287.07
128.97 284.26
122.32 260.47
114.14 268.40
106.47 257.40
97.77 254.33
59.92 264.05
52.51 277.09
41.00 277.09
26.68 277.61
38.44 259.45
44.58 256.89
46.11 263.54
5.19 248.45
71.94 253.31
63.50 249.73
66.57 248.71
67.08 241.29
64.78 239.50
60.18 240.01
56.09 240.78
12.61 256.38
12.10 247.17
11.84 241.55
16.70 246.92
22.84 242.57
25.65 246.15
31.28 245.13
30.51 240.78
37.93 235.15
45.86 233.62
44.83 237.20
47.65 239.50
44.83 241.55
41.00 241.29
39.46 243.85
31.79 250.50
8.26 256.38
137.41 250.24
143.55 250.75
147.39 251.52
149.94 249.73
81.15 260.47
69.90 266.86
99.05 247.17
101.86 238.99
109.03 248.45
117.72 240.78
116.44 235.41
108.51 237.97
104.93 230.04
97.01 228.25
92.91 230.04
95.47 233.62
92.91 237.20
90.36 241.29
68.11 237.45
73.99 240.01
79.62 238.48
83.45 240.27
77.06 246.92
61.46 225.43
70.92 201.39
99.56 210.86
92.66 220.83
91.64 225.43
86.26 233.36
82.68 232.85
75.27 266.61
50.46 248.96
43.56 250.24
58.90 232.85
64.53 233.62
75.27 230.29
70.41 228.25
66.57 229.78
70.15 221.60
82.17 221.85
76.80 224.67
76.80 235.66
87.29 226.46
82.94 227.48
132.55 219.04
128.72 218.02
124.37 216.74
122.58 217.76
116.19 216.74
112.35 215.97
82.94 273.77
94.96 258.17
91.38 249.73
92.91 246.15
87.80 246.66
80.89 245.13
96.75 223.64
101.61 217.76
93.94 218.53
119.51 223.90
117.21 229.27
126.67 232.60
127.18 237.45
114.40 224.67
108.51 226.71
101.10 223.13
111.33 220.06
106.72 222.88
127.70 242.57
131.28 247.94
135.88 257.66
150.71 262.26
140.99 226.46
137.16 229.27
139.97 217.25
136.65 217.25
144.83 217.51
146.88 218.02
150.20 218.53
148.15 223.13
144.83 226.46
130.00 229.01
88.82 221.09
90.10 219.04
392.65 365.97
419.24 345.51
455.05 327.09
360.93 309.70
299.56 368.01
256.59 339.37
241.25 310.73
114.40 325.05
183.96 314.82
149.18 288.22
168.36 287.58
178.59 281.44
173.22 268.91
159.66 267.12
154.80 250.75
161.45 242.06
162.73 234.39
160.17 229.01
156.08 227.22
155.57 221.34
158.13 218.02
155.32 216.74
166.31 229.01
167.85 225.69
162.73 222.11
171.17 218.02
167.59 216.23
182.94 215.97
178.08 220.58
176.80 223.90
175.01 229.78
168.87 233.11
166.82 237.97
186.00 264.31
175.01 260.47
178.84 235.66
175.52 243.85
168.61 246.92
188.82 222.37
186.00 225.69
185.75 229.01
182.68 229.01
227.69 289.37
201.09 291.67
191.12 273.77
214.39 274.03
204.16 262.26
195.98 261.75
198.28 253.57
190.86 252.29
186.26 248.71
180.89 249.47
178.84 255.87
244.57 279.65
260.17 266.86
274.75 295.25
295.21 292.70
288.81 274.03
303.39 268.40
287.02 259.45
269.38 236.94
258.64 224.67
250.71 236.43
251.48 229.01
245.34 223.13
227.18 236.94
228.20 232.60
193.93 228.50
189.59 232.08
187.54 242.31
192.91 239.24
193.93 216.99
197.00 225.69
201.35 227.22
204.67 224.92
203.65 221.09
201.35 217.76
193.17 213.16
211.58 213.93
216.44 216.74
214.14 221.60
217.72 220.58
224.62 221.34
220.79 224.67
215.93 229.53
213.63 226.71
200.07 234.64
217.72 234.39
213.88 239.24
198.02 241.55
190.10 245.64
231.02 216.99
235.36 218.53
238.18 207.28
245.34 211.37
254.54 210.35
240.73 228.50
231.27 223.13
227.44 229.01
239.46 236.18
242.01 232.08
236.13 240.01
237.15 246.92
243.29 245.64
235.11 262.52
239.46 255.87
293.93 255.36
282.68 250.75
285.23 225.69
317.20 212.14
322.06 208.56
294.44 205.49
299.04 208.56
338.43 217.51
307.48 232.85
294.95 229.53
329.73 232.85
322.57 251.01
314.90 254.08
304.16 257.15
305.69 252.54
333.06 264.31
333.57 283.23
321.55 289.63
217.46 262.52
207.23 257.15
207.49 248.96
199.81 248.96
213.37 245.13
217.72 243.34
214.14 251.78
217.46 248.71
226.67 245.38
159.92 254.08
222.32 254.84
258.64 308.42
314.90 271.08
312.34 259.32
370.65 256.76
348.15 257.79
340.47 268.53
357.86 286.94
335.87 310.47
326.66 332.97
346.10 337.07
350.70 214.82
358.38 216.87
382.42 286.43
377.30 267.50
354.28 272.11
391.62 267.50
381.90 255.23
400.83 301.77
422.31 310.98
458.63 301.77
434.59 299.22
414.13 282.85
403.90 273.13
390.09 274.15
403.39 263.92
417.71 255.23
417.71 263.41
450.44 242.44
426.92 260.85
443.28 277.73
426.40 273.13
457.61 271.60
444.82 261.37
448.91 257.27
444.82 266.99
434.59 261.37
377.05 306.68
363.24 331.23
362.21 254.00
353.01 254.51
451.21 250.93
