812.56 498.48
771.64 529.17
908.72 548.61
988.51 441.20
1007.95 384.93
978.28 391.07
974.19 358.33
938.38 349.13
943.50 379.82
919.97 424.83
960.89 419.71
864.73 418.69
823.81 424.83
758.34 434.03
711.28 470.86
645.81 465.75
575.23 501.55
901.56 353.22
873.94 351.17
859.61 375.73
905.65 306.16
934.29 309.23
982.37 322.53
1019.20 308.21
996.44 302.84
971.37 302.33
963.70 314.09
884.42 312.04
872.15 309.49
915.11 293.12
925.34 293.12
936.08 279.82
946.82 279.31
907.44 295.68
854.24 291.59
849.64 291.59
828.16 281.36
828.16 281.36
841.97 283.40
842.48 291.59
830.71 294.14
831.74 289.03
823.55 288.00
817.42 281.36
805.14 281.87
797.47 281.36
789.28 281.36
805.14 288.00
812.30 292.10
783.66 291.59
862.94 344.27
831.74 335.57
842.48 318.18
852.71 314.60
838.39 312.04
815.88 334.42
808.21 365.62
787.24 357.44
764.73 355.14
739.93 351.30
728.42 352.07
711.03 349.26
717.68 325.47
725.86 333.40
733.53 322.40
742.23 319.33
780.08 329.05
787.49 342.09
799.00 342.09
813.32 342.61
801.56 324.45
795.42 321.89
793.89 328.54
834.81 313.45
843.76 310.64
768.06 318.31
776.50 314.73
773.43 313.71
772.92 306.29
775.22 304.50
779.82 305.01
783.91 305.78
827.39 321.38
827.90 312.17
828.16 306.55
823.30 311.92
817.16 307.57
814.35 311.15
808.72 310.13
809.49 305.78
802.07 300.15
794.14 298.62
795.17 302.20
792.35 304.50
795.17 306.55
799.00 306.29
800.54 308.85
808.21 315.50
831.74 321.38
702.59 315.24
696.45 315.75
692.61 316.52
690.06 314.73
758.85 325.47
770.10 331.86
740.95 312.17
738.14 303.99
730.97 313.45
722.28 305.78
723.56 300.41
731.49 302.97
735.07 295.04
742.99 293.25
747.09 295.04
744.53 298.62
747.09 302.20
749.64 306.29
771.89 302.45
766.01 305.01
760.38 303.48
756.55 305.27
762.94 311.92
778.54 290.43
769.08 266.39
740.44 275.86
747.34 285.83
748.36 290.43
753.74 298.36
757.32 297.85
764.73 331.61
789.54 313.96
796.44 315.24
781.10 297.85
775.47 298.62
764.73 295.29
769.59 293.25
773.43 294.78
769.85 286.60
757.83 286.85
763.20 289.67
763.20 300.66
752.71 291.46
757.06 292.48
707.45 284.04
711.28 283.02
715.63 281.74
717.42 282.76
723.81 281.74
727.65 280.97
757.06 338.77
745.04 323.17
748.62 314.73
747.09 311.15
752.20 311.66
759.11 310.13
743.25 288.64
738.39 282.76
746.06 283.53
720.49 288.90
722.79 294.27
713.33 297.60
712.82 302.45
922.02 311.66
725.60 289.67
731.49 291.71
738.90 288.13
728.67 285.06
733.28 287.88
712.30 307.57
708.72 312.94
704.12 322.66
689.29 327.26
699.01 291.46
702.84 294.27
700.03 282.25
703.35 282.25
695.17 282.51
693.12 283.02
689.80 283.53
691.85 288.13
695.17 291.46
710.00 294.01
751.18 286.09
749.90 284.04
449.40 544.52
447.35 430.97
420.76 410.51
384.95 392.09
353.24 437.10
314.37 453.47
303.11 422.78
315.39 386.98
195.70 486.21
123.07 524.06
141.48 444.26
224.34 419.71
283.68 529.17
479.07 374.70
540.44 433.01
583.41 404.37
598.75 375.73
725.60 390.05
656.04 379.82
690.82 353.22
53.51 413.58
17.70 513.83
130.23 405.39
182.40 373.68
196.72 412.55
115.91 363.45
129.21 349.13
292.88 384.93
258.10 398.23
671.64 352.58
661.41 346.44
666.78 333.91
680.34 332.12
685.20 315.75
678.55 307.06
677.27 299.39
679.83 294.01
683.92 292.22
684.43 286.34
681.87 283.02
684.68 281.74
673.69 294.01
672.15 290.69
677.27 287.11
668.83 283.02
672.41 281.23
657.06 280.97
661.92 285.58
663.20 288.90
664.99 294.78
671.13 298.11
673.18 302.97
654.00 329.31
664.99 325.47
661.16 300.66
664.48 308.85
671.39 311.92
651.18 287.37
654.00 290.69
654.25 294.01
657.32 294.01
612.31 354.37
638.91 356.67
648.88 338.77
625.61 339.03
635.84 327.26
644.02 326.75
641.72 318.57
649.14 317.29
653.74 313.71
659.11 314.47
661.16 320.87
595.43 344.65
579.83 331.86
565.25 360.25
544.79 357.70
551.19 339.03
536.61 333.40
552.98 324.45
570.62 301.94
581.36 289.67
589.29 301.43
588.52 294.01
594.66 288.13
612.82 301.94
611.80 297.60
646.07 293.50
650.41 297.08
652.46 307.31
647.09 304.24
646.07 281.99
643.00 290.69
638.65 292.22
635.33 289.92
636.35 286.09
638.65 282.76
646.83 278.16
628.42 278.93
623.56 281.74
625.86 286.60
622.28 285.58
615.38 286.34
619.21 289.67
624.07 294.53
626.37 291.71
639.93 299.64
622.28 299.39
626.12 304.24
641.98 306.55
649.90 310.64
608.98 281.99
604.64 283.53
601.82 272.28
594.66 276.37
585.46 275.35
599.27 293.50
608.73 288.13
612.56 294.01
600.54 301.18
597.99 297.08
603.87 305.01
602.85 311.92
596.71 310.64
604.89 327.52
600.54 320.87
546.07 320.36
557.32 315.75
554.77 290.69
522.80 277.14
517.94 273.56
545.56 270.49
540.96 273.56
501.57 282.51
532.52 297.85
545.05 294.53
510.27 297.85
517.43 316.01
525.10 319.08
535.84 322.15
534.31 317.54
506.94 329.31
506.43 348.23
518.45 354.63
622.54 327.52
632.77 322.15
632.51 313.96
640.19 313.96
626.63 310.13
622.28 308.34
625.86 316.78
622.54 313.71
613.33 310.38
680.08 319.08
617.68 319.84
581.36 373.42
525.10 336.08
527.66 324.32
469.35 321.76
491.85 322.79
499.53 333.53
482.14 351.94
504.13 375.47
513.34 397.97
493.90 402.07
489.30 279.82
481.62 281.87
457.58 351.43
462.70 332.50
485.72 337.11
448.38 332.50
458.10 320.23
439.17 366.77
417.69 375.98
381.37 366.77
405.41 364.22
425.87 347.85
436.10 338.13
449.91 339.15
436.61 328.92
422.29 320.23
422.29 328.41
335.34 283.91
329.20 284.94
324.09 284.94
378.81 302.33
389.56 307.44
413.08 325.85
396.72 342.73
413.60 338.13
353.75 351.43
368.58 342.73
382.39 336.60
395.18 326.37
391.09 322.27
395.18 331.99
405.41 326.37
336.87 308.46
335.85 297.21
318.46 364.73
319.99 346.31
346.08 331.99
323.06 296.70
311.30 297.21
296.98 296.70
283.17 425.60
263.22 346.83
287.26 342.73
299.53 341.71
301.58 324.83
315.39 321.76
324.09 321.25
337.90 319.21
363.47 375.98
289.30 316.65
292.37 309.49
270.38 302.84
277.03 295.17
257.59 293.12
257.08 302.33
261.68 304.37
247.36 300.28
231.51 303.86
213.60 306.42
212.58 291.07
215.65 315.63
226.90 313.07
288.79 324.83
246.85 321.25
235.60 370.35
261.17 372.40
258.10 359.61
220.76 331.99
223.83 383.65
249.92 561.91
295.70 352.71
318.20 315.37
331.50 318.95
250.18 322.02
158.62 317.93
163.73 317.93
172.94 341.97
179.08 355.27
145.83 339.92
146.34 312.30
140.72 312.30
153.50 302.58
168.34 303.09
176.52 314.35
218.46 357.31
240.97 343.50
121.28 301.05
129.98 326.62
131.51 311.79
150.43 289.80
144.81 279.05
137.65 293.38
120.77 319.46
105.94 316.90
97.75 303.09
91.61 298.49
106.45 295.42
24.10 289.80
54.27 267.29
104.91 267.80
140.21 269.85
174.47 279.05
107.98 334.81
98.26 326.62
91.10 323.04
48.65 305.14
60.41 310.77
36.37 307.19
11.31 291.84
54.27 359.87
164.76 413.58
63.48 324.06
44.05 314.86
52.74 320.48
37.40 314.35
100.82 296.96
163.73 328.67
178.06 321.51
25.63 372.14
49.67 332.25
38.93 326.11
462.95 371.68
374.47 320.53
476.76 396.23
477.79 319.00
486.99 319.51
388.79 315.93
