211.44 498.48
252.36 529.17
115.28 548.61
35.49 441.20
16.05 384.93
45.72 391.07
49.81 358.33
85.62 349.13
80.50 379.82
104.03 424.83
63.11 419.71
159.27 418.69
200.19 424.83
265.66 434.03
312.72 470.86
378.19 465.75
448.77 501.55
122.44 353.22
150.06 351.17
164.39 375.73
118.35 306.16
89.71 309.23
41.63 322.53
4.80 308.21
27.56 302.84
52.63 302.33
60.30 314.09
139.58 312.04
151.85 309.49
108.89 293.12
98.66 293.12
87.92 279.82
77.18 279.31
116.56 295.68
169.76 291.59
174.36 291.59
195.84 281.36
195.84 281.36
182.03 283.40
181.52 291.59
193.29 294.14
192.26 289.03
200.45 288.00
206.58 281.36
218.86 281.87
226.53 281.36
234.72 281.36
218.86 288.00
211.70 292.10
240.34 291.59
161.06 344.27
192.26 335.57
181.52 318.18
171.29 314.60
185.61 312.04
208.12 334.42
215.79 365.62
236.76 357.44
259.27 355.14
284.07 351.30
295.58 352.07
312.97 349.26
306.32 325.47
298.14 333.40
290.47 322.40
281.77 319.33
243.92 329.05
236.51 342.09
225.00 342.09
210.68 342.61
222.44 324.45
228.58 321.89
230.11 328.54
189.19 313.45
180.24 310.64
255.94 318.31
247.50 314.73
250.57 313.71
251.08 306.29
248.78 304.50
244.18 305.01
240.09 305.78
196.61 321.38
196.10 312.17
195.84 306.55
200.70 311.92
206.84 307.57
209.65 311.15
215.28 310.13
214.51 305.78
221.93 300.15
229.86 298.62
228.83 302.20
231.65 304.50
228.83 306.55
225.00 306.29
223.46 308.85
215.79 315.50
192.26 321.38
321.41 315.24
327.55 315.75
331.39 316.52
333.94 314.73
265.15 325.47
253.90 331.86
283.05 312.17
285.86 303.99
293.03 313.45
301.72 305.78
300.44 300.41
292.51 302.97
288.93 295.04
281.01 293.25
276.91 295.04
279.47 298.62
276.91 302.20
274.36 306.29
252.11 302.45
257.99 305.01
263.62 303.48
267.45 305.27
261.06 311.92
245.46 290.43
254.92 266.39
283.56 275.86
276.66 285.83
275.64 290.43
270.26 298.36
266.68 297.85
259.27 331.61
234.46 313.96
227.56 315.24
242.90 297.85
248.53 298.62
259.27 295.29
254.41 293.25
250.57 294.78
254.15 286.60
266.17 286.85
260.80 289.67
260.80 300.66
271.29 291.46
266.94 292.48
316.55 284.04
312.72 283.02
308.37 281.74
306.58 282.76
300.19 281.74
296.35 280.97
266.94 338.77
278.96 323.17
275.38 314.73
276.91 311.15
271.80 311.66
264.89 310.13
280.75 288.64
285.61 282.76
277.94 283.53
303.51 288.90
301.21 294.27
310.67 297.60
311.18 302.45
101.98 311.66
298.40 289.67
292.51 291.71
285.10 288.13
295.33 285.06
290.72 287.88
311.70 307.57
315.28 312.94
319.88 322.66
334.71 327.26
324.99 291.46
321.16 294.27
323.97 282.25
320.65 282.25
328.83 282.51
330.88 283.02
334.20 283.53
332.15 288.13
328.83 291.46
314.00 294.01
272.82 286.09
274.10 284.04
574.60 544.52
576.65 430.97
603.24 410.51
639.05 392.09
670.76 437.10
709.63 453.47
720.89 422.78
708.61 386.98
828.30 486.21
900.93 524.06
882.52 444.26
799.66 419.71
740.32 529.17
544.93 374.70
483.56 433.01
440.59 404.37
425.25 375.73
298.40 390.05
367.96 379.82
333.18 353.22
970.49 413.58
1006.30 513.83
893.77 405.39
841.60 373.68
827.28 412.55
908.09 363.45
894.79 349.13
731.12 384.93
765.90 398.23
352.36 352.58
362.59 346.44
357.22 333.91
343.66 332.12
338.80 315.75
345.45 307.06
346.73 299.39
344.17 294.01
340.08 292.22
339.57 286.34
342.13 283.02
339.32 281.74
350.31 294.01
351.85 290.69
346.73 287.11
355.17 283.02
351.59 281.23
366.94 280.97
362.08 285.58
360.80 288.90
359.01 294.78
352.87 298.11
350.82 302.97
370.00 329.31
359.01 325.47
362.84 300.66
359.52 308.85
352.61 311.92
372.82 287.37
370.00 290.69
369.75 294.01
366.68 294.01
411.69 354.37
385.09 356.67
375.12 338.77
398.39 339.03
388.16 327.26
379.98 326.75
382.28 318.57
374.86 317.29
370.26 313.71
364.89 314.47
362.84 320.87
428.57 344.65
444.17 331.86
458.75 360.25
479.21 357.70
472.81 339.03
487.39 333.40
471.02 324.45
453.38 301.94
442.64 289.67
434.71 301.43
435.48 294.01
429.34 288.13
411.18 301.94
412.20 297.60
377.93 293.50
373.59 297.08
371.54 307.31
376.91 304.24
377.93 281.99
381.00 290.69
385.35 292.22
388.67 289.92
387.65 286.09
385.35 282.76
377.17 278.16
395.58 278.93
400.44 281.74
398.14 286.60
401.72 285.58
408.62 286.34
404.79 289.67
399.93 294.53
397.63 291.71
384.07 299.64
401.72 299.39
397.88 304.24
382.02 306.55
374.10 310.64
415.02 281.99
419.36 283.53
422.18 272.28
429.34 276.37
438.54 275.35
424.73 293.50
415.27 288.13
411.44 294.01
423.46 301.18
426.01 297.08
420.13 305.01
421.15 311.92
427.29 310.64
419.11 327.52
423.46 320.87
477.93 320.36
466.68 315.75
469.23 290.69
501.20 277.14
506.06 273.56
478.44 270.49
483.04 273.56
522.43 282.51
491.48 297.85
478.95 294.53
513.73 297.85
506.57 316.01
498.90 319.08
488.16 322.15
489.69 317.54
517.06 329.31
517.57 348.23
505.55 354.63
401.46 327.52
391.23 322.15
391.49 313.96
383.81 313.96
397.37 310.13
401.72 308.34
398.14 316.78
401.46 313.71
410.67 310.38
343.92 319.08
406.32 319.84
442.64 373.42
498.90 336.08
496.34 324.32
554.65 321.76
532.15 322.79
524.47 333.53
541.86 351.94
519.87 375.47
510.66 397.97
530.10 402.07
534.70 279.82
542.38 281.87
566.42 351.43
561.30 332.50
538.28 337.11
575.62 332.50
565.90 320.23
584.83 366.77
606.31 375.98
642.63 366.77
618.59 364.22
598.13 347.85
587.90 338.13
574.09 339.15
587.39 328.92
601.71 320.23
601.71 328.41
688.66 283.91
694.80 284.94
699.91 284.94
645.19 302.33
634.44 307.44
610.92 325.85
627.28 342.73
610.40 338.13
670.25 351.43
655.42 342.73
641.61 336.60
628.82 326.37
632.91 322.27
628.82 331.99
618.59 326.37
687.13 308.46
688.15 297.21
705.54 364.73
704.01 346.31
677.92 331.99
700.94 296.70
712.70 297.21
727.02 296.70
740.83 425.60
760.78 346.83
736.74 342.73
724.47 341.71
722.42 324.83
708.61 321.76
699.91 321.25
686.10 319.21
660.53 375.98
734.70 316.65
731.63 309.49
753.62 302.84
746.97 295.17
766.41 293.12
766.92 302.33
762.32 304.37
776.64 300.28
792.49 303.86
810.40 306.42
811.42 291.07
808.35 315.63
797.10 313.07
735.21 324.83
777.15 321.25
788.40 370.35
762.83 372.40
765.90 359.61
803.24 331.99
800.17 383.65
774.08 561.91
728.30 352.71
705.80 315.37
692.50 318.95
773.82 322.02
865.38 317.93
860.27 317.93
851.06 341.97
844.92 355.27
878.17 339.92
877.66 312.30
883.28 312.30
870.50 302.58
855.66 303.09
847.48 314.35
805.54 357.31
783.03 343.50
902.72 301.05
894.02 326.62
892.49 311.79
873.57 289.80
879.19 279.05
886.35 293.38
903.23 319.46
918.06 316.90
926.25 303.09
932.39 298.49
917.55 295.42
999.90 289.80
969.73 267.29
919.09 267.80
883.79 269.85
849.53 279.05
916.02 334.81
925.74 326.62
932.90 323.04
975.35 305.14
963.59 310.77
987.63 307.19
1012.69 291.84
969.73 359.87
859.24 413.58
960.52 324.06
979.95 314.86
971.26 320.48
986.60 314.35
923.18 296.96
860.27 328.67
845.94 321.51
998.37 372.14
974.33 332.25
985.07 326.11
561.05 371.68
649.53 320.53
547.24 396.23
546.21 319.00
537.01 319.51
635.21 315.93
