3.03 421.83
58.27 415.69
99.19 421.83
164.66 431.03
21.44 350.22
49.06 348.17
63.39 372.73
17.35 303.16
38.58 309.04
50.85 306.49
7.89 290.12
15.56 292.68
68.76 288.59
73.36 288.59
94.84 278.36
94.84 278.36
81.03 280.40
80.52 288.59
92.29 291.14
91.26 286.03
99.45 285.00
105.58 278.36
117.86 278.87
125.53 278.36
133.72 278.36
117.86 285.00
110.70 289.10
139.34 288.59
60.06 341.27
91.26 332.57
80.52 315.18
70.29 311.60
84.61 309.04
107.12 331.42
114.79 362.62
135.76 354.44
158.27 352.14
183.07 348.30
194.58 349.07
211.97 346.26
205.32 322.47
197.14 330.40
189.47 319.40
180.77 316.33
142.92 326.05
135.51 339.09
124.00 339.09
109.68 339.61
121.44 321.45
127.58 318.89
129.11 325.54
88.19 310.45
79.24 307.64
154.94 315.31
146.50 311.73
149.57 310.71
150.08 303.29
147.78 301.50
143.18 302.01
139.09 302.78
95.61 318.38
95.10 309.17
94.84 303.55
99.70 308.92
105.84 304.57
108.65 308.15
114.28 307.13
113.51 302.78
120.93 297.15
128.86 295.62
127.83 299.20
130.65 301.50
127.83 303.55
124.00 303.29
122.46 305.85
114.79 312.50
91.26 318.38
220.41 312.24
226.55 312.75
230.39 313.52
232.94 311.73
164.15 322.47
152.90 328.86
182.05 309.17
184.86 300.99
192.03 310.45
200.72 302.78
199.44 297.41
191.51 299.97
187.93 292.04
180.01 290.25
175.91 292.04
178.47 295.62
175.91 299.20
173.36 303.29
151.11 299.45
156.99 302.01
162.62 300.48
166.45 302.27
160.06 308.92
144.46 287.43
153.92 263.39
182.56 272.86
175.66 282.83
174.64 287.43
169.26 295.36
165.68 294.85
158.27 328.61
133.46 310.96
126.56 312.24
141.90 294.85
147.53 295.62
158.27 292.29
153.41 290.25
149.57 291.78
153.15 283.60
165.17 283.85
159.80 286.67
159.80 297.66
170.29 288.46
165.94 289.48
215.55 281.04
211.72 280.02
207.37 278.74
205.58 279.76
199.19 278.74
195.35 277.97
165.94 335.77
177.96 320.17
174.38 311.73
175.91 308.15
170.80 308.66
163.89 307.13
179.75 285.64
184.61 279.76
176.94 280.53
202.51 285.90
200.21 291.27
209.67 294.60
210.18 299.45
0.98 308.66
197.40 286.67
191.51 288.71
184.10 285.13
194.33 282.06
189.72 284.88
210.70 304.57
214.28 309.94
218.88 319.66
233.71 324.26
223.99 288.46
220.16 291.27
222.97 279.25
219.65 279.25
227.83 279.51
229.88 280.02
233.20 280.53
231.15 285.13
227.83 288.46
213.00 291.01
171.82 283.09
173.10 281.04
443.93 371.70
382.56 430.01
339.59 401.37
324.25 372.73
197.40 387.05
266.96 376.82
232.18 350.22
251.36 349.58
261.59 343.44
256.22 330.91
242.66 329.12
237.80 312.75
244.45 304.06
245.73 296.39
243.17 291.01
239.08 289.22
238.57 283.34
241.13 280.02
238.32 278.74
249.31 291.01
250.85 287.69
245.73 284.11
254.17 280.02
250.59 278.23
265.94 277.97
261.08 282.58
259.80 285.90
258.01 291.78
251.87 295.11
249.82 299.97
269.00 326.31
258.01 322.47
261.84 297.66
258.52 305.85
251.61 308.92
271.82 284.37
269.00 287.69
268.75 291.01
265.68 291.01
310.69 351.37
284.09 353.67
274.12 335.77
297.39 336.03
287.16 324.26
278.98 323.75
281.28 315.57
273.86 314.29
269.26 310.71
263.89 311.47
261.84 317.87
327.57 341.65
343.17 328.86
357.75 357.25
378.21 354.70
371.81 336.03
386.39 330.40
370.02 321.45
352.38 298.94
341.64 286.67
333.71 298.43
334.48 291.01
328.34 285.13
310.18 298.94
311.20 294.60
276.93 290.50
272.59 294.08
270.54 304.31
275.91 301.24
276.93 278.99
280.00 287.69
284.35 289.22
287.67 286.92
286.65 283.09
284.35 279.76
276.17 275.16
294.58 275.93
299.44 278.74
297.14 283.60
300.72 282.58
307.62 283.34
303.79 286.67
298.93 291.53
296.63 288.71
283.07 296.64
300.72 296.39
296.88 301.24
281.02 303.55
273.10 307.64
314.02 278.99
318.36 280.53
321.18 269.28
328.34 273.37
337.54 272.35
323.73 290.50
314.27 285.13
310.44 291.01
322.46 298.18
325.01 294.08
319.13 302.01
320.15 308.92
326.29 307.64
318.11 324.52
322.46 317.87
376.93 317.36
365.68 312.75
368.23 287.69
400.20 274.14
405.06 270.56
377.44 267.49
382.04 270.56
421.43 279.51
390.48 294.85
377.95 291.53
412.73 294.85
405.57 313.01
397.90 316.08
387.16 319.15
388.69 314.54
416.06 326.31
416.57 345.23
404.55 351.63
300.46 324.52
290.23 319.15
290.49 310.96
282.81 310.96
296.37 307.13
300.72 305.34
297.14 313.78
300.46 310.71
309.67 307.38
242.92 316.08
305.32 316.84
341.64 370.42
397.90 333.08
395.34 321.32
453.65 318.76
431.15 319.79
423.47 330.53
440.86 348.94
418.87 372.47
409.66 394.97
429.10 399.07
433.70 276.82
441.38 278.87
460.30 329.50
437.28 334.11
460.05 368.68
446.24 393.23
445.21 316.00
436.01 316.51
