55.33 483.04
136.75 504.96
187.89 470.51
277.66 486.17
431.11 521.66
348.64 486.17
315.24 486.17
395.62 481.99
432.15 487.21
509.39 537.32
93.95 472.60
490.60 499.74
503.13 487.21
515.66 455.90
453.03 503.91
3.13 439.19
12.79 373.96
34.71 380.74
55.07 406.84
48.28 447.02
202.77 440.24
117.70 428.76
82.73 412.58
76.99 428.23
114.04 399.01
125.52 406.31
124.48 391.70
162.58 406.84
198.59 412.58
232.00 405.27
242.43 403.70
211.64 369.26
194.94 363.00
176.67 365.08
124.48 377.09
95.25 360.91
79.60 361.43
62.89 364.56
61.85 395.88
17.49 368.21
19.58 357.78
26.88 355.69
43.06 363.52
43.06 355.69
190.24 346.29
202.77 341.07
217.38 348.38
221.56 357.25
136.48 356.21
125.52 353.60
141.70 346.82
4.44 343.16
6.53 307.67
87.95 352.03
83.25 343.16
79.07 332.20
87.95 328.03
100.47 334.29
111.95 335.33
107.78 326.46
24.79 333.25
41.50 340.03
25.32 341.07
37.84 329.59
98.91 343.16
198.07 329.07
215.29 329.07
217.90 321.76
235.13 341.60
226.78 344.73
214.77 340.03
210.07 319.68
204.33 320.72
204.33 315.50
194.42 311.85
191.29 311.85
187.11 314.46
188.68 324.37
183.98 322.81
157.88 317.07
151.10 330.64
156.32 321.24
99.95 315.50
105.17 313.41
74.38 320.72
51.93 317.07
45.67 324.37
57.15 322.29
49.32 324.90
19.05 313.41
6.53 322.81
147.44 354.64
246.09 345.25
239.30 383.35
266.70 387.53
252.61 369.26
296.97 418.84
321.50 418.84
360.65 407.88
320.46 400.57
332.46 388.57
335.60 377.61
329.33 374.48
321.50 373.96
302.71 381.78
395.62 399.53
386.22 421.45
428.50 435.02
423.28 422.49
446.76 421.97
421.71 389.61
433.72 390.66
418.58 372.39
396.66 366.65
390.40 374.48
371.61 384.92
352.30 376.57
466.60 410.49
498.43 394.83
486.43 381.78
461.38 382.83
508.35 431.89
463.46 461.12
501.04 364.56
515.13 365.60
486.43 352.03
425.89 358.30
429.54 348.38
413.36 342.64
398.23 355.69
384.66 352.56
368.48 364.04
363.26 352.03
353.86 352.56
342.38 366.65
340.29 345.77
330.90 355.69
322.03 348.90
311.59 353.08
294.89 367.17
285.49 366.65
276.62 347.34
265.14 355.69
267.75 342.64
275.58 330.11
288.10 340.03
291.23 348.38
299.06 347.34
314.20 341.07
515.13 392.22
329.85 334.81
319.42 329.07
306.89 329.07
292.28 331.16
273.49 337.94
250.00 333.77
260.44 324.37
252.61 322.81
218.16 305.58
138.31 306.11
265.66 316.02
270.36 318.11
275.58 319.15
279.75 320.72
277.66 323.85
294.36 323.85
315.24 323.85
320.98 319.68
328.29 316.02
331.42 313.41
340.81 316.02
342.90 326.98
347.08 331.16
339.25 336.38
336.64 329.07
359.60 342.12
351.77 326.46
383.09 344.73
379.44 330.11
388.83 330.11
420.67 335.33
435.28 344.73
399.79 340.03
485.39 344.73
492.17 343.68
500.00 336.38
506.78 343.68
512.53 349.43
517.22 344.73
525.57 335.33
534.97 350.99
530.79 369.26
513.05 326.98
509.39 327.50
520.88 326.46
525.05 329.07
532.88 327.50
530.27 322.81
432.15 322.81
430.06 317.07
428.50 313.41
423.28 325.42
429.02 330.11
423.80 317.07
404.49 321.76
407.62 325.42
411.27 333.77
399.79 319.68
397.18 318.11
391.96 316.02
390.40 323.33
382.57 318.11
387.79 318.11
384.66 316.02
359.60 315.50
371.61 325.42
363.26 322.81
438.41 326.98
437.37 341.07
476.51 332.72
508.35 316.54
519.31 316.54
473.90 318.11
539.93 301.93
