55.79 470.62
235.33 409.04
120.50 396.51
50.57 378.76
10.90 386.07
316.75 430.96
367.89 396.51
457.66 412.17
528.64 412.17
495.24 412.17
273.95 398.60
160.17 423.65
479.58 521.77
183.13 365.19
119.46 361.02
147.64 348.49
79.80 359.98
23.69 310.39
18.99 287.43
38.30 314.05
49.26 295.26
72.23 293.17
119.72 298.39
137.99 306.74
168.26 298.39
192.79 299.96
214.71 306.74
235.07 332.84
172.96 337.53
228.28 373.02
382.77 366.24
297.70 354.76
262.73 338.58
256.99 354.23
294.04 325.01
305.52 332.31
304.48 317.70
342.58 332.84
378.59 338.58
412.00 331.27
422.43 329.70
391.64 295.26
374.94 289.00
356.67 291.08
304.48 303.09
275.25 286.91
259.60 287.43
242.89 290.56
241.85 321.88
155.21 325.01
162.00 287.43
197.49 294.21
199.58 283.78
206.88 281.69
223.06 289.52
223.06 281.69
147.38 299.43
22.65 172.09
5.42 197.14
1.25 206.53
2.81 264.99
22.65 265.51
20.04 255.59
11.69 254.55
15.34 232.11
370.24 272.29
382.77 267.07
397.38 274.38
401.56 283.25
316.48 282.21
305.52 279.60
321.70 272.82
50.83 269.68
184.44 269.16
165.65 269.68
147.38 262.90
136.42 268.64
127.55 278.03
124.94 268.64
117.63 263.94
107.72 266.03
107.72 254.03
98.85 254.55
86.32 256.64
83.71 267.60
27.86 228.45
40.39 230.54
28.91 238.37
36.74 236.80
49.79 237.33
57.09 220.10
58.66 210.71
52.92 178.87
60.75 182.52
76.40 199.75
66.49 199.23
68.57 212.80
67.01 221.67
95.19 230.02
84.75 230.02
113.46 233.67
120.24 233.67
125.46 214.36
113.98 194.53
170.87 228.45
143.73 235.76
154.69 252.46
168.26 259.77
159.39 256.11
174.52 243.59
186.53 233.67
267.95 278.03
263.25 269.16
259.07 258.20
267.95 254.03
280.47 260.29
291.95 261.33
287.78 252.46
204.79 259.25
221.50 266.03
205.32 267.07
217.84 255.59
278.91 269.16
378.07 255.07
395.29 255.07
397.90 247.76
415.13 267.60
406.78 270.73
394.77 266.03
390.07 245.68
384.33 246.72
384.33 241.50
374.42 237.85
371.29 237.85
367.11 240.46
368.68 250.37
363.98 248.81
337.88 243.07
331.10 256.64
336.32 247.24
279.95 241.50
285.17 239.41
254.38 246.72
231.93 243.07
225.67 250.37
237.15 248.29
229.32 250.90
199.05 239.41
186.53 248.81
159.91 243.59
327.44 280.64
426.09 271.25
419.30 309.35
446.70 313.53
432.61 295.26
476.97 344.84
501.50 344.84
500.46 326.57
512.46 314.57
515.60 303.61
509.33 300.48
501.50 299.96
482.71 307.78
532.30 302.57
533.86 278.56
522.38 292.65
520.29 271.77
510.90 281.69
502.03 274.90
491.59 279.08
474.89 293.17
465.49 292.65
456.62 273.34
445.14 281.69
447.75 268.64
455.58 256.11
468.10 266.03
471.23 274.38
479.06 273.34
494.20 267.07
509.85 260.81
499.42 255.07
486.89 255.07
472.28 257.16
453.49 263.94
430.00 259.77
440.44 250.37
432.61 248.81
398.16 231.58
318.31 232.11
445.66 242.02
450.36 244.11
455.58 245.15
459.75 246.72
457.66 249.85
474.36 249.85
495.24 249.85
500.98 245.68
508.29 242.02
511.42 239.41
520.81 242.02
522.90 252.98
527.08 257.16
519.25 262.38
516.64 255.07
539.60 268.12
531.77 252.46
539.60 241.50
