408.05 -23.92
633.52 -28.10
139.79 560.62
309.93 661.87
319.33 499.04
204.50 486.51
134.57 468.76
94.90 476.07
31.23 451.02
400.75 520.96
451.89 486.51
541.66 502.17
536.44 674.40
695.11 537.66
612.64 502.17
579.24 502.17
659.62 497.99
696.15 503.21
773.39 553.32
981.12 575.24
870.47 534.53
852.72 500.08
962.33 530.35
1021.83 528.26
953.98 486.51
909.09 477.12
357.95 488.60
244.17 513.65
754.60 515.74
767.13 503.21
779.66 471.90
844.37 468.76
885.08 461.46
717.03 519.91
563.58 611.77
267.13 455.19
203.46 451.02
231.64 438.49
163.80 449.98
45.06 423.36
36.71 408.74
107.69 400.39
81.59 391.00
76.90 377.95
102.99 377.43
122.30 404.05
133.26 385.26
11.66 394.13
54.45 370.12
156.23 383.17
203.72 388.39
221.99 396.74
252.26 388.39
276.79 389.96
298.71 396.74
319.07 422.84
256.96 427.53
312.28 463.02
466.77 456.24
381.70 444.76
346.73 428.58
340.99 444.23
378.04 415.01
389.52 422.31
388.48 407.70
426.58 422.84
462.59 428.58
496.00 421.27
506.43 419.70
475.64 385.26
458.94 379.00
440.67 381.08
388.48 393.09
359.25 376.91
343.60 377.43
326.89 380.56
325.85 411.88
239.21 415.01
246.00 377.43
281.49 384.21
283.58 373.78
290.88 371.69
307.06 379.52
307.06 371.69
231.38 389.43
44.54 398.31
56.02 404.57
40.88 364.38
57.59 359.16
48.19 357.60
33.58 353.94
21.57 356.03
22.09 345.07
5.39 344.55
17.40 324.72
36.19 330.46
38.27 300.19
21.57 314.80
11.66 302.27
5.92 288.18
18.96 285.57
60.19 287.14
59.15 261.56
106.65 262.09
89.42 287.14
85.25 296.53
77.94 308.54
44.54 331.50
56.54 327.85
73.76 333.07
86.81 354.99
106.65 355.51
104.04 345.59
95.69 344.55
83.68 336.72
99.34 322.11
454.24 362.29
466.77 357.07
481.38 364.38
485.56 373.25
400.48 372.21
389.52 369.60
405.70 362.82
134.83 359.68
268.44 359.16
249.65 359.68
231.38 352.90
220.42 358.64
211.55 368.03
208.94 358.64
201.63 353.94
191.72 356.03
191.72 344.03
182.85 344.55
170.32 346.64
167.71 357.60
111.86 318.45
124.39 320.54
112.91 328.37
120.74 326.80
133.79 327.33
141.09 310.10
142.66 300.71
136.92 268.87
144.75 272.52
160.40 289.75
150.49 289.23
152.57 302.80
151.01 311.67
179.19 320.02
168.75 320.02
197.46 323.67
204.24 323.67
209.46 304.36
197.98 284.53
254.87 318.45
227.73 325.76
238.69 342.46
252.26 349.77
243.39 346.11
258.52 333.59
270.53 323.67
351.95 368.03
347.25 359.16
343.07 348.20
351.95 344.03
364.47 350.29
375.95 351.33
371.78 342.46
288.79 349.25
305.50 356.03
289.32 357.07
301.84 345.59
362.91 359.16
462.07 345.07
479.29 345.07
481.90 337.76
499.13 357.60
490.78 360.73
478.77 356.03
474.07 335.68
468.33 336.72
468.33 331.50
458.42 327.85
455.29 327.85
451.11 330.46
452.68 340.37
447.98 338.81
421.88 333.07
415.10 346.64
420.32 337.24
363.95 331.50
369.17 329.41
338.38 336.72
315.93 333.07
309.67 340.37
321.15 338.29
313.32 340.90
283.05 329.41
270.53 338.81
243.91 333.59
411.44 370.64
510.09 361.25
503.30 399.35
530.70 403.53
516.61 385.26
560.97 434.84
585.50 434.84
624.65 423.88
584.46 416.57
596.46 404.57
599.60 393.61
593.33 390.48
585.50 389.96
566.71 397.78
659.62 415.53
650.22 437.45
692.50 451.02
687.28 438.49
710.76 437.97
685.71 405.61
697.72 406.66
682.58 388.39
660.66 382.65
654.40 390.48
635.61 400.92
616.30 392.57
730.60 426.49
762.43 410.83
750.43 397.78
725.38 398.83
772.35 447.89
727.46 477.12
765.04 380.56
779.13 381.60
750.43 368.03
689.89 374.30
693.54 364.38
677.36 358.64
662.23 371.69
648.66 368.56
632.48 380.04
627.26 368.03
617.86 368.56
606.38 382.65
604.29 361.77
594.90 371.69
586.03 364.90
575.59 369.08
558.89 383.17
549.49 382.65
540.62 363.34
529.14 371.69
531.75 358.64
539.58 346.11
552.10 356.03
555.23 364.38
563.06 363.34
578.20 357.07
779.13 408.22
593.85 350.81
583.42 345.07
570.89 345.07
556.28 347.16
537.49 353.94
514.00 349.77
524.44 340.37
516.61 338.81
482.16 321.58
402.31 322.11
529.66 332.02
534.36 334.11
539.58 335.15
543.75 336.72
541.66 339.85
558.36 339.85
579.24 339.85
584.98 335.68
592.29 332.02
595.42 329.41
604.81 332.02
606.90 342.98
611.08 347.16
603.25 352.38
600.64 345.07
623.60 358.12
615.77 342.46
647.09 360.73
643.44 346.11
652.83 346.11
684.67 351.33
699.28 360.73
663.79 356.03
749.39 360.73
756.17 359.68
764.00 352.38
770.78 359.68
776.53 365.43
781.22 360.73
789.57 351.33
798.97 366.99
794.79 385.26
777.05 342.98
773.39 343.50
784.88 342.46
789.05 345.07
796.88 343.50
794.27 338.81
696.15 338.81
694.06 333.07
692.50 329.41
687.28 341.42
693.02 346.11
687.80 333.07
668.49 337.76
671.62 341.42
675.27 349.77
663.79 335.68
661.18 334.11
655.96 332.02
654.40 339.33
646.57 334.11
651.79 334.11
648.66 332.02
623.60 331.50
635.61 341.42
627.26 338.81
702.41 342.98
701.37 357.07
740.51 348.72
772.35 332.54
783.31 332.54
737.90 334.11
823.24 447.37
824.28 419.70
844.64 397.78
835.24 404.57
807.06 404.05
812.80 391.52
814.36 380.56
810.71 364.90
810.19 371.69
808.10 353.42
814.89 363.86
835.76 381.60
826.89 364.38
849.85 374.30
837.33 373.25
968.33 420.75
1005.39 468.24
999.64 425.45
1010.60 434.84
1005.91 408.22
989.21 397.78
997.56 389.96
963.11 403.53
928.66 398.83
905.70 413.44
932.84 387.87
952.67 382.65
967.81 373.25
982.94 356.03
1002.78 356.03
1006.95 349.77
997.56 346.64
994.43 358.64
991.82 347.68
969.37 338.29
965.20 348.72
971.46 351.33
967.81 365.95
959.98 369.60
930.75 369.60
913.01 369.60
929.71 362.29
936.49 361.25
943.80 359.68
952.67 359.68
943.28 348.72
919.79 353.94
927.62 351.33
924.49 346.11
908.31 352.90
946.93 344.03
946.93 338.81
940.15 344.03
919.27 338.29
944.32 393.09
838.89 353.94
821.15 352.38
804.97 347.68
803.93 317.93
