92.33 452.04
173.75 473.96
224.89 439.51
314.66 455.17
468.11 490.66
385.64 455.17
352.24 455.17
432.62 450.99
469.15 456.21
130.95 441.60
17.17 466.65
527.60 468.74
490.03 472.91
40.13 408.19
4.64 391.49
25.26 341.39
49.79 342.96
71.71 349.74
92.07 375.84
29.96 380.53
85.28 416.02
239.77 409.24
154.70 397.76
119.73 381.58
113.99 397.23
151.04 368.01
162.52 375.31
161.48 360.70
199.58 375.84
235.59 381.58
269.00 374.27
279.43 372.70
248.64 338.26
231.94 332.00
213.67 334.08
161.48 346.09
132.25 329.91
116.60 330.43
99.89 333.56
98.85 364.88
12.21 368.01
19.00 330.43
54.49 337.21
56.58 326.78
63.88 324.69
80.06 332.52
80.06 324.69
4.38 342.43
227.24 315.29
239.77 310.07
254.38 317.38
258.56 326.25
173.48 325.21
162.52 322.60
178.70 315.82
41.44 312.16
22.65 312.68
4.38 305.90
27.87 271.45
0.73 278.76
11.69 295.46
25.26 302.77
16.39 299.11
31.52 286.59
43.53 276.67
124.95 321.03
120.25 312.16
116.07 301.20
124.95 297.03
137.47 303.29
148.95 304.33
144.78 295.46
61.79 302.25
78.50 309.03
62.32 310.07
74.84 298.59
135.91 312.16
235.07 298.07
252.29 298.07
254.90 290.76
272.13 310.60
263.78 313.73
251.77 309.03
247.07 288.68
241.33 289.72
241.33 284.50
231.42 280.85
228.29 280.85
224.11 283.46
225.68 293.37
220.98 291.81
194.88 286.07
188.10 299.64
193.32 290.24
136.95 284.50
142.17 282.41
111.38 289.72
88.93 286.07
82.67 293.37
94.15 291.29
86.32 293.90
56.05 282.41
43.53 291.81
16.91 286.59
184.44 323.64
283.09 314.25
276.30 352.35
303.70 356.53
289.61 338.26
333.97 387.84
358.50 387.84
397.65 376.88
357.46 369.57
369.46 357.57
372.60 346.61
366.33 343.48
358.50 342.96
339.71 350.78
432.62 368.53
423.22 390.45
465.50 404.02
460.28 391.49
483.76 390.97
458.71 358.61
470.72 359.66
455.58 341.39
433.66 335.65
427.40 343.48
408.61 353.92
389.30 345.57
503.60 379.49
535.43 363.83
523.43 350.78
498.38 351.83
500.46 430.12
538.04 333.56
523.43 321.03
462.89 327.30
466.54 317.38
450.36 311.64
435.23 324.69
421.66 321.56
405.48 333.04
400.26 321.03
390.86 321.56
379.38 335.65
377.29 314.77
367.90 324.69
359.03 317.90
348.59 322.08
331.89 336.17
322.49 335.65
313.62 316.34
302.14 324.69
304.75 311.64
312.58 299.11
325.10 309.03
328.23 317.38
336.06 316.34
351.20 310.07
366.85 303.81
356.42 298.07
343.89 298.07
329.28 300.16
310.49 306.94
287.00 302.77
297.44 293.37
289.61 291.81
255.16 274.58
175.31 275.11
302.66 285.02
307.36 287.11
312.58 288.15
316.75 289.72
314.66 292.85
331.36 292.85
352.24 292.85
357.98 288.68
365.29 285.02
368.42 282.41
377.81 285.02
379.90 295.98
384.08 300.16
376.25 305.38
373.64 298.07
396.60 311.12
388.77 295.46
420.09 313.73
416.44 299.11
425.83 299.11
457.67 304.33
472.28 313.73
436.79 309.03
522.39 313.73
529.17 312.68
537.00 305.38
469.15 291.81
467.06 286.07
465.50 282.41
460.28 294.42
466.02 299.11
460.80 286.07
441.49 290.76
444.62 294.42
448.27 302.77
436.79 288.68
434.18 287.11
428.96 285.02
427.40 292.33
419.57 287.11
424.79 287.11
421.66 285.02
396.60 284.50
408.61 294.42
400.26 291.81
475.41 295.98
474.37 310.07
513.51 301.72
510.90 287.11
