112.33 473.04
193.75 494.96
244.89 460.51
334.66 476.17
488.11 511.66
405.64 476.17
372.24 476.17
452.62 471.99
489.15 477.21
150.95 462.60
37.17 487.65
510.03 493.91
60.13 429.19
24.64 412.49
14.99 370.74
45.26 362.39
69.79 363.96
91.71 370.74
112.07 396.84
49.96 401.53
105.28 437.02
259.77 430.24
174.70 418.76
139.73 402.58
133.99 418.23
171.04 389.01
182.52 396.31
181.48 381.70
219.58 396.84
255.59 402.58
289.00 395.27
299.43 393.70
268.64 359.26
251.94 353.00
233.67 355.08
181.48 367.09
152.25 350.91
136.60 351.43
119.89 354.56
118.85 385.88
32.21 389.01
39.00 351.43
74.49 358.21
76.58 347.78
83.88 345.69
100.06 353.52
100.06 345.69
24.38 363.43
247.24 336.29
259.77 331.07
274.38 338.38
278.56 347.25
193.48 346.21
182.52 343.60
198.70 336.82
61.44 333.16
42.65 333.68
24.38 326.90
13.42 332.64
4.55 342.03
1.94 332.64
2.46 278.36
47.87 292.45
20.73 299.76
31.69 316.46
45.26 323.77
36.39 320.11
51.52 307.59
63.53 297.67
144.95 342.03
140.25 333.16
136.07 322.20
144.95 318.03
157.47 324.29
168.95 325.33
164.78 316.46
81.79 323.25
98.50 330.03
82.32 331.07
94.84 319.59
155.91 333.16
255.07 319.07
272.29 319.07
274.90 311.76
292.13 331.60
283.78 334.73
271.77 330.03
267.07 309.68
261.33 310.72
261.33 305.50
251.42 301.85
248.29 301.85
244.11 304.46
245.68 314.37
240.98 312.81
214.88 307.07
208.10 320.64
213.32 311.24
156.95 305.50
162.17 303.41
131.38 310.72
108.93 307.07
102.67 314.37
114.15 312.29
106.32 314.90
76.05 303.41
63.53 312.81
36.91 307.59
204.44 344.64
303.09 335.25
296.30 373.35
323.70 377.53
309.61 359.26
353.97 408.84
378.50 408.84
417.65 397.88
377.46 390.57
389.46 378.57
392.60 367.61
386.33 364.48
378.50 363.96
359.71 371.78
452.62 389.53
443.22 411.45
485.50 425.02
480.28 412.49
503.76 411.97
478.71 379.61
490.72 380.66
475.58 362.39
453.66 356.65
447.40 364.48
428.61 374.92
409.30 366.57
523.60 400.49
518.38 372.83
520.46 451.12
482.89 348.30
486.54 338.38
470.36 332.64
455.23 345.69
441.66 342.56
425.48 354.04
420.26 342.03
410.86 342.56
399.38 356.65
397.29 335.77
387.90 345.69
379.03 338.90
368.59 343.08
351.89 357.17
342.49 356.65
333.62 337.34
322.14 345.69
324.75 332.64
332.58 320.11
345.10 330.03
348.23 338.38
356.06 337.34
371.20 331.07
386.85 324.81
376.42 319.07
363.89 319.07
349.28 321.16
330.49 327.94
307.00 323.77
317.44 314.37
309.61 312.81
275.16 295.58
195.31 296.11
322.66 306.02
327.36 308.11
332.58 309.15
336.75 310.72
334.66 313.85
351.36 313.85
372.24 313.85
377.98 309.68
385.29 306.02
388.42 303.41
397.81 306.02
399.90 316.98
404.08 321.16
396.25 326.38
393.64 319.07
416.60 332.12
408.77 316.46
440.09 334.73
436.44 320.11
445.83 320.11
477.67 325.33
492.28 334.73
456.79 330.03
489.15 312.81
487.06 307.07
485.50 303.41
480.28 315.42
486.02 320.11
480.80 307.07
461.49 311.76
464.62 315.42
468.27 323.77
456.79 309.68
454.18 308.11
448.96 306.02
447.40 313.33
439.57 308.11
444.79 308.11
441.66 306.02
416.60 305.50
428.61 315.42
420.26 312.81
495.41 316.98
494.37 331.07
533.51 322.72
530.90 308.11
