26.17 530.42
19.53 558.86
54.61 595.84
71.68 613.86
31.86 504.82
83.06 515.25
84.00 492.49
108.66 529.47
29.01 490.60
91.59 576.88
135.20 564.55
186.40 613.86
273.63 595.84
222.43 575.93
209.16 597.74
213.90 552.23
207.26 536.11
163.65 528.52
172.18 497.23
142.79 500.08
125.72 509.56
113.40 498.18
126.67 540.85
240.45 526.63
275.53 496.29
298.29 510.51
290.70 535.16
323.89 544.64
404.48 581.62
382.67 516.20
445.25 519.04
484.12 561.71
481.28 530.42
500.24 517.14
541.01 575.93
577.99 531.37
548.60 526.63
608.33 483.96
326.73 491.54
315.35 511.46
47.97 496.29
520.63 422.09
578.94 433.00
597.90 405.50
611.17 383.22
592.21 393.17
576.09 388.43
559.50 400.29
549.54 389.86
501.66 400.29
490.76 413.56
425.34 466.66
420.60 422.57
473.69 427.78
536.74 390.33
606.91 362.36
601.69 366.15
558.08 376.11
521.10 380.85
492.18 394.60
488.39 388.43
494.08 383.69
499.29 376.11
491.71 373.26
485.07 371.84
502.14 368.52
514.94 374.21
566.61 361.41
589.84 359.04
597.90 352.88
606.91 349.09
609.75 314.95
538.17 365.20
550.97 370.42
532.00 373.74
520.63 370.89
511.62 368.05
559.97 356.67
559.97 348.14
571.35 347.19
577.04 349.56
586.52 312.58
598.85 335.34
605.01 343.87
577.99 366.15
582.26 371.84
600.74 377.53
598.37 324.91
602.64 305.47
613.07 304.52
612.12 342.45
562.82 313.53
566.61 303.10
570.40 308.31
572.77 309.74
581.31 306.42
569.93 327.28
567.09 333.91
573.25 335.34
557.60 336.29
578.46 337.71
397.84 409.29
388.83 422.09
352.33 420.20
341.43 412.14
330.52 406.92
321.04 402.66
300.18 404.55
266.52 416.40
376.03 406.92
363.71 398.86
375.09 394.12
395.00 391.75
404.95 384.17
413.01 374.21
415.86 401.23
388.36 379.90
370.82 387.01
355.17 393.65
350.91 390.80
402.11 369.94
394.05 369.94
349.49 378.00
367.03 373.26
342.37 371.84
327.20 376.58
319.14 388.91
304.45 392.23
320.09 370.89
328.63 367.57
365.13 360.94
375.56 361.89
356.60 366.15
347.59 362.83
337.16 365.20
369.87 358.57
385.04 358.09
384.57 364.26
385.04 351.93
382.67 348.14
373.19 320.64
368.45 351.93
377.93 351.93
363.71 355.25
354.70 358.57
349.01 328.23
340.00 358.09
377.93 379.43
557.60 303.57
557.13 310.69
560.92 310.21
597.90 309.26
593.16 312.11
586.05 302.63
596.48 305.94
130.46 419.49
175.97 416.64
226.23 433.71
219.59 413.80
200.63 408.11
252.77 412.85
285.01 389.14
296.39 380.61
299.23 373.03
307.77 379.66
320.09 327.51
381.25 310.21
386.94 308.31
377.46 305.00
370.82 304.52
360.86 307.37
355.17 306.42
362.29 305.47
347.59 303.57
342.85 305.00
331.47 306.89
384.57 326.80
358.97 327.75
360.86 323.96
367.97 324.91
354.23 327.75
340.00 331.07
343.80 327.28
337.63 326.80
333.37 328.23
330.52 327.28
332.42 331.54
360.86 349.56
369.87 347.66
333.37 336.29
337.16 337.71
331.47 343.87
331.00 347.19
292.12 361.41
296.86 358.57
302.08 358.09
294.49 353.83
294.49 344.82
301.13 344.34
295.91 339.13
303.03 336.29
296.39 336.29
295.44 332.97
306.82 328.23
304.45 308.79
314.40 308.31
317.72 305.94
324.36 305.47
306.34 306.42
294.49 304.05
297.34 306.89
268.89 306.42
285.49 306.89
274.58 303.57
280.27 328.23
276.48 332.02
271.26 340.55
274.58 339.60
275.53 336.29
279.80 336.29
278.85 339.13
283.11 341.97
284.54 338.66
287.86 333.91
288.33 329.65
284.06 351.46
276.00 350.51
266.05 352.88
259.41 357.14
254.20 360.46
265.57 368.05
276.48 359.99
282.17 365.68
289.28 350.03
285.01 382.27
284.06 373.26
259.89 383.69
274.58 386.54
261.78 392.23
257.51 398.86
229.54 331.54
161.75 402.66
175.50 403.60
183.56 382.27
169.34 387.49
169.81 383.69
150.85 386.06
134.73 396.97
101.07 421.14
119.09 418.30
84.00 417.83
109.13 392.70
177.40 369.00
186.40 364.73
166.49 363.78
121.46 338.66
169.34 376.11
182.14 355.72
184.98 359.99
186.88 363.78
194.94 357.14
199.68 360.46
200.15 351.93
202.05 357.62
205.84 344.34
210.11 342.45
211.53 347.66
217.69 335.81
257.04 309.26
248.03 308.79
235.71 309.26
209.16 315.90
211.06 314.95
199.68 306.89
157.01 307.84
163.17 313.06
175.03 315.43
181.19 306.42
186.88 307.84
172.18 262.33
184.51 323.49
194.46 323.49
181.66 348.14
183.56 344.34
188.30 342.45
184.03 339.13
194.46 340.08
201.57 339.13
194.46 345.77
193.51 351.93
172.18 348.61
175.97 350.03
168.86 355.25
175.03 355.72
167.44 340.55
156.54 345.77
148.95 353.83
152.74 339.60
146.58 309.74
138.05 307.84
139.47 315.43
127.62 307.37
108.18 307.84
111.50 335.81
93.01 310.21
102.02 308.79
85.43 309.26
70.26 308.79
75.94 308.79
65.04 308.79
151.80 372.31
141.84 351.93
143.74 345.77
141.84 339.13
132.83 338.66
139.94 342.92
94.43 359.04
99.65 387.01
89.22 388.43
86.37 381.80
94.43 378.00
84.48 373.74
90.17 375.63
85.90 365.20
83.06 356.20
84.48 345.29
87.80 350.03
72.63 360.46
72.63 385.59
73.57 377.53
66.94 378.00
80.69 398.86
73.10 396.49
81.63 385.59
69.78 350.98
79.74 321.59
98.70 317.80
127.14 317.80
92.54 346.24
100.60 346.71
98.70 350.98
93.49 353.35
70.73 341.03
69.78 333.44
68.83 328.23
63.62 340.08
48.45 310.21
40.39 306.42
32.80 306.89
61.72 310.69
56.03 309.74
55.56 322.54
37.07 330.12
46.55 330.12
37.54 322.54
28.06 331.07
26.17 330.12
56.98 349.09
51.29 344.82
56.98 355.25
61.72 356.20
52.71 366.15
47.97 368.05
44.66 369.47
55.56 402.18
63.62 386.54
44.18 386.54
30.43 390.80
18.11 396.49
11.00 393.17
1.04 400.76
53.66 419.72
1.99 391.75
9.10 386.54
20.95 383.69
29.01 381.32
33.28 370.89
30.43 362.36
20.95 312.58
11.47 323.49
9.57 304.52
10.52 310.69
2.46 307.84
2.46 338.66
46.55 351.93
0.09 368.05
11.94 378.95
0.57 383.22
1.51 435.60
330.52 426.12
248.03 345.53
249.93 337.94
261.31 326.57
259.41 337.00
35.67 358.67
36.69 349.97
111.37 319.79
