66.87 691.23
180.65 715.88
336.14 674.16
442.34 721.57
485.00 746.22
387.34 668.47
103.85 620.11
71.61 606.84
56.44 579.34
9.98 524.35
3.34 486.43
18.51 449.45
45.06 511.08
64.97 513.92
55.49 532.89
100.06 560.38
135.14 595.46
228.06 626.75
198.66 621.06
168.32 587.88
132.29 549.95
163.58 552.80
195.82 533.83
210.04 521.51
210.99 504.44
217.63 494.01
179.70 494.01
165.48 485.48
89.63 441.86
73.51 485.48
106.69 530.04
104.80 500.65
148.41 489.27
125.66 505.39
108.59 513.92
166.43 524.35
146.51 519.61
265.98 499.70
272.62 514.87
272.62 561.33
299.17 541.42
292.53 569.86
327.61 606.84
344.68 624.86
304.86 515.82
356.06 526.25
357.00 503.49
381.66 540.47
302.01 501.60
364.59 587.88
408.20 575.55
459.40 624.86
540.00 659.94
639.55 687.43
615.85 667.52
546.63 606.84
495.43 586.93
482.16 608.74
486.90 563.23
480.26 547.11
436.65 539.52
445.18 508.23
415.79 511.08
398.72 520.56
386.40 509.18
399.67 551.85
513.45 537.63
548.53 507.29
571.29 521.51
563.70 546.16
596.89 555.64
703.08 629.60
677.48 592.62
655.67 527.20
718.25 530.04
757.12 572.71
754.28 541.42
773.24 528.14
814.01 586.93
742.90 756.65
869.95 630.54
905.98 616.32
892.71 585.98
850.99 542.37
821.60 537.63
896.50 549.00
968.56 550.90
943.91 559.43
881.33 494.96
599.73 502.54
588.35 522.46
320.97 507.29
998.90 597.60
967.14 430.25
995.11 446.84
926.37 440.20
890.34 442.10
793.63 433.09
851.94 444.00
870.90 416.50
900.29 412.71
929.21 409.86
954.81 412.71
988.94 415.55
996.06 404.65
989.42 398.96
974.72 403.23
943.43 401.80
929.69 399.91
899.34 400.38
884.17 394.22
865.21 404.17
849.09 399.43
832.50 411.29
822.54 400.86
774.66 411.29
763.76 424.56
698.34 477.66
693.60 433.57
746.69 438.78
809.74 401.33
895.55 380.00
913.09 381.42
929.69 379.05
935.85 385.69
953.39 383.31
964.29 387.58
979.94 389.48
993.21 373.36
976.14 370.04
967.14 367.67
950.07 368.14
948.17 378.10
938.22 375.26
930.63 371.94
923.05 365.30
879.91 373.36
889.86 371.94
874.69 377.15
831.08 387.11
794.10 391.85
765.18 405.60
761.39 399.43
767.08 394.69
772.29 387.11
764.71 384.26
758.07 382.84
775.14 379.52
787.94 385.21
839.61 372.41
862.84 370.04
870.90 363.88
879.91 360.09
882.75 325.95
898.40 361.98
912.14 372.41
915.94 353.45
929.21 355.34
931.58 359.14
920.68 354.87
931.58 350.13
990.84 353.92
998.90 343.49
987.52 332.59
993.21 338.28
979.94 333.06
980.89 337.80
970.46 334.96
966.19 343.97
960.03 343.49
969.51 347.29
971.40 345.86
969.51 350.13
946.75 351.55
944.38 349.66
950.54 316.94
957.18 316.94
961.45 316.94
967.14 316.47
971.88 314.10
975.67 316.47
982.31 312.20
987.05 312.68
994.16 311.26
997.00 315.52
938.69 316.94
944.86 316.94
928.74 316.47
911.20 319.79
905.51 316.47
933.48 316.47
901.71 318.37
897.45 316.00
912.14 341.12
917.83 338.75
922.57 337.80
927.79 343.02
921.63 349.18
919.26 343.97
914.51 348.71
933.48 334.01
957.18 329.27
948.65 335.91
961.45 335.91
950.54 341.60
937.74 346.81
941.54 334.01
933.95 339.23
942.49 341.12
979.94 345.86
986.57 343.97
957.18 357.24
811.17 376.20
823.97 381.42
805.00 384.74
793.63 381.89
784.62 379.05
832.97 367.67
832.97 359.14
844.35 358.19
850.04 360.56
859.52 323.58
871.85 346.34
878.01 354.87
850.99 377.15
855.26 382.84
873.74 388.53
914.51 393.74
871.37 335.91
875.64 316.47
886.07 315.52
887.49 309.83
896.50 334.96
904.56 347.29
894.13 345.86
885.12 353.45
907.88 355.82
933.48 366.25
835.82 324.53
839.61 314.10
843.40 319.31
845.77 320.74
854.31 317.42
842.93 338.28
840.09 344.91
846.25 346.34
830.60 347.29
851.46 348.71
670.84 420.29
661.83 433.09
625.33 431.20
614.43 423.14
603.52 417.92
594.04 413.66
573.18 415.55
539.52 427.40
649.03 417.92
636.71 409.86
648.09 405.12
668.00 402.75
677.95 395.17
686.01 385.21
688.86 412.23
661.36 390.90
643.82 398.01
628.17 404.65
623.91 401.80
675.11 380.94
667.05 380.94
622.49 389.00
640.03 384.26
615.37 382.84
600.20 387.58
592.14 399.91
577.45 403.23
593.09 381.89
601.63 378.57
638.13 371.94
648.56 372.89
629.60 377.15
620.59 373.83
610.16 376.20
642.87 369.57
658.04 369.09
657.57 375.26
658.04 362.93
655.67 359.14
646.19 331.64
641.45 362.93
650.93 362.93
636.71 366.25
627.70 369.57
622.01 339.23
613.00 369.09
650.93 390.43
830.60 314.57
830.13 321.69
833.92 321.21
870.90 320.26
866.16 323.11
859.05 313.63
869.48 316.94
403.46 430.49
448.97 427.64
499.23 444.71
492.59 424.80
473.63 419.11
525.77 423.85
558.01 400.14
569.39 391.61
572.23 384.03
580.77 390.66
593.09 338.51
654.25 321.21
659.94 319.31
650.46 316.00
643.82 315.52
633.86 318.37
628.17 317.42
635.29 316.47
620.59 314.57
615.85 316.00
604.47 317.89
657.57 337.80
631.97 338.75
633.86 334.96
640.97 335.91
627.23 338.75
613.00 342.07
616.80 338.28
610.63 337.80
606.37 339.23
603.52 338.28
605.42 342.54
633.86 360.56
642.87 358.66
606.37 347.29
610.16 348.71
604.47 354.87
604.00 358.19
565.12 372.41
569.86 369.57
575.08 369.09
567.49 364.83
567.49 355.82
574.13 355.34
568.91 350.13
576.03 347.29
569.39 347.29
568.44 343.97
579.82 339.23
577.45 319.79
587.40 319.31
590.72 316.94
597.36 316.47
579.34 317.42
567.49 315.05
570.34 317.89
541.89 317.42
558.49 317.89
547.58 314.57
553.27 339.23
549.48 343.02
544.26 351.55
547.58 350.60
548.53 347.29
552.80 347.29
551.85 350.13
556.11 352.97
557.54 349.66
560.86 344.91
561.33 340.65
557.06 362.46
549.00 361.51
539.05 363.88
532.41 368.14
527.20 371.46
538.57 379.05
549.48 370.99
555.17 376.68
562.28 361.03
558.01 393.27
557.06 384.26
532.89 394.69
547.58 397.54
534.78 403.23
530.51 409.86
502.54 342.54
434.75 413.66
448.50 414.60
456.56 393.27
442.34 398.49
442.81 394.69
423.85 397.06
407.73 407.97
374.07 432.14
392.09 429.30
357.00 428.83
382.13 403.70
450.40 380.00
459.40 375.73
439.49 374.78
394.46 349.66
442.34 387.11
455.14 366.72
457.98 370.99
459.88 374.78
467.94 368.14
472.68 371.46
473.15 362.93
475.05 368.62
478.84 355.34
483.11 353.45
484.53 358.66
490.69 346.81
530.04 320.26
521.03 319.79
508.71 320.26
482.16 326.90
484.06 325.95
472.68 317.89
430.01 318.84
436.17 324.06
448.03 326.43
454.19 317.42
459.88 318.84
445.18 273.33
457.51 334.49
467.46 334.49
454.66 359.14
456.56 355.34
461.30 353.45
457.03 350.13
467.46 351.08
474.57 350.13
467.46 356.77
466.51 362.93
445.18 359.61
448.97 361.03
441.86 366.25
448.03 366.72
440.44 351.55
429.54 356.77
421.95 364.83
425.74 350.60
419.58 320.74
411.05 318.84
412.47 326.43
400.62 318.37
381.18 318.84
384.50 346.81
366.01 321.21
375.02 319.79
358.43 320.26
343.26 319.79
348.94 319.79
338.04 319.79
424.80 383.31
414.84 362.93
416.74 356.77
414.84 350.13
405.83 349.66
412.94 353.92
367.43 370.04
372.65 398.01
362.22 399.43
359.37 392.80
367.43 389.00
357.48 384.74
363.17 386.63
358.90 376.20
356.06 367.20
357.48 356.29
360.80 361.03
345.63 371.46
345.63 396.59
346.57 388.53
339.94 389.00
353.69 409.86
346.10 407.49
354.63 396.59
342.78 361.98
352.74 332.59
371.70 328.80
400.14 328.80
365.54 357.24
373.60 357.71
371.70 361.98
366.49 364.35
343.73 352.03
342.78 344.44
341.83 339.23
336.62 351.08
321.45 321.21
313.39 317.42
305.80 317.89
334.72 321.69
329.03 320.74
328.56 333.54
310.07 341.12
319.55 341.12
310.54 333.54
301.06 342.07
299.17 341.12
329.98 360.09
324.29 355.82
329.98 366.25
334.72 367.20
325.71 377.15
320.97 379.05
317.66 380.47
328.56 413.18
336.62 397.54
317.18 397.54
303.43 401.80
291.11 407.49
284.00 404.17
274.04 411.76
265.51 428.35
255.08 443.52
326.66 430.72
221.42 430.25
195.82 408.91
196.77 430.25
190.13 416.97
147.46 430.72
173.54 420.29
224.26 411.29
261.71 402.75
274.99 402.75
282.10 397.54
293.95 394.69
302.01 392.32
306.28 381.89
303.43 373.36
293.95 323.58
233.74 337.33
284.47 334.49
282.57 315.52
283.52 321.69
275.46 318.84
261.71 318.37
270.72 319.31
267.40 322.63
255.08 321.69
237.54 316.47
249.86 316.94
229.00 316.94
247.02 325.48
256.97 334.96
261.71 336.38
266.46 333.54
272.14 334.49
275.46 349.66
263.14 350.60
266.46 349.18
269.77 347.29
258.87 350.60
249.39 335.91
219.52 314.10
226.63 318.84
219.52 319.79
213.36 316.94
192.97 315.05
196.77 320.26
200.09 320.26
205.77 319.79
211.94 315.52
210.51 319.31
234.69 331.17
212.41 344.91
208.62 349.18
205.30 346.34
219.52 339.23
188.23 346.34
192.97 350.13
198.66 350.13
195.82 349.66
319.55 362.93
214.31 230.19
268.83 239.67
265.51 385.69
273.09 379.05
284.94 389.95
273.57 394.22
250.81 397.54
239.91 398.01
213.83 391.85
204.83 399.43
229.95 396.11
227.11 391.37
228.53 388.06
234.69 383.79
256.03 374.31
246.07 385.69
249.39 378.10
257.45 366.25
260.77 360.56
231.85 366.72
226.63 385.21
218.57 379.52
218.10 385.69
202.46 381.89
216.20 374.31
219.05 370.99
216.20 361.51
211.46 360.56
185.86 316.47
177.33 317.89
175.91 316.47
176.38 324.53
183.97 321.69
167.37 314.57
163.11 313.63
158.37 316.00
156.00 313.15
148.89 315.05
138.46 316.47
136.09 315.52
130.40 315.52
125.66 320.26
122.81 313.63
128.03 318.84
114.75 319.31
110.49 315.05
111.91 316.47
95.79 315.52
101.95 316.47
109.06 320.26
107.17 316.94
116.65 323.58
142.25 336.86
141.77 319.79
156.00 339.70
173.54 346.34
183.49 343.97
180.17 352.03
128.50 359.61
150.31 358.19
144.14 353.45
111.91 343.97
70.66 330.22
81.09 330.22
125.18 345.39
117.12 350.13
104.80 358.19
101.95 354.87
102.90 350.60
93.42 352.97
96.74 352.50
90.57 359.14
198.66 374.78
205.77 380.00
195.82 379.52
187.29 378.57
189.18 387.11
176.38 377.15
177.80 384.26
193.45 354.87
164.53 374.78
156.47 369.57
148.89 370.51
148.41 379.05
145.57 372.89
146.51 385.69
155.05 388.53
165.95 390.90
176.86 391.37
163.58 400.38
167.85 402.28
153.63 406.07
161.69 416.03
133.24 414.60
136.09 404.65
142.72 396.59
135.14 388.06
118.54 381.42
122.34 385.21
126.13 374.31
124.71 377.63
118.07 373.36
123.29 365.30
136.09 372.41
81.57 352.03
84.41 347.76
80.14 357.24
76.83 359.14
73.98 360.09
73.98 352.97
74.93 349.18
85.36 361.98
81.57 364.83
67.34 361.03
59.29 352.97
65.45 352.03
86.78 374.78
87.26 377.15
99.58 379.05
107.17 375.26
107.17 380.00
110.96 388.53
92.00 386.63
76.35 388.06
67.82 386.63
64.97 378.57
75.40 375.73
114.75 415.55
125.66 408.91
130.87 398.49
110.01 398.49
108.11 406.54
97.21 395.17
103.85 393.74
101.95 389.95
83.94 397.54
79.67 402.75
67.34 398.49
64.50 403.23
62.60 413.18
72.56 424.56
98.16 424.56
91.05 412.71
110.96 430.25
129.45 424.56
138.46 380.47
89.15 314.57
68.29 312.20
67.82 316.47
73.03 316.94
81.09 321.21
70.66 313.15
63.55 314.10
61.18 319.79
55.49 317.42
41.27 312.68
41.27 316.00
44.59 322.16
76.83 319.31
61.18 328.80
66.87 370.04
45.54 403.70
45.06 387.58
46.01 379.05
42.69 377.63
24.20 347.29
8.09 353.92
4.77 390.90
13.30 396.11
6.66 398.96
17.57 420.29
40.32 428.83
37.48 418.40
6.19 419.34
23.73 410.34
34.16 390.43
25.15 389.95
14.25 387.11
17.09 382.37
22.78 382.84
28.00 373.36
30.37 314.57
23.73 314.57
19.46 316.00
11.88 315.05
1.45 315.05
20.89 330.69
10.93 333.06
43.64 334.49
15.20 316.00
22.78 341.60
37.95 343.49
34.63 357.71
53.12 353.92
46.01 354.87
40.32 357.24
55.97 360.56
51.23 360.09
96.74 335.91
105.27 346.34
98.16 347.76
274.51 446.60
183.49 429.54
603.52 437.12
521.03 356.53
522.93 348.94
534.31 337.57
532.41 348.00
35.58 675.11
1013.76 375.29
1000.46 384.50
1009.67 361.99
1002.51 357.90
1000.46 349.72
1004.55 353.81
1010.69 354.83
1022.97 354.83
1015.80 347.67
1009.67 341.53
1006.60 340.51
1005.57 314.94
1002.51 311.87
1011.71 312.89
1018.87 311.87
1021.94 313.91
1020.92 342.56
1015.80 371.20
214.81 335.40
229.39 235.15
169.55 316.98
203.82 360.97
252.41 363.02
258.55 358.93
308.67 369.67
309.69 360.97
384.37 330.79
80.04 371.71
53.44 399.33
58.04 393.71
35.03 399.84
37.58 396.26
