270.14 598.16
321.34 592.47
37.85 544.11
5.61 530.84
34.06 484.38
69.14 519.46
162.06 550.75
132.66 545.06
102.32 511.88
66.29 473.95
97.58 476.80
129.82 457.83
144.04 445.51
144.99 428.44
151.63 418.01
113.70 418.01
99.48 409.48
23.63 365.86
7.51 409.48
40.69 454.04
38.80 424.65
82.41 413.27
59.66 429.39
42.59 437.92
100.43 448.35
80.51 443.61
199.98 423.70
206.62 438.87
206.62 485.33
233.17 465.42
226.53 493.86
261.61 530.84
278.68 548.86
238.86 439.82
290.06 450.25
291.00 427.49
315.66 464.47
236.01 425.60
298.59 511.88
342.20 499.55
393.40 548.86
474.00 583.94
573.55 611.43
549.85 591.52
480.63 530.84
429.43 510.93
416.16 532.74
420.90 487.23
414.26 471.11
370.65 463.52
379.18 432.23
349.79 435.08
332.72 444.56
320.40 433.18
333.67 475.85
447.45 461.63
482.53 431.29
505.29 445.51
497.70 470.16
530.89 479.64
611.48 516.62
589.67 451.20
533.73 426.54
522.35 446.46
254.97 431.29
604.84 344.29
595.83 357.09
559.33 355.20
548.43 347.14
537.52 341.92
528.04 337.66
507.18 339.55
473.52 351.40
583.03 341.92
570.71 333.86
582.09 329.12
602.00 326.75
611.95 319.17
595.36 314.90
577.82 322.01
562.17 328.65
557.91 325.80
609.11 304.94
601.05 304.94
556.49 313.00
574.03 308.26
549.37 306.84
534.20 311.58
526.14 323.91
511.45 327.23
527.09 305.89
535.63 302.57
572.13 295.94
582.56 296.89
563.60 301.15
554.59 297.83
544.16 300.20
576.87 293.57
592.04 293.09
591.57 299.26
592.04 286.93
589.67 283.14
580.19 255.64
575.45 286.93
584.93 286.93
570.71 290.25
561.70 293.57
556.01 263.23
547.00 293.09
584.93 314.43
337.46 354.49
382.97 351.64
433.23 368.71
426.59 348.80
407.63 343.11
459.77 347.85
492.01 324.14
503.39 315.61
506.23 308.03
514.77 314.66
527.09 262.51
588.25 245.21
593.94 243.31
584.46 240.00
577.82 239.52
567.86 242.37
562.17 241.42
569.29 240.47
554.59 238.57
549.85 240.00
538.47 241.89
591.57 261.80
565.97 262.75
567.86 258.96
574.97 259.91
561.23 262.75
547.00 266.07
550.80 262.28
544.63 261.80
540.37 263.23
537.52 262.28
539.42 266.54
567.86 284.56
576.87 282.66
540.37 271.29
544.16 272.71
538.47 278.87
538.00 282.19
499.12 296.41
503.86 293.57
509.08 293.09
501.49 288.83
501.49 279.82
508.13 279.34
502.91 274.13
510.03 271.29
503.39 271.29
502.44 267.97
513.82 263.23
511.45 243.79
521.40 243.31
524.72 240.94
531.36 240.47
513.34 241.42
501.49 239.05
504.34 241.89
475.89 241.42
492.49 241.89
481.58 238.57
487.27 263.23
483.48 267.02
478.26 275.55
481.58 274.60
482.53 271.29
486.80 271.29
485.85 274.13
490.11 276.97
491.54 273.66
494.86 268.91
495.33 264.65
491.06 286.46
483.00 285.51
473.05 287.88
466.41 292.14
461.20 295.46
472.57 303.05
483.48 294.99
489.17 300.68
496.28 285.03
492.01 317.27
491.06 308.26
466.89 318.69
481.58 321.54
468.78 327.23
464.51 333.86
436.54 266.54
368.75 337.66
382.50 338.60
390.56 317.27
376.34 322.49
376.81 318.69
357.85 321.06
341.73 331.97
308.07 356.14
326.09 353.30
291.00 352.83
316.13 327.70
384.40 304.00
393.40 299.73
373.49 298.78
328.46 273.66
376.34 311.11
389.14 290.72
391.98 294.99
393.88 298.78
401.94 292.14
406.68 295.46
407.15 286.93
409.05 292.62
412.84 279.34
417.11 277.45
418.53 282.66
424.69 270.81
464.04 244.26
455.03 243.79
442.71 244.26
416.16 250.90
418.06 249.95
406.68 241.89
364.01 242.84
370.17 248.06
382.03 250.43
388.19 241.42
393.88 242.84
379.18 197.33
391.51 258.49
401.46 258.49
388.66 283.14
390.56 279.34
395.30 277.45
391.03 274.13
401.46 275.08
408.57 274.13
401.46 280.77
400.51 286.93
379.18 283.61
382.97 285.03
375.86 290.25
382.03 290.72
374.44 275.55
363.54 280.77
355.95 288.83
359.74 274.60
353.58 244.74
345.05 242.84
346.47 250.43
334.62 242.37
315.18 242.84
318.50 270.81
300.01 245.21
309.02 243.79
292.43 244.26
277.26 243.79
282.94 243.79
272.04 243.79
358.80 307.31
348.84 286.93
350.74 280.77
348.84 274.13
339.83 273.66
346.94 277.92
301.43 294.04
306.65 322.01
296.22 323.43
293.37 316.80
301.43 313.00
291.48 308.74
297.17 310.63
292.90 300.20
290.06 291.20
291.48 280.29
294.80 285.03
279.63 295.46
279.63 320.59
280.57 312.53
273.94 313.00
287.69 333.86
280.10 331.49
288.63 320.59
276.78 285.98
286.74 256.59
305.70 252.80
334.14 252.80
299.54 281.24
307.60 281.71
305.70 285.98
300.49 288.35
277.73 276.03
276.78 268.44
275.83 263.23
270.62 275.08
255.45 245.21
247.39 241.42
239.80 241.89
268.72 245.69
263.03 244.74
262.56 257.54
244.07 265.12
253.55 265.12
244.54 257.54
235.06 266.07
233.17 265.12
263.98 284.09
258.29 279.82
263.98 290.25
268.72 291.20
259.71 301.15
254.97 303.05
251.66 304.47
262.56 337.18
270.62 321.54
251.18 321.54
237.43 325.80
225.11 331.49
218.00 328.17
208.04 335.76
199.51 352.35
189.08 367.52
260.66 354.72
155.42 354.25
129.82 332.91
130.77 354.25
124.13 340.97
81.46 354.72
107.54 344.29
158.26 335.29
195.71 326.75
208.99 326.75
216.10 321.54
227.95 318.69
236.01 316.32
240.28 305.89
237.43 297.36
227.95 247.58
167.74 261.33
218.47 258.49
216.57 239.52
217.52 245.69
209.46 242.84
195.71 242.37
204.72 243.31
201.40 246.63
189.08 245.69
171.54 240.47
183.86 240.94
163.00 240.94
181.02 249.48
190.97 258.96
195.71 260.38
200.46 257.54
206.14 258.49
209.46 273.66
197.14 274.60
200.46 273.18
203.77 271.29
192.87 274.60
183.39 259.91
153.52 238.10
160.63 242.84
153.52 243.79
147.36 240.94
126.97 239.05
130.77 244.26
134.09 244.26
139.77 243.79
145.94 239.52
144.51 243.31
168.69 255.17
146.41 268.91
142.62 273.18
139.30 270.34
153.52 263.23
122.23 270.34
126.97 274.13
132.66 274.13
129.82 273.66
253.55 286.93
148.31 154.19
202.83 163.67
199.51 309.69
207.09 303.05
218.94 313.95
207.57 318.22
184.81 321.54
173.91 322.01
147.83 315.85
138.83 323.43
163.95 320.11
161.11 315.37
162.53 312.06
168.69 307.79
190.03 298.31
180.07 309.69
183.39 302.10
191.45 290.25
194.77 284.56
165.85 290.72
160.63 309.21
152.57 303.52
152.10 309.69
136.46 305.89
150.20 298.31
153.05 294.99
150.20 285.51
145.46 284.56
119.86 240.47
111.33 241.89
109.91 240.47
110.38 248.53
117.97 245.69
101.37 238.57
97.11 237.63
92.37 240.00
90.00 237.15
82.89 239.05
72.46 240.47
70.09 239.52
64.40 239.52
59.66 244.26
56.81 237.63
62.03 242.84
48.75 243.31
44.49 239.05
45.91 240.47
29.79 239.52
35.95 240.47
43.06 244.26
41.17 240.94
50.65 247.58
76.25 260.86
75.77 243.79
90.00 263.70
107.54 270.34
117.49 267.97
114.17 276.03
62.50 283.61
84.31 282.19
78.14 277.45
45.91 267.97
4.66 254.22
15.09 254.22
59.18 269.39
51.12 274.13
38.80 282.19
35.95 278.87
36.90 274.60
27.42 276.97
30.74 276.50
24.57 283.14
132.66 298.78
139.77 304.00
129.82 303.52
121.29 302.57
123.18 311.11
110.38 301.15
111.80 308.26
127.45 278.87
98.53 298.78
90.47 293.57
82.89 294.51
82.41 303.05
79.57 296.89
80.51 309.69
89.05 312.53
99.95 314.90
110.86 315.37
97.58 324.38
101.85 326.28
87.63 330.07
95.69 340.03
67.24 338.60
70.09 328.65
76.72 320.59
69.14 312.06
52.54 305.42
56.34 309.21
60.13 298.31
58.71 301.63
52.07 297.36
57.29 289.30
70.09 296.41
15.57 276.03
18.41 271.76
14.14 281.24
10.83 283.14
7.98 284.09
7.98 276.97
8.93 273.18
19.36 285.98
15.57 288.83
1.34 285.03
20.78 298.78
21.26 301.15
33.58 303.05
41.17 299.26
41.17 304.00
44.96 312.53
26.00 310.63
10.35 312.06
1.82 310.63
9.40 299.73
48.75 339.55
59.66 332.91
64.87 322.49
44.01 322.49
42.11 330.54
31.21 319.17
37.85 317.74
35.95 313.95
17.94 321.54
13.67 326.75
1.34 322.49
6.56 348.56
32.16 348.56
25.05 336.71
44.96 354.25
63.45 348.56
72.46 304.47
23.15 238.57
2.29 236.20
1.82 240.47
7.03 240.94
15.09 245.21
4.66 237.15
10.83 243.31
0.87 294.04
30.74 259.91
39.27 270.34
32.16 271.76
208.51 370.60
117.49 353.54
537.52 361.12
455.03 280.53
456.93 272.94
468.31 261.57
466.41 272.00
148.81 259.40
163.39 159.15
103.55 240.98
137.82 284.97
186.41 287.02
192.55 282.93
242.67 293.67
243.69 284.97
318.37 254.79
14.04 295.71
