220.14 607.16
271.34 601.47
19.14 528.46
112.06 559.75
82.66 554.06
52.32 520.88
16.29 482.95
47.58 485.80
79.82 466.83
94.04 454.51
94.99 437.44
101.63 427.01
63.70 427.01
49.48 418.48
32.41 422.27
9.66 438.39
50.43 457.35
30.51 452.61
149.98 432.70
156.62 447.87
156.62 494.33
183.17 474.42
176.53 502.86
211.61 539.84
228.68 557.86
188.86 448.82
240.06 459.25
241.00 436.49
265.66 473.47
186.01 434.60
248.59 520.88
292.20 508.55
343.40 557.86
424.00 592.94
499.85 600.52
430.63 539.84
379.43 519.93
366.16 541.74
370.90 496.23
364.26 480.11
320.65 472.52
329.18 441.23
299.79 444.08
282.72 453.56
270.40 442.18
283.67 484.85
397.45 470.63
432.53 440.29
455.29 454.51
447.70 479.16
480.89 488.64
587.08 562.60
561.48 525.62
539.67 460.20
602.25 463.04
483.73 435.54
472.35 455.46
204.97 440.29
582.34 410.66
577.60 366.57
554.84 353.29
545.83 366.09
509.33 364.20
498.43 356.14
487.52 350.92
478.04 346.66
457.18 348.55
423.52 360.40
533.03 350.92
520.71 342.86
532.09 338.12
552.00 335.75
561.95 328.17
570.01 318.21
572.86 345.23
545.36 323.90
527.82 331.01
512.17 337.65
507.91 334.80
559.11 313.94
551.05 313.94
506.49 322.00
524.03 317.26
499.37 315.84
484.20 320.58
476.14 332.91
461.45 336.23
477.09 314.89
485.63 311.57
522.13 304.94
532.56 305.89
513.60 310.15
504.59 306.83
494.16 309.20
526.87 302.57
542.04 302.09
541.57 308.26
542.04 295.93
539.67 292.14
530.19 264.64
525.45 295.93
534.93 295.93
520.71 299.25
511.70 302.57
506.01 272.23
497.00 302.09
534.93 323.43
287.46 363.49
332.97 360.64
383.23 377.71
376.59 357.80
357.63 352.11
409.77 356.85
442.01 333.14
453.39 324.61
456.23 317.03
464.77 323.66
477.09 271.51
538.25 254.21
543.94 252.31
534.46 249.00
527.82 248.52
517.86 251.37
512.17 250.42
519.29 249.47
504.59 247.57
499.85 249.00
488.47 250.89
541.57 270.80
515.97 271.75
517.86 267.96
524.97 268.91
511.23 271.75
497.00 275.07
500.80 271.28
494.63 270.80
490.37 272.23
487.52 271.28
489.42 275.54
517.86 293.56
526.87 291.66
490.37 280.29
494.16 281.71
488.47 287.87
488.00 291.19
449.12 305.41
453.86 302.57
459.08 302.09
451.49 297.83
451.49 288.82
458.13 288.34
452.91 283.13
460.03 280.29
453.39 280.29
452.44 276.97
463.82 272.23
461.45 252.79
471.40 252.31
474.72 249.94
481.36 249.47
463.34 250.42
451.49 248.05
454.34 250.89
425.89 250.42
442.49 250.89
431.58 247.57
437.27 272.23
433.48 276.02
428.26 284.55
431.58 283.60
432.53 280.29
436.80 280.29
435.85 283.13
440.11 285.97
441.54 282.66
444.86 277.91
445.33 273.65
441.06 295.46
433.00 294.51
423.05 296.88
416.41 301.14
411.20 304.46
422.57 312.05
433.48 303.99
439.17 309.68
446.28 294.03
442.01 326.27
441.06 317.26
416.89 327.69
431.58 330.54
418.78 336.23
414.51 342.86
386.54 275.54
318.75 346.66
332.50 347.60
340.56 326.27
326.34 331.49
326.81 327.69
307.85 330.06
291.73 340.97
258.07 365.14
276.09 362.30
241.00 361.83
266.13 336.70
334.40 313.00
343.40 308.73
323.49 307.78
278.46 282.66
326.34 320.11
339.14 299.72
341.98 303.99
343.88 307.78
351.94 301.14
356.68 304.46
357.15 295.93
359.05 301.62
362.84 288.34
367.11 286.45
368.53 291.66
374.69 279.81
414.04 253.26
405.03 252.79
392.71 253.26
366.16 259.90
368.06 258.95
356.68 250.89
314.01 251.84
320.17 257.06
332.03 259.43
338.19 250.42
343.88 251.84
329.18 206.33
341.51 267.49
351.46 267.49
338.66 292.14
340.56 288.34
345.30 286.45
341.03 283.13
351.46 284.08
358.57 283.13
351.46 289.77
350.51 295.93
329.18 292.61
332.97 294.03
325.86 299.25
332.03 299.72
324.44 284.55
313.54 289.77
305.95 297.83
309.74 283.60
303.58 253.74
295.05 251.84
296.47 259.43
284.62 251.37
265.18 251.84
268.50 279.81
250.01 254.21
259.02 252.79
242.43 253.26
227.26 252.79
232.94 252.79
222.04 252.79
308.80 316.31
298.84 295.93
300.74 289.77
298.84 283.13
289.83 282.66
296.94 286.92
251.43 303.04
256.65 331.01
246.22 332.43
243.37 325.80
251.43 322.00
241.48 317.74
247.17 319.63
242.90 309.20
240.06 300.20
241.48 289.29
244.80 294.03
229.63 304.46
229.63 329.59
230.57 321.53
223.94 322.00
237.69 342.86
230.10 340.49
238.63 329.59
226.78 294.98
236.74 265.59
255.70 261.80
284.14 261.80
249.54 290.24
257.60 290.71
255.70 294.98
250.49 297.35
227.73 285.03
226.78 277.44
225.83 272.23
220.62 284.08
205.45 254.21
197.39 250.42
189.80 250.89
218.72 254.69
213.03 253.74
212.56 266.54
194.07 274.12
203.55 274.12
194.54 266.54
185.06 275.07
183.17 274.12
213.98 293.09
208.29 288.82
213.98 299.25
218.72 300.20
209.71 310.15
204.97 312.05
201.66 313.47
212.56 346.18
220.62 330.54
201.18 330.54
187.43 334.80
175.11 340.49
168.00 337.17
158.04 344.76
149.51 361.35
139.08 376.52
210.66 363.72
105.42 363.25
79.82 341.91
80.77 363.25
74.13 349.97
31.46 363.72
57.54 353.29
108.26 344.29
145.71 335.75
158.99 335.75
166.10 330.54
177.95 327.69
186.01 325.32
190.28 314.89
187.43 306.36
177.95 256.58
117.74 270.33
168.47 267.49
166.57 248.52
167.52 254.69
159.46 251.84
145.71 251.37
154.72 252.31
151.40 255.63
139.08 254.69
121.54 249.47
133.86 249.94
113.00 249.94
131.02 258.48
140.97 267.96
145.71 269.38
150.46 266.54
156.14 267.49
159.46 282.66
147.14 283.60
150.46 282.18
153.77 280.29
142.87 283.60
133.39 268.91
103.52 247.10
110.63 251.84
103.52 252.79
97.36 249.94
76.97 248.05
80.77 253.26
84.09 253.26
89.77 252.79
95.94 248.52
94.51 252.31
118.69 264.17
96.41 277.91
92.62 282.18
89.30 279.34
103.52 272.23
72.23 279.34
76.97 283.13
82.66 283.13
79.82 282.66
203.55 295.93
98.31 163.19
152.83 172.67
149.51 318.69
157.09 312.05
168.94 322.95
157.57 327.22
134.81 330.54
123.91 331.01
97.83 324.85
88.83 332.43
113.95 329.11
111.11 324.37
112.53 321.06
118.69 316.79
140.03 307.31
130.07 318.69
133.39 311.10
141.45 299.25
144.77 293.56
115.85 299.72
110.63 318.21
102.57 312.52
102.10 318.69
86.46 314.89
100.20 307.31
103.05 303.99
100.20 294.51
95.46 293.56
69.86 249.47
61.33 250.89
59.91 249.47
60.38 257.53
67.97 254.69
51.37 247.57
47.11 246.63
42.37 249.00
40.00 246.15
32.89 248.05
22.46 249.47
20.09 248.52
14.40 248.52
9.66 253.26
6.81 246.63
12.03 251.84
0.65 256.58
26.25 269.86
25.77 252.79
40.00 272.70
57.54 279.34
67.49 276.97
64.17 285.03
12.50 292.61
34.31 291.19
28.14 286.45
9.18 278.39
1.12 283.13
82.66 307.78
89.77 313.00
79.82 312.52
71.29 311.57
73.18 320.11
60.38 310.15
61.80 317.26
77.45 287.87
48.53 307.78
40.47 302.57
32.89 303.51
32.41 312.05
29.57 305.89
30.51 318.69
39.05 321.53
49.95 323.90
60.86 324.37
47.58 333.38
51.85 335.28
37.63 339.07
45.69 349.03
17.24 347.60
20.09 337.65
26.72 329.59
19.14 321.06
2.54 314.42
6.34 318.21
10.13 307.31
8.71 310.63
2.07 306.36
7.29 298.30
20.09 305.41
9.66 341.91
14.87 331.49
13.45 357.56
22.46 313.47
158.51 379.60
67.49 362.54
487.52 370.12
405.03 289.53
406.93 281.94
418.31 270.57
416.41 281.00
98.81 268.40
113.39 168.15
53.55 249.98
87.82 293.97
136.41 296.02
142.55 291.93
192.67 302.67
193.69 293.97
268.37 263.79
