105.17 447.07
74.97 386.67
86.16 287.12
82.80 267.55
123.63 320.12
140.40 296.07
123.63 277.05
161.10 258.04
168.93 292.15
186.26 301.10
185.70 263.07
165.57 233.43
111.88 232.87
133.13 208.26
226.53 380.52
244.43 328.51
223.73 428.05
266.80 434.76
175.08 449.86
103.49 194.84
114.12 179.74
96.22 173.03
72.17 197.64
144.32 192.61
146.56 180.86
152.15 166.88
163.89 156.25
138.73 142.27
148.23 108.72
137.05 99.21
153.27 99.21
146.56 92.50
163.33 110.95
120.27 105.36
118.59 98.09
100.14 87.46
112.44 79.64
84.48 81.87
71.06 84.67
71.61 102.01
90.63 96.97
103.49 106.48
115.24 112.07
106.29 123.26
92.87 117.11
89.51 107.60
68.26 115.43
104.61 135.00
82.24 132.21
127.54 156.81
107.41 154.58
72.17 160.17
176.76 199.32
181.79 172.47
204.16 181.42
200.24 217.77
238.27 214.98
246.10 233.43
274.07 222.81
256.17 203.23
257.29 189.25
232.12 169.12
225.97 147.86
218.70 132.21
210.31 135.00
223.17 120.46
196.89 107.60
184.59 100.33
163.33 89.70
158.30 81.31
186.26 88.58
329.99 277.05
302.03 291.59
305.94 214.98
285.81 204.91
289.17 186.45
261.76 148.98
245.54 145.07
248.90 115.43
227.09 101.45
218.14 106.48
218.70 95.85
211.43 95.29
207.51 80.19
229.33 85.23
238.83 91.94
266.80 110.39
260.09 87.46
261.20 146.75
267.36 127.73
288.05 132.21
281.90 145.07
286.37 157.93
300.91 154.02
304.83 170.79
308.18 184.78
306.50 211.62
330.55 217.77
329.99 197.08
338.38 171.91
348.45 208.82
367.46 212.74
356.28 185.89
375.29 227.28
346.77 248.53
325.52 271.46
355.16 265.31
355.16 299.42
450.79 359.26
494.41 441.48
575.51 400.65
563.20 358.71
530.77 340.25
495.53 315.64
436.81 292.15
430.10 260.84
437.37 245.74
404.93 244.62
394.31 245.18
323.28 145.63
305.39 138.92
312.10 132.76
298.11 111.51
295.88 101.45
280.22 81.87
270.71 79.08
294.76 82.99
308.74 81.31
320.49 99.77
321.60 114.87
328.31 135.00
349.01 148.42
366.34 161.85
361.87 174.15
392.63 174.15
394.87 196.52
387.60 161.29
415.56 189.25
427.86 197.64
436.25 228.40
441.84 210.50
399.90 230.64
477.64 241.82
673.94 355.91
642.62 277.61
629.76 310.05
584.46 287.68
596.76 271.46
610.74 256.92
574.39 242.38
558.17 222.81
533.00 241.26
510.07 231.75
460.30 211.62
500.01 212.74
506.72 197.08
486.03 214.42
471.49 195.40
494.41 180.86
468.69 173.59
450.23 185.34
432.34 171.35
437.37 151.22
411.09 166.32
421.71 140.04
393.19 142.83
374.17 141.71
375.29 132.21
367.46 124.94
355.72 117.66
348.45 105.92
346.77 97.53
345.09 92.50
325.52 86.91
361.87 89.14
368.58 98.09
383.12 114.31
393.19 101.45
385.92 92.50
379.21 81.31
404.37 107.04
396.54 123.26
407.17 121.02
420.03 136.68
428.98 108.16
420.59 128.29
441.29 126.61
444.08 138.36
460.30 147.31
473.16 138.92
468.69 129.41
461.42 121.58
452.47 123.26
446.88 112.63
441.84 96.97
433.46 92.50
415.00 85.23
432.90 84.11
460.30 102.56
466.45 90.82
477.08 86.35
479.31 98.65
493.86 109.84
493.86 127.17
482.67 142.27
500.57 135.56
510.07 123.82
509.51 107.04
497.21 89.70
522.94 99.77
530.77 108.16
541.95 102.01
558.73 89.70
561.53 96.41
571.59 101.45
586.69 88.58
578.30 76.28
601.79 77.40
621.37 86.91
651.01 86.35
651.57 94.74
676.17 88.58
667.79 101.45
649.89 101.45
624.16 110.39
611.30 103.12
612.42 91.94
596.20 112.63
583.34 109.28
585.57 124.38
609.06 118.22
626.40 137.24
635.35 123.26
653.24 115.43
645.97 128.85
643.74 143.95
648.77 151.78
662.19 179.74
670.02 206.03
637.03 176.39
628.08 190.93
630.31 181.42
618.01 162.96
616.89 142.83
595.64 138.36
587.81 150.66
600.11 151.78
576.63 173.03
566.56 156.25
572.15 139.48
559.85 130.53
548.66 121.02
543.07 138.36
531.33 129.41
524.61 119.34
515.11 141.15
511.19 149.54
538.04 160.17
541.95 177.51
531.33 171.91
510.63 168.00
496.09 157.37
540.83 195.40
564.32 184.22
588.37 192.61
600.11 189.25
601.79 225.04
668.34 254.68
641.50 251.89
54.58 356.26
51.50 326.06
28.57 311.80
28.71 277.40
17.81 256.15
66.04 236.16
128.12 77.47
151.19 64.05
136.09 60.97
107.71 67.68
118.48 62.09
83.24 70.48
67.44 70.34
69.68 76.21
63.53 83.76
58.91 79.84
41.58 69.92
25.92 69.50
26.62 51.88
22.14 60.27
42.56 57.89
55.14 54.82
72.76 47.69
83.10 61.25
59.05 45.59
48.15 43.77
31.23 27.83
19.63 24.34
18.65 32.87
17.81 47.83
43.25 26.30
58.08 30.35
74.99 32.17
119.17 34.13
97.78 33.29
103.51 42.51
141.12 30.21
133.58 25.32
150.49 32.31
163.50 32.31
150.63 25.18
133.44 41.96
140.29 38.32
141.40 48.95
146.86 48.25
158.60 51.18
162.10 43.77
168.53 70.48
143.92 76.63
144.76 41.82
38.64 34.82
22.00 83.34
27.18 88.09
34.45 84.04
47.03 86.70
37.24 137.38
56.25 143.25
52.89 132.62
41.71 172.89
54.01 167.02
61.56 179.60
48.98 192.19
47.02 214.84
57.37 112.77
98.19 64.12
96.80 53.21
90.64 47.62
87.57 43.42
110.22 47.62
127.84 56.85
198.86 61.04
193.27 50.97
181.24 56.01
174.81 46.78
184.04 69.43
175.37 74.46
213.96 68.31
222.07 65.51
227.66 47.62
225.71 40.35
194.39 40.35
238.85 59.64
236.05 50.97
240.53 39.23
253.95 47.34
261.78 60.48
244.44 68.31
235.21 73.90
267.09 68.87
284.99 60.48
269.05 49.57
287.78 47.62
300.65 47.90
318.26 47.62
331.13 42.02
316.59 40.07
307.92 59.92
298.13 69.71
332.24 77.82
325.25 74.74
294.77 43.42
264.85 46.22
323.02 59.08
336.72 63.56
328.33 54.05
316.86 64.67
8.93 213.96
44.65 119.13
28.29 117.73
27.32 130.88
38.50 109.77
143.48 370.59
348.87 75.93
362.99 79.98
365.79 71.88
355.72 63.07
343.55 67.26
368.02 61.04
375.29 39.23
378.93 47.06
390.67 39.23
400.46 68.59
390.95 75.02
374.73 66.35
383.40 75.02
383.40 66.35
380.61 57.68
410.25 65.79
419.19 68.59
425.35 60.48
431.22 53.77
437.93 43.14
428.14 48.74
408.29 58.52
402.98 86.77
443.80 72.50
447.72 62.72
457.78 58.80
442.96 53.77
455.27 50.69
477.08 47.90
489.66 56.01
498.61 68.59
489.10 66.35
503.92 47.34
491.34 46.50
477.64 40.07
522.38 69.15
519.02 47.06
533.28 42.02
290.56 26.72
302.45 28.11
315.31 28.11
339.50 34.82
331.53 22.38
333.49 33.01
340.20 28.81
346.35 31.05
355.16 22.38
348.73 23.50
356.28 33.43
359.77 34.54
355.58 40.98
351.10 53.98
374.87 25.46
384.38 22.52
366.20 20.70
387.46 32.45
410.95 27.55
397.24 29.23
669.44 63.21
652.94 59.29
663.99 46.29
663.29 33.99
645.25 38.88
636.58 50.34
643.44 26.72
631.97 23.08
609.04 36.22
614.35 28.11
595.76 27.97
581.64 35.24
586.39 23.50
568.63 29.93
562.06 34.82
549.76 28.95
544.45 23.08
535.64 21.96
532.42 41.26
534.94 60.55
551.58 42.93
552.14 53.70
559.69 44.75
544.03 71.46
559.13 65.30
561.78 72.43
584.99 68.38
594.36 51.88
612.40 53.84
624.56 62.93
636.86 42.65
571.85 24.06
576.04 30.21
544.17 33.71
629.03 57.33
614.35 47.55
474.41 35.24
453.85 35.66
436.52 25.46
428.97 40.98
487.27 33.43
497.06 23.92
493.84 27.83
272.67 23.92
264.28 27.55
270.15 33.29
277.84 47.27
290.42 37.90
283.01 40.84
9.35 21.85
3.24 91.14
7.31 84.34
10.71 65.32
3.92 57.17
3.92 45.62
9.35 38.83
12.07 35.43
26.33 36.79
22.94 33.39
26.33 23.20
33.13 20.49
25.65 98.61
2.56 124.42
2.56 131.90
11.39 153.63
10.71 169.26
22.94 169.94
32.45 157.71
5.95 305.80
63.02 17.09
72.53 21.17
70.49 16.41
50.11 18.45
39.24 19.13
35.84 15.05
33.81 16.41
19.54 17.77
14.78 15.73
9.35 15.73
88.83 15.05
95.62 15.73
96.30 17.77
103.78 23.20
102.42 25.24
97.66 29.32
93.59 30.00
86.79 28.64
82.04 19.81
113.29 18.45
124.83 17.09
124.83 13.69
139.10 18.45
141.14 19.81
134.35 17.77
132.99 15.05
119.40 19.13
116.68 30.68
99.02 20.49
96.98 21.85
51.47 32.03
44.67 36.79
147.25 19.13
174.43 26.60
166.95 20.49
179.86 13.69
34.40 5.33
37.29 10.76
27.61 9.57
10.11 6.01
17.76 4.65
55.12 13.48
51.04 8.89
46.80 14.33
45.10 9.06
59.53 10.93
67.01 12.29
67.86 5.84
77.03 5.16
86.71 13.48
87.73 6.01
93.84 5.33
100.80 8.72
109.80 12.63
106.41 6.52
113.88 5.16
140.37 13.14
149.54 16.37
146.83 9.40
156.85 19.76
168.74 12.63
156.51 8.72
132.56 10.42
118.30 13.65
124.92 7.03
77.37 12.80
4.51 13.48
2.81 6.18
11.98 9.57
658.70 15.69
650.37 18.57
639.00 15.18
635.09 10.42
619.47 16.37
613.86 9.06
606.22 19.25
553.23 18.57
528.78 8.21
515.02 12.46
515.87 26.39
526.57 38.78
521.81 8.38
567.67 4.31
484.70 16.61
472.82 17.63
483.69 11.85
489.46 10.49
515.61 20.00
542.11 20.68
470.44 10.49
449.04 12.53
437.15 8.79
417.11 7.78
413.38 17.97
402.51 11.85
398.43 18.98
395.03 10.15
373.98 11.51
362.43 7.78
350.88 14.57
418.47 27.14
417.11 35.29
427.98 18.65
420.85 17.97
386.20 45.82
396.05 58.73
209.75 39.70
215.86 49.55
208.39 70.61
215.86 33.25
215.52 24.76
202.28 21.02
186.99 21.36
179.18 22.38
192.09 15.25
190.05 11.51
189.37 15.93
205.67 15.25
214.50 13.89
213.15 8.46
224.02 15.25
225.37 21.36
228.77 27.14
244.40 33.25
240.32 27.48
246.09 22.38
253.57 26.46
247.11 11.17
239.64 18.31
235.22 13.55
235.90 7.10
228.77 15.59
311.31 14.57
325.23 16.61
340.52 9.47
302.48 21.70
302.82 13.21
196.84 33.93
202.62 27.48
177.48 6.76
141.14 87.60
184.61 147.72
192.77 156.55
209.75 172.17
197.86 146.70
446.83 37.33
382.30 38.01
533.11 6.90
539.22 4.86
201.60 6.22
