574.83 447.07
605.03 386.67
593.84 287.12
597.20 267.55
556.37 320.12
539.60 296.07
556.37 277.05
518.90 258.04
511.07 292.15
493.74 301.10
494.30 263.07
514.43 233.43
568.12 232.87
546.87 208.26
453.47 380.52
435.57 328.51
456.27 428.05
413.20 434.76
504.92 449.86
576.51 194.84
565.88 179.74
583.78 173.03
607.83 197.64
535.68 192.61
533.44 180.86
527.85 166.88
516.11 156.25
541.27 142.27
531.77 108.72
542.95 99.21
526.73 99.21
533.44 92.50
516.67 110.95
559.73 105.36
561.41 98.09
579.86 87.46
567.56 79.64
595.52 81.87
608.94 84.67
608.39 102.01
589.37 96.97
576.51 106.48
564.76 112.07
573.71 123.26
587.13 117.11
590.49 107.60
611.74 115.43
575.39 135.00
597.76 132.21
552.46 156.81
572.59 154.58
607.83 160.17
503.24 199.32
498.21 172.47
475.84 181.42
479.76 217.77
441.73 214.98
433.90 233.43
405.93 222.81
423.83 203.23
422.71 189.25
447.88 169.12
454.03 147.86
461.30 132.21
469.69 135.00
456.83 120.46
483.11 107.60
495.41 100.33
516.67 89.70
521.70 81.31
493.74 88.58
350.01 277.05
377.97 291.59
374.06 214.98
394.19 204.91
390.83 186.45
418.24 148.98
434.46 145.07
431.10 115.43
452.91 101.45
461.86 106.48
461.30 95.85
468.57 95.29
472.49 80.19
450.67 85.23
441.17 91.94
413.20 110.39
419.91 87.46
418.80 146.75
412.64 127.73
391.95 132.21
398.10 145.07
393.63 157.93
379.09 154.02
375.17 170.79
371.82 184.78
373.50 211.62
349.45 217.77
350.01 197.08
341.62 171.91
331.55 208.82
312.54 212.74
323.72 185.89
304.71 227.28
333.23 248.53
354.48 271.46
324.84 265.31
324.84 299.42
229.21 359.26
185.59 441.48
104.49 400.65
116.80 358.71
149.23 340.25
184.47 315.64
243.19 292.15
249.90 260.84
242.63 245.74
275.07 244.62
285.69 245.18
356.72 145.63
374.61 138.92
367.90 132.76
381.89 111.51
384.12 101.45
399.78 81.87
409.29 79.08
385.24 82.99
371.26 81.31
359.51 99.77
358.40 114.87
351.69 135.00
330.99 148.42
313.66 161.85
318.13 174.15
287.37 174.15
285.13 196.52
292.40 161.29
264.44 189.25
252.14 197.64
243.75 228.40
238.16 210.50
280.10 230.64
202.36 241.82
6.06 355.91
37.38 277.61
50.24 310.05
95.54 287.68
83.24 271.46
69.26 256.92
105.61 242.38
121.83 222.81
147.00 241.26
169.93 231.75
219.70 211.62
179.99 212.74
173.28 197.08
193.97 214.42
208.51 195.40
185.59 180.86
211.31 173.59
229.77 185.34
247.66 171.35
242.63 151.22
268.91 166.32
258.29 140.04
286.81 142.83
305.83 141.71
304.71 132.21
312.54 124.94
324.28 117.66
331.55 105.92
333.23 97.53
334.91 92.50
354.48 86.91
318.13 89.14
311.42 98.09
296.88 114.31
286.81 101.45
294.08 92.50
300.79 81.31
275.63 107.04
283.46 123.26
272.83 121.02
259.97 136.68
251.02 108.16
259.41 128.29
238.71 126.61
235.92 138.36
219.70 147.31
206.84 138.92
211.31 129.41
218.58 121.58
227.53 123.26
233.12 112.63
238.16 96.97
246.54 92.50
265.00 85.23
247.10 84.11
219.70 102.56
213.55 90.82
202.92 86.35
200.69 98.65
186.14 109.84
186.14 127.17
197.33 142.27
179.43 135.56
169.93 123.82
170.49 107.04
182.79 89.70
157.06 99.77
149.23 108.16
138.05 102.01
121.27 89.70
118.47 96.41
108.41 101.45
93.31 88.58
101.70 76.28
78.21 77.40
58.63 86.91
28.99 86.35
28.43 94.74
3.83 88.58
12.21 101.45
30.11 101.45
55.84 110.39
68.70 103.12
67.58 91.94
83.80 112.63
96.66 109.28
94.43 124.38
70.94 118.22
53.60 137.24
44.65 123.26
26.76 115.43
34.03 128.85
36.26 143.95
31.23 151.78
17.81 179.74
9.98 206.03
42.97 176.39
51.92 190.93
49.69 181.42
61.99 162.96
63.11 142.83
84.36 138.36
92.19 150.66
79.89 151.78
103.37 173.03
113.44 156.25
107.85 139.48
120.15 130.53
131.34 121.02
136.93 138.36
148.67 129.41
155.39 119.34
164.89 141.15
168.81 149.54
141.96 160.17
138.05 177.51
148.67 171.91
169.37 168.00
183.91 157.37
139.17 195.40
115.68 184.22
91.63 192.61
79.89 189.25
78.21 225.04
11.66 254.68
38.50 251.89
625.42 356.26
628.50 326.06
651.43 311.80
651.29 277.40
662.19 256.15
613.96 236.16
551.88 77.47
528.81 64.05
543.91 60.97
572.29 67.68
561.52 62.09
596.76 70.48
612.56 70.34
610.32 76.21
616.47 83.76
621.09 79.84
638.42 69.92
654.08 69.50
653.38 51.88
657.86 60.27
637.44 57.89
624.86 54.82
607.24 47.69
596.90 61.25
620.95 45.59
631.85 43.77
648.77 27.83
660.37 24.34
661.35 32.87
662.19 47.83
636.75 26.30
621.92 30.35
605.01 32.17
560.83 34.13
582.22 33.29
576.49 42.51
538.88 30.21
546.42 25.32
529.51 32.31
516.50 32.31
529.37 25.18
546.56 41.96
539.71 38.32
538.60 48.95
533.14 48.25
521.40 51.18
517.90 43.77
511.47 70.48
536.08 76.63
535.24 41.82
641.36 34.82
658.00 83.34
652.82 88.09
645.55 84.04
632.97 86.70
642.76 137.38
623.75 143.25
627.11 132.62
638.29 172.89
625.99 167.02
618.44 179.60
631.02 192.19
632.98 214.84
622.63 112.77
581.81 64.12
583.20 53.21
589.36 47.62
592.43 43.42
569.78 47.62
552.16 56.85
481.14 61.04
486.73 50.97
498.76 56.01
505.19 46.78
495.96 69.43
504.63 74.46
466.04 68.31
457.93 65.51
452.34 47.62
454.29 40.35
485.61 40.35
441.15 59.64
443.95 50.97
439.47 39.23
426.05 47.34
418.22 60.48
435.56 68.31
444.79 73.90
412.91 68.87
395.01 60.48
410.95 49.57
392.22 47.62
379.35 47.90
361.74 47.62
348.87 42.02
363.41 40.07
372.08 59.92
381.87 69.71
347.76 77.82
354.75 74.74
385.23 43.42
415.15 46.22
356.98 59.08
343.28 63.56
351.67 54.05
363.14 64.67
671.07 213.96
635.35 119.13
651.71 117.73
652.68 130.88
641.50 109.77
536.52 370.59
331.13 75.93
317.01 79.98
314.21 71.88
324.28 63.07
336.45 67.26
311.98 61.04
304.71 39.23
301.07 47.06
289.33 39.23
279.54 68.59
289.05 75.02
305.27 66.35
296.60 75.02
296.60 66.35
299.39 57.68
269.75 65.79
260.81 68.59
254.65 60.48
248.78 53.77
242.07 43.14
251.86 48.74
271.71 58.52
277.02 86.77
236.20 72.50
232.28 62.72
222.22 58.80
237.04 53.77
224.73 50.69
202.92 47.90
190.34 56.01
181.39 68.59
190.90 66.35
176.08 47.34
188.66 46.50
202.36 40.07
157.62 69.15
160.98 47.06
146.72 42.02
389.44 26.72
377.55 28.11
364.69 28.11
340.50 34.82
348.47 22.38
346.51 33.01
339.80 28.81
333.65 31.05
324.84 22.38
331.27 23.50
323.72 33.43
320.23 34.54
324.42 40.98
328.90 53.98
305.13 25.46
295.62 22.52
313.80 20.70
292.54 32.45
269.05 27.55
282.76 29.23
10.56 63.21
27.06 59.29
16.01 46.29
16.71 33.99
34.75 38.88
43.42 50.34
36.56 26.72
48.03 23.08
70.96 36.22
65.65 28.11
84.24 27.97
98.36 35.24
93.61 23.50
111.37 29.93
117.94 34.82
130.24 28.95
135.55 23.08
144.36 21.96
147.58 41.26
145.06 60.55
128.42 42.93
127.86 53.70
120.31 44.75
135.97 71.46
120.87 65.30
118.22 72.43
95.01 68.38
85.64 51.88
67.60 53.84
55.44 62.93
43.14 42.65
108.15 24.06
103.96 30.21
135.83 33.71
50.97 57.33
65.65 47.55
205.59 35.24
226.15 35.66
243.48 25.46
251.03 40.98
192.73 33.43
182.94 23.92
186.16 27.83
407.33 23.92
415.72 27.55
409.85 33.29
402.16 47.27
389.58 37.90
396.99 40.84
670.65 21.85
676.76 91.14
672.69 84.34
669.29 65.32
676.08 57.17
676.08 45.62
670.65 38.83
667.93 35.43
653.67 36.79
657.06 33.39
653.67 23.20
646.87 20.49
654.35 98.61
677.44 124.42
677.44 131.90
668.61 153.63
669.29 169.26
657.06 169.94
647.55 157.71
674.05 305.80
616.98 17.09
607.47 21.17
609.51 16.41
629.89 18.45
640.76 19.13
644.16 15.05
646.19 16.41
660.46 17.77
665.22 15.73
670.65 15.73
591.17 15.05
584.38 15.73
583.70 17.77
576.22 23.20
577.58 25.24
582.34 29.32
586.41 30.00
593.21 28.64
597.96 19.81
566.71 18.45
555.17 17.09
555.17 13.69
540.90 18.45
538.86 19.81
545.65 17.77
547.01 15.05
560.60 19.13
563.32 30.68
580.98 20.49
583.02 21.85
628.53 32.03
635.33 36.79
532.75 19.13
505.57 26.60
513.05 20.49
500.14 13.69
645.60 5.33
642.71 10.76
652.39 9.57
669.89 6.01
662.24 4.65
624.88 13.48
628.96 8.89
633.20 14.33
634.90 9.06
620.47 10.93
612.99 12.29
612.14 5.84
602.97 5.16
593.29 13.48
592.27 6.01
586.16 5.33
579.20 8.72
570.20 12.63
573.59 6.52
566.12 5.16
539.63 13.14
530.46 16.37
533.17 9.40
523.15 19.76
511.26 12.63
523.49 8.72
547.44 10.42
561.70 13.65
555.08 7.03
602.63 12.80
675.49 13.48
677.19 6.18
668.02 9.57
21.30 15.69
29.63 18.57
41.00 15.18
44.91 10.42
60.53 16.37
66.14 9.06
73.78 19.25
126.77 18.57
151.22 8.21
164.98 12.46
164.13 26.39
153.43 38.78
158.19 8.38
112.33 4.31
195.30 16.61
207.18 17.63
196.31 11.85
190.54 10.49
164.39 20.00
137.89 20.68
209.56 10.49
230.96 12.53
242.85 8.79
262.89 7.78
266.62 17.97
277.49 11.85
281.57 18.98
284.97 10.15
306.02 11.51
317.57 7.78
329.12 14.57
261.53 27.14
262.89 35.29
252.02 18.65
259.15 17.97
293.80 45.82
283.95 58.73
470.25 39.70
464.14 49.55
471.61 70.61
464.14 33.25
464.48 24.76
477.72 21.02
493.01 21.36
500.82 22.38
487.91 15.25
489.95 11.51
490.63 15.93
474.33 15.25
465.50 13.89
466.85 8.46
455.98 15.25
454.63 21.36
451.23 27.14
435.60 33.25
439.68 27.48
433.91 22.38
426.43 26.46
432.89 11.17
440.36 18.31
444.78 13.55
444.10 7.10
451.23 15.59
368.69 14.57
354.77 16.61
339.48 9.47
377.52 21.70
377.18 13.21
483.16 33.93
477.38 27.48
502.52 6.76
538.86 87.60
495.39 147.72
487.23 156.55
470.25 172.17
482.14 146.70
233.17 37.33
297.70 38.01
146.89 6.90
140.78 4.86
478.40 6.22
