345.60 237.07
324.90 199.04
317.07 233.15
299.74 242.10
300.30 204.07
320.43 174.43
352.87 149.26
259.47 321.52
241.57 269.51
341.68 133.61
339.44 121.86
333.85 107.88
322.11 97.25
347.27 83.27
337.77 49.72
348.95 40.21
332.73 40.21
339.44 33.50
322.67 51.95
358.46 97.81
309.24 140.32
304.21 113.47
281.84 122.42
285.76 158.77
247.73 155.98
239.90 174.43
211.93 163.81
229.83 144.23
228.71 130.25
253.88 110.12
260.03 88.86
267.30 73.21
275.69 76.00
262.83 61.46
289.11 48.60
301.41 41.33
322.67 30.70
327.70 22.31
299.74 29.58
156.01 218.05
183.97 232.59
180.06 155.98
200.19 145.91
196.83 127.45
224.24 89.98
240.46 86.07
237.10 56.43
258.91 42.45
267.86 47.48
267.30 36.85
274.57 36.29
278.49 21.19
256.67 26.23
247.17 32.94
219.20 51.39
225.91 28.46
224.80 87.75
218.64 68.73
197.95 73.21
204.10 86.07
199.63 98.93
185.09 95.02
181.17 111.79
177.82 125.78
179.50 152.62
155.45 158.77
156.01 138.08
147.62 112.91
137.55 149.82
118.54 153.74
129.72 126.89
110.71 168.28
139.23 189.53
160.48 212.46
130.84 206.31
130.84 240.42
35.21 300.26
49.19 233.15
55.90 201.84
48.63 186.74
81.07 185.62
91.69 186.18
162.72 86.63
180.61 79.92
173.90 73.76
187.89 52.51
190.12 42.45
205.78 22.87
215.29 20.08
191.24 23.99
177.26 22.31
165.51 40.77
164.40 55.87
157.69 76.00
136.99 89.42
119.66 102.85
124.13 115.15
93.37 115.15
91.13 137.52
98.40 102.29
70.44 130.25
58.14 138.64
49.75 169.40
44.16 151.50
86.10 171.64
8.36 182.82
25.70 152.62
14.51 136.40
17.31 114.59
35.77 126.34
53.66 112.35
48.63 92.22
74.91 107.32
64.29 81.04
92.81 83.83
111.83 82.71
110.71 73.21
118.54 65.94
130.28 58.66
137.55 46.92
139.23 38.53
140.91 33.50
160.48 27.91
124.13 30.14
117.42 39.09
102.88 55.31
92.81 42.45
100.08 33.50
106.79 22.31
81.63 48.04
89.46 64.26
78.83 62.02
65.97 77.68
57.02 49.16
65.41 69.29
44.71 67.61
41.92 79.36
25.70 88.31
12.84 79.92
17.31 70.41
24.58 62.58
33.53 64.26
39.12 53.63
44.16 37.97
52.54 33.50
71.00 26.23
53.10 25.11
25.70 43.56
19.55 31.82
8.92 27.35
6.69 39.65
3.33 83.27
357.88 18.47
334.81 5.05
349.91 1.97
317.47 11.48
342.08 17.63
287.14 2.04
301.96 10.43
310.63 15.46
272.04 9.31
263.93 6.51
247.15 0.64
224.22 1.48
241.56 9.31
250.79 14.90
218.91 9.87
201.01 1.48
178.08 0.92
187.87 10.71
153.76 18.82
160.75 15.74
162.98 0.08
149.28 4.56
169.14 5.67
342.52 311.59
137.13 16.93
123.01 20.98
120.21 12.88
130.28 4.07
142.45 8.26
117.98 2.04
85.54 9.59
95.05 16.02
111.27 7.35
102.60 16.02
102.60 7.35
75.75 6.79
66.81 9.59
60.65 1.48
83.02 27.77
42.20 13.50
38.28 3.72
277.61 11.61
344.86 28.60
301.39 88.72
293.23 97.55
276.25 113.17
288.14 87.70
