358.37 250.12
341.60 226.07
358.37 207.05
320.90 188.04
313.07 222.15
295.74 231.10
296.30 193.07
316.43 163.43
348.87 138.26
255.47 310.52
237.57 258.51
258.27 358.05
337.68 122.61
335.44 110.86
329.85 96.88
318.11 86.25
343.27 72.27
333.77 38.72
344.95 29.21
328.73 29.21
335.44 22.50
318.67 40.95
361.73 35.36
354.46 86.81
305.24 129.32
300.21 102.47
277.84 111.42
281.76 147.77
243.73 144.98
235.90 163.43
207.93 152.81
225.83 133.23
224.71 119.25
249.88 99.12
256.03 77.86
263.30 62.21
271.69 65.00
258.83 50.46
285.11 37.60
297.41 30.33
318.67 19.70
323.70 11.31
295.74 18.58
152.01 207.05
179.97 221.59
176.06 144.98
196.19 134.91
192.83 116.45
220.24 78.98
236.46 75.07
233.10 45.43
254.91 31.45
263.86 36.48
263.30 25.85
270.57 25.29
274.49 10.19
252.67 15.23
243.17 21.94
215.20 40.39
221.91 17.46
220.80 76.75
214.64 57.73
193.95 62.21
200.10 75.07
195.63 87.93
181.09 84.02
177.17 100.79
173.82 114.78
175.50 141.62
151.45 147.77
152.01 127.08
143.62 101.91
133.55 138.82
114.54 142.74
125.72 115.89
106.71 157.28
135.23 178.53
156.48 201.46
126.84 195.31
126.84 229.42
31.21 289.26
45.19 222.15
51.90 190.84
44.63 175.74
77.07 174.62
87.69 175.18
158.72 75.63
176.61 68.92
169.90 62.76
183.89 41.51
186.12 31.45
201.78 11.87
211.29 9.08
187.24 12.99
173.26 11.31
161.51 29.77
160.40 44.87
153.69 65.00
132.99 78.42
115.66 91.85
120.13 104.15
89.37 104.15
87.13 126.52
94.40 91.29
66.44 119.25
54.14 127.64
45.75 158.40
40.16 140.50
82.10 160.64
4.36 171.82
21.70 141.62
10.51 125.40
13.31 103.59
31.77 115.34
49.66 101.35
44.63 81.22
70.91 96.32
60.29 70.04
88.81 72.83
107.83 71.71
106.71 62.21
114.54 54.94
126.28 47.66
133.55 35.92
135.23 27.53
136.91 22.50
156.48 16.91
120.13 19.14
113.42 28.09
98.88 44.31
88.81 31.45
96.08 22.50
102.79 11.31
77.63 37.04
85.46 53.26
74.83 51.02
61.97 66.68
53.02 38.16
61.41 58.29
40.71 56.61
37.92 68.36
21.70 77.31
8.84 68.92
13.31 59.41
20.58 51.58
29.53 53.26
35.12 42.63
40.16 26.97
48.54 22.50
67.00 15.23
49.10 14.11
21.70 32.56
15.55 20.82
4.92 16.35
2.69 28.65
353.88 7.47
313.47 0.48
338.08 6.63
306.63 4.46
246.79 3.90
149.76 7.82
156.75 4.74
338.52 300.59
133.13 5.93
119.01 9.98
116.21 1.88
91.05 5.02
98.60 5.02
79.02 16.77
38.20 2.50
273.61 0.61
340.86 17.60
297.39 77.72
289.23 86.55
272.25 102.17
284.14 76.70
