353.90 193.04
346.07 227.15
328.74 236.10
329.30 198.07
349.43 168.43
288.47 315.52
270.57 263.51
351.11 91.25
361.73 34.21
351.67 45.95
338.24 134.32
333.21 107.47
310.84 116.42
314.76 152.77
276.73 149.98
268.90 168.43
240.93 157.81
258.83 138.23
257.71 124.25
282.88 104.12
289.03 82.86
296.30 67.21
304.69 70.00
291.83 55.46
318.11 42.60
330.41 35.33
351.67 24.70
356.70 16.31
328.74 23.58
185.01 212.05
212.97 226.59
209.06 149.98
229.19 139.91
225.83 121.45
253.24 83.98
269.46 80.07
266.10 50.43
287.91 36.45
296.86 41.48
296.30 30.85
303.57 30.29
307.49 15.19
285.67 20.23
276.17 26.94
248.20 45.39
254.91 22.46
253.80 81.75
247.64 62.73
226.95 67.21
233.10 80.07
228.63 92.93
214.09 89.02
210.17 105.79
206.82 119.78
208.50 146.62
184.45 152.77
185.01 132.08
176.62 106.91
166.55 143.82
147.54 147.74
158.72 120.89
139.71 162.28
168.23 183.53
189.48 206.46
159.84 200.31
159.84 234.42
64.21 294.26
19.47 250.64
78.19 227.15
84.90 195.84
77.63 180.74
110.07 179.62
120.69 180.18
191.72 80.63
209.61 73.92
202.90 67.76
216.89 46.51
219.12 36.45
234.78 16.87
244.29 14.08
220.24 17.99
206.26 16.31
194.51 34.77
193.40 49.87
186.69 70.00
165.99 83.42
148.66 96.85
153.13 109.15
122.37 109.15
120.13 131.52
127.40 96.29
99.44 124.25
87.14 132.64
78.75 163.40
73.16 145.50
115.10 165.64
37.36 176.82
4.93 166.75
54.70 146.62
14.99 147.74
8.28 132.08
28.97 149.42
43.51 130.40
20.59 115.86
46.31 108.59
64.77 120.34
82.66 106.35
77.63 86.22
103.91 101.32
93.29 75.04
121.81 77.83
140.83 76.71
139.71 67.21
147.54 59.94
159.28 52.66
166.55 40.92
168.23 32.53
169.91 27.50
189.48 21.91
153.13 24.14
146.42 33.09
131.88 49.31
121.81 36.45
129.08 27.50
135.79 16.31
110.63 42.04
118.46 58.26
107.83 56.02
94.97 71.68
86.02 43.16
94.41 63.29
73.71 61.61
70.92 73.36
54.70 82.31
41.84 73.92
46.31 64.41
53.58 56.58
62.53 58.26
68.12 47.63
73.16 31.97
81.54 27.50
100.00 20.23
82.10 19.11
54.70 37.56
48.55 25.82
37.92 21.35
35.69 33.65
21.14 44.84
21.14 62.17
32.33 77.27
14.43 70.56
4.93 58.82
5.49 42.04
17.79 24.70
3.81 84.54
4.37 103.00
18.91 92.37
346.47 5.48
330.96 4.43
339.63 9.46
301.04 3.31
292.93 0.51
270.56 3.31
279.79 8.90
247.91 3.87
216.87 4.71
182.76 12.82
189.75 9.74
166.13 10.93
152.01 14.98
149.21 6.88
171.45 2.26
114.54 3.59
124.05 10.02
140.27 1.35
131.60 10.02
131.60 1.35
104.75 0.79
95.81 3.59
112.02 21.77
71.20 7.50
16.39 3.59
25.90 1.35
306.61 5.61
330.39 82.72
322.23 91.55
305.25 107.17
317.14 81.70
