350.90 237.04
343.07 271.15
325.74 280.10
326.30 242.07
346.43 212.43
285.47 359.52
267.57 307.51
359.85 145.88
348.11 135.25
358.73 78.21
348.67 89.95
335.24 178.32
330.21 151.47
307.84 160.42
311.76 196.77
273.73 193.98
265.90 212.43
237.93 201.81
255.83 182.23
254.71 168.25
279.88 148.12
286.03 126.86
293.30 111.21
301.69 114.00
288.83 99.46
315.11 86.60
327.41 79.33
348.67 68.70
353.70 60.31
325.74 67.58
182.01 256.05
209.97 270.59
206.06 193.98
226.19 183.91
222.83 165.45
250.24 127.98
266.46 124.07
263.10 94.43
284.91 80.45
293.86 85.48
293.30 74.85
300.57 74.29
304.49 59.19
282.67 64.23
273.17 70.94
245.20 89.39
251.91 66.46
250.80 125.75
244.64 106.73
223.95 111.21
230.10 124.07
225.63 136.93
211.09 133.02
207.17 149.79
203.82 163.78
205.50 190.62
181.45 196.77
182.01 176.08
173.62 150.91
163.55 187.82
144.54 191.74
155.72 164.89
136.71 206.28
165.23 227.53
186.48 250.46
156.84 244.31
156.84 278.42
61.21 338.26
16.47 294.64
75.19 271.15
81.90 239.84
74.63 224.74
107.07 223.62
117.69 224.18
188.72 124.63
206.61 117.92
199.90 111.76
213.89 90.51
216.12 80.45
231.78 60.87
241.29 58.08
217.24 61.99
203.26 60.31
191.51 78.77
190.40 93.87
183.69 114.00
162.99 127.42
145.66 140.85
150.13 153.15
119.37 153.15
117.13 175.52
124.40 140.29
96.44 168.25
84.14 176.64
75.75 207.40
70.16 189.50
112.10 209.64
34.36 220.82
1.93 210.75
51.70 190.62
11.99 191.74
5.28 176.08
25.97 193.42
40.51 174.40
17.59 159.86
43.31 152.59
61.77 164.34
79.66 150.35
74.63 130.22
100.91 145.32
90.29 119.04
118.81 121.83
137.83 120.71
136.71 111.21
144.54 103.94
156.28 96.66
163.55 84.92
165.23 76.53
166.91 71.50
186.48 65.91
150.13 68.14
143.42 77.09
128.88 93.31
118.81 80.45
126.08 71.50
132.79 60.31
107.63 86.04
115.46 102.26
104.83 100.02
91.97 115.68
83.02 87.16
91.41 107.29
70.71 105.61
67.92 117.36
51.70 126.31
38.84 117.92
43.31 108.41
50.58 100.58
59.53 102.26
65.12 91.63
70.16 75.97
78.54 71.50
97.00 64.23
79.10 63.11
51.70 81.56
45.55 69.82
34.92 65.35
32.69 77.65
18.14 88.84
18.14 106.17
29.33 121.27
11.43 114.56
1.93 102.82
2.49 86.04
14.79 68.70
0.81 128.54
1.37 147.00
15.91 136.37
360.81 43.05
361.51 11.31
348.50 11.31
361.37 4.18
353.40 30.18
349.90 22.77
343.47 49.48
313.14 40.04
318.73 29.97
330.76 35.01
337.19 25.78
327.96 48.43
336.63 53.46
298.04 47.31
289.93 44.51
284.34 26.62
286.29 19.35
317.61 19.35
273.15 38.64
275.95 29.97
271.47 18.23
258.05 26.34
250.22 39.48
267.56 47.31
276.79 52.90
244.91 47.87
227.01 39.48
242.95 28.57
224.22 26.62
211.35 26.90
193.74 26.62
180.87 21.02
195.41 19.07
204.08 38.92
213.87 48.71
179.76 56.82
186.75 53.74
217.23 22.42
247.15 25.22
188.98 38.08
175.28 42.56
183.67 33.05
195.14 43.67
163.13 54.93
149.01 58.98
146.21 50.88
156.28 42.07
168.45 46.26
143.98 40.04
136.71 18.23
133.07 26.06
121.33 18.23
111.54 47.59
121.05 54.02
137.27 45.35
128.60 54.02
128.60 45.35
131.39 36.68
101.75 44.79
92.81 47.59
86.65 39.48
80.78 32.77
74.07 22.14
83.86 27.74
103.71 37.52
109.02 65.77
68.20 51.50
64.28 41.72
54.22 37.80
69.04 32.77
56.73 29.69
34.92 26.90
22.34 35.01
13.39 47.59
22.90 45.35
8.08 26.34
20.66 25.50
34.36 19.07
221.44 5.72
209.55 7.11
196.69 7.11
172.50 13.82
180.47 1.38
178.51 12.01
171.80 7.81
165.65 10.05
156.84 1.38
163.27 2.50
155.72 12.43
152.23 13.54
156.42 19.98
160.90 32.98
137.13 4.46
127.62 1.52
124.54 11.45
101.05 6.55
114.76 8.23
37.59 14.24
58.15 14.66
75.48 4.46
83.03 19.98
24.73 12.43
14.94 2.92
18.16 6.83
239.33 2.92
247.72 6.55
241.85 12.29
234.16 26.27
221.58 16.90
228.99 19.84
337.57 5.60
93.53 6.14
94.89 14.29
125.80 24.82
115.95 37.73
302.25 18.70
296.14 28.55
303.61 49.61
296.14 12.25
296.48 3.76
309.72 0.02
325.01 0.36
332.82 1.38
286.63 0.36
283.23 6.14
267.60 12.25
271.68 6.48
265.91 1.38
258.43 5.46
209.52 0.70
315.16 12.93
309.38 6.48
327.39 126.72
319.23 135.55
302.25 151.17
314.14 125.70
65.17 16.33
129.70 17.01
