2.77 106.17
89.19 120.11
105.92 78.30
202.09 83.87
224.39 101.99
296.87 78.30
344.26 129.87
419.53 82.48
505.95 83.87
575.64 122.90
600.73 88.05
565.88 348.70
558.91 213.50
546.37 175.86
490.61 164.71
164.46 262.28
117.07 174.47
15.32 233.01
71.07 358.46
19.50 12.79
69.68 36.48
57.13 19.75
89.19 12.79
59.92 71.33
163.06 44.84
181.18 16.97
190.94 39.27
217.42 68.54
243.91 44.84
228.57 25.33
245.30 8.60
273.18 3.03
281.54 22.54
281.54 62.96
335.90 23.94
321.96 16.97
373.53 15.57
402.80 16.97
391.65 19.75
415.35 42.06
387.47 49.02
395.83 32.30
366.56 37.87
369.35 51.81
454.38 62.96
450.19 29.51
471.10 3.03
511.52 28.12
501.77 3.03
538.00 22.54
550.55 55.99
571.46 22.54
582.61 22.54
571.46 0.24
602.12 0.24
592.36 53.21
9.51 7.56
115.44 12.44
104.29 34.74
119.62 49.37
140.07 7.73
172.12 7.04
167.94 16.44
198.26 5.99
235.89 0.42
264.81 36.31
256.10 38.75
443.57 4.60
426.15 19.93
430.68 31.78
597.94 41.88
