29.65 474.11
62.77 474.11
147.78 440.99
284.69 490.67
307.88 439.88
288.00 405.66
231.70 417.80
176.49 417.80
148.89 392.41
106.93 374.74
92.58 396.82
53.94 384.68
30.75 383.58
0.94 416.70
45.10 424.43
414.97 420.01
445.89 510.55
519.86 460.86
361.98 407.87
382.96 417.80
329.96 414.49
278.07 379.16
385.16 394.62
419.39 374.74
444.79 360.39
452.51 389.10
437.06 394.62
431.54 414.49
460.24 424.43
19.99 291.31
36.55 291.04
42.07 291.45
3.01 296.97
18.05 301.53
24.40 298.22
30.34 297.66
37.51 299.04
45.79 299.73
51.31 297.39
59.60 292.42
65.94 298.08
3.56 303.74
2.74 307.05
5.77 307.05
10.05 307.32
11.84 304.70
16.95 304.56
23.85 305.12
23.16 302.91
28.27 305.39
6.19 354.66
1.22 328.03
0.94 337.96
7.57 336.72
4.39 345.97
13.09 342.79
11.57 337.82
22.19 335.75
24.40 340.03
28.13 343.62
32.68 337.13
25.37 330.65
22.33 329.41
13.64 328.03
8.67 331.34
9.50 326.37
11.98 322.92
6.05 315.60
1.91 316.98
13.36 313.26
12.95 308.84
22.75 312.84
21.64 310.64
23.44 306.91
25.23 307.32
26.20 309.39
32.41 307.46
4.39 323.47
15.57 321.95
13.91 318.92
15.16 316.16
16.95 312.15
46.48 303.46
59.60 307.74
63.60 303.74
72.84 306.36
63.87 350.52
60.15 347.35
51.45 344.45
48.42 340.17
54.49 338.93
59.60 342.79
66.63 339.89
63.74 339.62
64.98 334.10
75.74 350.52
75.47 343.76
74.22 327.06
74.78 322.51
67.05 325.13
62.49 326.78
59.60 328.99
54.77 326.23
52.56 330.10
51.73 334.51
40.83 331.61
45.24 327.20
38.48 327.20
34.34 323.33
33.93 321.26
29.51 329.13
16.12 324.44
19.43 322.64
22.61 317.54
27.85 315.19
28.68 315.19
35.31 311.74
30.06 312.29
31.99 314.64
42.34 315.19
44.69 312.29
46.90 317.12
55.32 321.68
57.11 318.92
54.21 316.29
72.71 334.93
76.30 334.24
2.32 312.71
1.35 310.50
4.81 311.19
8.12 313.26
42.34 306.50
44.41 306.91
43.72 304.15
39.45 311.33
40.83 309.26
37.93 308.70
35.58 308.29
58.08 334.79
54.77 304.84
70.77 313.81
68.01 319.05
72.15 321.68
62.91 324.30
61.53 318.92
60.56 315.60
58.49 314.22
56.01 314.22
50.62 316.16
76.43 318.23
77.26 314.22
77.12 306.08
121.29 381.37
82.51 341.96
81.40 335.06
83.75 327.20
81.95 325.13
85.27 323.61
82.64 320.57
79.06 320.02
80.16 311.88
80.30 305.39
97.41 345.69
92.86 343.90
88.44 335.48
106.52 342.52
111.21 350.25
127.77 345.97
120.04 343.21
119.08 337.69
124.87 336.44
126.95 332.86
129.98 334.51
137.02 334.79
138.81 338.10
141.85 342.24
142.68 349.00
133.43 349.83
144.75 335.75
149.16 339.76
154.27 337.69
156.20 346.38
152.34 349.28
98.79 338.24
95.48 331.61
91.75 331.89
93.68 327.06
95.75 324.85
91.89 320.99
88.44 320.30
84.71 317.81
85.54 315.19
83.06 312.71
83.20 309.53
81.26 308.29
85.13 309.53
88.58 305.39
86.37 293.52
92.72 298.08
70.36 298.63
67.19 303.18
66.77 311.74
61.67 312.29
66.50 316.02
69.26 309.53
82.23 306.36
89.68 327.75
114.11 324.44
107.07 332.99
111.76 336.17
111.35 339.76
116.18 331.61
118.25 328.72
111.63 330.65
104.04 322.37
101.28 320.02
94.65 319.47
97.55 312.84
93.27 314.64
87.75 311.74
87.61 316.71
92.99 310.36
92.58 306.36
98.10 297.66
101.00 294.49
108.31 292.42
104.04 292.83
111.21 293.38
114.11 291.87
111.90 301.11
119.77 301.25
122.53 301.11
126.39 292.83
134.40 292.97
141.71 291.87
102.10 306.63
100.03 310.22
98.79 309.53
95.62 308.98
106.93 306.36
115.08 307.74
121.01 308.29
122.53 304.43
129.02 297.66
129.84 292.97
133.02 299.60
132.19 304.43
132.74 307.32
134.81 309.39
126.95 309.53
124.87 308.70
127.08 306.08
122.25 312.15
126.81 315.60
128.33 317.81
123.08 318.36
118.80 321.54
118.80 314.36
109.42 313.26
106.80 319.05
114.94 321.95
119.77 311.19
125.01 321.95
127.22 328.44
131.64 327.34
132.47 322.92
135.92 321.40
137.43 324.44
134.54 328.72
140.33 328.99
142.68 323.89
140.88 321.40
144.33 327.47
148.47 327.06
154.13 324.30
146.40 318.09
141.99 317.81
143.37 314.64
140.61 313.67
137.43 311.74
132.05 315.60
130.95 312.71
129.84 311.74
136.61 305.67
142.68 305.39
146.13 303.87
152.48 292.28
156.48 291.31
162.83 291.87
164.48 293.80
167.24 291.87
178.01 290.49
185.32 296.01
177.18 299.60
173.73 302.49
175.39 301.94
173.45 307.32
167.52 304.56
164.48 303.60
160.21 305.12
159.38 302.77
156.07 298.77
153.17 305.81
144.75 308.29
149.72 314.09
152.34 316.02
149.72 320.30
151.79 310.77
149.44 309.39
154.13 329.96
161.03 333.55
166.55 332.86
168.07 339.07
166.97 344.72
166.00 350.11
174.56 348.31
185.46 350.94
180.77 342.93
178.70 341.00
173.87 337.96
171.11 332.99
179.67 332.58
180.77 336.03
186.70 330.37
182.84 327.75
178.98 326.09
172.63 325.54
168.21 323.33
163.79 327.75
161.17 326.09
157.58 327.06
157.72 323.20
161.17 320.57
164.07 320.99
169.45 317.54
173.32 320.02
170.42 321.68
155.79 316.98
158.00 308.43
155.79 308.84
170.56 314.22
170.97 310.91
166.28 309.95
162.97 307.32
159.79 309.26
165.31 306.36
164.07 315.19
161.03 314.22
158.00 314.64
177.04 308.84
179.39 309.81
182.29 308.70
181.46 306.36
180.22 304.15
178.56 301.11
187.67 310.91
184.22 313.67
187.81 316.71
181.32 320.02
178.42 316.98
180.36 316.29
175.66 312.15
178.42 312.15
180.22 312.29
187.95 307.60
185.05 304.01
187.67 325.82
185.32 326.09
182.01 324.44
195.12 323.75
194.98 338.24
192.50 345.28
200.23 349.14
204.65 349.14
211.68 347.21
215.55 344.17
218.03 336.31
209.06 340.86
204.37 338.93
198.43 341.41
196.78 332.86
203.27 332.58
200.09 327.34
206.58 331.20
208.65 327.06
212.10 327.89
211.55 324.71
205.89 325.68
205.47 321.95
202.58 322.78
198.71 322.78
199.40 320.02
195.54 317.67
194.43 320.02
188.64 322.09
186.15 319.61
190.71 314.22
190.43 308.43
194.98 297.80
200.51 296.28
211.55 297.66
213.48 297.94
223.83 298.22
212.79 284.28
216.79 284.69
222.86 284.41
227.56 284.69
239.84 286.21
251.02 288.28
239.01 295.59
260.13 293.80
264.82 293.80
278.34 295.32
284.55 288.69
289.52 292.42
286.62 297.25
288.97 298.35
290.63 300.29
287.18 301.25
279.31 298.91
278.76 302.77
276.69 302.36
276.69 304.15
274.20 304.56
268.96 301.67
264.13 301.67
263.85 304.01
261.09 310.22
261.09 314.22
258.47 315.19
259.99 318.64
260.68 322.92
266.34 320.57
266.20 327.61
268.54 329.68
200.37 312.71
198.99 312.84
202.58 308.84
202.02 305.67
204.37 302.36
198.30 300.70
195.95 307.46
206.30 319.05
202.02 317.26
204.09 313.81
206.58 313.40
210.58 314.78
208.37 315.19
210.86 320.85
219.00 319.05
223.00 316.29
226.87 314.91
229.90 316.57
231.83 319.61
228.80 319.05
227.00 319.74
229.49 324.44
231.56 325.82
232.66 330.23
230.32 330.51
231.28 341.55
227.28 341.27
224.24 347.49
210.30 310.50
211.82 309.39
210.58 307.19
209.61 303.74
214.72 304.15
207.54 308.84
223.14 306.22
214.31 313.67
239.84 321.82
236.66 320.16
239.01 318.23
238.04 310.36
232.11 307.32
231.83 302.63
224.80 302.36
243.01 297.80
237.63 340.45
246.19 337.96
251.16 344.45
237.77 363.08
238.18 335.34
236.66 326.09
247.98 326.37
247.29 333.55
257.92 343.62
255.57 333.41
256.54 328.72
248.26 317.12
250.47 314.22
246.74 311.19
254.74 310.50
254.74 307.19
254.74 304.43
258.75 304.98
249.78 300.42
242.60 304.43
242.32 307.32
245.36 304.56
228.80 307.32
216.38 316.85
219.69 309.12
217.48 305.94
218.45 296.84
218.58 302.77
233.77 311.46
251.85 316.16
251.29 324.02
260.95 334.37
267.99 337.55
267.30 348.18
274.07 340.17
278.34 335.06
272.96 332.17
279.72 331.20
279.72 327.34
284.00 325.40
274.89 319.05
270.75 319.61
271.72 314.22
268.82 314.78
271.17 311.19
268.54 310.77
271.30 306.91
267.72 305.94
263.44 306.22
284.00 307.05
285.80 309.39
288.97 305.94
291.73 304.70
292.83 309.26
292.83 314.78
291.45 315.19
295.73 315.19
291.45 321.82
294.77 322.51
294.77 319.05
285.52 317.12
282.35 316.57
284.00 309.95
280.97 312.29
278.90 316.16
275.72 310.77
273.65 310.77
275.17 315.74
277.24 317.26
273.38 315.88
282.62 321.26
296.28 331.61
297.53 336.44
299.74 334.51
286.90 332.58
290.63 328.99
277.10 328.99
273.65 325.13
264.40 325.40
261.51 329.27
242.60 318.09
243.43 314.78
239.42 315.60
225.62 329.27
219.14 322.51
219.14 326.65
218.17 331.20
189.74 336.93
196.92 387.99
233.63 396.82
249.09 388.27
259.85 365.91
353.70 361.77
338.24 383.85
325.27 379.16
316.43 381.09
315.88 364.53
325.54 357.91
304.84 359.29
284.42 348.52
285.80 341.90
280.00 344.66
312.02 343.83
323.89 345.76
345.42 346.04
346.52 351.83
352.04 345.76
347.90 340.79
339.62 340.52
342.10 336.10
341.28 330.85
339.07 328.37
332.17 328.37
328.86 327.27
331.89 324.51
330.24 321.47
336.03 321.19
323.06 323.13
319.75 327.82
313.12 330.58
309.53 332.79
311.47 338.31
320.57 335.55
327.48 335.55
324.72 327.82
326.10 322.02
323.06 315.40
318.92 315.40
318.64 318.99
314.23 320.64
307.05 328.37
300.98 329.27
310.22 327.89
312.02 324.85
304.98 322.64
302.77 313.81
300.01 312.02
304.15 311.05
303.74 307.46
310.09 310.64
308.84 313.12
314.92 313.81
312.98 315.74
315.74 311.33
315.88 308.01
313.54 306.77
309.26 306.22
310.50 301.53
307.46 302.36
304.98 302.36
302.91 304.84
300.29 301.39
300.29 299.04
297.80 299.60
303.46 296.97
308.71 295.32
312.29 294.35
316.57 294.21
320.30 298.22
318.92 300.01
313.26 300.01
327.61 292.42
332.72 291.73
344.86 325.40
339.34 324.44
337.27 315.88
333.27 315.19
331.48 317.40
328.03 312.98
326.23 307.19
323.06 302.91
328.03 304.29
329.55 305.25
330.10 302.91
328.30 300.98
326.37 300.98
364.60 338.93
353.42 336.03
349.28 320.85
343.90 316.71
340.31 318.64
352.46 323.47
358.25 324.16
358.25 317.95
354.53 315.74
350.80 308.29
353.97 305.25
350.66 302.91
348.04 299.60
344.04 299.04
339.90 300.42
334.24 299.87
338.38 294.63
336.86 307.05
334.38 305.39
332.72 310.08
338.65 310.91
341.83 309.26
340.59 313.95
343.76 313.12
361.43 322.78
367.64 318.09
360.46 309.67
363.08 309.67
364.19 305.25
358.53 305.25
360.05 301.94
357.84 296.97
352.32 292.14
348.04 294.76
374.54 341.00
370.26 345.55
381.16 340.45
399.52 341.96
406.69 342.38
408.21 333.13
414.70 336.72
401.86 337.69
396.48 334.10
389.30 332.44
389.58 324.44
384.47 320.30
381.71 318.92
373.71 323.61
370.26 320.71
365.15 329.27
361.29 326.51
357.29 328.99
344.86 329.27
373.71 332.58
369.43 328.03
375.64 308.98
360.32 290.62
361.15 295.18
365.98 298.08
367.22 301.11
372.33 307.19
369.57 306.77
370.53 304.01
374.68 300.56
380.89 297.25
377.99 297.39
394.27 289.24
388.48 289.38
396.07 294.21
403.38 294.35
415.94 277.38
412.77 305.94
384.89 312.98
387.65 309.67
387.92 303.87
385.16 302.36
381.71 304.43
394.55 301.39
394.27 305.25
394.27 308.01
397.86 310.22
397.31 305.94
401.73 302.49
405.18 311.88
400.21 313.53
397.31 314.50
393.72 323.47
395.65 327.06
403.38 323.20
395.65 338.65
410.97 325.54
416.35 323.75
422.01 325.68
417.32 318.09
407.11 318.09
402.55 316.02
393.17 316.98
410.56 310.91
420.08 312.02
415.94 311.33
418.15 305.67
414.01 301.80
418.15 299.04
419.53 301.53
419.81 296.42
417.32 289.24
420.22 290.49
391.37 301.11
374.68 312.64
367.77 313.47
369.71 312.09
426.29 339.69
428.50 351.28
442.30 342.45
434.30 334.72
425.74 330.58
429.33 323.68
435.40 322.57
428.50 317.88
424.91 319.26
425.74 313.47
428.78 307.67
431.54 309.60
427.95 304.36
429.88 304.36
382.96 356.25
466.59 354.32
467.97 370.05
480.67 372.81
478.74 333.89
468.52 335.27
472.11 330.03
467.97 322.85
463.83 324.23
460.52 330.85
453.34 335.82
456.38 341.07
461.62 340.79
433.47 327.54
441.47 328.65
446.72 331.41
451.69 331.41
448.65 322.30
442.85 319.81
456.38 318.99
449.20 318.43
471.84 313.19
477.08 314.57
479.29 320.64
475.70 327.54
480.94 327.54
484.26 319.81
482.88 312.09
486.46 313.19
482.05 301.87
455.83 286.14
450.86 289.18
435.68 286.97
434.57 287.80
431.81 286.97
425.74 287.24
428.78 295.52
424.91 297.73
437.33 297.46
434.02 298.28
439.54 293.87
443.13 295.80
455.00 297.46
450.31 300.77
446.99 303.53
449.48 304.36
446.72 306.84
441.75 306.29
438.99 306.29
436.23 308.77
440.09 311.53
447.27 312.64
455.00 314.57
450.86 314.02
452.51 314.57
466.31 310.71
466.59 294.70
458.31 292.49
459.97 287.24
468.25 288.90
463.83 287.24
481.50 285.86
485.91 288.07
486.19 297.46
480.12 287.80
476.80 300.77
465.21 300.49
457.76 301.32
459.69 298.28
453.34 293.59
452.24 297.46
466.59 328.09
474.60 309.05
478.74 310.15
448.93 295.52
413.87 296.63
414.42 291.94
427.12 291.66
473.77 292.49
414.42 330.03
384.89 333.34
380.47 326.16
461.95 318.30
461.12 304.49
458.09 308.36
490.38 290.69
494.25 292.35
501.15 292.35
502.80 290.42
501.15 288.21
509.98 288.76
511.91 283.52
505.29 286.28
508.32 295.11
513.02 292.35
525.16 281.58
531.23 286.28
533.44 277.17
538.96 284.35
489.00 330.16
494.80 330.99
494.25 323.26
491.76 317.47
489.28 308.36
488.17 301.18
496.45 301.18
499.49 301.73
502.53 298.15
503.63 305.87
500.59 305.87
505.01 302.01
509.70 302.84
506.67 297.04
514.40 298.42
510.81 300.08
515.78 302.29
511.91 306.43
516.33 308.36
521.85 307.81
520.47 310.84
517.43 313.60
521.30 314.43
528.47 315.54
527.09 312.22
521.85 374.05
541.72 368.26
541.72 330.99
501.42 344.52
500.04 361.08
512.46 357.77
502.53 381.23
502.25 334.86
510.53 327.68
503.63 325.75
506.94 318.30
501.15 314.71
502.25 310.29
482.10 308.36
471.34 302.84
527.09 303.11
520.47 299.80
524.33 297.04
528.20 295.11
524.06 291.52
520.74 292.63
536.75 289.31
542.27 296.21
539.79 294.56
536.20 294.28
533.44 298.15
519.36 340.65
530.40 349.21
488.73 353.90
514.95 328.51
513.02 320.50
522.68 323.82
524.33 317.47
531.23 327.68
527.92 330.16
524.33 336.79
534.27 321.88
538.13 316.92
542.83 312.22
539.79 302.84
467.47 341.76
535.65 345.90
538.96 335.69
23.17 399.86
13.23 372.81
88.31 372.81
125.15 419.18
368.05 363.98
542.50 423.60
394.00 363.43
