81.52 606.82
162.12 563.76
131.21 547.20
104.71 509.66
82.63 524.01
40.67 488.68
10.86 520.70
297.93 622.27
193.04 571.49
189.73 500.82
175.37 486.47
156.60 477.64
411.65 578.11
444.77 578.11
529.78 544.99
528.68 653.19
666.69 594.67
689.88 543.88
670.00 509.66
613.70 521.80
558.49 521.80
530.89 496.41
488.93 478.74
474.58 500.82
435.94 488.68
412.75 487.58
381.84 493.10
382.94 520.70
427.10 528.43
796.97 524.01
827.89 614.55
901.86 564.86
934.99 613.44
946.03 561.55
955.96 526.22
983.57 482.05
377.42 665.33
336.57 560.45
308.97 505.24
743.98 511.87
764.96 521.80
711.96 518.49
660.07 483.16
767.16 498.62
801.39 478.74
826.79 464.39
834.51 493.10
819.06 498.62
813.54 518.49
842.24 528.43
953.76 494.20
938.30 487.58
133.57 504.96
68.98 480.67
223.55 522.08
205.33 513.80
209.20 482.88
240.11 476.81
266.61 493.37
299.73 480.12
315.74 474.05
336.72 470.19
327.89 459.70
312.98 451.97
304.15 454.73
293.11 451.97
378.67 598.26
311.88 583.35
262.19 557.41
258.88 605.99
6.60 490.61
23.71 474.05
12.67 467.98
52.41 461.35
93.27 475.15
97.68 489.51
130.25 483.43
146.81 495.03
150.13 455.83
138.53 451.97
123.63 449.21
111.48 452.52
118.11 467.98
125.84 460.80
51.31 451.97
44.13 443.69
42.48 434.85
57.94 437.62
51.86 429.89
91.96 451.55
93.06 444.38
150.75 449.62
162.35 452.11
164.83 461.77
180.01 470.32
192.71 471.98
191.60 480.26
33.44 444.38
59.94 446.86
70.98 443.83
74.85 434.72
69.33 429.20
62.98 426.99
75.40 426.99
74.85 422.02
51.39 420.92
44.21 416.50
38.41 417.33
28.20 415.95
19.64 420.09
14.12 421.47
6.12 417.05
8.05 403.80
6.95 398.01
15.23 396.07
23.78 394.97
9.98 381.44
1.98 381.44
22.13 388.90
11.91 390.00
3.91 407.94
10.81 444.93
43.66 425.88
40.07 430.02
46.69 409.32
48.90 402.70
38.41 395.25
32.34 398.83
30.13 402.42
34.27 402.42
25.72 406.29
30.68 411.81
28.75 407.39
15.78 408.49
19.64 410.70
17.99 401.59
20.47 402.97
43.66 396.35
67.67 390.55
77.06 382.27
98.31 383.10
32.62 381.72
103.83 385.31
120.11 392.49
41.17 406.56
58.29 421.19
72.91 414.02
69.33 411.25
65.46 400.49
61.32 397.73
59.11 404.63
77.33 393.04
92.24 405.73
92.79 409.32
96.93 420.09
104.38 419.54
96.10 429.20
103.83 432.78
113.21 441.07
108.80 443.00
126.19 441.07
132.81 442.45
139.44 443.27
144.13 437.20
140.54 434.72
135.02 426.99
127.02 430.58
121.77 433.06
116.53 426.71
111.28 426.99
108.25 423.95
110.73 421.19
116.80 422.02
123.15 424.23
123.43 419.26
116.80 417.88
113.21 415.12
109.63 404.63
105.21 399.94
102.73 396.35
93.62 396.63
90.86 394.97
84.23 426.99
79.54 429.20
79.82 415.95
82.30 404.91
81.20 402.15
74.85 401.04
58.01 409.87
85.06 419.26
67.12 402.42
130.60 401.04
133.92 401.59
139.44 399.66
141.64 396.90
139.99 396.90
145.78 390.00
156.83 386.41
164.83 392.21
155.72 396.07
156.55 399.66
150.20 401.59
146.61 400.77
144.96 411.81
143.30 417.33
137.78 419.26
117.08 410.70
119.01 405.46
114.87 400.21
112.66 398.83
48.07 412.08
47.52 421.47
135.30 413.19
131.16 417.33
127.29 417.33
138.61 415.67
151.58 405.73
156.00 407.94
155.17 411.81
151.86 414.29
149.65 418.16
153.51 421.47
141.37 425.06
137.23 422.30
132.26 420.09
100.52 424.78
101.35 430.85
149.65 437.20
152.69 429.75
148.55 428.92
146.61 422.30
160.69 422.02
156.27 426.71
160.97 427.82
170.90 426.99
167.04 431.13
170.35 429.75
167.31 421.19
171.18 420.09
162.07 417.05
157.10 416.22
163.45 412.64
163.45 406.84
169.25 407.67
172.01 408.49
175.60 409.32
175.32 405.73
175.87 398.01
174.49 394.14
180.01 392.21
206.51 390.00
209.27 394.97
211.20 395.80
221.97 391.11
228.87 398.56
220.59 401.87
215.34 455.14
221.97 455.14
235.49 449.07
240.46 460.39
250.12 455.14
241.29 447.69
247.91 441.07
243.50 439.41
242.67 434.44
245.98 431.13
243.50 430.02
239.63 426.99
233.28 426.99
231.35 433.06
235.22 437.20
228.59 445.48
226.66 436.65
221.42 435.54
222.24 431.68
218.65 430.58
226.66 428.09
131.43 431.13
159.03 434.72
164.28 436.65
166.21 446.31
171.45 447.14
176.42 448.79
189.95 450.73
177.25 459.28
211.48 439.96
214.79 443.00
213.13 448.24
205.41 431.13
199.61 432.78
194.09 426.99
193.54 422.30
188.84 426.16
185.26 423.12
183.05 422.02
186.36 419.26
189.40 415.95
194.36 410.43
190.50 411.25
193.54 407.39
187.19 402.42
183.88 404.63
178.91 405.73
180.01 415.12
174.49 416.50
167.31 415.40
168.14 417.88
178.08 429.75
186.64 439.96
190.22 441.07
196.02 439.41
202.37 456.80
202.92 408.22
203.47 402.42
210.93 404.08
207.61 407.94
76.50 470.60
198.23 419.05
195.74 416.15
208.30 426.92
198.92 426.78
204.58 434.51
210.10 436.72
224.31 424.85
226.38 421.67
233.28 421.26
239.49 421.95
236.04 417.81
240.74 411.60
242.94 409.94
241.01 407.05
236.73 406.63
229.14 407.74
224.73 403.87
220.45 412.15
215.89 410.91
217.00 408.56
210.51 412.43
207.20 413.39
204.30 415.88
210.51 421.95
213.27 426.51
210.51 415.46
207.61 418.09
217.41 415.19
225.28 414.50
253.43 431.61
259.23 432.16
257.99 439.34
262.27 444.86
262.68 441.00
258.26 445.96
261.85 457.70
251.36 436.58
265.72 431.61
267.23 436.44
262.27 429.40
262.96 423.88
267.92 423.88
270.55 421.95
266.27 413.26
265.03 406.36
258.26 400.97
215.89 390.07
255.37 396.56
262.13 396.42
270.82 402.77
270.41 408.56
261.30 414.91
259.37 409.94
256.19 416.84
253.85 420.29
250.95 421.95
244.05 414.91
239.63 418.36
245.70 419.74
243.50 419.19
248.05 423.61
245.15 411.19
251.78 412.57
227.63 409.53
224.87 411.19
222.66 410.22
212.03 409.53
214.24 406.36
221.28 426.78
262.54 417.53
265.85 415.19
266.68 419.33
227.63 403.60
240.74 404.70
204.30 424.57
204.30 424.57
187.60 414.22
187.60 414.22
189.67 403.60
191.47 401.25
190.22 398.07
278.55 398.97
282.42 398.97
290.14 396.76
310.29 394.28
305.60 397.87
314.99 395.38
317.47 397.87
331.55 397.87
334.03 400.08
326.03 403.66
315.26 406.98
304.77 466.32
318.02 443.96
329.89 450.86
334.58 447.28
332.10 432.65
320.23 430.71
314.99 425.19
310.85 426.02
276.40 463.98
265.36 467.01
271.15 454.31
271.15 445.48
273.64 442.17
274.74 438.03
275.29 434.72
271.70 428.92
274.74 408.22
279.98 412.08
284.95 407.11
306.76 410.43
301.79 414.02
296.82 414.02
295.58 427.47
295.99 431.75
301.24 431.75
307.45 432.72
301.10 440.03
304.14 442.24
282.33 431.06
286.75 432.03
280.67 434.92
276.95 429.40
279.16 423.74
284.40 423.47
277.64 418.91
275.98 412.29
294.61 420.85
289.78 418.64
288.13 415.46
291.44 415.74
284.26 413.53
288.82 411.74
302.76 418.91
306.21 417.53
304.27 416.57
308.14 417.95
310.21 417.53
312.14 416.02
314.21 421.40
305.79 421.95
314.90 436.86
312.14 440.72
328.15 427.47
325.11 420.85
322.35 421.54
320.42 425.68
329.25 424.71
332.15 427.20
335.33 424.71
341.81 429.54
347.20 436.30
328.56 444.17
320.42 439.48
298.34 419.60
311.59 410.63
323.04 414.91
325.25 414.50
324.42 408.70
331.46 408.84
338.23 405.25
342.23 399.18
339.19 394.21
345.13 414.50
337.12 420.29
336.57 422.36
332.98 416.98
334.36 414.64
340.16 414.50
340.43 411.74
344.71 405.25
350.23 421.81
345.40 425.26
342.92 421.40
345.95 418.50
347.75 430.51
322.35 399.04
339.33 435.61
288.13 447.76
279.98 450.66
281.23 458.11
296.13 423.74
293.10 425.82
289.65 424.43
201.04 449.69
343.06 446.52
345.40 442.93
352.30 436.86
355.89 431.20
353.82 425.40
354.10 420.71
352.44 419.19
354.65 414.36
351.34 413.39
351.20 403.87
354.51 393.93
379.90 388.69
401.99 395.31
418.55 395.04
424.07 395.45
368.86 442.65
364.72 434.92
366.52 430.78
361.69 430.09
373.83 427.20
372.73 423.47
371.21 426.37
369.55 419.33
366.79 419.19
363.62 419.60
359.62 418.22
361.69 416.71
355.20 407.18
361.69 404.15
360.86 409.12
366.79 400.84
372.04 400.84
380.73 402.35
377.14 400.97
385.01 400.97
400.05 405.53
406.40 402.22
412.34 401.66
419.51 403.04
427.79 403.73
433.31 401.39
441.60 396.42
447.94 402.08
385.56 407.74
376.73 408.98
373.00 408.43
369.14 410.08
369.42 412.01
365.97 413.53
365.83 416.43
371.76 415.33
375.21 414.64
378.66 412.57
380.46 410.08
384.74 411.05
387.77 411.05
392.05 411.32
393.84 408.70
398.95 408.56
405.85 409.12
405.16 406.91
410.27 409.39
388.19 458.66
378.39 453.97
372.45 453.56
371.07 450.11
375.35 443.62
374.38 439.48
380.59 428.44
383.22 432.03
381.42 434.23
382.94 441.96
389.57 440.72
386.39 449.97
395.09 446.79
393.57 441.82
404.19 439.75
406.40 444.03
410.13 447.62
414.68 441.13
407.37 434.65
404.33 433.41
395.64 432.03
390.67 435.34
391.50 430.37
393.98 426.92
388.05 419.60
383.91 420.98
380.04 422.50
378.52 418.36
374.25 419.33
375.07 422.09
395.36 417.26
394.95 412.84
404.75 416.84
403.64 414.64
405.44 410.91
407.23 411.32
408.20 413.39
414.41 411.46
386.39 427.47
397.57 425.95
395.91 422.92
397.16 420.16
398.95 416.15
428.48 407.46
441.60 411.74
445.60 407.74
454.84 410.36
445.87 454.52
442.15 451.35
433.45 448.45
430.42 444.17
436.49 442.93
441.60 446.79
448.63 443.89
445.74 443.62
446.98 438.10
457.74 454.52
457.47 447.76
456.22 431.06
456.78 426.51
449.05 429.13
444.49 430.78
441.60 432.99
436.77 430.23
434.56 434.10
433.73 438.51
422.83 435.61
427.24 431.20
420.48 431.20
416.34 427.33
415.93 425.26
411.51 433.13
398.12 428.44
401.43 426.64
404.61 421.54
409.85 419.19
410.68 419.19
363.07 457.70
361.27 434.65
417.31 415.74
412.06 416.29
413.99 418.64
424.34 419.19
426.69 416.29
428.90 421.12
437.32 425.68
439.11 422.92
436.21 420.29
454.71 438.93
458.30 438.24
384.32 416.71
383.35 414.50
386.81 415.19
390.12 417.26
424.34 410.50
426.41 410.91
425.72 408.15
421.45 415.33
422.83 413.26
419.93 412.70
417.58 412.29
440.08 438.79
436.77 408.84
452.77 417.81
450.01 423.05
454.15 425.68
444.91 428.30
443.53 422.92
442.56 419.60
440.49 418.22
438.01 418.22
432.62 420.16
458.43 422.23
459.26 418.22
459.12 410.08
360.45 425.26
346.51 524.01
503.29 485.37
464.51 445.96
463.40 439.06
465.75 431.20
463.95 429.13
467.27 427.61
464.64 424.57
461.06 424.02
462.16 415.88
462.30 409.39
479.41 449.69
474.86 447.90
470.44 439.48
488.52 446.52
493.21 454.25
509.77 449.97
502.04 447.21
501.08 441.69
506.87 440.44
508.95 436.86
511.98 438.51
519.02 438.79
520.81 442.10
523.85 446.24
524.68 453.00
515.43 453.83
526.75 439.75
531.16 443.76
536.27 441.69
538.20 450.38
534.34 453.28
480.79 442.24
477.48 435.61
473.75 435.89
475.68 431.06
477.75 428.85
473.89 424.99
470.44 424.30
466.71 421.81
467.54 419.19
465.06 416.71
465.20 413.53
463.26 412.29
467.13 413.53
470.58 409.39
468.37 397.52
474.72 402.08
452.36 402.63
449.19 407.18
448.77 415.74
443.67 416.29
448.50 420.02
451.26 413.53
464.23 410.36
471.68 431.75
496.11 428.44
489.07 436.99
493.76 440.17
493.35 443.76
498.18 435.61
500.25 432.72
493.63 434.65
486.04 426.37
483.28 424.02
476.65 423.47
479.55 416.84
475.27 418.64
469.75 415.74
469.61 420.71
474.99 414.36
474.58 410.36
480.10 401.66
483.00 398.49
490.31 396.42
486.04 396.83
493.21 397.38
496.11 395.87
493.90 405.11
501.77 405.25
504.53 405.11
508.39 396.83
516.40 396.97
523.71 395.87
484.10 410.63
482.03 414.22
480.79 413.53
477.62 412.98
488.93 410.36
497.08 411.74
503.01 412.29
504.53 408.43
511.02 401.66
511.84 396.97
515.02 403.60
514.19 408.43
514.74 411.32
516.81 413.39
508.95 413.53
506.87 412.70
509.08 410.08
504.25 416.15
508.81 419.60
510.33 421.81
505.08 422.36
500.80 425.54
500.80 418.36
491.42 417.26
488.80 423.05
496.94 425.95
501.77 415.19
507.01 425.95
509.22 432.44
513.64 431.34
514.47 426.92
517.92 425.40
519.43 428.44
516.54 432.72
522.33 432.99
524.68 427.89
522.88 425.40
526.33 431.47
530.47 431.06
536.13 428.30
528.40 422.09
523.99 421.81
525.37 418.64
522.61 417.67
519.43 415.74
514.05 419.60
512.95 416.71
511.84 415.74
518.61 409.67
524.68 409.39
528.13 407.87
534.48 396.28
538.48 395.31
544.83 395.87
546.48 397.80
549.24 395.87
560.01 394.49
567.32 400.01
559.18 403.60
555.73 406.49
557.39 405.94
555.45 411.32
549.52 408.56
546.48 407.60
542.21 409.12
541.38 406.77
538.07 402.77
535.17 409.81
526.75 412.29
531.72 418.09
534.34 420.02
531.72 424.30
533.79 414.77
531.44 413.39
536.13 433.96
543.03 437.55
548.55 436.86
550.07 443.07
548.97 448.72
548.00 454.11
556.56 452.31
567.46 454.94
562.77 446.93
560.70 445.00
555.87 441.96
553.11 436.99
561.67 436.58
562.77 440.03
568.70 434.37
564.84 431.75
560.98 430.09
554.63 429.54
550.21 427.33
545.79 431.75
543.17 430.09
539.58 431.06
539.72 427.20
543.17 424.57
546.07 424.99
551.45 421.54
555.32 424.02
552.42 425.68
537.79 420.98
540.00 412.43
537.79 412.84
552.56 418.22
552.97 414.91
548.28 413.95
544.97 411.32
541.79 413.26
547.31 410.36
546.07 419.19
543.03 418.22
540.00 418.64
559.04 412.84
561.39 413.81
564.29 412.70
563.46 410.36
562.22 408.15
560.56 405.11
569.67 414.91
566.22 417.67
569.81 420.71
563.32 424.02
560.42 420.98
562.36 420.29
557.66 416.15
560.42 416.15
562.22 416.29
569.95 411.60
567.05 408.01
569.67 429.82
567.32 430.09
564.01 428.44
577.12 427.75
576.98 442.24
574.50 449.28
582.23 453.14
586.65 453.14
593.68 451.21
597.55 448.17
600.03 440.31
591.06 444.86
586.37 442.93
580.43 445.41
578.78 436.86
585.27 436.58
582.09 431.34
588.58 435.20
590.65 431.06
594.10 431.89
593.55 428.71
587.89 429.68
587.47 425.95
584.58 426.78
580.71 426.78
581.40 424.02
577.54 421.67
576.43 424.02
570.64 426.09
568.15 423.61
572.71 418.22
572.43 412.43
576.98 401.80
582.51 400.28
593.55 401.66
595.48 401.94
605.83 402.22
594.79 388.28
598.79 388.69
604.86 388.41
609.56 388.69
621.84 390.21
633.02 392.28
621.01 399.59
642.13 397.80
646.82 397.80
660.34 399.32
666.55 392.69
671.52 396.42
668.62 401.25
670.97 402.35
672.63 404.29
669.18 405.25
661.31 402.91
660.76 406.77
658.69 406.36
658.69 408.15
656.20 408.56
650.96 405.67
646.13 405.67
645.85 408.01
643.09 414.22
643.09 418.22
640.47 419.19
641.99 422.64
642.68 426.92
648.34 424.57
648.20 431.61
650.54 433.68
582.37 416.71
580.99 416.84
584.58 412.84
584.02 409.67
586.37 406.36
580.30 404.70
577.95 411.46
588.30 423.05
584.02 421.26
586.09 417.81
588.58 417.40
592.58 418.78
590.37 419.19
592.86 424.85
601.00 423.05
605.00 420.29
608.87 418.91
611.90 420.57
613.83 423.61
610.80 423.05
609.00 423.74
611.49 428.44
613.56 429.82
614.66 434.23
612.32 434.51
613.28 445.55
609.28 445.27
606.24 451.49
592.30 414.50
593.82 413.39
592.58 411.19
591.61 407.74
596.72 408.15
589.54 412.84
605.14 410.22
596.31 417.67
621.84 425.82
618.66 424.16
621.01 422.23
620.04 414.36
614.11 411.32
613.83 406.63
606.80 406.36
625.01 401.80
619.63 444.45
628.19 441.96
633.16 448.45
619.77 467.08
620.18 439.34
618.66 430.09
629.98 430.37
629.29 437.55
639.92 447.62
637.57 437.41
638.54 432.72
630.26 421.12
632.47 418.22
628.74 415.19
636.74 414.50
636.74 411.19
636.74 408.43
640.75 408.98
631.78 404.42
624.60 408.43
624.32 411.32
627.36 408.56
610.80 411.32
598.38 420.85
601.69 413.12
599.48 409.94
600.45 400.84
600.58 406.77
615.77 415.46
633.85 420.16
633.29 428.02
642.95 438.37
649.99 441.55
649.30 452.18
656.07 444.17
660.34 439.06
654.96 436.17
661.72 435.20
661.72 431.34
666.00 429.40
656.89 423.05
652.75 423.61
653.72 418.22
650.82 418.78
653.17 415.19
650.54 414.77
653.30 410.91
649.72 409.94
645.44 410.22
666.00 411.05
667.80 413.39
670.97 409.94
673.73 408.70
674.83 413.26
674.83 418.78
673.45 419.19
677.73 419.19
673.45 425.82
676.77 426.51
676.77 423.05
667.52 421.12
664.35 420.57
666.00 413.95
662.97 416.29
660.90 420.16
657.72 414.77
655.65 414.77
657.17 419.74
659.24 421.26
655.38 419.88
664.62 425.26
678.28 435.61
679.53 440.44
681.74 438.51
668.90 436.58
672.63 432.99
659.10 432.99
655.65 429.13
646.40 429.40
643.51 433.27
624.60 422.09
625.43 418.78
621.42 419.60
607.62 433.27
601.14 426.51
601.14 430.65
600.17 435.20
571.74 440.93
578.92 491.99
615.63 500.82
631.09 492.27
641.85 469.91
735.70 465.77
720.24 487.85
707.27 483.16
698.43 485.09
697.88 468.53
707.54 461.91
686.84 463.29
666.42 452.52
667.80 445.90
662.00 448.66
694.02 447.83
705.89 449.76
727.42 450.04
728.52 455.83
734.04 449.76
729.90 444.79
721.62 444.52
724.10 440.10
723.28 434.85
721.07 432.37
714.17 432.37
710.86 431.27
713.89 428.51
712.24 425.47
718.03 425.19
705.06 427.13
701.75 431.82
695.12 434.58
691.53 436.79
693.47 442.31
702.57 439.55
709.48 439.55
706.72 431.82
708.10 426.02
705.06 419.40
700.92 419.40
700.64 422.99
696.23 424.64
689.05 432.37
682.98 433.27
692.22 431.89
694.02 428.85
686.98 426.64
684.77 417.81
682.01 416.02
686.15 415.05
685.74 411.46
692.09 414.64
690.84 417.12
696.92 417.81
694.98 419.74
697.74 415.33
697.88 412.01
695.54 410.77
691.26 410.22
692.50 405.53
689.46 406.36
686.98 406.36
684.91 408.84
682.29 405.39
682.29 403.04
679.80 403.60
685.46 400.97
690.71 399.32
694.29 398.35
698.57 398.21
702.30 402.22
700.92 404.01
695.26 404.01
709.61 396.42
714.72 395.73
726.86 429.40
721.34 428.44
719.27 419.88
715.27 419.19
713.48 421.40
710.03 416.98
708.23 411.19
705.06 406.91
710.03 408.29
711.55 409.25
712.10 406.91
710.30 404.98
708.37 404.98
746.60 442.93
735.42 440.03
731.28 424.85
725.90 420.71
722.31 422.64
734.46 427.47
740.25 428.16
740.25 421.95
736.53 419.74
732.80 412.29
735.97 409.25
732.66 406.91
730.04 403.60
726.04 403.04
721.90 404.42
716.24 403.87
720.38 398.63
718.86 411.05
716.38 409.39
714.72 414.08
720.65 414.91
723.83 413.26
722.59 417.95
725.76 417.12
743.43 426.78
749.64 422.09
742.46 413.67
745.08 413.67
746.19 409.25
740.53 409.25
742.05 405.94
739.84 400.97
734.32 396.14
730.04 398.76
756.54 445.00
752.26 449.55
763.16 444.45
781.52 445.96
788.69 446.38
790.21 437.13
796.70 440.72
783.86 441.69
778.48 438.10
771.30 436.44
771.58 428.44
766.47 424.30
763.71 422.92
755.71 427.61
752.26 424.71
747.15 433.27
743.29 430.51
739.29 432.99
726.86 433.27
755.71 436.58
751.43 432.03
757.64 412.98
742.32 394.62
743.15 399.18
747.98 402.08
749.22 405.11
754.33 411.19
751.57 410.77
752.53 408.01
756.68 404.56
762.89 401.25
759.99 401.39
776.27 393.24
770.48 393.38
778.07 398.21
785.38 398.35
797.94 381.38
794.77 409.94
766.89 416.98
769.65 413.67
769.92 407.87
767.16 406.36
763.71 408.43
776.55 405.39
776.27 409.25
776.27 412.01
779.86 414.22
779.31 409.94
783.73 406.49
787.18 415.88
782.21 417.53
779.31 418.50
775.72 427.47
777.65 431.06
785.38 427.20
777.65 442.65
792.97 429.54
798.35 427.75
804.01 429.68
799.32 422.09
789.11 422.09
784.55 420.02
775.17 420.98
792.56 414.91
802.08 416.02
797.94 415.33
800.15 409.67
796.01 405.80
800.15 403.04
801.53 405.53
801.81 400.42
799.32 393.24
802.22 394.49
773.37 405.11
756.68 416.64
749.77 417.47
751.71 416.09
808.29 443.69
810.50 455.28
824.30 446.45
816.30 438.72
807.74 434.58
811.33 427.68
817.40 426.57
810.50 421.88
806.91 423.26
807.74 417.47
810.78 411.67
813.54 413.60
809.95 408.36
811.88 408.36
764.96 460.25
848.59 458.32
849.97 474.05
862.67 476.81
860.74 437.89
850.52 439.27
854.11 434.03
849.97 426.85
845.83 428.23
842.52 434.85
835.34 439.82
838.38 445.07
843.62 444.79
815.47 431.54
823.47 432.65
828.72 435.41
833.69 435.41
830.65 426.30
824.85 423.81
838.38 422.99
831.20 422.43
853.84 417.19
859.08 418.57
861.29 424.64
857.70 431.54
862.94 431.54
866.26 423.81
864.88 416.09
868.46 417.19
864.05 405.87
837.83 390.14
832.86 393.18
817.68 390.97
816.57 391.80
813.81 390.97
807.74 391.24
810.78 399.52
806.91 401.73
819.33 401.46
816.02 402.28
821.54 397.87
825.13 399.80
837.00 401.46
832.31 404.77
828.99 407.53
831.48 408.36
828.72 410.84
823.75 410.29
820.99 410.29
818.23 412.77
822.09 415.53
829.27 416.64
837.00 418.57
832.86 418.02
834.51 418.57
848.31 414.71
848.59 398.70
840.31 396.49
841.97 391.24
850.25 392.90
845.83 391.24
863.50 389.86
867.91 392.07
868.19 401.46
862.12 391.80
858.80 404.77
847.21 404.49
839.76 405.32
841.69 402.28
835.34 397.59
834.24 401.46
848.59 432.09
856.60 413.05
860.74 414.15
830.93 399.52
795.87 400.63
796.42 395.94
809.12 395.66
855.77 396.49
796.42 434.03
766.89 437.34
762.47 430.16
843.95 422.30
843.12 408.49
840.09 412.36
872.38 394.69
876.25 396.35
883.15 396.35
884.80 394.42
883.15 392.21
891.98 392.76
893.91 387.52
887.29 390.28
890.32 399.11
895.02 396.35
907.16 385.58
913.23 390.28
915.44 381.17
920.96 388.35
871.00 434.16
876.80 434.99
876.25 427.26
873.76 421.47
871.28 412.36
870.17 405.18
878.45 405.18
881.49 405.73
884.53 402.15
885.63 409.87
882.59 409.87
887.01 406.01
891.70 406.84
888.67 401.04
896.40 402.42
892.81 404.08
897.78 406.29
893.91 410.43
898.33 412.36
903.85 411.81
902.47 414.84
899.43 417.60
903.30 418.43
910.47 419.54
909.09 416.22
903.85 478.05
923.72 472.26
934.76 479.16
955.19 472.26
965.13 455.42
951.05 446.59
946.91 433.61
967.61 436.92
957.12 433.61
960.16 427.26
951.60 426.71
949.12 420.92
929.79 423.40
923.72 434.99
935.31 432.23
939.45 431.68
883.42 448.52
882.04 465.08
894.46 461.77
884.53 485.23
884.25 438.86
892.53 431.68
885.63 429.75
888.94 422.30
883.15 418.71
884.25 414.29
864.10 412.36
853.34 406.84
909.09 407.11
902.47 403.80
906.33 401.04
910.20 399.11
906.06 395.52
902.74 396.63
918.75 393.31
930.90 389.45
927.31 394.42
924.27 400.21
921.79 398.56
918.20 398.28
915.44 402.15
1009.84 460.11
1014.53 450.45
1021.16 441.89
1016.74 429.20
965.13 434.16
972.85 426.71
968.16 422.57
962.09 420.09
954.08 419.54
950.77 414.29
943.60 416.78
944.42 414.29
938.90 410.70
934.21 411.25
935.04 407.94
932.00 405.73
935.31 398.56
929.52 402.15
935.59 394.42
938.63 394.42
943.87 383.10
950.50 381.17
947.46 393.31
943.32 393.31
943.32 398.28
946.91 403.80
952.98 402.42
954.91 399.11
955.74 391.38
956.02 387.24
995.21 454.31
999.90 443.83
989.69 433.89
979.48 422.57
974.79 420.09
968.16 415.67
970.65 411.25
973.68 415.12
986.38 419.54
998.80 420.92
994.66 412.91
992.45 408.77
986.93 407.94
1004.04 420.09
1008.18 415.67
1017.02 420.09
1017.02 412.91
1021.43 409.32
1015.09 405.18
1008.18 407.39
1006.53 407.94
1001.28 410.43
1001.28 410.43
1002.94 405.73
997.97 406.29
997.97 402.15
993.83 399.11
991.90 405.18
988.86 402.15
983.62 402.15
984.72 398.28
985.27 391.66
981.41 385.86
976.17 384.48
966.78 379.79
973.41 397.18
968.99 396.35
963.47 394.14
958.78 393.31
963.19 402.97
959.88 406.29
952.15 407.94
967.89 406.01
928.69 448.52
901.36 444.65
912.40 453.21
870.73 457.90
896.95 432.51
895.02 424.50
904.68 427.82
906.33 421.47
913.23 431.68
909.92 434.16
906.33 440.79
916.27 425.88
920.13 420.92
924.83 416.22
921.79 406.84
1010.94 396.63
1003.22 381.17
975.89 390.28
1020.61 395.52
1020.88 400.21
1018.95 404.91
980.86 397.18
932.83 421.47
849.47 445.76
917.65 449.90
920.96 439.69
1010.94 432.51
1000.18 427.26
994.11 427.82
999.35 416.50
1002.39 397.45
999.90 398.56
995.49 393.59
1006.80 426.71
78.91 445.34
39.17 454.18
405.17 503.86
395.23 476.81
470.31 476.81
507.15 523.18
750.05 467.98
924.50 527.60
776.00 467.43
