942.48 606.82
861.88 563.76
892.79 547.20
919.29 509.66
941.37 524.01
983.33 488.68
1013.14 520.70
726.07 622.27
830.96 571.49
834.27 500.82
848.63 486.47
867.40 477.64
612.35 578.11
579.23 578.11
494.22 544.99
495.32 653.19
357.31 594.67
334.12 543.88
354.00 509.66
410.30 521.80
465.51 521.80
493.11 496.41
535.07 478.74
549.42 500.82
588.06 488.68
611.25 487.58
642.16 493.10
641.06 520.70
596.90 528.43
227.03 524.01
196.11 614.55
122.14 564.86
89.01 613.44
77.97 561.55
68.04 526.22
40.43 482.05
646.58 665.33
687.43 560.45
715.03 505.24
280.02 511.87
259.04 521.80
312.04 518.49
363.93 483.16
256.84 498.62
222.61 478.74
197.21 464.39
189.49 493.10
204.94 498.62
210.46 518.49
181.76 528.43
70.24 494.20
85.70 487.58
890.43 504.96
955.02 480.67
800.45 522.08
818.67 513.80
814.80 482.88
783.89 476.81
757.39 493.37
724.27 480.12
708.26 474.05
687.28 470.19
696.11 459.70
711.02 451.97
719.85 454.73
730.89 451.97
645.33 598.26
712.12 583.35
761.81 557.41
765.12 605.99
1017.40 490.61
1000.29 474.05
1011.33 467.98
971.59 461.35
930.73 475.15
926.32 489.51
893.75 483.43
877.19 495.03
873.87 455.83
885.47 451.97
900.37 449.21
912.52 452.52
905.89 467.98
898.16 460.80
972.69 451.97
979.87 443.69
981.52 434.85
966.06 437.62
972.14 429.89
932.04 451.55
930.94 444.38
873.25 449.62
861.65 452.11
859.17 461.77
843.99 470.32
831.29 471.98
832.40 480.26
990.56 444.38
964.06 446.86
953.02 443.83
949.15 434.72
954.67 429.20
961.02 426.99
948.60 426.99
949.15 422.02
972.61 420.92
979.79 416.50
985.59 417.33
995.80 415.95
1004.36 420.09
1009.88 421.47
1017.88 417.05
1015.95 403.80
1017.05 398.01
1008.77 396.07
1000.22 394.97
1014.02 381.44
1022.02 381.44
1001.87 388.90
1012.09 390.00
1020.09 407.94
1013.19 444.93
980.34 425.88
983.93 430.02
977.31 409.32
975.10 402.70
985.59 395.25
991.66 398.83
993.87 402.42
989.73 402.42
998.28 406.29
993.32 411.81
995.25 407.39
1008.22 408.49
1004.36 410.70
1006.01 401.59
1003.53 402.97
980.34 396.35
956.33 390.55
946.94 382.27
925.69 383.10
991.38 381.72
920.17 385.31
903.89 392.49
982.83 406.56
965.71 421.19
951.09 414.02
954.67 411.25
958.54 400.49
962.68 397.73
964.89 404.63
946.67 393.04
931.76 405.73
931.21 409.32
927.07 420.09
919.62 419.54
927.90 429.20
920.17 432.78
910.79 441.07
915.20 443.00
897.81 441.07
891.19 442.45
884.56 443.27
879.87 437.20
883.46 434.72
888.98 426.99
896.98 430.58
902.23 433.06
907.47 426.71
912.72 426.99
915.75 423.95
913.27 421.19
907.20 422.02
900.85 424.23
900.57 419.26
907.20 417.88
910.79 415.12
914.37 404.63
918.79 399.94
921.27 396.35
930.38 396.63
933.14 394.97
939.77 426.99
944.46 429.20
944.18 415.95
941.70 404.91
942.80 402.15
949.15 401.04
965.99 409.87
938.94 419.26
956.88 402.42
893.40 401.04
890.08 401.59
884.56 399.66
882.36 396.90
884.01 396.90
878.22 390.00
867.17 386.41
859.17 392.21
868.28 396.07
867.45 399.66
873.80 401.59
877.39 400.77
879.04 411.81
880.70 417.33
886.22 419.26
906.92 410.70
904.99 405.46
909.13 400.21
911.34 398.83
975.93 412.08
976.48 421.47
888.70 413.19
892.84 417.33
896.71 417.33
885.39 415.67
872.42 405.73
868.00 407.94
868.83 411.81
872.14 414.29
874.35 418.16
870.49 421.47
882.63 425.06
886.77 422.30
891.74 420.09
923.48 424.78
922.65 430.85
874.35 437.20
871.31 429.75
875.45 428.92
877.39 422.30
863.31 422.02
867.73 426.71
863.03 427.82
853.10 426.99
856.96 431.13
853.65 429.75
856.69 421.19
852.82 420.09
861.93 417.05
866.90 416.22
860.55 412.64
860.55 406.84
854.75 407.67
851.99 408.49
848.40 409.32
848.68 405.73
848.13 398.01
849.51 394.14
843.99 392.21
817.49 390.00
814.73 394.97
812.80 395.80
802.03 391.11
795.13 398.56
803.41 401.87
808.66 455.14
802.03 455.14
788.51 449.07
783.54 460.39
773.88 455.14
782.71 447.69
776.09 441.07
780.50 439.41
781.33 434.44
778.02 431.13
780.50 430.02
784.37 426.99
790.72 426.99
792.65 433.06
788.78 437.20
795.41 445.48
797.34 436.65
802.58 435.54
801.76 431.68
805.35 430.58
797.34 428.09
892.57 431.13
864.97 434.72
859.72 436.65
857.79 446.31
852.55 447.14
847.58 448.79
834.05 450.73
846.75 459.28
812.52 439.96
809.21 443.00
810.87 448.24
818.59 431.13
824.39 432.78
829.91 426.99
830.46 422.30
835.16 426.16
838.74 423.12
840.95 422.02
837.64 419.26
834.60 415.95
829.64 410.43
833.50 411.25
830.46 407.39
836.81 402.42
840.12 404.63
845.09 405.73
843.99 415.12
849.51 416.50
856.69 415.40
855.86 417.88
845.92 429.75
837.36 439.96
833.78 441.07
827.98 439.41
821.63 456.80
821.08 408.22
820.53 402.42
813.07 404.08
816.39 407.94
947.50 470.60
825.77 419.05
828.26 416.15
815.70 426.92
825.08 426.78
819.42 434.51
813.90 436.72
799.69 424.85
797.62 421.67
790.72 421.26
784.51 421.95
787.96 417.81
783.26 411.60
781.06 409.94
782.99 407.05
787.27 406.63
794.86 407.74
799.27 403.87
803.55 412.15
808.11 410.91
807.00 408.56
813.49 412.43
816.80 413.39
819.70 415.88
813.49 421.95
810.73 426.51
813.49 415.46
816.39 418.09
806.59 415.19
798.72 414.50
770.57 431.61
764.77 432.16
766.01 439.34
761.73 444.86
761.32 441.00
765.74 445.96
762.15 457.70
772.64 436.58
758.28 431.61
756.77 436.44
761.73 429.40
761.04 423.88
756.08 423.88
753.45 421.95
757.73 413.26
758.97 406.36
765.74 400.97
808.11 390.07
768.63 396.56
761.87 396.42
753.18 402.77
753.59 408.56
762.70 414.91
764.63 409.94
767.81 416.84
770.15 420.29
773.05 421.95
779.95 414.91
784.37 418.36
778.30 419.74
780.50 419.19
775.95 423.61
778.85 411.19
772.22 412.57
796.37 409.53
799.13 411.19
801.34 410.22
811.97 409.53
809.76 406.36
802.72 426.78
761.46 417.53
758.15 415.19
757.32 419.33
796.37 403.60
783.26 404.70
819.70 424.57
819.70 424.57
836.40 414.22
836.40 414.22
834.33 403.60
832.53 401.25
833.78 398.07
745.45 398.97
741.58 398.97
733.86 396.76
713.71 394.28
718.40 397.87
709.01 395.38
706.53 397.87
692.45 397.87
689.97 400.08
697.97 403.66
708.74 406.98
719.23 466.32
705.98 443.96
694.11 450.86
689.42 447.28
691.90 432.65
703.77 430.71
709.01 425.19
713.15 426.02
747.60 463.98
758.64 467.01
752.85 454.31
752.85 445.48
750.36 442.17
749.26 438.03
748.71 434.72
752.30 428.92
749.26 408.22
744.02 412.08
739.05 407.11
717.24 410.43
722.21 414.02
727.18 414.02
728.42 427.47
728.01 431.75
722.76 431.75
716.55 432.72
722.90 440.03
719.86 442.24
741.67 431.06
737.25 432.03
743.33 434.92
747.05 429.40
744.84 423.74
739.60 423.47
746.36 418.91
748.02 412.29
729.39 420.85
734.22 418.64
735.87 415.46
732.56 415.74
739.74 413.53
735.18 411.74
721.24 418.91
717.79 417.53
719.73 416.57
715.86 417.95
713.79 417.53
711.86 416.02
709.79 421.40
718.21 421.95
709.10 436.86
711.86 440.72
695.85 427.47
698.89 420.85
701.65 421.54
703.58 425.68
694.75 424.71
691.85 427.20
688.67 424.71
682.19 429.54
676.80 436.30
695.44 444.17
703.58 439.48
725.66 419.60
712.41 410.63
700.96 414.91
698.75 414.50
699.58 408.70
692.54 408.84
685.77 405.25
681.77 399.18
684.81 394.21
678.87 414.50
686.88 420.29
687.43 422.36
691.02 416.98
689.64 414.64
683.84 414.50
683.57 411.74
679.29 405.25
673.77 421.81
678.60 425.26
681.08 421.40
678.05 418.50
676.25 430.51
701.65 399.04
684.67 435.61
735.87 447.76
744.02 450.66
742.77 458.11
727.87 423.74
730.90 425.82
734.35 424.43
822.96 449.69
680.94 446.52
678.60 442.93
671.70 436.86
668.11 431.20
670.18 425.40
669.90 420.71
671.56 419.19
669.35 414.36
672.66 413.39
672.80 403.87
669.49 393.93
644.10 388.69
622.01 395.31
605.45 395.04
599.93 395.45
655.14 442.65
659.28 434.92
657.48 430.78
662.31 430.09
650.17 427.20
651.27 423.47
652.79 426.37
654.45 419.33
657.21 419.19
660.38 419.60
664.38 418.22
662.31 416.71
668.80 407.18
662.31 404.15
663.14 409.12
657.21 400.84
651.96 400.84
643.27 402.35
646.86 400.97
638.99 400.97
623.95 405.53
617.60 402.22
611.66 401.66
604.49 403.04
596.21 403.73
590.69 401.39
582.40 396.42
576.06 402.08
638.44 407.74
647.27 408.98
651.00 408.43
654.86 410.08
654.58 412.01
658.03 413.53
658.17 416.43
652.24 415.33
648.79 414.64
645.34 412.57
643.54 410.08
639.26 411.05
636.23 411.05
631.95 411.32
630.16 408.70
625.05 408.56
618.15 409.12
618.84 406.91
613.73 409.39
635.81 458.66
645.61 453.97
651.55 453.56
652.93 450.11
648.65 443.62
649.62 439.48
643.41 428.44
640.78 432.03
642.58 434.23
641.06 441.96
634.43 440.72
637.61 449.97
628.91 446.79
630.43 441.82
619.81 439.75
617.60 444.03
613.87 447.62
609.32 441.13
616.63 434.65
619.67 433.41
628.36 432.03
633.33 435.34
632.50 430.37
630.02 426.92
635.95 419.60
640.09 420.98
643.96 422.50
645.48 418.36
649.75 419.33
648.93 422.09
628.64 417.26
629.05 412.84
619.25 416.84
620.36 414.64
618.56 410.91
616.77 411.32
615.80 413.39
609.59 411.46
637.61 427.47
626.43 425.95
628.09 422.92
626.84 420.16
625.05 416.15
595.52 407.46
582.40 411.74
578.40 407.74
569.16 410.36
578.13 454.52
581.85 451.35
590.55 448.45
593.58 444.17
587.51 442.93
582.40 446.79
575.37 443.89
578.26 443.62
577.02 438.10
566.26 454.52
566.53 447.76
567.78 431.06
567.22 426.51
574.95 429.13
579.51 430.78
582.40 432.99
587.23 430.23
589.44 434.10
590.27 438.51
601.17 435.61
596.76 431.20
603.52 431.20
607.66 427.33
608.07 425.26
612.49 433.13
625.88 428.44
622.57 426.64
619.39 421.54
614.15 419.19
613.32 419.19
660.93 457.70
662.73 434.65
606.69 415.74
611.94 416.29
610.01 418.64
599.66 419.19
597.31 416.29
595.10 421.12
586.68 425.68
584.89 422.92
587.79 420.29
569.29 438.93
565.70 438.24
639.68 416.71
640.65 414.50
637.19 415.19
633.88 417.26
599.66 410.50
597.59 410.91
598.28 408.15
602.55 415.33
601.17 413.26
604.07 412.70
606.42 412.29
583.92 438.79
587.23 408.84
571.23 417.81
573.99 423.05
569.85 425.68
579.09 428.30
580.47 422.92
581.44 419.60
583.51 418.22
585.99 418.22
591.38 420.16
565.57 422.23
564.74 418.22
564.88 410.08
663.55 425.26
677.49 524.01
520.71 485.37
559.49 445.96
560.60 439.06
558.25 431.20
560.05 429.13
556.73 427.61
559.36 424.57
562.94 424.02
561.84 415.88
561.70 409.39
544.59 449.69
549.14 447.90
553.56 439.48
535.48 446.52
530.79 454.25
514.23 449.97
521.96 447.21
522.92 441.69
517.13 440.44
515.05 436.86
512.02 438.51
504.98 438.79
503.19 442.10
500.15 446.24
499.32 453.00
508.57 453.83
497.25 439.75
492.84 443.76
487.73 441.69
485.80 450.38
489.66 453.28
543.21 442.24
546.52 435.61
550.25 435.89
548.32 431.06
546.25 428.85
550.11 424.99
553.56 424.30
557.29 421.81
556.46 419.19
558.94 416.71
558.80 413.53
560.74 412.29
556.87 413.53
553.42 409.39
555.63 397.52
549.28 402.08
571.64 402.63
574.81 407.18
575.23 415.74
580.33 416.29
575.50 420.02
572.74 413.53
559.77 410.36
552.32 431.75
527.89 428.44
534.93 436.99
530.24 440.17
530.65 443.76
525.82 435.61
523.75 432.72
530.37 434.65
537.96 426.37
540.72 424.02
547.35 423.47
544.45 416.84
548.73 418.64
554.25 415.74
554.39 420.71
549.01 414.36
549.42 410.36
543.90 401.66
541.00 398.49
533.69 396.42
537.96 396.83
530.79 397.38
527.89 395.87
530.10 405.11
522.23 405.25
519.47 405.11
515.61 396.83
507.60 396.97
500.29 395.87
539.90 410.63
541.97 414.22
543.21 413.53
546.38 412.98
535.07 410.36
526.92 411.74
520.99 412.29
519.47 408.43
512.98 401.66
512.16 396.97
508.98 403.60
509.81 408.43
509.26 411.32
507.19 413.39
515.05 413.53
517.13 412.70
514.92 410.08
519.75 416.15
515.19 419.60
513.67 421.81
518.92 422.36
523.20 425.54
523.20 418.36
532.58 417.26
535.20 423.05
527.06 425.95
522.23 415.19
516.99 425.95
514.78 432.44
510.36 431.34
509.53 426.92
506.08 425.40
504.57 428.44
507.46 432.72
501.67 432.99
499.32 427.89
501.12 425.40
497.67 431.47
493.53 431.06
487.87 428.30
495.60 422.09
500.01 421.81
498.63 418.64
501.39 417.67
504.57 415.74
509.95 419.60
511.05 416.71
512.16 415.74
505.39 409.67
499.32 409.39
495.87 407.87
489.52 396.28
485.52 395.31
479.17 395.87
477.52 397.80
474.76 395.87
463.99 394.49
456.68 400.01
464.82 403.60
468.27 406.49
466.61 405.94
468.55 411.32
474.48 408.56
477.52 407.60
481.79 409.12
482.62 406.77
485.93 402.77
488.83 409.81
497.25 412.29
492.28 418.09
489.66 420.02
492.28 424.30
490.21 414.77
492.56 413.39
487.87 433.96
480.97 437.55
475.45 436.86
473.93 443.07
475.03 448.72
476.00 454.11
467.44 452.31
456.54 454.94
461.23 446.93
463.30 445.00
468.13 441.96
470.89 436.99
462.33 436.58
461.23 440.03
455.30 434.37
459.16 431.75
463.02 430.09
469.37 429.54
473.79 427.33
478.21 431.75
480.83 430.09
484.42 431.06
484.28 427.20
480.83 424.57
477.93 424.99
472.55 421.54
468.68 424.02
471.58 425.68
486.21 420.98
484.00 412.43
486.21 412.84
471.44 418.22
471.03 414.91
475.72 413.95
479.03 411.32
482.21 413.26
476.69 410.36
477.93 419.19
480.97 418.22
484.00 418.64
464.96 412.84
462.61 413.81
459.71 412.70
460.54 410.36
461.78 408.15
463.44 405.11
454.33 414.91
457.78 417.67
454.19 420.71
460.68 424.02
463.58 420.98
461.64 420.29
466.34 416.15
463.58 416.15
461.78 416.29
454.05 411.60
456.95 408.01
454.33 429.82
456.68 430.09
459.99 428.44
446.88 427.75
447.02 442.24
449.50 449.28
441.77 453.14
437.35 453.14
430.32 451.21
426.45 448.17
423.97 440.31
432.94 444.86
437.63 442.93
443.57 445.41
445.22 436.86
438.73 436.58
441.91 431.34
435.42 435.20
433.35 431.06
429.90 431.89
430.45 428.71
436.11 429.68
436.53 425.95
439.42 426.78
443.29 426.78
442.60 424.02
446.46 421.67
447.57 424.02
453.36 426.09
455.85 423.61
451.29 418.22
451.57 412.43
447.02 401.80
441.49 400.28
430.45 401.66
428.52 401.94
418.17 402.22
429.21 388.28
425.21 388.69
419.14 388.41
414.44 388.69
402.16 390.21
390.98 392.28
402.99 399.59
381.87 397.80
377.18 397.80
363.66 399.32
357.45 392.69
352.48 396.42
355.38 401.25
353.03 402.35
351.37 404.29
354.82 405.25
362.69 402.91
363.24 406.77
365.31 406.36
365.31 408.15
367.80 408.56
373.04 405.67
377.87 405.67
378.15 408.01
380.91 414.22
380.91 418.22
383.53 419.19
382.01 422.64
381.32 426.92
375.66 424.57
375.80 431.61
373.46 433.68
441.63 416.71
443.01 416.84
439.42 412.84
439.98 409.67
437.63 406.36
443.70 404.70
446.05 411.46
435.70 423.05
439.98 421.26
437.91 417.81
435.42 417.40
431.42 418.78
433.63 419.19
431.14 424.85
423.00 423.05
419.00 420.29
415.13 418.91
412.10 420.57
410.17 423.61
413.20 423.05
415.00 423.74
412.51 428.44
410.44 429.82
409.34 434.23
411.68 434.51
410.72 445.55
414.72 445.27
417.76 451.49
431.70 414.50
430.18 413.39
431.42 411.19
432.39 407.74
427.28 408.15
434.46 412.84
418.86 410.22
427.69 417.67
402.16 425.82
405.34 424.16
402.99 422.23
403.96 414.36
409.89 411.32
410.17 406.63
417.20 406.36
398.99 401.80
404.37 444.45
395.81 441.96
390.84 448.45
404.23 467.08
403.82 439.34
405.34 430.09
394.02 430.37
394.71 437.55
384.08 447.62
386.43 437.41
385.46 432.72
393.74 421.12
391.53 418.22
395.26 415.19
387.26 414.50
387.26 411.19
387.26 408.43
383.25 408.98
392.22 404.42
399.40 408.43
399.68 411.32
396.64 408.56
413.20 411.32
425.62 420.85
422.31 413.12
424.52 409.94
423.55 400.84
423.42 406.77
408.23 415.46
390.15 420.16
390.71 428.02
381.05 438.37
374.01 441.55
374.70 452.18
367.93 444.17
363.66 439.06
369.04 436.17
362.28 435.20
362.28 431.34
358.00 429.40
367.11 423.05
371.25 423.61
370.28 418.22
373.18 418.78
370.83 415.19
373.46 414.77
370.70 410.91
374.28 409.94
378.56 410.22
358.00 411.05
356.20 413.39
353.03 409.94
350.27 408.70
349.17 413.26
349.17 418.78
350.55 419.19
346.27 419.19
350.55 425.82
347.23 426.51
347.23 423.05
356.48 421.12
359.65 420.57
358.00 413.95
361.03 416.29
363.10 420.16
366.28 414.77
368.35 414.77
366.83 419.74
364.76 421.26
368.62 419.88
359.38 425.26
345.72 435.61
344.47 440.44
342.26 438.51
355.10 436.58
351.37 432.99
364.90 432.99
368.35 429.13
377.60 429.40
380.49 433.27
399.40 422.09
398.57 418.78
402.58 419.60
416.38 433.27
422.86 426.51
422.86 430.65
423.83 435.20
452.26 440.93
445.08 491.99
408.37 500.82
392.91 492.27
382.15 469.91
288.30 465.77
303.76 487.85
316.73 483.16
325.57 485.09
326.12 468.53
316.46 461.91
337.16 463.29
357.58 452.52
356.20 445.90
362.00 448.66
329.98 447.83
318.11 449.76
296.58 450.04
295.48 455.83
289.96 449.76
294.10 444.79
302.38 444.52
299.90 440.10
300.72 434.85
302.93 432.37
309.83 432.37
313.14 431.27
310.11 428.51
311.76 425.47
305.97 425.19
318.94 427.13
322.25 431.82
328.88 434.58
332.47 436.79
330.53 442.31
321.43 439.55
314.52 439.55
317.28 431.82
315.90 426.02
318.94 419.40
323.08 419.40
323.36 422.99
327.77 424.64
334.95 432.37
341.02 433.27
331.78 431.89
329.98 428.85
337.02 426.64
339.23 417.81
341.99 416.02
337.85 415.05
338.26 411.46
331.91 414.64
333.16 417.12
327.08 417.81
329.02 419.74
326.26 415.33
326.12 412.01
328.46 410.77
332.74 410.22
331.50 405.53
334.54 406.36
337.02 406.36
339.09 408.84
341.71 405.39
341.71 403.04
344.20 403.60
338.54 400.97
333.29 399.32
329.71 398.35
325.43 398.21
321.70 402.22
323.08 404.01
328.74 404.01
314.39 396.42
309.28 395.73
297.14 429.40
302.66 428.44
304.73 419.88
308.73 419.19
310.52 421.40
313.97 416.98
315.77 411.19
318.94 406.91
313.97 408.29
312.45 409.25
311.90 406.91
313.70 404.98
315.63 404.98
277.40 442.93
288.58 440.03
292.72 424.85
298.10 420.71
301.69 422.64
289.54 427.47
283.75 428.16
283.75 421.95
287.47 419.74
291.20 412.29
288.03 409.25
291.34 406.91
293.96 403.60
297.96 403.04
302.10 404.42
307.76 403.87
303.62 398.63
305.14 411.05
307.62 409.39
309.28 414.08
303.35 414.91
300.17 413.26
301.41 417.95
298.24 417.12
280.57 426.78
274.36 422.09
281.54 413.67
278.92 413.67
277.81 409.25
283.47 409.25
281.95 405.94
284.16 400.97
289.68 396.14
293.96 398.76
267.46 445.00
271.74 449.55
260.84 444.45
242.48 445.96
235.31 446.38
233.79 437.13
227.30 440.72
240.14 441.69
245.52 438.10
252.70 436.44
252.42 428.44
257.53 424.30
260.29 422.92
268.29 427.61
271.74 424.71
276.85 433.27
280.71 430.51
284.71 432.99
297.14 433.27
268.29 436.58
272.57 432.03
266.36 412.98
281.68 394.62
280.85 399.18
276.02 402.08
274.78 405.11
269.67 411.19
272.43 410.77
271.47 408.01
267.32 404.56
261.11 401.25
264.01 401.39
247.73 393.24
253.52 393.38
245.93 398.21
238.62 398.35
226.06 381.38
229.23 409.94
257.11 416.98
254.35 413.67
254.08 407.87
256.84 406.36
260.29 408.43
247.45 405.39
247.73 409.25
247.73 412.01
244.14 414.22
244.69 409.94
240.27 406.49
236.82 415.88
241.79 417.53
244.69 418.50
248.28 427.47
246.35 431.06
238.62 427.20
246.35 442.65
231.03 429.54
225.65 427.75
219.99 429.68
224.68 422.09
234.89 422.09
239.45 420.02
248.83 420.98
231.44 414.91
221.92 416.02
226.06 415.33
223.85 409.67
227.99 405.80
223.85 403.04
222.47 405.53
222.19 400.42
224.68 393.24
221.78 394.49
250.63 405.11
267.32 416.64
274.23 417.47
272.29 416.09
215.71 443.69
213.50 455.28
199.70 446.45
207.70 438.72
216.26 434.58
212.67 427.68
206.60 426.57
213.50 421.88
217.09 423.26
216.26 417.47
213.22 411.67
210.46 413.60
214.05 408.36
212.12 408.36
259.04 460.25
175.41 458.32
174.03 474.05
161.33 476.81
163.26 437.89
173.48 439.27
169.89 434.03
174.03 426.85
178.17 428.23
181.48 434.85
188.66 439.82
185.62 445.07
180.38 444.79
208.53 431.54
200.53 432.65
195.28 435.41
190.31 435.41
193.35 426.30
199.15 423.81
185.62 422.99
192.80 422.43
170.16 417.19
164.92 418.57
162.71 424.64
166.30 431.54
161.06 431.54
157.74 423.81
159.12 416.09
155.54 417.19
159.95 405.87
186.17 390.14
191.14 393.18
206.32 390.97
207.43 391.80
210.19 390.97
216.26 391.24
213.22 399.52
217.09 401.73
204.67 401.46
207.98 402.28
202.46 397.87
198.87 399.80
187.00 401.46
191.69 404.77
195.01 407.53
192.52 408.36
195.28 410.84
200.25 410.29
203.01 410.29
205.77 412.77
201.91 415.53
194.73 416.64
187.00 418.57
191.14 418.02
189.49 418.57
175.69 414.71
175.41 398.70
183.69 396.49
182.03 391.24
173.75 392.90
178.17 391.24
160.50 389.86
156.09 392.07
155.81 401.46
161.88 391.80
165.20 404.77
176.79 404.49
184.24 405.32
182.31 402.28
188.66 397.59
189.76 401.46
175.41 432.09
167.40 413.05
163.26 414.15
193.07 399.52
228.13 400.63
227.58 395.94
214.88 395.66
168.23 396.49
227.58 434.03
257.11 437.34
261.53 430.16
180.05 422.30
180.88 408.49
183.91 412.36
151.62 394.69
147.75 396.35
140.85 396.35
139.20 394.42
140.85 392.21
132.02 392.76
130.09 387.52
136.71 390.28
133.68 399.11
128.98 396.35
116.84 385.58
110.77 390.28
108.56 381.17
103.04 388.35
153.00 434.16
147.20 434.99
147.75 427.26
150.24 421.47
152.72 412.36
153.83 405.18
145.55 405.18
142.51 405.73
139.47 402.15
138.37 409.87
141.41 409.87
136.99 406.01
132.30 406.84
135.33 401.04
127.60 402.42
131.19 404.08
126.22 406.29
130.09 410.43
125.67 412.36
120.15 411.81
121.53 414.84
124.57 417.60
120.70 418.43
113.53 419.54
114.91 416.22
120.15 478.05
100.28 472.26
89.24 479.16
68.81 472.26
58.87 455.42
72.95 446.59
77.09 433.61
56.39 436.92
66.88 433.61
63.84 427.26
72.40 426.71
74.88 420.92
94.21 423.40
100.28 434.99
88.69 432.23
84.55 431.68
140.58 448.52
141.96 465.08
129.54 461.77
139.47 485.23
139.75 438.86
131.47 431.68
138.37 429.75
135.06 422.30
140.85 418.71
139.75 414.29
159.90 412.36
170.66 406.84
114.91 407.11
121.53 403.80
117.67 401.04
113.80 399.11
117.94 395.52
121.26 396.63
105.25 393.31
93.10 389.45
96.69 394.42
99.73 400.21
102.21 398.56
105.80 398.28
108.56 402.15
14.16 460.11
9.47 450.45
2.84 441.89
7.26 429.20
58.87 434.16
51.15 426.71
55.84 422.57
61.91 420.09
69.92 419.54
73.23 414.29
80.40 416.78
79.58 414.29
85.10 410.70
89.79 411.25
88.96 407.94
92.00 405.73
88.69 398.56
94.48 402.15
88.41 394.42
85.37 394.42
80.13 383.10
73.50 381.17
76.54 393.31
80.68 393.31
80.68 398.28
77.09 403.80
71.02 402.42
69.09 399.11
68.26 391.38
67.98 387.24
28.79 454.31
24.10 443.83
34.31 433.89
44.52 422.57
49.21 420.09
55.84 415.67
53.35 411.25
50.32 415.12
37.62 419.54
25.20 420.92
29.34 412.91
31.55 408.77
37.07 407.94
19.96 420.09
15.82 415.67
6.98 420.09
6.98 412.91
2.57 409.32
8.91 405.18
15.82 407.39
17.47 407.94
22.72 410.43
22.72 410.43
21.06 405.73
26.03 406.29
26.03 402.15
30.17 399.11
32.10 405.18
35.14 402.15
40.38 402.15
39.28 398.28
38.73 391.66
42.59 385.86
47.83 384.48
57.22 379.79
50.59 397.18
55.01 396.35
60.53 394.14
65.22 393.31
60.81 402.97
64.12 406.29
71.85 407.94
56.11 406.01
95.31 448.52
122.64 444.65
111.60 453.21
153.27 457.90
127.05 432.51
128.98 424.50
119.32 427.82
117.67 421.47
110.77 431.68
114.08 434.16
117.67 440.79
107.73 425.88
103.87 420.92
99.17 416.22
102.21 406.84
13.06 396.63
20.78 381.17
48.11 390.28
3.39 395.52
3.12 400.21
5.05 404.91
43.14 397.18
91.17 421.47
174.53 445.76
106.35 449.90
103.04 439.69
13.06 432.51
23.82 427.26
29.89 427.82
24.65 416.50
21.61 397.45
24.10 398.56
28.51 393.59
17.20 426.71
945.09 445.34
984.83 454.18
618.83 503.86
628.77 476.81
553.69 476.81
516.85 523.18
273.95 467.98
99.50 527.60
248.00 467.43
