970.74 755.55
978.55 738.14
1017.59 732.13
1019.39 684.68
974.95 669.66
990.56 652.85
993.57 630.62
992.97 592.78
975.55 577.17
1007.38 553.14
998.97 519.51
980.95 522.51
956.33 499.69
940.11 518.91
980.35 550.74
895.66 524.91
929.30 499.69
940.71 485.87
919.69 453.44
938.31 435.42
971.34 431.22
983.36 428.21
1014.59 416.20
1016.99 473.26
997.77 462.45
973.15 475.66
919.09 568.76
955.13 575.97
949.12 595.79
939.51 589.78
935.31 604.20
916.09 598.79
899.27 613.81
913.08 627.62
943.11 651.65
884.25 584.38
849.42 588.58
835.60 585.58
816.38 581.97
783.95 577.17
802.57 619.21
847.01 632.43
866.83 637.23
884.85 669.66
898.07 681.08
863.83 702.70
927.50 748.95
905.88 748.35
841.01 710.51
795.96 731.53
837.40 727.92
811.58 716.51
786.95 702.10
750.91 735.13
736.50 722.52
712.47 725.52
678.24 729.73
697.46 746.54
654.21 729.73
663.22 733.93
621.78 756.75
610.37 747.14
634.39 715.91
595.35 703.30
591.75 675.07
566.52 710.51
528.68 710.51
528.08 672.67
566.52 757.96
585.74 756.75
629.59 661.26
609.77 665.46
596.55 649.24
569.53 634.83
563.52 615.01
537.09 602.39
599.56 615.61
590.55 588.58
636.80 598.19
638.00 616.81
651.81 646.24
679.44 626.42
662.62 623.42
655.42 573.56
716.68 611.40
729.29 631.82
727.49 667.86
711.87 668.46
683.64 684.68
677.04 703.30
701.66 701.50
749.11 649.24
795.96 659.45
834.40 667.86
774.94 529.12
796.56 512.90
812.18 529.72
828.39 542.93
866.23 558.55
868.04 542.33
901.67 581.37
862.63 508.10
835.60 479.27
875.24 466.05
849.42 454.64
869.24 434.22
883.65 432.42
898.67 424.01
877.05 413.80
922.09 407.79
825.39 415.60
842.21 414.40
838.00 443.23
808.57 449.23
779.14 445.63
797.76 421.61
774.94 415.60
792.96 482.87
778.54 474.46
792.96 472.66
746.71 476.26
729.89 490.08
753.32 524.91
743.71 513.50
710.07 533.92
717.88 514.70
687.85 512.30
664.42 533.92
645.81 499.69
618.78 538.73
595.95 509.30
600.76 527.32
575.53 555.55
549.10 550.74
542.50 513.50
563.52 517.11
563.52 466.65
517.27 490.08
517.87 472.66
526.88 456.44
519.07 433.02
525.08 424.61
568.93 415.60
559.32 407.79
600.16 408.99
624.78 446.83
624.18 475.66
604.96 460.65
657.22 461.85
657.82 449.84
660.82 428.81
698.06 468.45
711.87 470.86
713.68 407.79
736.50 399.38
684.85 432.42
499.72 563.95
503.32 610.80
489.51 618.01
509.33 686.48
494.31 693.09
483.50 718.92
517.14 758.56
508.13 748.35
464.88 749.55
466.08 763.36
406.02 754.95
398.81 714.11
436.05 697.29
421.04 703.30
460.68 673.87
436.65 652.85
447.47 621.01
450.47 595.19
441.46 598.79
434.85 581.37
481.10 558.55
496.12 538.13
460.08 529.72
407.82 516.50
463.68 478.67
466.08 451.04
497.32 430.01
495.51 400.58
462.48 397.58
452.87 422.81
428.25 446.83
410.83 436.62
407.82 415.60
377.19 455.84
330.34 454.64
368.78 438.42
313.53 466.05
292.50 449.84
267.88 449.84
251.66 434.22
258.27 492.48
267.28 470.26
279.29 527.32
271.48 548.94
309.92 532.12
323.14 533.92
345.36 583.17
384.40 568.76
312.93 580.17
297.31 591.58
254.06 590.38
240.25 577.17
246.26 605.40
245.66 661.26
264.88 683.48
288.30 678.07
266.08 707.50
267.28 723.72
315.33 753.15
311.72 710.51
330.94 670.26
343.56 642.04
365.18 632.43
391.01 654.05
404.22 624.62
391.61 610.80
405.42 673.87
363.38 720.72
299.11 639.03
288.30 641.43
330.94 425.81
327.94 400.58
259.94 753.15
223.90 723.72
236.51 691.89
226.90 661.86
205.28 657.65
186.66 607.80
196.27 599.99
207.68 593.99
207.68 561.55
169.84 592.78
136.21 602.39
118.19 588.58
148.22 688.88
165.64 710.51
178.25 732.73
145.82 750.15
140.41 727.92
117.59 731.53
139.21 700.30
58.73 616.21
61.73 644.44
32.30 666.06
18.49 680.48
46.11 739.94
74.34 745.94
14.88 753.75
98.37 648.64
87.56 612.60
55.12 592.78
13.68 633.63
50.32 540.53
39.51 526.72
31.10 491.88
39.51 479.87
25.09 454.64
8.27 419.80
82.15 455.24
75.54 434.22
116.99 428.81
94.76 394.58
136.81 426.41
127.20 424.61
165.04 422.21
229.30 432.42
221.50 447.43
198.07 457.64
217.89 491.28
215.49 512.30
178.25 481.67
143.42 454.64
160.83 533.32
234.71 544.73
235.91 531.52
360.24 678.07
125.40 526.11
98.37 548.34
86.36 523.11
121.19 499.69
116.99 466.05
76.15 497.28
4.07 504.49
437.72 397.58
369.25 398.78
372.25 418.00
25.69 393.08
23.89 364.25
31.70 318.60
38.31 295.78
85.76 297.58
96.57 293.37
157.23 295.78
122.99 329.41
118.79 351.63
107.98 374.46
70.14 347.43
67.14 372.66
50.32 378.06
145.22 363.05
184.26 358.84
201.68 358.84
228.70 363.05
251.53 360.64
284.56 360.64
223.90 405.09
284.56 400.88
296.57 378.66
288.17 339.62
265.34 339.62
243.72 294.57
214.29 299.98
157.83 332.41
479.16 378.66
471.36 360.64
503.19 335.42
485.77 331.81
466.55 325.81
437.72 323.40
432.32 334.22
418.50 318.60
397.48 327.01
428.71 373.26
410.69 375.66
364.44 367.85
384.27 345.03
371.05 321.60
343.42 351.03
333.81 343.22
330.81 293.37
362.64 285.56
438.92 296.38
388.47 300.58
506.19 308.39
487.57 298.78
464.75 271.75
480.97 212.89
443.13 215.29
438.32 267.55
405.29 283.16
417.90 254.93
406.49 237.51
409.49 220.70
396.28 195.47
367.45 176.85
358.44 205.08
337.42 202.68
375.26 209.89
354.23 236.31
351.83 248.33
374.05 269.35
315.79 256.73
299.58 238.12
254.53 188.26
298.38 172.05
327.21 176.25
318.20 153.43
283.96 154.03
262.94 145.02
246.72 164.24
239.51 158.23
256.93 132.41
225.70 175.65
212.49 161.84
196.87 145.02
186.66 146.82
184.26 170.85
202.88 149.22
203.48 185.86
192.67 191.27
260.54 240.52
234.11 244.12
288.77 268.75
285.76 286.77
303.18 333.01
289.97 311.99
332.01 322.20
308.59 358.84
502.59 148.02
503.79 110.18
488.17 98.77
476.16 124.00
444.33 111.38
437.12 92.16
420.90 102.97
410.69 90.36
389.07 89.16
375.26 92.16
358.44 122.80
405.29 115.59
306.18 102.97
295.37 90.96
151.22 166.04
148.22 194.27
183.06 241.72
197.47 264.54
162.03 264.54
138.01 264.54
101.37 251.33
73.14 271.75
43.11 262.14
36.50 274.75
16.08 286.17
62.33 285.56
7.67 271.75
10.08 203.88
7.07 177.45
14.88 159.43
38.31 197.27
58.73 170.24
76.75 203.88
98.37 190.07
94.16 167.24
112.78 187.06
126.00 212.29
107.98 149.82
136.81 149.22
157.83 143.22
136.81 113.79
145.22 111.98
160.23 100.57
177.05 111.38
105.58 120.39
93.56 96.97
66.54 95.17
46.71 92.16
67.14 117.39
58.13 126.40
39.51 132.41
26.89 134.21
8.88 102.97
5.87 87.96
3.47 117.99
199.87 107.18
214.29 97.57
224.50 90.36
198.07 90.36
171.04 84.36
48.52 52.82
78.55 73.84
7.67 40.81
2.87 22.19
26.29 15.58
41.91 14.98
72.54 40.81
67.14 25.79
118.79 21.59
123.59 55.23
139.81 83.45
164.44 20.99
198.67 25.19
231.11 25.19
252.73 45.01
273.75 61.23
251.53 65.44
192.67 55.83
317.60 78.65
335.01 67.84
322.40 51.62
338.02 46.22
370.45 46.82
371.05 64.23
381.86 33.60
359.64 36.01
325.40 19.19
283.96 25.79
293.57 44.41
290.57 16.79
275.55 15.58
256.33 13.18
242.52 13.78
362.04 14.98
390.27 20.99
416.10 31.80
446.13 12.58
443.13 31.80
433.52 50.42
432.32 70.24
417.90 70.24
404.69 76.85
465.35 69.64
462.95 42.01
494.18 69.64
348.23 78.05
696.12 342.02
682.91 335.42
665.49 352.23
673.90 387.07
688.92 386.47
627.05 367.25
569.39 385.27
582.00 367.25
627.65 341.42
637.86 328.81
654.08 326.41
732.76 337.22
614.44 278.36
600.62 279.56
588.61 315.00
544.17 340.22
523.14 327.01
551.37 393.68
511.13 372.66
512.93 391.27
509.33 224.30
545.97 240.52
531.55 251.33
511.73 272.35
545.37 288.57
592.22 263.34
607.83 254.33
630.05 254.93
645.67 276.56
664.29 266.95
664.29 242.32
689.52 240.52
631.26 236.31
621.05 221.90
611.44 198.47
576.00 198.47
566.99 215.89
644.47 200.28
679.31 205.08
723.75 245.32
728.56 261.54
718.95 299.98
694.92 285.56
792.22 327.61
819.25 341.42
840.87 330.01
845.08 341.42
863.10 348.03
869.10 379.86
911.15 393.68
821.65 375.66
776.01 379.86
794.03 381.66
800.63 373.86
803.64 354.64
760.39 311.99
788.02 304.18
770.60 275.35
750.78 251.33
760.39 200.28
732.16 209.29
733.96 196.67
805.44 203.28
822.25 211.09
826.46 236.91
805.44 240.52
849.28 222.50
863.70 218.29
869.70 200.88
899.13 202.68
914.75 199.07
910.55 218.29
914.15 236.31
889.52 226.70
879.91 243.52
876.31 222.50
858.29 257.34
903.34 268.15
893.13 274.15
918.35 286.77
924.36 308.39
912.95 328.81
885.32 339.62
881.12 360.64
869.70 324.61
941.18 266.34
945.38 247.12
939.38 226.70
944.18 206.88
944.18 217.09
767.60 249.53
822.25 272.95
807.84 303.58
817.45 325.81
941.78 352.83
940.58 390.07
1011.59 344.43
1012.19 320.40
990.56 333.01
970.74 346.23
955.73 311.99
985.16 277.76
1006.18 269.95
1005.58 248.33
1021.20 215.29
1007.98 233.91
983.36 213.49
989.96 244.12
980.35 244.12
966.54 242.92
984.56 254.93
971.94 364.85
977.95 399.68
734.70 290.37
753.32 417.10
904.07 360.64
992.97 129.10
1007.98 109.88
988.76 100.27
1007.38 93.06
1014.59 70.84
1011.59 46.22
983.36 51.02
983.36 67.84
982.15 81.05
962.93 99.07
947.32 104.48
965.34 112.89
952.12 123.10
939.51 82.25
919.09 92.46
898.07 78.65
916.69 73.84
881.25 90.66
865.03 100.27
869.84 72.64
860.83 51.02
849.42 25.19
835.60 33.60
821.19 34.80
819.39 73.84
801.97 61.23
839.81 67.84
833.20 57.03
791.16 30.00
807.97 23.39
772.54 36.01
755.12 30.00
752.72 20.99
731.69 14.98
734.10 36.01
752.12 68.44
734.10 63.03
683.04 52.82
709.47 47.42
680.64 37.81
639.80 54.62
654.81 48.62
598.36 27.60
552.71 28.20
541.30 180.16
568.32 162.74
553.31 160.33
532.89 145.32
519.67 145.92
517.27 102.07
527.48 85.26
535.29 115.89
522.68 67.84
567.12 79.85
576.73 102.07
601.36 93.67
608.57 108.68
581.54 117.69
613.97 129.70
623.58 122.50
641.00 138.71
663.82 145.32
658.42 121.29
669.23 101.47
695.06 95.47
702.86 124.30
682.44 121.29
689.05 139.91
699.26 151.93
665.63 163.34
681.84 179.55
691.45 168.74
728.09 156.13
719.68 147.72
726.89 131.50
740.10 105.08
733.50 96.07
770.13 97.87
785.15 106.28
834.40 105.08
838.61 92.46
814.58 136.91
809.17 157.93
774.94 133.31
750.31 129.70
776.74 173.55
824.19 182.56
849.42 178.95
850.02 154.33
865.63 150.12
884.25 174.75
896.87 162.74
940.71 170.55
905.88 130.30
973.15 196.37
850.02 195.17
910.08 21.59
925.70 29.40
959.93 52.82
941.31 61.83
931.70 57.03
886.05 120.09
782.15 65.44
597.76 171.75
589.35 162.74
673.43 23.39
656.02 20.99
546.70 104.48
523.88 227.00
716.68 280.46
776.01 677.17
744.77 696.39
957.39 693.99
1016.26 495.78
813.25 686.78
347.16 539.03
271.48 92.16
