907.52 610.01
881.09 597.39
943.56 610.61
934.55 583.58
980.80 593.19
982.00 611.81
999.42 568.56
1008.42 528.92
989.81 494.69
962.78 533.73
939.95 504.30
944.76 522.32
919.53 550.55
893.10 545.74
886.50 508.50
907.52 512.11
907.52 461.65
861.27 485.08
861.87 467.66
870.88 451.44
863.07 428.02
869.08 419.61
912.93 410.60
903.32 402.79
944.16 403.99
968.78 441.83
968.18 470.66
948.96 455.65
1001.22 456.85
1001.82 444.84
1004.82 423.81
843.72 558.95
847.32 605.80
833.51 613.01
794.47 590.19
785.46 593.79
778.85 576.37
825.10 553.55
840.12 533.13
804.08 524.72
751.82 511.50
807.68 473.67
810.08 446.04
841.32 425.01
839.51 395.58
806.48 392.58
796.87 417.81
772.25 441.83
754.83 431.62
751.82 410.60
721.19 450.84
674.34 449.64
712.78 433.42
657.53 461.05
636.50 444.84
611.88 444.84
595.66 429.22
602.27 487.48
611.28 465.26
623.29 522.32
615.48 543.94
653.92 527.12
667.14 528.92
689.36 578.17
728.40 563.76
656.93 575.17
641.31 586.58
598.06 585.38
584.25 572.17
590.26 600.40
735.61 605.80
674.94 420.81
671.94 395.58
530.66 602.80
540.27 594.99
551.68 588.99
551.68 556.55
513.84 587.78
480.21 597.39
462.19 583.58
431.56 607.60
426.15 450.24
419.54 429.22
460.99 423.81
438.76 389.58
480.81 421.41
471.20 419.61
509.04 417.21
573.30 427.42
565.50 442.43
542.07 452.64
561.89 486.28
559.49 507.30
522.25 476.67
487.42 449.64
504.83 528.32
578.71 539.73
579.91 526.52
469.40 521.11
442.37 543.34
430.36 518.11
465.19 494.69
460.99 461.05
420.15 492.28
781.72 392.58
713.25 393.78
716.25 413.00
429.76 292.58
440.57 288.37
501.23 290.78
466.99 324.41
462.79 346.63
451.98 369.46
414.14 342.43
411.14 367.66
489.22 358.05
528.26 353.84
545.68 353.84
572.70 358.05
595.53 355.64
628.56 355.64
567.90 400.09
628.56 395.88
640.57 373.66
632.17 334.62
609.34 334.62
587.72 289.57
558.29 294.98
501.83 327.41
823.16 373.66
815.36 355.64
847.19 330.42
829.77 326.81
810.55 320.81
781.72 318.40
776.32 329.22
762.50 313.60
741.48 322.01
772.71 368.26
754.69 370.66
708.44 362.85
728.27 340.03
715.05 316.60
687.42 346.03
677.81 338.22
674.81 288.37
706.64 280.56
782.92 291.38
732.47 295.58
850.19 303.39
831.57 293.78
808.75 266.75
824.97 207.89
787.13 210.29
782.32 262.55
749.29 278.16
761.90 249.93
750.49 232.51
753.49 215.70
740.28 190.47
711.45 171.85
702.44 200.08
681.42 197.68
719.26 204.89
698.23 231.31
695.83 243.33
718.05 264.35
659.79 251.73
643.58 233.12
598.53 183.26
642.38 167.05
671.21 171.25
662.20 148.43
627.96 149.03
606.94 140.02
590.72 159.24
583.51 153.23
600.93 127.41
569.70 170.65
556.49 156.84
540.87 140.02
530.66 141.82
528.26 165.85
546.88 144.22
547.48 180.86
536.67 186.27
604.54 235.52
578.11 239.12
632.77 263.75
629.76 281.77
647.18 328.01
633.97 306.99
676.01 317.20
652.59 353.84
846.59 143.02
847.79 105.18
832.17 93.77
820.16 119.00
788.33 106.38
781.12 87.16
764.90 97.97
754.69 85.36
733.07 84.16
719.26 87.16
702.44 117.80
749.29 110.59
650.18 97.97
639.37 85.96
495.22 161.04
492.22 189.27
527.06 236.72
541.47 259.54
506.03 259.54
482.01 259.54
445.37 246.33
417.14 266.75
420.75 198.88
442.37 185.07
438.16 162.24
456.78 182.06
470.00 207.29
451.98 144.82
480.81 144.22
501.83 138.22
480.81 108.79
489.22 106.98
504.23 95.57
521.05 106.38
449.58 115.39
437.56 91.97
410.54 90.17
411.14 112.39
543.87 102.18
558.29 92.57
568.50 85.36
542.07 85.36
515.04 79.36
422.55 68.84
416.54 35.81
411.14 20.79
462.79 16.59
467.59 50.23
483.81 78.45
508.44 15.99
542.67 20.19
575.11 20.19
596.73 40.01
617.75 56.23
595.53 60.44
536.67 50.83
661.60 73.65
679.01 62.84
666.40 46.62
682.02 41.22
714.45 41.82
715.05 59.23
725.86 28.60
703.64 31.01
669.40 14.19
627.96 20.79
637.57 39.41
634.57 11.79
619.55 10.58
600.33 8.18
586.52 8.78
706.04 9.98
734.27 15.99
760.10 26.80
790.13 7.58
787.13 26.80
777.52 45.42
776.32 65.24
761.90 65.24
748.69 71.85
809.35 64.64
806.95 37.01
838.18 64.64
692.23 73.05
1009.49 347.23
1017.90 382.07
971.05 362.25
913.39 380.27
926.00 362.25
971.65 336.42
981.86 323.81
998.08 321.41
958.44 273.36
944.62 274.56
932.61 310.00
888.17 335.22
867.14 322.01
895.37 388.68
855.13 367.66
856.93 386.27
853.33 219.30
889.97 235.52
875.55 246.33
855.73 267.35
889.37 283.57
936.22 258.34
951.83 249.33
974.05 249.93
989.67 271.56
1008.29 261.95
1008.29 237.32
975.26 231.31
965.05 216.90
955.44 193.47
920.00 193.47
910.99 210.89
988.47 195.28
1023.31 200.08
983.80 49.62
998.81 43.62
942.36 22.60
896.71 23.20
885.30 175.16
912.32 157.74
897.31 155.33
876.89 140.32
863.67 140.92
861.27 97.07
871.48 80.26
879.29 110.89
866.68 62.84
911.12 74.85
920.73 97.07
945.36 88.67
952.57 103.68
925.54 112.69
957.97 124.70
967.58 117.50
985.00 133.71
1007.82 140.32
1002.42 116.29
1013.23 96.47
1009.63 158.34
941.76 166.75
933.35 157.74
1017.43 18.39
1000.02 15.99
890.70 99.48
867.88 222.00
691.16 534.03
615.48 87.16
