82.48 595.01
108.91 582.39
46.44 595.61
55.45 568.58
9.20 578.19
8.00 596.81
0.19 479.69
27.22 518.73
50.05 489.30
45.24 507.32
70.47 535.55
96.90 530.74
103.50 493.50
82.48 497.11
82.48 446.65
128.73 470.08
128.13 452.66
119.12 436.44
126.93 413.02
120.92 404.61
77.07 395.60
86.68 387.79
45.84 388.99
21.22 426.83
21.82 455.66
41.04 440.65
146.28 543.95
142.68 590.80
156.49 598.01
198.53 601.01
195.53 575.19
204.54 578.79
211.15 561.37
164.90 538.55
149.88 518.13
185.92 509.72
238.18 496.50
182.32 458.67
179.92 431.04
148.68 410.01
150.49 380.58
183.52 377.58
193.13 402.81
217.75 426.83
235.17 416.62
238.18 395.60
268.81 435.84
315.66 434.64
277.22 418.42
332.47 446.05
353.50 429.84
378.12 429.84
394.34 414.22
387.73 472.48
378.72 450.26
366.71 507.32
374.52 528.94
336.08 512.12
322.86 513.92
300.64 563.17
261.60 548.76
333.07 560.17
348.69 571.58
391.94 570.38
405.75 557.17
399.74 585.40
280.82 612.43
241.78 604.62
254.39 590.80
315.06 405.81
318.06 380.58
459.34 587.80
449.73 579.99
438.32 573.99
438.32 541.55
476.16 572.78
509.79 582.39
527.81 568.58
587.27 596.21
558.44 592.60
590.88 572.78
595.68 520.53
606.49 506.72
606.49 459.87
563.85 435.24
570.46 414.22
529.01 408.81
551.24 374.58
509.19 406.41
518.80 404.61
480.96 402.21
416.70 412.42
424.50 427.43
447.93 437.64
428.11 471.28
430.51 492.30
467.75 461.67
502.58 434.64
485.17 513.32
411.29 524.73
410.09 511.52
520.60 506.11
547.63 528.34
559.64 503.11
524.81 479.69
529.01 446.05
569.85 477.28
208.28 377.58
276.75 378.78
273.75 398.00
607.69 275.78
560.24 277.58
549.43 273.37
488.77 275.78
523.01 309.41
527.21 331.63
538.02 354.46
575.86 327.43
578.86 352.66
595.68 358.06
500.78 343.05
461.74 338.84
444.32 338.84
417.30 343.05
394.47 340.64
361.44 340.64
422.10 385.09
361.44 380.88
349.43 358.66
357.83 319.62
380.66 319.62
402.28 274.57
431.71 279.98
488.17 312.41
166.84 358.66
174.64 340.64
142.81 315.42
160.23 311.81
179.45 305.81
208.28 303.40
213.68 314.22
227.50 298.60
248.52 307.01
217.29 353.26
235.31 355.66
281.56 347.85
261.73 325.03
274.95 301.60
302.58 331.03
312.19 323.22
315.19 273.37
283.36 265.56
207.08 276.38
257.53 280.58
139.81 288.39
158.43 278.78
181.25 251.75
165.03 192.89
202.87 195.29
207.68 247.55
240.71 263.16
228.10 234.93
239.51 217.51
236.51 200.70
249.72 175.47
278.55 156.85
287.56 185.08
308.58 182.68
270.74 189.89
291.77 216.31
294.17 228.33
271.95 249.35
330.21 236.73
346.42 218.12
391.47 168.26
347.62 152.05
318.79 156.25
327.80 133.43
362.04 134.03
383.06 125.02
399.28 144.24
406.49 138.23
389.07 112.41
420.30 155.65
433.51 141.84
449.13 125.02
459.34 126.82
461.74 150.85
443.12 129.22
442.52 165.86
453.33 171.27
385.46 220.52
411.89 224.12
357.23 248.75
360.24 266.77
342.82 313.01
356.03 291.99
313.99 302.20
337.41 338.84
143.41 128.02
142.21 90.18
157.83 78.77
169.84 104.00
201.67 91.38
208.88 72.16
225.10 82.97
235.31 70.36
256.93 69.16
270.74 72.16
287.56 102.80
240.71 95.59
339.82 82.97
350.63 70.96
494.78 146.04
497.78 174.27
462.94 221.72
448.53 244.54
483.97 244.54
507.99 244.54
544.63 231.33
572.86 251.75
602.89 242.14
609.50 254.75
583.67 265.56
607.69 177.27
587.27 150.24
569.25 183.88
547.63 170.07
551.84 147.24
533.22 167.06
520.00 192.29
538.02 129.82
509.19 129.22
488.17 123.22
509.19 93.79
500.78 91.98
485.77 80.57
468.95 91.38
540.42 100.39
552.44 76.97
579.46 75.17
599.29 72.16
578.86 97.39
587.87 106.40
606.49 112.41
446.13 87.18
431.71 77.57
421.50 70.36
447.93 70.36
474.96 64.36
597.48 32.82
567.45 53.84
573.46 20.81
578.86 5.79
527.21 1.59
522.41 35.23
506.19 63.45
481.56 0.99
447.33 5.19
414.89 5.19
393.27 25.01
372.25 41.23
394.47 45.44
453.33 35.83
328.40 58.65
310.99 47.84
323.60 31.62
307.98 26.22
275.55 26.82
274.95 44.23
264.14 13.60
286.36 16.01
362.04 5.79
352.43 24.41
255.73 0.99
229.90 11.80
202.87 11.80
212.48 30.42
213.68 50.24
228.10 50.24
241.31 56.85
180.65 49.64
183.05 22.01
151.82 49.64
297.77 58.05
18.95 347.25
76.61 365.27
64.00 347.25
18.35 321.42
8.14 308.81
31.56 258.36
45.38 259.56
57.39 295.00
101.83 320.22
122.86 307.01
94.63 373.68
134.87 352.66
133.07 371.27
136.67 204.30
100.03 220.52
114.45 231.33
134.27 252.35
100.63 268.57
53.78 243.34
38.17 234.33
15.95 234.93
0.33 256.56
14.74 216.31
24.95 201.90
34.56 178.47
70.00 178.47
79.01 195.89
1.53 180.28
6.20 34.62
47.64 7.60
93.29 8.20
104.70 160.16
77.68 142.74
92.69 140.33
113.11 125.32
126.33 125.92
128.73 82.07
118.52 65.26
110.71 95.89
123.32 47.84
78.88 59.85
69.27 82.07
44.64 73.67
37.43 88.68
64.46 97.69
32.03 109.70
22.42 102.50
5.00 118.71
48.24 151.75
56.65 142.74
99.30 84.48
122.12 207.00
298.84 519.03
374.52 72.16
