5.50 574.52
29.53 577.52
63.76 581.73
44.54 598.54
87.79 581.73
78.78 585.93
120.22 608.75
131.63 599.14
107.61 567.91
146.65 555.30
150.25 527.07
175.48 562.51
213.32 562.51
213.92 524.67
175.48 609.96
156.26 608.75
112.41 513.26
132.23 517.46
145.45 501.24
172.47 486.83
178.48 467.01
204.91 454.39
142.44 467.61
151.45 440.58
105.20 450.19
104.00 468.81
90.19 498.24
62.56 478.42
79.38 475.42
86.58 425.56
25.32 463.40
12.71 483.82
14.51 519.86
30.13 520.46
58.36 536.68
64.96 555.30
40.34 553.50
12.11 342.08
31.93 385.92
24.12 366.70
54.15 364.30
77.58 385.92
96.19 351.69
123.22 390.73
146.05 361.30
141.24 379.32
166.47 407.55
192.90 402.74
199.50 365.50
178.48 369.11
178.48 318.65
224.73 342.08
224.13 324.66
215.12 308.44
222.93 285.02
216.92 276.61
173.07 267.60
182.68 259.79
141.84 260.99
117.22 298.83
117.82 327.66
137.04 312.65
84.78 313.85
84.18 301.84
81.18 280.81
43.94 320.45
30.13 322.86
28.32 259.79
5.50 251.38
57.15 284.42
242.28 415.95
238.68 462.80
252.49 470.01
232.67 538.48
247.69 545.09
258.50 570.92
224.86 610.56
233.87 600.35
277.12 601.55
335.98 606.95
343.19 566.11
305.95 549.29
320.96 555.30
281.32 525.87
305.35 504.85
294.53 473.01
291.53 447.19
300.54 450.79
307.15 433.37
260.90 410.55
245.88 390.13
281.92 381.72
334.18 368.50
278.32 330.67
275.92 303.04
244.68 282.01
246.49 252.58
279.52 249.58
289.13 274.81
313.75 298.83
331.17 288.62
334.18 267.60
364.81 307.84
411.66 306.64
373.22 290.42
428.47 318.05
449.50 301.84
474.12 301.84
490.34 286.22
483.73 344.48
474.72 322.26
462.71 379.32
470.52 400.94
432.08 384.12
418.86 385.92
396.64 435.17
357.60 420.76
429.07 432.17
444.69 443.58
487.94 442.38
501.75 429.17
495.74 457.40
496.34 513.26
477.12 535.48
453.70 530.07
475.92 559.50
474.72 575.72
426.67 605.15
430.28 562.51
411.06 522.26
398.44 494.04
376.82 484.43
350.99 506.05
337.78 476.62
350.39 462.80
336.58 525.87
378.62 572.72
442.89 491.03
453.70 493.43
411.06 277.81
414.06 252.58
482.06 605.15
518.10 575.72
505.49 543.89
515.10 513.86
536.72 509.65
555.34 459.80
545.73 451.99
534.32 445.99
534.32 413.55
572.16 444.78
605.79 454.39
593.78 540.88
576.36 562.51
563.75 584.73
596.18 602.15
601.59 579.92
602.79 552.30
605.19 278.41
576.96 274.21
512.70 284.42
520.50 299.43
543.93 309.64
524.11 343.28
526.51 364.30
563.75 333.67
598.58 306.64
581.17 385.32
507.29 396.73
506.09 383.52
381.76 530.07
304.28 249.58
372.75 250.78
369.75 270.00
584.77 147.78
596.78 215.05
557.74 210.84
540.32 210.84
513.30 215.05
490.47 212.64
457.44 212.64
518.10 257.09
457.44 252.88
445.43 230.66
453.83 191.62
476.66 191.62
498.28 146.57
527.71 151.98
584.17 184.41
262.84 230.66
270.64 212.64
238.81 187.42
256.23 183.81
275.45 177.81
304.28 175.40
309.68 186.22
323.50 170.60
344.52 179.01
313.29 225.26
331.31 227.66
377.56 219.85
357.73 197.03
370.95 173.60
398.58 203.03
408.19 195.22
411.19 145.37
379.36 137.56
303.08 148.38
353.53 152.58
235.81 160.39
254.43 150.78
277.25 123.75
261.03 64.89
298.87 67.29
303.68 119.55
336.71 135.16
324.10 106.93
335.51 89.51
332.51 72.70
345.72 47.47
374.55 28.85
383.56 57.08
404.58 54.68
366.74 61.89
387.77 88.31
390.17 100.33
367.95 121.35
426.21 108.73
442.42 90.12
487.47 40.26
443.62 24.05
414.79 28.25
423.80 5.43
458.04 6.03
495.28 16.24
502.49 10.23
516.30 27.65
529.51 13.84
557.74 22.85
539.12 1.22
538.52 37.86
549.33 43.27
481.46 92.52
507.89 96.12
453.23 120.75
456.24 138.77
438.82 185.01
452.03 163.99
409.99 174.20
433.41 210.84
239.41 0.02
590.78 18.04
593.78 46.27
558.94 93.72
544.53 116.54
579.97 116.54
603.99 116.54
605.19 1.22
45.88 194.02
59.09 187.42
76.51 204.23
68.10 239.07
53.08 238.47
114.95 219.25
172.61 237.27
160.00 219.25
114.35 193.42
104.14 180.81
87.92 178.41
9.24 189.22
127.56 130.36
141.38 131.56
153.39 167.00
197.83 192.22
218.86 179.01
190.63 245.68
230.87 224.66
229.07 243.27
232.67 76.30
196.03 92.52
210.45 103.33
230.27 124.35
196.63 140.57
149.78 115.34
134.17 106.33
111.95 106.93
96.33 128.56
77.71 118.95
77.71 94.32
52.48 92.52
110.74 88.31
120.95 73.90
130.56 50.47
166.00 50.47
175.01 67.89
97.53 52.28
62.69 57.08
18.25 97.32
13.44 113.54
23.05 151.98
47.08 137.56
9.84 61.29
8.04 48.67
7.30 142.37
200.70 32.16
173.68 14.74
188.69 12.33
42.74 3.93
76.37 15.34
60.16 31.55
50.55 20.74
13.91 8.13
144.24 23.75
152.65 14.74
218.12 79.00
25.32 132.46
394.84 391.03
