5.16 254.40
42.55 310.49
78.51 349.32
94.33 447.12
143.23 534.85
18.10 224.20
59.81 244.34
46.87 212.69
31.05 173.86
61.25 185.37
3.36 132.52
6.96 139.71
17.02 129.64
101.16 211.62
96.13 187.89
114.82 184.29
97.56 172.78
63.05 157.68
37.16 152.65
47.95 147.62
50.10 136.11
43.63 134.67
37.16 128.20
126.33 210.90
116.98 278.49
147.18 273.46
90.37 144.02
103.32 144.74
110.51 169.19
122.73 159.12
119.86 150.49
22.06 122.45
20.62 117.41
11.99 115.26
27.81 118.13
44.35 124.61
39.32 118.13
56.58 121.73
59.45 133.23
91.09 129.64
78.15 141.14
84.62 136.11
77.43 119.57
68.80 139.71
88.93 118.13
103.32 131.80
117.70 119.57
99.72 122.45
96.84 128.20
109.07 129.64
110.51 140.43
129.92 125.32
122.01 131.80
140.31 123.85
104.11 121.53
133.33 140.40
150.91 131.35
145.74 125.15
162.28 127.73
159.96 137.30
177.54 125.15
183.49 121.53
195.12 125.15
189.17 128.76
185.55 136.00
166.42 138.59
157.11 147.38
141.60 158.24
159.44 163.41
173.92 164.19
186.33 143.76
179.87 144.54
172.11 146.86
194.60 153.33
201.59 183.06
197.97 137.56
192.28 134.71
199.52 127.73
205.98 132.38
214.00 110.67
207.01 114.29
212.70 122.04
218.13 125.66
217.62 136.52
207.53 157.72
217.62 147.64
208.82 172.46
224.34 155.14
229.51 167.81
230.28 145.57
227.18 138.59
234.94 134.97
227.96 122.82
221.75 125.15
236.49 121.53
242.95 121.01
240.11 130.57
242.44 136.52
249.16 136.52
250.45 152.29
237.27 156.43
254.59 130.57
260.54 129.54
251.74 123.85
252.52 119.20
246.31 119.72
165.70 194.90
140.53 185.91
149.16 177.28
182.96 220.07
224.67 193.10
215.32 199.93
265.29 156.07
275.72 152.47
268.17 169.37
262.06 190.58
286.51 211.08
257.38 273.28
190.51 261.77
229.34 228.69
270.87 323.08
255.05 380.61
315.45 235.35
385.92 238.22
404.62 213.05
395.27 306.54
364.35 182.85
303.23 176.38
339.90 211.62
380.17 179.98
411.09 182.85
423.32 189.32
426.19 211.62
284.71 131.26
260.17 140.69
279.59 123.80
284.44 123.62
292.35 131.17
314.64 141.77
322.19 146.99
327.05 139.26
327.77 132.07
317.16 125.23
311.41 121.64
322.55 124.52
308.89 129.91
300.62 129.55
305.65 143.21
300.62 140.34
316.80 156.16
336.93 143.03
333.52 129.91
317.70 131.71
335.50 157.41
325.07 165.32
298.64 152.02
306.91 161.19
349.52 170.36
345.56 154.90
352.93 150.22
346.28 160.29
364.26 165.32
345.47 126.22
350.87 128.38
357.34 132.69
368.13 132.69
365.97 127.66
368.13 140.25
377.47 140.96
386.10 152.11
369.20 152.83
393.29 162.90
404.44 147.80
406.24 162.18
420.62 161.10
429.97 166.49
441.83 162.90
441.47 181.59
467.00 183.75
478.87 176.20
456.93 163.62
458.01 143.84
486.42 146.36
474.19 142.04
479.23 133.41
435.72 133.41
437.16 143.84
430.33 152.83
394.37 132.69
385.02 135.21
486.06 197.77
516.26 193.82
518.42 224.02
521.65 153.55
523.45 142.04
500.08 138.81
498.64 151.03
489.29 181.59
522.01 173.68
495.41 169.73
512.67 141.32
507.63 146.00
374.24 124.07
356.26 123.71
397.61 122.99
406.51 132.25
464.93 132.25
478.33 383.84
527.23 327.75
433.74 260.16
545.38 179.44
541.79 164.69
536.75 140.96
509.61 268.43
67.50 119.65
124.79 144.20
