11.10 461.32
54.25 536.11
42.74 385.10
2.47 366.40
19.73 346.27
2.65 267.71
10.92 246.13
5.53 254.04
14.52 282.09
74.20 347.89
56.23 307.26
76.00 313.01
35.37 297.91
24.23 285.32
38.25 268.43
27.82 270.94
19.91 251.53
28.90 262.67
32.86 247.57
36.81 250.45
42.20 250.09
36.09 240.02
31.06 236.07
52.63 237.14
70.25 270.94
59.82 256.20
49.04 253.68
68.45 245.05
70.97 237.14
80.32 240.38
69.53 230.67
56.95 247.21
81.04 251.53
83.55 256.20
83.91 263.75
85.35 285.32
68.45 283.89
111.78 294.49
94.52 364.96
126.16 366.40
163.55 422.49
199.51 461.32
139.10 336.20
180.81 356.34
167.87 324.69
152.05 285.86
182.25 297.37
103.15 274.36
120.05 274.72
117.17 254.58
93.44 257.46
95.60 245.23
105.67 250.99
110.70 250.99
116.45 244.52
124.36 244.52
127.96 251.71
138.02 241.64
222.16 323.62
217.13 299.89
235.82 296.29
218.56 284.78
184.05 269.68
158.16 264.65
168.95 259.62
171.10 248.11
164.63 246.67
158.16 240.20
247.33 322.90
237.98 390.49
268.18 385.46
211.37 256.02
224.32 256.74
231.51 281.19
243.73 271.12
240.86 262.49
110.70 239.48
117.17 235.17
143.06 234.45
141.62 229.41
132.99 227.26
148.81 230.13
165.35 236.61
160.32 230.13
177.58 233.73
180.45 245.23
212.09 241.64
199.15 253.14
205.62 248.11
198.43 231.57
189.80 251.71
209.93 230.13
224.32 243.80
238.70 231.57
220.72 234.45
217.84 240.20
230.07 241.64
231.51 252.43
250.92 237.32
243.01 243.80
261.31 235.85
225.11 233.53
254.33 252.40
271.91 243.35
266.74 237.15
283.28 239.73
280.96 249.30
298.54 237.15
304.49 233.53
316.12 237.15
310.17 240.76
306.55 248.00
287.42 250.59
278.11 259.38
262.60 270.24
280.44 275.41
294.92 276.19
307.33 255.76
300.87 256.54
293.11 258.86
315.60 265.33
322.59 295.06
318.97 249.56
313.28 246.71
320.52 239.73
326.98 244.38
335.00 222.67
328.01 226.29
333.70 234.04
339.13 237.66
338.62 248.52
328.53 269.72
338.62 259.64
329.82 284.46
345.34 267.14
350.51 279.81
351.28 257.57
348.18 250.59
355.94 246.97
348.96 234.82
342.75 237.15
357.49 233.53
363.95 233.01
361.11 242.57
363.44 248.52
370.16 248.52
371.45 264.29
358.27 268.43
375.59 242.57
381.54 241.54
372.74 235.85
373.52 231.20
367.31 231.72
286.70 306.90
261.53 297.91
270.16 289.28
303.96 332.07
345.67 305.10
336.32 311.93
386.29 268.07
396.72 264.47
389.17 281.37
383.06 302.58
407.51 323.08
378.38 385.28
311.51 373.77
350.34 340.69
391.87 435.08
376.05 492.61
436.45 347.35
506.92 350.22
525.62 325.05
516.27 418.54
485.35 294.85
424.23 288.38
460.90 323.62
501.17 291.98
532.09 294.85
544.32 301.32
405.71 243.26
381.17 252.69
400.59 235.80
405.44 235.62
413.35 243.17
435.64 253.77
443.19 258.99
448.05 251.26
448.77 244.07
438.16 237.23
432.41 233.64
443.55 236.52
429.89 241.91
421.62 241.55
426.65 255.21
421.62 252.34
437.80 268.16
457.93 255.03
454.52 241.91
438.70 243.71
456.50 269.41
446.07 277.32
419.64 264.02
427.91 273.19
470.52 282.36
466.56 266.90
473.93 262.22
467.28 272.29
485.26 277.32
466.47 238.22
471.87 240.38
478.34 244.69
489.13 244.69
486.97 239.66
489.13 252.25
498.47 252.96
507.10 264.11
490.20 264.83
514.29 274.90
525.44 259.80
527.24 274.18
541.62 273.10
515.37 244.69
506.02 247.21
495.24 236.07
477.26 235.71
518.61 234.99
527.51 244.25
9.48 237.79
95.41 235.74
188.50 231.65
245.79 256.20
