454.87 228.98
603.46 347.62
583.88 65.41
529.74 98.82
519.38 150.65
498.64 97.67
466.39 117.25
449.11 129.92
601.16 20.49
250.99 256.62
254.45 214.00
291.31 172.54
302.83 133.37
346.60 116.09
314.35 112.64
383.46 79.24
359.27 64.26
362.72 43.53
302.83 82.69
272.88 67.72
254.45 65.41
242.93 86.15
257.90 118.40
216.44 112.64
189.95 245.10
157.69 261.23
54.03 291.18
101.25 189.81
141.57 162.17
10.26 209.40
58.63 157.56
18.32 157.56
42.51 96.51
75.91 108.03
89.73 80.39
110.47 81.54
120.83 20.49
48.27 4.36
59.79 30.86
18.32 7.82
27.53 12.43
300.52 20.49
287.85 22.79
171.52 99.97
218.74 56.20
193.40 49.29
161.15 48.14
143.87 64.26
157.69 63.11
180.73 13.58
207.22 25.10
199.16 2.06
3.34 83.84
29.84 80.39
55.90 4.68
79.68 49.43
153.08 16.95
96.81 29.74
104.74 17.72
112.67 6.98
128.02 6.98
141.83 2.89
215.22 42.27
188.88 36.65
207.81 89.33
194.00 69.38
133.90 92.91
129.55 39.20
140.80 31.27
114.46 31.79
15.74 114.65
29.81 57.10
191.95 2.97
310.87 12.86
9.48 4.93
411.89 183.99
385.29 180.92
255.38 185.52
277.88 157.39
97.07 163.59
65.87 139.55
509.07 12.22
478.38 26.29
531.07 51.35
9.54 32.13
22.17 41.97
30.09 43.26
45.29 33.63
49.35 56.74
68.40 66.59
48.50 90.35
35.33 1.84
67.98 41.44
71.94 14.47
70.44 2.59
76.86 6.76
137.86 22.98
242.00 56.64
253.55 51.07
291.55 56.96
338.53 72.69
383.48 305.68
60.38 25.06
65.41 30.20
109.61 44.97
111.32 59.20
80.07 62.31
163.87 1.36
181.10 29.08
172.75 36.94
249.49 10.19
260.62 15.32
216.95 5.69
228.08 5.26
80.39 251.10
107.36 219.85
183.99 189.88
201.97 340.14
