989.03 463.82
867.20 466.04
785.24 446.10
656.77 513.66
736.51 422.84
590.31 528.06
485.10 503.69
549.34 417.31
369.92 476.01
303.46 503.69
270.24 440.56
325.61 450.53
225.94 474.90
182.74 446.10
108.54 452.75
24.37 664.29
68.67 446.10
90.82 409.55
77.53 387.40
101.89 381.86
137.33 418.41
127.37 380.76
152.84 394.05
167.24 384.08
204.89 399.59
244.76 378.54
212.65 358.61
280.21 379.65
480.67 458.28
507.25 432.81
469.59 391.83
941.40 401.80
1002.32 401.80
998.99 368.57
977.95 370.79
952.48 376.33
917.04 353.07
936.97 348.64
950.26 348.64
977.95 332.03
967.98 348.64
1018.54 309.04
1009.12 333.41
995.83 321.78
959.28 323.44
980.33 302.95
996.94 297.97
1008.57 284.68
1003.03 271.94
988.63 265.85
978.66 280.80
972.57 263.08
962.61 267.51
994.72 253.67
1010.78 252.01
1021.30 234.29
1010.23 217.12
998.05 205.49
977.00 223.21
960.39 219.33
949.32 222.66
952.08 245.36
962.05 240.38
968.14 244.25
943.78 255.88
932.70 274.16
948.76 288.56
950.98 305.17
919.41 325.66
946.55 328.43
910.55 390.45
881.76 398.20
839.67 398.20
826.38 352.24
851.30 359.44
878.43 361.10
895.05 350.58
878.99 338.95
884.52 321.78
907.23 321.23
857.39 321.78
867.36 305.72
882.86 301.29
907.78 302.95
900.58 289.66
918.86 291.32
924.40 257.54
905.57 253.67
901.69 269.17
851.30 294.65
836.90 285.79
819.18 286.34
819.18 314.03
777.65 336.18
791.49 357.22
793.15 324.55
804.23 316.80
789.28 301.85
807.00 284.68
781.52 269.17
994.17 234.29
945.99 202.72
954.85 199.95
945.99 192.75
932.15 187.22
967.04 187.22
955.41 184.45
980.33 179.46
986.42 180.02
972.02 167.83
982.54 170.05
995.83 172.82
1004.14 189.43
980.33 154.54
980.33 162.30
1000.26 161.74
997.49 149.01
996.94 133.50
1010.78 137.38
1015.21 137.38
944.89 233.73
928.83 215.46
909.44 229.86
907.78 240.38
929.38 238.16
929.93 201.61
921.07 196.63
909.44 199.40
901.69 193.31
907.78 177.25
911.66 171.71
918.86 177.25
918.86 186.11
924.40 167.83
923.84 156.76
917.75 153.99
939.35 162.30
944.89 169.50
952.08 169.50
963.71 172.26
962.05 162.85
967.59 153.99
987.53 134.61
1021.30 174.48
1011.34 168.94
898.92 146.24
902.25 134.61
890.62 135.16
824.16 298.52
802.57 268.07
814.75 266.96
842.44 257.54
855.73 276.93
867.36 259.76
855.73 243.70
866.25 247.58
819.18 243.70
836.35 245.92
802.57 237.61
789.28 253.11
797.03 248.13
782.08 238.72
768.23 240.38
759.93 259.21
748.30 276.93
737.78 286.34
725.04 307.94
731.69 331.20
757.71 336.18
744.42 324.55
761.03 307.94
744.98 311.81
750.51 289.66
691.26 300.18
702.34 319.57
686.28 324.55
676.86 359.99
663.57 388.79
633.11 398.20
603.77 350.58
540.08 336.18
562.79 348.36
582.72 350.58
586.60 342.82
577.18 326.21
596.01 327.32
583.83 300.18
602.10 179.46
842.44 225.98
862.37 225.98
861.27 218.78
828.04 225.98
814.20 210.47
798.14 221.00
850.74 201.06
871.23 203.28
885.08 204.94
901.14 215.46
891.72 187.22
885.08 173.93
897.26 168.39
897.26 160.08
884.52 150.67
880.09 142.36
874.00 143.47
862.37 153.99
865.70 131.84
1005.25 133.50
957.07 136.82
952.64 126.86
945.44 132.95
947.65 153.99
865.70 178.36
877.33 163.96
867.91 168.39
854.07 150.11
850.19 129.62
849.64 142.36
813.64 141.25
807.00 134.61
803.67 146.79
795.37 143.47
789.28 135.72
777.09 150.11
766.02 139.59
775.99 143.47
785.40 146.79
754.39 137.38
746.08 143.47
751.07 154.54
739.99 156.21
760.48 158.97
770.45 166.73
783.19 170.05
807.55 167.83
820.29 164.51
818.07 157.87
807.55 161.74
848.53 268.07
785.40 206.60
798.14 204.94
813.09 198.85
813.09 188.88
804.78 188.32
811.43 181.12
802.57 177.80
797.03 180.57
789.28 185.55
785.40 194.97
780.97 183.34
773.77 185.55
762.70 180.57
771.00 196.08
767.68 207.71
759.37 228.75
731.13 234.84
740.55 265.30
697.91 425.34
697.91 383.80
739.99 379.93
759.37 371.07
734.45 367.19
738.88 352.24
771.56 355.56
802.57 356.11
653.60 335.07
602.66 400.97
563.34 381.03
575.52 372.17
538.42 376.05
522.36 337.29
540.08 312.92
522.92 273.05
546.73 270.83
560.57 270.83
560.02 288.56
619.82 265.30
646.41 276.93
639.21 289.66
634.78 302.40
624.25 292.43
607.64 306.28
652.50 317.90
658.59 305.17
660.25 295.20
671.32 290.22
683.51 286.89
689.05 275.82
689.05 259.76
655.82 269.17
646.96 259.76
625.36 248.13
630.90 235.95
649.17 207.15
667.45 199.40
675.20 208.81
661.91 216.57
654.71 227.64
670.77 248.13
683.51 237.61
699.01 226.53
712.86 230.96
721.16 254.22
698.46 247.58
722.27 270.28
715.07 278.03
703.44 281.91
746.64 214.35
769.34 217.12
726.70 222.10
716.18 218.78
731.69 211.58
722.82 204.38
742.21 191.09
728.36 179.46
748.30 168.94
756.60 171.71
731.13 163.96
708.98 171.71
718.95 166.17
704.00 157.87
689.60 161.74
680.74 193.86
706.21 203.28
718.39 191.09
717.84 183.89
666.34 187.22
665.23 175.59
659.70 166.73
674.65 183.34
680.74 175.59
686.83 170.05
681.85 151.22
674.09 150.11
668.00 149.01
670.77 138.48
688.49 138.48
702.34 138.48
705.10 145.13
711.20 137.38
715.63 148.45
711.75 157.87
714.52 154.54
725.04 153.99
727.81 146.24
723.93 140.70
730.02 141.25
736.12 142.91
666.89 320.67
752.17 202.72
698.46 208.26
691.81 225.98
637.54 185.00
649.17 193.31
640.31 175.59
631.45 171.71
621.49 164.51
607.09 169.50
578.29 203.28
576.08 216.57
729.47 286.89
518.49 207.15
518.49 189.43
541.19 180.57
548.39 189.43
552.26 176.69
565.00 178.36
577.18 179.46
591.58 179.46
579.95 156.21
582.72 146.24
580.51 139.04
588.81 135.72
596.57 142.36
604.87 146.24
610.96 158.42
565.00 158.97
569.99 149.01
562.79 139.59
548.39 137.38
526.79 148.45
520.70 163.96
515.72 181.12
514.61 171.71
775.83 111.90
794.10 106.37
744.82 102.49
718.79 108.03
541.03 211.58
565.95 207.71
575.92 232.07
421.42 407.06
472.92 440.84
507.25 395.43
491.19 344.49
496.73 321.23
494.51 299.63
496.73 266.40
503.93 248.13
436.37 291.88
446.34 319.57
462.39 327.32
457.96 355.56
486.21 363.31
418.65 368.85
393.73 375.50
357.73 393.22
347.21 364.42
327.28 376.60
348.87 338.95
378.22 346.70
380.99 325.10
387.64 288.56
345.00 293.54
361.06 283.02
349.98 276.37
312.32 279.14
296.26 317.90
290.17 338.39
311.22 351.68
281.31 363.31
273.56 342.82
268.58 323.44
296.26 265.85
264.70 271.39
247.53 295.75
233.14 281.91
222.61 298.52
217.08 320.12
240.33 347.81
235.35 331.20
201.57 331.75
201.02 307.38
186.62 307.38
440.80 269.73
470.70 255.33
448.00 250.35
429.72 235.95
411.45 253.11
397.60 257.54
389.30 243.15
380.99 237.61
368.81 223.76
342.78 239.82
351.64 255.88
332.26 258.10
310.66 248.13
329.49 241.49
328.94 224.32
310.66 224.32
298.48 234.29
285.74 228.75
273.01 249.24
277.99 259.76
245.32 258.65
235.90 261.42
210.98 247.58
209.32 231.52
230.92 243.15
250.86 244.25
238.12 230.41
233.14 218.78
218.74 217.12
203.23 219.89
191.60 256.99
179.97 265.30
411.45 218.23
424.74 222.10
440.24 208.81
455.20 205.49
471.81 218.23
461.84 217.12
487.87 235.39
478.45 227.64
500.60 227.64
501.71 212.14
493.96 204.38
480.67 203.28
486.76 197.18
467.38 202.72
421.42 207.15
415.32 197.74
356.63 217.12
364.93 204.38
371.02 214.35
384.31 212.69
394.28 218.23
393.17 228.75
408.13 231.52
453.53 222.66
440.24 226.53
306.79 206.60
336.14 203.28
660.09 427.27
611.36 433.92
861.90 206.60
863.56 194.97
873.53 188.32
887.93 158.42
782.16 161.74
828.67 173.37
837.53 176.69
845.84 187.22
833.66 194.97
837.53 206.60
834.21 212.69
847.50 214.35
822.03 189.43
745.06 173.93
745.06 180.57
748.38 187.22
735.64 175.59
696.88 175.59
705.74 180.57
714.60 175.59
324.27 287.45
166.44 344.49
178.63 357.22
154.81 364.98
138.20 365.53
109.41 362.76
75.63 361.10
47.94 380.48
31.32 388.23
33.54 366.08
46.28 354.45
23.57 346.70
26.34 330.09
46.83 331.20
62.89 340.61
87.26 331.75
92.24 346.15
106.64 331.75
55.69 310.71
121.03 309.60
128.79 322.34
131.00 334.52
139.86 351.13
164.78 309.60
158.14 294.09
171.43 279.14
147.06 276.93
136.54 287.45
147.62 292.43
130.45 297.97
70.64 305.72
105.53 296.86
78.39 282.46
80.61 253.11
65.10 255.33
64.00 242.04
47.38 250.90
42.95 263.08
28.00 261.42
40.74 278.03
29.66 247.58
39.63 233.73
67.32 227.64
76.18 213.24
87.81 216.57
95.01 233.73
90.58 247.02
62.34 214.90
14.71 232.62
10.84 223.76
9.73 245.92
120.48 196.63
109.41 223.76
205.21 206.04
198.56 198.85
199.67 186.66
135.99 134.61
98.33 129.62
10.28 167.28
194.13 150.11
178.07 148.45
212.96 183.89
207.42 193.86
412.32 286.34
404.56 202.86
394.32 198.43
394.32 190.40
407.61 186.80
420.62 187.91
435.30 184.03
431.42 162.44
419.79 168.53
404.56 165.76
392.38 168.53
386.01 176.00
376.32 164.37
386.57 159.11
400.69 159.39
412.32 156.07
407.61 139.18
427.27 136.41
374.38 146.38
389.06 146.38
396.81 149.70
317.34 185.97
303.22 182.09
309.59 171.30
293.26 176.56
286.61 176.28
282.46 164.93
277.20 160.77
293.26 159.67
217.94 152.74
223.20 151.36
232.06 159.11
227.91 188.46
270.00 233.59
307.10 195.66
336.73 175.17
342.82 177.11
350.85 172.68
363.31 180.99
358.88 194.28
370.78 192.34
377.98 185.97
361.09 151.64
356.11 141.67
416.19 143.05
350.57 150.81
338.66 149.98
346.14 160.50
356.94 164.37
302.95 158.84
306.55 128.38
340.60 137.52
279.14 122.01
294.64 123.67
248.40 118.96
227.63 118.69
245.08 153.85
500.44 185.69
504.04 170.19
496.85 146.93
510.14 143.61
486.88 142.22
480.79 152.74
485.77 162.44
484.11 176.00
475.80 176.00
495.74 176.83
473.59 161.05
466.66 141.12
481.34 136.13
465.56 137.24
455.87 138.07
453.37 145.55
445.07 142.22
437.32 151.64
454.48 158.56
461.13 169.63
448.39 184.31
458.08 192.34
471.10 184.86
471.37 193.45
445.62 174.06
425.69 177.94
509.30 197.32
533.12 194.00
295.55 378.54
391.91 399.59
86.15 118.00
225.14 103.60
215.73 93.08
260.58 76.46
274.98 73.14
257.26 63.73
262.25 135.72
185.27 149.56
180.29 139.59
434.47 195.38
312.91 146.65
402.07 173.51
349.74 224.46
330.08 182.65
355.55 198.71
268.06 154.68
247.85 107.06
369.40 131.98
69.61 325.38
700.91 343.10
709.77 363.04
986.65 191.37
856.92 175.59
863.56 138.48
1005.33 153.99
694.11 105.81
685.80 103.60
913.40 260.31
715.71 311.26
712.38 295.75
671.96 221.00
682.48 223.21
959.92 179.46
951.61 178.36
1016.40 130.73
514.25 356.20
529.56 352.37
972.91 196.31
936.85 173.54
928.67 180.70
983.91 223.93
983.40 238.25
890.05 164.59
893.38 151.04
841.46 163.83
847.60 168.43
847.34 159.99
824.33 145.67
818.70 138.51
819.72 148.48
888.26 143.11
796.83 171.05
