34.97 463.82
156.80 466.04
238.76 446.10
367.23 513.66
287.49 422.84
433.69 528.06
538.90 503.69
474.66 417.31
654.08 476.01
720.54 503.69
753.76 440.56
698.39 450.53
798.06 474.90
841.26 446.10
915.46 452.75
999.63 664.29
955.33 446.10
933.18 409.55
946.47 387.40
922.11 381.86
886.67 418.41
896.63 380.76
871.16 394.05
856.76 384.08
819.11 399.59
779.24 378.54
811.35 358.61
743.79 379.65
543.33 458.28
516.75 432.81
554.41 391.83
82.60 401.80
21.68 401.80
25.01 368.57
46.05 370.79
71.52 376.33
106.96 353.07
87.03 348.64
73.74 348.64
46.05 332.03
56.02 348.64
5.46 309.04
14.88 333.41
28.17 321.78
64.72 323.44
43.67 302.95
27.06 297.97
15.43 284.68
20.97 271.94
35.37 265.85
45.34 280.80
51.43 263.08
61.39 267.51
29.28 253.67
13.22 252.01
2.70 234.29
13.77 217.12
25.95 205.49
47.00 223.21
63.61 219.33
74.68 222.66
71.92 245.36
61.95 240.38
55.86 244.25
80.22 255.88
91.30 274.16
75.24 288.56
73.02 305.17
104.59 325.66
77.45 328.43
113.45 390.45
142.24 398.20
184.33 398.20
197.62 352.24
172.70 359.44
145.57 361.10
128.95 350.58
145.01 338.95
139.48 321.78
116.77 321.23
166.61 321.78
156.64 305.72
141.14 301.29
116.22 302.95
123.42 289.66
105.14 291.32
99.60 257.54
118.43 253.67
122.31 269.17
172.70 294.65
187.10 285.79
204.82 286.34
204.82 314.03
246.35 336.18
232.51 357.22
230.85 324.55
219.77 316.80
234.72 301.85
217.00 284.68
242.48 269.17
29.83 234.29
78.01 202.72
69.15 199.95
78.01 192.75
91.85 187.22
56.96 187.22
68.59 184.45
43.67 179.46
37.58 180.02
51.98 167.83
41.46 170.05
28.17 172.82
19.86 189.43
43.67 154.54
43.67 162.30
23.74 161.74
26.51 149.01
27.06 133.50
13.22 137.38
8.79 137.38
79.11 233.73
95.17 215.46
114.56 229.86
116.22 240.38
94.62 238.16
94.07 201.61
102.93 196.63
114.56 199.40
122.31 193.31
116.22 177.25
112.34 171.71
105.14 177.25
105.14 186.11
99.60 167.83
100.16 156.76
106.25 153.99
84.65 162.30
79.11 169.50
71.92 169.50
60.29 172.26
61.95 162.85
56.41 153.99
36.47 134.61
2.70 174.48
12.66 168.94
125.08 146.24
121.75 134.61
133.38 135.16
199.84 298.52
221.43 268.07
209.25 266.96
181.56 257.54
168.27 276.93
156.64 259.76
168.27 243.70
157.75 247.58
204.82 243.70
187.65 245.92
221.43 237.61
234.72 253.11
226.97 248.13
241.92 238.72
255.77 240.38
264.07 259.21
275.70 276.93
286.22 286.34
298.96 307.94
292.31 331.20
266.29 336.18
279.58 324.55
262.97 307.94
279.02 311.81
273.49 289.66
332.74 300.18
321.66 319.57
337.72 324.55
347.14 359.99
360.43 388.79
390.89 398.20
420.23 350.58
483.92 336.18
461.21 348.36
441.28 350.58
437.40 342.82
446.82 326.21
427.99 327.32
440.17 300.18
421.90 179.46
181.56 225.98
161.63 225.98
162.73 218.78
195.96 225.98
209.80 210.47
225.86 221.00
173.26 201.06
152.77 203.28
138.92 204.94
122.86 215.46
132.28 187.22
138.92 173.93
126.74 168.39
126.74 160.08
139.48 150.67
143.91 142.36
150.00 143.47
161.63 153.99
158.30 131.84
18.75 133.50
66.93 136.82
71.36 126.86
78.56 132.95
76.35 153.99
158.30 178.36
146.67 163.96
156.09 168.39
169.93 150.11
173.81 129.62
174.36 142.36
210.36 141.25
217.00 134.61
220.33 146.79
228.63 143.47
234.72 135.72
246.91 150.11
257.98 139.59
248.01 143.47
238.60 146.79
269.61 137.38
277.92 143.47
272.93 154.54
284.01 156.21
263.52 158.97
253.55 166.73
240.81 170.05
216.45 167.83
203.71 164.51
205.93 157.87
216.45 161.74
175.47 268.07
238.60 206.60
225.86 204.94
210.91 198.85
210.91 188.88
219.22 188.32
212.57 181.12
221.43 177.80
226.97 180.57
234.72 185.55
238.60 194.97
243.03 183.34
250.23 185.55
261.30 180.57
253.00 196.08
256.32 207.71
264.63 228.75
292.87 234.84
283.45 265.30
326.09 425.34
326.09 383.80
284.01 379.93
264.63 371.07
289.55 367.19
285.12 352.24
252.44 355.56
221.43 356.11
370.40 335.07
421.34 400.97
460.66 381.03
448.48 372.17
485.58 376.05
501.64 337.29
483.92 312.92
501.08 273.05
477.27 270.83
463.43 270.83
463.98 288.56
404.18 265.30
377.59 276.93
384.79 289.66
389.22 302.40
399.75 292.43
416.36 306.28
371.50 317.90
365.41 305.17
363.75 295.20
352.68 290.22
340.49 286.89
334.95 275.82
334.95 259.76
368.18 269.17
377.04 259.76
398.64 248.13
393.10 235.95
374.83 207.15
356.55 199.40
348.80 208.81
362.09 216.57
369.29 227.64
353.23 248.13
340.49 237.61
324.99 226.53
311.14 230.96
302.84 254.22
325.54 247.58
301.73 270.28
308.93 278.03
320.56 281.91
277.36 214.35
254.66 217.12
297.30 222.10
307.82 218.78
292.31 211.58
301.18 204.38
281.79 191.09
295.64 179.46
275.70 168.94
267.40 171.71
292.87 163.96
315.02 171.71
305.05 166.17
320.00 157.87
334.40 161.74
343.26 193.86
317.79 203.28
305.61 191.09
306.16 183.89
357.66 187.22
358.77 175.59
364.30 166.73
349.35 183.34
343.26 175.59
337.17 170.05
342.15 151.22
349.91 150.11
356.00 149.01
353.23 138.48
335.51 138.48
321.66 138.48
318.90 145.13
312.80 137.38
308.37 148.45
312.25 157.87
309.48 154.54
298.96 153.99
296.19 146.24
300.07 140.70
293.98 141.25
287.88 142.91
357.11 320.67
271.83 202.72
325.54 208.26
332.19 225.98
386.46 185.00
374.83 193.31
383.69 175.59
392.55 171.71
402.51 164.51
416.91 169.50
445.71 203.28
447.92 216.57
294.53 286.89
505.51 207.15
505.51 189.43
482.81 180.57
475.61 189.43
471.74 176.69
459.00 178.36
446.82 179.46
432.42 179.46
444.05 156.21
441.28 146.24
443.49 139.04
435.19 135.72
427.43 142.36
419.13 146.24
413.04 158.42
459.00 158.97
454.01 149.01
461.21 139.59
475.61 137.38
497.21 148.45
503.30 163.96
508.28 181.12
509.39 171.71
248.17 111.90
229.90 106.37
279.18 102.49
305.21 108.03
482.97 211.58
458.05 207.71
448.08 232.07
602.58 407.06
551.08 440.84
516.75 395.43
532.81 344.49
527.27 321.23
529.49 299.63
527.27 266.40
520.07 248.13
587.63 291.88
577.66 319.57
561.61 327.32
566.04 355.56
537.79 363.31
605.35 368.85
630.27 375.50
666.27 393.22
676.79 364.42
696.72 376.60
675.13 338.95
645.78 346.70
643.01 325.10
636.36 288.56
679.00 293.54
662.94 283.02
674.02 276.37
711.68 279.14
727.74 317.90
733.83 338.39
712.78 351.68
742.69 363.31
750.44 342.82
755.42 323.44
727.74 265.85
759.30 271.39
776.47 295.75
790.86 281.91
801.39 298.52
806.92 320.12
783.67 347.81
788.65 331.20
822.43 331.75
822.98 307.38
837.38 307.38
583.20 269.73
553.30 255.33
576.00 250.35
594.28 235.95
612.55 253.11
626.40 257.54
634.70 243.15
643.01 237.61
655.19 223.76
681.22 239.82
672.36 255.88
691.74 258.10
713.34 248.13
694.51 241.49
695.06 224.32
713.34 224.32
725.52 234.29
738.26 228.75
750.99 249.24
746.01 259.76
778.68 258.65
788.10 261.42
813.02 247.58
814.68 231.52
793.08 243.15
773.14 244.25
785.88 230.41
790.86 218.78
805.26 217.12
820.77 219.89
832.40 256.99
844.03 265.30
612.55 218.23
599.26 222.10
583.76 208.81
568.80 205.49
552.19 218.23
562.16 217.12
536.13 235.39
545.55 227.64
523.40 227.64
522.29 212.14
530.04 204.38
543.33 203.28
537.24 197.18
556.62 202.72
602.58 207.15
608.68 197.74
667.37 217.12
659.07 204.38
652.98 214.35
639.69 212.69
629.72 218.23
630.83 228.75
615.87 231.52
570.47 222.66
583.76 226.53
717.21 206.60
687.86 203.28
363.91 427.27
412.64 433.92
162.10 206.60
160.44 194.97
150.47 188.32
136.07 158.42
241.84 161.74
195.33 173.37
186.47 176.69
178.16 187.22
190.34 194.97
186.47 206.60
189.79 212.69
176.50 214.35
201.97 189.43
278.94 173.93
278.94 180.57
275.62 187.22
288.36 175.59
327.12 175.59
318.26 180.57
309.40 175.59
699.73 287.45
857.56 344.49
845.37 357.22
869.19 364.98
885.80 365.53
914.59 362.76
948.37 361.10
976.06 380.48
992.68 388.23
990.46 366.08
977.72 354.45
1000.43 346.70
997.66 330.09
977.17 331.20
961.11 340.61
936.74 331.75
931.76 346.15
917.36 331.75
968.31 310.71
902.97 309.60
895.21 322.34
893.00 334.52
884.14 351.13
859.22 309.60
865.86 294.09
852.57 279.14
876.94 276.93
887.46 287.45
876.38 292.43
893.55 297.97
953.36 305.72
918.47 296.86
945.61 282.46
943.39 253.11
958.90 255.33
960.00 242.04
976.62 250.90
981.05 263.08
996.00 261.42
983.26 278.03
994.34 247.58
984.37 233.73
956.68 227.64
947.82 213.24
936.19 216.57
928.99 233.73
933.42 247.02
961.66 214.90
1009.29 232.62
1013.16 223.76
1014.27 245.92
903.52 196.63
914.59 223.76
818.79 206.04
825.44 198.85
824.33 186.66
888.01 134.61
925.67 129.62
1013.72 167.28
829.87 150.11
845.93 148.45
811.04 183.89
816.58 193.86
611.68 286.34
619.44 202.86
629.68 198.43
629.68 190.40
616.39 186.80
603.38 187.91
588.70 184.03
592.58 162.44
604.21 168.53
619.44 165.76
631.62 168.53
637.99 176.00
647.68 164.37
637.43 159.11
623.31 159.39
611.68 156.07
616.39 139.18
596.73 136.41
649.62 146.38
634.94 146.38
627.19 149.70
706.66 185.97
720.78 182.09
714.41 171.30
730.74 176.56
737.39 176.28
741.54 164.93
746.80 160.77
730.74 159.67
806.06 152.74
800.80 151.36
791.94 159.11
796.09 188.46
754.00 233.59
716.90 195.66
687.27 175.17
681.18 177.11
673.15 172.68
660.69 180.99
665.12 194.28
653.22 192.34
646.02 185.97
662.91 151.64
667.89 141.67
607.81 143.05
673.43 150.81
685.34 149.98
677.86 160.50
667.06 164.37
721.05 158.84
717.45 128.38
683.40 137.52
744.86 122.01
729.36 123.67
775.60 118.96
796.37 118.69
778.92 153.85
523.56 185.69
519.96 170.19
527.15 146.93
513.86 143.61
537.12 142.22
543.21 152.74
538.23 162.44
539.89 176.00
548.20 176.00
528.26 176.83
550.41 161.05
557.34 141.12
542.66 136.13
558.44 137.24
568.13 138.07
570.63 145.55
578.93 142.22
586.68 151.64
569.52 158.56
562.87 169.63
575.61 184.31
565.92 192.34
552.90 184.86
552.63 193.45
578.38 174.06
598.31 177.94
514.70 197.32
490.88 194.00
728.45 378.54
632.09 399.59
937.85 118.00
798.86 103.60
808.27 93.08
763.42 76.46
749.02 73.14
766.74 63.73
761.75 135.72
838.73 149.56
843.71 139.59
589.53 195.38
711.09 146.65
621.93 173.51
674.26 224.46
693.92 182.65
668.45 198.71
755.94 154.68
776.15 107.06
654.60 131.98
954.39 325.38
323.09 343.10
314.23 363.04
37.35 191.37
167.08 175.59
160.44 138.48
18.67 153.99
329.89 105.81
338.20 103.60
110.60 260.31
308.29 311.26
311.62 295.75
352.04 221.00
341.52 223.21
64.08 179.46
72.39 178.36
7.60 130.73
509.75 356.20
494.44 352.37
51.09 196.31
87.15 173.54
95.33 180.70
40.09 223.93
40.60 238.25
133.95 164.59
130.62 151.04
182.54 163.83
176.40 168.43
176.66 159.99
199.67 145.67
205.30 138.51
204.28 148.48
135.74 143.11
227.17 171.05
