111.80 412.04
193.76 392.10
322.23 459.66
242.49 368.84
388.69 474.06
493.90 449.69
429.66 363.31
498.33 404.28
471.75 378.81
509.41 337.83
37.60 347.80
1.05 316.79
26.52 322.33
61.96 299.07
42.03 294.64
28.74 294.64
1.05 278.03
11.02 294.64
19.72 269.44
0.34 226.80
6.43 209.08
16.39 213.51
2.00 169.21
18.61 165.33
29.68 168.66
26.92 191.36
16.95 186.38
10.86 190.25
35.22 201.88
46.30 220.16
30.24 234.56
28.02 251.17
59.59 271.66
32.45 274.43
68.45 336.45
97.24 344.20
139.33 344.20
152.62 298.24
127.70 305.44
100.57 307.10
83.95 296.58
100.01 284.95
94.48 267.78
71.77 267.23
121.61 267.78
111.64 251.72
96.14 247.29
71.22 248.95
78.42 235.66
60.14 237.32
54.60 203.54
73.43 199.67
77.31 215.17
127.70 240.65
142.10 231.79
159.82 232.34
159.82 260.03
201.35 282.18
187.51 303.22
185.85 270.55
174.77 262.80
189.72 247.85
172.00 230.68
197.48 215.17
33.01 148.72
24.15 145.95
33.01 138.75
46.85 133.22
11.96 133.22
23.59 130.45
6.98 113.83
34.11 179.73
50.17 161.46
69.56 175.86
71.22 186.38
49.62 184.16
49.07 147.61
57.93 142.63
69.56 145.40
77.31 139.31
71.22 123.25
67.34 117.71
60.14 123.25
60.14 132.11
54.60 113.83
55.16 102.76
61.25 99.99
39.65 108.30
34.11 115.50
26.92 115.50
15.29 118.26
16.95 108.85
11.41 99.99
80.08 92.24
76.75 80.61
88.38 81.16
154.84 244.52
176.43 214.07
164.25 212.96
136.56 203.54
123.27 222.93
111.64 205.76
123.27 189.70
112.75 193.58
159.82 189.70
142.65 191.92
176.43 183.61
189.72 199.11
181.97 194.13
196.92 184.72
210.77 186.38
219.07 205.21
230.70 222.93
241.22 232.34
253.96 253.94
247.31 277.20
221.29 282.18
234.58 270.55
217.97 253.94
234.02 257.81
228.49 235.66
287.74 246.18
276.66 265.57
292.72 270.55
302.14 305.99
315.43 334.79
345.89 344.20
375.23 296.58
438.92 282.18
416.21 294.36
396.28 296.58
392.40 288.82
401.82 272.21
382.99 273.32
395.17 246.18
376.90 125.46
136.56 171.98
116.63 171.98
117.73 164.78
150.96 171.98
164.80 156.47
180.86 167.00
128.26 147.06
107.77 149.28
93.92 150.94
77.86 161.46
87.28 133.22
93.92 119.93
81.74 114.39
81.74 106.08
94.48 96.67
98.91 88.36
105.00 89.47
116.63 99.99
113.30 77.84
21.93 82.82
26.36 72.86
33.56 78.95
31.35 99.99
113.30 124.36
101.67 109.96
111.09 114.39
124.93 96.11
128.81 75.62
129.36 88.36
165.36 87.25
172.00 80.61
175.33 92.79
183.63 89.47
189.72 81.72
201.91 96.11
212.98 85.59
203.01 89.47
193.60 92.79
224.61 83.38
232.92 89.47
227.93 100.54
239.01 102.21
218.52 104.97
208.55 112.73
195.81 116.05
171.45 113.83
158.71 110.51
160.93 103.87
171.45 107.74
130.47 214.07
193.60 152.60
180.86 150.94
165.91 144.85
165.91 134.88
174.22 134.32
167.57 127.12
176.43 123.80
181.97 126.57
189.72 131.55
193.60 140.97
198.03 129.34
205.23 131.55
216.30 126.57
208.00 142.08
211.32 153.71
219.63 174.75
247.87 180.84
238.45 211.30
281.09 371.34
281.09 329.80
239.01 325.93
219.63 317.07
244.55 313.19
240.12 298.24
207.44 301.56
176.43 302.11
325.40 281.07
376.34 346.97
415.66 327.03
403.48 318.17
440.58 322.05
456.64 283.29
438.92 258.92
456.08 219.05
432.27 216.83
418.43 216.83
418.98 234.56
359.18 211.30
332.59 222.93
339.79 235.66
344.22 248.40
354.75 238.43
371.36 252.28
326.50 263.90
320.41 251.17
318.75 241.20
307.68 236.22
295.49 232.89
289.95 221.82
289.95 205.76
323.18 215.17
332.04 205.76
353.64 194.13
348.10 181.95
329.83 153.15
311.55 145.40
303.80 154.81
317.09 162.57
324.29 173.64
308.23 194.13
295.49 183.61
279.99 172.53
266.14 176.96
257.84 200.22
280.54 193.58
256.73 216.28
263.93 224.03
275.56 227.91
232.36 160.35
209.66 163.12
252.30 168.10
262.82 164.78
247.31 157.58
256.18 150.38
236.79 137.09
250.64 125.46
230.70 114.94
222.40 117.71
247.87 109.96
270.02 117.71
260.05 112.17
275.00 103.87
289.40 107.74
298.26 139.86
272.79 149.28
260.61 137.09
261.16 129.89
312.66 133.22
313.77 121.59
319.30 112.73
304.35 129.34
298.26 121.59
292.17 116.05
297.15 97.22
304.91 96.11
311.00 95.01
308.23 84.48
290.51 84.48
276.66 84.48
273.90 91.13
267.80 83.38
263.37 94.45
267.25 103.87
264.48 100.54
253.96 99.99
251.19 92.24
255.07 86.70
248.98 87.25
242.88 88.91
312.11 266.67
226.83 148.72
280.54 154.26
287.19 171.98
341.46 131.00
329.83 139.31
338.69 121.59
347.55 117.71
357.51 110.51
371.91 115.50
400.71 149.28
402.92 162.57
249.53 232.89
460.51 153.15
460.51 135.43
437.81 126.57
430.61 135.43
426.74 122.69
414.00 124.36
401.82 125.46
387.42 125.46
399.05 102.21
396.28 92.24
398.49 85.04
390.19 81.72
382.43 88.36
374.13 92.24
368.04 104.42
414.00 104.97
409.01 95.01
416.21 85.59
430.61 83.38
452.21 94.45
458.30 109.96
463.28 127.12
464.39 117.71
203.17 57.90
184.90 52.37
234.18 48.49
260.21 54.03
437.97 157.58
413.05 153.71
403.08 178.07
506.08 386.84
471.75 341.43
487.81 290.49
482.27 267.23
484.49 245.63
482.27 212.40
475.07 194.13
542.63 237.88
532.66 265.57
516.61 273.32
521.04 301.56
492.79 309.31
538.20 215.73
508.30 201.33
531.00 196.35
538.76 154.81
523.80 151.49
507.19 164.23
517.16 163.12
491.13 181.39
500.55 173.64
478.40 173.64
477.29 158.14
485.04 150.38
498.33 149.28
492.24 143.18
511.62 148.72
525.47 168.66
538.76 172.53
318.91 373.27
367.64 379.92
117.10 152.60
115.44 140.97
105.47 134.32
91.07 104.42
196.84 107.74
150.33 119.37
141.47 122.69
133.16 133.22
145.34 140.97
141.47 152.60
144.79 158.69
131.50 160.35
156.97 135.43
233.94 119.93
233.94 126.57
230.62 133.22
243.36 121.59
282.12 121.59
273.26 126.57
264.40 121.59
543.70 130.03
478.56 131.69
474.96 116.19
482.15 92.93
468.86 89.61
492.12 88.22
498.21 98.74
493.23 108.44
494.89 122.00
503.20 122.00
483.26 122.83
505.41 107.05
512.34 87.12
497.66 82.13
513.44 83.24
523.13 84.07
525.63 91.55
533.93 88.22
541.68 97.64
524.52 104.56
517.87 115.63
530.61 130.31
520.92 138.34
507.90 130.86
507.63 139.45
533.38 120.06
469.70 143.32
445.88 140.00
544.53 141.38
278.09 289.10
269.23 309.04
122.08 121.59
115.44 84.48
284.89 51.81
293.20 49.60
65.60 206.31
263.29 257.26
266.62 241.75
307.04 167.00
296.52 169.21
19.08 125.46
27.39 124.36
464.75 302.20
449.44 298.37
6.09 142.31
42.15 119.54
50.33 126.70
88.95 110.59
85.62 97.04
137.54 109.83
131.40 114.43
131.66 105.99
154.67 91.67
160.30 84.51
159.28 94.48
90.74 89.11
182.17 117.05
