24.76 368.10
153.23 435.66
73.49 344.84
219.69 450.06
324.90 425.69
260.66 339.31
440.08 398.01
506.54 425.69
539.76 362.56
484.39 372.53
529.79 301.65
329.33 380.28
302.75 354.81
340.41 313.83
32.35 258.18
18.51 279.22
16.85 246.55
5.77 238.80
20.72 223.85
3.00 206.68
28.48 191.17
7.43 190.07
7.43 159.61
20.72 175.11
12.97 170.13
27.92 160.72
41.77 162.38
50.07 181.21
61.70 198.93
72.22 208.34
84.96 229.94
78.31 253.20
52.29 258.18
65.58 246.55
48.97 229.94
65.02 233.81
59.49 211.66
118.74 222.18
107.66 241.57
123.72 246.55
133.14 281.99
146.43 310.79
176.89 320.20
206.23 272.58
269.92 258.18
247.21 270.36
227.28 272.58
223.40 264.82
232.82 248.21
213.99 249.32
226.17 222.18
207.90 101.46
11.86 143.00
3.00 56.61
6.33 68.79
14.63 65.47
20.72 57.72
32.91 72.11
43.98 61.59
34.01 65.47
24.60 68.79
55.61 59.38
63.92 65.47
58.93 76.54
70.01 78.21
49.52 80.97
39.55 88.73
26.81 92.05
2.45 89.83
2.45 83.74
24.60 128.60
11.86 126.94
5.22 110.32
7.43 99.80
12.97 102.57
20.72 107.55
24.60 116.97
29.03 105.34
36.23 107.55
47.30 102.57
39.00 118.08
42.32 129.71
50.63 150.75
78.87 156.84
69.45 187.30
112.09 347.34
112.09 305.80
70.01 301.93
50.63 293.07
75.55 289.19
71.12 274.24
38.44 277.56
7.43 278.11
156.40 257.07
207.34 322.97
246.66 303.03
234.48 294.17
271.58 298.05
287.64 259.29
269.92 234.92
287.08 195.05
263.27 192.83
249.43 192.83
249.98 210.56
190.18 187.30
163.59 198.93
170.79 211.66
175.22 224.40
185.75 214.43
202.36 228.28
157.50 239.90
151.41 227.17
149.75 217.20
138.68 212.22
126.49 208.89
120.95 197.82
120.95 181.76
154.18 191.17
163.04 181.76
184.64 170.13
179.10 157.95
160.83 129.15
142.55 121.40
134.80 130.81
148.09 138.57
155.29 149.64
139.23 170.13
126.49 159.61
110.99 148.53
97.14 152.96
88.84 176.22
111.54 169.58
87.73 192.28
94.93 200.03
106.56 203.91
63.36 136.35
40.66 139.12
83.30 144.10
93.82 140.78
78.31 133.58
87.18 126.38
67.79 113.09
81.64 101.46
61.70 90.94
53.40 93.71
78.87 85.96
101.02 93.71
91.05 88.17
106.00 79.87
120.40 83.74
129.26 115.86
103.79 125.28
91.61 113.09
92.16 105.89
143.66 109.22
144.77 97.59
150.30 88.73
135.35 105.34
129.26 97.59
123.17 92.05
128.15 73.22
135.91 72.11
142.00 71.01
139.23 60.48
121.51 60.48
107.66 60.48
104.90 67.13
98.80 59.38
94.37 70.45
98.25 79.87
95.48 76.54
84.96 75.99
82.19 68.24
86.07 62.70
79.98 63.25
73.88 64.91
143.11 242.67
57.83 124.72
111.54 130.26
118.19 147.98
172.46 107.00
160.83 115.31
169.69 97.59
178.55 93.71
188.51 86.51
202.91 91.50
231.71 125.28
233.92 138.57
80.53 208.89
291.51 129.15
291.51 111.43
268.81 102.57
261.61 111.43
257.74 98.69
245.00 100.36
232.82 101.46
218.42 101.46
230.05 78.21
227.28 68.24
229.49 61.04
221.19 57.72
213.43 64.36
205.13 68.24
199.04 80.42
245.00 80.97
240.01 71.01
247.21 61.59
261.61 59.38
283.21 70.45
289.30 85.96
294.28 103.12
295.39 93.71
34.17 33.90
15.90 28.37
65.18 24.49
91.21 30.03
268.97 133.58
244.05 129.71
234.08 154.07
388.58 329.06
337.08 362.84
302.75 317.43
318.81 266.49
313.27 243.23
315.49 221.63
313.27 188.40
306.07 170.13
373.63 213.88
363.66 241.57
347.61 249.32
352.04 277.56
323.79 285.31
391.35 290.85
416.27 297.50
452.27 315.22
462.79 286.42
482.72 298.60
461.13 260.95
431.78 268.70
429.01 247.10
422.36 210.56
465.00 215.54
448.94 205.02
460.02 198.37
497.68 201.14
513.74 239.90
519.83 260.39
498.78 273.68
528.69 285.31
536.44 264.82
541.42 245.44
513.74 187.85
545.30 193.39
369.20 191.73
339.30 177.33
362.00 172.35
380.28 157.95
398.55 175.11
412.40 179.54
420.70 165.15
429.01 159.61
441.19 145.76
467.22 161.82
458.36 177.88
477.74 180.10
499.34 170.13
480.51 163.49
481.06 146.32
499.34 146.32
511.52 156.29
524.26 150.75
536.99 171.24
532.01 181.76
398.55 140.23
385.26 144.10
369.76 130.81
354.80 127.49
338.19 140.23
348.16 139.12
322.13 157.39
331.55 149.64
309.40 149.64
308.29 134.14
316.04 126.38
329.33 125.28
323.24 119.18
342.62 124.72
388.58 129.15
394.68 119.74
453.37 139.12
445.07 126.38
438.98 136.35
425.69 134.69
415.72 140.23
416.83 150.75
401.87 153.52
356.47 144.66
369.76 148.53
503.21 128.60
473.86 125.28
149.91 349.27
198.64 355.92
27.84 83.74
64.94 95.93
64.94 102.57
61.62 109.22
74.36 97.59
113.12 97.59
104.26 102.57
95.40 97.59
485.73 209.45
397.68 208.34
405.44 124.86
415.68 120.43
415.68 112.40
402.39 108.80
389.38 109.91
374.70 106.03
378.58 84.44
390.21 90.53
405.44 87.76
417.62 90.53
423.99 98.00
433.68 86.37
423.43 81.11
409.31 81.39
397.68 78.07
402.39 61.18
382.73 58.41
435.62 68.38
420.94 68.38
413.19 71.70
492.66 107.97
506.78 104.09
500.41 93.30
516.74 98.56
523.39 98.28
527.54 86.93
532.80 82.77
516.74 81.67
540.00 155.59
502.90 117.66
473.27 97.17
467.18 99.11
459.15 94.68
446.69 102.99
451.12 116.28
439.22 114.34
432.02 107.97
448.91 73.64
453.89 63.67
393.81 65.05
459.43 72.81
471.34 71.98
463.86 82.50
453.06 86.37
507.05 80.84
503.45 50.38
469.40 59.52
530.86 44.01
515.36 45.67
309.56 107.69
305.96 92.19
313.15 68.93
299.86 65.61
323.12 64.22
329.21 74.74
324.23 84.44
325.89 98.00
334.20 98.00
314.26 98.83
336.41 83.05
343.34 63.12
328.66 58.13
344.44 59.24
354.13 60.07
356.63 67.55
364.93 64.22
372.68 73.64
355.52 80.56
348.87 91.63
361.61 106.31
351.92 114.34
338.90 106.86
338.63 115.45
364.38 96.06
384.31 99.94
300.70 119.32
276.88 116.00
514.45 300.54
418.09 321.59
375.53 117.38
497.09 68.65
407.93 95.51
460.26 146.46
479.92 104.65
454.45 120.71
541.94 76.68
440.60 53.98
109.09 265.10
100.23 285.04
115.89 27.81
124.20 25.60
94.29 233.26
97.62 217.75
138.04 143.00
127.52 145.21
295.75 278.20
280.44 274.37
13.17 93.05
