991.63 662.74
977.32 618.95
913.31 566.74
893.94 614.74
723.83 666.96
763.41 602.95
803.83 552.42
750.78 521.26
825.73 498.53
873.73 486.74
890.57 464.84
786.99 457.26
644.67 509.47
715.41 435.36
439.18 533.90
400.44 492.63
353.28 494.31
306.96 519.58
252.22 592.85
233.70 515.37
170.54 568.42
138.53 641.69
105.69 452.21
194.12 464.84
235.38 450.52
290.96 478.31
340.65 452.21
381.07 467.37
488.03 517.05
524.24 499.37
578.14 473.26
481.29 427.78
125.90 399.99
127.59 360.41
109.06 330.94
122.53 287.15
141.06 331.78
102.32 227.35
109.90 202.09
133.48 196.19
143.59 213.88
152.85 222.30
160.43 180.19
176.43 187.77
185.69 206.30
144.43 175.14
199.17 188.61
201.69 178.51
225.28 183.56
219.38 202.09
227.80 206.30
177.27 231.56
173.90 213.88
167.17 279.57
194.12 279.57
240.43 268.62
238.75 291.36
226.12 316.62
200.01 295.57
183.17 317.46
214.33 344.41
217.70 378.94
172.22 380.62
247.17 335.99
263.17 355.36
271.59 380.62
284.23 401.68
254.75 305.67
308.65 350.31
336.44 390.73
349.91 417.68
425.71 394.10
371.81 378.94
360.86 350.31
364.23 329.25
306.96 313.25
294.33 298.09
280.86 283.78
249.70 202.93
248.86 191.14
265.70 138.09
278.33 166.72
282.54 174.30
289.28 191.98
284.23 213.04
277.49 206.30
315.39 263.57
264.86 260.20
317.91 282.94
352.44 309.88
410.55 354.52
453.50 379.78
596.66 466.52
498.97 383.99
456.02 340.20
445.92 340.20
417.29 319.15
386.97 283.78
386.97 308.20
371.81 279.57
374.34 262.72
345.70 268.62
338.12 253.46
376.02 243.35
360.02 229.04
341.49 199.56
315.39 205.46
326.33 187.77
306.12 162.51
296.86 138.09
277.49 156.61
344.02 149.88
374.34 170.09
390.34 168.40
405.50 165.88
397.92 131.35
413.07 131.35
419.81 165.03
371.81 197.04
379.39 182.72
396.23 183.56
376.02 213.88
394.55 224.83
419.81 218.93
415.60 208.83
427.39 233.25
408.02 241.67
418.13 261.88
434.13 274.51
440.02 294.73
473.71 316.62
508.24 367.99
535.19 345.25
544.45 360.41
616.87 399.99
665.72 410.94
769.30 418.52
744.04 405.89
706.98 389.89
648.03 379.78
692.67 356.20
659.82 326.73
612.66 346.10
569.71 330.94
514.13 304.83
578.14 299.78
482.13 283.78
522.55 281.25
509.08 265.25
475.39 271.15
458.55 255.99
470.34 241.67
486.34 227.35
450.13 227.35
454.34 207.14
456.02 195.35
453.50 172.61
441.71 168.40
442.55 159.98
433.29 190.30
437.50 229.04
509.92 226.51
531.82 244.20
536.03 258.51
542.77 277.04
567.19 275.36
614.35 295.57
674.14 321.67
722.14 340.20
734.78 367.15
757.51 385.68
757.51 360.41
793.73 361.26
833.31 376.41
846.78 399.99
892.26 399.99
940.26 403.36
999.21 413.47
963.84 404.20
902.36 379.78
917.52 359.57
984.05 351.99
1020.26 390.73
1005.11 357.89
936.05 362.94
907.42 331.78
897.31 320.83
858.57 349.47
893.10 353.68
861.10 319.99
840.04 330.10
817.31 342.73
836.68 302.30
863.62 301.46
856.05 298.09
808.89 294.73
834.15 287.99
801.31 283.78
789.52 278.72
766.78 286.30
738.14 273.67
767.62 264.41
710.35 311.57
746.57 276.20
696.88 298.94
662.35 275.36
635.40 280.41
626.14 287.99
621.09 272.83
631.19 266.93
648.03 264.41
638.77 246.72
604.24 240.83
598.35 257.67
569.71 250.93
575.61 262.72
578.14 253.46
581.50 237.46
587.40 221.46
606.77 229.04
582.35 210.51
573.08 208.83
545.29 216.41
530.98 220.62
509.08 212.19
501.50 199.56
482.13 221.46
477.92 213.04
477.92 200.40
473.71 159.98
466.97 157.45
467.81 181.88
482.97 156.61
496.45 158.30
504.87 158.30
515.82 154.93
517.50 170.09
534.34 150.72
536.03 129.66
552.03 157.45
552.03 150.72
562.98 194.51
568.87 185.25
577.29 147.35
522.55 177.67
587.40 171.77
586.56 153.24
600.87 163.35
605.93 161.67
603.40 155.77
604.24 148.19
596.66 182.72
610.98 171.77
616.03 213.04
633.72 201.25
653.93 183.56
646.35 178.51
656.46 171.77
630.35 160.82
619.40 153.24
617.72 149.03
624.45 117.87
636.24 114.51
653.93 120.40
674.98 121.24
681.72 137.24
674.14 145.66
676.67 149.88
662.35 154.09
653.93 145.66
672.46 158.30
635.40 152.40
661.51 166.72
684.25 165.03
692.67 149.03
701.93 122.08
701.93 149.88
713.72 164.19
708.67 166.72
700.25 164.19
692.67 173.46
688.46 175.14
674.14 203.77
677.51 187.77
733.93 152.40
717.93 170.09
718.78 155.77
713.72 147.35
722.99 140.61
699.41 197.88
710.35 202.09
697.72 210.51
681.72 217.25
686.77 229.88
661.51 221.46
684.25 258.51
653.93 243.35
694.35 256.83
718.78 245.88
712.04 224.83
731.41 223.14
734.78 206.30
738.99 193.67
749.93 197.04
751.62 156.61
757.51 143.98
749.09 136.40
738.99 135.56
738.14 139.77
753.30 240.83
755.83 225.67
743.20 243.35
778.57 232.41
795.41 241.67
808.04 252.62
812.25 274.51
839.20 272.83
824.04 281.25
872.89 284.62
877.10 277.88
899.00 293.04
893.94 308.20
936.89 325.88
968.05 335.99
995.00 303.15
969.74 261.04
929.31 285.46
922.58 301.46
906.57 254.30
880.47 268.62
859.41 268.62
823.20 237.46
803.83 239.14
833.31 233.25
842.57 242.51
879.63 218.93
887.21 216.41
861.10 226.51
917.52 209.67
927.63 222.30
929.31 210.51
933.52 202.09
957.95 225.67
980.68 244.20
984.89 237.46
991.63 228.20
1006.79 229.04
1012.69 214.72
1000.05 213.88
994.16 254.30
1000.05 264.41
1016.90 250.93
1006.79 255.14
986.58 204.62
964.68 206.30
940.26 188.61
904.05 202.93
889.73 197.88
882.15 195.35
870.36 186.09
850.99 212.19
845.94 186.09
824.04 208.83
845.94 223.14
818.99 200.40
802.15 208.83
781.94 215.56
774.36 223.14
784.46 207.14
787.83 194.51
798.78 189.46
766.78 188.61
770.15 144.82
761.72 136.40
777.73 138.93
772.67 137.24
786.99 137.24
796.25 144.82
797.10 152.40
807.20 159.14
808.04 165.88
813.94 166.72
816.46 175.98
785.30 181.04
868.68 206.30
830.78 175.14
834.99 166.72
824.89 153.24
820.68 158.30
808.89 148.19
804.67 150.72
807.20 134.72
801.31 135.56
829.94 143.98
842.57 156.61
836.68 159.14
867.84 166.72
862.78 154.93
877.94 171.77
886.36 173.46
902.36 149.03
900.68 190.30
910.79 171.77
931.00 174.30
924.26 162.51
931.00 157.45
938.58 162.51
949.52 159.98
967.21 187.77
957.10 181.88
881.31 156.61
872.05 155.77
861.10 144.82
855.20 149.88
871.20 149.03
845.10 145.66
847.62 137.24
836.68 129.66
872.89 116.19
881.31 137.24
877.10 143.98
893.94 142.30
904.89 137.24
893.94 137.24
913.31 147.35
915.00 158.30
923.42 149.88
950.37 171.77
981.53 178.51
976.47 160.82
1006.79 185.25
1005.95 202.93
987.42 191.14
1017.74 203.77
1015.21 158.30
990.79 153.24
982.37 154.93
990.79 143.98
984.05 145.66
1006.79 145.66
1018.58 143.98
1006.79 138.93
1018.58 129.66
1002.58 127.98
999.21 136.40
968.89 133.03
981.53 139.77
951.21 128.82
931.00 115.35
920.89 117.87
896.47 118.72
753.29 112.19
742.76 111.77
737.29 113.87
728.45 115.14
703.60 111.35
696.44 111.35
665.28 113.45
772.24 105.03
777.71 109.24
786.55 110.08
808.03 112.19
826.56 110.08
833.29 111.35
841.29 110.50
852.66 111.35
860.66 110.50
871.61 110.08
882.14 107.98
878.35 114.72
894.77 110.93
904.46 110.08
908.67 106.72
917.93 110.50
920.88 106.72
930.14 102.93
939.40 105.87
948.25 106.72
955.41 108.40
901.09 119.77
973.09 107.98
973.09 102.93
982.35 102.93
987.83 107.14
1005.93 103.35
999.20 102.08
1012.67 105.87
940.25 132.82
934.35 138.30
874.98 139.56
850.14 179.14
796.66 177.46
750.76 193.46
1022.78 174.51
1005.93 179.14
723.81 71.77
812.24 58.71
820.66 59.55
793.71 59.98
875.82 59.13
879.19 59.98
882.98 59.55
888.03 58.71
893.09 57.45
776.45 57.87
868.24 59.55
1007.62 60.40
995.41 57.87
990.78 58.29
1013.09 60.40
997.09 60.40
1002.99 60.82
1021.51 61.66
73.77 524.58
60.47 467.29
10.35 559.36
4.21 465.24
24.67 410.00
75.82 380.34
58.43 364.99
71.73 329.19
81.96 271.90
27.74 329.19
24.67 313.84
1.14 327.14
13.42 383.41
64.57 225.87
53.31 222.80
66.61 199.27
79.91 194.16
41.04 184.95
28.76 185.97
11.37 210.52
18.53 225.87
87.07 416.14
485.01 33.55
474.78 36.62
440.00 39.69
438.97 39.69
428.75 39.69
500.35 35.59
504.45 35.59
524.90 37.64
530.02 35.59
534.11 38.66
541.27 37.64
560.71 43.78
562.76 42.76
254.84 59.12
244.61 59.12
249.72 58.10
238.47 62.19
229.26 63.21
223.13 62.19
206.76 63.21
195.51 65.26
212.90 70.38
200.62 73.44
218.01 68.33
226.20 72.42
234.38 70.38
225.17 72.42
44.11 51.96
34.90 55.03
6.26 76.51
37.97 70.38
49.22 64.24
46.15 68.33
359.18 42.76
362.25 44.80
269.16 44.80
198.58 37.64
166.86 45.82
160.73 50.94
213.92 45.82
234.38 42.76
232.33 48.89
158.68 51.96
173.00 62.19
148.45 37.64
764.28 154.26
