38.22 514.26
2.01 450.26
144.33 502.47
73.59 428.36
349.82 526.90
388.56 485.63
435.72 487.31
482.04 512.58
498.04 471.31
448.35 445.21
407.93 460.37
300.97 510.05
264.76 492.37
210.86 466.26
307.71 420.78
541.83 328.99
525.83 348.36
517.41 373.62
504.77 394.68
534.25 298.67
480.35 343.31
452.56 383.73
439.09 410.68
363.29 387.10
417.19 371.94
428.14 343.31
424.77 322.25
482.04 306.25
494.67 291.09
508.14 276.78
539.30 195.93
540.14 184.14
523.30 131.09
510.67 159.72
506.46 167.30
499.72 184.98
504.77 206.04
511.51 199.30
473.61 256.57
524.14 253.20
471.09 275.94
436.56 302.88
378.45 347.52
335.50 372.78
192.34 459.52
290.03 376.99
332.98 333.20
343.08 333.20
371.71 312.15
402.03 276.78
402.03 301.20
417.19 272.57
414.66 255.72
443.30 261.62
450.88 246.46
412.98 236.35
428.98 222.04
447.51 192.56
473.61 198.46
462.67 180.77
482.88 155.51
492.14 131.09
511.51 149.61
444.98 142.88
414.66 163.09
398.66 161.40
383.50 158.88
391.08 124.35
375.93 124.35
369.19 158.03
417.19 190.04
409.61 175.72
392.77 176.56
412.98 206.88
394.45 217.83
369.19 211.93
373.40 201.83
361.61 226.25
380.98 234.67
370.87 254.88
354.87 267.51
348.98 287.73
315.29 309.62
280.76 360.99
253.81 338.25
244.55 353.41
172.13 392.99
123.28 403.94
19.70 411.52
44.96 398.89
82.02 382.89
140.97 372.78
96.33 349.20
129.18 319.73
176.34 339.10
219.29 323.94
274.87 297.83
210.86 292.78
306.87 276.78
266.45 274.25
279.92 258.25
313.61 264.15
330.45 248.99
318.66 234.67
302.66 220.35
338.87 220.35
334.66 200.14
332.98 188.35
335.50 165.61
347.29 161.40
346.45 152.98
355.71 183.30
351.50 222.04
279.08 219.51
257.18 237.20
252.97 251.51
246.23 270.04
221.81 268.36
174.65 288.57
114.86 314.67
66.86 333.20
54.22 360.15
31.49 378.68
31.49 353.41
22.22 279.30
50.86 266.67
21.38 257.41
78.65 304.57
42.43 269.20
92.12 291.94
126.65 268.36
153.60 273.41
162.86 280.99
167.91 265.83
157.81 259.93
140.97 257.41
150.23 239.72
184.76 233.83
190.65 250.67
219.29 243.93
213.39 255.72
210.86 246.46
207.50 230.46
201.60 214.46
182.23 222.04
206.65 203.51
215.92 201.83
243.71 209.41
258.02 213.62
279.92 205.19
287.50 192.56
306.87 214.46
311.08 206.04
311.08 193.40
315.29 152.98
322.03 150.45
321.19 174.88
306.03 149.61
292.55 151.30
284.13 151.30
273.18 147.93
271.50 163.09
254.66 143.72
252.97 122.66
236.97 150.45
236.97 143.72
226.02 187.51
220.13 178.25
211.71 140.35
266.45 170.67
201.60 164.77
202.44 146.24
188.13 156.35
183.07 154.67
185.60 148.77
184.76 141.19
192.34 175.72
178.02 164.77
172.97 206.04
155.28 194.25
135.07 176.56
142.65 171.51
132.54 164.77
158.65 153.82
169.60 146.24
171.28 142.03
164.55 110.87
152.76 107.51
135.07 113.40
114.02 114.24
107.28 130.24
114.86 138.66
112.33 142.88
126.65 147.09
135.07 138.66
116.54 151.30
153.60 145.40
127.49 159.72
104.75 158.03
96.33 142.03
87.07 115.08
87.07 142.88
75.28 157.19
80.33 159.72
88.75 157.19
96.33 166.46
100.54 168.14
114.86 196.77
111.49 180.77
55.07 145.40
71.07 163.09
70.22 148.77
75.28 140.35
66.01 133.61
89.59 190.88
78.65 195.09
91.28 203.51
107.28 210.25
102.23 222.88
127.49 214.46
104.75 251.51
135.07 236.35
94.65 249.83
70.22 238.88
76.96 217.83
57.59 216.14
54.22 199.30
50.01 186.67
39.07 190.04
37.38 149.61
31.49 136.98
39.91 129.40
50.01 128.56
50.86 132.77
35.70 233.83
33.17 218.67
45.80 236.35
10.43 225.41
7.06 208.56
14.64 216.14
4.54 200.14
1.17 187.51
22.22 181.61
18.85 137.82
27.28 129.40
11.27 131.93
16.33 130.24
2.01 130.24
3.70 174.04
35.71 105.19
46.24 104.77
51.71 106.87
60.55 108.14
85.40 104.35
92.56 104.35
123.72 106.45
16.76 98.03
11.29 102.24
2.45 103.08
38.24 186.46
65.19 64.77
12.55 50.87
303.99 26.55
314.22 29.62
349.00 32.69
350.03 32.69
360.25 32.69
288.65 28.59
284.55 28.59
264.10 30.64
258.98 28.59
254.89 31.66
247.73 30.64
228.29 36.78
226.24 35.76
534.16 52.12
544.39 52.12
539.28 51.10
429.82 35.76
426.75 37.80
519.84 37.80
24.72 147.26
