25.33 413.47
230.82 437.90
269.56 396.63
316.72 398.31
363.04 423.58
417.78 496.85
436.30 419.37
499.46 472.42
531.47 545.69
475.88 368.84
434.62 354.52
379.04 382.31
329.35 356.21
288.93 371.37
181.97 421.05
145.76 403.37
91.86 377.26
188.71 331.78
544.10 303.99
542.41 264.41
528.94 235.78
536.52 100.19
526.41 117.88
517.15 126.30
509.57 84.19
493.57 91.77
484.31 110.30
525.57 79.14
470.83 92.61
468.31 82.51
444.72 87.56
450.62 106.09
442.20 110.30
492.73 135.56
496.10 117.88
502.83 183.57
475.88 183.57
429.57 172.62
431.25 195.36
443.88 220.62
469.99 199.57
486.83 221.46
455.67 248.41
452.30 282.94
497.78 284.62
422.83 239.99
406.83 259.36
398.41 284.62
385.77 305.68
415.25 209.67
361.35 254.31
333.56 294.73
320.09 321.68
244.29 298.10
298.19 282.94
309.14 254.31
305.77 233.25
363.04 217.25
375.67 202.09
389.14 187.78
420.30 106.93
421.14 95.14
404.30 42.09
391.67 70.72
387.46 78.30
380.72 95.98
385.77 117.04
392.51 110.30
354.61 167.57
405.14 164.20
352.09 186.94
317.56 213.88
259.45 258.52
216.50 283.78
73.34 370.52
171.03 287.99
213.98 244.20
224.08 244.20
252.71 223.15
283.03 187.78
283.03 212.20
298.19 183.57
295.66 166.72
324.30 172.62
331.88 157.46
293.98 147.35
309.98 133.04
328.51 103.56
354.61 109.46
343.67 91.77
363.88 66.51
373.14 42.09
392.51 60.61
325.98 53.88
295.66 74.09
279.66 72.40
264.50 69.88
272.08 35.35
256.93 35.35
250.19 69.03
298.19 101.04
290.61 86.72
273.77 87.56
293.98 117.88
275.45 128.83
250.19 122.93
254.40 112.83
242.61 137.25
261.98 145.67
251.87 165.88
235.87 178.51
229.98 198.73
196.29 220.62
161.76 271.99
134.81 249.25
125.55 264.41
53.13 303.99
4.28 314.94
21.97 283.78
10.18 230.73
57.34 250.10
100.29 234.94
155.87 208.83
91.86 203.78
187.87 187.78
147.45 185.25
160.92 169.25
194.61 175.15
211.45 159.99
199.66 145.67
183.66 131.35
219.87 131.35
215.66 111.14
213.98 99.35
216.50 76.61
228.29 72.40
227.45 63.98
236.71 94.30
232.50 133.04
160.08 130.51
138.18 148.20
133.97 162.51
127.23 181.04
102.81 179.36
55.65 199.57
7.65 179.36
34.60 184.41
43.86 191.99
48.91 176.83
38.81 170.93
21.97 168.41
31.23 150.72
65.76 144.83
71.65 161.67
100.29 154.93
94.39 166.72
91.86 157.46
88.50 141.46
82.60 125.46
63.23 133.04
87.65 114.51
96.92 112.83
124.71 120.41
139.02 124.62
160.92 116.19
168.50 103.56
187.87 125.46
192.08 117.04
192.08 104.40
196.29 63.98
203.03 61.45
202.19 85.88
187.03 60.61
173.55 62.30
165.13 62.30
154.18 58.93
152.50 74.09
135.66 54.72
133.97 33.66
117.97 61.45
117.97 54.72
107.02 98.51
101.13 89.25
92.71 51.35
147.45 81.67
82.60 75.77
83.44 57.24
69.13 67.35
64.07 65.67
66.60 59.77
65.76 52.19
73.34 86.72
59.02 75.77
53.97 117.04
36.28 105.25
16.07 87.56
23.65 82.51
13.54 75.77
39.65 64.82
50.60 57.24
52.28 53.03
45.55 21.87
33.76 18.51
16.07 24.40
7.65 58.09
16.07 49.66
34.60 56.40
8.49 70.72
8.49 125.46
16.07 147.35
4.72 17.45
