9.50 432.52
34.28 392.87
9.50 351.99
70.21 354.46
94.99 343.31
40.47 339.60
111.09 402.78
139.59 378.00
143.30 358.18
144.54 338.36
122.24 338.36
169.32 338.36
192.86 340.84
179.23 386.68
165.61 404.02
170.56 437.47
267.20 412.69
290.74 399.07
242.42 384.20
230.03 356.94
283.31 365.61
191.62 375.53
288.26 328.45
329.15 338.36
313.04 334.64
330.39 371.81
340.30 399.07
351.45 363.14
389.86 356.94
376.23 322.25
398.53 321.01
410.92 358.18
425.79 392.87
461.72 412.69
484.02 397.83
469.15 345.79
469.15 325.97
454.28 314.82
519.95 338.36
526.14 401.54
542.25 319.77
7.48 284.46
6.86 304.91
46.51 322.25
29.17 310.48
36.60 317.29
61.38 299.95
75.63 304.91
90.49 298.09
97.31 281.98
52.09 277.65
42.79 272.07
38.46 262.78
26.07 272.07
14.92 256.59
34.12 255.97
38.46 245.44
44.03 241.10
65.10 249.77
68.19 231.81
81.82 234.28
63.86 263.40
84.30 290.66
109.70 268.98
103.50 251.63
99.79 275.79
120.23 288.18
129.52 307.38
143.15 293.14
148.11 272.07
138.81 262.78
172.27 267.12
174.74 255.35
173.50 284.46
184.65 288.18
168.55 304.29
171.65 314.82
207.11 332.78
230.03 331.54
208.35 290.04
204.01 275.17
213.31 265.88
196.58 242.96
221.36 223.75
228.79 260.30
244.90 280.75
248.00 261.54
261.01 257.82
274.63 253.49
284.55 268.36
288.26 261.54
277.73 298.09
263.48 283.84
258.53 312.96
268.44 304.29
277.73 316.68
307.47 292.52
319.86 262.16
306.23 257.21
339.68 280.75
347.11 302.43
358.26 276.41
370.65 286.94
363.22 299.95
414.02 294.99
402.87 283.84
377.47 264.02
386.14 249.15
415.26 244.20
438.18 246.67
451.81 244.82
454.90 261.54
443.13 273.93
472.87 293.75
496.41 299.95
492.69 281.37
487.12 270.21
488.35 257.82
477.82 241.10
507.56 249.15
518.71 251.01
528.00 249.15
2.99 203.00
15.69 201.14
44.50 205.01
29.63 233.82
32.26 228.40
24.98 231.34
15.54 235.99
5.01 234.13
52.71 237.85
50.07 236.30
52.24 229.17
107.84 239.55
97.62 234.28
94.52 217.87
71.29 206.41
84.61 199.59
69.12 200.83
74.08 233.05
116.20 231.81
150.43 230.88
168.86 233.36
200.76 227.93
187.60 226.85
203.24 213.84
194.88 215.70
185.58 205.94
182.02 203.47
175.36 204.86
164.06 202.85
217.95 195.88
229.88 202.38
226.47 204.55
233.13 207.03
226.62 211.05
215.94 211.36
229.72 228.86
231.89 219.88
227.71 213.69
236.69 208.58
237.62 211.21
243.66 206.41
250.32 198.05
257.29 206.41
258.99 210.74
250.47 218.33
244.59 221.43
237.47 221.59
240.56 240.32
236.07 240.01
234.52 234.44
244.43 251.94
231.27 256.12
262.40 242.65
264.10 240.01
250.01 258.29
259.30 225.61
270.14 220.19
277.11 219.88
278.97 215.55
274.17 204.70
280.36 206.25
290.59 206.87
301.58 207.49
307.93 207.49
290.74 214.77
292.60 223.60
285.01 219.11
304.21 234.28
312.73 238.78
321.41 247.91
319.55 233.51
319.55 229.64
317.22 224.84
320.79 219.26
304.52 219.42
309.02 214.77
324.81 222.36
333.33 225.30
339.52 222.51
338.60 235.68
328.06 225.30
325.90 231.81
336.89 242.96
345.72 242.65
354.70 233.51
344.64 224.22
344.02 219.57
360.28 228.86
371.12 224.53
361.52 213.53
371.89 204.86
366.32 202.85
373.91 218.02
366.63 208.89
380.41 204.24
389.70 205.94
378.55 216.94
380.26 210.90
381.03 227.78
378.24 219.42
387.69 227.78
387.38 223.91
390.94 228.40
390.94 223.91
390.32 217.40
397.76 216.32
395.59 212.60
398.84 204.86
401.78 213.53
408.13 208.73
405.03 210.43
402.56 210.43
401.16 209.97
408.75 226.23
414.95 236.76
419.90 224.84
424.24 224.53
412.00 206.41
264.88 245.75
392.65 221.28
429.66 214.77
428.58 207.65
439.88 205.94
443.13 203.31
450.26 205.48
458.46 203.47
460.01 206.10
441.12 224.84
441.43 231.81
437.25 228.09
453.04 230.26
470.08 227.01
464.20 214.00
470.39 212.60
478.29 210.43
482.31 209.82
491.92 205.01
496.87 198.35
497.80 211.05
497.03 218.33
491.14 234.13
497.34 247.14
513.44 239.40
512.67 217.25
529.24 213.22
525.06 222.67
530.79 234.59
516.54 208.27
521.50 205.63
530.01 201.92
534.20 205.48
537.60 204.86
536.36 207.34
538.38 210.74
544.88 214.31
542.09 213.69
131.84 278.58
127.51 269.90
130.92 262.78
129.37 255.04
90.34 264.02
69.28 288.80
493.93 255.97
488.97 245.75
461.10 253.80
537.53 268.67
96.69 316.06
380.10 418.89
371.43 387.30
159.41 264.33
220.74 293.75
260.08 280.44
86.34 450.27
