539.80 407.65
473.81 430.48
396.10 371.88
427.55 330.56
470.11 307.12
343.67 524.84
234.15 508.50
135.47 448.05
33.09 480.13
15.82 382.68
163.84 380.21
247.72 428.32
321.73 473.96
256.36 343.20
303.23 339.50
537.60 239.58
437.38 262.41
476.85 251.92
511.39 230.33
517.56 210.60
541.00 218.00
478.70 216.76
443.55 230.33
393.59 253.77
351.65 296.33
336.84 280.29
304.16 267.34
316.49 238.97
236.93 264.87
193.75 313.60
117.89 301.26
104.32 256.85
53.75 265.49
150.58 258.09
170.32 227.87
201.77 230.95
175.25 205.66
202.39 280.29
77.80 228.48
103.09 227.25
107.41 195.79
79.65 193.94
56.83 180.38
66.08 169.27
59.92 137.82
115.42 155.09
112.96 176.06
149.35 179.76
163.53 174.21
150.58 200.11
168.47 187.78
194.37 192.71
198.07 177.91
191.29 169.27
178.95 162.49
182.65 142.14
162.30 150.15
235.08 179.76
225.83 167.42
213.49 162.49
204.86 153.85
209.17 134.73
215.96 140.90
228.91 158.79
247.41 168.04
256.66 169.27
249.26 143.99
241.25 127.95
268.38 140.90
281.34 176.67
294.29 173.59
301.69 190.86
291.82 205.66
273.93 208.75
255.43 260.56
274.55 240.82
225.83 226.02
354.11 226.63
338.08 210.60
378.17 208.75
352.26 262.41
432.44 199.49
404.69 187.78
399.14 166.81
380.02 173.59
375.08 160.64
339.31 184.08
351.03 176.06
316.49 166.19
509.39 187.78
504.14 155.40
474.85 183.46
434.45 169.27
435.68 152.93
398.68 149.54
408.85 163.41
410.09 140.90
379.25 136.58
383.57 150.77
370.61 145.53
357.97 130.11
339.47 137.82
335.46 155.09
455.42 131.34
510.00 127.95
542.69 143.06
488.72 136.58
513.09 61.96
493.35 55.48
472.07 61.96
456.34 61.96
435.07 58.25
422.73 63.19
460.04 117.16
466.83 122.09
510.31 106.36
499.83 101.12
520.18 91.87
520.80 100.81
538.99 110.68
14.23 238.35
30.27 232.18
24.10 209.98
27.80 185.31
8.68 182.23
48.77 127.95
30.27 134.73
25.78 111.30
37.19 115.61
14.06 124.56
6.35 120.24
298.45 157.55
308.32 143.99
311.09 123.32
323.43 119.93
337.00 125.48
342.24 120.55
353.04 120.24
363.52 121.47
360.74 116.23
348.41 119.01
373.70 113.46
362.29 105.75
387.27 106.05
341.32 68.43
323.74 67.51
310.79 67.20
299.68 67.20
285.50 66.27
266.07 69.05
246.33 66.89
361.36 65.35
251.58 122.09
266.07 120.55
261.14 118.70
282.72 117.16
315.41 113.76
270.08 129.80
281.49 138.74
275.01 126.72
304.31 251.00
297.22 119.31
302.15 119.93
289.82 126.41
318.50 140.90
324.36 137.51
292.28 140.59
228.45 118.39
221.66 123.32
216.11 120.24
208.09 116.54
182.81 116.23
169.85 90.64
164.30 79.22
155.05 79.84
149.50 71.52
163.38 72.44
175.71 83.54
175.10 72.44
185.58 72.44
196.07 70.59
205.32 69.05
215.80 67.20
222.59 67.20
230.91 71.52
235.54 67.20
232.15 123.63
261.14 124.25
274.71 120.55
277.17 119.01
289.20 118.08
373.39 189.32
16.59 86.32
7.64 86.01
0.55 80.77
95.84 135.04
108.49 121.78
115.27 117.46
131.61 120.24
129.46 123.02
167.08 126.41
57.91 112.53
45.27 117.46
84.43 117.77
90.91 122.09
129.15 139.98
81.66 120.86
140.87 127.33
68.86 118.70
406.54 63.50
394.20 69.05
374.47 64.11
541.61 159.71
492.89 116.54
427.51 131.96
