4.85 472.60
8.20 261.97
69.88 303.30
74.20 360.65
140.19 383.48
217.90 324.88
186.45 283.56
143.89 260.12
198.17 538.28
270.33 477.84
379.85 461.50
478.53 401.05
450.16 333.21
366.28 381.32
292.27 426.96
357.64 296.20
310.77 292.50
45.56 227.12
8.55 198.75
76.40 192.58
176.62 215.41
137.15 204.92
102.61 183.33
96.44 163.60
73.00 171.00
135.30 169.76
170.45 183.33
220.41 206.77
262.35 249.33
277.16 233.29
309.84 220.34
297.51 191.97
377.07 217.87
420.25 266.60
496.11 254.26
509.68 209.85
463.42 211.09
443.68 180.87
412.23 183.95
438.75 158.66
411.61 233.29
536.20 181.48
510.91 180.25
506.59 148.79
534.35 146.94
498.58 108.09
501.04 129.06
464.65 132.76
450.47 127.21
463.42 153.11
445.53 140.78
419.63 145.71
415.93 130.91
422.71 122.27
435.05 115.49
431.35 95.14
451.70 103.15
378.92 132.76
388.17 120.42
400.51 115.49
409.14 106.85
404.83 87.73
398.04 93.90
385.09 111.79
366.59 121.04
357.34 122.27
364.74 96.99
372.75 80.95
345.62 93.90
332.66 129.67
319.71 126.59
312.31 143.86
322.18 158.66
340.07 161.75
358.57 213.56
339.45 193.82
388.17 179.02
259.89 179.63
275.92 163.60
235.83 161.75
261.74 215.41
181.56 152.49
209.31 140.78
214.86 119.81
233.98 126.59
238.92 113.64
274.69 137.08
262.97 129.06
297.51 119.19
17.90 165.14
9.26 143.24
44.11 139.54
53.98 187.65
22.21 111.79
5.25 106.55
14.20 21.74
15.74 6.94
25.30 6.94
41.95 5.40
104.61 140.78
109.86 108.40
139.15 136.46
179.55 122.27
178.32 105.93
215.32 102.54
205.15 116.41
203.91 93.90
234.75 89.58
230.43 103.77
243.39 98.53
256.03 83.11
274.53 90.82
278.54 108.09
158.58 84.34
104.00 80.95
71.31 96.06
60.51 138.62
125.28 89.58
48.80 94.21
68.22 69.54
42.01 52.27
35.54 52.89
26.90 48.57
61.75 15.26
100.91 14.96
120.65 8.48
141.93 14.96
157.66 14.96
178.93 11.25
191.27 16.19
153.96 70.16
147.17 75.09
103.69 59.36
114.17 54.12
93.82 44.87
93.20 53.81
75.01 63.68
64.52 57.51
11.17 58.13
315.55 110.55
305.68 96.99
302.91 76.32
290.57 72.93
277.00 78.48
271.76 73.55
260.96 73.24
250.48 74.47
253.26 69.23
265.59 72.01
240.30 66.46
251.71 58.75
226.73 59.05
272.68 21.43
290.26 20.51
303.21 20.20
314.32 20.20
328.50 19.27
347.93 22.05
367.67 19.89
252.64 18.35
362.42 75.09
347.93 73.55
352.86 71.70
331.28 70.16
298.59 66.76
343.92 82.80
332.51 91.74
338.99 79.72
309.69 204.00
316.78 72.31
311.85 72.93
324.18 79.41
295.50 93.90
289.64 90.51
321.72 93.59
385.55 71.39
392.34 76.32
397.89 73.24
405.91 69.54
431.19 69.23
444.15 43.64
449.70 32.22
458.95 32.84
464.50 24.52
450.62 25.44
438.29 36.54
438.90 25.44
428.42 25.44
417.93 23.59
408.68 22.05
398.20 20.20
391.41 20.20
383.09 24.52
378.46 20.20
381.85 76.63
352.86 77.25
339.29 73.55
336.83 72.01
324.80 71.08
240.61 142.32
518.16 88.04
505.51 74.78
498.73 70.46
482.39 73.24
484.54 76.02
446.92 79.41
529.57 70.77
523.09 75.09
484.85 92.98
532.34 73.86
473.13 80.33
207.46 16.50
219.80 22.05
239.53 17.11
72.39 112.71
2.69 43.64
13.18 46.10
17.50 45.49
121.11 69.54
186.49 84.96
