38.19 470.48
115.90 411.88
84.45 370.56
41.89 347.12
376.53 488.05
478.91 520.13
496.18 422.68
513.45 462.15
520.85 400.47
348.16 420.21
264.28 468.32
190.27 513.96
255.64 383.20
208.77 379.50
74.62 302.41
35.15 291.92
0.61 270.33
33.30 256.76
68.45 270.33
118.41 293.77
160.35 336.33
175.16 320.29
207.84 307.34
195.51 278.97
275.07 304.87
318.25 353.60
394.11 341.26
407.68 296.85
458.25 305.49
361.42 298.09
341.68 267.87
310.23 270.95
336.75 245.66
309.61 320.29
434.20 268.48
408.91 267.25
404.59 235.79
432.35 233.94
455.17 220.38
445.92 209.27
452.08 177.82
396.58 195.09
399.04 216.06
362.65 219.76
348.47 214.21
361.42 240.11
343.53 227.78
317.63 232.71
313.93 217.91
320.71 209.27
333.05 202.49
329.35 182.14
349.70 190.15
276.92 219.76
286.17 207.42
298.51 202.49
307.14 193.85
302.83 174.73
296.04 180.90
283.09 198.79
264.59 208.04
255.34 209.27
262.74 183.99
270.75 167.95
243.62 180.90
230.66 216.67
217.71 213.59
210.31 230.86
220.18 245.66
238.07 248.75
256.57 300.56
237.45 280.82
286.17 266.02
157.89 266.63
173.92 250.60
133.83 248.75
159.74 302.41
79.56 239.49
107.31 227.78
112.86 206.81
131.98 213.59
136.92 200.64
172.69 224.08
160.97 216.06
195.51 206.19
2.61 227.78
7.86 195.40
37.15 223.46
77.55 209.27
76.32 192.93
113.32 189.54
103.15 203.41
101.91 180.90
132.75 176.58
128.43 190.77
141.39 185.53
154.03 170.11
172.53 177.82
176.54 195.09
56.58 171.34
2.00 167.95
23.28 176.58
18.65 95.48
39.93 101.96
55.66 101.96
76.93 98.25
89.27 103.19
51.96 157.16
45.17 162.09
1.69 146.36
12.17 141.12
514.42 342.50
497.77 278.35
481.73 272.18
528.60 293.15
528.60 259.85
487.90 249.98
484.20 225.31
503.32 222.23
512.57 229.01
524.29 226.54
536.01 192.00
463.23 167.95
481.73 174.73
531.69 172.88
533.10 156.54
486.22 151.30
474.81 155.61
497.94 164.56
505.65 160.24
514.90 171.03
213.55 197.55
203.68 183.99
200.91 163.32
188.57 159.93
175.00 165.48
169.76 160.55
158.96 160.24
148.48 161.47
151.26 156.23
163.59 159.01
138.30 153.46
149.71 145.75
124.73 146.05
170.68 108.43
188.26 107.51
201.21 107.20
212.32 107.20
226.50 106.27
245.93 109.05
265.67 106.89
150.64 105.35
260.42 162.09
245.93 160.55
250.86 158.70
229.28 157.16
196.59 153.76
241.92 169.80
230.51 178.74
236.99 166.72
207.69 291.00
214.78 159.31
209.85 159.93
222.18 166.41
193.50 180.90
187.64 177.51
219.72 180.59
283.55 158.39
290.34 163.32
295.89 160.24
303.91 156.54
329.19 156.23
342.15 130.64
347.70 119.22
356.95 119.84
362.50 111.52
348.62 112.44
336.29 123.54
336.90 112.44
326.42 112.44
315.93 110.59
306.68 109.05
296.20 107.20
289.41 107.20
281.09 111.52
276.46 107.20
279.85 163.63
250.86 164.25
237.29 160.55
234.83 159.01
222.80 158.08
138.61 229.32
495.41 126.32
504.36 126.01
511.45 120.77
521.63 121.69
530.26 125.39
416.16 175.04
403.51 161.78
396.73 157.46
380.39 160.24
382.54 163.02
344.92 166.41
454.09 152.53
466.73 157.46
427.57 157.77
421.09 162.09
382.85 179.98
430.34 160.86
371.13 167.33
443.14 158.70
105.46 103.50
117.80 109.05
137.53 104.11
19.11 156.54
84.49 171.96
