535.10 352.88
482.67 505.84
373.15 489.50
274.47 429.05
172.09 461.13
62.30 527.74
62.30 426.59
4.32 461.13
89.44 342.71
154.82 363.68
137.55 403.15
130.15 341.47
54.90 316.80
302.84 361.21
386.72 409.32
460.73 454.96
395.36 324.20
442.23 320.50
532.59 234.77
490.65 277.33
475.84 261.29
443.16 248.34
455.49 219.97
375.93 245.87
332.75 294.60
256.89 282.26
243.32 237.85
192.75 246.49
289.58 239.09
309.32 208.87
340.77 211.95
314.25 186.66
341.39 261.29
216.80 209.48
242.09 208.25
246.41 176.79
218.65 174.94
195.83 161.38
205.08 150.27
198.92 118.82
254.42 136.09
251.96 157.06
288.35 160.76
302.53 155.21
289.58 181.11
307.47 168.78
333.37 173.71
337.07 158.91
330.29 150.27
317.95 143.49
321.65 123.14
301.30 131.15
374.08 160.76
364.83 148.42
352.49 143.49
343.86 134.85
348.17 115.73
354.96 121.90
367.91 139.79
386.41 149.04
395.66 150.27
388.26 124.99
380.25 108.95
407.38 121.90
420.34 157.67
433.29 154.59
440.69 171.86
430.82 186.66
412.93 189.75
394.43 241.56
413.55 221.82
364.83 207.02
493.11 207.63
477.08 191.60
517.17 189.75
491.26 243.41
543.69 168.78
538.14 147.81
519.02 154.59
514.08 141.64
478.31 165.08
490.03 157.06
455.49 147.19
537.68 130.54
518.25 117.58
522.57 131.77
509.61 126.53
496.97 111.11
478.47 118.82
474.46 136.09
15.08 194.68
27.41 215.03
47.15 247.72
81.07 242.79
83.54 278.56
136.58 283.50
153.23 219.35
169.27 213.18
122.40 234.15
122.40 200.85
84.77 196.53
44.07 161.38
0.27 156.44
163.10 190.98
166.80 166.31
147.68 163.23
138.43 170.01
126.71 167.54
114.99 133.00
94.02 134.85
74.90 134.85
45.30 134.85
18.78 135.47
8.29 133.62
187.77 108.95
169.27 115.73
119.31 113.88
97.72 117.58
89.71 107.10
59.48 117.58
58.87 137.32
9.35 125.60
3.18 118.20
17.06 108.95
30.01 114.19
41.12 107.72
49.13 110.80
67.95 108.64
80.59 103.40
117.90 97.54
105.57 106.48
164.78 92.30
176.19 96.61
153.06 105.56
10.59 111.11
8.43 107.72
3.49 105.56
1.03 105.25
24.15 103.71
34.95 105.56
12.44 104.63
105.57 97.85
100.63 100.31
145.35 101.24
136.10 112.03
437.45 138.55
447.32 124.99
450.09 104.32
462.43 100.93
476.00 106.48
481.24 101.55
492.04 101.24
502.52 102.47
499.74 97.23
487.41 100.01
512.70 94.46
501.29 86.75
526.27 87.05
480.32 49.43
462.74 48.51
449.79 48.20
438.68 48.20
424.50 47.27
405.07 50.05
385.33 47.89
500.36 46.35
390.58 103.09
405.07 101.55
400.14 99.70
421.72 98.16
454.41 94.76
409.08 110.80
420.49 119.74
414.01 107.72
443.31 232.00
436.22 100.31
441.15 100.93
428.82 107.41
457.50 121.90
463.36 118.51
431.28 121.59
367.45 99.39
360.66 104.32
355.11 101.24
347.09 97.54
321.81 97.23
308.85 71.64
303.30 60.22
294.05 60.84
288.50 52.52
302.38 53.44
314.71 64.54
314.10 53.44
324.58 53.44
335.07 51.59
344.32 50.05
354.80 48.20
361.59 48.20
369.91 52.52
374.54 48.20
371.15 104.63
400.14 105.25
413.71 101.55
416.17 100.01
428.20 99.08
512.39 170.32
155.59 67.32
146.64 67.01
139.55 61.77
129.37 62.69
120.74 66.39
234.84 116.04
247.49 102.78
254.27 98.46
270.61 101.24
268.46 104.02
306.08 107.41
196.91 93.53
184.27 98.46
223.43 98.77
229.91 103.09
268.15 120.98
220.66 101.86
279.87 108.33
207.86 99.70
533.20 50.05
513.47 45.11
91.40 93.84
83.08 111.42
47.30 99.39
