823.15 569.60
861.39 519.02
976.11 383.33
972.14 535.98
924.65 473.69
860.50 386.11
819.80 358.97
922.18 365.76
920.33 408.93
758.12 400.30
753.80 457.65
687.81 480.48
610.10 421.88
641.55 380.56
684.11 357.12
629.83 635.28
557.67 574.84
939.10 660.88
812.05 667.05
448.15 558.50
349.47 498.05
247.09 530.13
281.62 623.87
137.30 596.74
137.30 495.59
79.32 530.13
21.35 504.22
65.76 461.05
20.11 430.21
164.44 411.71
229.82 432.68
212.55 472.15
205.15 410.47
129.90 385.80
377.84 430.21
461.72 478.32
535.73 523.96
470.36 393.20
517.23 389.50
974.87 335.23
961.30 329.06
1011.88 303.15
1006.95 252.58
960.07 234.08
952.67 269.85
950.20 294.52
924.30 299.45
892.23 301.92
782.44 324.12
819.45 295.75
844.12 320.42
751.60 289.58
651.38 312.41
690.85 301.92
725.39 280.33
731.56 260.60
755.00 268.00
692.70 266.76
657.55 280.33
607.59 303.77
565.65 346.33
550.84 330.29
518.16 317.34
530.49 288.97
450.93 314.87
407.75 363.60
331.89 351.26
318.32 306.85
267.75 315.49
364.58 308.09
384.32 277.87
415.77 280.95
389.25 255.66
416.39 330.29
291.80 278.48
317.09 277.25
321.41 245.79
293.65 243.94
270.83 230.38
280.08 219.27
273.92 187.82
329.42 205.09
326.96 226.06
363.35 229.76
377.53 224.21
364.58 250.11
382.47 237.78
408.37 242.71
412.07 227.91
405.29 219.27
392.95 212.49
396.65 192.14
376.30 200.15
449.08 229.76
439.83 217.42
427.49 212.49
418.86 203.85
423.17 184.73
429.96 190.90
442.91 208.79
461.41 218.04
470.66 219.27
463.26 193.99
455.25 177.95
482.38 190.90
495.34 226.67
508.29 223.59
515.69 240.86
505.82 255.66
487.93 258.75
469.43 310.56
488.55 290.82
439.83 276.02
568.11 276.63
552.08 260.60
592.17 258.75
566.26 312.41
646.44 249.49
618.69 237.78
613.14 216.81
594.02 223.59
589.08 210.64
553.31 234.08
565.03 226.06
530.49 216.19
973.55 227.91
925.13 240.24
889.67 247.03
865.61 254.74
873.32 268.61
810.10 262.14
818.74 240.24
832.62 235.00
783.89 236.54
774.02 284.65
805.79 208.79
822.75 203.55
865.92 210.02
904.16 219.89
911.56 204.47
928.21 215.88
935.92 206.94
976.63 208.17
985.88 201.39
983.11 191.83
963.99 199.54
951.04 190.29
919.89 192.44
924.82 190.29
941.17 198.30
886.89 188.74
856.98 191.21
837.24 193.37
972.62 155.75
1001.30 167.16
1021.04 145.26
1006.85 158.83
990.20 156.05
1007.16 144.03
1017.95 187.20
988.97 146.19
960.90 148.04
951.96 136.93
967.07 121.21
952.27 119.05
930.99 98.08
939.32 130.77
916.80 139.40
932.84 137.24
935.62 152.35
942.40 146.19
902.00 149.58
908.79 154.51
912.49 147.42
900.15 139.40
891.83 149.27
877.33 144.64
857.59 138.78
832.00 132.62
837.24 125.52
813.80 118.74
812.26 103.94
802.70 103.94
786.05 102.40
946.10 123.67
723.39 237.78
718.14 205.40
688.85 233.46
648.45 219.27
649.68 202.93
612.68 199.54
622.85 213.41
624.09 190.90
593.25 186.58
597.57 200.77
584.61 195.53
571.97 180.11
553.47 187.82
549.46 205.09
669.42 181.34
724.00 177.95
756.69 193.06
767.49 235.62
702.72 186.58
779.20 191.21
759.78 166.54
785.99 149.27
792.46 149.89
801.10 145.57
846.12 157.60
859.69 156.36
844.58 141.25
853.22 145.88
766.25 112.26
727.09 111.96
707.35 105.48
686.07 111.96
670.34 111.96
649.07 108.25
636.73 113.19
674.04 167.16
680.83 172.09
724.31 156.36
713.83 151.12
734.18 141.87
734.80 150.81
752.99 160.68
763.48 154.51
858.46 224.52
831.63 151.43
816.83 155.13
868.64 142.79
70.34 359.28
37.04 369.76
50.60 318.57
67.87 293.90
90.08 263.68
102.41 284.03
122.15 316.72
156.07 311.79
158.54 347.56
211.58 352.50
228.23 288.35
244.27 282.18
197.40 303.15
197.40 269.85
159.77 265.53
119.07 230.38
75.27 225.44
46.90 221.12
35.80 245.18
9.28 216.81
26.55 209.40
238.10 259.98
241.80 235.31
222.68 232.23
213.43 239.01
201.71 236.54
189.99 202.00
169.02 203.85
149.90 203.85
120.30 203.85
93.78 204.47
83.29 202.62
262.77 177.95
244.27 184.73
194.31 182.88
172.72 186.58
164.71 176.10
134.48 186.58
133.87 206.32
84.35 194.60
64.31 193.99
44.26 193.99
16.20 191.21
22.06 185.35
13.42 175.48
25.76 169.93
21.75 177.64
33.47 185.04
46.11 182.27
64.92 177.64
78.18 187.20
71.40 178.57
92.06 177.95
105.01 183.19
116.12 176.72
124.13 179.80
142.95 177.64
155.59 172.40
192.90 166.54
180.57 175.48
239.78 161.30
251.19 165.61
228.06 174.56
85.59 180.11
83.43 176.72
78.49 174.56
51.05 172.40
41.79 174.56
35.01 174.56
76.03 174.25
99.15 172.71
109.95 174.56
87.44 173.63
180.57 166.85
175.63 169.31
220.35 170.24
211.10 181.03
512.45 207.55
522.32 193.99
525.09 173.32
537.43 169.93
551.00 175.48
556.24 170.55
567.04 170.24
577.52 171.47
574.74 166.23
562.41 169.01
587.70 163.46
576.29 155.75
601.27 156.05
555.32 118.43
537.74 117.51
524.79 117.20
513.68 117.20
499.50 116.27
480.07 119.05
460.33 116.89
575.36 115.35
465.58 172.09
480.07 170.55
475.14 168.70
496.72 167.16
529.41 163.76
484.08 179.80
495.49 188.74
489.01 176.72
518.31 301.00
511.22 169.31
516.15 169.93
503.82 176.41
532.50 190.90
538.36 187.51
506.28 190.59
442.45 168.39
435.66 173.32
430.11 170.24
422.09 166.54
396.81 166.23
383.85 140.64
378.30 129.22
369.05 129.84
363.50 121.52
377.38 122.44
389.71 133.54
389.10 122.44
399.58 122.44
410.07 120.59
419.32 119.05
429.80 117.20
436.59 117.20
444.91 121.52
449.54 117.20
446.15 173.63
475.14 174.25
488.71 170.55
491.17 169.01
503.20 168.08
587.39 239.32
230.59 136.32
221.64 136.01
214.55 130.77
204.37 131.69
195.74 135.39
309.84 185.04
322.49 171.78
329.27 167.46
345.61 170.24
343.46 173.02
381.08 176.41
271.91 162.53
259.27 167.46
298.43 167.77
304.91 172.09
343.15 189.98
295.66 170.86
354.87 177.33
1010.38 268.61
282.86 168.70
1071.09 742.29
620.54 113.50
608.20 119.05
588.47 114.11
755.61 209.71
825.31 140.64
814.82 143.10
810.50 142.49
706.89 166.54
641.51 181.96
166.40 162.84
158.08 180.42
122.30 168.39
