316.07 524.04
388.45 486.79
457.63 481.47
503.40 509.14
533.20 430.38
443.80 448.48
451.25 426.12
349.07 451.67
229.86 464.44
194.74 509.14
155.36 508.08
317.14 402.71
374.61 392.06
411.87 378.23
439.54 377.16
501.27 378.23
525.75 330.33
543.85 337.78
486.37 350.55
491.69 332.46
465.08 339.91
522.56 375.03
428.90 360.13
344.81 377.16
309.69 377.16
285.21 404.84
247.96 397.39
228.80 436.77
174.52 422.93
184.09 389.94
152.16 384.61
134.07 419.74
89.37 471.89
74.47 436.77
18.06 441.02
5.28 392.06
22.31 386.74
80.85 399.51
114.91 378.23
78.72 369.71
37.21 364.39
3.16 360.13
175.58 349.49
196.87 345.23
227.73 352.68
293.72 347.36
353.33 348.43
328.85 345.23
317.14 335.65
384.19 334.59
410.80 330.33
436.35 325.01
457.63 317.56
478.92 315.43
509.79 311.17
519.37 293.08
52.12 516.59
49.99 516.59
13.80 334.59
60.63 325.01
95.75 342.04
120.23 340.98
143.65 322.88
185.16 310.11
169.19 310.11
204.32 317.56
226.67 328.20
223.48 312.24
253.28 319.69
271.37 307.98
277.76 326.07
312.88 310.11
356.52 311.17
373.55 307.98
388.45 288.82
402.29 307.98
415.06 307.98
424.64 297.34
417.19 289.89
429.96 283.50
450.18 300.53
474.66 293.08
488.50 298.40
502.34 298.40
485.31 272.86
470.41 270.73
433.15 263.28
402.29 272.86
379.94 267.54
366.10 285.63
349.07 290.95
345.88 270.73
355.46 261.15
327.78 263.28
315.01 266.47
332.04 289.89
312.88 285.63
294.79 288.82
293.72 270.73
262.86 273.92
258.60 285.63
262.86 293.08
273.50 270.73
273.50 260.09
274.56 248.38
498.08 272.86
536.39 295.21
531.64 268.87
522.86 272.59
510.62 277.11
511.15 269.66
494.65 265.67
527.65 257.69
541.22 253.70
535.37 207.93
534.83 220.70
533.50 225.23
539.62 232.41
541.22 243.59
532.17 246.78
516.74 254.23
506.89 248.11
498.65 243.59
507.43 238.27
524.99 235.07
530.31 238.00
518.87 232.41
520.47 226.82
515.68 213.52
509.82 218.58
505.03 219.37
494.92 218.84
495.99 225.76
501.31 223.90
504.50 229.49
501.04 234.54
491.73 240.66
490.93 228.69
480.29 255.03
487.47 253.30
466.98 257.03
458.33 256.36
447.96 262.08
443.70 262.75
443.43 253.57
448.36 244.25
459.00 232.28
468.31 241.19
475.10 233.34
482.02 236.54
488.93 219.64
478.69 224.03
471.37 227.22
461.66 220.97
451.02 212.59
451.68 229.49
450.35 224.30
440.37 222.97
288.11 311.44
239.42 280.31
229.04 294.94
209.35 305.32
201.63 292.81
182.47 289.09
145.22 302.66
129.79 303.99
96.00 312.77
121.27 284.83
93.87 274.19
106.64 280.57
114.09 270.99
120.48 267.54
139.37 286.69
166.78 280.31
182.74 268.60
194.18 268.07
196.84 280.31
206.69 269.93
214.67 277.38
220.79 271.79
239.95 267.00
213.87 261.42
218.13 252.37
87.48 259.55
94.67 255.83
102.65 253.97
104.78 266.21
95.20 245.98
89.61 237.47
97.59 231.08
115.95 238.00
114.09 229.75
107.17 229.49
129.52 244.92
125.53 249.18
142.03 251.30
145.49 276.05
145.49 266.74
151.61 261.68
152.67 249.44
132.18 240.66
143.36 233.48
147.35 234.27
152.41 230.82
169.70 255.83
179.02 249.44
185.93 248.38
191.26 254.76
197.91 261.68
203.50 253.97
206.69 244.12
226.11 255.83
233.03 243.59
242.34 247.58
253.79 246.25
265.23 244.92
272.41 236.94
268.15 231.88
261.77 237.20
281.46 238.80
285.18 238.80
299.55 244.12
294.76 254.23
305.14 252.90
319.78 243.06
328.56 247.58
337.07 251.30
336.01 244.12
328.56 236.67
328.29 228.69
314.45 229.22
302.48 232.68
293.70 231.88
299.02 233.74
251.92 236.14
244.21 236.14
250.33 228.15
196.58 230.55
317.91 281.11
328.02 276.85
274.41 222.03
280.53 220.70
289.71 222.70
298.75 223.10
297.16 213.39
302.75 209.53
308.20 211.52
317.38 212.06
318.31 221.24
324.03 222.03
340.26 222.43
338.93 215.78
330.15 217.51
356.76 222.97
344.65 224.16
357.56 235.07
351.71 242.26
356.89 241.73
368.07 243.72
362.75 254.50
379.91 249.31
390.69 249.57
383.50 242.12
376.98 236.94
381.91 233.21
388.96 226.69
388.03 213.79
392.28 223.63
375.92 220.04
369.80 217.11
363.41 228.29
324.83 240.79
309.80 244.65
305.94 224.96
281.19 229.22
336.81 236.14
407.58 219.11
423.02 216.98
435.52 214.32
407.45 244.12
418.63 245.85
416.10 235.07
412.91 229.09
402.13 227.89
395.61 228.15
369.93 260.62
365.94 269.00
434.86 222.17
430.87 233.21
436.32 249.71
428.74 243.59
424.75 239.60
420.36 230.95
417.03 223.63
355.70 217.38
398.80 247.98
378.71 223.37
371.26 226.96
436.19 234.94
476.24 286.16
167.71 242.79
175.02 240.00
170.23 232.81
165.58 238.13
186.73 233.48
183.54 221.10
179.28 222.30
174.09 224.83
169.97 219.24
165.18 216.45
169.57 210.73
177.29 215.52
183.41 214.58
200.70 220.17
199.90 226.29
209.22 229.09
210.01 236.27
218.80 234.14
224.25 229.75
241.68 223.23
230.77 221.37
220.79 220.57
209.88 222.70
213.47 214.45
208.15 213.12
199.10 194.49
191.26 191.57
167.04 193.56
161.19 192.10
159.32 204.47
164.25 208.20
163.98 202.48
169.84 206.34
173.96 204.47
176.09 209.00
179.68 210.86
182.87 208.07
187.26 209.79
198.17 209.53
193.25 205.14
190.19 214.05
259.77 216.45
253.39 220.17
249.66 214.98
237.29 214.58
241.28 213.52
230.77 214.05
266.82 222.57
175.82 200.08
183.54 199.68
179.55 199.68
285.98 220.17
290.24 219.64
71.38 228.95
64.73 236.40
71.78 252.63
78.97 229.88
86.55 227.49
83.62 220.97
97.19 220.57
98.26 217.25
103.98 219.64
104.51 214.05
116.62 216.85
110.76 216.31
125.53 215.38
117.82 222.97
125.13 224.83
136.04 227.36
141.76 221.50
136.71 220.97
135.91 211.13
146.82 212.72
152.94 221.50
157.20 217.25
156.40 211.13
154.00 209.79
149.61 200.48
154.00 199.15
145.36 194.76
138.44 195.96
133.51 194.10
138.70 204.07
132.18 209.40
125.40 202.74
124.07 198.62
119.28 196.22
109.03 201.55
83.62 198.49
86.02 204.34
85.88 212.46
80.83 209.26
76.04 207.80
72.98 215.52
77.50 218.18
65.80 215.52
67.39 202.08
73.25 202.34
70.98 197.82
67.13 197.55
68.06 191.04
76.57 192.63
89.34 191.70
93.07 192.23
93.87 187.31
98.12 186.38
97.33 200.22
102.25 206.20
99.32 209.66
95.20 213.12
89.88 210.73
91.87 204.74
96.40 204.61
92.80 201.01
87.08 197.69
85.09 193.83
89.61 195.29
109.43 210.19
105.31 208.07
142.83 208.07
121.94 207.53
119.81 210.19
114.49 207.53
117.82 206.73
113.96 196.62
22.82 296.81
5.93 292.95
6.59 271.93
21.89 275.12
38.79 264.48
47.44 268.07
64.60 272.72
75.91 265.54
78.17 280.44
65.93 291.48
68.06 301.99
78.97 315.83
52.49 305.32
36.53 290.29
3.66 254.76
15.50 252.63
24.29 255.43
37.46 252.24
42.11 249.97
58.34 254.63
49.16 245.98
15.11 232.41
30.80 219.37
7.66 219.37
4.46 245.72
9.78 245.45
12.58 205.27
14.97 210.19
11.91 213.92
14.17 223.37
4.86 235.07
9.52 230.55
6.06 202.34
13.78 198.89
9.25 198.35
1.54 207.67
7.66 209.53
19.90 214.05
24.15 215.12
24.42 210.06
19.63 207.13
25.48 206.87
24.95 200.22
22.29 202.61
25.48 195.43
31.07 200.22
38.52 200.75
42.25 205.27
39.85 207.67
33.20 206.87
35.59 210.33
28.41 210.86
43.84 213.25
47.83 219.37
38.52 220.17
39.05 224.96
41.18 228.69
33.73 231.35
22.56 233.74
31.60 244.12
56.62 233.74
56.62 224.43
56.35 216.45
51.83 213.39
53.42 208.07
54.22 204.61
60.61 207.13
61.54 210.86
58.48 201.95
45.97 200.61
44.51 195.83
59.41 192.50
39.45 195.43
42.11 199.15
46.77 196.36
48.50 199.55
46.64 209.66
41.85 209.26
77.64 198.89
75.51 196.49
63.53 221.50
62.74 214.58
157.99 336.72
38.26 239.33
31.34 237.73
86.68 220.70
90.41 220.17
151.08 192.50
437.43 296.81
