294.96 542.20
396.07 490.04
468.45 452.79
537.63 447.47
523.80 414.48
531.25 392.12
429.07 417.67
309.86 430.44
274.74 475.14
235.36 474.08
119.34 519.85
397.14 368.71
454.61 358.06
491.87 344.23
519.54 343.16
508.90 326.13
424.81 343.16
389.69 343.16
365.21 370.84
327.96 363.39
308.80 402.77
254.52 388.93
264.09 355.94
232.16 350.61
214.07 385.74
169.37 437.89
154.47 402.77
98.06 407.02
44.84 440.02
5.46 345.29
54.42 377.22
23.55 341.03
85.28 358.06
102.31 352.74
77.83 381.48
160.85 365.51
194.91 344.23
158.72 335.71
117.21 330.39
83.16 326.13
54.42 303.78
19.29 303.78
17.17 279.30
255.58 315.49
276.87 311.23
307.73 318.68
373.72 313.36
433.33 314.43
408.85 311.23
397.14 301.65
464.19 300.59
490.80 296.33
516.35 291.01
537.63 283.56
132.12 482.59
129.99 482.59
6.52 268.66
33.13 273.98
73.58 273.98
93.80 300.59
140.63 291.01
175.75 308.04
200.23 306.98
223.65 288.88
265.16 276.11
249.19 276.11
284.32 283.56
306.67 294.20
303.48 278.24
333.28 285.69
351.37 273.98
357.76 292.07
392.88 276.11
436.52 277.17
453.55 273.98
468.45 254.82
482.29 273.98
495.06 273.98
504.64 263.34
497.19 255.89
509.96 249.50
530.18 266.53
513.15 229.28
482.29 238.86
459.94 233.54
446.10 251.63
429.07 256.95
425.88 236.73
435.46 227.15
407.78 229.28
395.01 232.47
412.04 255.89
392.88 251.63
374.79 254.82
373.72 236.73
342.86 239.92
338.60 251.63
342.86 259.08
353.50 236.73
353.50 226.09
354.56 214.38
538.33 222.36
527.96 228.08
523.70 228.75
523.43 219.57
528.36 210.25
539.00 198.28
541.66 186.97
531.02 178.59
531.68 195.49
530.35 190.30
520.37 188.97
368.11 277.44
319.42 246.31
309.04 260.94
289.35 271.32
281.63 258.81
262.47 255.09
225.22 268.66
209.79 269.99
176.00 278.77
201.27 250.83
173.87 240.19
186.64 246.57
194.09 236.99
200.48 233.54
219.37 252.69
246.78 246.31
262.74 234.60
274.18 234.07
276.84 246.31
286.69 235.93
294.67 243.38
300.79 237.79
319.95 233.00
293.87 227.42
298.13 218.37
167.48 225.55
174.67 221.83
182.65 219.97
184.78 232.21
175.20 211.98
169.61 203.47
177.59 197.08
195.95 204.00
194.09 195.75
187.17 195.49
209.52 210.92
205.53 215.18
222.03 217.30
225.49 242.05
225.49 232.74
231.61 227.68
232.67 215.44
212.18 206.66
223.36 199.48
227.35 200.27
232.41 196.82
249.70 221.83
259.02 215.44
265.93 214.38
271.26 220.76
277.91 227.68
283.50 219.97
286.69 210.12
306.11 221.83
313.03 209.59
322.34 213.58
333.79 212.25
345.23 210.92
352.41 202.94
348.15 197.88
341.77 203.20
361.46 204.80
365.18 204.80
379.55 210.12
374.76 220.23
385.14 218.90
399.78 209.06
408.56 213.58
417.07 217.30
416.01 210.12
408.56 202.67
408.29 194.69
394.45 195.22
382.48 198.68
373.70 197.88
379.02 199.74
331.92 202.14
324.21 202.14
330.33 194.15
276.58 196.55
397.91 247.11
408.02 242.85
354.41 188.03
360.53 186.70
369.71 188.70
378.75 189.10
377.16 179.39
382.75 175.53
388.20 177.52
397.38 178.06
398.31 187.24
404.03 188.03
420.26 188.43
418.93 181.78
410.15 183.51
436.76 188.97
424.65 190.16
437.56 201.07
431.71 208.26
436.89 207.73
448.07 209.72
442.75 220.50
459.91 215.31
470.69 215.57
463.50 208.12
456.98 202.94
461.91 199.21
468.96 192.69
468.03 179.79
472.28 189.63
455.92 186.04
449.80 183.11
443.41 194.29
404.83 206.79
389.80 210.65
385.94 190.96
361.19 195.22
416.81 202.14
487.58 185.11
503.02 182.98
515.52 180.32
487.45 210.12
498.63 211.85
496.10 201.07
492.91 195.09
482.13 193.89
475.61 194.15
449.93 226.62
445.94 235.00
514.86 188.17
510.87 199.21
516.32 215.71
508.74 209.59
504.75 205.60
500.36 196.95
497.03 189.63
435.70 183.38
478.80 213.98
458.71 189.37
451.26 192.96
516.19 200.94
247.71 208.79
255.02 206.00
250.23 198.81
245.58 204.13
266.73 199.48
263.54 187.10
259.28 188.30
254.09 190.83
249.97 185.24
245.18 182.45
249.57 176.73
257.29 181.52
263.41 180.58
280.70 186.17
279.90 192.29
289.22 195.09
290.01 202.27
298.80 200.14
304.25 195.75
321.68 189.23
310.77 187.37
300.79 186.57
289.88 188.70
293.47 180.45
288.15 179.12
279.10 160.49
271.26 157.57
247.04 159.56
241.19 158.10
239.32 170.47
244.25 174.20
243.98 168.48
249.84 172.34
253.96 170.47
256.09 175.00
259.68 176.86
262.87 174.07
267.26 175.79
278.17 175.53
273.25 171.14
270.19 180.05
339.77 182.45
333.39 186.17
329.66 180.98
317.29 180.58
321.28 179.52
310.77 180.05
346.82 188.57
255.82 166.08
263.54 165.68
259.55 165.68
365.98 186.17
370.24 185.64
151.38 194.95
144.73 202.40
151.78 218.63
158.97 195.88
166.55 193.49
163.62 186.97
177.19 186.57
178.26 183.25
183.98 185.64
184.51 180.05
196.62 182.85
190.76 182.31
205.53 181.38
197.82 188.97
205.13 190.83
216.04 193.36
221.76 187.50
216.71 186.97
215.91 177.13
226.82 178.72
232.94 187.50
237.20 183.25
236.40 177.13
234.00 175.79
229.61 166.48
234.00 165.15
225.36 160.76
218.44 161.96
213.51 160.10
218.70 170.07
212.18 175.40
205.40 168.74
204.07 164.62
199.28 162.22
189.03 167.55
163.62 164.49
166.02 170.34
165.88 178.46
160.83 175.26
156.04 173.80
152.98 181.52
157.50 184.18
145.80 181.52
147.39 168.08
153.25 168.34
150.98 163.82
147.13 163.55
148.06 157.04
156.57 158.63
169.34 157.70
173.07 158.23
173.87 153.31
178.12 152.38
177.33 166.22
182.25 172.20
179.32 175.66
175.20 179.12
169.88 176.73
171.87 170.74
176.40 170.61
172.80 167.01
167.08 163.69
165.09 159.83
169.61 161.29
189.43 176.19
185.31 174.07
222.83 174.07
201.94 173.53
199.81 176.19
194.49 173.53
197.82 172.73
193.96 162.62
102.82 262.81
85.93 258.95
63.84 253.49
61.45 277.84
75.02 239.26
86.59 237.93
101.89 241.12
118.79 230.48
127.44 234.07
144.60 238.72
155.91 231.54
158.17 246.44
145.93 257.48
148.06 267.99
158.97 281.83
132.49 271.32
116.53 256.29
59.58 228.48
75.68 224.75
83.66 220.76
95.50 218.63
104.29 221.43
65.70 219.70
117.46 218.24
122.11 215.97
138.34 220.63
2.24 242.72
19.14 238.06
34.04 236.46
41.89 230.08
50.67 246.44
40.03 250.30
3.97 204.27
17.67 209.99
16.08 220.10
23.39 219.83
7.70 222.36
32.97 223.82
40.03 217.57
45.21 211.18
53.86 218.24
65.04 212.12
71.42 210.25
55.72 210.79
61.84 205.33
65.70 200.41
70.76 198.68
78.21 192.96
67.43 193.89
78.08 182.18
71.96 184.97
64.11 183.78
60.78 188.83
53.73 191.09
57.06 197.61
45.48 196.68
39.49 200.94
33.11 201.34
28.05 205.33
19.67 200.94
20.87 195.35
28.18 189.90
32.71 186.04
40.16 185.91
50.14 186.17
53.73 181.91
23.66 184.97
6.90 181.78
6.63 187.37
28.58 259.88
129.16 211.98
95.11 198.41
110.80 185.37
87.66 185.37
84.46 211.72
89.78 211.45
2.51 161.96
7.96 170.07
13.42 168.88
6.10 165.28
17.67 175.79
13.28 177.92
17.94 185.77
26.85 178.32
30.58 175.53
28.72 181.38
23.66 173.00
25.26 168.08
21.40 166.75
18.07 166.75
18.87 163.82
23.93 162.89
24.33 158.23
29.52 156.37
23.39 152.25
30.85 152.11
52.13 152.38
49.87 158.90
54.39 155.84
63.44 153.44
72.89 153.18
63.84 157.83
53.33 173.93
44.15 177.66
42.15 169.01
34.97 169.94
40.16 175.79
39.89 179.25
38.56 161.69
30.45 164.75
32.97 160.49
92.58 171.27
94.97 176.19
91.91 179.92
94.17 189.37
84.86 201.07
89.52 196.55
65.84 174.86
61.58 176.73
70.36 176.19
75.02 175.79
71.02 171.14
66.90 169.94
61.05 167.68
77.81 167.55
86.06 168.34
93.78 164.89
89.25 164.35
79.94 155.44
69.56 159.16
69.30 163.29
48.01 164.35
46.15 168.88
52.27 170.47
54.39 162.22
72.75 167.55
81.54 173.67
75.68 171.80
87.66 175.53
99.90 180.05
104.15 181.12
104.42 176.06
99.63 173.13
105.48 172.87
104.95 166.22
102.29 168.61
105.48 161.43
111.07 166.22
118.52 166.75
122.25 171.27
119.85 173.67
113.20 172.87
115.59 176.33
108.41 176.86
123.84 179.25
127.83 185.37
118.52 186.17
119.05 190.96
121.18 194.69
113.73 197.35
102.56 199.74
111.60 210.12
136.62 199.74
136.62 190.43
136.35 182.45
131.83 179.39
133.42 174.07
134.22 170.61
140.61 173.13
141.54 176.86
138.48 167.95
125.97 166.61
124.51 161.83
139.41 158.50
119.45 161.43
122.11 165.15
126.77 162.36
128.50 165.55
126.64 175.66
121.85 175.26
157.64 164.89
155.51 162.49
143.53 187.50
142.74 180.58
237.99 302.72
118.26 205.33
111.34 203.73
166.68 186.70
170.41 186.17
231.08 158.50
517.43 262.81
