1011.30 572.21
980.43 536.02
776.08 615.85
880.38 597.75
852.71 564.76
895.29 550.92
619.62 643.52
492.96 638.20
594.07 586.04
666.45 548.79
735.63 543.47
781.40 571.14
846.33 513.67
926.15 463.64
987.88 451.94
1020.88 449.81
1008.11 416.81
914.44 434.91
811.20 492.38
721.80 510.48
729.25 488.12
627.07 513.67
507.86 526.44
472.74 571.14
433.36 570.08
317.34 615.85
595.14 464.71
652.61 454.06
689.87 440.23
717.54 439.16
779.27 440.23
831.42 426.39
891.03 422.13
909.12 422.13
917.64 407.23
929.34 381.69
913.38 387.01
951.70 373.17
983.63 389.14
1015.56 377.43
1012.36 355.08
978.30 372.11
993.21 358.27
1015.56 347.63
1017.69 340.18
954.89 358.27
962.34 347.63
939.99 349.76
930.41 357.21
887.83 373.17
884.64 387.01
872.93 401.91
860.16 375.30
803.75 392.33
821.85 399.78
764.37 412.55
769.69 394.46
743.08 401.91
800.56 437.03
706.90 422.13
622.81 439.16
587.69 439.16
563.21 466.84
525.96 459.39
506.80 498.77
452.52 484.93
462.09 451.94
430.16 446.61
412.07 481.74
367.37 533.89
352.47 498.77
296.06 503.02
242.84 536.02
186.43 588.17
216.23 660.55
110.86 578.59
144.92 597.75
59.77 528.57
99.15 506.22
65.09 461.51
4.42 439.16
16.13 414.68
97.02 414.68
118.31 446.61
114.05 473.22
152.37 433.84
193.88 478.54
203.46 441.29
252.42 473.22
221.55 437.03
283.28 454.06
300.31 448.74
275.83 477.48
358.85 461.51
392.91 440.23
356.72 431.71
315.21 426.39
281.16 422.13
252.42 399.78
217.29 399.78
140.66 402.98
168.33 392.33
215.17 375.30
128.95 377.43
107.67 389.14
83.19 377.43
61.90 399.78
38.48 402.98
20.39 380.62
39.55 380.62
453.58 411.49
474.87 407.23
505.73 414.68
571.72 409.36
631.33 410.43
606.85 407.23
595.14 397.65
662.19 396.59
688.80 392.33
714.35 387.01
735.63 379.56
756.92 377.43
787.79 373.17
797.37 355.08
330.12 578.59
327.99 578.59
33.16 349.76
47.00 350.82
55.51 374.24
69.35 364.66
118.31 358.27
97.02 366.79
103.41 350.82
89.57 350.82
85.32 340.18
85.32 317.83
68.29 338.05
133.21 362.53
151.30 359.34
157.69 369.98
173.66 364.66
204.52 364.66
231.13 369.98
271.58 369.98
291.80 396.59
338.63 387.01
373.75 404.04
398.23 402.98
421.65 384.88
463.16 372.11
447.19 372.11
482.32 379.56
504.67 390.20
501.48 374.24
531.28 381.69
549.37 369.98
555.76 388.07
590.88 372.11
634.52 373.17
651.55 369.98
666.45 350.82
680.29 369.98
693.06 369.98
702.64 359.34
695.19 351.89
707.96 345.50
728.18 362.53
752.66 355.08
766.50 360.40
780.34 360.40
763.31 334.86
748.41 332.73
711.15 325.28
680.29 334.86
657.94 329.54
644.10 347.63
627.07 352.95
623.88 332.73
633.46 323.15
605.78 325.28
593.01 328.47
610.04 351.89
590.88 347.63
572.79 350.82
571.72 332.73
540.86 335.92
536.60 347.63
540.86 355.08
551.50 332.73
551.50 322.09
552.56 310.38
776.08 334.86
825.04 377.43
822.91 366.79
833.55 357.21
814.39 357.21
822.91 336.99
837.81 336.99
899.54 362.53
877.19 362.53
897.41 335.92
919.77 344.44
921.66 321.55
969.83 334.59
981.80 333.26
999.89 330.87
1008.94 336.99
1016.39 319.69
1016.12 306.12
1017.72 298.40
1004.15 299.47
999.63 308.78
983.66 313.57
968.50 322.88
961.04 317.83
954.92 307.98
966.63 303.19
975.15 307.18
988.98 297.61
1003.88 290.42
995.37 296.01
984.99 286.70
975.41 285.37
964.77 289.89
952.26 291.22
948.54 279.78
943.22 287.76
938.43 290.42
926.19 290.42
916.34 293.61
925.12 299.73
924.32 308.78
909.16 316.23
948.80 335.12
943.75 319.69
941.62 306.65
950.67 300.00
1002.82 322.09
855.67 343.37
873.50 339.38
882.55 334.59
899.58 321.02
884.68 317.83
899.05 311.44
907.83 290.69
895.32 302.93
889.20 306.92
875.63 312.24
873.77 323.95
858.60 332.73
849.29 329.00
854.61 314.37
844.23 318.89
847.96 307.72
839.18 314.90
809.64 330.87
800.86 334.59
788.62 339.11
789.15 331.66
772.65 327.67
825.61 388.87
907.56 401.65
805.65 319.69
819.22 315.70
826.67 309.58
831.73 302.93
843.17 299.47
835.45 297.61
840.77 287.76
845.56 286.43
844.50 281.11
841.04 276.05
813.37 269.93
812.83 282.70
811.50 287.23
817.62 294.41
826.14 295.21
830.93 287.76
819.22 305.59
810.17 308.78
794.74 316.23
784.89 310.11
776.65 305.59
785.43 300.27
802.99 297.07
808.31 300.00
796.87 294.41
798.47 288.82
793.68 275.52
787.82 280.58
783.03 281.37
772.92 280.84
773.99 287.76
779.31 285.90
782.50 291.49
779.04 296.54
769.73 302.66
768.93 290.69
876.70 300.27
861.53 305.59
867.65 302.13
870.04 293.88
861.26 291.49
861.79 284.03
850.62 295.48
888.14 295.48
892.13 287.76
886.27 278.98
901.18 286.43
908.36 280.31
758.29 317.03
765.47 315.30
744.98 319.03
736.33 318.36
725.96 324.08
721.70 324.75
721.43 315.57
726.36 306.25
737.00 294.28
746.31 303.19
753.10 295.34
760.02 298.54
766.93 281.64
756.69 286.03
749.37 289.22
739.66 282.97
729.02 274.59
729.68 291.49
728.35 286.30
718.37 284.97
958.08 483.87
566.11 373.44
517.42 342.31
507.04 356.94
487.35 367.32
479.63 354.81
460.47 351.09
423.22 364.66
407.79 365.99
374.00 374.77
399.27 346.83
371.87 336.19
384.64 342.57
392.09 332.99
398.48 329.54
417.37 348.69
444.78 342.31
460.74 330.60
472.18 330.07
474.84 342.31
484.69 331.93
492.67 339.38
498.79 333.79
517.95 329.00
491.87 323.42
496.13 314.37
365.48 321.55
372.67 317.83
380.65 315.97
382.78 328.21
373.20 307.98
367.61 299.47
375.59 293.08
393.95 300.00
392.09 291.75
385.17 291.49
407.52 306.92
403.53 311.18
420.03 313.30
423.49 338.05
423.49 328.74
429.61 323.68
430.67 311.44
410.18 302.66
421.36 295.48
425.35 296.27
430.41 292.82
447.70 317.83
457.02 311.44
463.93 310.38
469.26 316.76
475.91 323.68
481.50 315.97
484.69 306.12
504.11 317.83
511.03 305.59
520.34 309.58
531.79 308.25
543.23 306.92
550.41 298.94
546.15 293.88
539.77 299.20
559.46 300.80
563.18 300.80
577.55 306.12
572.76 316.23
583.14 314.90
597.78 305.06
606.56 309.58
615.07 313.30
614.01 306.12
606.56 298.67
606.29 290.69
592.45 291.22
580.48 294.68
571.70 293.88
577.02 295.74
529.92 298.14
522.21 298.14
528.33 290.15
474.58 292.55
595.91 343.11
606.02 338.85
552.41 284.03
558.53 282.70
567.71 284.70
576.75 285.10
575.16 275.39
580.75 271.53
586.20 273.52
595.38 274.06
596.31 283.24
602.03 284.03
618.26 284.43
616.93 277.78
608.15 279.51
634.76 284.97
622.65 286.16
635.56 297.07
629.71 304.26
634.89 303.73
646.07 305.72
640.75 316.50
657.91 311.31
668.69 311.57
661.50 304.12
654.98 298.94
659.91 295.21
666.96 288.69
666.03 275.79
670.28 285.63
653.92 282.04
647.80 279.11
641.41 290.29
602.83 302.79
587.80 306.65
583.94 286.96
559.19 291.22
614.81 298.14
685.58 281.11
701.02 278.98
713.52 276.32
685.45 306.12
696.63 307.85
694.10 297.07
690.91 291.09
680.13 289.89
673.61 290.15
647.93 322.62
643.94 331.00
712.86 284.17
708.87 295.21
714.32 311.71
706.74 305.59
702.75 301.60
698.36 292.95
695.03 285.63
633.70 279.38
676.80 309.98
656.71 285.37
649.26 288.96
714.19 296.94
754.24 348.16
445.71 304.79
453.02 302.00
448.23 294.81
443.58 300.13
464.73 295.48
461.54 283.10
457.28 284.30
452.09 286.83
447.97 281.24
443.18 278.45
447.57 272.73
455.29 277.52
461.41 276.58
478.70 282.17
477.90 288.29
487.22 291.09
488.01 298.27
496.80 296.14
502.25 291.75
519.68 285.23
508.77 283.37
498.79 282.57
487.88 284.70
491.47 276.45
486.15 275.12
477.10 256.49
469.26 253.57
445.04 255.56
439.19 254.10
437.32 266.47
442.25 270.20
441.98 264.48
447.84 268.34
451.96 266.47
454.09 271.00
457.68 272.86
460.87 270.07
465.26 271.79
476.17 271.53
471.25 267.14
468.19 276.05
537.77 278.45
531.39 282.17
527.66 276.98
515.29 276.58
519.28 275.52
508.77 276.05
544.82 284.57
453.82 262.08
461.54 261.68
457.55 261.68
563.98 282.17
568.24 281.64
349.38 290.95
342.73 298.40
349.78 314.63
356.97 291.88
364.55 289.49
361.62 282.97
375.19 282.57
376.26 279.25
381.98 281.64
382.51 276.05
394.62 278.85
388.76 278.31
403.53 277.38
395.82 284.97
403.13 286.83
414.04 289.36
419.76 283.50
414.71 282.97
413.91 273.13
424.82 274.72
430.94 283.50
435.20 279.25
434.40 273.13
432.00 271.79
427.61 262.48
432.00 261.15
423.36 256.76
416.44 257.96
411.51 256.10
416.70 266.07
410.18 271.40
403.40 264.74
402.07 260.62
397.28 258.22
387.03 263.55
361.62 260.49
364.02 266.34
363.88 274.46
358.83 271.26
354.04 269.80
350.98 277.52
355.50 280.18
343.80 277.52
345.39 264.08
351.25 264.34
348.98 259.82
345.13 259.55
346.06 253.04
354.57 254.63
367.34 253.70
371.07 254.23
371.87 249.31
376.12 248.38
375.33 262.22
380.25 268.20
377.32 271.66
373.20 275.12
367.88 272.73
369.87 266.74
374.40 266.61
370.80 263.01
365.08 259.69
363.09 255.83
367.61 257.29
387.43 272.19
383.31 270.07
420.83 270.07
399.94 269.53
397.81 272.19
392.49 269.53
395.82 268.73
391.96 258.62
300.82 358.81
283.93 354.95
261.84 349.49
259.45 373.84
273.02 335.26
284.59 333.93
299.89 337.12
316.79 326.48
325.44 330.07
342.60 334.72
353.91 327.54
356.17 342.44
343.93 353.48
346.06 363.99
356.97 377.83
330.49 367.32
314.53 352.29
257.58 324.48
273.68 320.75
281.66 316.76
293.50 314.63
302.29 317.43
263.70 315.70
315.46 314.24
320.11 311.97
336.34 316.63
187.60 345.37
200.24 338.72
217.14 334.06
232.04 332.46
239.89 326.08
248.67 342.44
238.03 346.30
158.73 330.73
170.44 335.26
189.73 335.66
184.14 330.07
183.08 319.16
174.43 321.42
165.65 312.24
160.06 302.00
170.44 299.33
180.82 301.73
193.19 305.85
201.97 300.27
215.67 305.99
214.08 316.10
221.39 315.83
205.70 318.36
230.97 319.82
238.03 313.57
243.21 307.18
251.86 314.24
263.04 308.12
269.42 306.25
253.72 306.79
259.84 301.33
263.70 296.41
268.76 294.68
276.21 288.96
265.43 289.89
276.08 278.18
269.96 280.97
262.11 279.78
258.78 284.83
251.73 287.09
255.06 293.61
243.48 292.68
237.49 296.94
231.11 297.34
226.05 301.33
217.67 296.94
218.87 291.35
226.18 285.90
230.71 282.04
238.16 281.91
248.14 282.17
251.73 277.91
221.66 280.97
204.90 277.78
204.63 283.37
190.93 291.09
184.28 280.71
160.86 279.38
186.14 294.55
135.85 343.64
151.81 343.64
226.58 355.88
327.16 307.98
293.11 294.41
308.80 281.37
285.66 281.37
282.46 307.72
287.78 307.45
119.88 335.66
146.76 314.37
136.65 313.30
116.69 317.56
116.42 304.79
122.54 305.59
122.28 295.48
133.72 298.14
139.04 305.59
143.30 298.67
150.22 295.74
150.22 288.82
155.80 311.97
152.35 305.85
148.35 277.12
137.71 281.37
126.00 284.03
115.09 277.91
102.32 280.04
110.04 271.26
101.26 269.67
103.12 258.49
107.64 259.82
114.03 266.47
124.67 269.40
126.53 261.15
136.91 257.43
147.29 263.28
139.31 264.61
140.90 270.46
134.25 272.86
155.01 271.00
164.32 256.63
165.65 252.37
173.37 252.90
177.89 256.36
176.03 262.22
172.30 260.35
194.12 252.64
186.94 252.64
200.51 257.96
193.59 259.82
192.26 264.61
190.66 267.54
185.61 270.20
183.21 268.60
170.17 267.27
169.91 275.79
157.40 264.61
187.73 270.07
205.96 266.07
211.42 264.88
204.10 261.28
215.67 271.79
211.28 273.92
215.94 281.77
224.85 274.32
228.58 271.53
226.72 277.38
221.66 269.00
223.26 264.08
219.40 262.75
216.07 262.75
216.87 259.82
221.93 258.89
222.33 254.23
227.52 252.37
221.39 248.25
228.85 248.11
250.13 248.38
247.87 254.90
252.39 251.84
261.44 249.44
270.89 249.18
261.84 253.83
251.33 269.93
242.15 273.66
240.15 265.01
232.97 265.94
238.16 271.79
237.89 275.25
236.56 257.69
228.45 260.75
230.97 256.49
290.58 267.27
292.97 272.19
289.91 275.92
292.17 285.37
282.86 297.07
287.52 292.55
263.84 270.86
259.58 272.73
268.36 272.19
273.02 271.79
269.02 267.14
264.90 265.94
259.05 263.68
275.81 263.55
284.06 264.34
291.78 260.89
287.25 260.35
277.94 251.44
267.56 255.16
267.30 259.29
246.01 260.35
244.15 264.88
250.27 266.47
252.39 258.22
270.75 263.55
279.54 269.67
273.68 267.80
285.66 271.53
297.90 276.05
302.15 277.12
302.42 272.06
297.63 269.13
303.48 268.87
302.95 262.22
300.29 264.61
303.48 257.43
309.07 262.22
316.52 262.75
320.25 267.27
317.85 269.67
311.20 268.87
313.59 272.33
306.41 272.86
321.84 275.25
325.83 281.37
316.52 282.17
317.05 286.96
319.18 290.69
311.73 293.35
300.56 295.74
309.60 306.12
334.62 295.74
334.62 286.43
334.35 278.45
329.83 275.39
331.42 270.07
332.22 266.61
338.61 269.13
339.54 272.86
336.48 263.95
323.97 262.61
322.51 257.83
337.41 254.50
317.45 257.43
320.11 261.15
324.77 258.36
326.50 261.55
324.64 271.66
319.85 271.26
355.64 260.89
353.51 258.49
341.53 283.50
340.74 276.58
72.52 480.14
63.47 302.93
68.26 278.45
85.29 286.43
65.60 270.46
435.99 398.72
316.26 301.33
309.34 299.73
364.68 282.70
368.41 282.17
429.08 254.50
715.43 358.81
921.89 672.26
