432.07 541.04
504.45 503.79
465.07 468.67
345.86 481.44
310.74 526.14
271.36 525.08
433.14 419.71
490.61 409.06
527.87 395.23
460.81 394.16
425.69 394.16
401.21 421.84
363.96 414.39
344.80 453.77
290.52 439.93
300.09 406.94
268.16 401.61
250.07 436.74
205.37 488.89
190.47 453.77
134.06 458.02
80.84 491.02
24.43 543.17
31.88 433.54
41.46 396.29
90.42 428.22
59.55 392.03
121.28 409.06
138.31 403.74
113.83 432.48
196.85 416.51
230.91 395.23
194.72 386.71
153.21 381.39
119.16 377.13
90.42 354.78
55.29 354.78
6.33 347.33
53.17 330.30
291.58 366.49
312.87 362.23
343.73 369.68
409.72 364.36
469.33 365.43
444.85 362.23
433.14 352.65
500.19 351.59
526.80 347.33
168.12 533.59
165.99 533.59
11.66 319.66
42.52 319.66
69.13 324.98
109.58 324.98
129.80 351.59
176.63 342.01
211.75 359.04
236.23 357.98
259.65 339.88
301.16 327.11
285.19 327.11
320.32 334.56
342.67 345.20
339.48 329.24
369.28 336.69
387.37 324.98
393.76 343.07
428.88 327.11
472.52 328.17
489.55 324.98
504.45 305.82
518.29 324.98
531.06 324.98
540.64 314.34
533.19 306.89
518.29 289.86
495.94 284.54
482.10 302.63
465.07 307.95
461.88 287.73
471.46 278.15
443.78 280.28
431.01 283.47
448.04 306.89
428.88 302.63
410.79 305.82
409.72 287.73
378.86 290.92
374.60 302.63
378.86 310.08
389.50 287.73
389.50 277.09
390.56 265.38
404.11 328.44
355.42 297.31
345.04 311.94
325.35 322.32
317.63 309.81
298.47 306.09
261.22 319.66
245.79 320.99
212.00 329.77
237.27 301.83
209.87 291.19
222.64 297.57
230.09 287.99
236.48 284.54
255.37 303.69
282.78 297.31
298.74 285.60
310.18 285.07
312.84 297.31
322.69 286.93
330.67 294.38
336.79 288.79
355.95 284.00
329.87 278.42
334.13 269.37
203.48 276.55
210.67 272.83
218.65 270.97
220.78 283.21
211.20 262.98
205.61 254.47
213.59 248.08
231.95 255.00
230.09 246.75
223.17 246.49
245.52 261.92
241.53 266.18
258.03 268.30
261.49 293.05
261.49 283.74
267.61 278.68
268.67 266.44
248.18 257.66
259.36 250.48
263.35 251.27
268.41 247.82
285.70 272.83
295.02 266.44
301.93 265.38
307.26 271.76
313.91 278.68
319.50 270.97
322.69 261.12
342.11 272.83
349.03 260.59
358.34 264.58
369.79 263.25
381.23 261.92
388.41 253.94
384.15 248.88
377.77 254.20
397.46 255.80
401.18 255.80
415.55 261.12
410.76 271.23
421.14 269.90
435.78 260.06
444.56 264.58
453.07 268.30
452.01 261.12
444.56 253.67
444.29 245.69
430.45 246.22
418.48 249.68
409.70 248.88
415.02 250.74
367.92 253.14
360.21 253.14
366.33 245.15
312.58 247.55
433.91 298.11
444.02 293.85
390.41 239.03
396.53 237.70
405.71 239.70
414.75 240.10
413.16 230.39
418.75 226.53
424.20 228.52
433.38 229.06
434.31 238.24
440.03 239.03
456.26 239.43
454.93 232.78
446.15 234.51
472.76 239.97
460.65 241.16
473.56 252.07
467.71 259.26
472.89 258.73
484.07 260.72
478.75 271.50
495.91 266.31
506.69 266.57
499.50 259.12
492.98 253.94
497.91 250.21
504.96 243.69
504.03 230.79
508.28 240.63
491.92 237.04
485.80 234.11
479.41 245.29
440.83 257.79
425.80 261.65
421.94 241.96
397.19 246.22
452.81 253.14
523.58 236.11
539.02 233.98
523.45 261.12
534.63 262.85
532.10 252.07
528.91 246.09
518.13 244.89
511.61 245.15
485.93 277.62
481.94 286.00
540.75 256.60
536.36 247.95
533.03 240.63
471.70 234.38
514.80 264.98
494.71 240.37
487.26 243.96
283.71 259.79
291.02 257.00
286.23 249.81
281.58 255.13
302.73 250.48
299.54 238.10
295.28 239.30
290.09 241.83
285.97 236.24
281.18 233.45
285.57 227.73
293.29 232.52
299.41 231.58
316.70 237.17
315.90 243.29
325.22 246.09
326.01 253.27
334.80 251.14
340.25 246.75
357.68 240.23
346.77 238.37
336.79 237.57
325.88 239.70
329.47 231.45
324.15 230.12
315.10 211.49
307.26 208.57
283.04 210.56
277.19 209.10
275.32 221.47
280.25 225.20
279.98 219.48
285.84 223.34
289.96 221.47
292.09 226.00
295.68 227.86
298.87 225.07
303.26 226.79
314.17 226.53
309.25 222.14
306.19 231.05
375.77 233.45
369.39 237.17
365.66 231.98
353.29 231.58
357.28 230.52
346.77 231.05
382.82 239.57
291.82 217.08
299.54 216.68
295.55 216.68
401.98 237.17
406.24 236.64
187.38 245.95
180.73 253.40
187.78 269.63
194.97 246.88
202.55 244.49
199.62 237.97
213.19 237.57
214.26 234.25
219.98 236.64
220.51 231.05
232.62 233.85
226.76 233.31
241.53 232.38
233.82 239.97
241.13 241.83
252.04 244.36
257.76 238.50
252.71 237.97
251.91 228.13
262.82 229.72
268.94 238.50
273.20 234.25
272.40 228.13
270.00 226.79
265.61 217.48
270.00 216.15
261.36 211.76
254.44 212.96
249.51 211.10
254.70 221.07
248.18 226.40
241.40 219.74
240.07 215.62
235.28 213.22
225.03 218.55
199.62 215.49
202.02 221.34
201.88 229.46
196.83 226.26
192.04 224.80
188.98 232.52
193.50 235.18
181.80 232.52
183.39 219.08
189.25 219.34
186.98 214.82
183.13 214.55
184.06 208.04
192.57 209.63
205.34 208.70
209.07 209.23
209.87 204.31
214.12 203.38
213.33 217.22
218.25 223.20
215.32 226.66
211.20 230.12
205.88 227.73
207.87 221.74
212.40 221.61
208.80 218.01
203.08 214.69
201.09 210.83
205.61 212.29
225.43 227.19
221.31 225.07
258.83 225.07
237.94 224.53
235.81 227.19
230.49 224.53
233.82 223.73
229.96 213.62
138.82 313.81
121.93 309.95
99.84 304.49
97.45 328.84
111.02 290.26
122.59 288.93
137.89 292.12
154.79 281.48
163.44 285.07
180.60 289.72
191.91 282.54
194.17 297.44
181.93 308.48
184.06 318.99
194.97 332.83
168.49 322.32
152.53 307.29
95.58 279.48
111.68 275.75
119.66 271.76
131.50 269.63
140.29 272.43
101.70 270.70
153.46 269.24
158.11 266.97
174.34 271.63
25.60 300.37
38.24 293.72
55.14 289.06
70.04 287.46
77.89 281.08
86.67 297.44
76.03 301.30
8.44 290.26
27.73 290.66
22.14 285.07
21.08 274.16
12.43 276.42
3.65 267.24
8.44 254.33
18.82 256.73
31.19 260.85
39.97 255.27
53.67 260.99
52.08 271.10
59.39 270.83
43.70 273.36
68.97 274.82
76.03 268.57
81.21 262.18
89.86 269.24
101.04 263.12
107.42 261.25
91.72 261.79
97.84 256.33
101.70 251.41
106.76 249.68
114.21 243.96
103.43 244.89
114.08 233.18
107.96 235.97
100.11 234.78
96.78 239.83
89.73 242.09
93.06 248.61
81.48 247.68
75.49 251.94
69.11 252.34
64.05 256.33
55.67 251.94
56.87 246.35
64.18 240.90
68.71 237.04
76.16 236.91
86.14 237.17
89.73 232.91
59.66 235.97
42.90 232.78
42.63 238.37
28.93 246.09
22.28 235.71
24.14 249.55
64.58 310.88
165.16 262.98
131.11 249.41
146.80 236.37
123.66 236.37
120.46 262.72
125.78 262.45
2.32 211.63
3.65 207.37
11.37 207.90
15.89 211.36
14.03 217.22
10.30 215.35
32.12 207.64
24.94 207.64
38.51 212.96
31.59 214.82
30.26 219.61
28.66 222.54
23.61 225.20
21.21 223.60
8.17 222.27
7.91 230.79
25.73 225.07
43.96 221.07
49.42 219.88
42.10 216.28
53.67 226.79
49.28 228.92
53.94 236.77
62.85 229.32
66.58 226.53
64.72 232.38
59.66 224.00
61.26 219.08
57.40 217.75
54.07 217.75
54.87 214.82
59.93 213.89
60.33 209.23
65.52 207.37
59.39 203.25
66.85 203.11
88.13 203.38
85.87 209.90
90.39 206.84
99.44 204.44
108.89 204.18
99.84 208.83
89.33 224.93
80.15 228.66
78.15 220.01
70.97 220.94
76.16 226.79
75.89 230.25
74.56 212.69
66.45 215.75
68.97 211.49
128.58 222.27
130.97 227.19
127.91 230.92
130.17 240.37
120.86 252.07
125.52 247.55
101.84 225.86
97.58 227.73
106.36 227.19
111.02 226.79
107.02 222.14
102.90 220.94
97.05 218.68
113.81 218.55
122.06 219.34
129.78 215.89
125.25 215.35
115.94 206.44
105.56 210.16
105.30 214.29
84.01 215.35
82.15 219.88
88.27 221.47
90.39 213.22
108.75 218.55
117.54 224.67
111.68 222.80
123.66 226.53
135.90 231.05
140.15 232.12
140.42 227.06
135.63 224.13
141.48 223.87
140.95 217.22
138.29 219.61
141.48 212.43
147.07 217.22
154.52 217.75
158.25 222.27
155.85 224.67
149.20 223.87
151.59 227.33
144.41 227.86
159.84 230.25
163.83 236.37
154.52 237.17
155.05 241.96
157.18 245.69
149.73 248.35
138.56 250.74
147.60 261.12
172.62 250.74
172.62 241.43
172.35 233.45
167.83 230.39
169.42 225.07
170.22 221.61
176.61 224.13
177.54 227.86
174.48 218.95
161.97 217.61
160.51 212.83
175.41 209.50
155.45 212.43
158.11 216.15
162.77 213.36
164.50 216.55
162.64 226.66
157.85 226.26
193.64 215.89
191.51 213.49
179.53 238.50
178.74 231.58
273.99 353.72
154.26 256.33
147.34 254.73
202.68 237.70
206.41 237.17
267.08 209.50
