455.61 346.23
499.31 344.61
512.80 317.64
489.60 285.27
506.86 276.64
512.80 236.18
519.81 223.77
498.23 237.80
507.40 225.39
478.27 251.82
454.53 265.31
468.56 263.15
486.36 269.08
475.57 284.19
463.71 289.04
532.76 291.20
441.05 283.11
406.52 319.25
463.17 315.48
396.27 339.21
368.22 330.58
352.58 302.53
358.51 289.04
386.02 289.04
403.83 293.90
420.55 246.43
436.73 260.45
430.26 232.40
449.14 243.73
471.80 231.32
485.82 218.37
458.85 214.06
476.65 209.74
519.27 185.47
529.52 178.45
538.15 177.92
523.59 164.43
530.60 163.35
527.90 137.46
518.19 127.75
154.06 60.85
191.82 53.84
61.27 334.90
64.50 311.70
22.43 321.41
38.61 293.36
21.35 283.11
12.18 275.56
47.78 271.78
64.50 293.36
80.69 283.65
109.28 303.07
136.79 309.54
130.32 286.89
158.91 316.56
154.59 287.43
172.94 279.33
183.73 318.17
190.74 303.07
209.62 310.08
237.67 287.97
251.16 315.48
256.55 298.21
279.75 280.41
314.81 329.50
298.63 252.90
340.17 250.20
352.58 303.07
339.09 285.81
366.60 258.83
383.33 247.51
393.04 225.93
401.13 239.95
412.46 231.32
415.15 213.52
424.86 216.22
442.67 221.07
456.15 201.11
443.75 201.11
451.84 187.63
457.77 182.23
465.86 177.92
475.57 175.22
455.61 157.96
435.65 175.22
454.53 148.24
467.48 140.69
402.21 156.34
404.90 172.52
393.58 175.22
400.59 197.34
418.93 201.11
428.10 191.94
395.73 207.59
387.10 195.18
376.31 210.28
380.63 193.02
380.09 222.69
377.93 232.94
342.33 209.74
348.80 231.32
337.47 239.95
353.66 250.20
356.89 217.30
323.45 216.22
240.37 270.16
264.64 258.83
275.97 255.06
289.46 228.62
295.39 246.43
291.62 216.22
303.49 210.28
307.80 200.57
299.17 191.40
271.12 197.34
277.05 211.36
260.87 216.22
251.16 199.49
241.45 209.74
255.47 229.16
244.15 231.32
232.82 237.26
227.96 251.82
217.71 246.43
213.94 238.87
202.61 239.95
203.69 270.16
185.34 257.76
159.99 265.31
173.48 250.20
162.15 233.48
154.59 234.02
141.11 257.76
117.91 251.28
109.28 266.93
97.95 275.56
80.69 251.28
63.97 264.23
33.22 259.37
7.32 253.98
24.58 244.81
34.83 244.27
48.86 246.43
56.41 236.18
42.39 223.77
69.90 237.80
74.75 228.62
121.69 237.80
99.03 244.81
130.32 227.55
130.32 217.84
126.54 206.51
100.65 207.05
114.14 214.06
89.32 206.51
59.11 201.65
62.89 195.72
44.54 178.99
41.85 194.10
33.76 189.24
15.95 198.95
35.37 203.27
9.48 213.52
12.18 189.78
8.94 173.06
3.01 163.89
12.18 149.86
32.68 138.53
31.06 123.43
135.71 134.76
142.73 121.27
127.62 118.57
106.04 121.81
116.29 134.22
124.92 132.60
156.75 165.51
137.33 153.64
164.84 143.93
174.55 165.51
192.90 162.81
198.29 145.01
212.86 164.97
218.79 156.88
231.74 148.78
234.97 178.45
251.70 191.94
218.79 201.11
218.25 193.56
214.48 180.07
186.96 178.45
187.50 191.40
200.45 188.16
206.92 201.65
185.88 210.28
191.28 232.40
196.67 216.22
218.79 223.77
293.78 170.36
307.80 176.30
319.13 171.44
333.16 182.23
329.92 168.74
353.66 175.22
359.59 178.45
366.60 164.97
350.96 156.88
384.94 156.88
394.12 149.32
367.68 134.76
362.83 143.93
374.69 127.75
362.83 125.05
340.17 133.14
348.26 132.60
348.26 142.31
326.14 149.32
334.24 143.93
329.38 127.75
332.62 115.88
347.18 118.57
316.97 126.67
309.96 133.14
319.13 121.81
312.12 125.59
300.25 123.97
259.25 120.19
280.29 140.15
292.70 134.22
305.64 156.34
265.72 155.80
315.89 149.86
340.17 160.65
341.25 147.71
180.49 148.78
167.00 180.07
176.17 174.68
140.57 188.16
145.42 182.23
135.17 177.92
147.04 176.30
144.35 198.95
150.28 195.18
159.99 203.27
166.46 193.56
115.75 176.30
103.35 180.07
95.25 189.78
104.43 196.80
118.45 187.63
79.07 191.94
68.28 193.56
371.46 206.51
420.55 157.96
429.72 153.64
448.06 140.15
443.75 130.98
455.61 102.39
454.53 96.46
461.55 92.68
466.40 89.98
462.09 105.09
472.88 106.17
486.90 101.31
494.99 101.31
402.21 126.13
414.08 126.13
407.60 110.48
414.61 100.23
364.98 102.39
416.23 87.29
428.10 89.98
427.56 99.15
436.73 87.29
419.47 64.63
428.64 62.47
428.64 57.08
422.71 54.92
420.01 41.97
415.15 41.97
420.55 39.81
423.79 39.81
412.46 68.40
420.01 74.88
389.80 78.11
385.48 79.73
381.71 80.27
376.31 80.27
373.08 78.11
368.76 78.65
363.91 78.65
382.79 68.40
333.16 76.50
328.30 79.73
320.21 85.67
329.92 85.13
313.74 91.06
294.32 73.80
283.53 101.08
270.85 89.48
266.53 84.89
262.49 85.70
255.74 84.89
238.21 91.37
219.87 94.33
248.73 94.87
320.21 138.80
320.21 78.92
312.66 83.78
236.05 96.19
226.88 94.57
271.12 172.79
288.92 186.28
409.22 140.96
410.30 148.51
415.15 147.98
429.18 138.26
431.34 130.17
495.53 254.25
514.95 252.09
534.91 243.46
65.58 224.04
77.99 210.55
51.56 223.50
41.85 213.25
322.77 232.06
302.68 231.79
321.56 253.51
320.75 287.49
283.26 317.37
296.74 301.18
405.98 260.99
254.80 172.32
261.41 161.39
242.12 156.81
275.57 124.17
253.32 126.87
274.22 153.74
292.29 112.20
300.92 138.37
294.45 153.88
295.26 94.53
319.53 96.15
307.94 96.83
355.27 82.53
349.21 81.86
348.94 70.26
338.15 75.65
343.00 73.50
289.46 75.79
402.34 69.05
387.37 85.90
398.57 85.90
407.47 85.23
383.06 98.99
377.93 101.55
401.94 103.71
448.33 108.70
441.18 123.13
419.60 126.90
433.23 99.39
