16.39 273.23
17.47 192.31
3.44 190.15
8.29 216.04
30.95 210.11
65.48 246.25
8.83 242.48
75.73 266.21
103.78 257.58
119.42 229.53
113.49 216.04
85.98 216.04
68.17 220.90
51.45 173.43
35.27 187.45
41.74 159.40
22.86 170.73
0.20 158.32
13.15 141.06
313.09 243.56
317.41 214.43
299.06 206.33
288.27 245.17
281.26 230.07
262.38 237.08
234.33 214.97
220.84 242.48
215.45 225.21
192.25 207.41
157.19 256.50
173.37 179.90
131.83 177.20
119.42 230.07
132.91 212.81
105.40 185.83
88.67 174.51
78.96 152.93
70.87 166.95
59.54 158.32
56.85 140.52
47.14 143.22
29.33 148.07
15.85 128.11
28.25 128.11
20.16 114.63
14.23 109.23
6.14 104.92
16.39 84.96
36.35 102.22
17.47 75.24
4.52 67.69
69.79 83.34
67.10 99.52
78.42 102.22
71.41 124.34
53.07 128.11
43.90 118.94
76.27 134.59
84.90 122.18
95.69 137.28
91.37 120.02
91.91 149.69
94.07 159.94
129.67 136.74
123.20 158.32
134.53 166.95
118.34 177.20
115.11 144.30
148.55 143.22
231.63 197.16
207.36 185.83
196.03 182.06
182.54 155.62
176.61 173.43
180.38 143.22
168.51 137.28
164.20 127.57
172.83 118.40
200.88 124.34
194.95 138.36
211.13 143.22
220.84 126.49
230.55 136.74
216.53 156.16
227.85 158.32
239.18 164.26
244.04 178.82
254.29 173.43
258.06 165.87
269.39 166.95
268.31 197.16
286.66 184.76
312.01 192.31
298.52 177.20
309.85 160.48
317.41 161.02
315.25 92.51
307.16 70.93
297.45 92.51
279.10 89.81
273.71 72.01
259.14 91.97
253.21 83.88
240.26 75.78
237.03 105.45
220.30 118.94
253.21 128.11
253.75 120.56
257.52 107.07
285.04 105.45
284.50 118.40
271.55 115.16
265.08 128.65
286.12 137.28
280.72 159.40
275.33 143.22
253.21 150.77
178.22 97.36
164.20 103.30
152.87 98.44
138.84 109.23
142.08 95.74
118.34 102.22
112.41 105.45
105.40 91.97
121.04 83.88
87.06 83.88
77.88 76.32
104.32 61.76
109.17 70.93
97.31 54.75
109.17 52.05
131.83 60.14
123.74 59.60
123.74 69.31
145.86 76.32
137.76 70.93
142.62 54.75
139.38 42.88
124.82 45.57
155.03 53.67
162.04 60.14
152.87 48.81
159.88 52.59
171.75 50.97
212.75 47.19
191.71 67.15
179.30 61.22
166.36 83.34
206.28 82.80
156.11 76.86
131.83 87.65
130.75 74.71
291.51 75.78
305.00 107.07
295.83 101.68
321.72 122.18
312.01 130.27
305.54 120.56
100.54 133.51
51.45 84.96
42.28 80.64
23.94 67.15
28.25 57.98
16.39 29.39
17.47 23.46
10.45 19.68
5.60 16.98
9.91 32.09
69.79 53.13
57.92 53.13
64.40 37.48
57.39 27.23
107.02 29.39
55.77 14.29
43.90 16.98
44.44 26.15
35.27 14.29
51.99 1.88
82.20 5.11
86.52 6.73
90.29 7.27
95.69 7.27
98.92 5.11
103.24 5.65
108.09 5.65
138.84 3.50
143.70 6.73
151.79 12.67
142.08 12.13
158.26 18.06
177.68 0.80
188.47 28.08
201.15 16.48
205.47 11.89
209.51 12.70
216.26 11.89
233.79 18.37
252.13 21.33
223.27 21.87
151.79 65.80
151.79 5.92
159.34 10.78
235.95 23.19
245.12 21.57
200.88 99.79
183.08 113.28
62.78 67.96
61.70 75.51
56.85 74.98
42.82 65.26
40.66 57.17
149.23 159.06
169.32 158.79
150.44 180.51
151.25 214.49
188.74 244.37
175.26 228.18
66.02 187.99
217.20 99.32
210.59 88.39
229.88 83.81
196.43 51.17
218.68 53.87
197.78 80.74
179.71 39.20
171.08 65.37
177.55 80.88
176.74 21.53
152.47 23.15
164.06 23.83
116.73 9.53
122.79 8.86
133.85 2.65
129.00 0.50
182.54 2.79
84.63 12.90
73.43 12.90
64.53 12.23
88.94 25.99
94.07 28.55
70.06 30.71
23.67 35.70
30.82 50.13
52.40 53.90
38.77 26.39
