179.94 53.85
142.18 46.84
269.50 304.70
311.57 314.41
295.39 286.36
312.65 276.11
321.82 268.56
286.22 264.78
269.50 286.36
253.31 276.65
224.72 296.07
197.21 302.54
203.68 279.89
175.09 309.56
179.41 280.43
161.06 272.33
150.27 311.17
143.26 296.07
124.38 303.08
96.33 280.97
82.84 308.48
77.45 291.21
54.25 273.41
19.19 322.50
35.37 245.90
10.55 209.22
93.63 263.16
69.36 251.83
58.03 248.06
44.54 221.62
38.61 239.43
42.38 209.22
30.51 203.28
26.20 193.57
34.83 184.40
62.88 190.34
56.95 204.36
73.13 209.22
82.84 192.49
92.55 202.74
78.53 222.16
89.85 224.32
101.18 230.26
106.04 244.82
116.29 239.43
120.06 231.87
131.39 232.95
130.31 263.16
148.66 250.76
174.01 258.31
160.52 243.20
171.85 226.48
179.41 227.02
192.89 250.76
216.09 244.28
224.72 259.93
236.05 268.56
253.31 244.28
270.03 257.23
300.78 252.37
309.42 237.81
299.17 237.27
285.14 239.43
277.59 229.18
291.61 216.77
264.10 230.80
259.25 221.62
212.31 230.80
234.97 237.81
203.68 220.55
203.68 210.84
207.46 199.51
233.35 200.05
219.86 207.06
244.68 199.51
274.89 194.65
271.11 188.72
289.46 171.99
292.15 187.10
300.24 182.24
318.05 191.95
298.63 196.27
321.82 182.78
321.82 142.86
301.32 131.53
302.94 116.43
198.29 127.76
191.27 114.27
206.38 111.57
227.96 114.81
217.71 127.22
209.08 125.60
177.25 158.51
196.67 146.64
169.16 136.93
159.45 158.51
141.10 155.81
135.71 138.01
121.14 157.97
115.21 149.88
102.26 141.78
99.03 171.45
82.30 184.94
115.21 194.11
115.75 186.56
119.52 173.07
147.04 171.45
146.50 184.40
133.55 181.16
127.08 194.65
148.12 203.28
142.72 225.40
137.33 209.22
115.21 216.77
40.22 163.36
26.20 169.30
14.87 164.44
0.84 175.23
4.08 161.74
7.86 142.32
4.62 120.75
1.38 108.88
17.03 119.67
24.04 126.14
14.87 114.81
21.88 118.59
33.75 116.97
74.75 113.19
53.71 133.15
41.30 127.22
28.36 149.34
68.28 148.80
18.11 142.86
153.51 141.78
167.00 173.07
157.83 167.68
193.43 181.16
188.58 175.23
198.83 170.92
186.96 169.30
189.65 191.95
183.72 188.18
174.01 196.27
167.54 186.56
218.25 169.30
230.65 173.07
238.75 182.78
229.57 189.80
215.55 180.63
254.93 184.94
265.72 186.56
0.84 69.50
5.70 72.73
13.79 78.67
4.08 78.13
20.26 84.06
39.68 66.80
50.47 94.08
63.15 82.48
67.47 77.89
71.51 78.70
78.26 77.89
95.79 84.37
114.13 87.33
85.27 87.87
13.79 131.80
13.79 71.92
21.34 76.78
97.95 89.19
107.12 87.57
62.88 165.79
45.08 179.28
268.42 217.04
256.01 203.55
282.44 216.50
292.15 206.25
11.23 225.06
31.32 224.79
12.44 246.51
13.25 280.49
50.74 310.37
37.26 294.18
79.20 165.32
72.59 154.39
91.88 149.81
58.43 117.17
80.68 119.87
59.78 146.74
41.71 105.20
33.08 131.37
39.55 146.88
38.74 87.53
14.47 89.15
26.06 89.83
44.54 68.79
