21.40 267.27
4.14 258.64
12.77 219.80
3.60 207.39
32.73 233.82
56.47 247.31
42.44 245.15
24.64 251.08
35.43 266.19
47.29 271.04
69.95 265.11
104.48 301.25
47.83 297.48
114.73 321.21
142.78 312.58
158.42 284.53
152.49 271.04
124.98 271.04
107.17 275.90
90.45 228.43
74.27 242.45
80.74 214.40
61.86 225.73
39.20 213.32
25.18 200.37
52.15 196.06
34.35 191.74
319.18 35.84
320.26 285.07
301.38 292.08
273.33 269.97
259.84 297.48
254.45 280.21
231.25 262.41
196.19 311.50
212.37 234.90
170.83 232.20
158.42 285.07
171.91 267.81
144.40 240.83
127.67 229.51
117.96 207.93
109.87 221.95
98.54 213.32
95.85 195.52
86.14 198.22
68.33 203.07
54.85 183.11
67.25 183.11
59.16 169.63
53.23 164.23
45.14 159.92
35.43 157.22
55.39 139.96
75.35 157.22
56.47 130.24
43.52 122.69
108.79 138.34
106.10 154.52
117.42 157.22
110.41 179.34
92.07 183.11
82.90 173.94
115.27 189.59
123.90 177.18
134.69 192.28
130.37 175.02
130.91 204.69
133.07 214.94
168.67 191.74
162.20 213.32
173.53 221.95
157.34 232.20
154.11 199.30
187.55 198.22
270.63 252.16
246.36 240.83
235.03 237.06
221.54 210.62
215.61 228.43
219.38 198.22
207.51 192.28
203.20 182.57
211.83 173.40
239.88 179.34
233.95 193.36
250.13 198.22
259.84 181.49
269.55 191.74
255.53 211.16
266.85 213.32
278.18 219.26
283.04 233.82
293.29 228.43
297.06 220.87
308.39 221.95
307.31 252.16
318.10 144.81
312.71 127.01
298.14 146.97
292.21 138.88
279.26 130.78
276.03 160.45
259.30 173.94
292.21 183.11
292.75 175.56
296.52 162.07
323.50 173.40
310.55 170.16
304.08 183.65
319.72 214.40
314.33 198.22
292.21 205.77
217.22 152.36
203.20 158.30
191.87 153.44
177.84 164.23
181.08 150.74
157.34 157.22
151.41 160.45
144.40 146.97
160.04 138.88
126.06 138.88
116.88 131.32
143.32 116.76
148.17 125.93
136.31 109.75
148.17 107.05
170.83 115.14
162.74 114.60
162.74 124.31
184.86 131.32
176.76 125.93
181.62 109.75
178.38 97.88
163.82 100.57
194.03 108.67
201.04 115.14
191.87 103.81
198.88 107.59
210.75 105.97
251.75 102.19
230.71 122.15
218.30 116.22
205.36 138.34
245.28 137.80
195.11 131.86
170.83 142.65
169.75 129.71
139.54 188.51
90.45 139.96
81.28 135.64
62.94 122.15
67.25 112.98
55.39 84.39
56.47 78.46
49.45 74.68
44.60 71.98
48.91 87.09
38.12 88.17
24.10 83.31
16.01 83.31
108.79 108.13
96.92 108.13
103.40 92.48
96.39 82.23
146.02 84.39
94.77 69.29
82.90 71.98
83.44 81.15
74.27 69.29
91.53 46.63
82.36 44.47
82.36 39.08
88.29 36.92
90.99 23.97
95.85 23.97
90.45 21.81
87.21 21.81
98.54 50.40
90.99 56.88
121.20 60.11
125.52 61.73
129.29 62.27
134.69 62.27
137.92 60.11
142.24 60.65
147.09 60.65
128.21 50.40
177.84 58.50
182.70 61.73
190.79 67.67
181.08 67.13
197.26 73.06
216.68 55.80
227.47 83.08
240.15 71.48
244.47 66.89
248.51 67.70
255.26 66.89
272.79 73.37
291.13 76.33
262.27 76.87
190.79 120.80
190.79 60.92
198.34 65.78
274.95 78.19
284.12 76.57
239.88 154.79
222.08 168.28
101.78 122.96
100.70 130.51
95.85 129.98
81.82 120.26
79.66 112.17
15.47 236.25
188.23 214.06
208.32 213.79
189.44 235.51
190.25 269.49
227.74 299.37
214.26 283.18
105.02 242.99
256.20 154.32
249.59 143.39
268.88 138.81
235.43 106.17
257.68 108.87
236.78 135.74
218.71 94.20
210.08 120.37
216.55 135.88
215.74 76.53
191.47 78.15
203.06 78.83
155.73 64.53
161.79 63.86
162.06 52.26
172.85 57.65
168.00 55.50
221.54 57.79
108.66 51.05
123.63 67.90
112.43 67.90
103.53 67.23
127.94 80.99
133.07 83.55
109.06 85.71
62.67 90.70
69.82 105.13
91.40 108.90
77.77 81.39
