36.39 292.23
2.40 231.27
13.73 197.82
37.47 211.31
23.44 209.15
5.64 215.08
16.43 230.19
28.29 235.04
50.95 229.11
85.48 265.25
28.83 261.48
95.73 285.21
123.78 276.58
139.42 248.53
133.49 235.04
105.98 235.04
88.17 239.90
71.45 192.43
55.27 206.45
61.74 178.40
42.86 189.73
20.20 177.32
6.18 164.37
33.15 160.06
15.35 155.74
319.06 225.33
308.27 264.17
301.26 249.07
282.38 256.08
254.33 233.97
240.84 261.48
235.45 244.21
212.25 226.41
177.19 275.50
193.37 198.90
151.83 196.20
139.42 249.07
152.91 231.81
125.40 204.83
108.67 193.51
98.96 171.93
90.87 185.95
79.54 177.32
76.85 159.52
67.14 162.22
49.33 167.07
35.85 147.11
48.25 147.11
40.16 133.63
34.23 128.23
26.14 123.92
16.43 121.22
36.39 103.96
56.35 121.22
37.47 94.24
24.52 86.69
89.79 102.34
87.10 118.52
98.42 121.22
91.41 143.34
73.07 147.11
63.90 137.94
96.27 153.59
104.90 141.18
115.69 156.28
111.37 139.02
111.91 168.69
114.07 178.94
149.67 155.74
143.20 177.32
154.53 185.95
138.34 196.20
135.11 163.30
168.55 162.22
251.63 216.16
227.36 204.83
216.03 201.06
202.54 174.62
196.61 192.43
200.38 162.22
188.51 156.28
184.20 146.57
192.83 137.40
220.88 143.34
214.95 157.36
231.13 162.22
240.84 145.49
250.55 155.74
236.53 175.16
247.85 177.32
259.18 183.26
264.04 197.82
274.29 192.43
278.06 184.87
289.39 185.95
288.31 216.16
306.66 203.76
318.52 196.20
317.45 111.51
299.10 108.81
293.71 91.01
279.14 110.97
273.21 102.88
260.26 94.78
257.03 124.45
240.30 137.94
273.21 147.11
273.75 139.56
277.52 126.07
305.04 124.45
304.50 137.40
291.55 134.16
285.08 147.65
306.12 156.28
300.72 178.40
295.33 162.22
273.21 169.77
198.22 116.36
184.20 122.30
172.87 117.44
158.84 128.23
162.08 114.74
138.34 121.22
132.41 124.45
125.40 110.97
141.04 102.88
107.06 102.88
97.88 95.32
124.32 80.76
129.17 89.93
117.31 73.75
129.17 71.05
151.83 79.14
143.74 78.60
143.74 88.31
165.86 95.32
157.76 89.93
162.62 73.75
159.38 61.88
144.82 64.57
175.03 72.67
182.04 79.14
172.87 67.81
179.88 71.59
191.75 69.97
232.75 66.19
211.71 86.15
199.30 80.22
186.36 102.34
226.28 101.80
176.11 95.86
151.83 106.65
150.75 93.71
311.51 94.78
315.83 120.68
120.54 152.51
71.45 103.96
62.28 99.64
43.94 86.15
48.25 76.98
36.39 48.39
37.47 42.46
30.45 38.68
25.60 35.98
29.91 51.09
19.12 52.17
5.10 47.31
89.79 72.13
77.92 72.13
84.40 56.48
77.39 46.23
127.02 48.39
75.77 33.29
63.90 35.98
64.44 45.15
55.27 33.29
72.53 10.63
63.36 8.47
63.36 3.08
69.29 0.92
79.54 14.40
71.99 20.88
102.20 24.11
106.52 25.73
110.29 26.27
115.69 26.27
118.92 24.11
123.24 24.65
128.09 24.65
109.21 14.40
158.84 22.50
163.70 25.73
171.79 31.67
162.08 31.13
178.26 37.06
197.68 19.80
208.47 47.08
221.15 35.48
225.47 30.89
229.51 31.70
236.26 30.89
253.79 37.37
272.13 40.33
243.27 40.87
171.79 84.80
171.79 24.92
179.34 29.78
255.95 42.19
265.12 40.57
220.88 118.79
203.08 132.28
82.78 86.96
81.70 94.51
76.85 93.98
62.82 84.26
60.66 76.17
169.23 178.06
189.32 177.79
170.44 199.51
171.25 233.49
208.74 263.37
195.26 247.18
86.02 206.99
237.20 118.32
230.59 107.39
249.88 102.81
216.43 70.17
238.68 72.87
217.78 99.74
199.71 58.20
191.08 84.37
197.55 99.88
196.74 40.53
172.47 42.15
184.06 42.83
136.73 28.53
142.79 27.86
143.06 16.26
153.85 21.65
149.00 19.50
202.54 21.79
89.66 15.05
104.63 31.90
93.43 31.90
84.53 31.23
108.94 44.99
114.07 47.55
90.06 49.71
43.67 54.70
50.82 69.13
72.40 72.90
58.77 45.39
