105.69 444.59
238.21 437.36
391.21 334.96
92.74 234.97
327.66 263.28
207.79 262.68
136.71 340.99
442.11 231.96
379.46 216.90
416.21 164.70
348.74 170.12
243.93 164.10
236.10 141.81
172.86 204.46
174.66 168.31
155.99 156.27
146.95 112.30
144.54 141.81
295.13 170.12
322.24 134.58
345.13 109.28
322.84 103.86
355.37 108.08
205.38 304.45
210.80 113.50
216.83 97.24
242.73 82.18
252.97 76.76
266.22 91.21
283.69 106.27
286.70 82.78
247.55 116.51
265.02 136.39
191.53 120.73
181.29 94.83
161.41 101.45
129.49 90.61
115.63 87.00
118.64 74.35
127.68 69.53
136.71 59.89
136.71 70.13
122.26 49.65
147.56 86.39
148.76 73.74
159.00 76.15
160.21 87.00
394.52 105.07
384.28 105.07
368.62 93.62
422.83 96.03
436.08 105.07
431.26 97.24
435.48 82.18
469.21 127.96
458.37 137.59
472.83 111.09
475.24 99.04
459.58 87.00
476.44 73.74
341.66 139.70
349.80 136.39
390.15 160.18
413.34 82.18
431.42 72.84
437.44 65.31
447.68 65.31
390.15 64.71
372.99 66.82
368.77 58.38
373.59 52.66
382.02 54.77
379.31 61.40
425.69 67.42
392.56 83.68
481.41 61.40
459.73 49.65
98.77 156.27
96.96 194.22
127.08 140.61
106.60 109.28
70.46 117.72
35.52 110.49
38.53 147.23
31.90 99.65
13.83 91.82
63.83 97.24
82.50 88.80
87.92 71.94
105.39 71.94
8.26 53.87
84.16 48.45
98.01 46.94
45.01 68.02
43.80 47.24
312.00 97.24
343.32 95.43
327.06 70.13
304.77 74.95
234.14 72.84
221.50 73.74
205.23 72.84
210.65 61.10
187.76 56.58
187.46 70.13
177.22 77.66
172.10 67.12
162.77 73.44
157.04 66.52
261.55 68.62
268.78 68.02
276.01 71.03
280.22 70.13
278.12 85.49
294.68 70.73
272.39 46.04
310.64 49.95
328.11 49.95
335.34 60.79
235.95 50.55
240.77 41.52
245.59 40.92
245.59 46.94
309.44 84.89
216.07 81.58
363.05 62.90
357.02 71.34
344.98 68.32
342.87 58.99
322.69 48.45
318.17 49.65
377.50 44.23
368.47 44.23
388.95 44.83
415.75 37.90
424.49 40.31
418.46 40.31
404.61 41.22
392.26 40.92
437.44 39.71
439.25 50.25
447.38 53.87
450.09 45.13
463.34 46.64
481.11 48.45
393.17 52.36
401.90 63.50
397.08 63.20
415.45 63.20
408.83 60.79
412.44 50.25
424.79 56.88
431.72 58.99
337.15 54.47
452.20 51.16
473.88 53.87
368.77 49.65
339.10 48.45
342.72 44.23
348.14 48.45
343.32 48.45
355.37 48.45
245.14 70.13
236.70 62.90
222.85 67.72
411.39 99.65
