59.30 386.15
467.69 447.59
19.84 208.46
25.87 259.66
178.26 233.15
348.13 255.44
308.37 271.70
454.74 237.97
345.72 198.22
39.72 139.79
27.07 156.05
57.19 139.79
75.86 166.90
106.58 187.98
120.44 160.27
198.74 179.54
216.81 151.23
199.95 126.54
143.33 132.56
170.43 137.38
177.66 124.73
119.83 112.08
146.34 107.86
74.66 118.10
60.80 116.30
72.25 95.22
17.43 120.51
3.58 83.17
180.82 90.70
132.94 89.79
210.64 101.54
226.00 87.69
238.05 116.30
249.49 140.09
253.71 193.40
272.68 150.63
279.91 111.48
266.36 101.84
252.80 107.86
268.16 86.18
294.37 95.52
319.06 123.53
320.87 100.34
332.31 121.12
330.21 95.52
354.30 92.50
355.20 110.58
347.37 141.30
343.76 163.58
307.32 104.25
491.49 93.61
477.63 90.00
480.64 77.35
489.68 72.53
484.26 52.65
67.49 74.83
89.95 73.31
44.26 77.12
45.40 69.12
14.18 85.49
19.13 72.55
27.51 67.98
33.22 70.26
143.65 58.84
160.40 61.88
180.58 62.65
182.87 57.32
190.86 56.93
207.24 59.98
220.94 55.03
236.18 57.32
243.03 53.13
108.61 88.16
77.01 57.32
12.27 71.02
273.11 54.65
276.54 53.51
254.45 58.46
246.08 77.50
247.22 90.44
87.67 127.38
305.48 54.27
297.86 53.13
305.10 61.88
281.11 74.83
292.91 83.21
460.77 159.27
458.96 197.22
489.08 143.61
468.60 112.28
432.46 120.72
397.52 113.49
400.53 150.23
393.90 102.65
375.83 94.82
425.83 100.24
444.50 91.80
449.92 74.94
467.39 74.94
360.02 124.03
352.19 57.17
370.26 56.87
338.94 79.76
357.01 77.95
350.38 83.97
341.05 64.10
446.16 51.45
460.01 49.94
407.01 71.02
405.80 50.24
6.44 62.89
11.56 65.90
92.58 61.38
110.35 64.10
104.32 64.10
119.08 64.10
123.60 65.60
127.21 65.60
122.09 79.46
55.23 61.38
60.35 61.38
66.38 60.18
154.02 71.93
161.25 71.93
