185.69 444.59
318.21 437.36
471.21 334.96
66.13 252.44
26.37 268.70
172.74 234.97
63.72 195.22
12.37 92.52
37.06 120.53
38.87 97.34
50.31 118.12
48.21 92.52
72.30 89.50
73.20 107.58
65.37 138.30
61.76 160.58
25.32 101.25
407.66 263.28
287.79 262.68
216.71 340.99
459.46 216.90
428.74 170.12
323.93 164.10
316.10 141.81
252.86 204.46
254.66 168.31
235.99 156.27
226.95 112.30
224.54 141.81
375.13 170.12
402.24 134.58
425.13 109.28
402.84 103.86
435.37 108.08
285.38 304.45
290.80 113.50
296.83 97.24
322.73 82.18
332.97 76.76
346.22 91.21
363.69 106.27
366.70 82.78
327.55 116.51
345.02 136.39
271.53 120.73
261.29 94.83
241.41 101.45
209.49 90.61
195.63 87.00
198.64 74.35
207.68 69.53
216.71 59.89
216.71 70.13
202.26 49.65
227.56 86.39
228.76 73.74
239.00 76.15
240.21 87.00
474.52 105.07
464.28 105.07
448.62 93.62
421.66 139.70
429.80 136.39
470.15 160.18
470.15 64.71
452.99 66.82
448.77 58.38
453.59 52.66
462.02 54.77
459.31 61.40
472.56 83.68
23.48 51.27
15.86 50.13
23.10 58.88
10.91 80.21
178.77 156.27
176.96 194.22
207.08 140.61
186.60 109.28
150.46 117.72
115.52 110.49
118.53 147.23
111.90 99.65
93.83 91.82
143.83 97.24
162.50 88.80
167.92 71.94
185.39 71.94
78.02 121.03
70.19 54.17
88.26 53.87
56.94 76.76
75.01 74.95
68.38 80.97
59.05 61.10
164.16 48.45
178.01 46.94
125.01 68.02
123.80 47.24
392.00 97.24
423.32 95.43
407.06 70.13
384.77 74.95
314.14 72.84
301.50 73.74
285.23 72.84
290.65 61.10
267.76 56.58
267.46 70.13
257.22 77.66
252.10 67.12
242.77 73.44
237.04 66.52
341.55 68.62
348.78 68.02
356.01 71.03
360.22 70.13
358.12 85.49
374.68 70.73
352.39 46.04
390.64 49.95
408.11 49.95
415.34 60.79
315.95 50.55
320.77 41.52
325.59 40.92
325.59 46.94
389.44 84.89
296.07 81.58
443.05 62.90
437.02 71.34
424.98 68.32
422.87 58.99
402.69 48.45
398.17 49.65
457.50 44.23
448.47 44.23
468.95 44.83
484.61 41.22
472.26 40.92
473.17 52.36
481.90 63.50
477.08 63.20
488.83 60.79
417.15 54.47
448.77 49.65
419.10 48.45
422.72 44.23
428.14 48.45
423.32 48.45
435.37 48.45
325.14 70.13
316.70 62.90
302.85 67.72
491.39 99.65
