940.70 410.15
532.31 471.59
1007.26 285.46
980.16 232.46
1017.50 229.45
974.13 283.66
821.74 257.15
651.87 279.44
691.63 295.70
545.26 261.97
654.28 222.22
1003.65 192.70
960.28 163.79
972.93 180.05
942.81 163.79
924.14 190.90
893.42 211.98
879.56 184.27
801.26 203.54
783.19 175.23
800.05 150.54
856.67 156.56
829.57 161.38
822.34 148.73
880.17 136.08
853.66 131.86
925.34 142.10
939.20 140.30
927.75 119.22
982.57 144.51
1000.64 119.22
1008.47 108.37
996.42 107.17
1019.91 110.18
1019.31 169.21
819.18 114.70
867.06 113.79
789.36 125.54
774.00 111.69
761.95 140.30
750.51 164.09
746.29 217.40
727.32 174.63
720.09 135.48
733.64 125.84
747.20 131.86
731.84 110.18
705.63 119.52
680.94 147.53
679.13 124.34
667.69 145.12
669.79 119.52
645.70 116.50
644.80 134.58
652.63 165.30
656.24 187.58
692.68 128.25
932.51 98.83
910.05 97.31
955.74 101.12
954.60 93.12
985.82 109.49
980.87 96.55
972.49 91.98
966.78 94.26
856.35 82.84
839.60 85.88
819.42 86.65
817.13 81.32
809.14 80.93
792.76 83.98
779.06 79.03
763.82 81.32
756.97 77.13
891.39 112.16
922.99 81.32
987.73 95.02
726.89 78.65
723.46 77.51
745.55 82.46
753.92 101.50
752.78 114.44
912.33 151.38
694.52 78.27
702.14 77.13
694.90 85.88
718.89 98.83
707.09 107.21
539.23 183.27
541.04 221.22
567.54 144.72
602.48 137.49
599.47 174.23
606.10 126.65
624.17 118.82
574.17 124.24
555.50 115.80
550.08 98.94
532.61 98.94
639.98 148.03
647.81 81.17
629.74 80.87
661.06 103.76
642.99 101.95
649.62 107.97
658.95 88.10
553.84 75.45
539.99 73.94
592.99 95.02
594.20 74.24
1022.17 91.11
1011.63 92.01
993.56 86.89
988.44 89.90
1001.99 88.10
907.42 85.38
889.65 88.10
895.68 88.10
880.92 88.10
876.40 89.60
872.79 89.60
877.91 103.46
944.77 85.38
939.65 85.38
933.62 84.18
845.98 95.93
838.75 95.93
