21.59 245.43
4.89 249.61
2.80 234.47
2.80 219.86
8.02 206.81
15.85 204.20
18.46 196.37
25.25 203.16
25.77 193.76
33.08 195.85
27.33 211.51
21.07 229.77
12.72 233.43
41.43 239.69
42.47 248.56
143.20 257.96
149.46 257.96
205.83 254.30
196.96 247.00
181.30 248.56
177.65 243.34
167.21 226.64
165.64 239.69
155.20 233.43
138.50 238.65
124.93 240.73
124.93 245.95
98.31 255.35
83.70 245.43
74.31 239.69
64.91 244.39
71.70 230.30
62.30 222.47
53.95 230.82
53.95 225.08
52.39 212.55
51.86 204.72
40.90 204.20
42.47 229.77
39.86 226.12
38.29 218.81
8.02 155.14
6.46 141.05
17.42 139.48
23.16 137.39
33.60 137.92
43.51 136.87
27.86 135.83
52.39 147.83
44.04 155.14
25.25 155.14
23.68 163.49
44.04 166.10
3.85 171.84
0.72 184.37
16.37 181.76
27.33 184.89
28.38 179.15
15.85 174.45
22.64 172.36
67.00 188.02
67.52 196.37
62.30 199.50
76.92 207.85
76.39 197.94
75.87 193.76
44.04 186.45
41.43 177.58
52.39 173.41
68.57 171.84
59.69 166.10
71.70 157.75
69.61 149.40
61.78 147.83
79.00 166.10
84.75 154.10
80.57 155.14
80.05 183.32
84.75 192.20
90.49 192.20
91.53 213.07
81.09 221.42
91.53 227.16
101.45 226.12
110.84 227.16
112.93 211.51
123.89 207.85
134.85 221.42
140.59 227.16
135.89 217.77
153.12 208.38
165.64 218.81
175.56 216.73
183.39 206.81
197.48 207.85
182.87 186.45
199.57 185.41
209.48 190.11
207.92 192.72
205.83 173.93
202.70 164.53
190.69 166.10
193.83 156.71
203.74 136.87
191.74 140.53
173.99 140.53
150.51 153.05
156.25 131.65
145.81 144.18
130.67 148.35
100.92 201.07
98.31 185.41
107.19 182.80
100.40 174.45
99.88 158.79
107.19 147.83
118.67 144.18
110.32 141.05
107.71 135.31
116.58 136.87
132.76 137.39
123.37 136.87
142.16 166.62
151.03 183.32
134.33 192.20
131.72 179.15
138.50 178.10
167.21 168.71
165.12 154.10
174.51 149.92
121.80 158.79
124.93 170.28
110.32 157.23
91.01 135.83
87.35 147.83
87.35 141.57
80.57 134.79
68.04 134.26
123.89 186.45
163.55 185.41
185.47 231.34
191.22 228.73
193.30 219.34
199.57 217.77
114.23 255.87
236.36 245.95
227.49 245.43
211.83 245.43
219.66 230.30
213.40 215.16
223.31 218.81
226.97 210.46
239.49 215.16
252.54 211.51
239.49 230.30
258.80 259.00
242.10 260.04
258.80 237.08
237.93 198.98
222.79 196.37
235.32 181.24
242.10 182.80
214.96 152.53
220.70 138.44
228.53 143.14
231.66 153.05
225.40 170.28
235.84 166.10
250.45 167.14
250.45 173.41
250.98 152.53
244.71 137.92
249.41 130.61
255.15 131.13
256.72 137.39
257.76 124.06
249.41 126.15
240.54 123.02
242.62 116.23
242.62 127.71
231.14 128.76
231.14 138.15
213.53 89.09
204.66 90.14
227.36 106.58
234.40 111.27
235.97 104.75
247.19 105.27
239.10 97.44
249.28 95.62
232.84 79.44
224.75 81.78
223.97 89.09
223.71 94.57
230.75 96.14
232.32 90.14
193.17 83.87
197.87 78.39
197.09 67.43
0.46 125.10
7.24 123.02
5.15 104.75
6.72 115.71
20.81 114.14
11.94 110.49
15.59 131.89
15.59 123.02
20.81 126.67
30.20 121.45
35.42 128.24
40.12 124.06
51.60 138.67
57.34 131.89
57.34 121.45
67.78 126.67
74.57 119.36
86.57 127.71
87.09 117.80
46.38 117.80
30.20 115.71
26.03 109.45
22.38 101.10
40.12 104.75
31.25 97.44
25.51 91.70
19.24 92.22
11.94 91.18
8.28 98.49
5.15 92.22
5.67 82.83
7.76 75.52
19.77 76.04
11.94 82.83
27.07 77.09
22.38 70.30
20.81 66.13
31.77 67.69
39.60 73.43
31.25 73.43
38.56 91.70
33.34 87.53
45.86 84.39
51.60 81.26
41.69 77.61
44.82 95.35
52.13 105.79
73.52 108.40
70.91 100.05
62.56 79.18
137.72 123.02
126.76 127.71
115.80 119.36
123.11 115.71
121.54 107.36
115.80 108.40
101.19 102.14
96.49 127.71
97.53 114.67
78.74 109.97
80.83 105.79
93.36 98.49
89.70 109.45
86.57 97.44
81.35 91.18
75.61 86.48
71.44 84.39
151.81 104.75
158.60 95.88
158.60 85.44
151.29 85.44
151.29 90.14
149.72 91.70
148.16 95.88
142.94 97.44
142.42 116.75
142.42 110.49
135.11 109.97
138.76 102.66
133.54 98.49
166.42 116.75
173.73 121.45
162.25 108.40
164.86 106.31
181.56 109.97
179.99 105.79
181.04 99.01
197.74 124.06
188.35 124.06
182.08 124.06
187.30 114.67
197.74 99.01
189.39 101.10
184.17 91.70
209.22 113.10
199.83 113.10
209.74 80.74
208.70 73.96
206.09 62.47
215.49 71.35
220.18 77.09
215.49 77.61
222.27 66.65
212.88 60.91
213.92 64.56
217.57 53.60
222.79 46.29
174.78 68.21
161.73 69.78
181.04 66.65
184.69 66.13
189.91 60.91
191.48 51.51
185.21 52.04
175.82 57.78
170.60 60.91
164.86 62.47
155.99 57.25
142.94 72.39
136.15 66.13
137.20 75.52
137.20 81.78
120.50 99.01
122.06 89.09
108.49 98.49
106.93 92.22
101.71 90.14
99.10 85.44
92.83 90.14
95.44 80.74
95.44 77.09
87.62 84.39
4.11 52.04
5.67 44.21
254.11 66.65
255.15 53.60
260.89 55.17
259.33 49.43
260.37 44.21
97.01 57.25
32.55 49.16
17.68 55.43
22.64 47.34
11.68 44.47
18.98 40.81
23.42 37.94
23.42 35.86
17.68 32.20
20.81 32.72
24.20 30.64
0.72 29.85
1.50 25.16
0.98 69.78
3.33 63.52
2.28 61.17
42.99 58.56
36.73 55.69
25.77 68.48
47.43 62.21
52.13 71.61
46.91 69.52
54.21 61.95
55.00 54.91
49.52 50.47
45.86 46.82
42.47 51.25
39.08 44.47
43.25 40.03
39.86 38.47
30.99 40.29
31.25 35.86
35.95 35.60
40.64 30.90
47.17 29.33
41.17 26.98
33.08 26.98
25.25 24.37
18.46 25.16
13.76 25.42
9.07 25.68
32.81 61.95
29.42 56.47
67.78 60.65
67.00 56.47
63.87 53.86
58.91 48.38
61.00 45.77
51.60 40.81
53.17 31.16
56.30 35.60
63.09 39.51
60.21 31.68
63.61 29.07
69.09 32.72
79.79 29.85
77.70 38.20
73.26 37.16
73.26 44.73
81.09 52.82
74.05 55.95
69.61 52.04
79.00 61.17
88.14 66.65
88.66 72.65
78.48 75.78
64.65 71.09
58.91 65.34
60.48 59.34
99.62 72.65
105.10 72.65
99.62 67.43
108.23 81.78
110.06 83.61
121.02 72.13
117.63 64.30
105.10 63.52
110.32 61.69
101.71 52.30
94.92 48.38
92.31 46.29
84.48 42.64
105.36 44.73
104.58 41.34
110.58 41.34
109.01 36.64
113.45 33.51
115.54 41.60
129.89 35.60
128.59 29.07
135.11 32.72
124.93 35.60
118.15 48.38
121.54 45.77
125.45 49.95
127.02 46.56
132.76 52.30
138.24 43.95
141.11 41.86
145.29 43.68
142.16 32.20
141.89 26.46
153.64 25.68
156.77 33.51
155.46 47.34
146.33 47.60
151.55 53.86
142.16 54.91
146.59 54.12
170.86 86.74
166.69 80.22
176.34 78.13
177.12 83.61
169.82 70.82
161.47 78.91
153.64 78.13
145.55 75.26
157.55 78.39
146.07 69.00
128.33 70.82
125.98 64.82
126.76 58.56
114.49 69.00
131.98 90.40
133.28 80.22
169.03 49.16
172.17 49.16
168.77 54.91
161.73 52.04
162.51 43.68
170.34 40.29
172.95 38.99
148.68 39.51
141.63 38.20
144.77 36.12
148.42 33.51
149.72 28.03
87.88 33.51
81.87 24.90
81.35 34.03
91.01 28.55
72.74 26.20
68.04 26.20
62.56 24.37
117.63 27.24
108.49 26.20
101.71 25.16
99.10 25.16
95.71 24.90
98.31 37.16
96.49 41.08
105.62 37.94
123.11 28.03
125.72 25.16
9.85 63.52
10.11 50.47
4.37 40.29
2.54 36.38
2.02 34.55
60.48 91.70
52.13 100.31
12.72 65.34
8.55 37.16
0.72 51.25
0.98 79.44
160.42 24.37
170.34 25.42
166.16 26.20
175.82 22.55
111.10 46.29
92.05 38.47
90.49 55.43
87.09 58.56
56.04 72.65
238.84 62.19
230.23 61.66
231.80 59.06
226.05 57.49
222.92 48.88
229.45 51.75
227.62 44.70
232.32 42.09
221.36 42.09
203.09 41.05
207.00 43.14
205.70 32.96
205.44 25.65
194.22 31.39
196.30 25.39
189.52 29.57
191.09 37.92
197.61 44.44
198.13 20.17
204.39 19.39
200.74 15.74
191.09 19.91
233.62 21.74
232.32 29.05
225.27 25.39
214.83 23.83
221.36 18.35
211.70 23.57
211.70 18.35
215.09 13.91
210.14 10.78
205.18 12.08
201.00 4.78
193.17 8.43
234.67 12.08
226.84 8.43
233.62 6.34
233.62 0.60
221.62 3.47
226.58 3.73
216.66 4.25
211.18 1.91
244.06 5.30
241.19 1.91
245.10 11.56
238.84 9.73
243.02 15.74
245.89 17.30
239.88 14.43
245.63 8.95
230.75 16.78
234.14 18.35
227.36 12.60
238.84 24.61
237.80 20.43
244.06 24.87
242.49 20.96
247.97 22.78
244.84 31.39
252.93 25.65
256.59 29.57
237.28 41.57
244.32 57.23
242.49 52.53
243.80 38.44
250.84 40.27
255.28 40.27
251.89 35.57
256.06 35.57
259.72 35.83
250.32 66.88
162.77 121.16
152.86 117.51
256.72 76.28
244.71 79.93
254.63 6.34
254.63 14.17
162.25 5.30
152.33 4.25
153.90 0.08
183.13 32.44
179.99 25.65
183.13 21.48
187.82 10.52
174.25 10.52
177.39 10.52
172.17 17.82
162.77 15.74
166.95 14.17
185.74 2.69
7.24 14.69
4.11 14.17
0.98 4.78
125.19 11.04
124.15 8.43
98.05 0.60
26.55 2.69
19.24 4.25
20.81 7.39
39.08 12.60
30.20 0.08
105.88 17.82
135.63 8.43
89.70 2.69
97.53 5.30
4.63 3.73
9.85 2.69
15.59 14.69
24.46 15.74
30.73 14.17
28.64 10.52
32.29 10.00
29.68 21.48
40.12 19.39
46.91 19.39
48.99 12.60
50.04 8.43
45.86 2.69
38.56 1.12
82.92 12.08
80.31 6.34
70.91 0.60
64.65 17.82
56.82 8.43
63.61 4.78
70.91 8.43
56.82 14.69
52.13 19.39
71.96 14.69
85.01 17.82
90.23 14.69
108.49 8.43
179.47 1.12
174.78 1.12
170.60 0.60
141.89 15.74
147.11 14.17
142.94 6.86
114.23 18.35
