0.25 252.04
15.91 167.49
2.34 169.57
1.30 158.09
11.21 159.14
17.48 152.87
20.09 149.74
27.92 150.79
38.88 157.05
32.09 148.18
39.92 147.65
24.78 171.14
33.66 168.53
50.88 169.05
24.26 189.41
21.13 187.84
11.74 186.28
8.08 200.37
14.35 211.33
14.35 220.20
2.86 229.07
25.31 226.46
16.96 230.12
19.04 245.77
26.35 244.73
11.21 257.78
21.65 253.08
44.62 256.73
39.40 241.08
34.70 226.46
24.78 206.11
38.35 195.67
46.18 182.10
30.52 182.62
46.18 204.54
46.18 209.76
47.75 222.81
59.23 218.11
64.45 221.24
68.62 232.73
51.40 249.43
70.19 244.73
88.46 259.34
76.98 252.04
82.72 238.99
101.51 254.65
160.48 260.39
140.65 256.73
129.17 240.03
102.03 233.77
101.51 224.90
112.99 213.41
126.04 202.98
118.21 192.02
103.07 195.15
88.46 209.76
92.11 195.15
81.67 217.59
74.89 208.20
68.62 196.71
76.45 191.49
65.49 186.80
51.92 175.32
66.02 161.75
58.71 160.18
75.41 177.40
88.46 183.14
102.03 178.45
167.79 241.08
167.27 233.77
164.66 225.42
155.26 217.07
144.30 225.42
176.14 246.82
257.04 254.65
237.20 241.08
228.33 243.16
214.24 253.60
206.41 250.99
213.72 243.16
196.49 241.08
183.45 232.20
178.23 223.85
168.31 200.89
150.04 206.63
145.35 192.02
156.83 178.45
140.13 176.36
132.30 173.75
120.82 180.53
116.12 169.57
106.20 156.53
127.08 154.96
143.26 158.61
152.65 164.35
168.83 165.40
174.57 182.62
180.31 172.71
193.36 172.71
195.45 164.88
190.75 153.92
202.76 173.23
211.11 173.23
226.77 171.14
212.67 183.14
206.41 193.58
204.32 210.28
185.53 196.71
230.42 206.11
212.67 208.72
232.51 191.49
241.90 185.75
237.73 195.15
234.59 198.80
236.68 223.85
248.69 227.51
248.16 215.50
240.34 208.72
258.08 197.76
254.95 183.14
252.34 171.66
236.16 175.32
223.11 160.18
257.56 160.18
249.21 156.53
240.34 149.22
235.12 152.87
212.67 150.79
75.41 153.92
84.80 161.22
116.12 145.80
129.17 143.19
159.96 151.02
145.35 143.71
157.35 139.54
170.92 144.76
179.27 144.76
182.92 138.49
188.67 141.10
194.93 133.80
193.88 123.88
209.54 138.49
201.71 129.10
201.71 107.18
182.92 117.62
173.53 114.49
163.61 114.49
152.65 117.62
141.69 120.23
120.29 125.97
128.65 123.88
106.20 136.93
91.07 143.19
84.80 152.06
84.28 137.45
89.50 124.92
98.90 122.84
87.41 115.53
83.24 121.27
70.71 118.14
74.37 116.57
78.54 113.44
71.23 106.14
63.93 121.79
54.01 116.57
42.01 125.97
35.74 128.58
30.00 137.45
28.44 131.19
23.22 123.88
15.91 129.10
2.34 135.88
3.39 121.79
12.78 118.14
3.91 111.35
14.87 114.49
14.87 109.27
22.17 107.18
26.87 105.09
37.31 101.44
44.62 98.31
48.27 91.00
38.88 87.87
31.05 89.43
23.22 91.52
20.09 90.48
8.60 90.48
8.60 88.91
95.24 106.14
90.55 101.44
84.80 107.70
81.67 96.74
79.59 89.43
84.80 91.00
87.94 83.69
94.72 85.26
91.59 81.08
87.94 76.39
81.15 76.39
76.98 77.95
72.80 87.35
66.54 88.91
56.10 87.87
55.05 98.31
44.62 109.27
42.01 114.49
117.16 116.57
113.51 111.35
117.16 99.87
106.20 105.61
106.20 98.31
99.42 93.09
96.29 99.87
100.46 85.26
103.07 76.39
112.99 76.91
122.90 74.30
129.17 72.21
134.91 96.22
127.60 96.22
155.26 96.22
141.69 91.52
137.52 94.13
191.80 92.57
197.02 95.18
179.79 88.91
181.88 83.17
185.53 79.52
176.66 78.47
174.05 72.73
161.00 74.30
146.91 73.78
140.13 64.90
146.91 61.25
117.16 59.16
108.29 56.03
111.94 53.94
99.42 49.25
107.25 46.64
91.59 54.47
84.28 57.60
102.03 65.95
108.29 69.08
94.20 65.43
75.41 65.95
71.76 64.90
71.23 58.12
72.80 51.33
76.98 56.55
66.02 52.38
59.75 51.33
55.58 50.29
49.84 52.38
45.66 51.86
42.53 47.68
46.70 45.59
33.13 45.07
23.22 42.98
11.74 42.98
1.82 43.51
11.74 69.08
19.04 70.64
24.78 76.39
27.92 75.86
35.22 73.78
38.35 64.90
42.01 68.56
49.84 69.08
46.70 64.90
43.05 61.77
48.79 61.25
52.97 62.29
58.71 67.51
61.32 63.86
54.53 79.52
47.23 83.17
42.53 77.95
7.04 81.08
12.26 80.04
3.91 73.25
159.44 189.64
180.84 107.18
163.09 108.74
162.57 98.83
151.09 105.61
176.66 64.90
187.10 68.56
194.93 68.56
237.20 76.39
230.42 80.04
243.99 105.09
250.77 107.18
258.08 131.19
258.08 123.88
249.21 127.53
241.90 136.93
232.51 132.23
231.46 124.92
230.94 117.62
212.15 105.61
206.41 92.57
205.37 87.87
204.84 77.95
203.28 66.47
200.15 54.99
210.06 56.55
208.50 50.81
227.29 64.90
158.39 54.99
252.34 147.37
246.08 138.49
245.03 74.82
250.25 71.17
254.95 61.25
233.55 56.03
238.25 52.90
238.25 48.20
221.02 57.60
215.81 64.90
216.85 75.86
161.00 63.86
170.40 59.16
186.06 56.55
252.34 51.86
247.12 50.81
244.51 52.90
221.55 91.00
224.16 98.31
221.55 105.61
216.33 96.74
240.86 86.82
251.82 86.82
247.12 88.91
240.86 92.57
252.34 101.44
258.08 103.53
191.28 114.49
150.04 83.17
145.35 83.69
161.00 85.78
165.18 91.00
112.99 85.26
24.26 55.51
35.22 51.86
15.39 50.29
7.56 56.03
21.13 62.82
13.82 64.90
68.10 80.04
140.13 57.60
122.38 54.99
121.86 64.90
192.32 77.95
194.93 24.43
85.85 35.39
82.19 28.08
75.93 19.73
3.39 0.42
29.48 11.90
22.17 15.56
16.96 7.73
31.57 4.07
51.40 8.25
42.01 12.95
63.93 17.12
58.19 9.82
56.10 12.43
56.10 4.07
54.53 0.42
57.14 0.42
62.88 1.47
65.49 6.68
66.54 12.95
71.76 11.38
69.67 3.03
73.84 6.68
73.32 3.03
77.50 0.42
57.14 33.82
52.45 35.91
53.49 44.78
58.71 41.65
72.80 46.35
74.37 46.35
68.62 46.35
68.10 42.70
65.49 42.70
65.49 46.35
65.49 37.48
71.23 36.96
72.28 37.48
78.54 30.69
62.36 28.08
61.84 22.86
52.97 24.95
48.27 24.95
40.96 26.52
40.96 31.74
46.18 30.17
40.44 19.21
35.74 15.03
37.83 9.29
1.30 30.17
3.39 26.00
7.56 28.08
7.56 24.43
5.47 22.86
10.17 18.69
18.52 27.04
14.35 22.34
27.92 24.95
36.27 28.08
35.22 23.39
32.61 23.39
28.44 21.30
237.20 65.66
231.46 62.01
226.77 58.35
226.77 53.66
227.29 48.44
230.94 46.87
231.98 44.78
231.98 41.13
237.73 41.13
241.38 39.04
243.47 42.70
228.85 28.08
224.16 28.08
227.29 20.25
243.47 24.43
251.30 20.78
243.99 16.08
259.65 8.77
256.51 12.95
208.46 9.34
213.57 11.39
212.04 7.81
239.66 3.72
227.89 7.30
220.73 8.32
218.69 16.51
213.57 28.78
246.82 4.23
