1019.12 169.05
1023.82 182.10
1023.82 204.54
1023.82 209.76
1022.25 222.81
1010.77 218.11
1005.55 221.24
1001.38 232.73
1018.60 249.43
999.81 244.73
981.54 259.34
993.02 252.04
987.28 238.99
968.49 254.65
909.52 260.39
929.35 256.73
940.83 240.03
967.97 233.77
968.49 224.90
957.01 213.41
943.96 202.98
951.79 192.02
966.93 195.15
981.54 209.76
977.89 195.15
988.33 217.59
995.11 208.20
1001.38 196.71
993.55 191.49
1004.51 186.80
1018.08 175.32
1003.98 161.75
1011.29 160.18
994.59 177.40
981.54 183.14
967.97 178.45
902.21 241.08
902.73 233.77
905.34 225.42
914.74 217.07
925.70 225.42
893.86 246.82
812.96 254.65
832.80 241.08
841.67 243.16
855.76 253.60
863.59 250.99
856.28 243.16
873.51 241.08
886.55 232.20
891.77 223.85
901.69 200.89
919.96 206.63
924.65 192.02
913.17 178.45
929.87 176.36
937.70 173.75
949.18 180.53
953.88 169.57
963.80 156.53
942.92 154.96
926.74 158.61
917.35 164.35
901.17 165.40
895.43 182.62
889.69 172.71
876.64 172.71
874.55 164.88
879.25 153.92
867.24 173.23
858.89 173.23
843.23 171.14
857.33 183.14
863.59 193.58
865.68 210.28
884.47 196.71
839.58 206.11
857.33 208.72
837.49 191.49
828.10 185.75
832.27 195.15
835.41 198.80
833.32 223.85
821.31 227.51
821.84 215.50
829.66 208.72
805.66 227.51
808.27 215.50
804.61 208.20
811.92 197.76
815.05 183.14
817.66 171.66
833.84 175.32
846.89 160.18
808.79 173.75
805.66 172.71
812.44 160.18
805.13 155.48
820.79 156.53
829.66 149.22
834.88 152.87
857.33 150.79
994.59 153.92
985.20 161.22
793.91 258.30
780.34 237.42
785.04 215.50
796.52 206.11
786.61 195.67
781.39 189.93
771.47 186.28
799.65 186.28
797.04 178.45
790.26 174.79
779.82 174.79
771.47 175.84
793.91 154.96
777.21 153.92
768.34 214.98
769.38 202.45
780.34 202.45
764.16 245.77
770.95 237.42
782.43 252.04
772.78 146.32
787.91 136.41
794.17 141.10
793.13 147.37
781.65 160.94
785.30 151.54
775.91 135.36
769.12 142.67
768.60 158.85
772.25 121.79
768.08 115.53
796.78 116.05
798.87 106.14
792.61 109.79
789.48 117.10
784.78 105.09
779.04 111.88
775.39 106.14
782.17 98.83
785.30 94.13
780.60 93.09
778.52 88.39
796.26 125.45
779.04 76.39
780.08 71.69
781.65 67.51
783.21 62.29
764.16 68.04
765.73 53.16
767.56 62.56
775.65 57.60
775.65 52.64
777.47 50.03
779.82 45.85
784.00 42.98
788.17 42.46
806.44 72.73
802.79 51.86
807.48 44.29
800.18 40.37
798.09 44.29
792.61 57.86
788.43 62.29
786.35 63.60
765.99 41.42
775.12 41.68
805.13 59.68
801.74 56.29
806.44 54.99
791.30 73.52
796.52 66.21
802.26 89.96
790.26 91.26
793.13 85.52
785.30 22.34
780.60 22.86
778.52 18.69
786.87 20.78
795.74 22.86
796.26 7.73
795.74 10.34
787.39 5.64
787.39 0.42
792.09 0.42
780.60 4.07
775.39 4.60
770.17 4.07
768.08 0.42
797.83 30.17
790.00 31.74
793.13 24.43
793.65 15.03
796.78 36.96
777.99 37.48
787.39 37.48
769.64 30.17
774.34 24.43
768.08 26.00
766.51 21.30
772.78 15.56
766.51 26.52
764.43 33.30
771.21 48.44
765.47 47.92
953.88 145.80
940.83 143.19
910.04 151.02
924.65 143.71
912.65 139.54
899.08 144.76
890.73 144.76
887.08 138.49
881.33 141.10
875.07 133.80
876.12 123.88
860.46 138.49
868.29 129.10
868.29 107.18
887.08 117.62
896.47 114.49
906.39 114.49
917.35 117.62
928.31 120.23
949.71 125.97
941.35 123.88
963.80 136.93
978.93 143.19
985.20 152.06
985.72 137.45
980.50 124.92
971.10 122.84
982.59 115.53
986.76 121.27
999.29 118.14
995.63 116.57
991.46 113.44
998.77 106.14
1006.07 121.79
1015.99 116.57
1021.73 91.00
974.76 106.14
979.45 101.44
985.20 107.70
988.33 96.74
990.41 89.43
985.20 91.00
982.06 83.69
975.28 85.26
978.41 81.08
982.06 76.39
988.85 76.39
993.02 77.95
997.20 87.35
1003.46 88.91
1013.90 87.87
1014.95 98.31
952.84 116.57
956.49 111.35
952.84 99.87
963.80 105.61
963.80 98.31
970.58 93.09
973.71 99.87
969.54 85.26
966.93 76.39
957.01 76.91
947.10 74.30
940.83 72.21
935.09 96.22
942.40 96.22
914.74 96.22
928.31 91.52
932.48 94.13
878.20 92.57
872.98 95.18
890.21 88.91
888.12 83.17
884.47 79.52
893.34 78.47
895.95 72.73
909.00 74.30
923.09 73.78
929.87 64.90
923.09 61.25
952.84 59.16
961.71 56.03
958.06 53.94
970.58 49.25
962.75 46.64
978.41 54.47
985.72 57.60
967.97 65.95
961.71 69.08
975.80 65.43
994.59 65.95
998.24 64.90
998.77 58.12
997.20 51.33
993.02 56.55
1003.98 52.38
1010.25 51.33
1014.42 50.29
1020.16 52.38
1023.30 45.59
1020.16 69.08
1023.30 64.90
1021.21 61.25
1017.03 62.29
1011.29 67.51
1008.68 63.86
1015.47 79.52
1022.77 83.17
910.56 189.64
889.16 107.18
906.91 108.74
907.43 98.83
918.91 105.61
893.34 64.90
882.90 68.56
875.07 68.56
832.80 76.39
839.58 80.04
826.01 105.09
819.23 107.18
804.61 126.49
811.92 131.19
811.92 123.88
820.79 127.53
828.10 136.93
837.49 132.23
838.54 124.92
839.06 117.62
857.85 105.61
863.59 92.57
864.63 87.87
865.16 77.95
866.72 66.47
869.85 54.99
859.94 56.55
861.50 50.81
842.71 64.90
911.61 54.99
817.66 147.37
823.92 138.49
824.97 74.82
819.75 71.17
815.05 61.25
836.45 56.03
831.75 52.90
831.75 48.20
848.98 57.60
854.19 64.90
853.15 75.86
909.00 63.86
899.60 59.16
883.94 56.55
817.66 51.86
822.88 50.81
825.49 52.90
848.45 91.00
845.84 98.31
848.45 105.61
853.67 96.74
829.14 86.82
818.18 86.82
822.88 88.91
829.14 92.57
804.09 107.70
817.66 101.44
811.92 103.53
808.79 94.65
878.72 114.49
919.96 83.17
924.65 83.69
909.00 85.78
904.82 91.00
957.01 85.26
1001.90 80.04
929.87 57.60
947.62 54.99
948.14 64.90
877.68 77.95
875.07 24.43
984.15 35.39
987.81 28.08
994.07 19.73
1018.60 8.25
1006.07 17.12
1011.81 9.82
1013.90 12.43
1013.90 4.07
1015.47 0.42
1012.86 0.42
1007.12 1.47
1004.51 6.68
1003.46 12.95
998.24 11.38
1000.33 3.03
996.16 6.68
996.68 3.03
992.50 0.42
1012.86 33.82
1017.55 35.91
1016.51 44.78
1011.29 41.65
997.20 46.35
995.63 46.35
1001.38 46.35
1001.90 42.70
1004.51 42.70
1004.51 46.35
1004.51 37.48
998.77 36.96
997.72 37.48
991.46 30.69
1007.64 28.08
1008.16 22.86
1017.03 24.95
1021.73 24.95
1023.82 30.17
832.80 65.66
838.54 62.01
843.23 58.35
843.23 53.66
842.71 48.44
839.06 46.87
838.02 44.78
838.02 41.13
832.27 41.13
828.62 39.04
826.53 42.70
841.15 28.08
845.84 28.08
842.71 20.25
826.53 24.43
818.70 20.78
826.01 16.08
810.35 8.77
813.49 12.95
861.54 9.34
856.43 11.39
857.96 7.81
830.34 3.72
842.11 7.30
849.27 8.32
851.31 16.51
856.43 28.78
823.18 4.23
802.72 4.74
