4.52 521.85
20.07 524.30
173.96 509.57
96.20 455.55
132.21 453.91
543.12 488.29
475.18 494.02
372.87 485.83
269.73 471.10
204.25 463.73
45.45 393.34
76.55 398.25
119.12 399.89
250.08 404.80
157.59 410.53
323.75 410.53
405.61 415.44
478.46 430.99
528.39 364.69
453.08 368.78
211.61 361.41
163.32 358.96
126.48 361.41
4.52 350.77
41.36 311.48
28.26 292.66
9.43 282.83
29.90 273.83
48.72 273.01
49.54 285.29
61.00 298.39
74.92 288.56
85.56 306.57
76.55 271.37
106.02 286.93
101.93 276.29
92.92 267.28
70.00 264.01
22.53 258.28
7.80 256.64
461.27 291.02
469.45 254.18
525.12 266.46
413.79 299.20
365.50 300.02
338.49 322.94
301.65 327.03
234.53 327.03
257.45 298.39
291.01 292.66
319.66 273.83
361.41 268.10
363.86 252.55
407.25 249.27
407.25 233.72
449.81 244.36
453.08 229.63
507.11 232.90
495.65 212.44
2.88 229.63
7.80 241.91
15.98 231.27
19.25 223.90
23.35 241.09
41.36 232.08
39.72 243.54
56.91 247.64
54.45 227.17
61.00 218.17
69.19 218.99
71.64 214.89
65.91 209.16
54.45 210.80
40.54 212.44
46.27 218.17
31.53 215.71
32.35 226.35
65.09 241.91
73.28 241.91
92.11 236.99
89.65 227.17
86.38 216.53
80.65 209.16
99.47 203.43
97.02 212.44
104.38 216.53
110.93 216.53
109.29 201.80
119.12 199.34
108.48 227.17
88.01 247.64
114.21 238.63
131.40 233.72
125.67 223.90
129.76 209.16
142.85 201.80
137.13 218.99
144.49 221.44
141.22 246.82
124.85 249.27
117.48 259.10
160.86 214.89
155.95 215.71
170.69 191.97
155.95 197.70
175.60 206.71
183.78 203.43
195.24 209.16
178.87 212.44
172.32 224.72
165.77 242.72
157.59 236.18
152.68 232.08
184.60 241.91
213.25 216.53
207.52 223.90
187.87 227.17
173.96 255.82
142.85 259.10
150.22 273.01
122.39 273.01
137.13 284.47
148.58 306.57
181.33 318.85
206.70 288.56
191.97 267.28
200.97 255.82
208.34 260.73
230.44 244.36
223.89 216.53
242.72 220.62
233.71 206.71
249.27 200.98
233.71 189.52
254.18 189.52
259.09 180.52
250.08 172.33
277.91 176.42
291.01 173.15
269.73 191.97
291.01 189.52
278.73 183.79
281.19 196.07
266.46 214.89
278.73 218.99
264.00 239.45
268.09 227.17
255.81 223.90
245.17 236.99
250.08 264.83
289.37 249.27
300.02 229.63
298.38 207.53
301.65 193.61
312.29 183.79
302.47 174.79
340.94 182.15
331.94 183.79
331.94 197.70
368.77 174.79
341.76 172.33
337.67 164.96
349.13 163.33
330.30 166.60
412.97 182.15
390.06 174.79
397.42 172.33
389.24 159.23
415.43 159.23
430.16 172.33
449.81 160.87
447.35 186.25
448.17 209.16
458.81 164.96
471.91 178.06
473.55 152.68
467.00 143.68
509.56 147.77
499.74 146.95
532.48 128.95
543.94 128.95
543.94 180.52
521.84 140.41
513.66 160.87
416.25 198.52
162.50 293.47
97.02 249.27
372.87 157.60
369.59 160.87
342.58 155.14
198.52 195.25
209.13 197.49
197.38 36.30
247.75 29.59
291.40 4.40
267.06 8.60
259.50 16.16
307.35 1.04
