968.14 468.82
919.03 476.19
896.11 480.28
838.81 485.20
761.05 505.66
700.48 522.85
684.93 525.30
531.04 510.57
964.87 404.98
847.82 418.89
768.42 437.72
730.77 428.72
608.80 456.55
572.79 454.91
500.75 464.73
1000.07 371.42
1018.89 372.24
989.43 372.24
979.60 377.97
955.05 371.42
940.31 374.69
896.11 384.51
864.19 383.70
848.64 380.42
819.99 384.51
797.89 387.79
764.33 387.79
659.55 394.34
628.45 399.25
585.88 400.89
547.41 411.53
493.39 362.41
541.68 359.96
578.52 362.41
700.48 351.77
715.21 358.32
747.14 359.96
772.51 357.50
803.62 357.50
822.44 357.50
883.01 356.68
898.57 356.68
929.67 354.23
944.41 349.32
959.14 354.23
977.97 348.50
1018.07 354.23
1013.98 334.58
1004.16 340.31
990.24 337.04
972.24 330.49
962.41 334.58
983.70 323.94
995.16 322.31
1002.52 328.03
984.51 314.12
951.77 320.67
929.67 332.13
939.49 318.21
956.68 316.58
973.05 314.12
949.32 305.12
932.13 312.48
928.85 322.31
914.12 326.40
923.12 310.85
912.48 310.85
901.02 303.48
893.66 289.56
879.74 285.47
883.83 299.39
890.38 299.39
886.29 312.48
872.37 316.58
900.20 334.58
879.74 337.04
860.10 335.40
842.09 334.58
851.91 323.94
843.72 299.39
855.18 293.66
869.10 294.47
864.19 278.10
856.82 282.20
842.09 273.19
837.18 284.65
829.81 292.02
816.71 301.02
837.18 305.12
830.63 314.12
826.54 319.85
808.53 316.58
796.25 302.66
790.52 314.12
793.79 337.04
769.24 319.03
756.14 316.58
782.33 300.20
782.33 289.56
769.24 289.56
746.32 305.12
761.05 303.48
751.23 291.20
737.31 283.01
746.32 276.47
715.21 285.47
721.76 301.02
721.76 316.58
663.64 312.48
676.74 293.66
695.57 283.83
675.10 274.83
656.28 274.01
655.46 286.29
644.00 299.39
630.08 289.56
619.44 307.57
628.45 272.37
598.98 287.93
603.07 277.29
612.08 268.28
635.00 265.01
682.47 259.28
697.20 257.64
706.21 272.37
716.85 256.82
707.85 251.09
722.58 247.82
732.40 260.10
743.86 262.55
755.32 265.01
771.69 268.28
783.15 268.28
788.06 254.37
832.26 270.74
825.72 270.74
812.62 259.28
799.52 261.73
810.98 265.01
809.35 274.01
819.17 278.92
809.35 285.47
796.25 270.74
792.16 278.10
777.42 256.00
772.51 250.27
765.14 254.37
752.87 247.82
743.86 246.18
731.58 237.99
727.49 242.09
707.03 236.36
714.39 233.08
702.12 230.63
708.66 242.09
697.20 242.91
689.02 232.27
685.75 224.90
681.65 242.09
663.64 233.08
665.28 244.54
648.09 248.64
650.55 228.17
644.00 219.17
635.81 219.99
633.36 215.89
639.09 210.16
650.55 211.80
664.46 213.44
658.73 219.17
673.47 216.71
672.65 227.35
639.91 242.91
631.72 242.91
612.89 237.99
615.35 228.17
618.62 217.53
624.35 210.16
605.53 204.43
607.98 213.44
600.62 217.53
594.07 217.53
595.71 202.80
585.88 200.34
596.52 228.17
616.99 248.64
590.79 239.63
573.60 234.72
579.33 224.90
575.24 210.16
562.15 202.80
567.87 219.99
560.51 222.44
563.78 247.82
580.15 250.27
587.52 260.10
544.14 215.89
549.05 216.71
534.31 192.97
549.05 198.70
529.40 207.71
521.22 204.43
509.76 210.16
526.13 213.44
532.68 225.72
539.23 243.72
547.41 237.18
552.32 233.08
520.40 242.91
491.75 217.53
497.48 224.90
517.13 228.17
531.04 256.82
562.15 260.10
554.78 274.01
582.61 274.01
567.87 285.47
556.42 307.57
523.67 319.85
498.30 289.56
513.03 268.28
504.03 256.82
496.66 261.73
481.11 217.53
542.50 294.47
607.98 250.27
923.12 299.39
910.85 301.84
910.03 289.56
725.85 274.83
506.48 196.25
753.68 254.37
495.87 198.49
507.62 37.30
