29.55 338.99
95.86 375.82
144.97 383.19
167.89 387.28
225.19 392.20
302.95 412.66
363.52 429.85
379.07 432.30
421.64 493.70
532.96 417.57
2.54 298.88
33.65 301.34
23.82 291.51
99.13 311.98
216.18 325.89
295.58 344.72
333.23 335.72
455.20 363.55
491.21 361.91
63.93 278.42
45.11 279.24
36.92 284.15
74.57 279.24
84.40 284.97
108.95 278.42
123.69 281.69
167.89 291.51
199.81 290.70
215.36 287.42
244.01 291.51
266.11 294.79
299.67 294.79
404.45 301.34
435.55 306.25
478.12 307.89
516.59 318.53
522.32 266.96
485.48 269.41
363.52 258.77
348.79 265.32
316.86 266.96
291.49 264.50
260.38 264.50
241.56 264.50
180.99 263.68
165.43 263.68
134.33 261.23
119.59 256.32
104.86 261.23
86.03 255.50
45.93 261.23
34.47 261.23
14.00 255.50
2.54 259.59
2.54 246.49
14.00 244.04
22.19 246.49
39.38 235.85
50.02 241.58
59.84 247.31
73.76 244.04
91.76 237.49
101.59 241.58
80.30 230.94
68.84 229.31
61.48 235.03
79.49 221.12
112.23 227.67
134.33 239.13
124.51 225.21
107.32 223.58
90.95 221.12
114.68 212.12
131.87 219.48
135.15 229.31
149.88 233.40
140.88 217.85
151.52 217.85
162.98 210.48
170.34 196.56
184.26 192.47
180.17 206.39
173.62 206.39
177.71 219.48
191.63 223.58
163.80 241.58
184.26 244.04
203.90 242.40
221.91 241.58
212.09 230.94
220.28 206.39
208.82 200.66
194.90 201.47
199.81 185.10
207.18 189.20
221.91 180.19
226.82 191.65
234.19 199.02
247.29 208.02
226.82 212.12
233.37 221.12
237.46 226.85
255.47 223.58
267.75 209.66
273.48 221.12
270.21 244.04
294.76 226.03
307.86 223.58
281.67 207.20
281.67 196.56
294.76 196.56
317.68 212.12
302.95 210.48
312.77 198.20
326.69 190.01
317.68 183.47
348.79 192.47
342.24 208.02
342.24 223.58
400.36 219.48
387.26 200.66
368.43 190.83
388.90 181.83
407.72 181.01
408.54 193.29
420.00 206.39
433.92 196.56
444.56 214.57
435.55 179.37
465.02 194.93
460.93 184.29
451.92 175.28
429.00 172.01
381.53 166.28
366.80 164.64
357.79 179.37
347.15 163.82
356.15 158.09
341.42 154.82
331.60 167.10
320.14 169.55
308.68 172.01
292.31 175.28
280.85 175.28
275.94 161.37
231.74 177.74
238.28 177.74
251.38 166.28
264.48 168.73
253.02 172.01
254.65 181.01
244.83 185.92
254.65 192.47
267.75 177.74
271.84 185.10
286.58 163.00
291.49 157.27
298.86 161.37
311.13 154.82
320.14 153.18
332.42 144.99
336.51 149.09
356.97 143.36
349.61 140.08
361.88 137.63
355.34 149.09
366.80 149.91
374.98 139.27
378.25 131.90
382.35 149.09
400.36 140.08
398.72 151.54
415.91 155.64
413.45 135.17
420.00 126.17
428.19 126.99
430.64 122.89
424.91 117.16
413.45 118.80
399.54 120.44
405.27 126.17
390.53 123.71
391.35 134.35
424.09 149.91
432.28 149.91
451.11 144.99
448.65 135.17
445.38 124.53
439.65 117.16
458.47 111.43
456.02 120.44
463.38 124.53
469.93 124.53
468.29 109.80
478.12 107.34
467.48 135.17
447.01 155.64
473.21 146.63
490.40 141.72
484.67 131.90
488.76 117.16
501.85 109.80
496.13 126.99
503.49 129.44
500.22 154.82
483.85 157.27
476.48 167.10
519.86 122.89
514.95 123.71
529.69 99.97
514.95 105.70
534.60 114.71
542.78 111.43
537.87 120.44
531.32 132.72
524.77 150.72
516.59 144.18
511.68 140.08
543.60 149.91
532.96 163.82
501.85 167.10
509.22 181.01
481.39 181.01
496.13 192.47
507.58 214.57
540.33 226.85
521.50 201.47
456.02 157.27
140.88 206.39
153.15 208.84
153.97 196.56
338.15 181.83
310.32 161.37
121.39 468.72
