5.40 3.12
88.28 3.12
77.34 19.24
59.50 37.65
90.00 33.63
33.60 36.50
14.03 33.63
22.09 19.24
31.30 18.09
40.51 19.81
2.52 23.27
5.97 114.20
19.79 114.78
14.03 133.19
34.18 128.01
42.81 102.12
35.33 103.84
51.44 108.45
76.19 94.06
64.68 94.06
69.86 104.99
66.41 122.26
78.49 113.05
79.07 125.14
88.85 135.50
68.13 145.28
56.62 136.65
49.72 145.28
54.32 158.52
26.12 160.24
31.87 166.58
10.58 155.64
0.79 158.52
3.10 191.90
15.18 194.78
32.45 203.41
16.91 213.19
52.02 184.42
52.02 205.71
65.26 212.04
41.08 229.88
25.54 237.37
47.99 362.83
62.95 309.88
46.84 309.31
41.66 321.40
22.67 289.17
32.45 260.96
41.08 243.70
52.59 263.84
72.74 266.14
80.79 283.99
73.89 339.81
81.37 357.65
110.15 355.93
102.67 336.36
122.23 316.22
111.30 305.86
103.24 297.80
113.60 251.76
122.23 229.88
118.78 207.44
91.15 201.68
151.59 353.63
134.32 345.57
225.26 318.52
180.36 313.91
179.79 278.81
144.68 292.04
155.04 248.88
163.67 278.81
140.08 248.88
129.14 177.51
79.64 183.27
88.85 183.84
101.51 172.91
92.88 154.49
99.21 158.52
111.30 124.56
104.97 103.84
100.36 88.88
96.33 82.55
118.21 90.03
142.95 69.88
121.66 113.05
149.28 131.47
139.50 158.52
115.90 156.22
172.31 140.68
201.08 357.65
236.19 347.29
244.82 324.27
257.49 305.86
231.01 293.19
211.44 275.93
254.03 283.99
285.11 301.83
314.46 301.83
336.91 353.63
329.43 327.73
359.36 305.86
343.24 301.25
346.69 267.87
366.26 258.66
382.38 289.74
375.47 355.93
378.92 237.37
370.87 231.04
371.44 209.17
326.55 212.04
306.98 243.70
313.89 257.51
285.11 243.70
274.18 269.02
256.91 240.82
263.24 217.22
295.47 216.07
312.74 197.08
314.46 175.78
332.88 177.51
368.56 182.69
375.47 164.85
156.19 179.81
168.85 199.96
194.18 229.31
176.33 168.30
194.18 191.90
206.84 175.78
210.29 190.75
220.08 219.53
217.20 240.82
256.91 197.08
240.22 192.47
238.49 167.15
263.24 167.73
267.85 182.69
296.62 182.69
288.56 169.45
287.41 154.49
285.11 138.37
243.67 140.68
222.95 142.40
194.75 140.68
204.54 118.23
186.69 123.99
182.09 80.24
203.96 102.69
208.56 88.88
222.95 92.33
217.20 104.99
244.82 104.42
228.13 122.83
245.97 122.83
247.70 87.73
264.39 96.94
281.08 100.39
293.74 114.20
300.08 94.06
310.44 100.96
320.79 106.14
321.95 117.08
340.36 124.56
169.43 24.42
123.38 19.24
116.48 11.18
136.62 29.60
137.77 13.48
131.44 1.97
167.13 1.40
198.21 15.21
186.69 7.73
252.88 3.12
243.67 29.60
210.87 79.67
202.23 73.91
171.73 59.53
157.34 54.35
168.28 231.61
319.64 76.22
317.92 60.68
300.65 51.47
277.05 47.44
275.33 64.71
263.24 75.64
295.47 5.42
374.90 33.63
365.69 35.35
355.33 39.38
346.69 55.50
336.33 56.65
332.88 24.42
331.15 90.03
344.97 92.33
354.75 98.09
344.97 104.42
355.33 69.88
381.80 55.50
378.92 87.73
374.32 111.90
376.05 149.31
78.49 239.67
45.11 159.09
286.84 381.83
298.35 80.24
325.40 0.24
315.62 3.12
98.06 116.50
