63.26 323.52
18.36 318.91
17.79 283.81
1.67 283.81
10.31 145.68
39.08 362.65
74.19 352.29
82.82 329.27
95.49 310.86
69.01 298.19
49.44 280.93
92.03 288.99
123.11 306.83
152.46 306.83
174.91 358.63
167.43 332.73
197.36 310.86
181.24 306.25
184.69 272.87
204.26 263.66
220.38 294.74
213.47 360.93
246.28 313.16
275.05 301.07
287.14 338.48
305.56 343.66
336.64 347.69
280.81 382.22
373.47 283.23
363.69 269.99
323.97 299.35
334.33 259.06
309.01 267.69
264.69 261.94
253.18 246.97
216.92 242.37
208.87 236.04
209.44 214.17
164.55 217.04
144.98 248.70
151.89 262.51
123.11 248.70
112.18 274.02
94.91 245.82
101.24 222.22
133.47 221.07
150.74 202.08
152.46 180.78
170.88 182.51
206.56 187.69
213.47 169.85
233.62 175.60
280.81 170.42
315.34 205.53
352.18 197.47
337.21 210.14
366.56 230.28
341.82 226.83
295.20 238.34
265.27 224.53
283.69 204.38
6.85 204.96
32.18 234.31
14.33 173.30
32.18 196.90
44.84 180.78
48.29 195.75
58.08 224.53
55.20 245.82
94.91 202.08
78.22 197.47
76.49 172.15
101.24 172.73
105.85 187.69
134.62 187.69
126.56 174.45
125.41 159.49
123.11 143.37
81.67 145.68
60.95 147.40
32.75 145.68
42.54 123.23
24.69 128.99
20.09 85.24
41.96 107.69
46.56 93.88
60.95 97.33
55.20 109.99
82.82 109.42
66.13 127.83
83.97 127.83
85.70 92.73
102.39 101.94
119.08 105.39
131.74 119.20
138.08 99.06
148.44 105.96
158.79 111.14
159.95 122.08
178.36 129.56
7.43 29.42
5.13 6.40
32.75 4.09
36.21 20.21
24.69 12.73
50.59 2.37
90.88 8.12
81.67 34.60
48.87 84.67
40.23 78.91
9.73 64.53
6.28 236.61
157.64 81.22
155.92 65.68
138.65 56.47
115.05 52.44
113.33 69.71
101.24 80.64
133.47 10.42
212.90 38.63
203.69 40.35
193.33 44.38
184.69 60.50
174.33 61.65
170.88 29.42
169.15 95.03
182.97 97.33
192.75 103.09
182.97 109.42
193.33 74.88
219.80 60.50
240.52 26.54
267.00 32.29
271.03 39.20
259.51 54.74
241.67 48.41
271.60 64.53
258.36 68.55
246.28 86.97
238.22 86.97
216.92 92.73
228.44 107.69
212.32 116.90
254.91 122.08
239.95 123.23
244.55 136.47
236.49 155.46
214.05 154.31
269.30 152.58
282.54 120.93
274.48 97.33
291.17 78.91
283.69 74.88
311.89 48.41
324.55 46.68
332.61 22.51
352.18 11.00
372.90 17.33
364.26 27.12
347.00 34.60
356.78 50.71
341.82 71.43
346.42 86.97
372.32 88.70
379.23 63.37
378.08 104.81
345.27 108.84
380.38 123.23
365.99 136.47
309.59 123.81
316.49 140.50
345.27 160.06
374.05 166.40
136.35 85.24
254.33 288.99
319.95 104.81
323.97 70.86
170.31 4.67
163.40 5.24
153.62 8.12
246.28 234.31
279.66 272.87
304.98 320.64
