13.37 407.75
24.38 333.68
168.52 345.19
199.55 439.78
279.63 297.65
227.07 315.66
110.46 279.13
58.41 281.63
34.14 247.99
114.21 226.97
161.26 260.01
384.48 425.17
444.54 463.20
453.54 349.09
442.03 171.79
425.52 163.54
452.29 152.53
460.55 152.02
464.31 169.04
417.51 152.78
398.74 162.54
375.22 166.04
390.98 134.51
368.46 143.27
382.98 141.51
356.20 137.76
350.19 152.53
339.43 161.53
343.19 172.29
352.95 192.31
395.99 198.57
383.48 192.06
469.06 141.01
274.37 255.00
308.40 223.47
364.96 233.48
394.49 239.49
210.81 228.98
245.84 196.44
219.82 159.41
225.32 190.44
262.36 163.91
277.37 147.40
294.39 140.39
308.40 141.39
327.92 150.90
388.48 155.40
438.03 139.39
401.49 144.39
445.54 260.51
263.36 134.88
266.36 149.90
335.93 140.89
416.51 140.39
406.00 176.92
408.50 306.05
12.11 178.93
63.16 179.93
75.18 206.95
37.14 193.94
142.24 178.93
102.20 171.92
108.21 157.91
123.22 146.89
197.29 192.94
159.26 221.97
177.28 195.94
112.21 192.94
147.25 154.90
45.40 159.66
96.95 150.65
241.59 155.15
204.55 155.15
193.04 148.15
303.65 176.17
281.13 193.69
14.87 156.15
33.38 147.15
417.01 184.68
387.48 173.67
376.97 183.68
263.36 178.68
183.28 139.89
432.52 130.88
443.54 127.88
453.54 127.88
295.39 370.11
59.16 147.90
129.83 155.43
84.86 159.87
249.42 171.24
176.28 162.34
171.84 149.50
172.82 142.58
100.67 141.59
118.96 170.75
131.31 193.48
285.00 160.37
367.53 153.94
319.59 149.50
254.36 134.67
254.36 142.58
230.15 142.58
224.22 137.14
203.46 139.12
194.07 138.13
162.94 134.67
151.08 134.67
144.66 142.58
129.83 138.13
112.04 140.11
321.08 137.14
305.76 133.19
242.50 139.12
333.43 210.77
48.79 218.68
25.07 166.79
36.93 157.90
215.32 166.79
214.83 143.57
213.35 136.15
136.75 166.79
159.48 172.72
41.37 174.20
4.80 148.51
15.68 141.59
79.26 147.23
87.23 138.91
47.39 143.41
71.29 142.72
76.14 137.53
159.27 159.00
26.26 139.26
176.25 176.67
470.23 131.64
464.09 135.94
473.61 157.44
406.73 135.01
451.50 136.97
292.55 154.04
302.62 148.72
307.10 146.76
297.31 158.51
308.50 213.36
373.70 216.16
447.02 195.45
470.53 146.76
41.77 139.38
274.55 133.78
283.21 131.74
295.95 129.70
316.83 130.21
332.11 131.23
345.36 132.25
380.50 131.23
403.93 130.21
418.20 130.21
475.76 129.70
469.13 126.65
