110.63 342.65
58.07 360.66
215.48 470.17
284.54 394.09
335.59 375.07
388.65 436.13
462.72 274.98
273.03 216.79
256.52 208.54
283.29 197.53
291.55 197.02
295.31 214.04
346.61 189.02
360.12 192.77
374.13 206.28
397.15 194.27
411.67 198.78
248.51 197.78
229.74 207.54
206.22 211.04
221.98 179.51
199.46 188.27
213.98 186.51
187.20 182.76
181.19 197.53
170.43 206.53
174.19 217.29
183.95 237.31
226.99 243.57
214.48 237.06
312.57 194.27
300.06 186.01
105.37 300.00
139.40 268.47
195.96 278.48
225.49 284.49
41.81 273.98
76.84 241.44
50.82 204.41
56.32 235.44
93.36 208.91
108.37 192.40
125.39 185.39
139.40 186.39
158.92 195.90
219.48 200.40
269.03 184.39
232.49 189.39
442.20 200.40
427.68 220.92
404.66 219.42
379.64 235.44
406.16 249.95
463.22 233.44
446.20 225.43
477.23 212.41
363.12 225.43
341.10 248.45
320.58 263.97
276.54 305.51
394.15 316.02
345.10 292.99
440.20 187.89
417.67 187.89
94.36 179.88
97.36 194.90
166.93 185.89
247.51 185.39
237.00 221.92
451.21 192.40
427.93 196.27
462.72 188.02
239.50 351.05
28.29 237.94
8.28 240.94
72.59 200.15
35.55 200.15
24.04 193.15
134.65 221.17
112.13 238.69
248.01 229.68
316.08 181.63
357.12 175.63
333.09 203.66
218.48 218.67
207.97 228.68
94.36 223.68
469.98 191.89
471.48 182.39
14.28 184.89
263.52 175.88
274.54 172.88
284.54 172.88
126.39 415.11
80.42 216.24
7.28 207.34
2.84 194.50
3.82 187.58
116.00 205.37
198.53 198.94
150.59 194.50
85.36 179.67
85.36 187.58
61.15 187.58
55.22 182.14
34.46 184.12
25.07 183.13
152.08 182.14
136.76 178.19
73.50 184.12
164.43 255.77
46.32 211.79
45.83 188.57
44.35 181.15
7.25 221.67
421.05 178.48
415.52 179.09
407.84 185.55
402.31 181.86
379.27 189.23
379.88 182.17
392.17 177.87
447.17 202.44
462.22 204.60
459.77 198.76
369.13 180.94
334.10 180.63
327.35 186.47
301.23 176.64
295.09 180.94
327.96 176.33
304.61 202.44
451.65 179.88
455.95 176.29
425.51 273.70
439.47 248.64
426.58 247.92
448.07 208.88
454.51 210.67
430.16 183.46
237.73 180.01
282.50 181.97
324.20 176.93
123.55 199.04
133.62 193.72
138.10 191.76
128.31 203.51
139.50 258.36
204.70 261.16
278.02 240.45
301.53 191.76
310.57 227.93
341.60 223.93
105.55 178.78
114.21 176.74
126.95 174.70
147.83 175.21
163.11 176.23
176.36 177.25
211.50 176.23
234.93 175.21
249.20 175.21
310.32 177.76
306.76 174.70
300.13 171.65
337.32 174.70
345.98 168.59
344.45 173.18
370.43 171.65
378.07 173.69
388.25 171.14
392.84 171.65
396.40 169.10
398.44 176.74
405.06 176.74
423.91 176.23
433.08 176.23
440.72 177.25
464.66 175.72
471.28 175.21
