512.39 595.20
593.23 510.18
608.57 344.31
530.51 381.94
505.42 289.95
451.06 368.01
10.61 349.89
55.22 303.89
3.65 271.83
90.06 397.28
173.69 358.25
247.57 289.95
304.71 305.28
357.68 253.71
435.73 313.65
465.00 232.80
597.42 217.47
12.47 116.42
19.44 112.94
19.44 105.97
26.41 111.54
15.96 154.75
43.14 159.63
64.04 151.96
72.41 138.02
94.01 127.57
82.16 108.75
86.35 93.42
71.01 96.91
61.26 108.75
52.20 108.06
40.35 94.12
150.46 150.57
151.16 133.84
150.46 119.90
139.31 111.54
156.04 98.30
146.98 85.76
156.73 73.91
112.13 117.81
119.80 89.94
116.31 98.30
110.74 93.42
124.68 147.78
183.22 171.48
201.34 149.87
184.61 115.03
188.10 93.42
204.82 92.03
211.79 108.06
224.33 86.45
244.55 89.94
240.36 103.88
247.33 118.51
259.88 108.06
276.60 89.94
284.27 108.06
303.78 101.09
288.45 83.67
305.18 91.33
285.66 93.42
302.39 73.91
323.30 76.70
331.66 79.48
333.75 72.51
257.09 140.12
241.06 150.57
225.03 159.63
248.03 214.68
296.81 195.17
297.51 144.99
319.12 127.57
326.08 117.81
305.18 117.81
317.72 103.18
328.18 103.18
330.96 92.03
360.93 113.63
355.35 99.69
365.81 78.79
368.60 70.42
388.11 87.15
413.20 76.00
411.11 142.21
375.57 128.96
351.87 137.33
454.55 122.34
442.70 120.25
444.79 102.83
447.58 77.04
439.91 74.95
467.79 84.01
458.73 76.35
462.21 105.62
475.46 104.92
496.36 120.95
512.39 116.07
515.88 143.25
545.84 137.68
543.06 122.34
534.69 108.41
547.94 100.04
524.94 95.16
534.69 81.92
522.85 78.44
505.42 98.65
581.39 109.80
579.30 89.59
590.45 70.08
610.66 65.20
2.95 93.94
9.22 68.51
20.72 77.22
29.08 72.34
21.07 69.90
29.08 57.36
44.41 64.67
53.82 71.29
59.75 62.23
67.76 67.46
38.84 108.58
75.43 61.19
81.35 63.63
78.21 71.29
89.37 73.73
83.44 74.78
97.73 74.78
103.30 68.86
94.59 56.31
101.91 51.43
78.91 50.74
86.23 45.16
108.53 42.72
119.33 41.68
108.88 52.48
107.83 60.49
113.76 62.93
112.71 72.34
115.85 80.01
137.80 84.54
135.01 69.90
123.86 61.19
128.74 53.87
127.00 47.95
128.04 39.24
135.71 37.49
144.77 36.10
136.41 47.25
140.94 52.13
147.56 60.49
156.62 58.05
161.15 65.37
165.33 73.73
141.29 63.63
129.44 66.42
175.55 71.12
183.57 69.03
198.90 76.35
213.71 63.28
217.37 57.53
205.52 57.70
179.56 57.01
184.96 52.65
175.38 49.17
178.34 42.20
165.79 51.61
165.27 44.64
157.26 42.90
159.52 33.14
155.69 34.01
168.06 25.12
169.80 16.76
152.55 24.60
174.85 16.24
178.51 16.59
181.47 27.74
173.63 23.90
173.46 31.05
185.66 35.75
190.88 29.65
192.80 18.68
196.11 15.37
203.95 18.68
201.51 26.34
205.17 24.78
207.26 14.84
213.36 25.12
216.32 19.03
219.46 16.76
210.22 20.42
213.01 19.03
211.09 28.96
207.78 34.53
201.34 36.80
199.25 33.49
207.96 40.11
211.62 44.81
212.84 36.80
224.68 32.44
219.80 36.80
223.46 17.81
229.21 16.76
235.66 16.59
233.92 38.37
241.93 38.71
240.54 30.00
242.11 23.56
244.72 21.47
246.81 50.91
250.47 43.59
251.17 34.71
248.55 33.31
245.42 34.36
232.00 58.92
238.62 56.49
227.12 48.65
229.04 42.90
228.86 38.02
228.34 67.81
244.55 75.13
263.71 78.96
260.40 61.36
263.19 51.61
263.71 37.15
268.76 32.44
263.36 27.04
259.35 31.92
253.95 19.03
260.57 17.46
264.41 20.42
276.60 59.45
277.47 42.20
288.45 40.80
287.93 32.79
279.39 22.68
297.16 26.34
275.38 16.24
304.13 6.66
302.56 20.07
298.38 22.34
297.16 73.73
302.56 62.41
299.08 55.44
292.98 58.40
289.32 61.89
288.45 50.56
295.07 41.50
296.99 36.10
301.17 31.05
302.74 36.62
308.31 43.42
315.28 63.11
322.77 54.74
318.24 48.65
323.65 63.98
328.35 58.23
332.70 51.08
321.55 36.62
315.11 34.71
315.11 27.91
337.06 33.31
333.05 37.84
329.22 39.93
345.25 28.43
346.47 22.34
347.17 35.23
344.03 39.06
350.30 53.70
341.76 51.08
340.72 62.76
325.04 7.70
333.92 7.70
341.76 5.78
381.14 49.69
386.02 44.81
393.68 52.48
387.41 69.90
401.00 65.37
417.38 69.90
407.62 42.02
401.35 39.93
407.97 14.84
415.99 12.41
430.62 44.81
446.30 47.95
447.35 39.59
454.32 39.24
446.30 30.87
440.03 27.74
451.88 21.12
445.61 64.67
455.71 66.07
464.77 56.31
473.13 49.69
465.47 42.02
471.04 37.15
485.68 35.06
490.90 44.81
497.87 34.71
505.19 37.84
513.55 34.71
520.52 44.46
521.57 52.48
523.31 62.93
510.07 67.46
510.77 58.75
544.22 57.70
534.81 48.99
545.61 46.90
547.01 39.93
555.37 41.68
568.26 52.13
531.67 35.40
162.19 14.19
160.54 9.23
166.90 7.48
163.41 7.48
174.82 10.88
175.96 14.10
179.79 11.93
181.18 6.87
183.88 4.70
182.75 2.52
172.12 2.26
175.35 2.26
186.93 11.06
189.20 4.96
186.76 1.30
189.46 0.51
198.52 2.69
198.26 12.62
200.35 6.79
202.70 7.05
202.44 2.17
206.88 2.34
212.72 1.56
211.41 11.06
216.03 14.28
217.60 3.26
223.35 0.82
236.76 3.78
231.54 5.52
230.32 11.10
233.63 11.97
251.05 7.96
215.68 7.09
190.24 8.31
266.56 2.04
319.70 5.70
357.33 5.18
360.47 12.49
370.40 10.40
370.05 4.48
375.27 8.66
384.16 6.92
389.39 10.05
392.52 11.10
391.65 4.48
423.88 5.00
425.80 11.45
436.08 6.74
432.25 21.20
410.82 41.07
445.31 7.96
444.44 18.42
450.02 7.96
443.22 11.62
466.74 6.74
457.51 6.22
478.94 0.30
544.97 0.82
546.19 9.88
548.11 18.07
540.97 14.93
558.39 1.25
570.24 5.09
581.39 18.33
600.20 0.21
611.35 1.60
607.52 19.72
603.69 42.37
592.54 48.99
580.17 62.76
588.88 56.66
597.59 59.80
598.46 70.08
254.00 11.80
243.72 9.98
223.71 11.80
227.35 8.16
253.57 4.84
183.57 10.73
157.57 25.71
460.87 23.89
479.71 13.08
570.57 34.81
542.00 75.85
548.31 75.85
504.75 60.23
479.07 75.96
482.60 65.36
476.71 65.04
496.94 77.24
433.80 58.62
420.95 69.32
403.83 105.28
395.48 81.10
354.60 87.09
364.23 33.36
372.58 27.80
569.72 70.82
605.89 104.96
