225.39 546.20
306.23 461.18
571.06 370.58
534.82 261.86
466.53 278.59
421.92 270.22
321.57 295.31
243.51 332.94
218.42 240.95
164.06 319.01
17.71 256.28
70.68 204.71
148.73 264.65
178.00 183.80
310.42 168.47
582.21 100.18
605.91 93.21
544.58 141.99
516.70 102.96
440.04 114.11
449.80 98.78
352.23 76.48
16.78 52.09
1.45 34.67
18.18 42.33
15.39 24.91
36.30 27.70
44.66 30.48
46.75 23.51
9.81 146.17
10.51 95.99
32.12 78.57
39.08 68.81
18.18 68.81
30.72 54.18
41.18 54.18
43.96 43.03
73.93 64.63
68.35 50.69
78.81 29.79
81.60 21.42
101.11 38.15
126.20 27.00
124.11 93.21
88.57 79.96
64.87 88.33
167.55 73.34
155.70 71.25
157.79 53.83
160.58 28.04
152.91 25.95
180.79 35.01
171.73 27.35
175.21 56.62
188.46 55.92
209.36 71.95
225.39 67.07
228.88 94.25
258.84 88.68
256.06 73.34
247.69 59.41
260.94 51.04
237.94 46.16
247.69 32.92
235.85 29.44
218.42 49.65
294.39 60.80
292.30 40.59
303.45 21.08
323.66 16.20
329.93 45.47
368.96 68.47
383.59 50.35
398.23 60.10
471.40 50.35
10.16 24.73
15.56 13.41
12.08 6.44
5.98 9.40
2.32 12.89
1.45 1.56
28.28 14.11
35.77 5.74
36.65 14.98
41.35 9.23
45.70 2.08
63.30 4.70
54.76 2.08
53.72 13.76
94.14 0.69
106.68 3.48
100.41 20.90
114.00 16.37
130.38 20.90
158.61 15.67
168.71 17.07
177.77 7.31
186.13 0.69
234.57 3.48
236.31 13.93
223.07 18.46
223.77 9.75
257.22 8.70
281.26 3.13
293.17 13.76
301.88 7.66
310.59 10.80
311.46 21.08
340.91 8.88
353.63 9.23
357.46 1.56
509.04 27.17
511.13 35.54
511.48 46.69
494.40 41.81
536.91 43.55
549.11 42.85
547.37 49.13
557.47 34.84
539.35 24.73
538.31 13.58
535.17 9.75
545.97 9.75
593.36 6.27
582.56 18.46
570.37 14.63
589.53 52.26
588.49 41.81
255.00 26.85
261.31 26.85
217.75 11.23
192.07 26.96
195.60 16.36
189.71 16.04
209.94 28.24
146.80 9.62
133.95 20.32
116.83 56.28
108.48 32.10
67.60 38.09
282.72 21.82
473.22 130.02
466.58 77.26
492.70 59.92
407.72 71.80
435.97 87.43
318.89 55.96
