254.57 475.80
40.37 537.00
25.63 411.20
1.83 340.93
9.77 368.13
39.23 326.20
55.10 351.13
68.70 372.67
111.77 391.93
133.30 342.07
163.90 382.87
235.30 381.73
319.17 394.20
390.57 361.33
473.30 389.67
111.77 328.47
75.50 322.80
59.63 319.40
38.10 300.13
12.03 305.80
103.83 310.33
78.90 303.53
321.43 337.53
345.23 329.60
301.03 327.33
277.23 328.47
234.17 351.13
244.37 330.73
422.30 335.27
438.17 351.13
450.63 329.60
473.30 321.67
488.03 334.13
524.30 339.80
519.77 317.13
544.70 311.47
548.53 285.97
545.70 272.37
551.93 266.13
540.60 267.27
555.33 244.03
554.20 238.93
546.27 244.03
548.53 230.43
539.47 236.67
545.70 237.80
500.37 287.67
481.67 291.07
476.57 301.83
519.63 273.50
524.73 261.03
525.30 251.97
545.13 255.37
510.00 257.07
502.63 265.57
499.80 257.07
494.13 250.27
494.70 273.50
485.07 265.57
478.27 261.60
445.97 313.17
432.93 302.40
421.60 302.40
385.90 315.43
398.93 308.63
359.83 320.53
408.00 300.13
421.60 282.00
412.53 283.70
431.23 289.93
417.63 288.80
445.40 278.60
443.13 270.67
429.53 273.50
418.77 273.50
407.43 276.33
438.60 254.23
455.60 265.57
449.93 258.20
420.47 261.03
457.87 254.23
455.03 245.17
468.63 244.03
459.00 232.70
470.90 237.80
475.43 231.57
474.87 218.53
464.10 213.43
488.47 216.27
493.00 208.33
511.70 218.53
510.57 227.60
519.63 223.63
524.73 220.23
531.53 228.73
508.30 240.63
496.97 242.90
489.03 238.93
401.77 266.70
388.17 273.50
384.77 293.90
368.33 293.90
347.93 306.37
329.23 300.13
318.47 291.07
291.83 309.20
275.97 302.40
292.40 296.73
292.97 287.10
308.83 275.77
319.60 276.90
330.37 271.80
366.63 271.23
374.00 263.30
358.70 263.30
367.77 256.50
387.03 251.40
410.83 245.73
416.50 245.73
427.83 235.53
407.43 216.27
398.93 223.63
395.53 233.83
401.77 231.57
411.40 232.70
417.07 227.60
397.80 244.03
449.37 222.50
443.70 242.90
432.93 246.30
415.93 251.40
427.27 250.27
256.13 293.90
251.60 309.20
233.47 297.87
221.00 301.83
202.87 295.03
233.47 266.70
248.77 263.30
266.33 264.43
266.33 276.90
280.50 273.50
291.27 280.87
299.20 269.53
283.90 267.27
252.17 276.33
245.93 278.60
228.37 280.87
16.70 281.43
9.33 263.30
26.90 279.17
64.30 286.53
63.73 327.90
55.23 300.13
45.03 263.30
49.57 268.40
35.40 269.53
31.43 258.77
22.93 258.20
40.50 253.10
43.90 246.87
21.80 236.67
54.67 245.73
75.63 273.50
85.83 282.57
73.37 292.77
100.00 293.90
93.20 305.80
114.73 306.37
65.43 263.87
51.83 255.93
64.87 254.80
79.03 259.33
88.67 264.43
93.77 272.37
80.73 251.97
93.77 258.20
100.57 259.33
107.93 267.27
70.53 248.00
95.47 248.57
86.40 230.43
79.60 231.57
91.50 221.37
105.67 240.63
105.10 229.30
93.77 240.63
120.97 249.13
127.20 244.60
120.40 283.70
127.77 287.67
126.07 275.20
120.97 268.97
131.17 301.83
141.37 323.37
120.97 324.50
150.43 310.33
169.13 320.53
158.93 329.03
177.07 304.10
163.47 292.77
147.03 297.87
157.23 300.70
180.47 289.37
174.80 280.30
180.47 275.20
149.30 282.57
136.83 281.43
152.13 275.20
136.83 263.87
147.03 262.17
153.27 259.33
157.23 266.13
168.57 257.07
164.03 246.87
141.93 250.83
141.37 241.77
154.97 239.50
144.20 229.30
136.83 228.17
127.20 221.37
119.83 219.10
111.90 223.07
110.20 208.90
110.20 199.83
102.27 199.83
120.97 202.10
126.07 207.20
131.73 204.93
143.07 207.20
157.23 217.97
165.17 228.17
174.80 236.67
191.80 267.27
188.97 253.67
177.63 255.93
187.83 246.87
187.27 231.57
173.10 208.90
162.33 202.10
169.70 203.80
178.20 197.57
214.90 252.53
208.67 259.90
203.00 263.30
230.20 257.63
275.53 248.00
267.03 245.17
265.90 236.10
214.33 232.70
203.00 229.87
192.23 220.80
196.20 200.40
199.60 196.43
179.20 208.33
195.07 210.60
185.43 210.60
212.07 215.70
204.70 215.70
225.67 214.57
237.00 213.43
235.87 227.03
244.37 234.97
244.93 242.90
226.23 242.90
255.70 221.93
262.50 221.93
291.40 231.00
297.07 228.73
285.73 227.03
303.87 234.97
311.80 242.90
316.90 253.67
306.13 259.33
340.13 258.77
348.07 249.13
354.30 242.33
351.47 229.87
354.87 221.93
373.57 220.80
389.43 220.80
375.27 236.10
379.23 224.77
384.90 233.83
368.47 211.73
359.97 206.63
346.37 216.83
350.90 209.47
331.63 228.17
329.93 237.23
338.43 242.33
314.63 232.13
296.50 219.67
70.40 212.87
63.60 205.50
57.93 206.63
73.80 221.93
77.20 217.97
83.43 215.70
64.73 220.80
328.23 202.67
323.70 206.07
340.70 203.80
212.40 194.17
210.87 200.82
205.75 205.43
219.56 206.96
222.12 198.78
226.72 203.38
229.79 198.26
235.42 200.82
245.14 199.29
247.69 206.45
241.05 208.49
253.32 197.75
255.37 193.15
263.04 199.29
266.11 194.68
264.06 207.47
257.41 204.91
273.78 198.78
285.54 200.82
283.50 210.03
296.80 210.54
295.77 199.29
297.31 198.78
310.61 202.87
319.81 200.82
316.23 214.12
308.56 216.17
351.53 202.36
361.25 197.24
72.25 234.58
84.53 197.75
89.64 199.80
84.02 205.94
98.85 206.45
94.76 196.22
425.69 220.77
432.85 224.86
198.59 308.36
