507.57 498.80
113.17 413.80
44.03 418.33
39.50 374.13
61.03 385.47
55.37 360.53
30.43 346.93
65.57 344.67
278.63 434.20
217.43 426.27
168.70 404.73
125.63 363.93
186.83 362.80
129.03 344.67
110.90 332.20
13.43 351.47
172.10 335.60
152.83 341.27
223.10 362.80
232.17 382.07
209.50 333.33
249.17 350.33
254.83 363.93
262.77 391.13
235.57 349.20
235.57 332.20
292.23 349.20
308.10 374.13
321.70 395.67
364.77 414.93
386.30 365.07
416.90 405.87
488.30 404.73
364.77 351.47
328.50 345.80
312.63 342.40
291.10 323.13
265.03 328.80
356.83 333.33
331.90 326.53
554.03 350.33
530.23 351.47
487.17 374.13
497.37 353.73
544.83 332.20
528.97 325.40
545.40 319.73
545.97 310.10
509.13 316.90
504.60 332.20
486.47 320.87
474.00 324.83
455.87 318.03
486.47 289.70
501.77 286.30
519.33 287.43
519.33 299.90
533.50 296.50
544.27 303.87
552.20 292.53
536.90 290.27
505.17 299.33
498.93 301.60
481.37 303.87
179.60 311.80
164.87 311.80
163.17 325.97
155.80 280.07
202.27 274.97
195.47 316.90
223.80 310.67
206.23 317.47
150.70 311.80
196.60 300.47
249.30 309.53
244.77 320.87
269.70 304.43
249.87 297.07
234.57 299.33
223.80 300.47
227.77 290.27
240.23 286.30
262.33 286.30
279.90 302.17
317.30 309.53
316.73 350.90
308.23 323.13
298.03 286.30
302.57 291.40
288.40 292.53
284.43 281.77
275.93 281.20
293.50 276.10
296.90 269.87
274.80 259.67
307.67 268.73
328.63 296.50
338.83 305.57
326.37 315.77
353.00 316.90
346.20 328.80
367.73 329.37
318.43 286.87
304.83 278.93
317.87 277.80
332.03 282.33
341.67 287.43
346.77 295.37
333.73 274.97
346.77 281.20
353.57 282.33
360.93 290.27
323.53 271.00
348.47 271.57
339.40 253.43
332.60 254.57
344.50 244.37
358.67 263.63
358.10 252.30
346.77 263.63
373.97 272.13
380.20 267.60
373.40 306.70
380.77 310.67
379.07 298.20
373.97 291.97
384.17 324.83
394.37 346.37
373.97 347.50
403.43 333.33
422.13 343.53
411.93 352.03
430.07 327.10
416.47 315.77
400.03 320.87
410.23 323.70
433.47 312.37
427.80 303.30
433.47 298.20
402.30 305.57
389.83 304.43
405.13 298.20
389.83 286.87
400.03 285.17
406.27 282.33
410.23 289.13
421.57 280.07
417.03 269.87
394.93 273.83
394.37 264.77
407.97 262.50
397.20 252.30
389.83 251.17
380.20 244.37
372.83 242.10
364.90 246.07
363.20 231.90
363.20 222.83
355.27 222.83
373.97 225.10
379.07 230.20
384.73 227.93
396.07 230.20
410.23 240.97
418.17 251.17
427.80 259.67
444.80 290.27
441.97 276.67
430.63 278.93
440.83 269.87
440.27 254.57
426.10 231.90
415.33 225.10
422.70 226.80
431.20 220.57
467.90 275.53
461.67 282.90
456.00 286.30
483.20 280.63
528.53 271.00
520.03 268.17
518.90 259.10
467.33 255.70
456.00 252.87
445.23 243.80
449.20 223.40
452.60 219.43
432.20 231.33
448.07 233.60
438.43 233.60
465.07 238.70
457.70 238.70
478.67 237.57
490.00 236.43
488.87 250.03
497.37 257.97
497.93 265.90
479.23 265.90
508.70 244.93
515.50 244.93
544.40 254.00
550.07 251.73
538.73 250.03
556.87 257.97
549.50 242.67
323.40 235.87
316.60 228.50
310.93 229.63
326.80 244.93
330.20 240.97
336.43 238.70
317.73 243.80
465.40 217.17
463.87 223.82
458.75 228.43
472.56 229.96
475.12 221.78
479.72 226.38
482.79 221.26
488.42 223.82
498.14 222.29
500.69 229.45
494.05 231.49
506.32 220.75
508.37 216.15
516.04 222.29
519.11 217.68
517.06 230.47
510.41 227.91
526.78 221.78
538.54 223.82
536.50 233.03
549.80 233.54
548.77 222.29
550.31 221.78
325.25 257.58
337.53 220.75
342.64 222.80
337.02 228.94
351.85 229.45
347.76 219.22
451.59 331.36
