66.63 515.20
5.43 507.27
11.10 443.80
20.17 463.07
37.17 431.33
42.83 444.93
50.77 472.13
23.57 430.20
23.57 413.20
80.23 430.20
96.10 455.13
109.70 476.67
152.77 495.93
174.30 446.07
204.90 486.87
276.30 485.73
360.17 498.20
431.57 465.33
514.30 493.67
152.77 432.47
116.50 426.80
100.63 423.40
79.10 404.13
53.03 409.80
144.83 414.33
119.90 407.53
362.43 441.53
386.23 433.60
342.03 431.33
318.23 432.47
275.17 455.13
285.37 434.73
463.30 439.27
479.17 455.13
491.63 433.60
514.30 425.67
529.03 438.13
541.37 391.67
522.67 395.07
517.57 405.83
551.00 361.07
543.63 369.57
540.80 361.07
535.13 354.27
535.70 377.50
526.07 369.57
519.27 365.60
486.97 417.17
473.93 406.40
462.60 406.40
426.90 419.43
439.93 412.63
400.83 424.53
449.00 404.13
462.60 386.00
453.53 387.70
472.23 393.93
458.63 392.80
486.40 382.60
484.13 374.67
470.53 377.50
459.77 377.50
448.43 380.33
479.60 358.23
496.60 369.57
490.93 362.20
461.47 365.03
498.87 358.23
496.03 349.17
509.63 348.03
500.00 336.70
511.90 341.80
516.43 335.57
515.87 322.53
505.10 317.43
529.47 320.27
534.00 312.33
552.70 322.53
551.57 331.60
549.30 344.63
537.97 346.90
530.03 342.93
442.77 370.70
429.17 377.50
425.77 397.90
409.33 397.90
388.93 410.37
370.23 404.13
359.47 395.07
332.83 413.20
316.97 406.40
333.40 400.73
333.97 391.10
349.83 379.77
360.60 380.90
371.37 375.80
407.63 375.23
415.00 367.30
399.70 367.30
408.77 360.50
428.03 355.40
451.83 349.73
457.50 349.73
468.83 339.53
448.43 320.27
439.93 327.63
436.53 337.83
442.77 335.57
452.40 336.70
458.07 331.60
438.80 348.03
490.37 326.50
484.70 346.90
473.93 350.30
456.93 355.40
468.27 354.27
297.13 397.90
292.60 413.20
274.47 401.87
262.00 405.83
243.87 399.03
274.47 370.70
289.77 367.30
307.33 368.43
307.33 380.90
321.50 377.50
332.27 384.87
340.20 373.53
324.90 371.27
293.17 380.33
286.93 382.60
269.37 384.87
11.80 391.67
37.30 390.53
32.77 401.87
57.70 385.43
37.87 378.07
22.57 380.33
11.80 381.47
15.77 371.27
28.23 367.30
50.33 367.30
67.90 383.17
105.30 390.53
104.73 431.90
96.23 404.13
86.03 367.30
90.57 372.40
76.40 373.53
72.43 362.77
63.93 362.20
81.50 357.10
84.90 350.87
62.80 340.67
95.67 349.73
116.63 377.50
126.83 386.57
114.37 396.77
141.00 397.90
134.20 409.80
155.73 410.37
106.43 367.87
92.83 359.93
105.87 358.80
120.03 363.33
129.67 368.43
134.77 376.37
121.73 355.97
134.77 362.20
141.57 363.33
148.93 371.27
111.53 352.00
136.47 352.57
127.40 334.43
120.60 335.57
132.50 325.37
146.67 344.63
146.10 333.30
134.77 344.63
161.97 353.13
168.20 348.60
161.40 387.70
168.77 391.67
167.07 379.20
161.97 372.97
172.17 405.83
182.37 427.37
161.97 428.50
191.43 414.33
210.13 424.53
199.93 433.03
218.07 408.10
204.47 396.77
188.03 401.87
198.23 404.70
221.47 393.37
215.80 384.30
221.47 379.20
190.30 386.57
177.83 385.43
193.13 379.20
177.83 367.87
188.03 366.17
194.27 363.33
198.23 370.13
209.57 361.07
205.03 350.87
182.93 354.83
182.37 345.77
195.97 343.50
185.20 333.30
177.83 332.17
168.20 325.37
160.83 323.10
152.90 327.07
151.20 312.90
151.20 303.83
143.27 303.83
161.97 306.10
167.07 311.20
172.73 308.93
184.07 311.20
198.23 321.97
206.17 332.17
215.80 340.67
232.80 371.27
229.97 357.67
218.63 359.93
228.83 350.87
228.27 335.57
214.10 312.90
203.33 306.10
210.70 307.80
219.20 301.57
255.90 356.53
249.67 363.90
244.00 367.30
271.20 361.63
316.53 352.00
308.03 349.17
306.90 340.10
255.33 336.70
244.00 333.87
233.23 324.80
237.20 304.40
240.60 300.43
220.20 312.33
236.07 314.60
226.43 314.60
253.07 319.70
245.70 319.70
266.67 318.57
278.00 317.43
276.87 331.03
285.37 338.97
285.93 346.90
267.23 346.90
296.70 325.93
303.50 325.93
332.40 335.00
338.07 332.73
326.73 331.03
344.87 338.97
352.80 346.90
357.90 357.67
347.13 363.33
381.13 362.77
389.07 353.13
395.30 346.33
392.47 333.87
395.87 325.93
414.57 324.80
430.43 324.80
416.27 340.10
420.23 328.77
425.90 337.83
409.47 315.73
400.97 310.63
387.37 320.83
391.90 313.47
372.63 332.17
370.93 341.23
379.43 346.33
355.63 336.13
337.50 323.67
111.40 316.87
104.60 309.50
98.93 310.63
114.80 325.93
118.20 321.97
124.43 319.70
105.73 324.80
369.23 306.67
364.70 310.07
381.70 307.80
253.40 298.17
251.87 304.82
246.75 309.43
260.56 310.96
263.12 302.78
267.72 307.38
270.79 302.26
276.42 304.82
286.14 303.29
288.69 310.45
282.05 312.49
294.32 301.75
296.37 297.15
304.04 303.29
307.11 298.68
305.06 311.47
298.41 308.91
314.78 302.78
326.54 304.82
324.50 314.03
337.80 314.54
336.77 303.29
338.31 302.78
351.61 306.87
360.81 304.82
357.23 318.12
349.56 320.17
392.53 306.36
402.25 301.24
113.25 338.58
125.53 301.75
130.64 303.80
125.02 309.94
139.85 310.45
135.76 300.22
466.69 324.77
473.85 328.86
239.59 412.36
