26.43 420.53
554.57 456.80
340.37 518.00
160.17 371.80
91.03 376.33
86.50 332.13
108.03 343.47
102.37 318.53
77.43 304.93
26.43 310.60
112.57 302.67
325.63 392.20
264.43 384.27
215.70 362.73
172.63 321.93
233.83 320.80
176.03 302.67
157.90 290.20
60.43 309.47
219.10 293.60
199.83 299.27
270.10 320.80
279.17 340.07
256.50 291.33
296.17 308.33
301.83 321.93
309.77 349.13
282.57 307.20
282.57 290.20
339.23 307.20
355.10 332.13
368.70 353.67
411.77 372.93
433.30 323.07
463.90 363.87
535.30 362.73
411.77 309.47
375.50 303.80
359.63 300.40
338.10 281.13
312.03 286.80
403.83 291.33
378.90 284.53
534.17 332.13
544.37 311.73
556.13 274.90
551.60 290.20
533.47 278.87
521.00 282.83
502.87 276.03
533.47 247.70
548.77 244.30
552.17 257.33
545.93 259.60
528.37 261.87
226.60 269.80
211.87 269.80
210.17 283.97
202.80 238.07
249.27 232.97
242.47 274.90
270.80 268.67
253.23 275.47
197.70 269.80
243.60 258.47
296.30 267.53
291.77 278.87
316.70 262.43
296.87 255.07
281.57 257.33
270.80 258.47
274.77 248.27
287.23 244.30
309.33 244.30
326.90 260.17
364.30 267.53
363.73 308.90
355.23 281.13
345.03 244.30
349.57 249.40
335.40 250.53
331.43 239.77
322.93 239.20
340.50 234.10
343.90 227.87
321.80 217.67
354.67 226.73
375.63 254.50
385.83 263.57
373.37 273.77
400.00 274.90
393.20 286.80
414.73 287.37
365.43 244.87
351.83 236.93
364.87 235.80
379.03 240.33
388.67 245.43
393.77 253.37
380.73 232.97
393.77 239.20
400.57 240.33
407.93 248.27
370.53 229.00
395.47 229.57
386.40 211.43
379.60 212.57
391.50 202.37
405.67 221.63
405.10 210.30
393.77 221.63
420.97 230.13
427.20 225.60
420.40 264.70
427.77 268.67
426.07 256.20
420.97 249.97
431.17 282.83
441.37 304.37
420.97 305.50
450.43 291.33
469.13 301.53
458.93 310.03
477.07 285.10
463.47 273.77
447.03 278.87
457.23 281.70
480.47 270.37
474.80 261.30
480.47 256.20
449.30 263.57
436.83 262.43
452.13 256.20
436.83 244.87
447.03 243.17
453.27 240.33
457.23 247.13
468.57 238.07
464.03 227.87
441.93 231.83
441.37 222.77
454.97 220.50
444.20 210.30
436.83 209.17
427.20 202.37
419.83 200.10
411.90 204.07
410.20 189.90
410.20 180.83
402.27 180.83
420.97 183.10
426.07 188.20
431.73 185.93
443.07 188.20
457.23 198.97
465.17 209.17
474.80 217.67
491.80 248.27
488.97 234.67
477.63 236.93
487.83 227.87
487.27 212.57
473.10 189.90
462.33 183.10
469.70 184.80
478.20 178.57
514.90 233.53
508.67 240.90
503.00 244.30
530.20 238.63
514.33 213.70
503.00 210.87
492.23 201.80
496.20 181.40
499.60 177.43
479.20 189.33
495.07 191.60
485.43 191.60
512.07 196.70
504.70 196.70
525.67 195.57
537.00 194.43
535.87 208.03
544.37 215.97
544.93 223.90
526.23 223.90
555.70 202.93
370.40 193.87
363.60 186.50
357.93 187.63
373.80 202.93
377.20 198.97
383.43 196.70
364.73 201.80
512.40 175.17
510.87 181.82
505.75 186.43
519.56 187.96
522.12 179.78
526.72 184.38
529.79 179.26
535.42 181.82
545.14 180.29
547.69 187.45
541.05 189.49
553.32 178.75
555.37 174.15
372.25 215.58
384.53 178.75
389.64 180.80
384.02 186.94
398.85 187.45
394.76 177.22
498.59 289.36
