334.57 556.80
105.63 492.20
44.43 484.27
13.83 420.80
50.10 420.80
59.17 440.07
36.50 391.33
76.17 408.33
81.83 421.93
89.77 449.13
62.57 407.20
62.57 390.20
119.23 407.20
135.10 432.13
148.70 453.67
191.77 472.93
213.30 423.07
243.90 463.87
315.30 462.73
399.17 475.20
470.57 442.33
553.30 470.67
191.77 409.47
155.50 403.80
139.63 400.40
118.10 381.13
92.03 386.80
183.83 391.33
158.90 384.53
401.43 418.53
425.23 410.60
381.03 408.33
357.23 409.47
314.17 432.13
324.37 411.73
502.30 416.27
518.17 432.13
530.63 410.60
553.30 402.67
556.57 382.83
525.97 394.17
512.93 383.40
501.60 383.40
465.90 396.43
478.93 389.63
439.83 401.53
488.00 381.13
501.60 363.00
492.53 364.70
511.23 370.93
497.63 369.80
525.40 359.60
523.13 351.67
509.53 354.50
498.77 354.50
487.43 357.33
518.60 335.23
535.60 346.57
529.93 339.20
500.47 342.03
537.87 335.23
535.03 326.17
548.63 325.03
539.00 313.70
550.90 318.80
555.43 312.57
554.87 299.53
544.10 294.43
481.77 347.70
468.17 354.50
464.77 374.90
448.33 374.90
427.93 387.37
409.23 381.13
398.47 372.07
371.83 390.20
355.97 383.40
372.40 377.73
372.97 368.10
388.83 356.77
399.60 357.90
410.37 352.80
446.63 352.23
454.00 344.30
438.70 344.30
447.77 337.50
467.03 332.40
490.83 326.73
496.50 326.73
507.83 316.53
487.43 297.27
478.93 304.63
475.53 314.83
481.77 312.57
491.40 313.70
497.07 308.60
477.80 325.03
529.37 303.50
523.70 323.90
512.93 327.30
495.93 332.40
507.27 331.27
336.13 374.90
331.60 390.20
313.47 378.87
301.00 382.83
282.87 376.03
313.47 347.70
328.77 344.30
346.33 345.43
346.33 357.90
360.50 354.50
371.27 361.87
379.20 350.53
363.90 348.27
332.17 357.33
325.93 359.60
308.37 361.87
6.60 369.80
29.27 332.97
22.47 374.90
50.80 368.67
33.23 375.47
23.60 358.47
76.30 367.53
71.77 378.87
96.70 362.43
76.87 355.07
61.57 357.33
50.80 358.47
54.77 348.27
67.23 344.30
89.33 344.30
106.90 360.17
144.30 367.53
143.73 408.90
135.23 381.13
125.03 344.30
129.57 349.40
115.40 350.53
111.43 339.77
102.93 339.20
120.50 334.10
123.90 327.87
101.80 317.67
134.67 326.73
155.63 354.50
165.83 363.57
153.37 373.77
180.00 374.90
173.20 386.80
194.73 387.37
145.43 344.87
131.83 336.93
144.87 335.80
159.03 340.33
168.67 345.43
173.77 353.37
160.73 332.97
173.77 339.20
180.57 340.33
187.93 348.27
150.53 329.00
175.47 329.57
166.40 311.43
159.60 312.57
171.50 302.37
185.67 321.63
185.10 310.30
173.77 321.63
200.97 330.13
207.20 325.60
200.40 364.70
207.77 368.67
206.07 356.20
200.97 349.97
211.17 382.83
221.37 404.37
200.97 405.50
230.43 391.33
249.13 401.53
238.93 410.03
257.07 385.10
243.47 373.77
227.03 378.87
237.23 381.70
260.47 370.37
254.80 361.30
260.47 356.20
229.30 363.57
216.83 362.43
232.13 356.20
216.83 344.87
227.03 343.17
233.27 340.33
237.23 347.13
248.57 338.07
244.03 327.87
221.93 331.83
221.37 322.77
234.97 320.50
224.20 310.30
216.83 309.17
207.20 302.37
199.83 300.10
191.90 304.07
190.20 289.90
190.20 280.83
182.27 280.83
200.97 283.10
206.07 288.20
211.73 285.93
223.07 288.20
237.23 298.97
245.17 309.17
254.80 317.67
271.80 348.27
268.97 334.67
257.63 336.93
267.83 327.87
267.27 312.57
253.10 289.90
242.33 283.10
249.70 284.80
258.20 278.57
294.90 333.53
288.67 340.90
283.00 344.30
310.20 338.63
355.53 329.00
347.03 326.17
345.90 317.10
294.33 313.70
283.00 310.87
272.23 301.80
276.20 281.40
279.60 277.43
259.20 289.33
275.07 291.60
265.43 291.60
292.07 296.70
284.70 296.70
305.67 295.57
317.00 294.43
315.87 308.03
324.37 315.97
324.93 323.90
306.23 323.90
335.70 302.93
342.50 302.93
371.40 312.00
377.07 309.73
365.73 308.03
383.87 315.97
391.80 323.90
396.90 334.67
386.13 340.33
420.13 339.77
428.07 330.13
434.30 323.33
431.47 310.87
434.87 302.93
453.57 301.80
469.43 301.80
455.27 317.10
459.23 305.77
464.90 314.83
448.47 292.73
439.97 287.63
426.37 297.83
430.90 290.47
411.63 309.17
409.93 318.23
418.43 323.33
394.63 313.13
376.50 300.67
150.40 293.87
143.60 286.50
137.93 287.63
153.80 302.93
157.20 298.97
163.43 296.70
144.73 301.80
408.23 283.67
403.70 287.07
420.70 284.80
292.40 275.17
290.87 281.82
285.75 286.43
299.56 287.96
302.12 279.78
306.72 284.38
309.79 279.26
315.42 281.82
325.14 280.29
327.69 287.45
321.05 289.49
333.32 278.75
335.37 274.15
343.04 280.29
346.11 275.68
344.06 288.47
337.41 285.91
353.78 279.78
365.54 281.82
363.50 291.03
376.80 291.54
375.77 280.29
377.31 279.78
390.61 283.87
399.81 281.82
396.23 295.12
388.56 297.17
431.53 283.36
441.25 278.24
152.25 315.58
164.53 278.75
169.64 280.80
164.02 286.94
178.85 287.45
174.76 277.22
505.69 301.77
512.85 305.86
278.59 389.36
