290.57 480.80
76.37 542.00
61.63 416.20
0.43 408.27
6.10 344.80
15.17 364.07
32.17 332.33
37.83 345.93
45.77 373.13
18.57 331.20
18.57 314.20
75.23 331.20
91.10 356.13
104.70 377.67
147.77 396.93
169.30 347.07
199.90 387.87
271.30 386.73
355.17 399.20
426.57 366.33
509.30 394.67
147.77 333.47
111.50 327.80
95.63 324.40
74.10 305.13
48.03 310.80
139.83 315.33
114.90 308.53
357.43 342.53
381.23 334.60
337.03 332.33
313.23 333.47
270.17 356.13
280.37 335.73
458.30 340.27
474.17 356.13
486.63 334.60
509.30 326.67
524.03 339.13
555.77 322.13
536.37 292.67
517.67 296.07
512.57 306.83
555.63 278.50
546.00 262.07
538.63 270.57
535.80 262.07
530.13 255.27
530.70 278.50
521.07 270.57
514.27 266.60
481.97 318.17
468.93 307.40
457.60 307.40
421.90 320.43
434.93 313.63
395.83 325.53
444.00 305.13
457.60 287.00
448.53 288.70
467.23 294.93
453.63 293.80
481.40 283.60
479.13 275.67
465.53 278.50
454.77 278.50
443.43 281.33
474.60 259.23
491.60 270.57
485.93 263.20
456.47 266.03
493.87 259.23
491.03 250.17
504.63 249.03
495.00 237.70
506.90 242.80
511.43 236.57
510.87 223.53
500.10 218.43
524.47 221.27
529.00 213.33
547.70 223.53
546.57 232.60
555.63 228.63
544.30 245.63
532.97 247.90
525.03 243.93
437.77 271.70
424.17 278.50
420.77 298.90
404.33 298.90
383.93 311.37
365.23 305.13
354.47 296.07
327.83 314.20
311.97 307.40
328.40 301.73
328.97 292.10
344.83 280.77
355.60 281.90
366.37 276.80
402.63 276.23
410.00 268.30
394.70 268.30
403.77 261.50
423.03 256.40
446.83 250.73
452.50 250.73
463.83 240.53
443.43 221.27
434.93 228.63
431.53 238.83
437.77 236.57
447.40 237.70
453.07 232.60
433.80 249.03
485.37 227.50
479.70 247.90
468.93 251.30
451.93 256.40
463.27 255.27
292.13 298.90
287.60 314.20
269.47 302.87
257.00 306.83
238.87 300.03
269.47 271.70
284.77 268.30
302.33 269.43
302.33 281.90
316.50 278.50
327.27 285.87
335.20 274.53
319.90 272.27
288.17 281.33
281.93 283.60
264.37 285.87
6.80 292.67
32.30 291.53
27.77 302.87
52.70 286.43
32.87 279.07
17.57 281.33
6.80 282.47
10.77 272.27
23.23 268.30
45.33 268.30
62.90 284.17
100.30 291.53
99.73 332.90
91.23 305.13
81.03 268.30
85.57 273.40
71.40 274.53
67.43 263.77
58.93 263.20
76.50 258.10
79.90 251.87
57.80 241.67
90.67 250.73
111.63 278.50
121.83 287.57
109.37 297.77
136.00 298.90
129.20 310.80
150.73 311.37
101.43 268.87
87.83 260.93
100.87 259.80
115.03 264.33
124.67 269.43
129.77 277.37
116.73 256.97
129.77 263.20
136.57 264.33
143.93 272.27
106.53 253.00
131.47 253.57
122.40 235.43
115.60 236.57
127.50 226.37
141.67 245.63
141.10 234.30
129.77 245.63
156.97 254.13
163.20 249.60
156.40 288.70
163.77 292.67
162.07 280.20
156.97 273.97
167.17 306.83
177.37 328.37
156.97 329.50
186.43 315.33
205.13 325.53
194.93 334.03
213.07 309.10
199.47 297.77
183.03 302.87
193.23 305.70
216.47 294.37
210.80 285.30
216.47 280.20
185.30 287.57
172.83 286.43
188.13 280.20
172.83 268.87
183.03 267.17
189.27 264.33
193.23 271.13
204.57 262.07
200.03 251.87
177.93 255.83
177.37 246.77
190.97 244.50
180.20 234.30
172.83 233.17
163.20 226.37
155.83 224.10
147.90 228.07
146.20 213.90
146.20 204.83
138.27 204.83
156.97 207.10
162.07 212.20
167.73 209.93
179.07 212.20
193.23 222.97
201.17 233.17
210.80 241.67
227.80 272.27
224.97 258.67
213.63 260.93
223.83 251.87
223.27 236.57
209.10 213.90
198.33 207.10
205.70 208.80
214.20 202.57
250.90 257.53
244.67 264.90
239.00 268.30
266.20 262.63
311.53 253.00
303.03 250.17
301.90 241.10
250.33 237.70
239.00 234.87
228.23 225.80
232.20 205.40
235.60 201.43
215.20 213.33
231.07 215.60
221.43 215.60
248.07 220.70
240.70 220.70
261.67 219.57
273.00 218.43
271.87 232.03
280.37 239.97
280.93 247.90
262.23 247.90
291.70 226.93
298.50 226.93
327.40 236.00
333.07 233.73
321.73 232.03
339.87 239.97
347.80 247.90
352.90 258.67
342.13 264.33
376.13 263.77
384.07 254.13
390.30 247.33
387.47 234.87
390.87 226.93
409.57 225.80
425.43 225.80
411.27 241.10
415.23 229.77
420.90 238.83
404.47 216.73
395.97 211.63
382.37 221.83
386.90 214.47
367.63 233.17
365.93 242.23
374.43 247.33
350.63 237.13
332.50 224.67
106.40 217.87
99.60 210.50
93.93 211.63
109.80 226.93
113.20 222.97
119.43 220.70
100.73 225.80
364.23 207.67
359.70 211.07
376.70 208.80
248.40 199.17
246.87 205.82
241.75 210.43
255.56 211.96
258.12 203.78
262.72 208.38
265.79 203.26
271.42 205.82
281.14 204.29
283.69 211.45
277.05 213.49
289.32 202.75
291.37 198.15
299.04 204.29
302.11 199.68
300.06 212.47
293.41 209.91
309.78 203.78
321.54 205.82
319.50 215.03
332.80 215.54
331.77 204.29
333.31 203.78
346.61 207.87
355.81 205.82
352.23 219.12
344.56 221.17
387.53 207.36
397.25 202.24
108.25 239.58
120.53 202.75
125.64 204.80
120.02 210.94
134.85 211.45
130.76 201.22
461.69 225.77
468.85 229.86
234.59 313.36
