983.69 647.63
944.18 627.87
923.83 622.64
916.28 662.74
858.74 639.50
854.68 619.74
874.44 615.67
866.30 602.30
833.75 632.52
812.25 630.20
785.52 631.36
797.72 581.38
765.18 595.91
729.14 608.11
711.71 565.11
834.92 541.28
852.35 557.55
877.34 554.64
886.64 581.38
897.68 574.99
915.12 525.59
944.76 556.97
974.98 535.47
991.25 549.41
956.38 585.45
992.41 582.54
1002.87 615.09
1012.17 622.06
954.06 608.11
920.93 605.79
922.09 552.90
940.69 486.65
992.41 479.67
973.23 445.38
985.44 429.11
893.61 509.31
886.06 477.93
864.56 444.22
888.38 423.88
909.31 450.62
931.39 457.59
958.12 435.50
958.70 415.16
955.80 386.11
919.19 408.77
917.44 393.08
875.02 396.57
850.03 418.07
825.62 408.77
809.93 410.51
822.71 427.37
822.13 450.03
795.40 457.59
806.44 447.13
767.50 471.54
758.78 440.15
778.54 415.75
783.77 433.18
845.96 583.12
799.46 549.41
665.21 545.93
650.69 538.37
673.93 520.94
701.83 506.41
722.75 490.13
756.46 488.97
772.15 491.30
784.94 493.04
807.60 490.72
790.75 470.96
849.44 486.65
847.70 502.92
838.40 495.37
637.32 577.89
651.27 578.47
680.32 656.93
703.57 649.96
740.77 635.43
739.02 595.33
600.12 667.39
601.87 597.65
586.18 565.11
549.56 590.68
529.22 574.99
526.31 543.60
524.57 502.92
532.13 501.18
542.01 512.80
547.24 499.43
567.58 494.78
548.98 469.79
566.42 463.98
578.62 448.29
605.35 445.38
596.06 462.82
593.15 482.58
621.05 491.30
619.88 478.51
650.10 477.93
680.32 475.61
659.40 447.13
655.92 432.02
672.19 422.72
687.30 422.72
708.22 408.77
720.43 422.14
720.43 434.34
737.86 464.56
718.10 455.85
744.25 418.07
695.44 544.76
730.31 555.81
737.86 532.56
574.55 531.40
620.46 543.60
597.22 511.06
749.48 508.73
860.49 524.42
938.36 533.14
972.07 495.37
591.99 632.52
606.52 627.87
572.23 616.83
523.99 610.44
1021.77 506.70
1019.44 443.93
1016.82 357.63
985.44 348.33
970.91 333.22
1017.40 319.27
998.81 291.38
1012.17 268.71
992.41 269.87
987.76 259.41
967.42 232.10
981.37 239.07
966.26 245.46
959.29 257.09
930.23 252.44
896.52 258.83
919.77 260.57
874.44 281.50
884.31 319.27
888.96 304.16
911.05 308.23
920.93 323.34
935.46 311.13
955.80 307.07
939.53 277.43
962.77 279.75
924.42 237.91
914.54 222.22
888.96 233.26
836.66 236.16
852.93 252.44
877.34 362.86
907.56 350.65
929.06 365.18
946.50 347.75
827.94 377.39
804.11 386.11
773.31 352.40
760.53 347.75
744.83 376.23
732.63 399.47
776.80 397.15
791.33 339.61
815.74 350.65
822.71 343.68
811.67 337.29
820.39 326.25
829.10 297.19
825.62 287.31
809.34 271.62
790.17 283.24
783.77 295.44
779.12 307.07
757.62 289.05
739.02 289.63
735.54 304.16
729.72 271.03
722.75 254.18
709.96 246.04
742.51 253.02
764.59 225.70
773.31 249.53
782.03 266.38
800.05 236.75
813.41 214.08
797.72 204.20
784.94 207.69
782.61 197.81
755.30 196.06
758.78 207.69
745.42 206.52
747.74 219.89
740.19 233.26
722.17 235.00
720.43 215.82
688.46 216.40
694.85 232.10
683.23 243.14
664.63 228.03
651.27 198.39
665.80 190.25
628.02 228.61
635.57 240.23
662.31 252.44
668.70 271.03
650.10 280.91
639.64 266.38
623.37 269.29
601.87 269.29
686.72 318.11
664.05 332.06
706.48 265.80
696.60 256.50
719.26 339.61
716.94 347.75
736.12 340.19
742.51 345.42
748.32 345.42
760.53 327.99
633.83 330.31
619.88 315.78
639.06 311.72
621.63 294.28
611.75 285.56
602.45 291.38
593.73 304.16
600.12 323.34
578.04 314.04
573.39 331.48
558.86 321.01
550.14 320.43
553.05 309.97
561.77 293.12
546.66 279.75
525.73 291.96
576.30 253.02
573.97 241.98
571.65 236.75
576.88 216.40
596.06 214.66
585.59 215.82
610.58 206.52
622.21 210.59
630.93 205.94
642.55 218.15
636.74 189.67
618.14 193.74
618.14 183.86
591.99 187.93
576.88 193.16
555.37 194.32
558.28 214.66
531.55 212.92
530.96 239.07
518.18 265.80
551.89 257.09
535.61 269.29
522.83 185.60
524.57 172.82
698.34 359.95
710.55 343.68
681.49 376.23
655.33 358.79
653.59 373.32
648.94 388.43
653.59 407.61
665.80 390.17
684.39 402.38
625.11 395.40
609.42 393.66
612.91 371.00
618.14 359.95
632.67 359.95
582.69 352.40
590.24 342.52
586.76 369.25
572.23 383.20
542.59 361.70
549.56 346.59
566.42 368.09
532.13 339.61
593.15 279.17
585.59 291.38
768.08 269.29
759.94 258.25
854.68 211.75
838.40 213.50
824.45 205.94
822.13 183.28
841.89 193.16
879.67 187.35
897.68 187.35
912.79 190.25
905.24 206.52
939.53 215.82
943.59 187.93
974.40 177.47
983.11 195.48
965.68 210.01
1013.33 236.16
867.46 339.61
844.21 312.30
865.72 242.56
870.95 203.62
850.61 182.12
926.74 187.35
926.16 169.33
530.38 375.06
504.82 260.14
499.00 242.41
482.15 228.17
469.37 229.92
445.54 241.25
432.17 247.64
432.17 260.72
442.92 260.72
470.24 263.33
493.48 272.34
483.02 295.88
469.07 290.36
448.73 284.84
432.46 284.84
412.41 291.81
502.49 303.72
405.15 272.92
417.93 252.58
415.90 241.25
410.96 234.86
414.15 200.86
436.53 191.85
459.78 183.42
478.37 198.53
495.52 182.26
506.85 190.11
498.42 207.54
561.48 177.90
576.59 174.12
589.38 172.96
605.94 170.93
625.70 159.59
636.16 175.00
510.63 159.89
487.38 157.85
456.00 156.69
421.42 159.59
431.01 228.17
414.44 219.75
399.04 215.97
454.84 226.14
473.72 214.22
504.53 221.20
515.57 237.47
857.29 303.14
848.28 281.64
986.90 297.48
643.72 424.03
617.56 428.09
568.45 407.75
491.74 416.62
491.16 400.34
508.01 404.99
520.80 404.99
539.40 400.93
510.92 382.33
473.72 398.60
465.01 399.18
443.50 388.14
438.27 400.93
493.48 437.54
516.15 455.56
531.26 443.35
424.91 435.21
416.19 412.55
403.40 400.34
385.97 407.32
374.34 396.28
370.28 414.29
390.62 431.15
463.84 424.75
444.08 448.58
458.61 475.90
475.47 479.96
502.78 481.13
434.20 477.06
401.66 443.35
385.39 467.76
377.25 455.56
367.37 451.49
364.46 439.28
344.12 438.12
348.77 420.69
347.03 410.22
349.35 391.05
373.76 371.87
386.55 373.61
408.63 378.26
417.93 362.57
441.76 366.64
467.33 365.47
501.62 370.70
516.73 345.71
499.30 338.74
489.42 329.44
476.05 348.04
466.17 337.00
410.38 327.70
395.85 321.31
376.67 315.49
356.91 292.25
337.73 304.45
348.77 321.89
341.80 337.58
329.59 338.74
321.46 357.34
355.17 361.41
376.67 345.13
369.69 328.86
390.62 355.01
381.90 293.99
366.21 280.62
347.03 277.72
326.11 292.25
384.81 277.72
394.10 287.02
458.03 355.01
448.15 337.00
461.52 314.33
523.12 304.45
498.13 501.47
477.79 517.74
417.35 495.07
409.80 482.29
379.57 510.77
374.93 493.91
358.65 472.99
352.26 478.80
342.38 463.69
326.11 445.68
479.54 589.81
491.16 554.35
459.78 548.54
426.65 536.92
402.24 583.41
380.16 565.40
380.16 599.69
343.54 579.34
336.57 569.46
347.03 509.60
334.82 532.85
362.72 536.34
326.69 546.22
406.31 553.77
396.43 532.27
934.59 574.69
535.91 658.67
511.50 662.16
514.99 635.43
495.23 641.24
481.28 617.99
501.04 593.58
451.64 609.86
376.67 632.52
398.17 624.97
381.32 659.84
462.68 666.23
460.36 568.01
323.20 648.79
337.15 633.10
352.84 634.26
294.14 548.83
294.14 506.41
295.31 498.85
324.94 493.04
223.24 622.64
243.00 663.32
269.15 651.70
247.65 635.43
267.99 610.44
291.24 627.29
299.95 619.74
295.89 600.56
241.26 550.00
237.19 528.49
250.56 528.49
259.27 503.50
270.31 502.92
233.12 500.60
237.19 473.86
223.24 480.84
261.02 482.58
252.88 458.17
264.50 457.59
294.14 450.03
292.98 469.79
311.00 484.90
294.72 434.34
318.55 406.45
283.68 389.01
283.10 415.16
258.69 418.07
252.88 402.38
250.56 391.34
231.38 386.11
222.08 401.22
233.70 410.51
226.73 431.44
211.04 425.62
316.81 386.69
314.48 375.06
236.61 583.12
211.62 581.96
267.99 579.05
261.02 562.20
298.21 585.45
309.83 579.05
442.92 559.88
638.78 544.76
290.66 442.48
277.87 431.44
297.34 331.48
306.06 347.75
268.87 354.14
270.61 328.57
280.49 307.07
286.88 326.25
285.14 274.52
289.79 294.86
320.01 278.59
316.52 262.32
307.22 254.18
293.28 245.46
250.85 303.00
264.22 291.96
260.15 284.40
239.81 354.72
230.51 336.71
240.39 324.50
223.54 321.60
235.74 309.39
241.55 284.98
234.58 276.85
224.12 274.52
209.59 283.24
193.90 294.86
178.20 304.16
177.62 316.37
195.64 308.81
199.13 319.27
207.26 332.64
208.43 351.82
195.64 349.49
150.89 316.95
106.14 320.43
136.36 348.91
145.08 375.06
134.04 369.25
155.54 357.05
167.74 344.84
160.77 336.71
189.25 369.25
202.61 402.96
188.08 428.53
168.91 449.45
188.08 449.45
197.96 458.17
166.58 466.31
131.13 465.73
140.43 461.66
152.63 475.61
117.18 454.68
103.23 461.66
95.10 457.59
86.96 447.71
77.08 460.50
55.58 443.64
82.31 425.62
66.04 430.86
92.19 422.14
99.75 433.18
118.34 426.21
117.76 409.93
121.25 388.43
115.44 375.06
81.73 377.97
96.26 389.59
82.31 359.95
98.00 344.84
79.41 332.64
99.75 332.64
86.38 318.11
59.65 319.27
38.14 323.34
61.97 337.87
61.39 350.07
47.44 337.87
17.80 359.95
24.19 339.61
5.60 326.25
32.33 408.19
31.17 420.98
43.95 426.79
57.32 415.16
48.60 401.80
56.16 381.46
78.82 402.96
149.15 398.31
159.03 396.57
177.04 393.66
180.53 379.13
171.23 379.13
154.38 411.10
167.16 407.03
141.01 438.41
121.25 444.80
53.25 472.70
76.50 480.25
85.80 480.25
203.78 382.04
238.06 373.32
154.96 286.14
152.05 300.67
141.01 294.86
125.90 300.09
119.51 291.96
125.32 272.78
139.27 270.45
158.44 257.67
161.93 266.97
175.30 282.66
190.99 268.13
184.02 254.18
56.16 288.47
52.67 274.52
47.44 266.38
52.09 258.83
64.30 256.50
50.35 237.91
36.40 237.91
40.47 211.17
56.74 222.22
68.36 229.19
73.01 236.16
88.12 233.26
109.63 237.33
109.63 215.82
93.94 218.73
84.06 207.69
111.95 200.71
120.67 207.69
146.24 198.97
163.68 208.85
174.72 203.04
184.02 189.09
189.83 198.39
169.49 190.25
207.26 205.94
233.42 200.71
226.44 236.16
227.60 247.79
209.59 236.16
202.03 236.16
190.41 228.03
174.14 225.12
202.61 225.12
236.32 218.73
247.36 228.03
251.43 241.98
267.70 262.90
263.06 223.96
263.64 211.75
275.84 217.57
283.40 233.26
288.05 196.64
299.09 210.01
317.10 221.05
326.98 231.51
338.61 247.21
347.91 262.32
370.57 247.21
389.17 228.03
370.57 203.62
386.84 199.55
399.05 188.51
387.43 180.37
368.25 182.12
360.11 193.74
335.70 192.58
328.15 198.97
307.81 196.64
345.00 225.70
453.68 207.11
138.69 239.07
150.89 238.49
139.85 248.37
125.32 249.53
72.43 248.37
73.59 266.38
78.24 276.26
71.27 289.05
77.08 304.74
93.35 298.93
105.56 292.54
101.49 286.14
96.84 268.13
95.68 254.76
113.11 268.71
164.26 225.12
32.33 247.21
17.80 245.46
17.80 233.26
3.27 243.72
20.13 258.25
35.24 264.06
33.49 286.73
246.20 266.38
198.86 552.37
195.78 532.04
197.63 506.77
137.85 663.92
190.23 660.84
204.41 638.04
104.57 661.45
65.13 668.85
42.33 648.51
65.13 642.35
26.92 614.62
30.62 599.21
74.99 616.47
69.44 589.35
57.12 583.80
37.40 578.26
5.97 559.15
35.55 549.29
55.27 533.89
81.15 519.09
99.64 504.92
63.90 500.61
46.03 498.76
30.62 502.46
36.17 482.73
32.47 465.48
33.08 443.91
136.62 533.27
156.96 516.01
177.91 498.14
178.53 489.51
195.16 482.73
76.22 565.32
120.60 559.77
96.56 562.23
131.69 492.60
121.21 485.20
102.72 602.91
102.11 588.73
118.13 615.23
148.33 612.77
160.04 617.08
155.72 649.75
47.88 619.55
160.04 424.19
145.86 429.12
700.51 98.18
713.45 88.32
721.46 72.91
690.03 75.38
733.17 88.32
727.63 117.28
751.66 112.35
764.60 107.42
758.44 90.78
773.23 89.55
783.09 97.56
793.57 109.89
804.66 100.03
815.14 112.35
823.76 88.32
813.29 74.14
800.96 75.38
799.11 26.69
823.76 53.81
856.43 75.38
855.19 45.18
840.40 37.17
844.10 23.61
836.71 8.20
866.29 26.69
881.69 16.83
925.45 14.98
903.88 41.48
922.98 42.71
941.47 51.96
934.08 82.16
934.69 128.99
900.18 76.61
886.62 75.38
708.52 136.39
752.28 131.46
767.07 125.30
766.45 138.24
751.66 145.02
725.78 149.95
794.18 153.64
783.09 137.00
812.67 136.39
820.07 153.64
847.18 138.85
882.93 153.64
974.75 124.68
943.32 124.06
937.78 96.95
987.69 95.10
961.81 79.69
985.23 53.81
652.44 133.92
617.93 99.41
635.80 88.32
624.09 63.67
667.23 89.55
653.67 49.49
677.09 49.49
683.87 30.39
664.77 29.77
649.98 21.15
616.08 21.15
584.03 26.08
539.66 14.98
527.34 14.98
506.38 8.20
706.67 39.63
724.54 39.63
720.23 19.91
767.07 43.33
786.79 47.64
775.70 9.44
789.25 9.44
816.37 12.52
680.79 104.34
675.86 166.59
691.27 159.81
664.15 146.87
534.73 148.71
543.98 129.61
535.96 114.82
517.48 120.37
535.35 103.11
568.63 84.01
598.82 56.27
572.32 157.96
598.21 133.92
848.42 114.20
868.75 122.83
884.16 100.03
906.96 88.32
566.13 101.04
548.69 97.56
1011.31 134.75
995.03 161.48
996.19 6.89
988.06 25.49
564.97 133.59
442.92 145.21
284.84 142.60
299.95 136.78
308.09 93.20
489.42 119.93
502.78 99.59
453.38 42.63
481.86 40.31
501.04 34.50
473.14 14.16
449.90 119.93
339.47 133.30
361.56 124.58
375.51 163.52
359.23 161.19
391.78 155.38
323.78 165.26
266.83 133.30
274.96 125.16
295.31 115.86
279.03 91.45
267.41 79.25
249.97 101.91
244.16 87.38
201.74 73.44
197.09 103.66
219.17 167.59
249.97 162.36
257.53 149.57
244.16 130.39
327.85 65.88
305.77 67.04
353.42 107.73
362.72 100.75
367.95 88.55
398.17 96.10
411.54 102.50
405.15 83.32
441.76 81.57
481.28 12.41
426.65 14.16
405.15 20.55
405.73 40.31
377.83 30.43
261.60 16.48
474.89 146.66
498.13 147.25
212.78 145.50
221.50 134.46
212.20 119.93
224.98 111.79
224.98 95.52
227.31 79.25
495.23 64.14
530.10 60.07
517.89 49.61
512.66 71.11
570.20 54.84
576.01 36.24
348.19 57.75
357.49 49.61
360.40 32.17
298.79 28.11
312.16 41.47
301.12 45.54
306.93 18.23
295.31 7.76
233.70 32.17
213.36 20.55
256.37 55.42
280.19 51.35
274.96 38.57
370.86 6.02
195.93 33.34
245.91 57.16
292.98 85.06
337.15 91.45
310.42 174.56
300.54 170.49
277.87 168.17
255.79 179.79
238.35 184.44
276.13 207.69
345.87 211.17
490.58 262.32
465.01 279.17
179.37 148.99
189.25 130.39
177.62 111.79
167.16 86.22
185.18 91.45
140.43 84.48
114.28 81.57
93.35 114.70
88.70 130.97
104.40 132.72
131.71 120.51
125.32 143.18
164.84 144.34
145.66 144.92
53.83 137.37
71.27 51.93
56.16 44.38
71.27 24.62
91.03 11.83
91.03 32.75
111.37 34.50
112.53 24.62
56.74 18.23
38.14 8.93
56.74 104.82
73.59 106.56
67.78 75.18
54.42 56.00
104.98 72.27
107.88 61.23
132.29 56.00
149.15 55.42
167.16 58.91
185.76 46.70
164.84 34.50
174.72 19.97
140.43 26.36
227.02 52.51
98.58 92.03
34.07 119.93
38.72 107.73
23.61 96.10
43.95 65.30
79.99 90.29
332.80 130.39
312.45 121.67
159.03 121.67
152.63 105.98
111.37 105.98
425.20 182.70
122.70 320.00
224.70 287.45
597.51 84.77
427.81 53.39
176.75 568.30
25.64 47.57
82.60 540.41
10.53 483.45
310.42 536.92
75.78 129.08
95.54 83.75
127.50 78.81
180.10 81.43
130.12 138.96
54.27 163.37
6.18 631.36
132.87 576.15
141.01 628.45
201.45 429.69
143.33 561.04
220.63 604.63
251.43 609.86
18.38 537.79
228.77 451.20
258.69 366.93
288.91 375.06
281.36 362.86
188.37 210.59
396.43 260.57
11.69 63.85
5.88 17.35
335.99 27.81
458.03 15.03
662.60 11.54
696.31 11.54
19.83 80.12
11.69 80.12
40.75 370.70
37.27 349.78
25.64 562.49
782.32 568.30
891.58 463.69
826.49 269.58
767.21 185.89
782.32 174.27
742.81 176.59
693.99 188.22
702.12 174.27
725.37 192.87
5.02 178.63
56.16 182.12
81.15 182.12
102.07 174.56
110.21 161.77
126.48 176.30
141.59 175.72
157.86 180.37
175.88 176.88
199.13 178.63
164.26 160.03
180.53 160.03
132.87 155.38
418.23 278.59
576.31 483.74
576.31 486.07
7.05 134.75
33.78 141.72
717.23 166.13
949.70 6.89
401.08 6.89
396.43 68.50
514.99 89.42
533.58 76.63
541.72 39.44
723.05 55.71
926.45 118.48
604.59 37.29
594.36 13.76
919.67 69.00
739.62 323.72
653.69 100.71
810.72 48.30
