2.17 496.64
9.72 536.74
67.26 513.50
71.32 493.74
51.56 489.67
59.70 476.30
92.25 506.52
113.75 504.20
140.48 505.36
128.28 455.38
160.82 469.91
196.86 482.11
214.29 439.11
91.08 415.28
73.65 431.55
48.66 428.64
39.36 455.38
28.32 448.99
10.88 399.59
5.07 479.79
3.91 426.90
32.39 383.31
39.94 351.93
61.44 318.22
37.62 297.88
16.69 324.62
6.81 282.77
8.56 267.08
50.98 270.57
75.97 292.07
100.38 282.77
116.07 284.51
103.29 301.37
103.87 324.03
130.60 331.59
119.56 321.13
158.50 345.54
167.22 314.15
147.46 289.75
142.23 307.18
80.04 457.12
126.54 423.41
260.79 419.93
275.31 412.37
252.07 394.94
224.17 380.41
203.25 364.13
169.54 362.97
153.85 365.30
141.06 367.04
118.40 364.72
135.25 344.96
76.56 360.65
78.30 376.92
87.60 369.37
288.68 451.89
274.73 452.47
245.68 530.93
222.43 523.96
185.23 509.43
186.98 469.33
325.88 541.39
324.13 471.65
339.82 439.11
376.44 464.68
396.78 448.99
399.69 417.60
401.43 376.92
393.87 375.18
383.99 386.80
378.76 373.43
358.42 368.78
377.02 343.79
359.58 337.98
347.38 322.29
320.65 319.38
329.94 336.82
332.85 356.58
304.95 365.30
306.12 352.51
275.90 351.93
245.68 349.61
266.60 321.13
270.08 306.02
253.81 296.72
238.70 296.72
217.78 282.77
205.57 296.14
205.57 308.34
188.14 338.56
207.90 329.85
181.75 292.07
230.56 418.76
195.69 429.81
188.14 406.56
351.45 405.40
305.54 417.60
328.78 385.06
176.52 382.73
65.51 398.42
334.01 506.52
319.48 501.87
353.77 490.83
402.01 484.44
29.48 132.83
6.23 134.57
51.56 155.50
41.69 193.27
37.04 178.16
14.95 182.23
5.07 197.34
1.58 111.91
11.46 96.22
37.04 107.26
89.34 110.16
73.07 126.44
48.66 236.86
18.44 224.65
98.06 251.39
121.89 260.11
152.69 226.40
165.47 221.75
181.17 250.23
193.37 273.47
149.20 271.15
134.67 213.61
110.26 224.65
103.29 217.68
114.33 211.29
105.61 200.25
96.90 171.19
100.38 161.31
116.66 145.62
135.83 157.24
142.23 169.44
146.88 181.07
168.38 163.05
186.98 163.63
190.46 178.16
196.28 145.03
203.25 128.18
216.04 120.04
183.49 127.02
161.41 99.70
152.69 123.53
143.97 140.38
125.95 110.75
112.59 88.08
128.28 78.20
141.06 81.69
143.39 71.81
170.70 70.06
167.22 81.69
180.58 80.52
178.26 93.89
185.81 107.26
203.83 109.00
205.57 89.82
237.54 90.40
231.15 106.10
242.77 117.14
261.37 102.03
274.73 72.39
260.20 64.25
297.98 102.61
290.43 114.23
263.69 126.44
257.30 145.03
275.90 154.91
286.36 140.38
302.63 143.29
324.13 143.29
239.28 192.11
261.95 206.06
219.52 139.80
229.40 130.50
206.74 213.61
209.06 221.75
189.88 214.19
183.49 219.42
177.68 219.42
165.47 201.99
292.17 204.31
306.12 189.78
286.94 185.72
304.37 168.28
314.25 159.56
323.55 165.38
332.27 178.16
325.88 197.34
347.96 188.04
352.61 205.48
367.14 195.01
375.86 194.43
372.95 183.97
364.23 167.12
379.34 153.75
400.27 165.96
349.70 127.02
352.03 115.98
354.35 110.75
349.12 90.40
329.94 88.66
340.41 89.82
315.42 80.52
303.79 84.59
295.07 79.94
283.45 92.15
289.26 63.67
307.86 67.74
307.86 57.86
334.01 61.93
349.12 67.16
370.63 68.32
367.72 88.66
394.45 86.92
395.04 113.07
407.82 139.80
374.11 131.09
390.39 143.29
403.17 59.60
401.43 46.82
227.66 233.95
215.45 217.68
244.51 250.23
270.67 232.79
272.41 247.32
277.06 262.43
272.41 281.61
260.20 264.17
241.61 276.38
300.89 269.40
316.58 267.66
313.09 245.00
307.86 233.95
293.33 233.95
343.31 226.40
335.76 216.52
339.24 243.25
353.77 257.20
383.41 235.70
376.44 220.59
359.58 242.09
393.87 213.61
332.85 153.17
340.41 165.38
157.92 143.29
166.06 132.25
71.32 85.75
87.60 87.50
101.55 79.94
103.87 57.28
84.11 67.16
46.33 61.35
28.32 61.35
13.21 64.25
20.76 80.52
58.54 213.61
81.79 186.30
60.28 116.56
55.05 77.62
75.39 56.12
395.62 249.06
421.18 134.14
427.00 116.41
443.85 102.17
456.63 103.92
480.46 115.25
493.83 121.64
493.83 134.72
483.08 134.72
455.76 137.33
432.52 146.34
442.98 169.88
456.93 164.36
477.27 158.84
493.54 158.84
513.59 165.81
423.51 177.72
520.85 146.92
508.07 126.58
510.10 115.25
515.04 108.86
511.85 74.86
489.47 65.85
466.22 57.42
447.63 72.53
430.48 56.26
419.15 64.11
427.58 81.54
364.52 51.90
349.41 48.12
336.62 46.96
320.06 44.93
300.30 33.59
289.84 49.00
415.37 33.89
438.62 31.85
470.00 30.69
504.58 33.59
494.99 102.17
511.56 93.75
526.96 89.97
471.16 100.14
452.28 88.22
421.47 95.20
410.43 111.47
68.71 177.14
77.72 155.64
282.28 298.03
308.44 302.09
357.55 281.75
434.26 290.62
434.84 274.34
417.99 278.99
405.20 278.99
386.60 274.93
415.08 256.33
452.28 272.60
460.99 273.18
482.50 262.14
487.73 274.93
432.52 311.54
409.85 329.56
394.74 317.35
501.09 309.21
509.81 286.55
522.60 274.34
540.03 281.32
551.66 270.28
555.72 288.29
535.38 305.15
462.16 298.75
481.92 322.58
467.39 349.90
450.53 353.96
423.22 355.13
491.80 351.06
524.34 317.35
540.61 341.76
548.75 329.56
558.63 325.49
561.54 313.28
552.24 245.87
539.45 247.61
517.37 252.26
508.07 236.57
484.24 240.64
458.67 239.47
424.38 244.70
409.27 219.71
426.70 212.74
436.58 203.44
449.95 222.04
459.83 211.00
515.62 201.70
530.15 195.31
549.33 189.49
569.09 166.25
570.83 235.41
549.33 219.13
556.31 202.86
535.38 229.01
544.10 167.99
559.79 154.62
541.19 151.72
531.90 161.02
467.97 229.01
477.85 211.00
464.48 188.33
402.88 178.45
427.87 375.47
448.21 391.74
508.65 369.07
516.20 356.29
546.43 384.77
551.07 367.91
567.35 346.99
446.46 463.81
434.84 428.35
466.22 422.54
499.35 410.92
523.76 457.41
545.84 439.40
545.84 473.69
563.28 410.34
519.69 427.77
529.57 406.27
390.09 532.67
414.50 536.16
411.01 509.43
430.77 515.24
444.72 491.99
424.96 467.58
474.36 483.86
549.33 506.52
527.83 498.97
544.68 533.84
463.32 540.23
465.64 442.01
483.08 433.88
287.22 418.76
555.43 121.21
536.83 102.03
555.43 77.62
539.16 73.55
526.95 62.51
538.57 54.37
557.75 56.12
565.89 67.74
472.32 81.11
217.48 10.39
173.72 5.46
159.55 12.24
174.34 19.02
200.22 23.95
131.82 27.64
142.91 11.00
113.33 10.39
105.93 27.64
78.82 12.85
43.07 27.64
273.56 7.92
250.14 40.59
234.73 33.81
261.85 20.87
391.27 22.71
382.02 3.61
353.68 31.96
327.79 7.92
361.03 7.59
483.08 19.21
550.49 37.52
566.77 35.19
534.22 29.38
451.11 20.66
427.87 21.25
435.42 136.32
460.99 153.17
500.80 56.70
529.57 134.57
143.68 442.30
34.42 337.69
99.51 143.58
158.79 59.89
143.68 48.27
183.19 50.59
232.01 62.22
223.88 48.27
200.63 66.87
507.77 152.59
349.69 357.74
349.69 360.07
208.77 40.13
186.38 197.72
