44.79 516.93
59.31 509.37
36.07 491.94
8.17 477.41
72.68 548.89
58.73 549.47
108.13 568.65
123.82 536.11
160.44 561.68
180.78 545.99
183.69 514.60
185.43 473.92
177.87 472.18
167.99 483.80
162.76 470.43
142.42 465.78
161.02 440.79
143.58 434.98
131.38 419.29
104.65 416.38
113.94 433.82
116.85 453.58
88.95 462.30
90.12 449.51
59.90 448.93
29.68 446.61
50.60 418.13
54.08 403.02
37.81 393.72
22.70 393.72
1.78 379.77
14.56 515.76
135.45 502.40
89.54 514.60
112.78 482.06
0.04 217.04
21.54 187.40
15.15 203.10
26.77 214.14
45.37 199.03
58.73 169.39
44.20 161.25
81.98 199.61
74.43 211.23
47.69 223.44
41.30 242.03
59.90 251.91
70.36 237.38
86.63 240.29
108.13 240.29
23.28 289.11
45.95 303.06
3.52 236.80
13.40 227.50
76.17 301.31
90.12 286.78
70.94 282.72
88.37 265.28
98.25 256.56
107.55 262.38
116.27 275.16
109.88 294.34
131.96 285.04
136.61 302.48
151.14 292.01
159.86 291.43
156.95 280.97
148.23 264.12
163.34 250.75
184.27 262.96
133.70 224.02
136.03 212.98
138.35 207.75
133.12 187.40
113.94 185.66
124.41 186.82
99.42 177.52
87.79 181.59
79.07 176.94
67.45 189.15
73.26 160.67
91.86 164.74
91.86 154.86
118.01 158.93
133.12 164.16
154.63 165.32
151.72 185.66
178.45 183.92
179.04 210.07
191.82 236.80
158.11 228.09
174.39 240.29
187.17 156.60
185.43 143.82
11.66 330.95
28.51 347.23
54.67 329.79
56.41 344.32
61.06 359.43
56.41 378.61
44.20 361.17
25.61 373.38
84.89 366.40
100.58 364.66
97.09 342.00
91.86 330.95
77.33 330.95
127.31 323.40
119.76 313.52
123.24 340.25
137.77 354.20
167.41 332.70
160.44 317.59
143.58 339.09
177.87 310.61
116.85 250.17
124.41 262.38
179.62 346.06
205.18 231.14
211.00 213.41
227.85 199.17
240.63 200.92
264.46 212.25
277.83 218.64
277.83 231.72
267.08 231.72
239.76 234.33
216.52 243.34
226.98 266.88
240.93 261.36
261.27 255.84
277.54 255.84
297.59 262.81
207.51 274.72
304.85 243.92
292.07 223.58
294.10 212.25
299.04 205.86
295.85 171.86
273.47 162.85
250.22 154.42
231.63 169.53
214.48 153.26
203.15 161.11
211.58 178.54
148.52 148.90
133.41 145.12
120.62 143.96
104.06 141.93
84.30 130.59
73.84 146.00
199.37 130.89
222.62 128.85
254.00 127.69
288.58 130.59
278.99 199.17
295.56 190.75
310.96 186.97
255.16 197.14
236.28 185.22
205.47 192.20
194.43 208.47
66.28 395.03
92.44 399.09
141.55 378.75
218.26 387.62
218.84 371.34
201.99 375.99
189.20 375.99
170.60 371.93
199.08 353.33
236.28 369.60
244.99 370.18
266.50 359.14
271.73 371.93
216.52 408.54
193.85 426.56
178.74 414.35
285.09 406.21
293.81 383.55
306.60 371.34
324.03 378.32
335.66 367.28
339.72 385.29
319.38 402.15
246.16 395.75
265.92 419.58
251.39 446.90
234.53 450.96
207.22 452.13
275.80 448.06
308.34 414.35
324.61 438.76
332.75 426.56
342.63 422.49
345.54 410.28
365.88 409.12
361.23 391.69
362.97 381.22
360.65 362.05
336.24 342.87
323.45 344.61
301.37 349.26
292.07 333.57
268.24 337.64
242.67 336.47
208.38 341.70
193.27 316.71
210.70 309.74
220.58 300.44
233.95 319.04
243.83 308.00
299.62 298.70
314.15 292.31
333.33 286.49
353.09 263.25
372.27 275.45
361.23 292.89
368.20 308.58
380.41 309.74
388.54 328.34
354.83 332.41
333.33 316.13
340.31 299.86
319.38 326.01
328.10 264.99
343.79 251.62
362.97 248.72
383.89 263.25
325.19 248.72
315.90 258.02
251.97 326.01
261.85 308.00
248.48 285.33
186.88 275.45
211.87 472.47
232.21 488.74
292.65 466.07
300.20 453.29
330.43 481.77
335.07 464.91
351.35 443.99
357.74 449.80
367.62 434.69
383.89 416.68
230.46 560.81
218.84 525.35
250.22 519.54
283.35 507.92
307.76 554.41
329.84 536.40
329.84 570.69
366.46 550.34
373.43 540.46
362.97 480.60
375.18 503.85
347.28 507.34
383.31 517.22
303.69 524.77
313.57 503.27
208.96 564.58
249.64 539.01
415.86 519.83
415.86 477.41
414.69 469.85
385.06 464.04
414.11 571.56
468.74 521.00
472.81 499.49
459.44 499.49
450.73 474.50
439.69 473.92
476.88 471.60
472.81 444.86
486.76 451.84
448.98 453.58
457.12 429.17
445.50 428.59
415.86 421.03
417.02 440.79
399.00 455.90
415.28 405.34
391.45 377.45
426.32 360.01
426.90 386.16
451.31 389.07
457.12 373.38
459.44 362.34
478.62 357.11
487.92 372.22
476.30 381.51
483.27 402.44
498.96 396.62
393.19 357.69
395.52 346.06
473.39 554.12
498.38 552.96
442.01 550.05
448.98 533.20
411.79 556.45
400.17 550.05
267.08 530.88
71.22 515.76
419.34 413.48
432.13 402.44
412.66 302.48
403.94 318.75
441.13 325.14
439.39 299.57
429.51 278.07
423.12 297.25
424.86 245.52
420.21 265.86
389.99 249.59
393.48 233.32
402.78 225.18
416.72 216.46
459.15 274.00
445.78 262.96
449.85 255.40
470.19 325.72
479.49 307.71
469.61 295.50
486.46 292.60
474.26 280.39
468.45 255.98
475.42 247.85
485.88 245.52
500.41 254.24
516.10 265.86
531.80 275.16
532.38 287.37
514.36 279.81
510.87 290.27
502.74 303.64
501.57 322.82
514.36 320.49
559.11 287.95
564.92 346.06
554.46 328.05
542.26 315.84
549.23 307.71
520.75 340.25
507.39 373.96
521.92 399.53
541.09 420.45
521.92 420.45
512.04 429.17
543.42 437.31
569.57 432.66
557.37 446.61
560.85 369.31
550.97 367.57
532.96 364.66
529.47 350.13
538.77 350.13
555.62 382.10
542.84 378.03
568.99 409.41
506.22 353.04
471.94 344.32
555.04 257.14
557.95 271.67
568.99 265.86
570.73 241.45
551.56 228.67
548.07 237.97
534.70 253.66
519.01 239.13
525.98 225.18
563.76 169.97
546.32 179.85
535.28 174.04
525.98 160.09
520.17 169.39
540.51 161.25
502.74 176.94
476.58 171.71
483.56 207.16
482.40 218.79
500.41 207.16
507.97 207.16
519.59 199.03
535.86 196.12
507.39 196.12
473.68 189.73
462.64 199.03
458.57 212.98
442.30 233.90
446.94 194.96
446.36 182.75
434.16 188.57
426.60 204.26
421.95 167.64
410.91 181.01
392.90 192.05
383.02 202.51
371.39 218.21
362.09 233.32
339.43 218.21
320.83 199.03
339.43 174.62
323.16 170.55
310.95 159.51
322.57 151.37
341.75 153.12
349.89 164.74
374.30 163.58
381.85 169.97
402.19 167.64
365.00 196.70
256.32 178.11
571.31 210.07
559.11 209.49
570.15 219.37
545.74 196.12
463.80 237.38
511.14 523.37
514.22 503.04
512.37 477.77
553.04 487.01
532.09 469.14
531.47 460.51
514.84 453.73
549.96 395.19
564.14 400.12
9.49 69.18
19.97 46.38
1.48 107.39
57.56 104.92
92.07 70.41
74.20 59.32
85.91 34.67
42.77 60.55
56.33 20.49
32.91 20.49
26.13 1.39
45.23 0.77
3.33 10.63
29.21 75.34
34.14 137.59
18.73 130.81
45.85 117.87
175.27 119.71
166.02 100.61
174.04 85.82
192.52 91.37
174.65 74.11
141.37 55.01
111.18 27.27
137.68 128.96
111.79 104.92
143.87 72.04
161.31 68.56
145.03 104.59
267.08 116.21
425.16 113.60
410.05 107.78
401.91 64.20
220.58 90.93
207.22 70.59
256.62 13.63
228.14 11.31
208.96 5.50
260.10 90.93
370.53 104.30
348.44 95.58
334.49 134.52
350.77 132.19
318.22 126.38
386.22 136.26
443.17 104.30
435.04 96.16
414.69 86.86
430.97 62.45
442.59 50.25
460.03 72.91
465.84 58.38
508.26 44.44
512.91 74.66
490.83 138.59
460.03 133.36
452.47 120.57
465.84 101.39
382.15 36.88
404.23 38.04
356.58 78.73
347.28 71.75
342.05 59.55
311.83 67.10
298.46 73.50
304.85 54.32
268.24 52.57
304.27 11.31
332.17 1.43
235.11 117.66
211.87 118.25
497.22 116.50
488.50 105.46
497.80 90.93
485.02 82.79
485.02 66.52
482.69 50.25
214.77 35.14
179.90 31.07
192.11 20.61
197.34 42.11
139.80 25.84
133.99 7.24
361.81 28.75
352.51 20.61
349.60 3.17
397.84 12.47
408.88 16.54
476.30 3.17
453.63 26.42
429.81 22.35
435.04 9.57
514.07 4.34
464.09 28.16
417.02 56.06
372.85 62.45
399.58 145.56
409.46 141.49
432.13 139.17
454.21 150.79
471.65 155.44
433.87 178.69
364.13 182.17
219.42 233.32
244.99 250.17
530.63 119.99
520.75 101.39
532.38 82.79
542.84 57.22
524.82 62.45
569.57 55.48
545.16 115.34
564.34 115.92
560.85 26.42
542.84 29.91
524.24 17.70
545.16 5.50
482.98 23.51
377.20 101.39
397.55 92.67
550.97 92.67
557.37 76.98
284.80 153.70
485.30 258.45
112.49 55.77
282.19 24.39
533.25 539.30
399.58 507.92
529.90 52.43
508.55 400.69
566.67 532.04
481.23 422.20
451.31 337.93
421.09 346.06
428.64 333.86
521.63 181.59
313.57 231.57
16.01 159.22
7.88 145.27
568.41 146.72
552.14 151.37
534.12 147.88
510.87 149.63
545.74 131.03
529.47 131.03
291.77 249.59
133.69 454.74
133.69 457.07
313.57 39.50
195.01 60.42
176.42 47.63
168.28 10.44
105.41 8.29
56.31 71.71
