21.31 530.63
60.82 510.87
81.17 505.64
88.72 545.74
146.26 522.50
150.32 502.74
130.56 498.67
138.70 485.30
171.25 515.52
192.75 513.20
219.48 514.36
207.28 464.38
239.82 478.91
275.86 491.11
293.29 448.11
170.08 424.28
152.65 440.55
127.66 437.64
118.36 464.38
107.32 457.99
89.88 408.59
60.24 439.97
30.02 418.47
13.75 432.41
48.62 468.45
12.59 465.54
2.13 498.09
50.94 491.11
84.07 488.79
82.91 435.90
64.31 369.65
12.59 362.67
31.77 328.38
19.56 312.11
111.39 392.31
118.94 360.93
140.44 327.22
116.62 306.88
95.69 333.62
73.61 340.59
46.88 318.50
46.30 298.16
49.20 269.11
85.81 291.77
87.56 276.08
129.98 279.57
154.97 301.07
179.38 291.77
195.07 293.51
182.29 310.37
182.87 333.03
209.60 340.59
198.56 330.13
237.50 354.54
246.22 323.15
226.46 298.75
221.23 316.18
159.04 466.12
205.54 432.41
339.79 428.93
354.31 421.37
331.07 403.94
303.17 389.41
282.25 373.13
248.54 371.97
232.85 374.30
220.06 376.04
197.40 373.72
214.25 353.96
155.56 369.65
157.30 385.92
166.60 378.37
367.68 460.89
353.73 461.47
324.68 539.93
301.43 532.96
264.23 518.43
265.98 478.33
404.88 550.39
403.13 480.65
418.82 448.11
455.44 473.68
475.78 457.99
478.69 426.60
480.43 385.92
472.87 384.18
462.99 395.80
457.76 382.43
437.42 377.78
456.02 352.79
438.58 346.98
426.38 331.29
399.65 328.38
408.94 345.82
411.85 365.58
383.95 374.30
385.12 361.51
354.90 360.93
324.68 358.61
345.60 330.13
349.08 315.02
332.81 305.72
317.70 305.72
296.78 291.77
284.57 305.14
284.57 317.34
267.14 347.56
286.90 338.85
260.75 301.07
309.56 427.76
274.69 438.81
267.14 415.56
430.45 414.40
384.54 426.60
407.78 394.06
255.52 391.73
144.51 407.42
66.64 416.14
32.93 378.37
413.01 515.52
398.48 510.87
432.77 499.83
481.01 493.44
19.56 231.33
34.09 216.22
6.19 174.38
12.59 152.87
17.24 142.41
37.58 115.10
23.63 122.07
38.74 128.46
45.71 140.09
74.77 135.44
108.48 141.83
85.23 143.57
130.56 164.50
120.69 202.27
116.04 187.16
93.95 191.23
84.07 206.34
69.54 194.13
49.20 190.07
65.47 160.43
42.23 162.75
80.58 120.91
90.46 105.22
116.04 116.26
168.34 119.16
152.07 135.44
127.66 245.86
97.44 233.65
75.94 248.18
58.50 230.75
177.06 260.39
200.89 269.11
231.69 235.40
244.47 230.75
260.17 259.23
272.37 282.47
228.20 280.15
213.67 222.61
189.26 233.65
182.29 226.68
193.33 220.29
184.61 209.25
175.90 180.19
179.38 170.31
195.66 154.62
214.83 166.24
221.23 178.44
225.88 190.07
247.38 172.05
265.98 172.63
269.46 187.16
275.28 154.03
282.25 137.18
295.04 129.04
262.49 136.02
240.41 108.70
231.69 132.53
222.97 149.38
204.95 119.75
191.59 97.08
207.28 87.20
220.06 90.69
222.39 80.81
249.70 79.06
246.22 90.69
259.58 89.52
257.26 102.89
264.81 116.26
282.83 118.00
284.57 98.82
316.54 99.40
310.15 115.10
321.77 126.14
340.37 111.03
353.73 81.39
339.20 73.25
376.98 111.61
369.43 123.23
342.69 135.44
336.30 154.03
354.90 163.91
365.36 149.38
381.63 152.29
403.13 152.29
318.28 201.11
340.95 215.06
298.52 148.80
308.40 139.50
285.74 222.61
288.06 230.75
268.88 223.19
262.49 228.42
256.68 228.42
244.47 210.99
371.17 213.31
385.12 198.78
365.94 194.72
383.37 177.28
393.25 168.56
402.55 174.38
411.27 187.16
404.88 206.34
426.96 197.04
431.61 214.48
446.14 204.01
454.86 203.43
451.95 192.97
443.23 176.12
458.34 162.75
479.27 174.96
428.70 136.02
431.03 124.98
433.35 119.75
428.12 99.40
408.94 97.66
419.41 98.82
394.42 89.52
382.79 93.59
374.07 88.94
362.45 101.15
368.26 72.67
386.86 76.74
386.86 66.86
413.01 70.93
428.12 76.16
449.63 77.32
446.72 97.66
473.45 95.92
474.04 122.07
486.82 148.80
453.11 140.09
469.39 152.29
482.17 68.60
480.43 55.82
306.66 242.95
294.45 226.68
323.51 259.23
349.67 241.79
351.41 256.32
356.06 271.43
351.41 290.61
339.20 273.17
320.61 285.38
379.89 278.40
395.58 276.66
392.09 254.00
386.86 242.95
372.33 242.95
422.31 235.40
414.76 225.52
418.24 252.25
432.77 266.20
462.41 244.70
455.44 229.59
438.58 251.09
472.87 222.61
411.85 162.17
419.41 174.38
236.92 152.29
245.06 141.25
150.32 94.75
166.60 96.50
180.55 88.94
182.87 66.28
163.11 76.16
125.33 70.35
107.32 70.35
92.21 73.25
99.76 89.52
65.47 98.82
61.41 70.93
30.60 60.47
21.89 78.48
39.32 93.01
137.54 222.61
160.79 195.30
139.28 125.56
134.05 86.62
154.39 65.12
78.26 70.35
78.84 52.33
474.62 258.06
500.18 143.14
506.00 125.41
522.85 111.17
535.63 112.92
559.46 124.25
562.08 143.72
534.76 146.33
511.52 155.34
521.98 178.88
535.93 173.36
556.27 167.84
502.51 186.72
568.47 74.85
545.22 66.42
526.63 81.53
509.48 65.26
498.15 73.11
506.58 90.54
443.52 60.90
428.41 57.12
415.62 55.96
399.06 53.93
379.30 42.59
368.84 58.00
494.37 42.89
517.62 40.85
549.00 39.69
550.16 109.14
531.28 97.22
500.47 104.20
489.43 120.47
147.71 186.14
156.72 164.64
18.10 180.48
361.28 307.03
387.44 311.09
436.55 290.75
513.26 299.62
513.84 283.34
496.99 287.99
484.20 287.99
465.60 283.93
494.08 265.33
531.28 281.60
539.99 282.18
561.50 271.14
566.73 283.93
511.52 320.54
488.85 338.56
473.74 326.35
541.16 307.75
560.92 331.58
546.39 358.90
529.53 362.96
502.22 364.13
570.80 360.06
563.24 249.64
537.67 248.47
503.38 253.70
488.27 228.71
505.70 221.74
515.58 212.44
528.95 231.04
538.83 220.00
546.97 238.01
556.85 220.00
543.48 197.33
481.88 187.45
506.87 384.47
527.21 400.74
525.46 472.81
513.84 437.35
545.22 431.54
70.41 457.69
469.09 541.67
493.50 545.16
490.01 518.43
509.77 524.24
523.72 500.99
503.96 476.58
553.36 492.86
542.32 549.23
544.64 451.01
562.08 442.88
366.22 427.76
551.32 90.11
277.37 0.28
70.31 11.99
296.48 19.39
252.72 14.46
237.93 8.30
238.55 21.24
253.34 28.02
279.22 32.95
210.82 36.64
221.91 20.00
192.33 19.39
184.93 36.64
157.82 21.85
122.07 36.64
30.25 7.68
61.68 7.06
352.56 16.92
329.14 49.59
313.73 42.81
340.85 29.87
470.27 31.71
461.02 12.61
487.52 3.37
432.68 40.96
406.79 16.92
136.25 5.83
9.97 44.48
440.03 16.59
562.08 28.21
515.58 2.93
555.10 2.93
530.11 29.66
506.87 30.25
514.42 145.32
539.99 162.17
222.68 451.30
113.42 346.69
178.51 152.58
237.79 68.89
222.68 57.27
262.19 59.59
311.01 71.22
302.88 57.27
279.63 75.87
428.69 366.74
428.69 369.07
287.77 49.13
78.55 1.48
265.38 206.72
