40.79 454.93
55.31 447.37
32.07 429.94
4.17 415.41
68.68 486.89
54.73 487.47
25.68 565.93
2.43 558.96
104.13 506.65
119.82 474.11
156.44 499.68
176.78 483.99
179.69 452.60
181.43 411.92
173.87 410.18
163.99 421.80
158.76 408.43
138.42 403.78
157.02 378.79
139.58 372.98
127.38 357.29
100.65 354.38
109.94 371.82
112.85 391.58
84.95 400.30
86.12 387.51
55.90 386.93
25.68 384.61
46.60 356.13
50.08 341.02
33.81 331.72
18.70 331.72
10.56 453.76
131.45 440.40
85.54 452.60
108.78 420.06
114.01 541.52
99.48 536.87
133.77 525.83
182.01 519.44
17.54 125.40
11.15 141.10
22.77 152.14
41.37 137.03
54.73 107.39
40.20 99.25
77.98 137.61
70.43 149.23
43.69 161.44
37.30 180.03
55.90 189.91
66.36 175.38
82.63 178.29
104.13 178.29
19.28 227.11
41.95 241.06
9.40 165.50
72.17 239.31
86.12 224.78
66.94 220.72
84.37 203.28
94.25 194.56
103.55 200.38
112.27 213.16
105.88 232.34
127.96 223.04
132.61 240.48
147.14 230.01
155.86 229.43
152.95 218.97
144.23 202.12
159.34 188.75
180.27 200.96
129.70 162.02
132.03 150.98
134.35 145.75
129.12 125.40
109.94 123.66
120.41 124.82
95.42 115.52
83.79 119.59
75.07 114.94
63.45 127.15
69.26 98.67
87.86 102.74
87.86 92.86
114.01 96.93
129.12 102.16
150.63 103.32
147.72 123.66
174.45 121.92
175.04 148.07
187.82 174.80
154.11 166.09
170.39 178.29
183.17 94.60
181.43 81.82
7.66 268.95
24.51 285.23
50.67 267.79
52.41 282.32
57.06 297.43
52.41 316.61
40.20 299.17
21.61 311.38
80.89 304.40
96.58 302.66
93.09 280.00
87.86 268.95
73.33 268.95
123.31 261.40
115.76 251.52
119.24 278.25
133.77 292.20
163.41 270.70
156.44 255.59
139.58 277.09
173.87 248.61
112.85 188.17
120.41 200.38
175.62 284.06
201.18 169.14
207.00 151.41
223.85 137.17
236.63 138.92
260.46 150.25
273.83 156.64
273.83 169.72
263.08 169.72
235.76 172.33
212.52 181.34
222.98 204.88
236.93 199.36
257.27 193.84
273.54 193.84
293.59 200.81
203.51 212.72
300.85 181.92
288.07 161.58
290.10 150.25
295.04 143.86
291.85 109.86
269.47 100.85
246.22 92.42
227.63 107.53
210.48 91.26
199.15 99.11
207.58 116.54
144.52 86.90
129.41 83.12
116.62 81.96
100.06 79.93
80.30 68.59
69.84 84.00
195.37 68.89
218.62 66.85
250.00 65.69
284.58 68.59
274.99 137.17
291.56 128.75
306.96 124.97
251.16 135.14
232.28 123.22
201.47 130.20
190.43 146.47
62.28 333.03
88.44 337.09
137.55 316.75
214.26 325.62
214.84 309.34
197.99 313.99
185.20 313.99
166.60 309.93
195.08 291.33
232.28 307.60
240.99 308.18
262.50 297.14
267.73 309.93
212.52 346.54
189.85 364.56
174.74 352.35
281.09 344.21
289.81 321.55
302.60 309.34
320.03 316.32
331.66 305.28
335.72 323.29
315.38 340.15
242.16 333.75
261.92 357.58
247.39 384.90
230.53 388.96
203.22 390.13
271.80 386.06
304.34 352.35
320.61 376.76
328.75 364.56
338.63 360.49
341.54 348.28
361.88 347.12
357.23 329.69
358.97 319.22
356.65 300.05
332.24 280.87
319.45 282.61
297.37 287.26
288.07 271.57
264.24 275.64
238.67 274.47
204.38 279.70
189.27 254.71
206.70 247.74
216.58 238.44
229.95 257.04
239.83 246.00
295.62 236.70
310.15 230.31
329.33 224.49
349.09 201.25
368.27 213.45
357.23 230.89
364.20 246.58
376.41 247.74
384.54 266.34
350.83 270.41
329.33 254.13
336.31 237.86
315.38 264.01
324.10 202.99
339.79 189.62
358.97 186.72
379.89 201.25
321.19 186.72
311.90 196.02
247.97 264.01
257.85 246.00
244.48 223.33
182.88 213.45
207.87 410.47
228.21 426.74
288.65 404.07
296.20 391.29
326.43 419.77
331.07 402.91
347.35 381.99
353.74 387.80
363.62 372.69
379.89 354.68
226.46 498.81
214.84 463.35
246.22 457.54
279.35 445.92
303.76 492.41
325.84 474.40
325.84 508.69
362.46 488.34
369.43 478.46
358.97 418.60
371.18 441.85
343.28 445.34
379.31 455.22
299.69 462.77
309.57 441.27
170.09 567.67
194.50 571.16
191.01 544.43
210.77 550.24
224.72 526.99
204.96 502.58
254.36 518.86
329.33 541.52
307.83 533.97
324.68 568.84
245.64 477.01
382.80 557.79
368.85 542.10
353.16 543.26
411.86 457.83
411.86 415.41
410.69 407.85
381.06 402.04
482.76 531.64
436.85 560.70
458.35 544.43
438.01 519.44
414.76 536.29
406.05 528.74
410.11 509.56
464.74 459.00
468.81 437.49
455.44 437.49
446.73 412.50
435.69 411.92
472.88 409.60
468.81 382.86
482.76 389.84
444.98 391.58
453.12 367.17
441.50 366.59
411.86 359.03
413.02 378.79
395.00 393.90
411.28 343.34
387.45 315.45
422.32 298.01
422.90 324.16
447.31 327.07
453.12 311.38
455.44 300.34
474.62 295.11
483.92 310.22
472.30 319.51
479.27 340.44
494.96 334.62
389.19 295.69
391.52 284.06
469.39 492.12
494.38 490.96
438.01 488.05
444.98 471.20
407.79 494.45
396.17 488.05
263.08 468.88
67.22 453.76
415.34 351.48
428.13 340.44
408.66 240.48
399.94 256.75
437.13 263.14
435.39 237.57
425.51 216.07
419.12 235.25
420.86 183.52
416.21 203.86
385.99 187.59
389.48 171.32
398.78 163.18
412.72 154.46
455.15 212.00
441.78 200.96
445.85 193.40
466.19 263.72
475.49 245.71
465.61 233.50
482.46 230.60
470.26 218.39
464.45 193.98
471.42 185.85
481.88 183.52
496.41 192.24
512.10 203.86
527.80 213.16
528.38 225.37
510.36 217.81
506.87 228.27
498.74 241.64
497.57 260.82
510.36 258.49
555.11 225.95
569.64 257.91
560.92 284.06
571.96 278.25
550.46 266.05
538.26 253.84
545.23 245.71
516.75 278.25
503.39 311.96
517.92 337.53
537.09 358.45
517.92 358.45
508.04 367.17
539.42 375.31
565.57 370.66
553.37 384.61
556.85 307.31
546.97 305.57
528.96 302.66
525.47 288.13
534.77 288.13
551.62 320.10
538.84 316.03
564.99 347.41
502.22 291.04
467.94 282.32
551.04 195.14
553.95 209.67
564.99 203.86
566.73 179.45
547.56 166.67
544.07 175.97
530.70 191.66
515.01 177.13
521.98 163.18
559.76 107.97
542.32 117.85
531.28 112.04
521.98 98.09
516.17 107.39
536.51 99.25
498.74 114.94
472.58 109.71
479.56 145.16
478.40 156.79
496.41 145.16
503.97 145.16
515.59 137.03
531.86 134.12
503.39 134.12
469.68 127.73
458.64 137.03
454.57 150.98
438.30 171.90
442.94 132.96
442.36 120.75
430.16 126.57
422.60 142.26
417.95 105.64
406.91 119.01
388.90 130.05
379.02 140.51
367.39 156.21
358.09 171.32
335.43 156.21
316.83 137.03
335.43 112.62
319.16 108.55
306.95 97.51
318.57 89.37
337.75 91.12
345.89 102.74
370.30 101.58
377.85 107.97
398.19 105.64
361.00 134.70
252.32 116.11
567.31 148.07
555.11 147.49
566.15 157.37
541.74 134.12
459.80 175.38
507.14 461.37
510.22 441.04
508.37 415.77
515.77 569.84
501.59 547.04
569.38 442.27
549.04 425.01
528.09 407.14
527.47 398.51
510.84 391.73
557.67 521.77
545.96 526.08
550.28 558.75
545.96 333.19
560.14 338.12
5.49 7.18
53.56 42.92
88.07 8.41
25.21 13.34
30.14 75.59
14.73 68.81
41.85 55.87
171.27 57.71
162.02 38.61
170.04 23.82
188.52 29.37
170.65 12.11
133.68 66.96
107.79 42.92
139.87 10.04
157.31 6.56
141.03 42.59
263.08 54.21
421.16 51.60
406.05 45.78
397.91 2.20
216.58 28.93
203.22 8.59
256.10 28.93
366.53 42.30
344.44 33.58
330.49 72.52
346.77 70.19
314.22 64.38
382.22 74.26
439.17 42.30
431.04 34.16
410.69 24.86
426.97 0.45
456.03 10.91
508.91 12.66
486.83 76.59
456.03 71.36
448.47 58.57
461.84 39.39
352.58 16.73
343.28 9.75
307.83 5.10
294.46 11.50
231.11 55.66
207.87 56.25
493.22 54.50
484.50 43.46
493.80 28.93
481.02 20.79
481.02 4.52
368.85 0.45
395.58 83.56
405.46 79.49
428.13 77.17
450.21 88.79
467.65 93.44
429.87 116.69
360.13 120.17
215.42 171.32
240.99 188.17
526.63 57.99
516.75 39.39
528.38 20.79
520.82 0.45
541.16 53.34
560.34 53.92
373.20 39.39
393.55 30.67
546.97 30.67
553.37 14.98
280.80 91.70
481.30 196.45
529.25 477.30
395.58 445.92
564.99 537.45
504.55 338.69
562.67 470.04
485.37 513.63
454.57 518.86
477.23 360.20
447.31 275.93
417.09 284.06
424.64 271.86
517.63 119.59
309.57 169.57
12.01 97.22
3.88 83.27
564.41 84.72
548.14 89.37
530.12 85.88
506.87 87.63
541.74 69.03
525.47 69.03
287.77 187.59
129.69 392.74
129.69 395.07
52.31 9.71
