40.31 647.63
79.82 627.87
100.17 622.64
107.72 662.74
165.26 639.50
169.32 619.74
149.56 615.67
157.70 602.30
190.25 632.52
211.75 630.20
238.48 631.36
226.28 581.38
258.82 595.91
294.86 608.11
312.29 565.11
189.08 541.28
171.65 557.55
146.66 554.64
137.36 581.38
126.32 574.99
108.88 525.59
79.24 556.97
49.02 535.47
32.75 549.41
67.62 585.45
31.59 582.54
21.13 615.09
11.83 622.06
69.94 608.11
103.07 605.79
101.91 552.90
83.31 486.65
31.59 479.67
50.77 445.38
38.56 429.11
130.39 509.31
137.94 477.93
159.44 444.22
135.62 423.88
114.69 450.62
92.61 457.59
65.88 435.50
65.30 415.16
68.20 386.11
104.81 408.77
106.56 393.08
148.98 396.57
173.97 418.07
198.38 408.77
214.07 410.51
201.29 427.37
201.87 450.03
228.60 457.59
217.56 447.13
256.50 471.54
265.22 440.15
245.46 415.75
240.23 433.18
178.04 583.12
224.54 549.41
358.79 545.93
373.31 538.37
350.07 520.94
322.17 506.41
301.25 490.13
267.54 488.97
251.85 491.30
239.06 493.04
216.40 490.72
233.25 470.96
174.56 486.65
176.30 502.92
185.60 495.37
386.68 577.89
372.73 578.47
343.68 656.93
320.43 649.96
283.23 635.43
284.98 595.33
423.88 667.39
422.13 597.65
437.82 565.11
474.44 590.68
494.78 574.99
497.69 543.60
499.43 502.92
491.87 501.18
481.99 512.80
476.76 499.43
456.42 494.78
475.02 469.79
457.58 463.98
445.38 448.29
418.65 445.38
427.94 462.82
430.85 482.58
402.95 491.30
404.12 478.51
373.90 477.93
343.68 475.61
364.60 447.13
368.08 432.02
351.81 422.72
336.70 422.72
315.78 408.77
303.57 422.14
303.57 434.34
286.14 464.56
305.90 455.85
279.75 418.07
328.56 544.76
293.69 555.81
286.14 532.56
449.45 531.40
403.54 543.60
426.78 511.06
274.52 508.73
163.51 524.42
85.64 533.14
51.93 495.37
432.01 632.52
417.48 627.87
451.77 616.83
500.01 610.44
2.23 506.70
4.56 443.93
7.18 357.63
38.56 348.33
53.09 333.22
6.60 319.27
25.19 291.38
11.83 268.71
31.59 269.87
36.24 259.41
56.58 232.10
42.63 239.07
57.74 245.46
64.71 257.09
93.77 252.44
127.48 258.83
104.23 260.57
149.56 281.50
139.69 319.27
135.04 304.16
112.95 308.23
103.07 323.34
88.54 311.13
68.20 307.07
84.47 277.43
61.23 279.75
99.58 237.91
109.46 222.22
135.04 233.26
187.34 236.16
171.07 252.44
146.66 362.86
116.44 350.65
94.94 365.18
77.50 347.75
196.06 377.39
219.89 386.11
250.69 352.40
263.47 347.75
279.17 376.23
291.37 399.47
247.20 397.15
232.67 339.61
208.26 350.65
201.29 343.68
212.33 337.29
203.61 326.25
194.90 297.19
198.38 287.31
214.66 271.62
233.83 283.24
240.23 295.44
244.88 307.07
266.38 289.05
284.98 289.63
288.46 304.16
294.28 271.03
301.25 254.18
314.04 246.04
281.49 253.02
259.41 225.70
250.69 249.53
241.97 266.38
223.95 236.75
210.59 214.08
226.28 204.20
239.06 207.69
241.39 197.81
268.70 196.06
265.22 207.69
278.58 206.52
276.26 219.89
283.81 233.26
301.83 235.00
303.57 215.82
335.54 216.40
329.15 232.10
340.77 243.14
359.37 228.03
372.73 198.39
358.20 190.25
395.98 228.61
388.43 240.23
361.69 252.44
355.30 271.03
373.90 280.91
384.36 266.38
400.63 269.29
422.13 269.29
337.28 318.11
359.95 332.06
317.52 265.80
327.40 256.50
304.74 339.61
307.06 347.75
287.88 340.19
281.49 345.42
275.68 345.42
263.47 327.99
390.17 330.31
404.12 315.78
384.94 311.72
402.37 294.28
412.25 285.56
421.55 291.38
430.27 304.16
423.88 323.34
445.96 314.04
450.61 331.48
465.14 321.01
473.86 320.43
470.95 309.97
462.23 293.12
477.34 279.75
498.27 291.96
447.70 253.02
450.03 241.98
452.35 236.75
447.12 216.40
427.94 214.66
438.41 215.82
413.42 206.52
401.79 210.59
393.07 205.94
381.45 218.15
387.26 189.67
405.86 193.74
405.86 183.86
432.01 187.93
447.12 193.16
468.63 194.32
465.72 214.66
492.45 212.92
493.04 239.07
505.82 265.80
472.11 257.09
488.39 269.29
501.17 185.60
499.43 172.82
325.66 359.95
313.45 343.68
342.51 376.23
368.67 358.79
370.41 373.32
375.06 388.43
370.41 407.61
358.20 390.17
339.61 402.38
398.89 395.40
414.58 393.66
411.09 371.00
405.86 359.95
391.33 359.95
441.31 352.40
433.76 342.52
437.24 369.25
451.77 383.20
481.41 361.70
474.44 346.59
457.58 368.09
491.87 339.61
430.85 279.17
438.41 291.38
255.92 269.29
264.06 258.25
169.32 211.75
185.60 213.50
199.55 205.94
201.87 183.28
182.11 193.16
144.33 187.35
126.32 187.35
111.21 190.25
118.76 206.52
84.47 215.82
80.41 187.93
49.60 177.47
40.89 195.48
58.32 210.01
10.67 236.16
156.54 339.61
179.79 312.30
158.28 242.56
153.05 203.62
173.39 182.12
97.26 187.35
97.84 169.33
493.62 375.06
519.18 260.14
525.00 242.41
541.85 228.17
554.63 229.92
578.46 241.25
591.83 247.64
591.83 260.72
581.08 260.72
553.76 263.33
530.52 272.34
540.98 295.88
554.93 290.36
575.27 284.84
591.54 284.84
611.59 291.81
521.51 303.72
618.85 272.92
606.07 252.58
608.10 241.25
613.04 234.86
609.85 200.86
587.47 191.85
564.22 183.42
545.63 198.53
528.48 182.26
517.15 190.11
525.58 207.54
462.52 177.90
447.41 174.12
434.62 172.96
418.06 170.93
398.30 159.59
387.84 175.00
513.37 159.89
536.62 157.85
568.00 156.69
602.58 159.59
592.99 228.17
609.56 219.75
624.96 215.97
569.16 226.14
550.28 214.22
519.47 221.20
508.43 237.47
166.71 303.14
175.72 281.64
37.10 297.48
380.28 424.03
406.44 428.09
455.55 407.75
532.26 416.62
532.84 400.34
515.99 404.99
503.20 404.99
484.60 400.93
513.08 382.33
550.28 398.60
558.99 399.18
580.50 388.14
585.73 400.93
530.52 437.54
507.85 455.56
492.74 443.35
599.09 435.21
607.81 412.55
620.60 400.34
638.03 407.32
649.66 396.28
653.72 414.29
633.38 431.15
560.16 424.75
579.92 448.58
565.39 475.90
548.53 479.96
521.22 481.13
589.80 477.06
622.34 443.35
638.61 467.76
646.75 455.56
656.63 451.49
659.54 439.28
679.88 438.12
675.23 420.69
676.97 410.22
674.65 391.05
650.24 371.87
637.45 373.61
615.37 378.26
606.07 362.57
582.24 366.64
556.67 365.47
522.38 370.70
507.27 345.71
524.70 338.74
534.58 329.44
547.95 348.04
557.83 337.00
613.62 327.70
628.15 321.31
647.33 315.49
667.09 292.25
686.27 304.45
675.23 321.89
682.20 337.58
694.41 338.74
702.54 357.34
668.83 361.41
647.33 345.13
654.31 328.86
633.38 355.01
642.10 293.99
657.79 280.62
676.97 277.72
697.89 292.25
639.19 277.72
629.90 287.02
565.97 355.01
575.85 337.00
562.48 314.33
500.88 304.45
525.87 501.47
546.21 517.74
606.65 495.07
614.20 482.29
644.43 510.77
649.07 493.91
665.35 472.99
671.74 478.80
681.62 463.69
697.89 445.68
544.46 589.81
532.84 554.35
564.22 548.54
597.35 536.92
621.76 583.41
643.84 565.40
643.84 599.69
680.46 579.34
687.43 569.46
676.97 509.60
689.18 532.85
661.28 536.34
697.31 546.22
617.69 553.77
627.57 532.27
89.41 574.69
488.09 658.67
512.50 662.16
509.01 635.43
528.77 641.24
542.72 617.99
522.96 593.58
572.36 609.86
647.33 632.52
625.83 624.97
642.68 659.84
561.32 666.23
563.64 568.01
700.80 648.79
686.85 633.10
671.16 634.26
729.86 548.83
729.86 506.41
728.69 498.85
699.06 493.04
800.76 622.64
781.00 663.32
754.85 651.70
776.35 635.43
756.01 610.44
732.76 627.29
724.05 619.74
728.11 600.56
782.74 550.00
786.81 528.49
773.44 528.49
764.73 503.50
753.69 502.92
790.88 500.60
786.81 473.86
800.76 480.84
762.98 482.58
771.12 458.17
759.50 457.59
729.86 450.03
731.02 469.79
713.00 484.90
729.28 434.34
705.45 406.45
740.32 389.01
740.90 415.16
765.31 418.07
771.12 402.38
773.44 391.34
792.62 386.11
801.92 401.22
790.30 410.51
797.27 431.44
812.96 425.62
707.19 386.69
709.52 375.06
787.39 583.12
812.38 581.96
756.01 579.05
762.98 562.20
725.79 585.45
714.17 579.05
581.08 559.88
385.22 544.76
733.34 442.48
746.13 431.44
726.66 331.48
717.94 347.75
755.13 354.14
753.39 328.57
743.51 307.07
737.12 326.25
738.86 274.52
734.21 294.86
703.99 278.59
707.48 262.32
716.78 254.18
730.72 245.46
773.15 303.00
759.78 291.96
763.85 284.40
784.19 354.72
793.49 336.71
783.61 324.50
800.46 321.60
788.26 309.39
782.45 284.98
789.42 276.85
799.88 274.52
814.41 283.24
830.10 294.86
845.80 304.16
846.38 316.37
828.36 308.81
824.87 319.27
816.74 332.64
815.57 351.82
828.36 349.49
873.11 316.95
917.86 320.43
887.64 348.91
878.92 375.06
889.96 369.25
868.46 357.05
856.26 344.84
863.23 336.71
834.75 369.25
821.39 402.96
835.92 428.53
855.09 449.45
835.92 449.45
826.04 458.17
857.42 466.31
892.87 465.73
883.57 461.66
871.37 475.61
906.82 454.68
920.77 461.66
928.90 457.59
937.04 447.71
946.92 460.50
968.42 443.64
941.69 425.62
957.96 430.86
931.81 422.14
924.25 433.18
905.66 426.21
906.24 409.93
902.75 388.43
908.56 375.06
942.27 377.97
927.74 389.59
941.69 359.95
926.00 344.84
944.59 332.64
924.25 332.64
937.62 318.11
964.35 319.27
985.86 323.34
962.03 337.87
962.61 350.07
976.56 337.87
1006.20 359.95
999.81 339.61
1018.40 326.25
991.67 408.19
992.83 420.98
980.05 426.79
966.68 415.16
975.40 401.80
967.84 381.46
945.18 402.96
874.85 398.31
864.97 396.57
846.96 393.66
843.47 379.13
852.77 379.13
869.62 411.10
856.84 407.03
882.99 438.41
902.75 444.80
970.75 472.70
947.50 480.25
938.20 480.25
820.22 382.04
785.94 373.32
869.04 286.14
871.95 300.67
882.99 294.86
898.10 300.09
904.49 291.96
898.68 272.78
884.73 270.45
865.56 257.67
862.07 266.97
848.70 282.66
833.01 268.13
839.98 254.18
967.84 288.47
971.33 274.52
976.56 266.38
971.91 258.83
959.70 256.50
973.65 237.91
987.60 237.91
983.53 211.17
967.26 222.22
955.64 229.19
950.99 236.16
935.88 233.26
914.37 237.33
914.37 215.82
930.06 218.73
939.94 207.69
912.05 200.71
903.33 207.69
877.76 198.97
860.32 208.85
849.28 203.04
839.98 189.09
834.17 198.39
854.51 190.25
816.74 205.94
790.58 200.71
797.56 236.16
796.40 247.79
814.41 236.16
821.97 236.16
833.59 228.03
849.86 225.12
821.39 225.12
787.68 218.73
776.64 228.03
772.57 241.98
756.30 262.90
760.94 223.96
760.36 211.75
748.16 217.57
740.60 233.26
735.95 196.64
724.91 210.01
706.90 221.05
697.02 231.51
685.39 247.21
676.09 262.32
653.43 247.21
634.83 228.03
653.43 203.62
637.16 199.55
624.95 188.51
636.57 180.37
655.75 182.12
663.89 193.74
688.30 192.58
695.85 198.97
716.19 196.64
679.00 225.70
570.32 207.11
885.31 239.07
873.11 238.49
884.15 248.37
898.68 249.53
951.57 248.37
950.41 266.38
945.76 276.26
952.73 289.05
946.92 304.74
930.65 298.93
918.44 292.54
922.51 286.14
927.16 268.13
928.32 254.76
910.89 268.71
859.74 225.12
991.67 247.21
1006.20 245.46
1006.20 233.26
1020.73 243.72
1003.87 258.25
988.76 264.06
990.51 286.73
777.80 266.38
825.14 552.37
828.22 532.04
826.37 506.77
886.15 663.92
833.77 660.84
819.59 638.04
919.43 661.45
958.87 668.85
981.67 648.51
958.87 642.35
997.08 614.62
993.38 599.21
949.01 616.47
954.56 589.35
966.88 583.80
986.60 578.26
1018.03 559.15
988.45 549.29
968.73 533.89
942.85 519.09
924.36 504.92
960.10 500.61
977.97 498.76
993.38 502.46
987.83 482.73
991.53 465.48
990.92 443.91
887.38 533.27
867.04 516.01
846.09 498.14
845.47 489.51
828.84 482.73
947.78 565.32
903.40 559.77
927.44 562.23
892.31 492.60
902.79 485.20
921.28 602.91
921.89 588.73
905.87 615.23
875.67 612.77
863.96 617.08
868.28 649.75
976.12 619.55
863.96 424.19
878.14 429.12
323.49 98.18
310.55 88.32
302.54 72.91
333.97 75.38
290.83 88.32
296.37 117.28
272.34 112.35
259.40 107.42
265.56 90.78
250.77 89.55
240.91 97.56
230.43 109.89
219.34 100.03
208.86 112.35
200.24 88.32
210.71 74.14
223.04 75.38
224.89 26.69
200.24 53.81
167.57 75.38
168.81 45.18
183.60 37.17
179.90 23.61
187.29 8.20
157.71 26.69
142.31 16.83
98.55 14.98
120.12 41.48
101.02 42.71
82.53 51.96
89.92 82.16
89.31 128.99
123.82 76.61
137.38 75.38
315.48 136.39
271.72 131.46
256.93 125.30
257.55 138.24
272.34 145.02
298.22 149.95
229.82 153.64
240.91 137.00
211.33 136.39
203.93 153.64
176.82 138.85
141.07 153.64
49.25 124.68
80.68 124.06
86.22 96.95
36.31 95.10
62.19 79.69
38.77 53.81
371.56 133.92
406.07 99.41
388.20 88.32
399.91 63.67
356.77 89.55
370.33 49.49
346.91 49.49
340.13 30.39
359.23 29.77
374.02 21.15
407.92 21.15
439.97 26.08
484.34 14.98
496.66 14.98
517.62 8.20
317.33 39.63
299.46 39.63
303.77 19.91
256.93 43.33
237.21 47.64
248.30 9.44
234.75 9.44
207.63 12.52
343.21 104.34
348.14 166.59
332.73 159.81
359.85 146.87
489.27 148.71
480.02 129.61
488.04 114.82
506.52 120.37
488.65 103.11
455.37 84.01
425.18 56.27
451.68 157.96
425.79 133.92
175.58 114.20
155.25 122.83
139.84 100.03
117.04 88.32
457.87 101.04
475.31 97.56
12.69 134.75
28.97 161.48
27.81 6.89
35.94 25.49
459.03 133.59
581.08 145.21
739.16 142.60
724.05 136.78
715.91 93.20
534.58 119.93
521.22 99.59
570.62 42.63
542.14 40.31
522.96 34.50
550.86 14.16
574.10 119.93
684.53 133.30
662.44 124.58
648.49 163.52
664.77 161.19
632.22 155.38
700.22 165.26
757.17 133.30
749.04 125.16
728.69 115.86
744.97 91.45
756.59 79.25
774.03 101.91
779.84 87.38
822.26 73.44
826.91 103.66
804.83 167.59
774.03 162.36
766.47 149.57
779.84 130.39
696.15 65.88
718.23 67.04
670.58 107.73
661.28 100.75
656.05 88.55
625.83 96.10
612.46 102.50
618.85 83.32
582.24 81.57
542.72 12.41
597.35 14.16
618.85 20.55
618.27 40.31
646.17 30.43
762.40 16.48
549.11 146.66
525.87 147.25
811.22 145.50
802.50 134.46
811.80 119.93
799.02 111.79
799.02 95.52
796.69 79.25
528.77 64.14
493.90 60.07
506.11 49.61
511.34 71.11
453.80 54.84
447.99 36.24
675.81 57.75
666.51 49.61
663.60 32.17
725.21 28.11
711.84 41.47
722.88 45.54
717.07 18.23
728.69 7.76
790.30 32.17
810.64 20.55
767.63 55.42
743.81 51.35
749.04 38.57
653.14 6.02
828.07 33.34
778.09 57.16
731.02 85.06
686.85 91.45
713.58 174.56
723.46 170.49
746.13 168.17
768.21 179.79
785.65 184.44
747.87 207.69
678.13 211.17
533.42 262.32
558.99 279.17
844.63 148.99
834.75 130.39
846.38 111.79
856.84 86.22
838.82 91.45
883.57 84.48
909.72 81.57
930.65 114.70
935.30 130.97
919.60 132.72
892.29 120.51
898.68 143.18
859.16 144.34
878.34 144.92
970.17 137.37
952.73 51.93
967.84 44.38
952.73 24.62
932.97 11.83
932.97 32.75
912.63 34.50
911.47 24.62
967.26 18.23
985.86 8.93
967.26 104.82
950.41 106.56
956.22 75.18
969.58 56.00
919.02 72.27
916.12 61.23
891.71 56.00
874.85 55.42
856.84 58.91
838.24 46.70
859.16 34.50
849.28 19.97
883.57 26.36
796.98 52.51
925.42 92.03
989.93 119.93
985.28 107.73
1000.39 96.10
980.05 65.30
944.01 90.29
691.20 130.39
711.55 121.67
864.97 121.67
871.37 105.98
912.63 105.98
598.80 182.70
901.30 320.00
799.30 287.45
426.49 84.77
596.19 53.39
847.25 568.30
998.36 47.57
941.40 540.41
1013.47 483.45
713.58 536.92
948.22 129.08
928.46 83.75
896.50 78.81
843.90 81.43
893.88 138.96
969.73 163.37
1017.82 631.36
891.13 576.15
882.99 628.45
822.55 429.69
880.67 561.04
803.37 604.63
772.57 609.86
1005.62 537.79
795.23 451.20
765.31 366.93
735.09 375.06
742.64 362.86
835.63 210.59
627.57 260.57
1012.31 63.85
1018.12 17.35
688.01 27.81
565.97 15.03
361.40 11.54
327.69 11.54
1004.17 80.12
1012.31 80.12
983.25 370.70
986.73 349.78
998.36 562.49
241.68 568.30
132.42 463.69
197.51 269.58
256.79 185.89
241.68 174.27
281.19 176.59
330.01 188.22
321.88 174.27
298.63 192.87
1018.98 178.63
967.84 182.12
942.85 182.12
921.93 174.56
913.79 161.77
897.52 176.30
882.41 175.72
866.14 180.37
848.12 176.88
824.87 178.63
859.74 160.03
843.47 160.03
891.13 155.38
605.77 278.59
447.69 483.74
447.69 486.07
1016.95 134.75
990.22 141.72
306.77 166.13
74.30 6.89
622.92 6.89
627.57 68.50
509.01 89.42
490.42 76.63
482.28 39.44
300.95 55.71
97.55 118.48
419.41 37.29
429.64 13.76
104.33 69.00
284.38 323.72
370.31 100.71
213.28 48.30
