29.44 554.68
49.78 538.99
52.69 507.60
54.43 466.92
46.87 465.18
36.99 476.80
31.76 463.43
11.42 458.78
30.02 433.79
12.58 427.98
0.38 412.29
4.45 495.40
0.96 278.04
5.61 295.48
20.14 285.01
28.86 284.43
25.95 273.97
17.23 257.12
32.34 243.75
53.27 255.96
2.70 217.02
5.03 205.98
7.35 200.75
2.12 180.40
2.12 157.16
23.63 158.32
20.72 178.66
47.45 176.92
48.04 203.07
60.82 229.80
27.11 221.09
43.39 233.29
56.17 149.60
54.43 136.82
6.77 347.20
36.41 325.70
29.44 310.59
12.58 332.09
46.87 303.61
48.62 339.06
74.18 224.14
80.00 206.41
96.85 192.17
109.63 193.92
133.46 205.25
146.83 211.64
146.83 224.72
136.08 224.72
108.76 227.33
85.52 236.34
95.98 259.88
109.93 254.36
130.27 248.84
146.54 248.84
166.59 255.81
76.51 267.72
173.85 236.92
161.07 216.58
163.10 205.25
168.04 198.86
164.85 164.86
142.47 155.85
119.22 147.42
100.63 162.53
83.48 146.26
72.15 154.11
80.58 171.54
17.52 141.90
2.41 138.12
68.37 123.89
91.62 121.85
123.00 120.69
157.58 123.59
147.99 192.17
164.56 183.75
179.96 179.97
124.16 190.14
105.28 178.22
74.47 185.20
63.43 201.47
10.55 371.75
87.26 380.62
87.84 364.34
70.99 368.99
58.20 368.99
39.60 364.93
68.08 346.33
105.28 362.60
113.99 363.18
135.50 352.14
140.73 364.93
85.52 401.54
62.85 419.56
47.74 407.35
154.09 399.21
162.81 376.55
175.60 364.34
193.03 371.32
204.66 360.28
208.72 378.29
188.38 395.15
115.16 388.75
134.92 412.58
120.39 439.90
103.53 443.96
76.22 445.13
144.80 441.06
177.34 407.35
193.61 431.76
201.75 419.56
211.63 415.49
214.54 403.28
234.88 402.12
230.23 384.69
231.97 374.22
229.65 355.05
205.24 335.87
192.45 337.61
170.37 342.26
161.07 326.57
137.24 330.64
111.67 329.47
77.38 334.70
62.27 309.71
79.70 302.74
89.58 293.44
102.95 312.04
112.83 301.00
168.62 291.70
183.15 285.31
202.33 279.49
222.09 256.25
241.27 268.45
230.23 285.89
237.20 301.58
249.41 302.74
257.54 321.34
223.83 325.41
202.33 309.13
209.31 292.86
188.38 319.01
197.10 257.99
212.79 244.62
231.97 241.72
252.89 256.25
194.19 241.72
184.90 251.02
120.97 319.01
130.85 301.00
117.48 278.33
55.88 268.45
80.87 465.47
101.21 481.74
161.65 459.07
169.20 446.29
199.43 474.77
204.07 457.91
220.35 436.99
226.74 442.80
236.62 427.69
252.89 409.68
99.46 553.81
87.84 518.35
119.22 512.54
152.35 500.92
176.76 547.41
198.84 529.40
198.84 563.69
235.46 543.34
242.43 533.46
231.97 473.60
244.18 496.85
216.28 500.34
252.31 510.22
172.69 517.77
182.57 496.27
77.96 557.58
118.64 532.01
284.86 512.83
284.86 470.41
283.69 462.85
254.06 457.04
283.11 564.56
337.74 514.00
341.81 492.49
328.44 492.49
319.73 467.50
308.69 466.92
345.88 464.60
341.81 437.86
355.76 444.84
317.98 446.58
326.12 422.17
314.50 421.59
284.86 414.03
286.02 433.79
268.00 448.90
284.28 398.34
260.45 370.45
295.32 353.01
295.90 379.16
320.31 382.07
326.12 366.38
328.44 355.34
347.62 350.11
356.92 365.22
345.30 374.51
352.27 395.44
367.96 389.62
262.19 350.69
264.52 339.06
342.39 547.12
367.38 545.96
311.01 543.05
317.98 526.20
280.79 549.45
269.17 543.05
136.08 523.88
288.34 406.48
301.13 395.44
281.66 295.48
272.94 311.75
310.13 318.14
308.39 292.57
298.51 271.07
292.12 290.25
293.86 238.52
289.21 258.86
258.99 242.59
262.48 226.32
271.78 218.18
285.72 209.46
328.15 267.00
314.78 255.96
318.85 248.40
339.19 318.72
348.49 300.71
338.61 288.50
355.46 285.60
343.26 273.39
337.45 248.98
344.42 240.85
354.88 238.52
369.41 247.24
385.10 258.86
400.80 268.16
401.38 280.37
383.36 272.81
379.87 283.27
371.74 296.64
370.57 315.82
383.36 313.49
428.11 280.95
472.86 284.43
442.64 312.91
433.92 339.06
444.96 333.25
423.46 321.05
411.26 308.84
418.23 300.71
389.75 333.25
376.39 366.96
390.92 392.53
410.09 413.45
390.92 413.45
381.04 422.17
412.42 430.31
447.87 429.73
438.57 425.66
426.37 439.61
461.82 418.68
475.77 425.66
483.90 421.59
492.04 411.71
501.92 424.50
523.42 407.64
496.69 389.62
512.96 394.86
486.81 386.14
479.25 397.18
460.66 390.21
461.24 373.93
457.75 352.43
463.56 339.06
497.27 341.97
482.74 353.59
496.69 323.95
481.00 308.84
499.59 296.64
479.25 296.64
492.62 282.11
519.35 283.27
540.86 287.34
517.03 301.87
517.61 314.07
531.56 301.87
561.20 323.95
554.81 303.61
546.67 372.19
547.83 384.98
535.05 390.79
521.68 379.16
530.40 365.80
522.84 345.46
500.18 366.96
429.85 362.31
419.97 360.57
401.96 357.66
398.47 343.13
407.77 343.13
424.62 375.10
411.84 371.03
437.99 402.41
457.75 408.80
525.75 436.70
502.50 444.25
493.20 444.25
375.22 346.04
340.94 337.32
424.04 250.14
426.95 264.67
437.99 258.86
453.10 264.09
459.49 255.96
453.68 236.78
439.73 234.45
420.56 221.67
417.07 230.97
403.70 246.66
388.01 232.13
394.98 218.18
522.84 252.47
526.33 238.52
531.56 230.38
526.91 222.83
514.70 220.50
528.65 201.91
542.60 201.91
538.53 175.17
522.26 186.22
510.64 193.19
505.99 200.16
490.88 197.26
469.37 201.33
469.37 179.82
485.06 182.73
494.94 171.69
467.05 164.71
458.33 171.69
432.76 162.97
415.32 172.85
404.28 167.04
394.98 153.09
389.17 162.39
409.51 154.25
371.74 169.94
345.58 164.71
352.56 200.16
351.40 211.79
369.41 200.16
376.97 200.16
388.59 192.03
404.86 189.12
376.39 189.12
342.68 182.73
331.64 192.03
327.57 205.98
311.30 226.90
315.94 187.96
315.36 175.75
303.16 181.57
295.60 197.26
290.95 160.64
279.91 174.01
261.90 185.05
252.02 195.51
240.39 211.21
231.09 226.32
208.43 211.21
189.83 192.03
208.43 167.62
192.16 163.55
179.95 152.51
191.57 144.37
210.75 146.12
218.89 157.74
243.30 156.58
250.85 162.97
271.19 160.64
234.00 189.70
125.32 171.11
440.31 203.07
428.11 202.49
439.15 212.37
453.68 213.53
506.57 212.37
505.41 230.38
500.76 240.26
507.73 253.05
501.92 268.74
485.65 262.93
473.44 256.54
477.51 250.14
482.16 232.13
483.32 218.76
465.89 232.71
414.74 189.12
546.67 211.21
561.20 209.46
561.20 197.26
558.87 222.25
543.76 228.06
545.51 250.73
332.80 230.38
380.14 516.37
383.22 496.04
381.37 470.77
548.38 563.21
509.56 553.35
521.88 547.80
541.60 542.26
543.45 513.29
523.73 497.89
497.85 483.09
479.36 468.92
515.10 464.61
532.97 462.76
548.38 466.46
542.83 446.73
546.53 429.48
545.92 407.91
442.38 497.27
422.04 480.01
401.09 462.14
400.47 453.51
383.84 446.73
502.78 529.32
458.40 523.77
482.44 526.23
447.31 456.60
457.79 449.20
476.28 566.91
476.89 552.73
418.96 388.19
433.14 393.12
44.27 112.71
35.02 93.61
43.04 78.82
61.52 84.37
43.65 67.11
10.37 48.01
6.68 121.96
12.87 65.04
30.31 61.56
14.03 97.59
136.08 109.21
294.16 106.60
279.05 100.78
270.91 57.20
89.58 83.93
76.22 63.59
125.62 6.63
97.14 4.31
129.10 83.93
239.53 97.30
217.44 88.58
203.49 127.52
219.77 125.19
187.22 119.38
255.22 129.26
312.17 97.30
304.04 89.16
283.69 79.86
299.97 55.45
311.59 43.25
329.03 65.91
334.84 51.38
377.26 37.44
381.91 67.66
359.83 131.59
329.03 126.36
321.47 113.57
334.84 94.39
251.15 29.88
273.23 31.04
225.58 71.73
216.28 64.75
211.05 52.55
180.83 60.10
167.46 66.50
173.85 47.32
137.24 45.57
173.27 4.31
104.11 110.66
80.87 111.25
366.22 109.50
357.50 98.46
366.80 83.93
354.02 75.79
354.02 59.52
351.69 43.25
83.77 28.14
48.90 24.07
61.11 13.61
66.34 35.11
8.80 18.84
2.99 0.24
230.81 21.75
221.51 13.61
266.84 5.47
277.88 9.54
322.63 19.42
298.81 15.35
304.04 2.57
333.09 21.16
286.02 49.06
241.85 55.45
268.58 138.56
278.46 134.49
301.13 132.17
323.21 143.79
340.65 148.44
302.87 171.69
233.13 175.17
88.42 226.32
113.99 243.17
399.63 112.99
389.75 94.39
401.38 75.79
411.84 50.22
393.82 55.45
438.57 48.48
464.72 45.57
485.65 78.70
490.30 94.97
474.60 96.72
447.29 84.51
453.68 107.18
414.16 108.34
433.34 108.92
525.17 101.37
507.73 15.93
522.84 8.38
522.26 68.82
505.41 70.56
511.22 39.18
524.58 20.00
474.02 36.27
471.12 25.23
446.71 20.00
429.85 19.42
411.84 22.91
393.24 10.70
351.98 16.51
480.42 56.03
544.93 83.93
540.28 71.73
555.39 60.10
535.05 29.30
499.01 54.29
246.20 94.39
266.55 85.67
419.97 85.67
426.37 69.98
467.63 69.98
153.80 146.70
456.30 284.00
354.30 251.45
151.19 17.39
402.25 532.30
553.36 11.57
496.40 504.41
568.47 447.45
268.58 500.92
503.22 93.08
483.46 47.75
451.50 42.81
398.90 45.43
448.88 102.96
524.73 127.37
446.13 540.15
377.55 393.69
435.67 525.04
358.37 568.63
560.62 501.79
350.23 415.20
320.31 330.93
290.09 339.06
297.64 326.86
390.63 174.59
182.57 224.57
567.31 27.85
559.17 44.12
567.31 44.12
538.25 334.70
541.73 313.78
553.36 526.49
522.84 146.12
497.85 146.12
476.93 138.56
468.79 125.77
452.52 140.30
437.41 139.72
421.14 144.37
403.12 140.88
379.87 142.63
414.74 124.03
398.47 124.03
446.13 119.38
160.77 242.59
2.69 447.74
2.69 450.07
571.95 98.75
545.22 105.72
182.57 32.50
64.01 53.42
45.42 40.63
37.28 3.44
