24.32 15.43
34.67 37.24
8.79 34.65
16.97 60.15
36.06 58.31
38.63 77.76
15.14 97.58
8.90 142.36
36.06 141.99
41.56 176.86
7.43 180.89
22.11 215.03
21.74 244.75
43.03 245.12
21.23 292.54
27.44 340.21
27.10 400.31
27.79 444.87
1.35 727.10
25.31 710.96
49.26 685.44
12.29 658.35
8.12 584.92
37.29 575.02
37.81 553.14
27.91 535.44
3.43 508.35
76.35 512.52
107.08 545.85
111.24 618.77
61.24 623.46
81.56 657.31
123.22 684.91
68.01 732.83
83.64 759.91
147.70 520.85
176.90 748.28
150.31 643.55
161.94 470.67
135.34 439.08
87.14 457.37
48.90 449.06
60.54 395.86
38.93 384.23
48.90 317.73
92.77 145.55
82.11 162.39
83.79 173.62
85.47 121.42
66.95 120.29
46.74 139.38
66.95 84.93
50.67 77.07
59.65 15.33
58.53 54.62
81.54 59.11
89.96 74.27
102.87 88.30
100.07 111.87
118.03 152.85
120.84 172.50
142.73 149.48
138.24 125.35
156.76 124.22
164.62 156.22
185.95 160.71
202.23 139.38
236.47 153.41
247.13 135.45
244.32 111.87
281.37 152.85
290.91 161.27
299.33 144.99
288.67 137.13
275.20 126.47
352.66 169.13
336.38 171.93
378.48 166.32
357.15 148.36
375.11 132.08
343.11 133.76
324.03 112.44
296.53 109.63
316.17 93.91
270.14 92.23
292.60 84.93
292.60 67.53
339.75 86.05
356.02 86.05
380.72 100.09
352.10 66.97
323.47 75.95
385.21 51.25
367.25 49.57
379.04 27.12
361.64 20.38
356.02 3.54
334.13 23.19
318.42 37.78
307.19 9.15
279.69 29.92
277.44 51.25
260.60 47.88
260.60 27.12
244.89 46.76
237.03 34.97
204.47 66.41
203.35 96.16
198.86 117.49
222.43 90.54
222.99 59.11
183.14 95.03
162.93 104.58
137.68 91.11
171.92 73.14
150.02 59.67
120.84 75.39
123.64 60.79
100.07 19.82
79.30 18.14
61.90 3.54
135.99 9.15
122.52 11.96
137.11 28.80
125.33 45.64
158.44 23.75
162.93 11.40
204.47 12.52
193.25 7.47
170.79 36.66
176.97 60.79
157.32 46.76
187.63 76.51
210.08 38.90
231.41 0.17
262.29 79.32
242.08 65.29
251.06 86.05
345.36 20.38
286.98 41.71
250.05 796.49
246.72 749.94
205.16 700.07
459.42 782.92
549.34 782.92
600.72 761.09
289.47 759.08
270.47 736.29
266.67 687.84
279.97 672.64
201.13 656.49
191.63 612.80
198.28 566.25
215.37 586.20
176.43 506.41
197.33 510.21
203.03 533.01
205.87 474.11
185.93 426.62
108.03 352.52
84.29 339.23
134.63 337.33
130.83 315.48
134.63 290.78
102.33 275.58
89.99 286.98
183.08 300.28
211.57 275.58
209.67 315.48
209.67 354.42
201.13 392.42
173.58 401.92
162.18 379.12
124.18 401.92
100.44 436.12
227.72 374.37
258.12 313.58
270.47 299.33
290.42 284.13
310.36 312.63
325.56 329.73
312.26 336.38
273.32 354.42
295.17 386.72
287.57 407.62
244.82 412.37
266.67 439.92
307.51 433.27
304.67 409.52
338.86 366.77
446.20 276.53
434.80 337.33
414.85 317.38
396.81 360.12
360.71 383.87
379.71 382.92
322.71 295.53
332.21 420.92
352.16 446.56
370.21 432.32
415.80 420.92
308.46 474.11
266.67 487.41
260.97 516.86
249.57 552.95
246.72 572.90
281.87 608.05
247.67 632.75
355.96 772.38
328.41 738.19
335.06 712.54
354.06 646.05
368.31 592.85
328.41 594.75
304.67 566.25
367.36 554.85
345.51 552.95
310.36 518.76
317.96 498.81
356.91 526.36
374.01 531.11
381.61 502.61
337.91 482.66
445.25 392.42
455.70 419.02
462.35 368.67
485.15 353.47
479.45 304.08
490.85 286.98
506.05 300.28
556.39 282.23
560.19 310.73
575.39 325.93
601.04 299.33
614.33 288.88
633.33 286.03
632.38 365.82
641.88 353.47
588.69 376.27
552.59 375.32
547.84 343.97
530.74 420.92
553.54 425.67
539.29 433.27
474.70 449.41
534.54 457.01
561.14 476.01
614.33 419.02
620.03 495.96
645.68 448.46
650.43 493.11
637.13 566.25
618.13 586.20
568.74 568.15
544.04 506.41
498.45 506.41
479.45 495.96
445.25 476.01
427.20 509.26
405.36 503.56
432.90 422.82
508.90 536.81
537.39 568.15
487.05 588.10
428.15 568.15
401.56 533.01
553.54 608.05
584.89 637.50
650.43 626.10
624.78 681.19
533.59 674.54
500.35 623.25
429.10 632.75
405.36 670.74
420.55 683.09
452.85 687.84
484.20 669.79
619.08 745.79
600.09 747.69
787.06 761.47
752.18 793.82
739.50 760.84
676.08 747.52
683.69 701.23
738.86 697.42
736.96 626.40
769.30 627.03
739.50 601.03
761.69 576.93
788.33 594.69
803.55 535.07
759.79 512.24
776.91 454.54
721.10 452.00
712.23 475.46
697.01 501.46
659.59 472.29
676.08 620.69
639.45 260.07
619.33 266.39
607.26 253.75
684.85 246.28
716.47 250.30
736.59 249.15
782.00 263.52
806.14 245.13
811.31 267.54
817.63 288.24
804.99 348.02
800.96 362.96
796.94 288.24
755.56 321.58
760.15 364.69
764.18 382.50
814.19 416.99
769.93 487.12
696.93 399.17
710.72 378.48
726.82 421.02
709.57 342.84
721.07 296.86
694.63 285.94
668.76 290.54
664.74 273.29
664.16 242.25
673.93 446.31
786.02 398.60
59.03 195.09
81.32 213.45
101.65 220.66
108.21 203.61
135.10 201.65
88.54 245.58
81.32 260.67
58.37 284.27
62.31 340.01
143.62 265.26
158.70 260.67
137.72 231.81
172.47 208.20
179.69 229.84
193.46 187.88
169.20 178.70
228.21 173.45
226.90 191.15
232.80 210.83
242.64 227.22
229.53 256.07
278.71 268.53
281.99 191.15
258.38 195.09
393.47 131.48
410.52 67.87
375.76 67.87
396.74 61.97
400.02 162.30
386.91 180.66
372.48 199.68
409.86 191.15
403.96 222.63
407.24 242.96
382.32 236.40
363.96 244.27
329.20 250.17
294.45 224.60
331.17 224.60
357.40 234.43
291.82 253.45
257.07 223.29
401.99 86.89
240.02 372.14
337.07 319.03
329.20 265.26
406.85 4.88
403.57 27.34
411.24 48.16
418.36 36.66
420.00 17.48
435.89 2.14
466.56 3.24
443.01 49.26
437.53 31.18
434.79 92.53
429.86 129.79
420.00 148.41
449.58 159.92
466.02 149.51
518.06 136.36
544.90 141.29
566.27 142.39
472.04 101.85
474.78 76.10
458.35 91.44
478.62 59.67
468.76 38.85
504.91 59.12
494.50 78.29
512.58 80.48
531.21 49.80
515.32 39.40
540.52 69.53
536.14 106.23
545.45 101.30
567.36 102.94
566.82 123.21
584.89 124.31
594.75 132.52
602.42 79.93
602.97 70.07
665.42 114.99
609.54 153.34
627.07 130.33
628.17 163.20
681.31 151.70
685.69 83.77
642.96 64.60
657.75 58.57
680.21 54.73
655.56 32.82
636.39 44.33
632.55 30.08
635.84 15.84
661.04 99.11
648.44 83.77
624.34 61.31
599.14 45.42
582.70 33.92
573.39 13.65
585.99 5.98
595.30 3.24
654.47 7.62
671.45 14.74
682.40 39.40
692.81 127.05
621.60 7.07
603.52 30.08
596.95 55.83
609.54 122.12
586.54 90.34
518.61 25.15
537.78 30.08
556.41 33.92
543.81 3.24
548.74 58.02
560.79 52.00
512.17 163.33
497.09 146.94
486.60 123.98
476.76 183.00
491.84 171.85
494.47 199.40
518.07 224.97
533.81 228.91
487.91 264.97
457.09 228.25
437.41 243.33
442.00 207.27
440.69 183.00
581.68 217.76
560.04 215.13
562.01 177.10
572.50 180.38
608.57 200.05
626.93 181.03
647.91 162.67
643.98 186.28
683.32 177.10
684.64 205.95
654.47 207.27
654.47 255.79
717.42 232.84
701.69 217.76
712.18 192.84
732.51 205.30
747.59 183.00
765.95 185.63
749.56 226.94
676.11 343.01
683.98 364.65
714.15 125.30
721.36 97.75
715.46 50.54
748.90 58.41
754.80 70.21
759.39 80.70
769.88 102.34
744.97 120.70
732.51 150.87
761.36 137.75
807.81 23.39
813.45 5.86
796.54 45.30
782.14 0.85
755.22 4.61
708.89 23.39
758.98 39.67
765.24 22.14
792.16 63.46
803.43 106.66
818.46 80.36
788.41 142.97
799.67 153.62
781.52 118.56
815.95 141.72
800.30 184.29
751.47 166.76
594.95 171.15
778.67 675.14
