194.71 11.97
183.99 27.50
192.86 39.33
199.52 31.20
173.27 33.78
173.27 50.05
161.81 28.24
144.06 11.97
114.49 18.63
120.77 23.43
141.47 28.61
135.19 27.13
42.39 37.48
40.91 19.37
1.36 41.55
19.47 41.55
12.45 71.49
4.31 58.92
18.36 99.22
3.57 93.31
10.60 135.45
16.51 122.51
22.80 136.93
37.22 150.24
17.99 168.73
15.03 162.44
6.53 161.70
50.16 107.36
39.44 106.99
46.83 88.87
36.11 75.19
31.67 53.75
48.68 51.16
43.13 60.77
54.96 132.13
73.45 143.22
78.25 158.01
57.18 162.07
111.90 123.99
95.63 111.05
108.57 101.07
92.30 74.08
68.27 77.04
64.58 61.51
80.10 57.08
71.97 46.72
70.86 32.68
96.00 19.37
78.25 3.47
139.26 46.72
182.14 63.73
206.17 66.32
186.58 82.22
181.40 94.42
181.40 111.42
169.94 105.88
201.37 102.55
187.32 128.43
197.67 150.24
171.79 147.65
159.59 141.37
137.41 132.13
129.27 108.47
148.50 104.40
108.20 61.51
120.40 77.78
147.39 118.82
125.95 143.22
159.96 166.14
117.07 152.83
10.41 204.34
7.48 239.58
20.32 246.55
6.74 270.04
27.30 262.33
27.30 281.05
11.88 304.90
7.48 363.26
25.46 337.20
19.22 376.10
45.65 299.03
64.36 265.63
57.76 224.16
33.90 226.00
50.05 321.05
65.47 315.55
88.95 299.03
69.87 289.49
83.45 250.59
90.06 348.58
52.25 352.98
52.25 374.27
33.90 322.89
109.14 274.44
107.67 238.47
86.02 212.42
80.15 181.96
101.43 177.18
123.82 204.34
122.35 190.76
110.97 184.16
152.45 174.25
179.97 173.15
199.06 171.31
201.63 190.76
178.14 210.58
135.20 219.39
155.38 240.31
116.85 251.32
137.40 259.76
96.29 259.76
171.90 255.36
199.06 254.99
204.56 289.86
170.43 293.89
155.02 279.95
185.11 328.03
133.73 302.70
105.10 337.57
107.67 325.46
152.81 338.30
158.32 355.55
136.30 337.57
184.74 357.75
206.03 358.12
54.46 180.85
42.95 385.85
20.50 392.76
5.30 440.08
54.69 427.65
64.36 396.90
82.67 390.34
107.89 387.92
138.98 405.19
150.37 392.76
184.23 405.54
121.01 414.52
79.91 425.57
102.71 420.74
80.94 459.43
34.66 462.88
16.35 500.53
49.17 490.86
95.11 497.08
144.16 483.95
146.57 459.43
158.32 438.01
126.54 447.34
121.01 468.75
190.44 453.21
190.10 513.31
146.92 550.27
153.14 574.45
190.79 557.87
105.12 543.02
82.67 524.36
35.00 520.56
29.48 549.23
56.42 568.23
9.44 576.87
73.93 590.32
3.41 641.14
82.58 659.89
76.33 622.92
50.81 627.08
129.45 644.79
126.85 668.75
151.33 669.79
108.62 703.64
91.43 716.14
58.10 694.79
11.74 680.21
14.35 705.21
62.79 743.75
81.54 758.33
127.37 785.94
51.33 805.21
212.26 798.44
175.29 771.35
171.12 697.92
200.29 688.02
200.81 666.14
190.91 648.44
166.43 621.35
239.35 625.52
270.08 658.85
274.24 731.77
224.24 736.46
244.56 770.31
286.22 797.91
310.70 633.85
313.31 756.55
324.94 583.67
298.34 552.08
250.14 570.37
211.90 562.06
223.54 508.86
201.93 497.23
211.90 430.73
219.34 5.93
219.34 16.49
213.22 31.50
244.54 24.49
278.78 25.61
255.77 258.55
245.11 275.39
246.79 286.62
248.47 234.42
229.95 233.29
209.74 252.38
229.95 197.93
213.67 190.07
222.65 128.33
221.53 167.62
244.54 172.11
252.96 187.27
265.87 201.30
263.07 224.87
281.03 265.85
283.84 285.50
305.73 262.48
301.24 238.35
319.76 237.22
327.62 269.22
348.95 273.71
365.23 252.38
399.47 266.41
410.13 248.45
407.32 224.87
444.37 265.85
453.91 274.27
462.33 257.99
451.67 250.13
438.20 239.47
515.66 282.13
499.38 284.93
541.48 279.32
520.15 261.36
538.11 245.08
506.11 246.76
487.03 225.44
459.53 222.63
479.17 206.91
433.14 205.23
455.60 197.93
455.60 180.53
502.75 199.05
519.02 199.05
543.72 213.09
515.10 179.97
486.47 188.95
548.21 164.25
530.25 162.57
542.04 140.12
524.64 133.38
519.02 116.54
497.13 136.19
481.42 150.78
470.19 122.15
442.69 142.92
440.44 164.25
423.60 160.88
423.60 140.12
407.89 159.76
400.03 147.97
367.47 179.41
366.35 209.16
361.86 230.49
385.43 203.54
385.99 172.11
346.14 208.03
325.93 217.58
300.68 204.11
334.92 186.14
313.02 172.67
283.84 188.39
286.64 173.79
263.07 132.82
242.30 131.14
224.90 116.54
215.92 92.40
232.76 64.90
217.04 51.99
264.75 58.17
243.98 55.92
267.56 78.37
245.11 96.33
265.87 112.61
297.87 48.62
286.64 39.08
272.05 1.47
314.15 17.19
347.26 16.63
338.84 4.84
323.13 5.40
370.28 8.77
357.93 33.47
388.24 20.56
382.07 48.62
370.28 72.76
356.81 76.13
365.23 94.09
350.07 93.53
330.43 57.60
342.77 43.01
317.52 101.95
303.48 111.49
292.26 106.44
295.62 87.91
284.40 83.99
286.08 62.66
309.66 80.06
298.99 122.15
285.52 124.96
300.11 141.80
288.33 158.64
321.44 136.75
325.93 124.40
367.47 125.52
356.25 120.47
356.25 100.82
333.79 149.66
339.97 173.79
320.32 159.76
350.63 189.51
373.08 151.90
386.56 74.44
361.30 54.80
479.17 28.42
444.93 45.82
433.14 66.02
415.74 73.88
400.03 57.04
409.01 34.59
394.41 113.17
458.40 77.81
457.84 60.41
467.38 46.94
480.29 66.58
483.66 85.67
425.29 192.32
405.08 178.29
414.06 199.05
508.36 133.38
512.29 97.46
548.77 77.81
535.30 82.30
522.39 61.53
528.01 39.08
515.10 36.27
513.97 16.63
449.98 154.71
453.91 103.63
547.65 53.11
368.16 813.07
429.67 800.84
442.97 785.64
364.13 769.49
354.63 725.80
361.28 679.25
378.37 699.20
339.43 619.41
360.33 623.21
366.03 646.01
368.87 587.11
348.93 539.62
271.03 465.52
247.29 452.23
297.63 450.33
293.83 428.48
297.63 403.78
265.33 388.58
252.99 399.98
346.08 413.28
374.57 388.58
372.67 428.48
372.67 467.42
364.13 505.42
336.58 514.92
325.18 492.12
287.18 514.92
263.44 549.12
390.72 487.37
421.12 426.58
433.47 412.33
453.42 397.13
473.36 425.63
488.56 442.73
475.26 449.38
436.32 467.42
458.17 499.72
450.57 520.62
407.82 525.37
429.67 552.92
470.51 546.27
467.67 522.52
501.86 479.77
609.20 389.53
597.80 450.33
577.85 430.38
559.81 473.12
523.71 496.87
542.71 495.92
485.71 408.53
495.21 533.92
515.16 559.56
533.21 545.32
578.80 533.92
471.46 587.11
429.67 600.41
423.97 629.86
412.57 665.95
409.72 685.90
444.87 721.05
410.67 745.75
517.06 759.05
531.31 705.85
491.41 707.75
467.67 679.25
530.36 667.85
508.51 665.95
473.36 631.76
480.96 611.81
519.91 639.36
537.01 644.11
544.61 615.61
500.91 595.66
608.25 505.42
618.70 532.02
625.35 481.67
648.15 466.47
642.45 417.08
653.85 399.98
669.05 413.28
719.39 395.23
723.19 423.73
738.39 438.93
764.04 412.33
777.33 401.88
796.33 399.03
795.38 478.82
804.88 466.47
751.69 489.27
715.59 488.32
710.84 456.97
693.74 533.92
716.54 538.67
702.29 546.27
637.70 562.41
697.54 570.01
724.14 589.01
777.33 532.02
783.03 608.96
808.68 561.46
813.43 606.11
800.13 679.25
781.13 699.20
731.74 681.15
707.04 619.41
661.45 619.41
642.45 608.96
608.25 589.01
590.20 622.26
568.36 616.56
595.90 535.82
671.90 649.81
700.39 681.15
650.05 701.10
591.15 681.15
564.56 646.01
716.54 721.05
747.89 750.50
813.43 739.10
787.78 794.19
696.59 787.54
663.35 736.25
592.10 745.75
568.36 783.74
583.55 796.09
615.85 800.84
647.20 782.79
802.45 373.07
782.33 379.39
770.26 366.75
222.03 308.09
244.32 326.45
264.65 333.66
271.21 316.61
298.10 314.65
251.54 358.58
244.32 373.67
221.37 397.27
225.31 453.01
306.62 378.26
321.70 373.67
300.72 344.81
335.47 321.20
342.69 342.84
356.46 300.88
332.20 291.70
391.21 286.45
389.90 304.15
395.80 323.83
405.64 340.22
392.53 369.07
441.71 381.53
444.99 304.15
421.38 308.09
556.47 244.48
573.52 180.87
538.76 180.87
559.74 174.97
563.02 275.30
549.91 293.66
535.48 312.68
572.86 304.15
566.96 335.63
570.24 355.96
545.32 349.40
526.96 357.27
492.20 363.17
457.45 337.60
494.17 337.60
520.40 347.43
454.82 366.45
420.07 336.29
564.99 199.89
403.02 485.14
500.07 432.03
492.20 378.26
586.84 7.22
546.84 16.54
672.84 0.10
585.19 30.78
592.31 39.00
614.23 22.56
614.77 37.90
626.28 51.05
608.20 60.91
598.89 76.25
585.19 73.51
578.62 86.66
572.04 71.32
563.83 84.47
556.71 97.07
538.08 97.61
569.85 117.88
566.57 140.34
574.24 161.16
581.36 149.66
583.00 130.48
585.19 104.74
598.89 115.14
615.32 84.47
630.11 78.99
629.56 116.24
606.01 162.26
600.53 144.18
597.79 205.53
592.86 242.79
583.00 261.41
612.58 272.92
629.02 262.51
681.06 249.36
707.90 254.29
729.27 255.39
635.04 214.85
637.78 189.10
621.35 204.44
641.62 172.67
631.76 151.85
667.91 172.12
657.50 191.29
675.58 193.48
694.21 162.80
678.32 152.40
703.52 182.53
699.14 219.23
708.45 214.30
730.36 215.94
729.82 236.21
747.89 237.31
757.75 245.52
765.42 192.93
765.97 183.07
780.76 3.39
752.82 2.29
717.76 3.39
750.63 18.73
781.31 19.82
796.65 3.39
792.81 34.62
812.54 65.29
796.65 70.77
772.54 266.34
790.07 243.33
791.17 276.20
805.96 177.60
818.56 145.82
799.39 157.33
795.55 143.08
798.84 128.84
797.20 102.54
781.31 90.49
757.21 82.82
766.52 80.63
729.82 78.99
725.43 42.29
710.64 49.41
677.22 55.98
655.31 12.70
811.44 196.77
787.34 174.31
762.14 158.42
745.70 146.92
736.39 126.65
748.99 118.98
758.30 116.24
771.45 111.31
742.41 102.00
766.52 57.08
752.82 34.07
811.44 0.10
814.73 14.89
811.99 48.31
817.47 120.62
784.60 120.07
766.52 143.08
759.95 168.83
772.54 235.12
749.54 203.34
654.22 35.16
659.15 30.23
681.61 138.15
700.78 143.08
719.41 146.92
706.81 116.24
711.74 171.02
723.79 165.00
675.17 276.33
660.09 259.94
649.60 236.98
639.76 296.00
654.84 284.85
657.47 312.40
681.07 337.97
696.81 341.91
650.91 377.97
620.09 341.25
600.41 356.33
605.00 320.27
603.69 296.00
744.68 330.76
723.04 328.13
725.01 290.10
735.50 293.38
771.57 313.05
789.93 294.03
810.91 275.67
806.98 299.28
817.47 320.27
817.47 368.79
757.95 284.15
