1006.12 29.15
968.41 24.72
956.58 10.67
934.77 25.83
926.27 35.07
898.91 35.07
910.37 35.07
832.36 7.71
810.92 5.86
867.48 4.01
850.11 5.49
853.80 33.59
866.00 18.06
898.54 17.32
938.10 43.20
960.28 38.40
993.18 48.01
1006.86 48.75
1011.30 59.47
1022.02 43.94
979.87 43.57
967.67 53.92
1005.01 12.15
988.01 18.06
873.03 49.12
870.44 38.40
836.43 55.77
811.29 67.97
822.01 83.50
813.14 95.33
806.48 87.20
832.73 89.78
832.73 106.05
844.19 84.24
861.94 67.97
891.51 74.63
885.23 79.43
864.53 84.61
870.81 83.13
963.61 93.48
965.09 75.37
1009.82 82.02
1004.64 97.55
986.53 97.55
993.55 127.49
1001.69 114.92
1015.00 143.39
987.64 155.22
1002.43 149.31
1015.37 160.77
1015.00 190.35
1013.15 210.68
1006.12 185.17
995.40 191.45
989.49 178.51
983.20 192.93
968.78 206.24
988.01 224.73
990.97 218.44
999.47 217.70
955.84 163.36
966.56 162.99
959.17 144.87
969.89 131.19
974.33 109.75
957.32 107.16
962.87 116.77
951.04 188.13
932.55 199.22
927.75 214.01
948.82 218.07
894.10 179.99
910.37 167.05
897.43 157.07
913.70 130.08
937.73 133.04
941.42 117.51
925.90 113.08
934.03 102.72
935.14 88.68
910.00 75.37
927.75 59.47
866.74 102.72
823.86 119.73
799.83 122.32
819.42 138.22
824.60 150.42
824.60 167.42
836.06 161.88
804.63 158.55
818.68 184.43
808.33 206.24
834.21 203.65
846.41 197.37
868.59 188.13
876.73 164.47
857.50 160.40
897.80 117.51
885.60 133.78
858.61 174.82
880.05 199.22
846.04 222.14
888.93 208.83
1009.17 231.72
1010.27 249.33
1018.34 268.05
995.59 260.34
998.52 295.58
985.68 302.55
999.26 326.04
978.70 318.33
978.70 337.05
994.12 360.90
1017.24 349.16
1011.73 368.61
1015.77 393.20
998.52 419.26
980.54 393.20
986.78 432.10
960.35 355.03
941.64 321.63
948.24 280.16
972.10 282.00
955.95 377.05
940.53 371.55
917.05 355.03
936.13 345.49
922.55 306.59
915.94 404.58
953.75 408.98
953.75 430.27
972.10 378.89
896.86 330.44
898.33 294.47
919.98 268.42
925.85 237.96
904.57 233.18
882.18 260.34
883.65 246.76
895.03 240.16
853.55 230.25
826.03 229.15
806.94 227.31
804.37 246.76
827.86 266.58
870.80 275.39
850.62 296.31
889.15 307.32
868.60 315.76
909.71 315.76
834.10 311.36
806.94 310.99
801.44 345.86
835.57 349.89
850.98 335.95
820.89 384.03
872.27 358.70
900.90 393.57
898.33 381.46
853.19 394.30
847.68 411.55
869.70 393.57
821.26 413.75
799.97 414.12
951.54 236.85
963.05 441.85
985.50 448.76
1000.70 496.08
1019.70 489.17
951.31 483.65
941.64 452.90
923.33 446.34
898.11 443.92
867.02 461.19
855.63 448.76
821.77 461.54
884.99 470.52
926.09 481.57
903.29 476.74
925.06 515.43
971.34 518.88
989.65 556.53
956.83 546.86
910.89 553.08
861.84 539.95
859.43 515.43
847.68 494.01
879.46 503.34
884.99 524.75
815.56 509.21
815.90 569.31
859.08 606.27
852.86 630.45
815.21 613.87
900.88 599.02
923.33 580.36
971.00 576.56
1015.21 608.34
976.52 605.23
949.58 624.23
996.56 632.87
1021.08 549.28
1015.19 438.53
1018.51 573.18
932.07 646.32
1002.59 697.14
923.42 715.89
929.67 678.92
955.19 683.08
876.55 700.79
879.15 724.75
854.67 725.79
897.38 759.64
914.57 772.14
947.90 750.79
994.26 736.21
991.65 761.21
943.21 799.75
924.46 814.33
878.63 841.94
889.05 897.66
954.67 861.21
961.44 906.00
989.05 931.52
940.61 945.06
1005.71 931.00
892.17 980.48
841.65 896.10
817.69 879.96
793.74 854.44
830.71 827.35
834.88 753.92
805.71 744.02
805.19 722.14
815.09 704.44
839.57 677.35
766.65 681.52
735.92 714.85
731.76 787.77
781.76 792.46
761.44 826.31
719.78 853.91
774.99 901.83
759.36 928.91
695.30 689.85
1016.85 835.82
1020.18 902.32
973.63 1008.71
897.16 1012.03
755.86 990.42
715.97 1008.71
684.38 1002.06
659.45 1000.40
666.10 917.28
692.69 812.55
681.06 639.67
707.66 608.08
755.86 626.37
794.10 618.06
782.46 564.86
804.07 553.23
794.10 486.73
713.84 38.58
733.85 5.78
718.28 21.35
760.53 3.56
753.86 49.70
772.21 47.47
781.10 29.13
786.66 61.93
786.66 72.49
792.78 87.50
761.46 80.49
727.22 81.61
731.14 35.02
698.59 42.88
750.23 314.55
760.89 331.39
759.21 342.62
757.53 290.42
776.05 289.29
796.26 308.38
776.05 253.93
792.33 246.07
783.35 184.33
784.47 223.62
761.46 228.11
753.04 243.27
740.13 257.30
742.93 280.87
724.97 321.85
722.16 341.50
700.27 318.48
704.76 294.35
686.24 293.22
678.38 325.22
657.05 329.71
640.77 308.38
606.53 322.41
595.87 304.45
598.68 280.87
561.63 321.85
552.09 330.27
543.67 313.99
554.33 306.13
567.80 295.47
490.34 338.13
506.62 340.93
464.52 335.32
485.85 317.36
467.89 301.08
499.89 302.76
518.97 281.44
546.47 278.63
526.83 262.91
572.86 261.23
550.40 253.93
550.40 236.53
503.25 255.05
486.98 255.05
462.28 269.09
490.90 235.97
519.53 244.95
457.79 220.25
475.75 218.57
463.96 196.12
481.36 189.38
486.98 172.54
508.87 192.19
524.58 206.78
535.81 178.15
563.31 198.92
565.56 220.25
582.40 216.88
582.40 196.12
598.11 215.76
605.97 203.97
638.53 235.41
639.65 265.16
644.14 286.49
620.57 259.54
620.01 228.11
659.86 264.03
680.07 273.58
705.32 260.11
671.08 242.14
692.98 228.67
722.16 244.39
719.36 229.79
742.93 188.82
763.70 187.14
781.10 172.54
790.08 148.40
773.24 120.90
788.96 107.99
741.25 114.17
762.02 111.92
738.44 134.37
760.89 152.33
740.13 168.61
708.13 104.62
719.36 95.08
733.95 57.47
691.85 73.19
673.33 35.02
643.02 10.32
623.93 8.08
649.19 35.02
658.74 72.63
667.16 60.84
682.87 61.40
647.51 51.30
635.72 64.77
648.07 89.47
617.76 76.56
623.93 104.62
635.72 128.76
649.19 132.13
640.77 150.09
655.93 149.53
675.57 113.60
663.23 99.01
688.48 157.95
702.52 167.49
713.74 162.44
710.38 143.91
721.60 139.99
719.92 118.66
696.34 136.06
707.01 178.15
720.48 180.96
705.89 197.80
717.67 214.64
684.56 192.75
680.07 180.40
638.53 181.52
649.75 176.47
649.75 156.82
672.21 205.66
666.03 229.79
685.68 215.76
655.37 245.51
632.92 207.90
619.44 130.44
644.70 110.80
589.13 17.62
604.29 42.88
538.05 15.37
556.58 15.94
552.65 35.58
558.82 50.18
575.10 24.36
577.91 46.81
623.37 50.74
524.02 24.36
507.74 23.23
539.74 49.05
536.37 33.34
526.83 84.42
561.07 101.82
572.86 122.02
590.26 129.88
605.97 113.04
596.99 90.59
611.59 169.17
547.60 133.81
548.16 116.41
538.62 102.94
525.71 122.58
522.34 141.67
580.71 248.32
600.92 234.29
591.94 255.05
497.64 189.38
493.71 153.46
457.23 133.81
470.70 138.30
483.61 117.53
477.99 95.08
490.90 92.27
492.03 72.63
473.50 55.79
465.08 55.79
490.90 49.05
556.02 210.71
552.09 159.63
458.35 109.11
592.95 965.49
596.28 918.94
637.84 869.07
494.05 1005.87
432.39 1013.58
383.58 951.92
320.63 1013.58
293.66 951.92
242.28 930.09
553.53 928.08
572.53 905.29
576.33 856.84
563.03 841.64
641.87 825.49
651.37 781.80
644.72 735.25
627.63 755.20
666.57 675.41
645.67 679.21
639.97 702.01
637.13 643.11
657.07 595.62
734.97 521.52
758.71 508.23
708.37 506.33
712.17 484.48
708.37 459.78
740.67 444.58
753.01 455.98
659.92 469.28
631.43 444.58
633.33 484.48
633.33 523.42
641.87 561.42
669.42 570.92
680.82 548.12
718.82 570.92
742.56 605.12
615.28 543.37
584.88 482.58
572.53 468.33
552.58 453.13
532.64 481.63
517.44 498.73
530.74 505.38
569.68 523.42
547.83 555.72
555.43 576.62
598.18 581.37
576.33 608.92
535.49 602.27
538.33 578.52
504.14 535.77
396.80 445.53
408.20 506.33
428.15 486.38
446.19 529.12
482.29 552.87
463.29 551.92
520.29 464.53
510.79 589.92
490.84 615.56
472.79 601.32
427.20 589.92
534.54 643.11
576.33 656.41
582.03 685.86
593.43 721.95
596.28 741.90
561.13 777.05
595.33 801.75
487.04 941.38
514.59 907.19
507.94 881.54
488.94 815.05
474.69 761.85
514.59 763.75
538.33 735.25
475.64 723.85
497.49 721.95
532.64 687.76
525.04 667.81
486.09 695.36
468.99 700.11
461.39 671.61
505.09 651.66
397.75 561.42
387.30 588.02
380.65 537.67
357.85 522.47
363.55 473.08
352.15 455.98
336.95 469.28
286.61 451.23
282.81 479.73
267.61 494.93
241.96 468.33
228.67 457.88
209.67 455.03
210.62 534.82
201.12 522.47
254.31 545.27
290.41 544.32
295.16 512.97
312.26 589.92
289.46 594.67
303.71 602.27
368.30 618.41
308.46 626.01
281.86 645.01
228.67 588.02
222.97 664.96
197.32 617.46
192.57 662.11
205.87 735.25
224.87 755.20
274.26 737.15
298.96 675.41
344.55 675.41
363.55 664.96
397.75 645.01
415.80 678.26
437.64 672.56
410.10 591.82
334.10 705.81
305.61 737.15
355.95 757.10
414.85 737.15
441.44 702.01
289.46 777.05
258.11 806.50
192.57 795.10
218.22 850.19
309.41 843.54
342.65 792.25
413.90 801.75
437.64 839.74
422.45 852.09
390.15 856.84
358.80 838.79
223.92 914.79
242.91 916.69
601.03 1003.13
55.94 930.47
90.82 962.82
103.50 929.84
166.92 916.52
159.31 870.23
104.14 866.42
106.04 795.40
73.70 796.03
103.50 770.03
81.31 745.93
54.67 763.69
9.01 785.88
5.21 743.39
15.35 669.83
39.45 704.07
83.21 681.24
66.09 623.54
121.90 621.00
130.77 644.46
145.99 670.46
183.41 641.29
166.92 789.69
203.55 429.07
223.67 435.39
235.74 422.75
158.15 415.28
126.53 419.30
106.41 418.15
61.00 432.52
36.86 414.13
9.27 414.70
31.69 436.54
25.37 457.24
3.52 441.14
5.82 464.71
5.82 518.74
38.01 517.02
42.04 531.96
46.06 457.24
87.44 490.58
82.85 533.69
78.82 551.50
28.81 585.99
73.07 656.12
146.07 568.17
132.28 547.48
116.18 590.02
133.43 511.84
121.93 465.86
148.37 454.94
174.24 459.54
178.26 442.29
178.84 411.25
169.07 615.31
56.98 567.60
783.97 364.09
761.68 382.45
741.35 389.66
734.79 372.61
707.90 370.65
754.46 414.58
761.68 429.67
784.63 453.27
780.69 509.01
699.38 434.26
684.30 429.67
705.28 400.81
670.53 377.20
663.31 398.84
649.54 356.88
673.80 347.70
614.79 342.45
616.10 360.15
610.20 379.83
600.36 396.22
613.47 425.07
564.29 437.53
561.01 360.15
584.62 364.09
449.53 300.48
432.48 236.87
467.24 236.87
446.26 230.97
442.98 331.30
456.09 349.66
470.52 368.68
433.14 360.15
439.04 391.63
435.76 411.96
460.68 405.40
479.04 413.27
513.80 419.17
548.55 393.60
511.83 393.60
485.60 403.43
551.18 422.45
585.93 392.29
441.01 255.89
602.98 541.14
505.93 488.03
513.80 434.26
441.08 5.70
418.62 22.69
422.45 42.41
419.16 63.22
459.16 72.54
406.56 31.45
379.17 3.51
342.47 6.25
299.74 2.42
287.69 15.56
262.49 15.56
234.55 5.70
248.25 17.21
234.00 27.07
219.76 15.02
164.98 6.25
223.59 40.22
243.32 41.86
262.49 40.76
273.45 28.71
315.63 22.69
310.70 38.03
355.07 17.21
379.72 12.28
367.67 27.07
346.85 30.90
328.23 45.69
333.16 56.10
420.81 86.78
413.69 95.00
391.77 78.56
378.63 54.46
391.23 93.90
379.72 107.05
397.80 116.91
407.11 132.25
420.81 129.51
427.38 142.66
433.96 127.32
442.17 140.47
449.29 153.07
467.92 153.61
436.15 173.88
439.43 196.34
431.76 217.16
424.64 205.66
423.00 186.48
420.81 160.74
407.11 171.14
390.68 140.47
375.89 134.99
376.44 172.24
399.99 218.26
405.47 200.18
408.21 261.53
413.14 298.79
423.00 317.41
393.42 328.92
376.98 318.51
324.94 305.36
298.10 310.29
276.73 311.39
370.96 270.85
368.22 245.10
384.65 260.44
364.38 228.67
374.24 207.85
338.09 228.12
348.50 247.29
330.42 249.48
311.79 218.80
327.68 208.40
302.48 238.53
306.86 275.23
297.55 270.30
275.64 271.94
276.18 292.21
258.11 293.31
248.25 301.52
240.58 248.93
240.03 239.07
177.58 283.99
225.24 59.39
253.18 58.29
288.24 59.39
255.37 74.73
224.69 75.82
209.35 59.39
183.60 80.76
213.19 90.62
193.46 121.29
186.34 109.79
162.24 93.90
159.50 110.88
168.81 143.75
209.35 126.77
233.46 322.34
215.93 299.33
214.83 332.20
161.69 320.70
157.31 252.77
200.04 233.60
185.25 227.57
162.79 223.73
187.44 201.82
206.61 213.33
210.45 199.08
207.16 184.84
208.80 158.54
224.69 146.49
248.79 138.82
239.48 136.63
276.18 134.99
280.57 98.29
295.36 105.41
328.78 111.98
350.69 68.70
181.96 268.11
194.56 252.77
218.66 230.31
243.86 214.42
260.30 202.92
269.61 182.65
257.01 174.98
247.70 172.24
234.55 167.31
263.59 158.00
239.48 113.08
253.18 90.07
194.56 56.10
191.27 70.89
190.73 47.89
190.18 34.19
176.48 40.22
171.55 51.72
167.72 61.03
194.01 104.31
155.67 86.23
172.65 168.95
188.53 176.62
171.55 183.74
160.60 208.40
152.93 168.95
150.19 296.05
221.40 176.07
239.48 199.08
246.05 224.83
233.46 291.12
256.46 259.34
351.78 91.16
346.85 86.23
324.39 194.15
305.22 199.08
286.59 202.92
299.19 172.24
294.26 227.02
282.21 221.00
330.83 332.33
345.91 315.94
356.40 292.98
366.24 352.00
351.16 340.85
348.53 368.40
324.93 393.97
309.19 397.91
355.09 433.97
385.91 397.25
405.59 412.33
401.00 376.27
402.31 352.00
261.32 386.76
282.96 384.13
280.99 346.10
270.50 349.38
234.43 369.05
216.07 350.03
195.09 331.67
199.02 355.28
159.68 346.10
158.36 374.95
188.53 376.27
188.53 424.79
125.58 401.84
141.31 386.76
130.82 361.84
110.49 374.30
95.41 352.00
77.05 354.63
93.44 395.94
166.89 512.01
159.02 533.65
128.85 294.30
121.64 266.75
127.54 219.54
94.10 227.41
88.20 239.21
83.61 249.70
73.12 271.34
98.03 289.70
110.49 319.87
81.64 306.75
101.55 21.47
85.27 9.58
85.27 24.60
58.35 23.98
30.18 30.86
42.07 19.60
9.52 19.60
48.96 64.67
67.74 42.13
86.52 64.67
103.43 79.70
130.35 85.33
130.35 67.80
138.49 37.13
154.14 37.13
119.71 23.98
124.09 3.94
67.12 94.10
53.34 94.10
37.06 90.97
24.54 85.33
2.63 75.32
5.13 104.74
22.04 111.63
8.89 122.27
25.80 130.41
45.83 112.25
65.86 110.38
59.60 122.27
85.90 119.14
96.54 99.11
104.05 109.12
121.58 112.25
132.23 118.52
118.45 131.04
103.43 133.54
72.12 147.31
52.09 144.81
12.65 149.19
35.19 192.39
29.55 174.86
17.03 224.95
3.88 193.02
46.46 214.30
60.86 169.85
87.78 173.61
91.53 162.34
109.69 166.72
126.59 154.20
102.18 146.69
154.14 156.08
134.11 192.39
84.02 208.67
77.76 191.14
50.84 232.46
39.57 275.66
24.54 249.36
5.76 277.54
54.59 311.97
43.33 322.62
61.48 287.56
27.05 310.72
2.00 318.23
42.70 353.29
91.53 335.76
248.05 340.15
6.40 394.93
64.33 844.14
