544.64 90.65
542.43 57.40
541.32 64.60
541.32 79.01
532.45 54.63
535.22 68.48
534.12 77.90
534.67 95.63
534.67 88.98
525.25 94.53
514.17 88.98
529.13 60.72
523.03 68.48
516.38 72.92
525.25 80.12
526.91 85.11
517.49 61.83
505.30 60.72
509.18 49.64
501.42 54.63
494.22 52.97
508.07 71.25
505.30 86.77
495.88 89.54
489.79 77.90
485.35 91.75
474.83 91.75
478.15 85.66
480.92 71.25
478.70 60.72
488.68 61.28
484.25 54.63
470.39 72.36
467.62 80.12
463.19 92.31
455.43 90.65
456.54 81.78
460.97 72.92
463.74 63.50
467.62 61.28
467.62 56.85
474.83 53.52
440.47 85.11
455.43 66.27
449.89 72.36
443.24 71.25
453.77 66.27
453.21 57.40
457.65 51.86
436.04 82.89
428.28 72.36
440.47 73.47
429.94 64.60
438.25 61.28
433.82 59.62
417.75 89.54
428.28 90.65
421.63 82.89
418.31 72.92
412.76 73.47
407.22 73.47
410.55 63.50
419.97 65.71
422.74 57.95
422.18 54.63
425.51 41.33
406.12 54.63
409.99 46.32
416.64 49.09
421.63 46.87
432.16 42.44
441.58 49.09
447.12 54.08
448.23 45.21
451.00 40.22
453.77 18.61
457.09 14.73
458.76 10.30
465.96 10.85
475.38 15.84
482.03 14.18
489.79 13.62
490.89 6.42
508.07 16.40
517.49 42.44
515.83 33.57
522.48 33.02
525.25 44.10
521.37 56.85
519.15 47.98
483.14 21.38
473.16 21.38
465.96 21.94
460.97 21.38
464.30 17.50
477.04 28.03
459.31 31.36
451.00 29.14
464.30 40.22
470.39 43.55
473.72 43.55
476.49 47.43
478.70 49.09
466.51 49.09
441.58 30.25
445.46 34.13
396.70 73.47
402.79 87.88
397.25 90.09
407.78 86.77
386.17 80.12
390.05 91.75
380.07 90.09
370.10 90.09
379.52 63.50
384.50 62.94
394.48 62.39
396.70 62.94
405.01 64.60
400.57 56.85
392.26 45.21
404.45 44.10
408.89 29.14
423.85 35.24
431.05 34.13
436.59 34.13
437.70 25.82
437.15 16.40
436.04 4.21
395.59 0.88
411.10 8.08
426.06 10.85
426.06 2.54
418.86 9.75
411.66 23.60
422.18 18.06
428.83 17.50
419.41 25.82
427.73 21.94
404.45 11.96
406.67 18.06
417.20 35.24
409.44 35.79
402.24 23.60
400.57 29.14
395.59 23.60
389.49 23.60
393.37 38.56
387.28 37.45
385.06 29.14
392.82 31.36
389.49 31.36
397.25 40.22
380.63 24.15
378.96 13.62
392.26 4.21
399.47 6.98
397.25 4.21
396.14 8.64
406.12 4.76
370.10 0.33
364.00 8.08
367.33 11.96
368.99 14.18
367.88 19.72
363.45 24.15
364.00 38.56
371.21 31.91
370.65 39.11
372.31 26.37
375.08 37.45
380.63 37.45
376.19 38.56
355.69 8.64
360.12 4.21
356.80 21.94
350.70 23.60
360.68 15.84
356.80 29.14
346.27 29.69
340.73 31.91
346.27 38.56
354.58 37.45
357.35 45.21
365.11 47.98
371.76 47.98
380.07 50.75
387.28 45.21
371.76 55.74
405.01 35.79
402.79 33.57
441.58 42.99
427.17 50.75
433.82 72.36
366.77 68.48
365.67 54.08
354.58 60.72
357.35 54.63
352.37 55.18
335.19 51.30
341.28 42.44
330.76 47.43
330.20 52.97
322.44 39.11
326.88 19.72
337.96 23.60
331.86 14.18
357.35 77.35
345.72 80.12
345.72 70.14
352.37 70.70
345.16 75.13
337.41 78.46
331.86 84.00
320.23 81.78
319.12 73.47
337.41 54.08
344.61 61.83
338.51 62.94
322.44 64.60
327.99 67.37
327.99 71.25
334.63 69.59
317.46 47.98
311.92 34.13
309.15 43.55
302.50 34.13
301.39 38.56
301.94 27.48
292.52 28.03
285.32 28.03
284.76 37.45
293.63 45.21
299.73 42.99
297.51 54.08
302.50 54.63
311.36 58.51
303.60 62.94
301.39 69.59
311.36 69.59
313.58 64.60
303.05 81.78
312.47 82.33
339.62 8.08
350.70 8.08
345.72 1.99
329.09 6.42
324.11 10.30
315.24 4.21
311.92 8.64
320.23 3.10
303.05 8.08
290.86 10.85
296.96 17.50
284.21 10.85
291.97 0.88
300.83 4.21
257.06 1.99
253.18 8.08
243.76 2.54
258.17 18.06
265.37 19.72
266.48 27.48
275.34 29.69
268.14 35.24
275.90 33.57
293.08 31.91
285.32 47.43
293.63 57.95
286.98 64.60
288.64 69.59
292.52 84.00
285.87 80.12
277.01 82.33
266.48 82.33
268.14 72.36
272.02 68.48
277.01 69.59
277.01 57.95
275.90 46.32
270.36 42.44
259.28 44.10
253.73 45.21
255.95 50.20
258.17 61.83
253.18 60.72
260.38 67.37
262.60 61.83
261.49 72.36
279.22 52.97
275.34 55.74
267.03 51.86
269.25 64.60
252.63 25.26
244.31 12.52
226.03 3.10
229.91 6.42
229.35 16.40
238.22 14.18
248.47 82.20
257.06 79.98
250.69 71.11
250.69 67.24
245.15 62.80
245.70 50.61
241.82 40.64
248.19 32.33
243.76 25.68
238.22 35.65
229.63 23.18
220.21 26.79
217.16 20.41
212.73 24.01
218.27 13.49
221.04 9.61
217.16 2.96
214.39 1.02
213.28 5.45
204.14 0.46
193.06 3.24
197.77 12.10
206.63 15.15
206.63 11.27
192.78 21.80
203.03 29.83
212.45 31.22
221.04 33.71
225.20 47.84
231.02 42.85
224.37 42.02
227.97 34.82
234.62 52.27
235.73 61.69
234.06 73.05
242.10 69.17
233.79 79.70
237.11 96.33
241.54 83.30
244.04 91.89
216.61 91.62
223.81 81.37
221.32 67.79
217.99 61.42
228.80 61.42
208.85 53.66
207.19 63.36
210.79 70.01
211.90 82.75
208.85 91.06
200.82 82.75
195.00 85.80
195.55 60.86
201.65 49.78
192.23 49.23
184.75 61.42
184.47 68.34
181.98 84.69
172.00 79.15
175.88 66.40
168.96 62.25
162.86 61.42
156.21 68.07
164.25 92.72
176.71 92.45
145.13 91.06
127.67 91.89
118.25 93.56
121.86 78.87
133.21 69.73
135.15 74.99
147.34 63.36
147.07 53.66
155.38 48.12
164.52 73.33
170.62 48.40
164.80 47.84
167.57 43.41
180.04 50.33
186.96 42.02
197.77 42.02
207.47 42.85
214.67 42.02
201.37 34.27
190.84 30.39
184.19 22.91
187.52 12.38
184.75 2.40
176.71 5.73
178.65 13.21
180.59 18.20
166.18 22.08
176.44 23.74
158.15 22.91
178.38 37.04
176.71 29.28
155.10 31.77
166.46 34.27
150.95 25.95
142.08 31.77
135.71 41.47
151.22 42.02
159.81 42.30
130.17 37.59
135.71 35.65
113.54 38.42
121.30 52.27
126.01 56.98
113.27 65.30
114.10 61.97
111.33 55.60
131.28 51.17
110.50 78.04
110.50 74.99
116.59 6.28
132.94 8.50
137.09 16.53
146.24 14.32
159.81 13.21
170.89 13.21
158.15 0.46
147.62 3.24
136.26 1.30
110.22 38.14
530.38 47.91
539.24 48.33
104.12 92.86
101.35 78.46
103.57 69.59
92.49 66.82
79.74 88.98
86.39 81.78
91.93 93.97
75.86 80.12
81.41 68.48
78.63 61.83
86.39 56.85
82.51 52.97
95.26 50.75
94.70 61.83
80.85 35.79
95.81 41.33
93.04 21.94
103.57 34.13
82.51 26.37
89.16 29.14
81.41 19.72
74.20 8.08
42.06 2.54
64.78 6.42
57.02 9.75
48.71 16.40
63.12 14.18
53.70 22.49
58.13 25.82
65.34 24.15
59.24 35.79
71.99 35.79
70.32 49.09
60.90 52.97
67.00 57.95
58.13 69.59
68.11 69.59
64.23 79.01
71.99 69.59
53.15 82.33
56.47 96.74
68.66 93.42
42.06 96.74
32.09 93.97
19.90 107.27
6.60 100.62
30.98 84.00
11.03 82.89
21.01 75.13
2.72 84.00
8.26 92.86
7.15 71.25
1.06 60.72
16.57 45.21
19.34 51.30
24.89 50.20
34.31 47.98
42.62 58.51
29.32 58.51
31.54 69.59
44.83 70.14
40.40 82.33
52.59 60.72
47.60 50.20
45.94 33.57
35.97 35.79
24.89 38.56
42.06 23.60
36.52 17.50
33.75 6.42
15.47 18.06
23.22 4.21
4.94 15.84
9.92 25.82
19.90 24.15
23.78 19.72
15.47 35.79
541.04 169.19
526.91 183.04
514.72 175.01
519.43 163.93
505.30 148.41
482.03 173.07
477.87 171.69
466.79 176.95
464.30 175.01
461.53 169.47
456.82 166.14
451.55 159.77
447.67 163.93
444.90 177.50
449.34 177.50
455.15 175.29
436.87 175.29
442.69 173.90
434.38 167.53
427.17 164.76
424.68 164.76
423.02 158.94
420.52 155.06
412.76 158.94
410.83 157.00
413.60 173.07
424.68 174.46
426.62 171.69
432.71 176.95
415.26 179.17
405.84 160.60
401.96 157.83
393.09 161.71
394.20 173.07
392.82 178.33
395.03 176.40
399.47 176.40
403.07 174.46
401.13 169.19
384.50 180.27
379.52 176.95
379.24 170.58
380.07 165.59
385.34 168.64
378.69 153.95
377.58 150.08
374.25 147.58
360.68 145.37
357.63 159.77
354.31 166.14
367.33 173.62
363.45 182.77
352.64 184.15
344.61 162.82
345.99 151.18
347.66 159.22
350.15 151.46
410.27 191.91
375.36 190.80
403.62 216.85
444.35 234.58
393.92 233.47
396.42 238.46
375.36 224.05
345.44 216.85
347.66 220.17
348.21 230.70
360.12 227.65
357.63 219.62
362.06 220.72
372.04 233.75
383.67 236.79
392.26 244.83
406.67 248.15
419.14 256.19
391.71 256.46
378.13 257.02
357.08 236.24
348.49 251.20
354.58 250.37
380.07 242.89
343.50 238.46
339.07 170.30
339.07 163.65
336.85 155.89
336.02 145.09
341.84 150.08
325.77 147.86
327.99 145.09
319.12 143.15
316.63 138.16
315.24 148.41
309.42 145.92
307.21 140.66
305.27 153.68
297.51 150.91
293.63 143.15
300.56 142.04
298.89 146.20
273.13 140.38
283.66 139.55
287.26 149.80
282.55 154.79
272.30 149.80
277.28 146.20
254.57 142.04
267.59 154.79
258.72 145.92
258.17 154.79
250.96 148.97
241.54 141.21
241.27 147.03
236.00 153.68
245.98 153.95
242.93 168.64
254.29 170.02
273.13 168.08
286.43 170.85
311.36 172.24
324.94 168.92
332.14 177.78
339.90 182.21
329.09 182.21
327.99 185.54
324.11 188.03
316.35 187.48
314.69 177.23
309.42 176.40
368.44 165.04
290.31 178.61
294.74 175.84
290.58 172.79
277.56 174.73
275.62 176.40
277.01 182.21
286.70 193.30
302.22 190.25
299.73 181.66
272.02 195.24
280.61 186.92
263.43 180.00
267.31 187.75
255.40 185.82
259.00 201.05
269.80 204.93
278.39 205.49
285.60 213.24
293.63 208.81
290.58 201.61
297.79 201.61
299.45 199.11
305.54 206.87
314.96 206.32
308.59 210.75
320.23 215.74
327.15 216.57
333.80 215.74
338.24 222.39
324.66 227.93
334.63 232.36
340.73 230.70
340.45 241.23
268.14 217.12
270.08 210.75
274.24 224.60
290.03 222.39
298.34 217.95
306.65 221.56
314.13 218.51
315.79 223.77
297.51 229.31
291.41 235.41
304.99 235.96
306.38 229.59
306.65 240.40
316.63 246.21
321.89 235.96
318.57 249.26
293.35 248.15
283.10 247.88
287.26 241.50
278.12 238.73
261.77 226.82
260.11 237.62
256.78 243.72
252.35 237.35
243.76 225.99
245.42 219.89
245.70 211.30
257.61 215.74
261.49 211.86
254.29 205.21
250.69 193.85
255.95 191.91
245.42 193.57
237.94 183.88
242.65 178.33
255.67 180.55
233.79 191.91
230.74 199.95
229.63 194.68
224.92 201.61
228.80 213.24
237.67 209.09
246.53 203.82
227.14 217.68
225.47 222.11
232.40 217.12
221.87 209.92
212.18 201.33
216.33 199.39
215.22 189.42
211.62 184.43
218.27 174.46
222.70 181.11
223.81 155.06
231.29 148.14
226.58 147.03
216.89 143.43
207.19 147.30
212.18 158.39
203.86 155.62
198.60 152.85
200.26 145.92
185.58 145.92
189.73 152.85
182.81 155.06
180.31 155.06
174.50 145.09
171.73 150.91
163.69 148.97
153.44 145.92
144.85 147.03
144.57 154.23
155.10 152.01
157.32 161.71
146.24 163.65
147.07 171.96
135.99 159.22
137.92 192.74
172.00 173.90
133.21 179.17
142.63 187.48
153.72 183.88
150.12 181.94
162.58 180.27
163.69 188.31
180.87 181.66
188.63 181.94
196.38 172.24
201.65 181.11
192.78 188.03
188.35 199.67
187.79 193.30
197.21 189.97
176.99 197.45
175.88 181.66
138.76 219.89
134.60 232.08
168.68 220.72
164.52 204.93
160.64 208.81
207.74 220.72
216.33 213.24
209.96 209.64
195.55 212.14
195.83 206.32
188.90 207.43
201.92 224.60
216.89 229.59
236.28 228.48
215.50 246.49
218.83 243.17
196.94 247.04
200.26 239.56
194.72 232.08
175.60 247.88
177.27 241.50
164.80 239.56
159.26 235.41
135.15 199.95
141.80 205.76
137.65 208.81
153.16 203.55
170.89 203.82
170.89 215.74
179.48 226.27
171.73 233.19
186.13 227.65
126.57 153.12
120.19 150.08
129.61 150.91
125.46 162.54
116.31 152.85
104.96 157.83
107.45 154.79
113.27 162.82
99.14 174.73
98.03 161.99
91.93 159.50
34.03 152.85
49.82 163.10
54.25 162.54
59.24 164.76
65.34 154.79
82.79 149.24
80.30 155.89
76.14 165.04
83.34 156.17
96.09 154.79
70.05 156.72
56.19 153.68
20.18 156.17
30.98 160.05
23.78 164.48
36.80 164.21
11.59 157.83
6.88 154.79
4.66 166.42
13.25 173.35
9.37 212.14
3.00 194.68
6.05 183.04
7.71 190.25
21.01 193.57
31.81 189.42
27.10 181.66
36.52 193.57
39.57 187.48
43.17 183.04
48.71 189.97
46.22 177.23
68.66 179.17
68.66 191.36
64.78 195.51
61.18 205.21
67.28 206.32
69.49 201.88
81.96 195.24
82.79 202.99
89.44 202.99
92.76 214.63
83.90 208.81
98.58 209.64
107.45 212.97
114.93 221.56
121.30 216.57
129.06 212.14
118.25 204.93
126.29 192.74
119.36 193.85
108.00 187.48
112.99 193.85
103.29 198.56
109.11 178.06
125.46 178.61
115.21 186.92
121.86 187.48
102.18 182.21
96.64 190.80
83.34 186.09
81.13 179.72
89.16 183.04
70.32 188.03
73.92 214.63
76.70 219.89
92.76 232.64
110.50 233.19
81.41 228.76
81.41 243.72
75.59 254.25
111.88 245.11
104.96 241.23
101.08 241.23
103.57 247.32
122.13 249.54
134.32 250.37
24.61 241.50
60.07 248.98
50.10 244.55
56.19 226.54
68.94 229.31
48.44 212.69
45.67 208.81
53.70 195.24
30.98 216.01
18.79 219.06
37.08 206.04
29.87 207.98
37.91 227.65
14.36 260.76
3.83 318.39
22.12 330.02
43.17 319.50
27.10 307.30
29.32 302.32
26.55 294.01
54.81 291.79
58.69 278.49
71.43 270.73
84.73 294.56
84.73 285.14
86.95 308.41
76.97 298.99
69.21 309.52
65.34 325.59
90.27 334.46
90.83 326.70
100.25 315.62
100.25 309.52
113.54 318.39
112.99 334.46
121.86 335.01
132.94 322.27
145.68 308.41
160.64 307.30
151.22 340.55
449.34 333.35
42.06 264.64
35.41 268.52
15.47 249.12
104.12 273.50
99.14 291.79
130.17 279.04
144.02 270.73
134.05 263.53
140.70 294.56
165.08 339.44
182.25 339.44
203.86 311.74
196.66 301.76
202.20 338.33
219.93 311.74
228.80 313.95
234.34 318.39
242.10 333.90
244.31 311.74
238.22 289.02
254.84 291.79
261.49 301.76
264.82 316.72
261.49 331.13
265.37 338.33
234.34 340.55
281.99 321.71
302.50 329.47
300.28 310.63
327.43 326.70
327.99 289.02
336.30 276.27
327.43 269.62
311.36 264.64
355.14 266.85
359.57 259.65
365.11 280.15
356.25 310.08
172.83 259.65
172.28 269.62
182.81 273.50
196.66 278.49
206.08 265.75
229.91 265.75
242.65 255.77
242.65 245.24
256.50 258.54
277.01 264.64
291.97 259.10
285.32 270.73
265.37 276.27
295.85 274.61
293.08 282.37
285.87 298.44
291.41 305.64
306.38 297.88
314.13 298.99
416.64 321.71
447.12 226.96
305.82 297.88
103.57 260.76
115.21 258.54
103.57 304.53
143.47 241.37
150.67 241.37
142.91 249.12
150.67 247.46
191.12 253.00
218.83 294.56
209.41 290.13
199.43 286.80
175.05 329.47
223.81 384.33
244.31 372.69
270.91 363.82
270.91 388.76
281.99 359.39
305.27 357.73
325.21 351.63
316.35 380.45
340.73 377.68
303.60 402.06
218.27 410.92
202.20 359.39
172.28 385.43
180.04 369.37
149.56 402.06
139.59 404.83
136.26 390.42
126.29 376.57
106.34 377.68
95.81 384.88
94.70 402.06
62.01 395.41
46.50 382.66
52.59 361.61
83.07 363.82
88.61 347.20
104.12 355.51
127.95 357.17
21.01 402.06
16.02 366.59
24.89 357.73
25.44 342.21
9.37 543.91
49.27 516.76
113.54 501.24
129.06 493.49
193.34 482.96
208.85 485.73
206.08 472.98
288.64 498.47
331.86 455.81
364.00 469.66
509.18 445.83
400.02 461.90
438.25 449.16
429.94 431.43
458.76 442.51
447.12 407.04
475.38 407.04
464.85 413.69
500.87 396.52
496.99 386.54
496.99 362.72
517.49 377.68
478.15 378.79
449.89 388.76
441.58 377.12
451.55 359.39
408.33 376.01
391.71 364.38
362.89 370.47
355.69 362.16
376.19 364.93
379.52 368.26
378.96 353.85
403.90 341.66
400.57 318.94
416.64 327.25
475.93 279.60
460.42 274.06
441.58 283.48
432.16 276.27
416.64 269.62
404.45 272.40
407.78 287.36
418.31 285.69
400.02 286.25
382.84 282.37
390.05 270.73
402.79 264.08
352.37 277.38
370.10 275.72
379.52 302.32
374.53 325.59
386.72 317.83
387.28 310.08
391.71 332.24
356.80 328.36
356.80 344.98
510.29 366.04
493.67 351.63
508.07 344.98
512.50 320.60
516.38 305.09
506.96 289.57
520.82 278.49
525.80 287.36
534.67 294.56
545.20 303.43
524.14 357.17
365.11 397.62
383.40 415.36
394.48 425.33
421.08 415.91
482.58 329.47
470.95 324.48
465.41 332.24
465.41 312.85
444.90 297.33
420.52 305.09
114.65 442.23
158.98 430.04
253.18 271.56
125.73 297.05
172.28 294.84
176.71 318.11
