983.86 520.55
936.21 465.14
1016.00 160.10
1006.58 161.21
992.73 161.21
995.50 168.97
1009.91 166.20
1019.33 177.28
1004.92 180.60
1009.91 187.25
1014.34 197.23
1001.60 193.35
994.95 192.79
987.74 202.77
994.95 224.38
1003.81 223.82
1013.79 223.27
1006.03 233.80
994.95 232.14
984.42 233.80
966.13 239.89
981.09 246.54
991.62 255.41
969.46 254.30
1005.47 246.54
994.39 247.65
974.44 192.79
961.70 196.12
967.79 184.48
978.88 183.37
985.53 179.50
978.88 175.62
966.13 172.85
979.43 154.56
976.11 149.02
985.53 150.13
996.61 150.13
1019.88 150.68
938.98 196.12
951.17 192.24
943.41 180.60
954.50 177.28
952.28 168.97
962.25 167.86
956.71 157.33
964.47 158.44
961.70 149.02
961.70 141.26
947.29 155.11
936.21 167.86
943.97 162.87
926.24 191.13
929.56 183.37
932.89 179.50
932.89 192.79
946.18 183.37
899.08 191.13
908.50 196.12
916.82 196.12
912.94 181.16
926.79 175.62
917.92 186.14
931.22 142.92
934.55 136.83
1089.15 250.98
924.57 145.14
929.01 156.22
920.14 157.88
926.24 165.09
926.24 161.21
916.82 146.80
910.72 156.22
902.96 155.11
889.11 155.11
902.41 145.14
907.40 148.46
892.99 163.98
894.65 157.88
900.19 167.86
909.06 172.85
916.82 173.95
903.52 162.87
907.95 163.98
890.77 191.13
897.42 185.04
894.65 184.48
879.69 186.14
870.83 187.25
874.70 178.39
883.57 181.71
884.12 171.74
875.81 162.32
883.57 162.87
877.47 152.90
870.83 150.68
864.73 142.37
868.05 139.04
861.41 150.68
865.28 160.10
851.43 150.68
842.57 167.86
851.43 163.98
844.78 160.10
854.76 166.75
863.62 167.86
863.62 173.40
854.76 175.62
849.21 190.02
861.41 186.14
841.46 196.12
827.60 188.92
835.92 184.48
834.81 166.75
818.74 196.12
815.41 207.75
819.29 204.98
831.48 195.01
824.28 177.28
813.20 176.72
803.22 189.47
797.13 183.37
796.02 200.00
802.67 201.11
809.32 201.11
804.33 210.53
793.25 208.86
786.60 203.88
776.63 212.74
766.65 218.28
771.64 198.89
779.40 180.60
785.49 168.97
799.90 166.20
811.54 147.91
824.28 136.83
832.04 144.59
842.57 142.37
807.66 138.49
807.66 133.50
817.08 132.95
812.64 140.71
818.18 137.38
802.67 132.95
795.47 132.95
789.37 132.95
794.36 138.49
799.34 140.71
803.22 149.02
796.02 152.34
796.02 147.91
788.26 154.01
787.71 150.13
783.28 146.25
787.15 138.49
786.05 161.21
776.63 163.98
776.63 156.22
774.41 149.02
777.73 144.03
772.75 131.29
779.95 135.17
766.65 130.73
768.87 147.91
768.31 157.33
762.22 163.98
761.11 174.51
768.87 176.72
776.63 172.85
771.08 170.08
748.92 177.83
747.26 169.52
752.80 163.98
757.79 166.20
755.57 161.21
751.69 149.02
760.56 146.80
762.22 140.71
757.23 140.15
760.56 131.29
761.11 136.27
758.34 131.29
756.12 136.27
741.16 146.80
749.47 144.03
737.28 129.07
726.20 134.61
728.42 142.37
734.51 142.92
725.09 150.13
737.84 160.10
743.93 154.56
748.37 157.88
743.38 161.21
726.76 157.33
715.12 150.13
718.44 145.14
709.58 137.38
707.92 152.34
708.47 146.25
703.48 157.33
694.06 156.22
711.24 156.22
718.44 160.10
732.30 165.09
738.95 167.86
734.51 177.28
742.27 177.28
731.74 172.85
725.65 163.98
713.46 162.32
705.70 167.86
695.17 170.63
707.92 175.62
714.01 171.74
723.43 176.72
719.00 184.48
728.97 178.39
731.74 186.14
737.28 185.59
743.93 186.14
753.91 183.37
763.88 185.04
758.34 195.01
758.34 200.00
753.35 195.01
748.92 202.77
743.93 200.55
743.38 193.35
735.62 193.35
741.16 210.53
751.14 210.53
774.96 202.77
759.45 223.27
732.30 208.86
737.28 202.77
722.88 207.75
715.67 200.00
721.77 201.11
723.99 191.13
716.23 190.02
712.35 190.02
705.70 200.00
711.79 205.54
703.48 214.40
695.17 211.63
686.86 209.42
684.64 206.65
692.40 196.12
690.74 188.92
696.83 188.92
701.27 197.78
706.81 188.36
702.93 180.60
694.62 180.60
699.05 173.95
687.41 181.71
682.43 173.40
691.29 172.85
687.97 163.98
681.32 180.60
681.32 195.01
672.45 170.63
675.22 184.48
674.12 193.90
674.67 211.63
674.67 204.98
665.25 210.53
654.17 204.98
669.13 176.72
663.03 184.48
656.38 188.92
665.25 196.12
666.91 201.11
657.49 177.83
645.30 176.72
649.18 165.64
641.42 170.63
634.22 168.97
648.07 187.25
645.30 202.77
635.88 205.54
629.79 193.90
625.35 207.75
614.83 207.75
618.15 201.66
620.92 187.25
618.70 176.72
628.68 177.28
624.25 170.63
610.39 188.36
607.62 196.12
603.19 208.31
595.43 206.65
596.54 197.78
600.97 188.92
603.74 179.50
607.62 177.28
607.62 172.85
614.83 169.52
580.47 201.11
595.43 182.27
589.89 188.36
583.24 187.25
593.77 182.27
593.21 173.40
597.65 167.86
576.04 198.89
568.28 188.36
580.47 189.47
569.94 180.60
578.25 177.28
573.82 175.62
557.75 205.54
568.28 206.65
561.63 198.89
558.31 188.92
552.76 189.47
547.22 189.47
550.55 179.50
559.97 181.71
562.74 173.95
562.18 170.63
565.51 157.33
546.12 170.63
549.99 162.32
556.64 165.09
561.63 162.87
572.16 158.44
581.58 165.09
587.12 170.08
588.23 161.21
591.00 156.22
593.77 134.61
597.09 130.73
598.76 126.30
605.96 126.85
615.38 131.84
622.03 130.18
629.79 129.62
630.89 122.42
648.07 132.40
697.39 145.14
657.49 158.44
655.83 149.57
662.48 149.02
665.25 160.10
661.37 172.85
659.15 163.98
623.14 137.38
613.16 137.38
605.96 137.94
600.97 137.38
604.30 133.50
617.04 144.03
599.31 147.36
591.00 145.14
604.30 156.22
610.39 159.55
613.72 159.55
616.49 163.43
618.70 165.09
606.51 165.09
581.58 146.25
585.46 150.13
536.70 189.47
542.79 203.88
537.25 206.09
547.78 202.77
526.17 196.12
530.05 207.75
520.07 206.09
510.10 206.09
519.52 179.50
524.50 178.94
534.48 178.39
536.70 178.94
545.01 180.60
540.57 172.85
532.26 161.21
544.45 160.10
548.89 145.14
563.85 151.24
571.05 150.13
576.59 150.13
577.70 141.82
577.15 132.40
576.04 120.21
736.18 102.47
746.70 98.59
741.16 112.45
735.07 115.77
731.74 104.14
728.97 114.66
728.42 127.96
717.34 128.52
722.88 127.96
712.35 120.21
715.12 112.45
717.89 116.88
723.99 115.77
701.27 133.50
704.04 137.38
701.82 146.25
638.10 100.81
712.90 90.84
719.55 94.72
627.02 100.81
619.81 102.47
612.61 100.81
625.35 109.12
634.77 109.12
618.70 109.12
612.05 108.57
612.61 105.24
607.62 102.47
602.08 104.14
598.20 104.14
587.12 105.24
573.27 100.26
548.33 99.15
540.57 102.47
536.70 95.27
528.38 96.93
521.73 93.61
515.08 95.27
506.22 95.27
501.79 95.27
492.92 99.15
503.45 108.57
521.18 111.89
525.61 112.45
535.59 116.88
551.10 124.08
566.06 126.85
566.06 118.54
558.86 125.75
551.66 139.60
562.18 134.06
568.83 133.50
559.41 141.82
567.73 137.94
544.45 127.96
546.67 134.06
557.20 151.24
549.44 151.79
542.24 139.60
540.57 145.14
535.59 139.60
529.49 139.60
533.37 154.56
527.28 153.45
525.06 145.14
532.82 147.36
529.49 147.36
537.25 156.22
520.63 140.15
518.96 129.62
532.26 120.21
539.47 122.98
537.25 120.21
536.14 124.64
546.12 120.76
514.53 115.77
510.10 116.33
504.00 124.08
507.33 127.96
508.99 130.18
507.88 135.72
503.45 140.15
504.00 154.56
511.21 147.91
510.65 155.11
512.31 142.37
515.08 153.45
520.63 153.45
516.19 154.56
495.69 124.64
500.12 120.21
496.80 137.94
490.70 139.60
500.68 131.84
496.80 145.14
486.27 145.69
480.73 147.91
486.27 154.56
494.58 153.45
497.35 161.21
505.11 163.98
511.76 163.98
520.07 166.75
527.28 161.21
511.76 171.74
545.01 151.79
542.79 149.57
581.58 158.99
567.17 166.75
573.82 188.36
506.77 184.48
505.67 170.08
494.58 176.72
497.35 170.63
492.37 171.18
475.19 167.30
481.28 158.44
470.76 163.43
470.20 168.97
462.44 155.11
466.88 135.72
477.96 139.60
471.86 130.18
497.35 193.35
485.72 196.12
485.72 186.14
492.37 186.70
485.16 191.13
477.41 194.46
471.86 200.00
460.23 197.78
459.12 189.47
477.41 170.08
484.61 177.83
478.51 178.94
462.44 180.60
467.99 183.37
467.99 187.25
474.63 185.59
457.46 163.98
451.92 150.13
449.15 159.55
442.50 150.13
441.39 154.56
441.94 143.48
432.52 144.03
425.32 144.03
424.76 153.45
433.63 161.21
439.73 158.99
437.51 170.08
442.50 170.63
451.36 174.51
443.60 178.94
441.39 185.59
451.36 185.59
453.58 180.60
443.05 197.78
452.47 198.33
479.62 124.08
490.70 124.08
485.72 117.99
469.09 122.42
464.11 126.30
455.24 120.21
451.92 124.64
447.48 115.22
487.38 98.59
477.96 97.49
470.76 95.27
488.49 104.14
495.14 108.01
483.50 107.46
464.11 108.01
468.54 110.23
460.23 119.10
458.01 110.23
443.05 124.08
430.86 126.85
436.96 133.50
863.62 247.65
424.21 126.85
431.97 116.88
440.28 111.89
440.83 120.21
422.55 114.66
448.04 88.62
436.40 90.84
426.98 89.17
416.45 86.96
408.14 87.51
397.61 83.63
393.18 114.11
397.06 117.99
393.18 124.08
383.76 118.54
398.17 134.06
405.37 135.72
406.48 143.48
415.34 145.69
408.14 151.24
415.90 149.57
433.08 147.91
425.32 163.43
433.63 173.95
426.98 180.60
428.64 185.59
432.52 200.00
425.87 196.12
417.01 198.33
406.48 198.33
408.14 188.36
412.02 184.48
417.01 185.59
417.01 173.95
415.90 162.32
410.36 158.44
399.28 160.10
393.73 161.21
395.95 166.20
398.17 177.83
393.18 176.72
400.38 183.37
402.60 177.83
401.49 188.36
419.22 168.97
415.34 171.74
407.03 167.86
409.25 180.60
392.63 141.26
384.31 128.52
386.53 111.89
386.53 108.01
372.68 103.58
366.03 114.11
366.03 119.10
362.15 104.69
369.91 122.42
369.35 132.40
378.22 130.18
388.47 198.20
397.06 195.98
390.69 187.11
390.69 183.24
385.15 178.80
385.70 166.61
381.82 156.64
388.19 148.33
383.76 141.68
378.22 151.65
369.63 139.18
360.21 142.79
357.16 136.41
352.73 140.01
358.27 129.49
361.04 125.61
357.16 118.96
354.39 117.02
353.28 121.45
344.14 116.46
333.06 119.24
337.77 128.10
346.63 131.15
346.63 127.27
332.78 137.80
343.03 145.83
352.45 147.22
361.04 149.71
365.20 163.84
371.02 158.85
364.37 158.02
367.97 150.82
374.62 168.27
375.73 177.69
374.06 189.05
382.10 185.17
373.79 195.70
377.11 212.33
381.54 199.30
384.04 207.89
356.61 207.62
363.81 197.37
361.32 183.79
357.99 177.42
368.80 177.42
348.85 169.66
347.19 179.36
350.79 186.01
351.90 198.75
348.85 207.06
340.82 198.75
335.00 201.80
335.55 176.86
341.65 165.78
332.23 165.23
324.75 177.42
324.47 184.34
321.98 200.69
312.00 195.15
315.88 182.40
308.96 178.25
302.86 177.42
296.21 184.07
304.25 208.72
316.71 208.45
285.13 207.06
267.67 207.89
258.25 209.56
261.86 194.87
273.21 185.73
275.15 190.99
287.34 179.36
287.07 169.66
295.38 164.12
304.52 189.33
310.62 164.40
304.80 163.84
307.57 159.41
320.04 166.33
326.96 158.02
337.77 158.02
347.47 158.85
354.67 158.02
341.37 150.27
330.84 146.39
324.19 138.91
327.52 128.38
324.75 118.40
316.71 121.73
318.65 129.21
320.59 134.20
306.18 138.08
316.44 139.74
298.15 138.91
318.38 153.04
316.71 145.28
295.10 147.77
306.46 150.27
290.95 141.95
282.08 147.77
275.71 157.47
291.22 158.02
299.81 158.30
270.17 153.59
275.71 151.65
253.54 154.42
261.30 168.27
266.01 172.98
253.27 181.30
254.10 177.97
251.33 171.60
271.28 167.17
250.50 194.04
250.50 190.99
256.59 122.28
272.94 124.50
277.09 132.53
286.24 130.32
299.81 129.21
310.89 129.21
298.15 116.46
287.62 119.24
276.26 117.30
282.63 109.26
274.88 109.54
270.17 100.95
272.11 93.47
277.37 102.33
289.28 104.27
297.87 103.17
302.31 105.66
305.08 102.33
313.94 101.23
310.89 111.20
317.82 110.92
321.15 103.44
329.73 111.20
330.84 105.11
338.60 104.83
336.11 114.53
253.54 106.77
251.88 100.12
258.25 99.29
261.02 99.29
250.22 154.14
670.38 163.91
679.24 164.33
244.12 208.86
241.35 194.46
243.57 185.59
232.49 182.82
219.74 204.98
226.39 197.78
231.93 209.97
215.86 196.12
221.41 184.48
218.63 177.83
226.39 172.85
222.51 168.97
235.26 166.75
234.70 177.83
220.85 151.79
235.81 157.33
233.04 137.94
243.57 150.13
222.51 142.37
229.16 145.14
221.41 135.72
214.20 124.08
215.86 109.12
226.95 114.66
240.80 106.91
246.89 101.37
207.00 110.79
200.35 106.35
209.77 95.27
182.06 83.08
182.62 93.61
188.16 104.14
194.25 104.69
182.06 118.54
194.81 113.00
204.78 122.42
197.02 125.75
188.71 132.40
203.12 130.18
193.70 138.49
198.13 141.82
205.34 140.15
199.24 151.79
211.99 151.79
210.32 165.09
200.90 168.97
207.00 173.95
198.13 185.59
208.11 185.59
204.23 195.01
211.99 185.59
193.15 198.33
196.47 212.74
208.66 209.42
182.06 212.74
172.09 209.97
159.90 223.27
146.60 216.62
170.98 200.00
151.03 198.89
161.01 191.13
142.72 200.00
148.26 208.86
127.76 215.51
128.31 202.21
106.70 215.51
114.46 200.00
118.89 193.35
129.98 193.35
124.44 190.02
135.52 186.70
147.15 187.25
102.83 201.11
87.31 197.78
80.66 207.75
67.36 208.86
69.02 200.00
74.57 186.14
87.86 185.59
50.18 212.74
33.56 214.40
18.60 217.73
1.42 213.30
1.42 201.11
17.49 202.21
32.45 198.89
44.09 200.00
59.05 198.89
57.39 188.36
44.09 186.70
29.68 188.36
11.95 185.59
1.98 174.51
16.38 176.72
23.59 176.72
33.01 180.60
41.32 175.06
55.17 175.06
69.58 174.51
79.00 172.85
93.96 176.72
87.31 176.72
127.21 176.72
108.92 172.85
103.38 162.32
115.57 161.21
128.31 162.32
139.40 163.43
141.06 176.72
156.57 161.21
159.34 167.30
164.89 166.20
174.31 163.98
182.62 174.51
169.32 174.51
171.54 185.59
184.83 186.14
180.40 198.33
192.59 176.72
187.60 166.20
185.94 149.57
175.97 151.79
164.89 154.56
182.06 139.60
176.52 133.50
173.75 122.42
173.20 113.00
166.55 108.57
177.08 102.47
172.64 103.58
162.12 93.05
171.54 93.05
173.75 93.05
170.43 83.08
175.97 76.43
161.56 83.08
152.14 81.42
154.36 93.05
157.13 100.81
166.55 101.37
155.47 134.06
163.22 120.21
166.55 114.11
161.56 110.23
156.02 104.69
143.28 110.79
137.18 122.42
144.94 131.84
149.92 141.82
159.90 140.15
163.78 135.72
155.47 151.79
138.84 152.34
127.76 147.36
137.18 141.26
132.75 131.84
122.22 128.52
119.45 108.57
125.54 104.69
131.08 92.50
135.52 98.59
144.38 93.05
120.56 89.73
129.98 88.07
160.45 63.69
149.92 64.24
141.61 67.56
169.32 64.24
183.17 67.56
166.55 73.11
158.24 72.00
149.37 71.44
133.86 73.11
131.64 63.69
123.33 60.36
115.57 83.08
112.25 70.33
111.69 59.81
190.93 67.56
98.95 60.92
82.32 55.93
90.08 67.56
101.16 68.12
121.67 69.23
126.10 81.97
139.95 81.97
146.60 80.86
112.80 94.72
100.05 86.96
108.37 86.96
88.97 76.43
74.57 73.11
71.24 60.92
37.99 67.56
55.17 65.35
53.51 54.82
64.04 63.69
22.48 59.81
14.72 75.88
3.08 69.23
12.50 87.51
22.48 84.19
33.01 76.43
79.55 93.05
88.97 88.07
94.51 78.09
103.93 77.54
44.64 70.33
62.38 78.09
60.71 84.74
54.06 86.96
64.59 93.61
70.69 107.46
80.11 106.35
90.63 100.81
98.39 101.37
105.04 99.15
95.62 110.23
107.81 122.42
105.04 109.12
116.68 116.88
102.83 121.87
91.74 120.21
99.50 126.85
108.92 128.52
108.37 134.06
113.35 134.61
111.69 143.48
121.67 135.72
103.93 150.13
112.80 152.34
91.74 149.57
89.53 143.48
86.76 128.52
100.05 137.38
70.13 158.99
78.44 158.99
84.54 162.32
61.27 138.49
74.01 129.62
75.67 136.27
61.27 126.85
67.92 120.21
79.00 118.54
36.33 151.24
48.52 149.57
56.28 129.62
48.52 138.49
36.89 134.61
48.52 127.96
32.45 124.08
42.43 116.88
53.51 110.79
43.54 105.24
56.83 103.58
57.94 94.72
39.10 96.93
50.18 95.27
32.45 103.58
16.94 95.82
23.03 90.84
2.53 79.75
4.19 99.70
22.48 124.08
18.60 115.22
3.64 126.30
8.07 141.26
17.49 141.82
25.25 137.38
26.91 145.69
12.50 145.69
7.52 162.87
21.37 160.10
49.08 165.09
65.15 153.45
63.48 159.55
76.78 149.57
86.20 147.91
915.99 268.85
902.69 270.23
894.65 264.97
888.28 269.95
883.02 263.86
875.54 261.92
870.83 266.91
879.69 268.85
893.27 279.65
895.21 289.35
884.68 293.78
878.31 288.79
868.33 291.84
876.09 280.21
858.36 290.18
862.51 289.35
866.95 285.47
865.28 276.60
870.27 273.28
860.85 260.26
864.18 266.35
858.08 271.62
853.65 276.33
853.09 286.85
843.40 289.90
843.95 284.92
830.65 284.92
836.75 279.65
843.12 272.72
845.34 263.86
851.43 260.26
854.76 264.97
838.13 259.15
835.36 263.03
834.81 267.74
832.87 271.06
825.67 278.82
823.45 266.91
827.05 259.15
826.77 254.72
819.57 254.16
818.74 259.43
795.74 263.30
807.38 266.08
808.49 261.92
810.98 251.11
810.70 258.32
800.73 254.44
791.03 274.94
790.20 271.89
801.56 275.77
802.67 282.14
814.58 281.04
812.64 275.77
813.47 268.01
823.17 287.41
794.91 281.59
786.60 281.04
774.69 279.65
778.57 273.28
778.29 268.01
779.95 261.92
781.61 258.32
789.09 262.20
790.20 252.22
793.80 248.90
781.89 250.28
771.64 261.37
771.36 256.38
772.47 249.45
777.73 243.63
766.65 244.74
754.46 254.16
756.96 256.38
758.89 258.32
758.89 264.97
757.51 273.00
767.21 272.72
746.15 262.20
747.54 254.44
737.84 268.01
748.09 270.79
749.47 266.91
759.45 269.68
728.42 266.08
731.74 257.21
730.36 263.03
719.00 262.20
703.48 259.15
737.28 268.01
681.04 285.19
666.91 299.04
654.72 291.01
659.43 279.93
645.30 264.41
622.03 289.07
617.87 287.69
606.79 292.95
604.30 291.01
601.53 285.47
596.82 282.14
591.55 275.77
587.67 279.93
584.90 293.50
589.34 293.50
595.15 291.29
576.87 291.29
582.69 289.90
574.38 283.53
567.17 280.76
564.68 280.76
563.02 274.94
560.52 271.06
552.76 274.94
550.83 273.00
553.60 289.07
564.68 290.46
566.62 287.69
572.71 292.95
555.26 295.17
545.84 276.60
541.96 273.83
533.09 277.71
534.20 289.07
532.82 294.33
535.03 292.40
539.47 292.40
543.07 290.46
541.13 285.19
524.50 296.27
519.52 292.95
519.24 286.58
520.07 281.59
525.34 284.64
518.69 269.95
517.58 266.08
514.25 263.58
500.68 261.37
497.63 275.77
494.31 282.14
507.33 289.62
503.45 298.77
492.64 300.15
484.61 278.82
485.99 267.18
487.66 275.22
490.15 267.46
550.27 307.91
515.36 306.80
543.62 332.85
584.35 350.58
691.85 356.67
692.12 369.97
721.77 350.85
726.20 327.30
533.92 349.47
536.42 354.46
515.36 340.05
485.44 332.85
487.66 336.17
488.21 346.70
500.12 343.65
497.63 335.62
502.06 336.72
512.04 349.75
523.67 352.79
532.26 360.83
546.67 364.15
559.14 372.19
531.71 372.46
518.13 373.02
497.08 352.24
488.49 367.20
494.58 366.37
520.07 358.89
483.50 354.46
479.07 286.30
479.07 279.65
476.85 271.89
476.02 261.09
481.84 266.08
465.77 263.86
467.99 261.09
459.12 259.15
456.63 254.16
455.24 264.41
449.42 261.92
447.21 256.66
445.27 269.68
437.51 266.91
433.63 259.15
440.56 258.04
438.89 262.20
413.13 256.38
423.66 255.55
427.26 265.80
422.55 270.79
412.30 265.80
417.28 262.20
394.57 258.04
407.59 270.79
398.72 261.92
398.17 270.79
390.96 264.97
381.54 257.21
381.27 263.03
376.00 269.68
385.98 269.95
382.93 284.64
394.29 286.02
413.13 284.08
426.43 286.85
451.36 288.24
464.94 284.92
472.14 293.78
479.90 298.21
469.09 298.21
467.99 301.54
464.11 304.03
456.35 303.48
454.69 293.23
449.42 292.40
508.44 281.04
430.31 294.61
434.74 291.84
430.58 288.79
417.56 290.73
415.62 292.40
417.01 298.21
426.70 309.30
442.22 306.25
439.73 297.66
412.02 311.24
420.61 302.92
403.43 296.00
407.31 303.75
395.40 301.82
399.00 317.05
409.80 320.93
418.39 321.49
425.60 329.24
433.63 324.81
430.58 317.61
437.79 317.61
439.45 315.11
445.54 322.87
454.96 322.32
448.59 326.75
460.23 331.74
467.15 332.57
473.80 331.74
478.24 338.39
464.66 343.93
474.63 348.36
480.73 346.70
480.45 357.23
408.14 333.12
410.08 326.75
414.24 340.60
430.03 338.39
438.34 333.95
446.65 337.56
454.13 334.51
455.79 339.77
437.51 345.31
431.41 351.41
444.99 351.96
446.38 345.59
446.65 356.40
456.63 362.21
461.89 351.96
458.57 365.26
433.35 364.15
423.10 363.88
427.26 357.50
418.12 354.73
401.77 342.82
400.11 353.62
396.78 359.72
392.35 353.35
383.76 341.99
385.42 335.89
385.70 327.30
397.61 331.74
401.49 327.86
394.29 321.21
390.69 309.85
395.95 307.91
385.42 309.57
377.94 299.88
382.65 294.33
395.67 296.55
373.79 307.91
370.74 315.95
369.63 310.68
364.92 317.61
368.80 329.24
377.67 325.09
386.53 319.82
367.14 333.68
365.47 338.11
372.40 333.12
361.87 325.92
352.18 317.33
356.33 315.39
355.22 305.42
351.62 300.43
358.27 290.46
362.70 297.11
363.81 271.06
371.29 264.14
366.58 263.03
356.89 259.43
347.19 263.30
352.18 274.39
343.86 271.62
338.60 268.85
340.26 261.92
325.58 261.92
329.73 268.85
322.81 271.06
320.31 271.06
314.50 261.09
311.73 266.91
303.69 264.97
293.44 261.92
284.85 263.03
284.57 270.23
295.10 268.01
297.32 277.71
286.24 279.65
287.07 287.96
275.99 275.22
277.92 308.74
312.00 289.90
273.21 295.17
282.63 303.48
293.72 299.88
290.12 297.94
302.58 296.27
303.69 304.31
320.87 297.66
328.63 297.94
336.38 288.24
341.65 297.11
332.78 304.03
328.35 315.67
327.79 309.30
337.21 305.97
316.99 313.45
315.88 297.66
278.76 335.89
274.60 348.08
308.68 336.72
304.52 320.93
300.64 324.81
347.74 336.72
356.33 329.24
349.96 325.64
335.55 328.14
335.83 322.32
328.90 323.43
341.92 340.60
356.89 345.59
376.28 344.48
355.50 362.49
358.83 359.17
336.94 363.04
340.26 355.56
334.72 348.08
315.60 363.88
317.27 357.50
304.80 355.56
299.26 351.41
275.15 315.95
281.80 321.76
277.65 324.81
293.16 319.55
310.89 319.82
310.89 331.74
319.48 342.27
311.73 349.19
326.13 343.65
266.57 269.12
260.19 266.08
269.61 266.91
265.46 278.54
256.31 268.85
244.96 273.83
247.45 270.79
253.27 278.82
239.14 290.73
238.03 277.99
231.93 275.50
174.03 268.85
189.82 279.10
194.25 278.54
199.24 280.76
205.34 270.79
222.79 265.24
220.30 271.89
216.14 281.04
223.34 272.17
236.09 270.79
210.05 272.72
196.19 269.68
160.18 272.17
170.98 276.05
163.78 280.48
176.80 280.21
151.59 273.83
146.88 270.79
135.79 275.77
129.98 272.72
144.66 282.42
153.25 289.35
116.12 282.14
111.41 276.60
109.47 271.06
100.61 281.59
95.07 276.88
88.97 277.71
75.12 276.60
70.13 286.02
80.11 289.90
77.89 310.13
81.49 307.91
83.15 303.75
93.96 307.91
82.60 314.56
79.28 349.75
89.80 318.44
100.89 312.07
110.86 307.36
99.22 326.20
106.98 320.10
95.90 340.33
90.91 363.60
99.22 349.47
71.52 358.89
69.58 365.82
76.78 361.11
83.71 371.08
104.76 368.86
113.35 353.35
121.67 359.17
128.59 364.98
118.62 341.71
131.92 346.14
136.35 336.45
149.37 328.14
138.01 319.82
138.57 311.24
143.00 310.68
137.73 301.54
146.05 299.04
147.71 306.25
161.01 309.57
171.81 305.42
167.10 297.66
176.52 309.57
179.57 303.48
183.17 299.04
188.71 305.97
186.22 293.23
208.66 295.17
208.66 307.36
204.78 311.51
201.18 321.21
207.28 322.32
209.49 317.88
221.96 311.24
222.79 318.99
229.44 318.99
232.76 330.63
223.90 324.81
238.58 325.64
247.45 328.97
254.93 337.56
261.30 332.57
269.06 328.14
258.25 320.93
266.29 308.74
259.36 309.85
248.00 303.48
252.99 309.85
243.29 314.56
249.11 294.06
265.46 294.61
255.21 302.92
261.86 303.48
242.18 298.21
236.64 306.80
223.34 302.09
221.13 295.72
229.16 299.04
210.32 304.03
213.92 330.63
216.70 335.89
232.76 348.64
250.50 349.19
221.41 344.76
221.41 359.72
215.59 370.25
251.88 361.11
244.96 357.23
241.08 357.23
243.57 363.32
262.13 365.54
274.32 366.37
164.61 357.50
200.07 364.98
190.10 360.55
196.19 342.54
208.94 345.31
188.44 328.69
185.67 324.81
193.70 311.24
170.98 332.01
158.79 335.06
177.08 322.04
169.87 323.98
177.91 343.65
61.82 345.73
61.82 335.75
49.63 330.21
41.32 327.44
35.78 336.86
36.89 348.50
31.90 355.70
43.54 367.34
32.45 390.61
53.51 396.71
49.08 410.56
66.81 413.88
61.82 421.64
80.66 427.18
83.43 412.22
110.03 412.22
99.50 410.56
123.33 414.99
119.45 392.27
100.61 391.17
103.93 379.53
123.33 382.85
132.19 378.98
154.36 376.76
112.25 331.32
115.02 325.23
117.79 317.47
126.65 306.94
70.69 323.01
70.69 317.47
58.50 310.82
66.81 295.30
42.43 306.94
45.20 313.59
41.32 314.70
29.13 317.47
17.49 321.35
10.84 323.56
9.73 327.44
11.40 337.97
4.75 339.63
2.53 351.82
20.82 340.74
7.52 365.12
18.05 354.59
29.13 408.90
3.08 447.13
68.47 443.81
75.12 454.33
96.18 430.51
110.03 441.59
101.16 451.01
139.95 418.87
139.40 408.34
126.65 402.80
143.83 434.39
162.12 446.02
183.17 435.50
167.10 423.30
169.32 418.32
166.55 410.01
194.81 407.79
198.69 394.49
211.43 386.73
224.73 410.56
224.73 401.14
226.95 424.41
216.97 414.99
209.21 425.52
205.34 441.59
230.27 450.46
230.83 442.70
240.25 431.62
240.25 425.52
253.54 434.39
252.99 450.46
261.86 451.01
272.94 438.27
285.68 424.41
300.64 423.30
291.22 456.55
29.13 322.46
9.18 293.09
1.42 288.10
0.87 264.83
13.06 267.60
19.15 288.10
25.80 277.57
31.34 292.53
46.86 277.02
57.39 277.57
48.52 289.21
57.94 295.86
18.60 306.94
15.83 398.37
24.14 371.77
18.05 361.80
65.15 390.61
91.74 397.26
107.26 418.32
112.80 432.72
115.57 427.18
589.34 449.35
182.06 380.64
175.41 384.52
155.47 365.12
244.12 389.50
239.14 407.79
270.17 395.04
284.02 386.73
274.05 379.53
280.70 410.56
305.08 455.44
322.25 455.44
343.86 427.74
336.66 417.76
342.20 454.33
359.93 427.74
368.80 429.95
374.34 434.39
382.10 449.90
384.31 427.74
378.22 405.02
394.84 407.79
401.49 417.76
404.82 432.72
401.49 447.13
405.37 454.33
374.34 456.55
421.99 437.71
442.50 445.47
440.28 426.63
467.43 442.70
467.99 405.02
476.30 392.27
467.43 385.62
451.36 380.64
495.14 382.85
499.57 375.65
505.11 396.15
496.25 426.08
312.83 375.65
312.28 385.62
322.81 389.50
336.66 394.49
346.08 381.75
369.91 381.75
382.65 371.77
382.65 361.24
396.50 374.54
417.01 380.64
431.97 375.10
425.32 386.73
405.37 392.27
435.85 390.61
433.08 398.37
425.87 414.44
431.41 421.64
446.38 413.88
454.13 414.99
556.64 437.71
587.12 342.96
445.82 413.88
243.57 376.76
255.21 374.54
243.57 420.53
283.47 357.37
290.67 357.37
282.91 365.12
290.67 363.46
331.12 369.00
358.83 410.56
349.41 406.13
339.43 402.80
315.05 445.47
363.81 500.33
384.31 488.69
410.91 479.82
410.91 504.76
421.99 475.39
445.27 473.73
465.21 467.63
456.35 496.45
480.73 493.68
443.60 518.06
358.27 526.92
342.20 475.39
312.28 501.43
320.04 485.37
289.56 518.06
279.59 520.83
276.26 506.42
266.29 492.57
246.34 493.68
235.81 500.88
234.70 518.06
202.01 511.41
186.50 498.66
192.59 477.61
223.07 479.82
228.61 463.20
244.12 471.51
267.95 473.17
161.01 518.06
138.29 508.08
133.86 494.79
156.02 482.59
164.89 473.73
165.44 458.21
117.79 475.39
113.91 459.88
48.52 502.54
41.87 525.82
65.15 554.08
86.76 566.82
110.58 578.46
71.24 608.38
25.80 608.38
2.53 620.57
114.46 654.37
149.37 659.91
123.33 632.21
189.27 632.76
233.04 675.43
253.54 617.24
269.06 609.49
333.34 598.96
348.85 601.73
346.08 588.98
428.64 614.47
471.86 571.81
504.00 585.66
886.89 436.60
808.21 499.77
806.55 571.25
870.83 544.66
850.32 500.33
827.05 473.73
837.02 446.58
820.96 453.23
784.38 446.02
771.08 463.75
690.18 494.23
703.48 526.92
649.18 561.83
689.63 570.14
702.93 589.54
540.02 577.90
578.25 565.16
569.94 547.43
598.76 558.51
587.12 523.04
615.38 523.04
604.85 529.69
640.87 512.52
636.99 502.54
636.99 478.72
657.49 493.68
618.15 494.79
589.89 504.76
581.58 493.12
591.55 475.39
548.33 492.01
531.71 480.38
502.89 486.47
495.69 478.16
516.19 480.93
519.52 484.26
518.96 469.85
543.90 457.66
540.57 434.94
556.64 443.25
615.93 395.60
600.42 390.06
581.58 399.48
572.16 392.27
556.64 385.62
544.45 388.40
547.78 403.36
558.31 401.69
540.02 402.25
522.84 398.37
530.05 386.73
542.79 380.08
492.37 393.38
510.10 391.72
519.52 418.32
514.53 441.59
526.72 433.83
527.28 426.08
531.71 448.24
496.80 444.36
496.80 460.98
730.08 474.28
650.29 482.04
633.67 467.63
648.07 460.98
652.50 436.60
656.38 421.09
646.96 405.57
660.82 394.49
665.80 403.36
674.67 410.56
685.20 419.43
686.86 439.37
664.14 473.17
726.20 447.13
732.30 417.21
716.23 418.32
700.16 414.44
704.59 429.95
693.51 421.09
714.01 399.48
722.88 401.69
741.72 400.03
739.50 407.79
755.57 422.75
766.65 407.24
761.67 387.84
763.88 397.82
764.99 398.37
774.96 393.94
782.72 402.25
788.26 394.49
792.14 409.45
779.40 427.18
505.11 513.62
523.40 531.36
534.48 541.33
561.08 531.91
821.51 431.62
824.83 403.36
809.87 397.82
823.73 383.96
827.05 390.06
804.33 382.30
790.48 382.30
833.15 360.69
763.88 330.21
830.93 376.76
886.34 401.14
896.31 383.96
895.76 374.54
905.18 366.23
907.95 391.72
926.24 393.94
939.54 386.73
950.06 391.72
975.55 385.62
993.84 388.40
989.96 433.83
951.17 431.06
974.44 426.08
924.02 424.97
965.58 469.85
912.94 413.33
859.19 417.21
868.05 411.67
871.93 390.06
853.09 395.60
857.53 376.21
847.00 373.99
840.35 404.46
834.25 423.86
866.39 428.85
622.58 445.47
610.95 440.48
605.41 448.24
605.41 428.85
584.90 413.33
560.52 421.09
1006.03 365.40
972.78 372.05
965.02 363.18
1018.22 388.67
797.68 457.38
254.65 558.23
298.98 546.04
393.18 387.56
265.73 413.05
312.28 410.84
316.71 434.11
