2.40 98.88
12.37 107.74
22.35 113.28
17.36 93.89
9.60 75.60
3.51 63.97
0.74 49.01
1.29 45.13
5.72 41.25
1.85 33.49
2.95 56.21
12.37 58.98
12.37 51.22
14.59 44.02
11.27 39.03
16.25 26.29
9.05 30.17
22.35 25.73
20.13 42.91
20.69 52.33
26.78 58.98
27.89 69.51
20.13 71.72
12.37 67.85
17.92 65.08
40.08 72.83
41.74 64.52
36.20 58.98
31.21 61.20
33.43 56.21
37.31 44.02
28.44 41.80
26.78 35.71
31.77 35.15
28.44 26.29
27.89 31.27
30.66 26.29
32.88 31.27
47.84 41.80
39.53 39.03
51.72 24.07
62.80 29.61
60.58 37.37
54.49 37.92
63.91 45.13
51.16 55.10
45.07 49.56
40.63 52.88
45.62 56.21
62.24 52.33
73.88 45.13
70.56 40.14
79.42 32.38
81.08 47.34
80.53 41.25
85.52 52.33
94.94 51.22
77.76 51.22
70.56 55.10
56.70 60.09
50.05 62.86
54.49 72.28
46.73 72.28
57.26 67.85
63.35 58.98
75.54 57.32
83.30 62.86
93.83 65.63
81.08 70.62
74.99 66.74
65.57 71.72
70.00 79.48
60.03 73.39
57.26 81.14
51.72 80.59
45.07 81.14
35.09 78.37
25.12 80.04
30.66 90.01
30.66 95.00
35.65 90.01
40.08 97.77
45.07 95.55
45.62 88.35
53.38 88.35
47.84 105.53
37.86 105.53
14.04 97.77
29.55 118.27
56.70 103.86
51.72 97.77
66.12 102.75
73.33 95.00
67.23 96.11
65.01 86.13
72.77 85.02
76.65 85.02
83.30 95.00
77.21 100.54
85.52 109.40
93.83 106.63
102.14 104.42
104.36 101.65
96.60 91.12
98.26 83.92
92.17 83.92
87.73 92.78
82.19 83.36
86.07 75.60
94.38 75.60
89.95 68.95
101.59 76.71
106.57 68.40
97.71 67.85
101.03 58.98
107.68 75.60
107.68 90.01
116.55 65.63
113.78 79.48
114.88 88.90
114.33 106.63
114.33 99.98
123.75 105.53
134.83 99.98
119.87 71.72
125.97 79.48
132.62 83.92
123.75 91.12
122.09 96.11
131.51 72.83
143.70 71.72
139.82 60.64
147.58 65.63
154.78 63.97
140.93 82.25
143.70 97.77
153.12 100.54
159.21 88.90
163.65 102.75
174.17 102.75
170.85 96.66
168.08 82.25
170.30 71.72
160.32 72.28
164.75 65.63
178.61 83.36
181.38 91.12
185.81 103.31
193.57 101.65
192.46 92.78
188.03 83.92
185.26 74.50
181.38 72.28
181.38 67.85
174.17 64.52
208.53 96.11
193.57 77.27
199.11 83.36
205.76 82.25
195.23 77.27
195.79 68.40
191.35 62.86
212.96 93.89
220.72 83.36
208.53 84.47
219.06 75.60
210.75 72.28
215.18 70.62
231.25 100.54
220.72 101.65
227.37 93.89
230.69 83.92
236.24 84.47
241.78 84.47
238.45 74.50
229.03 76.71
226.26 68.95
226.82 65.63
223.49 52.33
242.88 65.63
239.01 57.32
232.36 60.09
227.37 57.87
216.84 53.44
207.42 60.09
201.88 65.08
200.77 56.21
198.00 51.22
195.23 29.61
191.91 25.73
190.24 21.30
183.04 21.85
173.62 26.84
166.97 25.18
159.21 24.62
158.11 17.42
140.93 27.40
91.61 40.14
131.51 53.44
133.17 44.57
126.52 44.02
123.75 55.10
127.63 67.85
129.85 58.98
165.86 32.38
175.84 32.38
183.04 32.94
188.03 32.38
184.70 28.50
171.96 39.03
189.69 42.36
198.00 40.14
184.70 51.22
178.61 54.55
175.28 54.55
172.51 58.43
170.30 60.09
182.49 60.09
207.42 41.25
203.54 45.13
252.30 84.47
246.21 98.88
251.75 101.09
241.22 97.77
262.83 91.12
258.95 102.75
268.93 101.09
278.90 101.09
269.48 74.50
264.50 73.94
254.52 73.39
252.30 73.94
243.99 75.60
248.43 67.85
256.74 56.21
244.55 55.10
240.11 40.14
225.15 46.24
217.95 45.13
212.41 45.13
211.30 36.82
211.85 27.40
212.96 15.21
47.84 7.45
53.93 10.77
60.03 9.66
60.58 22.96
71.66 23.52
66.12 22.96
76.65 15.21
73.88 7.45
71.11 11.88
65.01 10.77
87.73 28.50
84.96 32.38
87.18 41.25
163.65 4.12
154.23 4.12
170.30 4.12
176.95 3.57
176.39 0.24
201.88 0.24
285.55 3.57
267.82 6.89
263.39 7.45
253.41 11.88
237.90 19.08
222.94 21.85
222.94 13.54
230.14 20.75
237.34 34.60
226.82 29.06
220.17 28.50
229.59 36.82
221.27 32.94
244.55 22.96
242.33 29.06
231.80 46.24
239.56 46.79
246.76 34.60
248.43 40.14
253.41 34.60
259.51 34.60
255.63 49.56
261.72 48.45
263.94 40.14
256.18 42.36
259.51 42.36
251.75 51.22
268.37 35.15
270.04 24.62
256.74 15.21
249.53 17.98
251.75 15.21
252.86 19.64
242.88 15.76
274.47 10.77
278.90 11.33
285.00 19.08
281.67 22.96
280.01 25.18
281.12 30.72
285.55 35.15
285.00 49.56
277.79 42.91
278.35 50.11
276.69 37.37
273.92 48.45
268.37 48.45
272.81 49.56
293.31 19.64
288.88 15.21
292.20 32.94
298.30 34.60
288.32 26.84
292.20 40.14
302.73 40.69
308.27 42.91
302.73 49.56
294.42 48.45
291.65 56.21
283.89 58.98
277.24 58.98
268.93 61.75
261.72 56.21
277.24 66.74
243.99 46.79
246.21 44.57
207.42 53.99
221.83 61.75
215.18 83.36
282.23 79.48
283.33 65.08
294.42 71.72
291.65 65.63
296.63 66.18
313.81 62.30
307.72 53.44
318.24 58.43
318.80 63.97
326.56 50.11
322.12 30.72
311.04 34.60
317.14 25.18
291.65 88.35
303.28 91.12
303.28 81.14
296.63 81.70
303.84 86.13
311.59 89.46
317.14 95.00
328.77 92.78
329.88 84.47
311.59 65.08
304.39 72.83
310.49 73.94
326.56 75.60
321.01 78.37
321.01 82.25
314.37 80.59
331.54 58.98
337.08 45.13
339.85 54.55
346.50 45.13
347.61 49.56
347.06 38.48
356.48 39.03
363.68 39.03
364.24 48.45
355.37 56.21
349.27 53.99
351.49 65.08
346.50 65.63
337.64 69.51
345.40 73.94
347.61 80.59
337.64 80.59
335.42 75.60
345.95 92.78
336.53 93.33
309.38 19.08
298.30 19.08
303.28 12.99
319.91 17.42
324.89 21.30
333.76 15.21
337.08 19.64
341.52 10.22
293.86 3.01
305.50 2.46
324.89 3.01
320.46 5.23
328.77 14.10
330.99 5.23
345.95 19.08
358.14 21.85
352.04 28.50
364.79 21.85
357.03 11.88
348.72 6.89
348.17 15.21
366.45 9.66
395.82 9.11
391.94 12.99
395.82 19.08
405.24 13.54
390.83 29.06
383.63 30.72
382.52 38.48
373.66 40.69
380.86 46.24
373.10 44.57
355.92 42.91
363.68 58.43
355.37 68.95
362.02 75.60
360.36 80.59
356.48 95.00
363.13 91.12
371.99 93.33
382.52 93.33
380.86 83.36
376.98 79.48
371.99 80.59
371.99 68.95
373.10 57.32
378.64 53.44
389.72 55.10
395.27 56.21
393.05 61.20
390.83 72.83
395.82 71.72
388.62 78.37
386.40 72.83
387.51 83.36
369.78 63.97
373.66 66.74
381.97 62.86
379.75 75.60
396.37 36.26
404.69 23.52
402.47 6.89
402.47 3.01
422.97 9.11
422.97 14.10
419.09 17.42
419.65 27.40
410.78 25.18
400.53 93.20
391.94 90.98
398.31 82.11
398.31 78.24
403.85 73.80
403.30 61.61
407.18 51.64
400.81 43.33
405.24 36.68
410.78 46.65
419.37 34.18
428.79 37.79
431.84 31.41
436.27 35.01
430.73 24.49
427.96 20.61
431.84 13.96
434.61 12.02
435.72 16.45
444.86 11.46
455.94 14.24
451.23 23.10
442.37 26.15
442.37 22.27
456.22 32.80
445.97 40.83
436.55 42.22
427.96 44.71
423.80 58.84
417.98 53.85
424.63 53.02
421.03 45.82
414.38 63.27
413.27 72.69
414.94 84.05
406.90 80.17
415.21 90.70
411.89 107.33
407.46 94.30
404.96 102.89
432.39 102.62
425.19 92.37
427.68 78.79
431.01 72.42
420.20 72.42
440.15 64.66
441.81 74.36
438.21 81.01
437.10 93.75
440.15 102.06
448.18 93.75
454.00 96.80
453.45 71.86
447.35 60.78
456.77 60.23
464.25 72.42
464.53 79.34
467.02 95.69
477.00 90.15
473.12 77.40
480.04 73.25
486.14 72.42
492.79 79.07
484.75 103.72
472.29 103.45
503.87 102.06
521.33 102.89
530.75 104.56
527.14 89.87
515.79 80.73
513.85 85.99
501.66 74.36
501.93 64.66
493.62 59.12
484.48 84.33
478.38 59.40
484.20 58.84
481.43 54.41
468.96 61.33
462.04 53.02
451.23 53.02
441.53 53.85
434.33 53.02
447.63 45.27
458.16 41.39
464.81 33.91
461.48 23.38
464.25 13.40
472.29 16.73
470.35 24.21
468.41 29.20
482.82 33.08
472.56 34.74
490.85 33.91
470.62 48.04
472.29 40.28
493.90 42.77
482.54 45.27
498.05 36.95
506.92 42.77
513.29 52.47
497.78 53.02
489.19 53.30
518.83 48.59
513.29 46.65
535.46 49.42
527.70 63.27
522.99 67.98
535.73 76.30
534.90 72.97
537.67 66.60
517.72 62.17
538.50 89.04
538.50 85.99
532.41 17.28
516.06 19.50
511.91 27.53
502.76 25.32
489.19 24.21
478.11 24.21
490.85 11.46
501.38 14.24
512.74 12.30
506.37 4.26
514.12 4.54
486.69 0.66
478.11 6.20
471.18 5.92
459.27 6.20
458.16 0.11
452.89 9.53
535.46 1.77
538.78 49.14
118.62 58.91
109.76 59.33
544.88 103.86
545.43 80.59
545.43 45.13
2.40 176.04
14.31 174.65
10.43 168.28
10.71 163.01
9.05 156.92
7.39 153.32
7.11 145.28
17.36 156.37
17.64 151.38
16.53 144.45
11.27 138.63
22.35 139.74
34.54 149.16
32.04 151.38
30.11 153.32
30.11 159.97
31.49 168.00
21.79 167.72
42.85 157.20
41.46 149.44
51.16 163.01
40.91 165.79
39.53 161.91
29.55 164.68
60.58 161.08
57.26 152.21
58.64 158.03
70.00 157.20
85.52 154.15
51.72 163.01
107.96 180.19
122.09 194.04
134.28 186.01
129.57 174.93
143.70 159.41
166.97 184.07
171.13 182.69
182.21 187.95
184.70 186.01
187.47 180.47
192.18 177.14
197.45 170.77
201.33 174.93
204.10 188.50
199.66 188.50
193.85 186.29
212.13 186.29
206.31 184.90
214.62 178.53
221.83 175.76
224.32 175.76
225.98 169.94
228.48 166.06
236.24 169.94
238.17 168.00
235.40 184.07
224.32 185.46
222.38 182.69
216.29 187.95
233.74 190.17
243.16 171.60
247.04 168.83
255.91 172.71
254.80 184.07
256.18 189.33
253.97 187.40
249.53 187.40
245.93 185.46
247.87 180.19
264.50 191.27
269.48 187.95
269.76 181.58
268.93 176.59
263.66 179.64
270.31 164.95
271.42 161.08
274.75 158.58
288.32 156.37
291.37 170.77
294.69 177.14
281.67 184.62
285.55 193.77
296.36 195.15
304.39 173.82
303.01 162.18
301.34 170.22
298.85 162.46
238.73 202.91
273.64 201.80
245.38 227.85
204.65 245.58
97.15 251.67
96.88 264.97
67.23 245.85
62.80 222.30
255.08 244.47
252.58 249.46
273.64 235.05
303.56 227.85
301.34 231.17
300.79 241.70
288.88 238.65
291.37 230.62
286.94 231.72
276.96 244.75
265.33 247.79
256.74 255.83
242.33 259.15
229.86 267.19
257.29 267.46
270.87 268.02
291.92 247.24
300.51 262.20
294.42 261.37
268.93 253.89
305.50 249.46
309.93 181.30
309.93 174.65
312.15 166.89
312.98 156.09
307.16 161.08
323.23 158.86
321.01 156.09
329.88 154.15
332.37 149.16
333.76 159.41
339.58 156.92
341.79 151.66
343.73 164.68
351.49 161.91
355.37 154.15
348.44 153.04
350.11 157.20
375.87 151.38
365.34 150.55
361.74 160.80
366.45 165.79
376.70 160.80
371.72 157.20
394.43 153.04
381.41 165.79
390.28 156.92
390.83 165.79
398.04 159.97
407.46 152.21
407.73 158.03
413.00 164.68
403.02 164.95
406.07 179.64
394.71 181.02
375.87 179.08
362.57 181.85
337.64 183.24
324.06 179.92
316.86 188.78
309.10 193.21
319.91 193.21
321.01 196.54
324.89 199.03
332.65 198.48
334.31 188.23
339.58 187.40
280.56 176.04
358.69 189.61
354.26 186.84
358.42 183.79
371.44 185.73
373.38 187.40
371.99 193.21
362.30 204.30
346.78 201.25
349.27 192.66
376.98 206.24
368.39 197.92
385.57 191.00
381.69 198.75
393.60 196.82
390.00 212.05
379.20 215.93
370.61 216.49
363.40 224.24
355.37 219.81
358.42 212.61
351.21 212.61
349.55 210.11
343.46 217.87
334.04 217.32
340.41 221.75
328.77 226.74
321.85 227.57
315.20 226.74
310.76 233.39
324.34 238.93
314.37 243.36
308.27 241.70
308.55 252.23
380.86 228.12
378.92 221.75
374.76 235.60
358.97 233.39
350.66 228.95
342.35 232.56
334.87 229.51
333.21 234.77
351.49 240.31
357.59 246.41
344.01 246.96
342.62 240.59
342.35 251.40
332.37 257.21
327.11 246.96
330.43 260.26
355.65 259.15
365.90 258.88
361.74 252.50
370.88 249.73
387.23 237.82
388.89 248.62
392.22 254.72
396.65 248.35
405.24 236.99
403.58 230.89
403.30 222.30
391.39 226.74
387.51 222.86
394.71 216.21
398.31 204.85
393.05 202.91
403.58 204.57
411.06 194.88
406.35 189.33
393.33 191.55
415.21 202.91
418.26 210.95
419.37 205.68
424.08 212.61
420.20 224.24
411.33 220.09
402.47 214.82
421.86 228.68
423.53 233.11
416.60 228.12
427.13 220.92
436.82 212.33
432.67 210.39
433.78 200.42
437.38 195.43
430.73 185.46
426.30 192.11
425.19 166.06
417.71 159.14
422.42 158.03
432.11 154.43
441.81 158.30
436.82 169.39
445.14 166.62
450.40 163.85
448.74 156.92
463.42 156.92
459.27 163.85
466.19 166.06
468.69 166.06
474.50 156.09
477.27 161.91
485.31 159.97
495.56 156.92
504.15 158.03
504.43 165.23
493.90 163.01
491.68 172.71
502.76 174.65
501.93 182.96
513.01 170.22
511.08 203.74
477.00 184.90
515.79 190.17
506.37 198.48
495.28 194.88
498.88 192.94
486.42 191.27
485.31 199.31
468.13 192.66
460.37 192.94
452.62 183.24
447.35 192.11
456.22 199.03
460.65 210.67
461.21 204.30
451.79 200.97
472.01 208.45
473.12 192.66
510.24 230.89
514.40 243.08
480.32 231.72
484.48 215.93
488.36 219.81
441.26 231.72
432.67 224.24
439.04 220.64
453.45 223.14
453.17 217.32
460.10 218.43
447.08 235.60
432.11 240.59
412.72 239.48
433.50 257.49
430.17 254.17
452.06 258.04
448.74 250.56
454.28 243.08
473.40 258.88
471.73 252.50
484.20 250.56
489.74 246.41
513.85 210.95
507.20 216.76
511.35 219.81
495.84 214.55
478.11 214.82
478.11 226.74
469.52 237.27
477.27 244.19
462.87 238.65
522.43 164.12
528.81 161.08
519.39 161.91
523.54 173.54
532.69 163.85
544.04 168.83
541.55 165.79
535.73 173.82
541.55 223.97
534.07 232.56
527.70 227.57
519.94 223.14
530.75 215.93
522.71 203.74
529.64 204.85
541.00 198.48
536.01 204.85
545.71 209.56
539.89 189.06
523.54 189.61
533.79 197.92
527.14 198.48
538.50 244.19
537.12 256.11
544.04 252.23
545.43 258.32
526.87 260.54
514.68 261.37
535.46 329.39
536.01 345.46
527.14 346.01
516.06 333.27
503.32 319.41
488.36 318.30
497.78 351.55
199.66 344.35
544.88 284.50
518.83 290.04
504.98 281.73
514.95 274.53
508.30 305.56
483.92 350.44
466.75 350.44
445.14 322.74
452.34 312.76
446.80 349.33
429.07 322.74
420.20 324.95
414.66 329.39
406.90 344.90
404.69 322.74
410.78 300.02
394.16 302.79
387.51 312.76
384.18 327.72
387.51 342.13
383.63 349.33
414.66 351.55
367.01 332.71
346.50 340.47
348.72 321.63
321.57 337.70
321.01 300.02
312.70 287.27
321.57 280.62
337.64 275.64
293.86 277.85
289.43 270.65
283.89 291.15
292.75 321.08
476.17 270.65
476.72 280.62
466.19 284.50
452.34 289.49
442.92 276.75
419.09 276.75
406.35 266.77
406.35 256.24
392.50 269.54
371.99 275.64
357.03 270.10
363.68 281.73
383.63 287.27
353.15 285.61
355.92 293.37
363.13 309.44
357.59 316.64
342.62 308.88
334.87 309.99
232.36 332.71
201.88 237.96
343.18 308.88
545.43 271.76
533.79 269.54
545.43 315.53
505.53 252.37
498.33 252.37
506.09 260.12
498.33 258.46
457.88 264.00
430.17 305.56
439.59 301.13
449.57 297.80
473.95 340.47
425.19 395.33
404.69 383.69
378.09 374.82
378.09 399.76
367.01 370.39
343.73 368.73
323.79 362.63
332.65 391.45
308.27 388.68
345.40 413.06
430.73 421.92
446.80 370.39
476.72 396.43
468.96 380.37
499.44 413.06
509.41 415.83
512.74 401.42
522.71 387.57
542.66 388.68
544.88 366.51
521.05 368.17
535.46 512.24
519.94 504.49
455.66 493.96
440.15 496.73
442.92 483.98
360.36 509.47
317.14 466.81
285.00 480.66
4.62 341.02
17.92 358.75
98.82 389.23
85.52 421.92
139.82 456.83
99.37 465.14
86.07 484.54
248.98 472.90
210.75 460.16
219.06 442.43
190.24 453.51
201.88 418.04
173.62 418.04
184.15 424.69
148.13 407.52
152.01 397.54
152.01 373.72
131.51 388.68
170.85 389.79
199.11 399.76
207.42 388.12
197.45 370.39
240.67 387.01
257.29 375.38
286.11 381.47
293.31 373.16
272.81 375.93
269.48 379.26
270.04 364.85
245.10 352.66
248.43 329.94
232.36 338.25
173.07 290.60
188.58 285.06
207.42 294.48
216.84 287.27
232.36 280.62
244.55 283.40
241.22 298.36
230.69 296.69
248.98 297.25
266.16 293.37
258.95 281.73
246.21 275.08
296.63 288.38
278.90 286.72
269.48 313.32
274.47 336.59
262.28 328.83
261.72 321.08
257.29 343.24
292.20 339.36
292.20 355.98
58.92 369.28
138.71 377.04
155.33 362.63
140.93 355.98
136.50 331.60
132.62 316.09
142.04 300.57
128.18 289.49
123.20 298.36
114.33 305.56
103.80 314.43
102.14 334.37
124.86 368.17
62.80 342.13
56.70 312.21
72.77 313.32
88.84 309.44
84.41 324.95
95.49 316.09
74.99 294.48
66.12 296.69
47.28 295.03
49.50 302.79
33.43 317.75
22.35 302.24
27.33 282.84
25.12 292.82
24.01 293.37
14.04 288.94
6.28 297.25
0.74 289.49
9.60 322.18
283.89 408.62
265.60 426.36
254.52 436.33
227.92 426.91
25.12 225.21
166.42 340.47
178.05 335.48
183.59 343.24
183.59 323.85
204.10 308.33
228.48 316.09
534.35 453.23
490.02 441.04
395.82 282.56
523.27 308.05
476.72 305.84
472.29 329.11
