23.16 417.75
16.34 354.44
89.40 349.57
66.99 336.91
44.59 333.01
52.38 311.58
45.56 284.31
74.79 302.82
119.59 380.74
162.45 412.88
184.85 437.23
187.77 373.92
200.44 352.49
215.05 328.14
198.49 338.86
183.88 329.12
160.50 316.45
160.50 340.81
144.92 347.62
147.84 289.18
264.72 333.99
284.20 323.27
342.64 377.82
324.14 361.26
374.79 420.68
341.67 394.38
408.88 371.00
400.11 343.73
412.77 338.86
418.62 323.27
406.93 316.45
391.34 318.40
374.79 325.22
350.44 345.68
15.86 294.30
70.89 283.09
54.82 280.17
84.04 284.56
216.99 290.89
133.71 281.15
123.00 280.66
113.75 259.72
112.29 258.74
275.92 287.48
22.68 276.28
4.17 278.71
46.54 268.48
285.66 305.01
275.92 318.65
53.36 258.26
36.31 254.85
29.98 249.98
23.16 249.98
6.60 258.26
73.32 255.94
188.26 302.70
193.62 278.59
182.42 281.02
218.45 274.45
241.10 282.00
276.41 261.06
259.12 270.31
196.78 267.14
227.46 262.52
169.75 267.63
150.76 269.82
313.91 291.50
313.67 322.42
363.10 294.90
347.03 279.08
327.55 285.16
316.59 281.51
305.63 286.38
305.87 272.75
377.95 272.26
409.36 279.81
383.31 296.61
460.74 294.42
442.97 294.90
430.79 315.36
400.11 289.30
429.57 282.97
240.86 263.86
248.65 258.50
475.60 312.56
475.60 281.88
451.73 273.11
479.01 261.91
468.29 270.68
449.79 260.94
426.41 266.29
401.57 270.68
435.18 358.34
392.81 265.07
326.57 257.77
64.56 233.42
54.82 234.88
46.05 240.24
69.43 240.24
81.12 250.46
158.55 260.69
142.97 253.87
131.77 250.46
182.90 248.52
197.51 250.46
191.18 246.08
223.32 258.26
224.79 249.49
211.64 254.85
210.18 246.08
221.38 244.62
238.42 244.62
244.27 244.62
232.09 253.87
277.87 245.11
299.79 252.90
307.58 262.15
257.42 258.74
364.07 253.39
373.32 258.74
51.78 226.66
58.98 228.01
54.03 223.96
48.64 219.01
45.94 221.71
44.14 223.06
45.94 216.77
40.99 217.67
36.95 218.12
31.10 217.67
54.48 218.56
58.98 221.71
60.77 218.12
65.72 220.36
69.77 218.12
75.16 217.22
72.01 221.26
67.97 225.31
76.51 230.25
72.01 232.95
76.96 223.51
82.35 226.66
81.00 232.95
85.95 227.56
90.00 226.66
90.00 220.81
85.95 219.91
94.04 224.41
98.09 220.81
98.99 228.01
94.49 232.95
89.55 244.64
84.60 242.84
106.18 243.74
101.68 257.68
91.34 263.52
67.97 261.72
65.27 270.26
85.95 273.41
138.10 262.62
122.81 248.68
118.32 245.09
119.22 236.55
111.12 236.10
119.67 230.25
112.92 228.90
106.63 232.50
106.63 226.66
103.93 224.86
107.08 220.81
103.48 231.60
110.67 223.51
114.72 221.26
116.52 225.76
120.56 220.81
123.71 226.66
125.96 221.26
129.11 226.21
127.76 231.15
126.86 236.55
134.05 237.00
139.90 233.40
143.49 228.90
140.35 222.16
137.65 225.76
133.60 221.71
146.19 222.16
147.99 227.11
152.93 224.41
155.18 222.61
154.73 229.35
152.93 234.30
143.49 237.45
152.93 240.14
151.13 245.09
146.19 249.58
156.98 247.79
157.43 241.49
161.47 243.29
165.52 246.44
170.02 241.49
171.81 236.55
169.12 232.50
162.82 232.95
161.02 227.56
165.97 227.11
163.27 223.96
165.52 219.01
169.12 223.06
173.61 224.41
178.11 223.51
175.41 220.36
175.86 228.46
174.06 231.15
178.11 235.65
176.31 246.44
174.51 249.13
183.50 237.45
187.10 233.40
180.80 229.80
184.40 229.80
185.30 224.86
187.55 220.81
189.35 226.21
192.49 222.61
192.04 228.46
195.19 227.56
200.58 225.31
200.58 230.25
192.04 233.85
198.34 238.79
205.08 237.90
208.23 233.85
211.37 232.05
208.68 226.66
204.63 223.96
207.78 222.61
211.37 224.86
213.62 225.76
215.42 227.56
220.81 222.61
219.92 227.56
218.57 224.41
223.96 224.86
163.95 275.21
213.40 237.00
220.59 239.24
223.29 235.20
219.69 232.05
229.58 235.65
230.48 242.39
238.57 238.79
240.82 233.85
235.43 230.25
229.58 228.01
229.58 223.51
232.28 224.41
235.43 228.01
237.67 223.51
240.82 227.11
244.42 223.51
244.87 229.35
248.46 228.01
252.96 226.66
258.80 222.61
252.06 221.26
246.66 222.16
257.45 232.95
253.41 237.90
253.41 245.54
252.51 253.18
265.99 243.29
261.05 235.20
266.89 235.20
265.54 230.70
267.34 226.21
270.94 222.16
272.29 229.35
276.78 230.70
277.68 237.45
272.74 238.35
284.88 234.75
289.37 239.24
293.42 232.50
290.27 227.11
283.98 224.86
279.48 226.66
279.03 223.06
296.56 228.01
297.91 222.16
306.90 223.51
301.51 229.35
299.26 232.05
298.36 237.90
292.97 240.59
306.90 245.99
302.41 239.69
306.90 237.45
308.70 231.60
312.75 235.20
315.45 243.74
314.55 251.83
309.15 241.04
319.49 237.45
322.64 237.00
319.94 228.90
314.55 232.95
311.40 228.01
316.79 225.31
326.68 223.96
323.99 225.76
328.48 230.70
324.44 232.95
328.48 227.56
334.78 223.96
339.27 224.86
337.92 229.35
332.98 233.40
330.73 240.59
332.98 248.68
339.72 244.64
341.52 237.45
343.77 231.60
345.12 226.66
349.16 227.11
348.71 232.05
352.76 227.56
359.05 229.35
354.11 231.15
353.21 237.45
348.71 234.75
344.22 244.19
342.87 255.43
357.70 246.44
327.58 270.71
344.22 265.77
364.90 277.46
356.80 278.80
365.35 266.67
382.88 260.37
374.79 251.83
369.84 242.39
362.65 241.04
355.01 242.39
359.05 237.90
361.30 231.15
356.80 234.30
360.85 225.76
366.69 229.35
369.39 228.90
366.24 234.30
362.65 237.45
369.84 237.45
372.09 234.75
373.89 229.80
380.63 226.66
380.63 234.30
377.93 229.80
389.62 229.80
389.62 234.75
386.92 241.49
392.32 246.89
379.73 245.54
373.89 241.94
400.41 258.13
407.60 260.82
406.25 251.38
404.01 255.43
397.71 251.83
397.71 245.54
394.57 239.69
399.96 232.95
395.91 227.11
394.57 231.15
395.02 233.40
386.47 225.31
391.87 226.21
400.86 226.66
405.36 228.01
405.80 231.60
404.91 233.85
403.56 237.90
406.70 241.94
410.30 235.20
411.65 230.70
411.20 227.11
416.59 227.56
417.49 232.05
413.00 238.79
415.69 240.14
418.39 242.84
416.14 248.24
413.45 245.09
417.04 256.33
422.89 251.38
416.59 269.81
439.97 258.13
429.63 254.98
432.33 247.34
427.83 242.84
424.69 237.00
424.24 232.50
425.14 225.31
430.53 226.21
430.08 230.25
430.08 238.35
435.48 241.49
435.92 236.55
435.92 230.70
441.77 228.46
441.32 235.20
441.32 239.24
440.42 246.44
448.06 241.94
446.26 236.10
445.81 228.46
451.21 228.01
453.91 224.86
458.85 226.21
456.60 229.80
450.76 232.05
452.11 234.30
455.26 232.95
458.40 239.69
454.81 243.74
456.15 253.18
458.85 261.72
463.80 254.08
459.75 248.68
444.02 254.53
436.82 253.63
466.49 227.11
464.70 229.80
462.45 236.10
465.15 239.69
470.99 232.95
473.24 228.46
474.14 235.65
470.09 240.59
471.89 244.19
474.59 239.69
479.08 229.35
474.14 245.54
473.69 252.28
