42.72 434.99
62.20 424.27
120.64 478.82
102.14 462.26
186.88 472.00
178.11 444.73
190.77 439.86
196.62 424.27
184.93 417.45
169.34 419.40
152.79 426.22
128.44 446.68
264.80 472.97
309.60 467.13
422.59 430.12
474.21 451.55
53.92 388.48
63.66 406.01
53.92 419.65
19.10 383.00
54.41 362.06
37.12 371.31
5.46 363.52
91.91 392.50
91.67 423.42
141.10 395.90
125.03 380.08
105.55 386.16
94.59 382.51
83.63 387.38
83.87 373.75
155.95 373.26
187.36 380.81
161.31 397.61
238.74 395.42
220.97 395.90
208.79 416.36
178.11 390.30
207.57 383.97
18.86 364.86
26.65 359.50
345.64 390.18
313.99 401.38
277.95 420.86
327.62 433.53
362.69 422.81
253.60 413.56
277.46 403.33
271.62 381.90
287.69 383.36
311.55 379.95
306.68 369.73
253.60 382.88
229.73 374.11
344.67 371.68
349.54 363.88
341.75 363.88
294.99 359.01
257.01 362.91
262.85 362.91
246.29 371.68
227.79 361.94
204.41 367.29
179.57 371.68
362.20 383.36
213.18 459.34
470.81 409.42
459.60 407.47
459.12 427.93
445.48 425.49
425.51 409.42
438.18 401.63
451.81 390.43
462.04 382.63
471.78 387.99
477.62 393.35
414.31 389.45
399.21 401.63
390.45 383.61
375.84 404.06
421.13 374.84
398.24 376.30
372.43 368.02
448.40 369.48
447.92 377.28
432.82 370.46
317.40 368.02
299.38 388.96
324.70 396.76
409.93 385.56
170.81 366.07
104.57 358.77
413.34 364.61
1.32 359.26
2.79 350.49
16.42 345.62
22.27 345.62
10.09 354.87
55.87 346.11
77.79 353.90
85.58 363.15
35.42 359.74
142.07 354.39
151.32 359.74
1.96 325.86
1.29 336.20
7.58 336.65
8.48 343.39
16.57 339.79
18.82 334.85
13.43 331.25
7.58 329.01
7.58 324.51
10.28 325.41
13.43 329.01
15.67 324.51
18.82 328.11
22.42 324.51
22.87 330.35
26.46 329.01
30.96 327.66
36.80 323.61
30.06 322.26
24.66 323.16
35.45 333.95
31.41 338.90
31.41 346.54
30.51 354.18
43.99 344.29
39.05 336.20
44.89 336.20
43.54 331.70
45.34 327.21
48.94 323.16
50.29 330.35
54.78 331.70
55.68 338.45
50.74 339.35
62.88 335.75
67.37 340.24
71.42 333.50
68.27 328.11
61.98 325.86
57.48 327.66
57.03 324.06
74.56 329.01
75.91 323.16
84.90 324.51
79.51 330.35
77.26 333.05
76.36 338.90
70.97 341.59
84.90 346.99
80.41 340.69
84.90 338.45
86.70 332.60
90.75 336.20
93.45 344.74
92.55 352.83
87.15 342.04
97.49 338.45
100.64 338.00
97.94 329.90
92.55 333.95
89.40 329.01
94.79 326.31
104.68 324.96
101.99 326.76
106.48 331.70
102.44 333.95
106.48 328.56
112.78 324.96
117.27 325.86
115.92 330.35
110.98 334.40
108.73 341.59
110.98 349.68
117.72 345.64
119.52 338.45
121.77 332.60
123.12 327.66
127.16 328.11
126.71 333.05
130.76 328.56
137.05 330.35
132.11 332.15
131.21 338.45
126.71 335.75
122.22 345.19
120.87 356.43
135.70 347.44
105.58 371.71
122.22 366.77
142.90 378.46
134.80 379.80
143.35 367.67
160.88 361.37
152.79 352.83
147.84 343.39
140.65 342.04
133.01 343.39
137.05 338.90
139.30 332.15
134.80 335.30
138.85 326.76
144.69 330.35
147.39 329.90
144.24 335.30
140.65 338.45
147.84 338.45
150.09 335.75
151.89 330.80
158.63 327.66
158.63 335.30
155.93 330.80
167.62 330.80
167.62 335.75
164.92 342.49
170.32 347.89
157.73 346.54
151.89 342.94
178.41 359.13
185.60 361.82
184.25 352.38
182.01 356.43
175.71 352.83
175.71 346.54
172.57 340.69
177.96 333.95
173.91 328.11
172.57 332.15
173.02 334.40
164.47 326.31
169.87 327.21
178.86 327.66
183.36 329.01
183.80 332.60
182.91 334.85
181.56 338.90
184.70 342.94
188.30 336.20
189.65 331.70
189.20 328.11
194.59 328.56
195.49 333.05
191.00 339.79
193.69 341.14
196.39 343.84
194.14 349.24
191.45 346.09
195.04 357.33
200.89 352.38
194.59 370.81
217.97 359.13
207.63 355.98
210.33 348.34
205.83 343.84
202.69 338.00
202.24 333.50
203.14 326.31
208.53 327.21
208.08 331.25
208.08 339.35
213.48 342.49
213.92 337.55
213.92 331.70
219.77 329.46
219.32 336.20
219.32 340.24
218.42 347.44
226.06 342.94
224.26 337.10
223.81 329.46
229.21 329.01
231.91 325.86
236.85 327.21
234.60 330.80
228.76 333.05
230.11 335.30
233.26 333.95
236.40 340.69
232.81 344.74
234.15 354.18
236.85 362.72
241.80 355.08
237.75 349.68
222.02 355.53
214.82 354.63
244.49 328.11
242.70 330.80
240.45 337.10
243.15 340.69
248.99 333.95
251.24 329.46
252.14 336.65
248.09 341.59
249.89 345.19
252.59 340.69
258.43 338.45
257.08 330.35
262.93 330.35
261.13 335.30
261.13 340.69
266.07 338.00
266.97 331.70
269.22 341.14
262.48 346.99
252.14 346.54
251.69 353.28
259.78 355.08
268.32 358.68
272.82 363.17
276.86 351.93
270.57 350.13
277.76 345.19
279.56 340.24
272.82 335.30
277.31 331.70
275.06 337.55
280.46 336.65
283.60 330.35
290.80 331.25
288.55 335.75
284.05 342.04
284.95 350.13
292.15 344.74
293.50 339.35
297.54 335.75
295.29 331.70
302.94 334.40
308.78 334.40
303.39 340.24
298.89 343.84
297.09 349.68
292.60 352.38
284.95 352.38
284.95 358.68
284.05 367.22
291.25 369.02
301.14 360.92
304.73 351.93
304.73 344.74
309.68 341.59
309.68 346.09
310.58 354.63
314.17 351.48
316.42 344.29
318.67 339.79
318.67 335.75
314.62 337.55
324.96 335.75
324.51 341.14
330.36 334.85
334.40 336.65
329.46 341.59
329.91 337.55
333.06 343.84
327.66 348.79
318.67 348.79
321.82 357.33
329.46 360.92
325.41 370.36
324.51 385.20
333.95 387.45
328.11 377.11
337.55 356.43
333.95 351.93
338.45 348.34
342.95 343.39
339.80 335.30
339.80 342.94
342.95 337.10
348.34 334.85
354.18 334.85
351.94 338.90
348.79 344.74
343.84 351.03
345.64 355.53
354.18 354.18
351.49 349.68
347.89 347.89
356.88 345.64
358.68 339.79
362.73 335.75
368.57 335.75
367.22 342.94
364.07 346.54
355.98 355.53
361.83 355.08
365.87 351.03
367.67 348.34
373.96 344.29
377.11 339.35
377.11 336.20
373.07 337.55
384.30 339.35
382.06 342.04
377.56 345.64
374.41 351.48
371.27 355.98
368.57 378.01
382.96 364.97
381.16 359.13
385.20 352.83
390.15 348.34
392.85 343.39
392.85 338.90
400.94 342.04
404.98 343.84
402.74 348.79
400.49 355.53
395.09 356.43
395.99 351.03
389.25 354.18
384.75 348.79
378.46 353.73
394.19 365.87
406.33 373.51
465.67 368.12
458.93 363.62
