9.40 375.57
39.59 406.74
82.45 438.88
104.85 463.23
107.77 399.92
120.44 378.49
135.05 354.14
118.49 364.86
103.88 355.12
80.50 342.45
80.50 366.81
64.92 373.62
67.84 315.18
184.72 359.99
204.20 349.27
262.64 403.82
244.14 387.26
294.79 446.68
261.67 420.38
328.88 397.00
320.11 369.73
332.77 364.86
338.62 349.27
326.93 342.45
311.34 344.40
294.79 351.22
270.44 371.68
406.80 397.97
451.60 392.13
475.95 427.19
4.04 310.56
136.99 316.89
53.71 307.15
43.00 306.66
33.75 285.72
32.29 284.74
195.92 313.48
205.66 331.01
195.92 344.65
108.26 328.70
113.62 304.59
102.42 307.02
138.45 300.45
161.10 308.00
196.41 287.06
179.12 296.31
116.78 293.14
147.46 288.52
89.75 293.63
70.76 295.82
233.91 317.50
233.67 348.42
283.10 320.90
267.03 305.08
247.55 311.16
236.59 307.51
225.63 312.38
225.87 298.75
297.95 298.26
329.36 305.81
303.31 322.61
380.74 320.42
362.97 320.90
350.79 341.36
320.11 315.30
349.57 308.97
160.86 289.86
168.65 284.50
455.99 326.38
419.95 345.86
469.62 358.53
395.60 338.56
419.46 328.33
413.62 306.90
429.69 308.36
453.55 304.95
448.68 294.73
395.60 307.88
371.73 299.11
436.99 284.01
399.01 287.91
404.85 287.91
388.29 296.68
369.79 286.94
346.41 292.29
321.57 296.68
355.18 384.34
459.40 293.02
441.38 313.96
466.70 321.76
312.81 291.07
246.57 283.77
1.12 276.46
78.55 286.69
62.97 279.87
51.77 276.46
102.90 274.52
117.51 276.46
111.18 272.08
143.32 284.26
144.79 275.49
131.64 280.85
130.18 272.08
141.38 270.62
158.42 270.62
164.27 270.62
152.09 279.87
197.87 271.11
219.79 278.90
227.58 288.15
177.42 284.74
284.07 279.39
293.32 284.74
2.35 252.66
1.00 258.95
5.95 253.56
10.00 252.66
10.00 246.81
5.95 245.91
14.04 250.41
18.09 246.81
18.99 254.01
14.49 258.95
9.55 270.64
4.60 268.84
26.18 269.74
21.68 283.68
11.34 289.52
5.95 299.41
58.10 288.62
42.81 274.68
38.32 271.09
39.22 262.55
31.12 262.10
39.67 256.25
32.92 254.90
26.63 258.50
26.63 252.66
23.93 250.86
27.08 246.81
23.48 257.60
30.67 249.51
34.72 247.26
36.52 251.76
40.56 246.81
43.71 252.66
45.96 247.26
49.11 252.21
47.76 257.15
46.86 262.55
54.05 263.00
59.90 259.40
63.49 254.90
60.35 248.16
57.65 251.76
53.60 247.71
66.19 248.16
67.99 253.11
72.93 250.41
75.18 248.61
74.73 255.35
72.93 260.30
63.49 263.45
72.93 266.14
71.13 271.09
66.19 275.58
76.98 273.79
77.43 267.49
81.47 269.29
85.52 272.44
90.02 267.49
91.81 262.55
89.12 258.50
82.82 258.95
81.02 253.56
85.97 253.11
83.27 249.96
85.52 245.01
89.12 249.06
93.61 250.41
98.11 249.51
95.41 246.36
95.86 254.46
94.06 257.15
98.11 261.65
96.31 272.44
94.51 275.13
103.50 263.45
107.10 259.40
100.80 255.80
104.40 255.80
105.30 250.86
107.55 246.81
109.35 252.21
112.49 248.61
112.04 254.46
115.19 253.56
120.58 251.31
120.58 256.25
112.04 259.85
118.34 264.79
125.08 263.90
128.23 259.85
131.37 258.05
128.68 252.66
124.63 249.96
127.78 248.61
131.37 250.86
133.62 251.76
135.42 253.56
140.81 248.61
139.92 253.56
138.57 250.41
143.96 250.86
83.95 301.21
133.40 263.00
140.59 265.24
143.29 261.20
139.69 258.05
149.58 261.65
150.48 268.39
158.57 264.79
160.82 259.85
155.43 256.25
149.58 254.01
149.58 249.51
152.28 250.41
155.43 254.01
157.67 249.51
160.82 253.11
164.42 249.51
164.87 255.35
168.46 254.01
172.96 252.66
178.80 248.61
172.06 247.26
166.66 248.16
177.45 258.95
173.41 263.90
173.41 271.54
172.51 279.18
185.99 269.29
181.05 261.20
186.89 261.20
185.54 256.70
187.34 252.21
190.94 248.16
192.29 255.35
196.78 256.70
197.68 263.45
192.74 264.35
204.88 260.75
209.37 265.24
213.42 258.50
210.27 253.11
203.98 250.86
199.48 252.66
199.03 249.06
216.56 254.01
217.91 248.16
226.90 249.51
221.51 255.35
219.26 258.05
218.36 263.90
212.97 266.59
226.90 271.99
222.41 265.69
226.90 263.45
228.70 257.60
232.75 261.20
235.45 269.74
234.55 277.83
229.15 267.04
239.49 263.45
242.64 263.00
239.94 254.90
234.55 258.95
231.40 254.01
236.79 251.31
246.68 249.96
243.99 251.76
248.48 256.70
244.44 258.95
248.48 253.56
254.78 249.96
259.27 250.86
257.92 255.35
252.98 259.40
250.73 266.59
252.98 274.68
259.72 270.64
261.52 263.45
263.77 257.60
265.12 252.66
269.16 253.11
268.71 258.05
272.76 253.56
279.05 255.35
274.11 257.15
273.21 263.45
268.71 260.75
264.22 270.19
262.87 281.43
277.70 272.44
247.58 296.71
264.22 291.77
284.90 303.46
276.80 304.80
285.35 292.67
302.88 286.37
294.79 277.83
289.84 268.39
282.65 267.04
275.01 268.39
279.05 263.90
281.30 257.15
276.80 260.30
280.85 251.76
286.69 255.35
289.39 254.90
286.24 260.30
282.65 263.45
289.84 263.45
292.09 260.75
293.89 255.80
300.63 252.66
300.63 260.30
297.93 255.80
309.62 255.80
309.62 260.75
306.92 267.49
312.32 272.89
299.73 271.54
293.89 267.94
320.41 284.13
327.60 286.82
326.25 277.38
324.01 281.43
317.71 277.83
317.71 271.54
314.57 265.69
319.96 258.95
315.91 253.11
314.57 257.15
315.02 259.40
306.47 251.31
311.87 252.21
320.86 252.66
325.36 254.01
325.80 257.60
324.91 259.85
323.56 263.90
326.70 267.94
330.30 261.20
331.65 256.70
331.20 253.11
336.59 253.56
337.49 258.05
333.00 264.79
335.69 266.14
338.39 268.84
336.14 274.24
333.45 271.09
337.04 282.33
342.89 277.38
336.59 295.81
359.97 284.13
349.63 280.98
352.33 273.34
347.83 268.84
344.69 263.00
344.24 258.50
345.14 251.31
350.53 252.21
350.08 256.25
350.08 264.35
355.48 267.49
355.92 262.55
355.92 256.70
361.77 254.46
361.32 261.20
361.32 265.24
360.42 272.44
368.06 267.94
366.26 262.10
365.81 254.46
371.21 254.01
373.91 250.86
378.85 252.21
376.60 255.80
370.76 258.05
372.11 260.30
375.26 258.95
378.40 265.69
374.81 269.74
376.15 279.18
378.85 287.72
383.80 280.08
379.75 274.68
364.02 280.53
356.82 279.63
386.49 253.11
384.70 255.80
382.45 262.10
385.15 265.69
390.99 258.95
393.24 254.46
394.14 261.65
390.09 266.59
391.89 270.19
394.59 265.69
400.43 263.45
399.08 255.35
404.93 255.35
403.13 260.30
403.13 265.69
408.07 263.00
408.97 256.70
411.22 266.14
404.48 271.99
394.14 271.54
393.69 278.28
401.78 280.08
410.32 283.68
414.82 288.17
418.86 276.93
412.57 275.13
419.76 270.19
421.56 265.24
414.82 260.30
419.31 256.70
417.06 262.55
422.46 261.65
425.60 255.35
432.80 256.25
430.55 260.75
426.05 267.04
426.95 275.13
434.15 269.74
435.50 264.35
439.54 260.75
437.29 256.70
444.94 259.40
450.78 259.40
445.39 265.24
440.89 268.84
439.09 274.68
434.60 277.38
426.95 277.38
426.95 283.68
426.05 292.22
433.25 294.02
443.14 285.92
446.73 276.93
446.73 269.74
451.68 266.59
451.68 271.09
452.58 279.63
456.17 276.48
458.42 269.29
460.67 264.79
460.67 260.75
456.62 262.55
466.96 260.75
466.51 266.14
472.36 259.85
476.40 261.65
471.46 266.59
471.91 262.55
475.06 268.84
469.66 273.79
460.67 273.79
463.82 282.33
471.46 285.92
467.41 295.36
466.51 310.20
475.95 312.45
470.11 302.11
479.55 281.43
475.95 276.93
