1.88 464.70
1.40 454.96
28.67 451.07
21.36 442.79
38.90 433.54
34.03 428.18
25.26 421.36
16.01 411.62
26.23 411.62
48.64 412.59
63.25 414.54
39.87 391.65
44.25 385.32
68.60 398.96
74.94 395.55
78.83 400.91
88.08 397.98
93.44 405.78
65.68 390.68
47.66 360.00
45.71 371.20
70.55 366.81
80.78 379.48
92.95 369.25
108.05 370.71
89.55 359.02
77.37 357.56
103.18 350.74
120.23 353.18
115.36 345.39
61.62 315.19
68.93 297.17
78.18 305.45
81.59 280.61
94.74 297.17
99.61 285.97
109.84 314.22
110.81 306.43
151.72 341.49
145.39 335.16
131.27 329.31
157.08 336.62
157.08 326.39
144.42 326.39
143.93 318.11
161.95 333.21
160.49 316.65
134.68 307.89
118.12 303.02
106.43 303.50
110.81 285.48
122.99 285.48
141.98 302.04
155.13 287.43
132.24 295.71
100.58 277.20
102.53 271.36
95.71 266.98
135.16 270.39
155.13 259.19
168.77 274.28
167.79 283.05
184.35 283.54
197.50 286.46
186.79 272.82
180.45 259.19
152.69 245.55
136.14 253.83
123.47 259.19
113.73 252.37
103.51 241.17
112.27 237.76
135.16 242.14
130.29 231.91
113.25 229.96
113.73 222.66
125.42 224.12
135.65 215.84
121.04 231.91
192.14 279.64
178.99 231.91
228.18 270.39
223.31 252.85
230.62 248.96
265.19 231.91
248.15 234.35
252.05 226.56
249.61 228.99
234.03 232.89
227.21 231.91
212.11 230.94
199.45 230.94
193.12 224.12
187.27 215.35
178.99 225.09
175.10 221.69
156.59 221.69
157.56 212.43
148.80 211.94
227.21 221.69
209.68 199.77
197.50 194.90
185.81 202.20
125.91 203.18
140.52 199.77
144.42 191.49
134.19 181.75
87.44 151.07
125.91 163.73
131.27 164.70
135.16 173.96
144.90 170.55
157.08 172.50
156.10 164.70
165.84 162.27
159.03 147.17
155.13 138.89
166.33 174.93
168.77 172.50
144.42 179.80
265.68 217.30
257.89 215.35
260.81 204.15
237.92 200.26
257.89 194.90
277.86 191.49
272.99 183.21
260.32 188.08
257.40 176.39
252.05 162.27
241.33 171.04
233.05 180.29
213.57 184.67
225.75 169.09
222.82 169.09
234.51 160.81
228.18 162.27
222.34 160.32
216.49 143.76
216.98 153.02
201.40 168.11
192.14 153.99
202.86 140.84
195.06 147.17
174.12 141.81
178.51 134.02
173.15 128.67
167.31 111.13
160.00 107.72
197.99 122.82
189.71 119.90
188.73 131.83
181.92 138.65
163.41 128.91
168.28 122.09
175.10 176.64
291.49 168.11
300.75 157.89
310.00 151.56
307.08 179.80
304.64 171.52
298.80 179.80
306.10 192.95
298.80 192.95
313.90 202.20
328.99 192.95
328.02 203.18
331.92 213.41
340.19 215.84
362.60 210.48
352.86 200.26
342.63 191.00
345.55 184.67
350.42 179.80
358.21 181.75
362.11 181.26
363.57 178.34
366.01 189.54
374.29 207.56
381.59 206.59
403.02 212.43
397.18 211.46
388.90 199.77
417.63 199.77
408.86 189.54
399.12 185.16
375.75 181.75
385.97 172.01
404.97 162.76
396.69 168.11
413.25 159.35
419.09 189.54
416.66 183.21
436.62 196.36
431.75 183.21
427.37 171.52
439.55 178.34
434.68 183.21
435.65 186.62
448.31 179.80
435.16 157.89
447.34 148.15
459.51 159.35
463.41 166.17
464.87 153.02
467.79 151.07
467.79 140.35
479.97 153.99
477.53 182.24
467.79 181.26
473.15 169.57
473.15 157.89
249.61 146.69
279.81 122.33
292.95 120.39
308.54 111.13
292.95 108.21
296.36 100.91
303.67 90.68
272.50 105.78
280.29 110.16
285.65 103.34
291.01 97.50
274.94 94.09
239.38 106.75
233.54 99.93
216.01 91.65
208.70 91.65
211.14 72.66
218.44 69.74
222.34 65.84
238.90 73.63
235.49 63.89
241.82 58.54
199.94 71.20
205.29 63.89
195.06 62.43
191.66 62.43
189.22 53.67
189.71 39.54
200.42 50.26
201.40 41.98
212.60 48.80
211.62 43.44
208.21 59.02
208.21 51.72
205.78 54.15
216.01 24.44
227.21 27.85
228.18 24.44
241.82 26.88
252.53 28.34
251.56 22.01
250.58 44.90
234.51 41.98
232.08 45.39
253.51 43.93
270.06 21.04
262.76 17.63
288.57 22.50
292.95 24.93
276.88 36.13
279.81 43.44
267.14 37.11
274.94 25.91
273.96 19.09
292.47 48.80
296.36 40.52
296.36 43.44
293.93 33.70
300.26 37.11
305.62 38.57
310.49 25.42
298.31 66.33
292.95 62.43
280.78 60.48
278.34 82.89
274.45 82.89
263.25 84.35
259.35 52.69
262.76 48.31
314.38 75.09
297.82 80.45
321.20 52.69
326.07 43.44
322.18 43.44
325.10 31.26
329.48 24.44
320.23 22.01
342.63 29.80
349.45 32.72
355.29 33.70
351.40 38.08
371.85 39.54
376.72 52.20
365.52 63.89
351.40 65.84
345.06 56.10
328.99 58.54
333.38 49.28
346.53 50.26
360.16 55.13
387.92 62.92
390.36 55.61
397.66 55.61
394.74 60.97
408.38 81.91
395.71 80.45
394.25 87.27
390.84 91.17
400.58 90.68
382.56 106.75
377.69 111.62
372.34 100.91
368.44 112.11
366.01 105.29
362.11 100.91
374.29 79.48
345.06 78.02
326.07 79.48
359.19 113.57
351.40 112.59
353.34 103.34
343.12 106.75
338.73 107.72
327.53 97.50
331.92 106.75
334.35 95.55
332.40 91.17
348.96 93.11
359.68 96.52
360.65 92.14
64.55 4.48
400.58 5.94
469.74 0.58
473.15 9.35
463.90 11.78
450.26 23.47
467.79 24.93
455.13 36.13
467.31 31.75
476.56 22.98
