1.35 280.54
14.50 283.46
3.79 269.82
9.14 276.64
45.18 267.39
40.31 249.85
47.62 245.96
82.19 228.91
65.15 231.35
69.05 223.56
66.61 225.99
51.03 229.89
44.21 228.91
29.11 227.94
16.45 227.94
10.12 221.12
4.27 212.35
44.21 218.69
26.68 196.77
14.50 191.90
2.81 199.20
82.68 214.30
74.89 212.35
77.81 201.15
54.92 197.26
74.89 191.90
94.86 188.49
89.99 180.21
77.32 185.08
74.40 173.39
69.05 159.27
58.33 168.04
50.05 177.29
30.57 181.67
42.75 166.09
39.82 166.09
51.51 157.81
45.18 159.27
39.34 157.32
33.49 140.76
33.98 150.02
18.40 165.11
9.14 150.99
19.86 137.84
12.06 144.17
14.99 119.82
6.71 116.90
5.73 128.83
108.49 165.11
117.75 154.89
127.00 148.56
124.08 176.80
121.64 168.52
115.80 176.80
123.10 189.95
115.80 189.95
130.90 199.20
145.99 189.95
145.02 200.18
148.92 210.41
157.19 212.84
179.60 207.48
169.86 197.26
159.63 188.00
162.55 181.67
167.42 176.80
175.21 178.75
179.11 178.26
180.57 175.34
183.01 186.54
191.29 204.56
198.59 203.59
220.02 209.43
214.18 208.46
205.90 196.77
234.63 196.77
225.86 186.54
216.12 182.16
192.75 178.75
202.97 169.01
221.97 159.76
213.69 165.11
230.25 156.35
236.09 186.54
233.66 180.21
253.62 193.36
248.75 180.21
244.37 168.52
256.55 175.34
251.68 180.21
252.65 183.62
265.31 176.80
252.16 154.89
264.34 145.15
276.51 156.35
280.41 163.17
281.87 150.02
284.79 148.07
284.79 137.35
296.97 150.99
301.84 145.63
312.06 148.07
307.19 182.16
294.53 179.24
284.79 178.26
290.15 166.57
290.15 154.89
339.34 168.52
66.61 143.69
96.81 119.33
109.95 117.39
125.54 108.13
109.95 105.21
113.36 97.91
120.67 87.68
89.50 102.78
97.29 107.16
102.65 100.34
108.01 94.50
91.94 91.09
56.38 103.75
50.54 96.93
33.01 88.65
25.70 88.65
28.14 69.66
35.44 66.74
39.34 62.84
55.90 70.63
52.49 60.89
58.82 55.54
16.94 68.20
22.29 60.89
12.06 59.43
8.66 59.43
6.22 50.67
6.71 36.54
17.42 47.26
18.40 38.98
29.60 45.80
28.62 40.44
25.21 56.02
25.21 48.72
22.78 51.15
33.01 21.44
44.21 24.85
45.18 21.44
58.82 23.88
69.53 25.34
68.56 19.01
67.58 41.90
51.51 38.98
49.08 42.39
70.51 40.93
87.06 18.04
79.76 14.63
105.57 19.50
109.95 21.93
93.88 33.13
96.81 40.44
84.14 34.11
91.94 22.91
90.96 16.09
109.47 45.80
113.36 37.52
113.36 40.44
110.93 30.70
117.26 34.11
122.62 35.57
127.49 22.42
115.31 63.33
109.95 59.43
97.78 57.48
95.34 79.89
91.45 79.89
80.25 81.35
76.35 49.69
79.76 45.31
131.38 72.09
114.82 77.45
138.20 49.69
143.07 40.44
139.18 40.44
142.10 28.26
146.48 21.44
137.23 19.01
159.63 26.80
166.45 29.72
172.29 30.70
168.40 35.08
188.85 36.54
193.72 49.20
182.52 60.89
168.40 62.84
162.06 53.10
145.99 55.54
150.38 46.28
163.53 47.26
177.16 52.13
204.92 59.92
207.36 52.61
214.66 52.61
211.74 57.97
225.38 78.91
212.71 77.45
211.25 84.27
207.84 88.17
217.58 87.68
199.56 103.75
194.69 108.62
189.34 97.91
185.44 109.11
183.01 102.29
179.11 97.91
191.29 76.48
162.06 75.02
143.07 76.48
176.19 110.57
168.40 109.59
170.34 100.34
160.12 103.75
155.73 104.72
144.53 94.50
148.92 103.75
151.35 92.55
149.40 88.17
165.96 90.11
176.68 93.52
177.65 89.14
217.58 2.94
290.15 6.35
280.90 8.78
267.26 20.47
284.79 21.93
272.13 33.13
284.31 28.75
293.56 19.98
302.81 19.98
306.71 19.98
299.40 5.37
324.24 19.98
322.78 28.75
320.34 23.88
319.37 28.75
317.42 38.98
342.26 30.70
336.90 28.26
360.28 50.67
320.83 61.38
313.04 62.84
317.91 56.02
318.40 48.23
326.68 60.41
369.05 67.22
385.12 66.25
399.24 89.14
412.39 91.57
400.70 105.70
390.96 111.54
391.94 124.20
381.22 121.77
381.22 112.03
385.60 89.14
369.53 101.31
362.71 86.70
354.92 83.30
352.97 94.50
360.28 103.75
360.77 112.03
360.77 127.61
364.18 138.81
375.38 132.97
374.40 144.66
345.67 122.74
348.10 110.08
339.82 119.33
339.82 110.08
333.01 111.54
324.24 105.21
335.93 96.44
329.11 91.57
333.01 87.68
320.34 82.32
306.71 112.03
313.53 125.18
319.86 94.50
