140.87 472.65
145.25 466.32
169.60 479.96
175.94 476.55
189.08 478.98
166.68 471.68
148.66 441.00
146.71 452.20
171.55 447.81
181.78 460.48
193.95 450.25
209.05 451.71
190.55 440.02
178.37 438.56
204.18 431.74
221.23 434.18
216.36 426.39
162.62 396.19
169.93 378.17
179.18 386.45
182.59 361.61
195.74 378.17
200.61 366.97
210.84 395.22
211.81 387.43
252.72 422.49
246.39 416.16
232.27 410.31
258.08 417.62
258.08 407.39
245.42 407.39
244.93 399.11
262.95 414.21
261.49 397.65
235.68 388.89
219.12 384.02
207.43 384.50
211.81 366.48
223.99 366.48
242.98 383.04
256.13 368.43
233.24 376.71
201.58 358.20
203.53 352.36
196.71 347.98
236.16 351.39
256.13 340.19
269.77 355.28
268.79 364.05
285.35 364.54
298.50 367.46
287.79 353.82
281.45 340.19
253.69 326.55
237.14 334.83
224.47 340.19
214.73 333.37
204.51 322.17
213.27 318.76
236.16 323.14
231.29 312.91
214.25 310.96
214.73 303.66
226.42 305.12
236.65 296.84
222.04 312.91
293.14 360.64
279.99 312.91
329.18 351.39
324.31 333.85
331.62 329.96
366.19 312.91
349.15 315.35
353.05 307.56
350.61 309.99
335.03 313.89
328.21 312.91
313.11 311.94
300.45 311.94
294.12 305.12
288.27 296.35
279.99 306.09
276.10 302.69
257.59 302.69
258.56 293.43
249.80 292.94
328.21 302.69
310.68 280.77
298.50 275.90
286.81 283.20
226.91 284.18
241.52 280.77
245.42 272.49
235.19 262.75
188.44 232.07
226.91 244.73
232.27 245.70
236.16 254.96
245.90 251.55
258.08 253.50
257.10 245.70
266.84 243.27
260.03 228.17
256.13 219.89
267.33 255.93
269.77 253.50
245.42 260.80
366.68 298.30
358.89 296.35
361.81 285.15
338.92 281.26
358.89 275.90
378.86 272.49
373.99 264.21
361.32 269.08
358.40 257.39
353.05 243.27
342.33 252.04
334.05 261.29
314.57 265.67
326.75 250.09
323.82 250.09
335.51 241.81
329.18 243.27
323.34 241.32
317.49 224.76
317.98 234.02
302.40 249.11
293.14 234.99
303.86 221.84
296.06 228.17
275.12 222.81
279.51 215.02
274.15 209.67
268.31 192.13
261.00 188.72
298.99 203.82
290.71 200.90
289.73 212.83
282.92 219.65
264.41 209.91
269.28 203.09
276.10 257.64
392.49 249.11
401.75 238.89
411.00 232.56
408.08 260.80
405.64 252.52
399.80 260.80
407.10 273.95
399.80 273.95
414.90 283.20
429.99 273.95
429.02 284.18
432.92 294.41
441.19 296.84
463.60 291.48
453.86 281.26
443.63 272.00
446.55 265.67
451.42 260.80
459.21 262.75
463.11 262.26
464.57 259.34
467.01 270.54
475.29 288.56
476.75 262.75
350.61 227.69
380.81 203.33
393.95 201.39
409.54 192.13
393.95 189.21
397.36 181.91
404.67 171.68
373.50 186.78
381.29 191.16
386.65 184.34
392.01 178.50
375.94 175.09
340.38 187.75
334.54 180.93
317.01 172.65
309.70 172.65
312.14 153.66
319.44 150.74
323.34 146.84
339.90 154.63
336.49 144.89
342.82 139.54
300.94 152.20
306.29 144.89
296.06 143.43
292.66 143.43
290.22 134.67
290.71 120.54
301.42 131.26
302.40 122.98
313.60 129.80
312.62 124.44
309.21 140.02
309.21 132.72
306.78 135.15
317.01 105.44
328.21 108.85
329.18 105.44
342.82 107.88
353.53 109.34
352.56 103.01
351.58 125.90
335.51 122.98
333.08 126.39
354.51 124.93
371.06 102.04
363.76 98.63
389.57 103.50
393.95 105.93
377.88 117.13
380.81 124.44
368.14 118.11
375.94 106.91
374.96 100.09
393.47 129.80
397.36 121.52
397.36 124.44
394.93 114.70
401.26 118.11
406.62 119.57
411.49 106.42
399.31 147.33
393.95 143.43
381.78 141.48
379.34 163.89
375.45 163.89
364.25 165.35
360.35 133.69
363.76 129.31
415.38 156.09
398.82 161.45
422.20 133.69
427.07 124.44
423.18 124.44
426.10 112.26
430.48 105.44
421.23 103.01
443.63 110.80
450.45 113.72
456.29 114.70
452.40 119.08
472.85 120.54
477.72 133.20
466.52 144.89
452.40 146.84
446.06 137.10
429.99 139.54
434.38 130.28
447.53 131.26
461.16 136.13
478.69 192.62
473.34 181.91
469.44 193.11
467.01 186.29
463.11 181.91
475.29 160.48
446.06 159.02
427.07 160.48
460.19 194.57
452.40 193.59
454.34 184.34
444.12 187.75
439.73 188.72
428.53 178.50
432.92 187.75
435.35 176.55
433.40 172.17
449.96 174.11
460.68 177.52
461.65 173.14
165.55 85.48
189.90 73.30
198.18 71.35
204.02 72.33
208.40 71.35
216.19 63.56
221.55 66.97
242.01 71.35
244.93 62.10
276.58 60.15
289.25 54.80
293.63 50.90
311.65 58.69
304.83 54.31
306.78 48.46
312.62 47.98
320.90 47.49
322.36 61.13
333.56 46.52
330.64 42.62
340.38 58.69
347.69 57.72
342.82 56.74
347.69 50.90
344.77 44.08
352.07 48.95
358.89 56.74
370.09 54.31
382.75 50.90
387.62 62.59
394.44 63.56
396.88 52.36
404.18 62.59
404.18 56.26
410.51 55.28
416.36 57.72
417.82 51.39
421.23 68.92
425.61 71.35
423.66 55.28
428.05 46.52
433.40 47.49
439.25 48.46
435.84 54.31
448.50 66.48
445.09 63.56
442.17 71.35
456.78 66.48
463.11 69.41
463.60 55.28
471.39 59.18
473.82 66.00
479.18 80.61
468.95 66.97
