695.93 572.01
664.76 581.75
670.12 564.70
670.60 554.96
680.34 540.84
643.33 551.07
650.64 542.79
633.10 533.54
637.97 528.18
646.74 521.36
655.99 511.62
645.77 511.62
623.36 512.59
608.75 514.54
632.13 491.65
627.75 485.32
603.40 498.96
597.06 495.55
593.17 500.91
583.92 497.98
578.56 505.78
606.32 490.68
624.34 460.00
626.29 471.20
601.45 466.81
591.22 479.48
579.05 469.25
563.95 470.71
582.45 459.02
594.63 457.56
568.82 450.74
551.77 453.18
556.64 445.39
610.38 415.19
603.07 397.17
593.82 405.45
590.41 380.61
577.26 397.17
572.39 385.97
562.16 414.22
561.19 406.43
520.28 441.49
526.61 435.16
540.73 429.31
514.92 436.62
514.92 426.39
527.58 426.39
528.07 418.11
510.05 433.21
511.51 416.65
537.32 407.89
553.88 403.02
565.57 403.50
561.19 385.48
549.01 385.48
530.02 402.04
516.87 387.43
539.76 395.71
571.42 377.20
569.47 371.36
576.29 366.98
536.84 370.39
516.87 359.19
503.23 374.28
504.21 383.05
487.65 383.54
474.50 386.46
485.21 372.82
491.55 359.19
519.31 345.55
535.86 353.83
548.53 359.19
558.27 352.37
568.49 341.17
559.73 337.76
536.84 342.14
541.71 331.91
558.75 329.96
558.27 322.66
546.58 324.12
536.35 315.84
550.96 331.91
479.86 379.64
493.01 331.91
443.82 370.39
448.69 352.85
441.38 348.96
406.81 331.91
423.85 334.35
419.95 326.56
422.39 328.99
437.97 332.89
444.79 331.91
459.89 330.94
472.55 330.94
478.88 324.12
484.73 315.35
493.01 325.09
496.90 321.69
515.41 321.69
514.44 312.43
523.20 311.94
444.79 321.69
462.32 299.77
474.50 294.90
486.19 302.20
546.09 303.18
531.48 299.77
527.58 291.49
537.81 281.75
584.56 251.07
546.09 263.73
540.73 264.70
536.84 273.96
527.10 270.55
514.92 272.50
515.90 264.70
506.16 262.27
512.97 247.17
516.87 238.89
505.67 274.93
503.23 272.50
527.58 279.80
406.32 317.30
414.11 315.35
411.19 304.15
434.08 300.26
414.11 294.90
394.14 291.49
399.01 283.21
411.68 288.08
414.60 276.39
419.95 262.27
430.67 271.04
438.95 280.29
458.43 284.67
446.25 269.09
449.18 269.09
437.49 260.81
443.82 262.27
449.66 260.32
455.51 243.76
455.02 253.02
470.60 268.11
479.86 253.99
469.14 240.84
476.94 247.17
497.88 241.81
493.49 234.02
498.85 228.67
504.69 211.13
512.00 207.72
474.01 222.82
482.29 219.90
483.27 231.83
490.08 238.65
508.59 228.91
503.72 222.09
496.90 276.64
380.51 268.11
371.25 257.89
362.00 251.56
364.92 279.80
367.36 271.52
373.20 279.80
365.90 292.95
373.20 292.95
358.10 302.20
343.01 292.95
343.98 303.18
340.08 313.41
331.81 315.84
309.40 310.48
319.14 300.26
329.37 291.00
326.45 284.67
321.58 279.80
313.79 281.75
309.89 281.26
308.43 278.34
305.99 289.54
297.71 307.56
290.41 306.59
268.98 312.43
274.82 311.46
283.10 299.77
254.37 299.77
263.14 289.54
272.88 285.16
296.25 281.75
286.03 272.01
267.03 262.76
275.31 268.11
258.75 259.35
252.91 289.54
255.34 283.21
235.38 296.36
240.25 283.21
244.63 271.52
232.45 278.34
237.32 283.21
236.35 286.62
223.69 279.80
236.84 257.89
224.66 248.15
212.49 259.35
208.59 266.17
207.13 253.02
204.21 251.07
204.21 240.35
192.03 253.99
187.16 248.63
176.94 251.07
181.81 285.16
194.47 282.24
204.21 281.26
198.85 269.57
198.85 257.89
149.66 271.52
422.39 246.69
392.19 222.33
379.05 220.39
363.46 211.13
379.05 208.21
375.64 200.91
368.33 190.68
399.50 205.78
391.71 210.16
386.35 203.34
380.99 197.50
397.06 194.09
432.62 206.75
438.46 199.93
455.99 191.65
463.30 191.65
460.86 172.66
453.56 169.74
449.66 165.84
433.10 173.63
436.51 163.89
430.18 158.54
472.06 171.20
466.71 163.89
476.94 162.43
480.34 162.43
482.78 153.67
482.29 139.54
471.58 150.26
470.60 141.98
459.40 148.80
460.38 143.44
463.79 159.02
463.79 151.72
466.22 154.15
455.99 124.44
444.79 127.85
443.82 124.44
430.18 126.88
419.47 128.34
420.44 122.01
421.42 144.90
437.49 141.98
439.92 145.39
418.49 143.93
401.94 121.04
409.24 117.63
383.43 122.50
379.05 124.93
395.12 136.13
392.19 143.44
404.86 137.11
397.06 125.91
398.04 119.09
379.53 148.80
375.64 140.52
375.64 143.44
378.07 133.70
371.74 137.11
366.38 138.57
361.51 125.42
373.69 166.33
379.05 162.43
391.22 160.48
393.66 182.89
397.55 182.89
408.75 184.35
412.65 152.69
409.24 148.31
357.62 175.09
374.18 180.45
350.80 152.69
345.93 143.44
349.82 143.44
346.90 131.26
342.52 124.44
351.77 122.01
329.37 129.80
322.55 132.72
316.71 133.70
320.60 138.08
300.15 139.54
295.28 152.20
306.48 163.89
320.60 165.84
326.94 156.10
343.01 158.54
338.62 149.28
325.47 150.26
311.84 155.13
284.08 162.92
281.64 155.61
274.34 155.61
277.26 160.97
263.62 181.91
276.29 180.45
277.75 187.27
281.16 191.17
271.42 190.68
289.44 206.75
294.31 211.62
299.66 200.91
303.56 212.11
305.99 205.29
309.89 200.91
297.71 179.48
326.94 178.02
345.93 179.48
312.81 213.57
320.60 212.59
318.66 203.34
328.88 206.75
333.27 207.72
344.47 197.50
340.08 206.75
337.65 195.55
339.60 191.17
323.04 193.11
312.32 196.52
311.35 192.14
607.45 104.48
583.10 92.30
574.82 90.35
568.98 91.33
564.60 90.35
556.81 82.56
551.45 85.97
530.99 90.35
528.07 81.10
496.42 79.15
483.75 73.80
479.37 69.90
461.35 77.69
468.17 73.31
466.22 67.46
460.38 66.98
452.10 66.49
450.64 80.13
439.44 65.52
442.36 61.62
432.62 77.69
425.31 76.72
430.18 75.74
425.31 69.90
428.23 63.08
420.93 67.95
414.11 75.74
402.91 73.31
390.25 69.90
385.38 81.59
378.56 82.56
376.12 71.36
368.82 81.59
368.82 75.26
362.49 74.28
356.64 76.72
355.18 70.39
351.77 87.92
347.39 90.35
349.34 74.28
344.95 65.52
339.60 66.49
333.75 67.46
337.16 73.31
324.50 85.48
327.91 82.56
330.83 90.35
316.22 85.48
309.89 88.41
309.40 74.28
301.61 78.18
299.18 85.00
293.82 99.61
291.87 91.81
304.05 85.97
282.62 81.10
278.23 80.61
266.06 82.56
276.29 91.81
271.42 105.94
265.08 97.17
245.60 91.33
231.97 90.84
217.36 97.17
202.26 100.58
198.85 109.35
208.10 111.78
221.74 123.47
204.21 124.93
216.87 136.13
204.69 131.75
195.44 122.98
186.19 122.98
182.29 122.98
189.60 108.37
164.76 122.98
166.22 131.75
168.66 126.88
169.63 131.75
171.58 141.98
146.74 133.70
152.10 131.26
128.72 153.67
168.17 164.38
175.96 165.84
171.09 159.02
170.60 151.23
162.32 163.41
119.95 170.22
103.88 169.25
89.76 192.14
76.61 194.57
88.30 208.70
98.04 214.54
97.06 227.20
107.78 224.77
107.78 215.03
103.40 192.14
119.47 204.31
126.29 189.70
134.08 186.30
136.03 197.50
128.72 206.75
128.23 215.03
128.23 230.61
124.82 241.81
113.62 235.97
114.60 247.66
143.33 225.74
140.90 213.08
149.18 222.33
149.18 213.08
155.99 214.54
164.76 208.21
153.07 199.44
159.89 194.57
155.99 190.68
168.66 185.32
182.29 215.03
175.47 228.18
169.14 197.50
