104.07 572.01
135.24 581.75
129.88 564.70
129.40 554.96
119.66 540.84
156.67 551.07
149.36 542.79
166.90 533.54
162.03 528.18
153.26 521.36
144.01 511.62
154.23 511.62
176.64 512.59
191.25 514.54
167.87 491.65
172.25 485.32
196.60 498.96
202.94 495.55
206.83 500.91
216.08 497.98
221.44 505.78
193.68 490.68
175.66 460.00
173.71 471.20
198.55 466.81
208.78 479.48
220.95 469.25
236.05 470.71
217.55 459.02
205.37 457.56
231.18 450.74
248.23 453.18
243.36 445.39
189.62 415.19
196.93 397.17
206.18 405.45
209.59 380.61
222.74 397.17
227.61 385.97
237.84 414.22
238.81 406.43
279.72 441.49
273.39 435.16
259.27 429.31
285.08 436.62
285.08 426.39
272.42 426.39
271.93 418.11
289.95 433.21
288.49 416.65
262.68 407.89
246.12 403.02
234.43 403.50
238.81 385.48
250.99 385.48
269.98 402.04
283.13 387.43
260.24 395.71
228.58 377.20
230.53 371.36
223.71 366.98
263.16 370.39
283.13 359.19
296.77 374.28
295.79 383.05
312.35 383.54
325.50 386.46
314.79 372.82
308.45 359.19
280.69 345.55
264.14 353.83
251.47 359.19
241.73 352.37
231.51 341.17
240.27 337.76
263.16 342.14
258.29 331.91
241.25 329.96
241.73 322.66
253.42 324.12
263.65 315.84
249.04 331.91
320.14 379.64
306.99 331.91
356.18 370.39
351.31 352.85
358.62 348.96
393.19 331.91
376.15 334.35
380.05 326.56
377.61 328.99
362.03 332.89
355.21 331.91
340.11 330.94
327.45 330.94
321.12 324.12
315.27 315.35
306.99 325.09
303.10 321.69
284.59 321.69
285.56 312.43
276.80 311.94
355.21 321.69
337.68 299.77
325.50 294.90
313.81 302.20
253.91 303.18
268.52 299.77
272.42 291.49
262.19 281.75
215.44 251.07
253.91 263.73
259.27 264.70
263.16 273.96
272.90 270.55
285.08 272.50
284.10 264.70
293.84 262.27
287.03 247.17
283.13 238.89
294.33 274.93
296.77 272.50
272.42 279.80
393.68 317.30
385.89 315.35
388.81 304.15
365.92 300.26
385.89 294.90
405.86 291.49
400.99 283.21
388.32 288.08
385.40 276.39
380.05 262.27
369.33 271.04
361.05 280.29
341.57 284.67
353.75 269.09
350.82 269.09
362.51 260.81
356.18 262.27
350.34 260.32
344.49 243.76
344.98 253.02
329.40 268.11
320.14 253.99
330.86 240.84
323.06 247.17
302.12 241.81
306.51 234.02
301.15 228.67
295.31 211.13
288.00 207.72
325.99 222.82
317.71 219.90
316.73 231.83
309.92 238.65
291.41 228.91
296.28 222.09
303.10 276.64
419.49 268.11
428.75 257.89
438.00 251.56
435.08 279.80
432.64 271.52
426.80 279.80
434.10 292.95
426.80 292.95
441.90 302.20
456.99 292.95
456.02 303.18
459.92 313.41
468.19 315.84
490.60 310.48
480.86 300.26
470.63 291.00
473.55 284.67
478.42 279.80
486.21 281.75
490.11 281.26
491.57 278.34
494.01 289.54
502.29 307.56
509.59 306.59
531.02 312.43
525.18 311.46
516.90 299.77
545.63 299.77
536.86 289.54
527.12 285.16
503.75 281.75
513.97 272.01
532.97 262.76
524.69 268.11
541.25 259.35
547.09 289.54
544.66 283.21
564.62 296.36
559.75 283.21
555.37 271.52
567.55 278.34
562.68 283.21
563.65 286.62
576.31 279.80
563.16 257.89
575.34 248.15
587.51 259.35
591.41 266.17
592.87 253.02
595.79 251.07
595.79 240.35
607.97 253.99
612.84 248.63
623.06 251.07
618.19 285.16
605.53 282.24
595.79 281.26
601.15 269.57
601.15 257.89
650.34 271.52
377.61 246.69
407.81 222.33
420.95 220.39
436.54 211.13
420.95 208.21
424.36 200.91
431.67 190.68
400.50 205.78
408.29 210.16
413.65 203.34
419.01 197.50
402.94 194.09
367.38 206.75
361.54 199.93
344.01 191.65
336.70 191.65
339.14 172.66
346.44 169.74
350.34 165.84
366.90 173.63
363.49 163.89
369.82 158.54
327.94 171.20
333.29 163.89
323.06 162.43
319.66 162.43
317.22 153.67
317.71 139.54
328.42 150.26
329.40 141.98
340.60 148.80
339.62 143.44
336.21 159.02
336.21 151.72
333.78 154.15
344.01 124.44
355.21 127.85
356.18 124.44
369.82 126.88
380.53 128.34
379.56 122.01
378.58 144.90
362.51 141.98
360.08 145.39
381.51 143.93
398.06 121.04
390.76 117.63
416.57 122.50
420.95 124.93
404.88 136.13
407.81 143.44
395.14 137.11
402.94 125.91
401.96 119.09
420.47 148.80
424.36 140.52
424.36 143.44
421.93 133.70
428.26 137.11
433.62 138.57
438.49 125.42
426.31 166.33
420.95 162.43
408.78 160.48
406.34 182.89
402.45 182.89
391.25 184.35
387.35 152.69
390.76 148.31
442.38 175.09
425.82 180.45
449.20 152.69
454.07 143.44
450.18 143.44
453.10 131.26
457.48 124.44
448.23 122.01
470.63 129.80
477.45 132.72
483.29 133.70
479.40 138.08
499.85 139.54
504.72 152.20
493.52 163.89
479.40 165.84
473.06 156.10
456.99 158.54
461.38 149.28
474.53 150.26
488.16 155.13
515.92 162.92
518.36 155.61
525.66 155.61
522.74 160.97
536.38 181.91
523.71 180.45
522.25 187.27
518.84 191.17
528.58 190.68
510.56 206.75
505.69 211.62
500.34 200.91
496.44 212.11
494.01 205.29
490.11 200.91
502.29 179.48
473.06 178.02
454.07 179.48
487.19 213.57
479.40 212.59
481.34 203.34
471.12 206.75
466.73 207.72
455.53 197.50
459.92 206.75
462.35 195.55
460.40 191.17
476.96 193.11
487.68 196.52
488.65 192.14
192.55 104.48
216.90 92.30
225.18 90.35
231.02 91.33
235.40 90.35
243.19 82.56
248.55 85.97
269.01 90.35
271.93 81.10
303.58 79.15
316.25 73.80
320.63 69.90
338.65 77.69
331.83 73.31
333.78 67.46
339.62 66.98
347.90 66.49
349.36 80.13
360.56 65.52
357.64 61.62
367.38 77.69
374.69 76.72
369.82 75.74
374.69 69.90
371.77 63.08
379.07 67.95
385.89 75.74
397.09 73.31
409.75 69.90
414.62 81.59
421.44 82.56
423.88 71.36
431.18 81.59
431.18 75.26
437.51 74.28
443.36 76.72
444.82 70.39
448.23 87.92
452.61 90.35
450.66 74.28
455.05 65.52
460.40 66.49
466.25 67.46
462.84 73.31
475.50 85.48
472.09 82.56
469.17 90.35
483.78 85.48
490.11 88.41
490.60 74.28
498.39 78.18
500.82 85.00
506.18 99.61
508.13 91.81
495.95 85.97
517.38 81.10
521.77 80.61
533.94 82.56
523.71 91.81
528.58 105.94
534.92 97.17
554.40 91.33
568.03 90.84
582.64 97.17
597.74 100.58
601.15 109.35
591.90 111.78
578.26 123.47
595.79 124.93
583.13 136.13
595.31 131.75
604.56 122.98
613.81 122.98
617.71 122.98
610.40 108.37
635.24 122.98
633.78 131.75
631.34 126.88
630.37 131.75
628.42 141.98
653.26 133.70
647.90 131.26
671.28 153.67
631.83 164.38
624.04 165.84
628.91 159.02
629.40 151.23
637.68 163.41
680.05 170.22
696.12 169.25
710.24 192.14
723.39 194.57
711.70 208.70
701.96 214.54
702.94 227.20
692.22 224.77
692.22 215.03
696.60 192.14
680.53 204.31
673.71 189.70
665.92 186.30
663.97 197.50
671.28 206.75
671.77 215.03
671.77 230.61
675.18 241.81
686.38 235.97
685.40 247.66
656.67 225.74
659.10 213.08
650.82 222.33
650.82 213.08
644.01 214.54
635.24 208.21
646.93 199.44
640.11 194.57
644.01 190.68
631.34 185.32
617.71 215.03
624.53 228.18
630.86 197.50
