244.08 333.42
241.59 284.79
336.34 314.72
604.39 333.42
598.16 47.91
565.74 44.17
576.96 67.86
549.53 152.64
505.90 143.91
497.17 127.70
431.09 71.60
419.87 66.61
338.83 62.87
320.13 47.91
298.94 36.69
281.48 26.72
244.08 82.82
182.99 122.72
53.33 80.33
23.61 12.07
29.22 26.40
52.91 18.92
57.90 10.20
39.20 5.21
192.55 17.52
169.48 11.91
97.17 18.77
96.86 8.17
110.88 20.64
117.74 6.61
130.52 19.70
411.35 31.86
411.98 16.90
413.85 11.60
400.75 12.22
438.47 27.49
343.72 11.60
311.61 10.98
252.39 41.21
238.36 50.87
233.38 25.31
454.47 4.43
456.65 20.33
448.23 26.25
482.21 25.00
494.99 17.52
518.68 31.86
602.52 33.73
523.96 411.40
79.41 14.32
86.16 9.72
117.73 96.30
265.10 23.42
