80.78 484.52
194.23 467.07
446.08 428.42
443.59 379.79
538.34 409.72
857.51 681.51
869.98 652.83
806.39 428.42
877.46 309.98
1020.83 221.46
959.74 262.60
938.55 217.72
1002.13 184.05
883.69 145.40
831.33 162.86
800.16 142.91
767.74 139.17
778.96 162.86
751.53 247.64
707.90 238.91
699.17 222.70
633.09 166.60
621.87 161.61
540.83 157.87
522.13 142.91
500.94 131.69
483.48 121.72
446.08 177.82
384.99 217.72
255.33 175.33
197.98 187.79
14.70 232.68
85.98 243.59
87.22 205.56
99.07 199.95
127.12 186.86
165.77 182.49
168.88 168.78
183.22 184.36
166.39 158.81
-0.05 184.36
20.52 172.52
31.74 168.16
46.08 168.16
67.90 152.57
82.86 146.96
103.43 108.31
128.36 135.74
119.64 137.61
137.09 130.75
144.57 131.38
153.92 137.61
186.34 80.26
225.61 107.07
228.73 80.26
231.22 121.40
254.91 113.92
259.90 105.20
269.25 92.10
260.52 74.65
250.55 91.48
241.20 100.21
190.70 39.12
176.99 37.25
173.87 32.26
157.66 51.59
158.91 39.74
158.91 32.26
148.94 34.13
153.92 22.29
137.09 29.77
124.00 28.52
108.42 38.49
108.42 31.01
100.31 29.77
82.23 32.88
73.51 36.62
71.64 50.34
75.38 55.33
58.55 49.72
59.79 70.29
40.47 35.38
36.10 52.21
31.12 51.59
6.81 79.01
186.34 25.40
193.20 24.16
189.46 19.17
199.43 36.62
207.53 27.90
211.90 34.13
223.74 31.01
224.99 25.40
227.48 19.17
232.47 19.17
251.17 25.40
258.03 26.65
257.40 21.04
286.70 22.29
245.25 35.85
255.85 12.16
277.98 11.85
281.72 10.91
288.26 9.98
298.23 7.48
298.86 3.43
307.59 8.42
308.83 15.27
300.73 23.07
296.36 23.07
319.74 48.31
320.36 41.77
323.48 24.31
321.92 17.14
324.42 9.04
322.55 6.86
332.21 8.73
332.83 14.34
343.74 19.95
336.88 6.23
344.68 6.23
341.25 6.86
351.22 3.12
351.85 9.66
360.26 20.57
358.70 14.96
357.77 12.16
365.56 9.66
369.92 9.66
368.99 6.23
377.40 10.91
375.85 4.05
379.90 1.87
383.64 5.61
392.99 6.23
394.55 11.22
398.29 4.68
400.16 11.22
402.96 15.59
389.25 28.36
387.07 19.33
370.23 34.60
383.64 33.04
387.07 33.66
419.17 3.43
416.05 -0.31
413.56 11.22
418.55 15.27
423.22 14.96
425.72 6.23
424.47 21.51
423.85 30.23
408.57 21.82
421.35 36.47
428.83 29.92
410.44 39.59
405.14 41.77
393.92 48.94
394.23 14.03
405.77 53.61
382.08 42.70
354.96 43.01
349.66 38.03
340.31 34.91
328.78 43.01
333.14 53.30
333.46 61.09
340.00 62.96
335.01 48.94
348.42 82.91
351.53 72.31
359.01 66.70
360.26 58.60
366.81 53.30
388.31 72.31
377.72 61.09
387.69 60.16
414.81 69.82
419.48 73.56
426.34 65.46
394.55 112.52
371.48 106.91
318.18 61.40
310.39 57.98
299.48 61.09
294.18 60.47
303.53 79.48
294.81 85.09
283.59 86.34
287.95 82.91
299.17 113.77
298.86 103.17
312.88 115.64
319.74 101.61
332.52 114.70
322.55 87.27
320.99 71.38
334.08 73.25
613.35 126.86
613.98 111.90
615.85 106.60
602.75 107.22
579.38 91.33
578.44 78.86
580.00 74.49
562.86 76.36
581.25 63.27
570.34 64.21
593.09 47.69
586.23 44.88
603.69 42.39
620.21 47.07
615.53 42.70
623.33 39.27
614.60 34.91
621.77 58.60
639.85 65.46
636.42 93.51
623.33 90.08
640.47 122.49
638.60 75.74
632.05 37.40
639.22 36.78
636.10 29.30
640.16 22.75
636.42 20.57
640.16 14.03
637.35 7.48
639.85 5.30
631.12 18.39
634.23 14.03
631.74 9.66
631.43 5.30
627.69 11.22
633.61 24.00
629.87 34.29
626.75 25.87
621.14 31.48
615.22 25.87
626.13 21.51
624.57 14.03
621.14 15.59
616.47 19.33
613.04 14.96
623.33 8.42
626.44 4.05
624.26 1.25
620.21 4.36
613.66 3.12
606.49 9.66
606.81 3.12
604.00 0.94
603.69 17.14
600.26 12.78
604.62 23.07
602.44 29.92
594.65 24.31
596.52 37.09
587.48 33.98
580.94 34.91
575.33 43.33
545.72 106.60
513.61 105.98
512.05 92.26
511.74 83.85
511.12 74.18
487.74 85.09
476.52 89.46
454.39 136.21
440.36 145.87
435.38 120.31
447.85 79.79
440.68 74.18
435.07 60.16
448.78 49.25
445.35 27.12
450.65 34.29
456.26 41.14
458.13 61.09
470.29 49.56
479.95 52.68
480.88 67.64
498.96 50.18
489.30 49.87
500.83 43.95
500.21 38.34
498.03 32.10
487.43 35.85
488.05 28.05
479.64 28.36
474.34 38.34
467.17 42.39
462.18 36.16
465.30 26.49
458.44 26.49
453.14 25.25
453.46 29.30
451.27 20.88
445.04 19.33
542.29 70.13
527.33 81.66
533.56 58.91
515.48 50.18
513.30 34.91
518.91 35.22
535.74 43.95
542.91 42.39
545.09 35.85
549.46 37.09
552.88 29.61
550.08 27.12
541.04 33.04
537.30 25.87
532.94 30.23
525.14 26.18
513.61 24.94
500.21 25.87
503.33 17.46
497.40 17.14
492.10 17.14
485.56 16.52
483.38 12.78
476.21 19.95
475.59 16.21
465.30 14.34
461.87 10.60
452.83 14.96
448.16 11.85
441.92 7.48
438.49 7.48
435.07 7.48
432.57 15.27
435.07 23.69
449.09 4.36
443.79 3.12
456.88 5.30
474.03 10.60
472.78 6.55
476.21 4.68
481.20 4.05
482.75 1.25
487.12 2.18
487.12 8.42
495.53 5.30
490.55 7.48
501.14 9.66
505.82 9.66
504.88 2.18
513.30 3.12
511.74 6.23
518.91 4.36
513.61 17.14
526.70 14.96
522.96 17.77
525.77 10.60
525.14 3.43
535.43 5.30
531.07 4.36
532.62 11.85
539.48 9.04
544.47 13.09
545.09 11.22
552.57 15.59
552.88 10.91
559.43 14.96
557.56 23.07
554.75 17.46
566.60 25.87
558.49 30.86
570.34 28.36
576.88 22.75
568.16 17.14
574.08 10.60
566.29 4.05
561.92 9.04
560.68 7.48
560.05 3.12
548.21 1.25
541.66 1.25
574.70 0.94
578.44 0.94
574.39 5.30
590.91 2.18
584.36 0.94
587.79 7.48
584.68 14.34
594.65 11.22
593.72 28.68
582.81 21.51
583.12 14.03
578.44 15.27
592.47 32.73
650.55 43.01
651.79 31.79
646.18 27.12
647.74 20.88
653.66 21.51
657.09 28.05
663.95 15.27
666.13 12.78
658.34 3.12
652.42 1.87
648.05 4.05
644.00 9.04
641.82 5.30
649.30 10.91
649.30 7.79
652.10 14.03
648.68 16.21
677.66 0.00
676.10 2.18
657.09 9.98
655.53 5.61
668.31 3.43
663.95 4.68
680.78 48.94
672.36 45.20
663.64 48.00
655.85 47.07
658.03 62.65
647.12 55.79
640.57 53.92
692.31 73.25
656.47 99.43
658.65 115.33
650.23 121.25
684.21 120.00
696.99 112.52
720.99 90.70
720.68 126.86
736.57 73.25
725.98 67.64
718.49 58.60
713.51 57.66
701.66 54.86
699.48 62.65
695.43 61.09
696.05 47.69
715.38 46.13
716.31 37.09
728.78 38.34
727.22 48.00
748.42 47.69
744.36 44.88
765.56 39.27
773.04 61.09
775.22 51.43
778.96 52.68
787.69 35.85
783.01 78.55
801.72 68.88
803.27 42.39
812.31 53.30
797.35 51.12
815.74 61.40
830.08 66.39
824.47 76.68
815.74 74.18
823.53 88.52
831.33 87.59
851.90 108.78
853.46 129.98
804.52 128.73
846.60 55.48
836.94 48.00
839.74 42.39
841.92 35.85
826.03 38.34
824.47 33.66
849.40 42.39
847.53 47.07
852.21 38.03
858.75 42.70
870.29 40.21
879.95 43.95
889.92 38.03
895.85 47.38
889.92 43.64
890.23 54.86
884.62 53.30
870.91 51.12
862.81 53.61
862.49 60.78
898.65 71.38
889.61 66.70
874.34 76.36
879.33 70.13
867.17 78.55
863.43 70.13
836.00 56.10
909.56 60.78
932.31 57.66
925.14 60.78
917.98 68.57
932.00 76.68
922.65 72.94
952.26 66.70
944.47 66.70
961.92 68.88
936.68 88.52
927.33 119.69
939.79 117.51
941.04 137.14
957.87 105.98
980.94 77.92
989.35 79.79
994.34 95.69
1006.49 106.60
1014.60 93.51
1017.72 72.00
1018.03 64.21
1004.94 64.52
977.51 63.27
1023.01 80.73
1023.95 66.70
1019.90 122.49
1021.77 136.52
983.74 142.44
960.36 150.86
882.13 119.69
871.53 96.00
903.64 92.88
897.72 84.16
902.08 55.79
725.96 506.40
168.18 90.27
82.56 94.77
72.40 29.70
77.11 30.55
148.81 55.92
241.28 25.68
232.88 27.98
281.41 109.32
288.16 104.72
319.73 191.30
265.57 13.80
267.50 12.87
285.16 8.99
290.40 4.92
288.16 3.85
291.90 8.02
293.94 7.49
286.77 14.98
329.15 4.81
345.63 70.42
393.79 26.65
372.81 27.29
376.99 24.72
364.79 24.08
362.32 15.09
355.90 6.52
331.18 19.47
368.85 2.00
386.08 7.81
403.64 8.99
400.21 22.79
414.55 2.35
411.02 5.56
430.61 8.24
411.23 28.79
407.17 27.82
443.55 22.47
470.85 18.51
462.18 17.01
467.96 7.59
468.17 3.10
334.82 69.24
509.16 3.10
512.58 14.23
517.08 11.23
507.02 13.91
469.56 27.50
465.92 18.40
440.02 26.97
451.80 8.99
455.33 4.06
429.21 22.58
467.10 118.42
