918.67 501.56
952.08 442.06
977.13 415.96
961.47 365.86
942.68 370.03
995.92 359.59
960.43 341.85
881.10 446.23
905.10 408.65
875.88 390.91
856.04 354.37
855.00 317.84
864.40 293.83
897.80 301.14
891.53 289.66
938.51 315.75
992.79 315.75
1014.71 304.27
1013.66 269.82
1018.88 255.21
1013.66 232.25
991.74 235.38
971.91 252.08
962.52 231.20
944.77 238.51
949.99 220.76
911.37 235.38
907.19 220.76
882.14 222.85
875.88 232.25
874.83 257.30
906.15 264.61
927.03 255.21
945.81 264.61
914.50 279.22
891.53 252.08
873.79 222.85
851.87 247.90
846.65 237.47
837.26 230.16
822.64 275.04
852.91 264.61
825.77 383.60
794.46 350.20
784.02 339.76
754.79 373.16
770.45 432.66
784.02 552.70
723.48 436.84
684.86 422.22
660.85 405.52
689.03 368.99
656.67 362.73
663.98 332.45
699.47 290.70
729.74 289.66
750.62 310.53
743.31 340.80
740.18 254.17
740.18 242.68
761.06 253.12
766.27 235.38
788.20 245.82
782.98 264.61
797.59 269.82
786.11 301.14
794.46 299.05
794.46 232.25
802.81 222.85
693.21 274.00
697.38 257.30
719.30 247.90
756.88 216.59
770.45 216.59
777.76 222.85
765.23 231.20
729.74 218.68
716.17 217.63
707.82 223.90
694.25 216.59
685.90 214.50
671.29 198.84
671.29 224.94
676.51 303.23
676.51 242.68
674.42 499.47
614.92 422.22
635.80 390.91
613.88 330.37
618.05 305.31
633.71 303.23
618.05 259.39
634.75 245.82
643.10 244.77
653.54 242.68
654.58 271.91
593.00 398.22
552.29 403.43
536.63 480.68
578.38 527.65
471.91 401.35
496.97 391.95
531.41 341.85
580.47 362.73
576.30 332.45
562.73 323.06
560.64 275.04
577.34 266.69
584.65 247.90
428.07 387.78
413.46 422.22
366.49 372.12
367.53 347.07
393.63 352.29
416.59 333.50
439.56 342.89
452.08 325.15
429.12 315.75
472.96 365.86
493.83 347.07
335.17 381.51
319.51 475.46
281.94 486.94
275.67 451.45
279.85 396.13
317.43 337.67
247.49 410.74
250.62 361.68
233.92 352.29
207.82 365.86
198.43 344.98
191.12 398.22
154.59 383.60
179.64 495.29
132.67 568.36
63.78 564.19
16.80 558.97
12.63 461.89
66.91 490.07
75.26 415.96
48.12 385.69
9.50 400.30
18.89 337.67
48.12 356.46
70.04 361.68
83.61 377.34
85.70 391.95
90.92 342.89
102.40 330.37
67.95 317.84
41.85 319.93
68.99 301.14
40.81 301.14
60.64 277.13
102.40 310.53
104.48 296.96
118.05 288.61
128.49 279.22
133.71 308.45
151.46 317.84
174.42 310.53
206.78 315.75
248.53 308.45
264.19 327.24
234.96 368.99
306.99 318.88
331.00 315.75
349.79 308.45
368.57 323.06
380.06 301.14
412.42 284.44
386.32 255.21
329.95 284.44
319.51 284.44
305.94 268.78
505.32 317.84
496.97 275.04
442.69 268.78
529.32 317.84
533.50 301.14
555.42 246.86
525.15 261.47
534.54 240.60
544.98 235.38
557.51 237.47
549.16 222.85
524.11 210.33
499.05 213.46
454.17 235.38
486.53 252.08
480.26 235.38
481.31 224.94
439.56 245.82
437.47 237.47
406.15 228.07
461.48 303.23
272.54 301.14
246.45 288.61
248.53 269.82
258.97 242.68
289.24 268.78
79.43 271.91
91.96 260.43
84.65 242.68
78.39 233.29
88.83 218.68
104.48 224.94
117.01 240.60
125.36 261.47
148.33 257.30
168.16 262.52
179.64 249.99
200.52 249.99
183.82 277.13
161.90 286.53
217.22 277.13
224.53 257.30
214.09 237.47
236.01 222.85
228.70 220.76
209.91 213.46
212.00 198.84
228.70 191.54
241.23 206.15
261.06 213.46
274.63 233.29
284.02 220.76
276.72 209.28
270.45 197.80
252.71 198.84
229.74 173.79
194.25 213.46
176.51 203.02
152.50 198.84
145.19 213.46
132.67 216.59
146.24 230.16
151.46 237.47
66.91 206.15
91.96 206.15
110.75 216.59
129.54 209.28
102.40 206.15
90.92 195.71
55.42 220.76
26.20 206.15
7.41 223.90
5.32 242.68
22.02 244.77
29.33 240.60
30.37 264.61
14.72 299.05
281.94 180.05
500.10 195.71
527.24 201.98
535.59 201.98
537.68 183.19
549.16 191.54
559.60 185.27
558.55 172.75
570.03 180.05
587.78 187.36
591.95 195.71
596.13 214.50
603.44 220.76
621.18 220.76
601.35 239.55
588.82 232.25
576.30 220.76
645.19 222.85
655.63 225.98
620.14 209.28
630.58 223.90
630.58 206.15
645.19 191.54
656.67 203.02
653.54 188.41
667.11 185.27
676.51 180.05
697.38 190.49
462.52 216.59
464.61 203.02
472.96 197.80
438.51 206.15
427.03 209.28
316.38 253.12
339.87 247.38
332.56 249.47
353.44 266.17
384.75 221.81
402.50 214.50
432.25 226.51
446.86 233.29
454.17 192.58
411.89 191.54
419.20 213.46
419.72 203.54
432.25 193.62
429.12 181.62
421.81 176.92
409.81 173.27
399.37 172.75
390.50 192.58
369.62 204.06
348.74 199.89
332.04 221.81
344.57 232.77
354.48 221.81
362.31 232.77
296.55 200.93
303.33 193.62
302.29 185.27
309.08 186.84
320.04 185.27
315.34 177.97
328.39 184.23
332.56 181.62
341.43 185.27
340.91 179.01
366.49 182.66
358.14 173.27
386.84 163.88
439.56 177.97
445.30 181.62
449.47 180.58
458.34 184.23
497.49 247.38
403.02 253.64
260.02 236.42
248.53 235.38
245.40 226.51
195.82 240.60
125.36 239.03
482.35 184.23
495.40 195.19
575.78 173.79
572.64 169.62
584.65 165.44
586.74 157.09
598.22 174.84
608.13 177.97
606.57 170.14
600.83 162.83
607.09 160.22
386.84 156.57
393.63 155.00
401.46 160.22
413.98 165.96
431.73 171.18
436.42 168.05
479.74 204.06
557.51 267.21
548.11 280.26
564.29 224.42
507.93 176.92
527.24 169.09
518.36 166.48
540.81 172.75
556.99 154.48
545.50 151.35
385.28 147.70
398.85 151.35
419.72 155.00
500.62 167.53
493.83 167.53
544.46 160.74
534.54 172.75
434.86 146.13
440.60 153.44
448.95 152.92
466.17 158.13
483.40 165.96
473.48 159.18
481.31 160.22
494.36 155.52
490.70 155.00
489.14 148.22
494.36 147.70
518.89 159.18
522.54 152.92
538.72 155.00
526.19 149.26
510.01 151.35
552.81 163.88
534.02 114.29
528.28 106.99
480.26 139.87
483.92 145.61
428.59 151.35
425.46 145.61
426.51 138.82
413.46 159.18
397.28 145.61
460.95 149.26
457.82 145.61
452.08 145.61
512.62 144.04
468.26 169.62
439.03 145.61
468.26 144.04
463.04 144.56
478.18 147.17
475.05 147.17
369.62 155.00
500.62 144.04
496.97 139.87
520.45 144.56
531.41 147.17
536.63 146.13
614.92 169.62
617.53 173.27
183.82 174.84
142.06 201.45
109.18 334.02
250.62 355.42
293.42 355.42
417.63 348.63
576.30 355.42
598.22 349.68
614.92 220.76
571.08 204.58
548.11 201.45
255.84 208.76
169.72 219.72
413.46 145.61
374.84 139.87
463.56 138.30
471.91 135.17
479.74 134.13
488.09 130.99
478.18 133.08
507.40 140.39
530.37 141.95
517.84 136.74
519.41 138.82
512.10 134.65
506.36 136.74
502.19 134.13
460.43 134.13
455.21 133.08
403.54 144.04
400.41 139.87
420.24 139.87
417.63 139.87
363.36 295.40
379.01 134.13
374.84 133.60
368.05 133.60
382.67 134.13
390.50 139.87
972.17 303.23
971.65 288.09
771.75 256.78
729.48 267.74
677.29 282.35
929.90 179.01
952.34 176.92
965.91 162.31
960.69 153.96
981.57 167.01
990.96 182.66
982.61 175.88
978.43 183.19
973.21 177.97
998.79 182.14
1008.18 179.53
1014.45 179.53
917.37 174.84
917.37 167.01
890.23 162.31
897.54 175.88
890.23 169.62
891.27 174.84
877.70 178.49
880.31 164.40
875.62 162.31
871.44 169.62
865.18 168.57
859.44 170.66
866.74 177.97
859.44 177.97
842.21 176.92
843.26 157.09
851.09 156.57
837.52 170.66
839.08 165.96
847.95 167.53
832.82 162.31
831.25 169.62
821.86 170.66
815.60 170.66
811.94 176.92
805.68 173.27
798.37 171.18
792.63 170.66
787.41 175.36
793.68 158.66
804.11 152.39
804.64 146.65
799.42 149.78
794.20 146.65
785.32 160.22
778.02 175.88
773.84 171.18
769.15 168.05
760.27 173.27
749.31 174.31
755.58 167.01
750.88 163.88
745.14 167.53
733.13 163.88
727.91 163.88
730.00 140.39
731.57 174.84
725.83 171.18
720.09 170.66
712.26 176.92
714.34 168.05
705.99 174.31
701.82 164.40
690.34 164.40
695.56 170.66
693.47 178.49
686.68 177.97
686.68 168.57
678.85 165.96
667.37 167.53
665.81 162.31
659.02 169.62
654.32 162.31
648.06 167.53
643.89 161.27
635.53 168.57
629.27 163.35
624.57 161.27
624.57 156.05
628.75 152.39
619.36 159.70
685.64 44.88
670.50 43.31
726.87 44.88
750.88 41.22
933.81 29.70
944.77 26.56
829.43 47.96
812.20 35.44
800.72 35.44
757.40 41.18
677.03 49.53
504.79 59.44
325.78 570.45
683.81 350.20
286.11 236.42
407.72 54.23
435.90 54.23
380.58 53.18
22.80 180.58
901.33 335.77
922.82 331.68
829.73 309.18
833.82 318.38
946.60 170.56
939.44 163.91
938.42 156.75
915.91 156.75
908.24 153.68
646.87 180.28
302.89 228.36
327.44 209.95
337.67 213.02
377.57 162.89
443.55 139.45
444.06 134.85
450.20 137.92
455.32 136.90
433.32 133.83
425.14 134.34
419.51 133.83
410.30 137.92
406.72 132.80
406.21 135.87
400.08 131.27
394.96 135.87
412.35 130.25
