1.33 383.56
38.90 328.23
14.90 290.65
44.12 272.91
63.96 236.37
65.00 199.84
55.60 175.83
22.20 183.14
28.47 171.66
8.63 117.38
12.81 102.76
37.86 104.85
44.12 114.25
45.17 139.30
13.85 146.61
5.50 161.22
28.47 134.08
46.21 104.85
68.13 129.90
73.35 119.47
82.74 112.16
97.36 157.04
67.09 146.61
94.23 265.60
125.54 232.20
135.98 221.76
165.21 255.16
149.55 314.66
135.98 434.70
196.52 318.84
235.14 304.22
259.15 287.52
230.97 250.99
263.33 244.73
256.02 214.45
220.53 172.70
190.26 171.66
169.38 192.53
176.69 222.80
179.82 136.17
179.82 124.68
158.94 135.12
153.73 117.38
131.80 127.82
137.02 146.61
122.41 151.82
133.89 183.14
125.54 181.05
125.54 114.25
117.19 104.85
226.79 156.00
222.62 139.30
200.70 129.90
163.12 98.59
149.55 98.59
142.24 104.85
154.77 113.20
190.26 100.68
203.83 99.63
212.18 105.90
225.75 98.59
234.10 96.50
248.71 80.84
248.71 106.94
243.49 185.23
243.49 124.68
245.58 381.47
305.08 304.22
284.20 272.91
306.12 212.37
301.95 187.31
286.29 185.23
301.95 141.39
285.25 127.82
276.90 126.77
266.46 124.68
265.42 153.91
327.00 280.22
367.71 285.43
383.37 362.68
341.62 409.65
448.09 283.35
423.03 273.95
388.59 223.85
339.53 244.73
343.70 214.45
357.27 205.06
359.36 157.04
342.66 148.69
335.35 129.90
467.92 207.15
447.04 247.86
426.17 229.07
414.68 199.84
423.03 157.04
390.68 199.84
386.50 183.14
364.58 128.86
394.85 143.47
385.46 122.60
375.02 117.38
362.49 119.47
370.84 104.85
395.89 92.33
420.95 95.46
465.83 117.38
433.47 134.08
439.74 117.38
438.69 106.94
458.52 185.23
419.90 77.71
392.76 83.98
384.41 83.98
382.32 65.19
370.84 73.54
360.40 67.27
361.45 54.75
349.97 62.05
332.22 69.36
328.05 77.71
323.87 96.50
316.56 102.76
298.82 102.76
318.65 121.55
331.18 114.25
343.70 102.76
274.81 104.85
264.37 107.98
299.86 91.28
289.42 105.90
289.42 88.15
274.81 73.54
263.33 85.02
266.46 70.41
252.89 67.27
243.49 62.05
222.62 72.49
457.48 98.59
455.39 85.02
447.04 79.80
465.83 74.58
461.66 66.23
422.51 129.38
437.65 66.23
424.60 77.19
344.22 55.79
347.36 51.62
335.35 47.44
333.26 39.09
321.78 56.84
311.87 59.97
313.43 52.14
319.17 44.83
312.91 42.22
440.26 86.06
362.49 149.21
371.89 162.26
355.71 106.42
412.07 58.92
392.76 51.09
401.64 48.48
379.19 54.75
363.01 36.48
374.50 33.35
419.38 49.53
426.17 49.53
375.54 42.74
385.46 54.75
453.83 40.13
436.60 47.96
446.52 41.18
438.69 42.22
425.64 37.52
429.30 37.00
430.86 30.22
425.64 29.70
401.11 41.18
397.46 34.92
381.28 37.00
393.81 31.26
409.99 33.35
367.19 45.88
439.74 21.87
436.08 27.61
459.05 31.26
462.18 27.61
467.92 27.61
407.38 26.04
451.74 51.62
451.74 26.04
456.96 26.56
441.82 29.17
444.95 29.17
419.38 26.04
423.03 21.87
399.55 26.56
388.59 29.17
383.37 28.13
305.08 51.62
302.47 55.27
343.70 237.42
321.78 231.68
305.08 102.76
348.92 86.58
371.89 83.45
456.44 20.30
448.09 17.17
440.26 16.13
431.91 12.99
441.82 15.08
412.60 22.39
389.63 23.95
402.16 18.74
400.59 20.82
407.90 16.65
413.64 18.74
417.81 16.13
459.57 16.13
464.79 15.08
148.25 138.78
190.52 149.74
242.71 164.35
2.63 56.84
2.63 49.01
29.77 44.31
22.46 57.88
29.77 51.62
28.73 56.84
42.30 60.49
39.69 46.40
44.38 44.31
48.56 51.62
54.82 50.57
60.56 52.66
53.26 59.97
60.56 59.97
77.79 58.92
76.74 39.09
68.91 38.57
82.48 52.66
80.92 47.96
72.05 49.53
87.18 44.31
88.75 51.62
98.14 52.66
104.40 52.66
108.06 58.92
114.32 55.27
121.63 53.18
127.37 52.66
132.59 57.36
126.32 40.66
115.89 34.39
115.36 28.65
120.58 31.78
125.80 28.65
134.68 42.22
141.98 57.88
146.16 53.18
150.85 50.05
159.73 55.27
170.69 56.31
164.42 49.01
169.12 45.88
174.86 49.53
186.87 45.88
192.09 45.88
190.00 22.39
188.43 56.84
194.17 53.18
199.91 52.66
207.74 58.92
205.66 50.05
214.01 56.31
218.18 46.40
229.66 46.40
224.44 52.66
226.53 60.49
233.32 59.97
233.32 50.57
241.15 47.96
252.63 49.53
254.19 44.31
260.98 51.62
265.68 44.31
271.94 49.53
276.11 43.27
284.47 50.57
290.73 45.35
295.43 43.27
295.43 38.05
291.25 34.39
300.64 41.70
236.19 232.20
18.67 217.77
90.27 191.18
86.18 200.38
4.09 38.75
11.76 35.68
273.13 62.28
464.68 18.90
