454.63 442.68
389.91 363.35
414.97 353.95
449.41 303.85
346.07 349.78
331.46 384.22
284.49 334.12
285.53 309.07
311.63 314.29
334.59 295.50
357.56 304.89
370.08 287.15
347.12 277.75
390.96 327.86
411.83 309.07
253.17 343.51
237.51 437.46
199.94 448.94
193.67 413.45
197.85 358.13
235.43 299.67
165.49 372.74
168.62 323.68
151.92 314.29
125.82 327.86
116.43 306.98
109.12 360.22
72.59 345.60
97.64 457.29
1.61 339.34
3.70 353.95
8.92 304.89
20.40 292.37
20.40 272.53
22.48 258.96
36.05 250.61
46.49 241.22
51.71 270.45
69.46 279.84
92.42 272.53
124.78 277.75
166.53 270.45
182.19 289.24
152.96 330.99
224.99 280.88
249.00 277.75
267.79 270.45
286.57 285.06
298.06 263.14
330.42 246.44
304.32 217.21
247.95 246.44
237.51 246.44
223.94 230.78
423.32 279.84
414.97 237.04
360.69 230.78
447.32 279.84
451.50 263.14
443.15 223.47
452.54 202.60
462.98 197.38
467.16 184.85
442.11 172.33
417.05 175.46
372.17 197.38
404.53 214.08
398.26 197.38
399.31 186.94
357.56 207.82
355.47 199.47
324.15 190.07
379.48 265.23
190.54 263.14
164.45 250.61
166.53 231.82
176.97 204.68
207.24 230.78
9.96 222.43
2.65 204.68
6.83 180.68
22.48 186.94
35.01 202.60
43.36 223.47
66.33 219.30
86.16 224.52
97.64 211.99
118.52 211.99
101.82 239.13
79.90 248.53
135.22 239.13
142.53 219.30
132.09 199.47
154.01 184.85
146.70 182.76
127.91 175.46
130.00 160.84
146.70 153.54
159.23 168.15
179.06 175.46
192.63 195.29
202.02 182.76
194.72 171.28
188.45 159.80
170.71 160.84
147.74 135.79
112.25 175.46
94.51 165.02
70.50 160.84
63.19 175.46
50.67 178.59
64.24 192.16
69.46 199.47
9.96 168.15
28.75 178.59
47.54 171.28
20.40 168.15
8.92 157.71
199.94 142.05
418.10 157.71
445.24 163.98
453.59 163.98
455.68 145.19
467.16 153.54
380.52 178.59
382.61 165.02
390.96 159.80
356.51 168.15
345.03 171.28
234.38 215.12
257.87 209.38
250.56 211.47
271.44 228.17
302.75 183.81
320.50 176.50
350.25 188.51
364.86 195.29
372.17 154.58
329.89 153.54
337.20 175.46
337.72 165.54
350.25 155.62
347.12 143.62
339.81 138.92
327.81 135.27
317.37 134.75
308.50 154.58
287.62 166.06
266.74 161.89
250.04 183.81
262.57 194.77
272.48 183.81
280.31 194.77
214.55 162.93
221.33 155.62
220.29 147.27
227.08 148.84
238.04 147.27
233.34 139.97
246.39 146.23
250.56 143.62
259.43 147.27
258.91 141.01
284.49 144.66
276.14 135.27
304.84 125.88
357.56 139.97
363.30 143.62
367.47 142.58
376.34 146.23
415.49 209.38
321.02 215.64
178.02 198.42
166.53 197.38
163.40 188.51
113.82 202.60
43.36 201.03
400.35 146.23
413.40 157.19
304.84 118.57
311.63 117.00
319.46 122.22
331.98 127.96
349.73 133.18
354.42 130.05
397.74 166.06
466.11 242.26
425.93 138.92
445.24 131.09
436.36 128.48
458.81 134.75
463.50 113.35
303.28 109.70
316.85 113.35
337.72 117.00
418.62 129.53
411.83 129.53
462.46 122.74
452.54 134.75
352.86 108.13
358.60 115.44
366.95 114.92
384.17 120.13
401.40 127.96
391.48 121.18
399.31 122.22
412.36 117.52
408.70 117.00
407.14 110.22
412.36 109.70
436.89 121.18
440.54 114.92
456.72 117.00
444.19 111.26
428.01 113.35
452.02 76.29
446.28 68.99
398.26 101.87
401.92 107.61
346.59 113.35
343.46 107.61
344.51 100.82
331.46 121.18
315.28 107.61
378.95 111.26
375.82 107.61
370.08 107.61
430.62 106.04
386.26 131.62
357.03 107.61
386.26 106.04
381.04 106.56
396.18 109.17
393.05 109.17
287.62 117.00
418.62 106.04
414.97 101.87
438.45 106.56
449.41 109.17
454.63 108.13
101.82 136.84
60.06 163.45
27.18 296.02
168.62 317.42
211.42 317.42
335.63 310.63
466.11 163.45
173.84 170.76
87.72 181.72
331.46 107.61
292.84 101.87
381.56 100.30
389.91 97.17
397.74 96.13
406.09 92.99
396.18 95.08
425.40 102.39
448.37 103.95
435.84 98.74
437.41 100.82
430.10 96.65
424.36 98.74
420.19 96.13
378.43 96.13
373.21 95.08
321.54 106.04
318.41 101.87
338.24 101.87
335.63 101.87
281.36 257.40
297.01 96.13
292.84 95.60
286.05 95.60
300.67 96.13
308.50 101.87
422.79 21.44
204.11 198.42
325.72 16.23
353.90 16.23
298.58 15.18
220.89 190.36
245.44 171.95
255.67 175.02
295.57 124.89
361.55 101.45
362.06 96.85
368.20 99.92
373.32 98.90
351.32 95.83
343.14 96.34
337.51 95.83
328.30 99.92
324.72 94.80
324.21 97.87
318.08 93.27
312.96 97.87
330.35 92.25
