17.21 284.16
1.55 343.66
48.52 347.84
87.14 333.22
111.15 316.52
82.97 279.99
115.33 273.73
108.02 243.45
72.53 201.70
42.26 200.66
21.38 221.53
28.69 251.80
31.82 165.17
31.82 153.68
10.94 164.12
5.73 146.38
78.79 185.00
74.62 168.30
52.70 158.90
15.12 127.59
1.55 127.59
6.77 142.20
42.26 129.68
55.83 128.63
64.18 134.90
77.75 127.59
86.10 125.50
100.71 109.84
100.71 135.94
95.49 214.23
95.49 153.68
97.58 410.47
157.08 333.22
136.20 301.91
158.12 241.37
153.95 216.31
138.29 214.23
153.95 170.39
137.25 156.82
128.90 155.77
118.46 153.68
117.42 182.91
179.00 309.22
219.71 314.43
235.37 391.68
193.62 438.65
300.09 312.35
275.03 302.95
240.59 252.85
191.53 273.73
195.70 243.45
209.27 234.06
211.36 186.04
194.66 177.69
187.35 158.90
343.93 298.78
358.54 333.22
405.51 283.12
404.47 258.07
378.37 263.29
355.41 244.50
332.44 253.89
319.92 236.15
342.88 226.75
299.04 276.86
278.17 258.07
436.83 292.51
452.49 386.46
454.57 248.67
465.01 229.88
441.00 226.75
422.21 219.45
403.43 234.06
391.94 212.14
359.58 195.44
385.68 166.21
442.05 195.44
452.49 195.44
466.06 179.78
266.68 228.84
275.03 186.04
329.31 179.78
242.68 228.84
238.50 212.14
216.58 157.86
246.85 172.47
237.46 151.60
227.02 146.38
214.49 148.47
222.84 133.85
247.89 121.33
272.95 124.46
317.83 146.38
285.47 163.08
291.74 146.38
290.69 135.94
332.44 156.82
334.53 148.47
365.85 139.07
310.52 214.23
271.90 106.71
244.76 112.98
236.41 112.98
234.32 94.19
222.84 102.54
212.40 96.27
213.45 83.75
201.97 91.05
184.22 98.36
180.05 106.71
175.87 125.50
168.56 131.76
150.82 131.76
170.65 150.55
183.18 143.25
195.70 131.76
126.81 133.85
116.37 136.98
151.86 120.28
141.42 134.90
141.42 117.15
126.81 102.54
115.33 114.02
118.46 99.41
104.89 96.27
95.49 91.05
74.62 101.49
309.48 127.59
307.39 114.02
299.04 108.80
333.49 117.15
344.97 120.28
455.62 164.12
432.13 158.38
439.44 160.47
418.56 177.17
387.25 132.81
369.50 125.50
339.75 137.51
325.14 144.29
317.83 103.58
360.11 102.54
352.80 124.46
352.28 114.54
339.75 104.62
342.88 92.62
350.19 87.92
362.19 84.27
372.63 83.75
381.50 103.58
402.38 115.06
423.26 110.89
439.96 132.81
427.43 143.77
417.52 132.81
409.69 143.77
468.67 104.62
462.92 97.84
451.96 96.27
456.66 88.97
443.61 95.23
439.44 92.62
430.57 96.27
431.09 90.01
405.51 93.66
413.86 84.27
385.16 74.88
332.44 88.97
326.70 92.62
322.53 91.58
313.66 95.23
274.51 158.38
368.98 164.64
289.65 95.23
276.60 106.19
196.22 84.79
199.36 80.62
187.35 76.44
185.26 68.09
173.78 85.84
163.87 88.97
165.43 81.14
171.17 73.83
164.91 71.22
385.16 67.57
378.37 66.00
370.54 71.22
358.02 76.96
340.27 82.18
335.58 79.05
292.26 115.06
214.49 178.21
223.89 191.26
207.71 135.42
264.07 87.92
244.76 80.09
253.64 77.48
231.19 83.75
215.01 65.48
226.50 62.35
386.72 58.70
373.15 62.35
352.28 66.00
271.38 78.53
278.17 78.53
227.54 71.74
237.46 83.75
337.14 57.13
331.40 64.44
323.05 63.92
305.83 69.13
288.60 76.96
298.52 70.18
290.69 71.22
277.64 66.52
281.30 66.00
282.86 59.22
277.64 58.70
253.11 70.18
249.46 63.92
233.28 66.00
245.81 60.26
261.99 62.35
219.19 74.88
237.98 25.29
243.72 17.99
291.74 50.87
288.08 56.61
343.41 62.35
346.54 56.61
345.49 49.82
358.54 70.18
374.72 56.61
311.05 60.26
314.18 56.61
319.92 56.61
259.38 55.04
303.74 80.62
332.97 56.61
303.74 55.04
308.96 55.56
293.82 58.17
296.95 58.17
402.38 66.00
271.38 55.04
275.03 50.87
251.55 55.56
240.59 58.17
235.37 57.13
157.08 80.62
154.47 84.27
354.37 259.63
195.70 266.42
173.78 260.68
157.08 131.76
200.92 115.58
223.89 112.45
358.54 56.61
397.16 50.87
308.44 49.30
300.09 46.17
292.26 45.13
283.91 41.99
293.82 44.08
264.60 51.39
241.63 52.95
254.16 47.74
252.59 49.82
259.90 45.65
265.64 47.74
269.81 45.13
311.57 45.13
316.79 44.08
368.46 55.04
371.59 50.87
351.76 50.87
354.37 50.87
408.64 206.40
392.99 45.13
397.16 44.60
403.95 44.60
389.33 45.13
381.50 50.87
0.25 167.78
42.52 178.74
94.71 193.35
2.85 79.05
11.73 84.27
22.69 85.31
16.42 78.01
21.12 74.88
26.86 78.53
38.87 74.88
44.09 74.88
42.00 51.39
40.43 85.84
46.17 82.18
51.91 81.66
59.74 87.92
57.66 79.05
66.01 85.31
70.18 75.40
81.66 75.40
76.44 81.66
78.53 89.49
85.32 88.97
85.32 79.57
93.15 76.96
104.63 78.53
106.19 73.31
112.98 80.62
117.68 73.31
123.94 78.53
128.11 72.27
136.47 79.57
142.73 74.35
147.43 72.27
147.43 67.05
143.25 63.39
152.64 70.70
88.19 261.20
125.13 91.28
444.56 120.95
434.33 124.02
394.43 73.89
328.45 50.45
327.94 45.85
321.80 48.92
316.68 47.90
338.68 44.83
346.86 45.34
352.49 44.83
361.70 48.92
365.28 43.80
365.79 46.87
371.92 42.27
377.04 46.87
359.65 41.25
