148.31 400.49
97.11 280.08
251.66 275.33
587.31 81.91
9.88 179.57
7.99 56.31
51.60 61.05
68.67 49.68
114.18 107.51
122.71 148.28
155.90 129.32
190.98 126.48
194.77 114.15
170.12 115.10
154.00 106.56
132.19 74.33
118.92 31.66
86.68 16.49
58.24 12.70
49.71 7.96
26.00 6.06
123.66 1.32
155.90 5.11
199.51 17.44
224.16 19.33
229.85 73.38
249.76 107.51
326.56 123.63
322.77 88.55
306.65 24.08
268.73 28.82
278.21 2.27
298.12 6.06
328.46 3.22
379.66 14.59
395.78 62.95
458.36 39.25
455.51 80.02
511.45 18.39
541.79 25.02
575.93 14.59
584.46 1.32
14.15 27.04
35.79 10.35
37.28 17.20
60.19 23.63
