425.88 760.10
253.31 533.49
202.11 413.08
356.66 408.33
739.71 324.90
807.03 371.36
824.10 213.96
692.31 214.91
45.67 305.93
61.79 279.39
114.88 312.57
99.71 239.56
87.39 217.76
80.75 191.21
58.94 187.42
14.38 176.99
18.17 157.08
35.24 146.65
44.72 148.54
71.27 156.13
87.39 158.97
112.99 189.31
156.60 194.05
173.67 182.68
219.18 240.51
227.71 281.28
260.90 262.32
295.98 259.48
299.77 247.15
275.12 248.10
259.00 239.56
237.19 207.33
223.92 164.66
191.68 149.49
163.24 145.70
154.71 140.96
131.00 139.06
228.66 134.32
260.90 138.11
304.51 150.44
329.16 152.33
334.85 206.38
354.76 240.51
431.56 256.63
427.77 221.55
411.65 157.08
373.73 161.82
383.21 135.27
403.12 139.06
433.46 136.22
460.96 132.42
191.68 128.63
484.66 147.59
500.78 195.95
563.36 172.25
560.51 213.02
616.45 151.39
646.79 158.02
680.93 147.59
689.46 134.32
757.73 135.27
808.93 131.48
882.88 143.80
840.22 155.18
938.82 129.58
872.69 126.38
893.31 114.53
900.90 122.11
915.83 116.90
892.13 96.51
813.19 110.97
838.08 112.63
855.15 81.58
822.44 69.02
798.73 80.63
818.88 89.64
803.95 82.29
774.56 73.05
783.33 52.42
783.80 46.02
776.45 36.31
781.19 42.47
796.36 54.56
802.76 49.82
798.73 41.28
814.85 66.88
824.57 48.87
819.59 37.49
814.85 43.65
811.06 35.83
836.42 41.76
831.68 35.59
856.10 56.22
870.32 37.25
892.13 39.39
910.38 38.44
934.08 45.79
950.44 59.53
973.67 106.71
985.76 140.36
948.54 111.45
1007.56 93.91
985.28 52.66
1000.45 51.24
987.18 38.68
945.70 36.31
1005.05 5.65
1009.76 31.89
972.42 14.11
962.59 26.32
973.64 4.53
988.57 4.14
953.11 22.76
947.89 19.15
941.25 7.37
945.28 9.18
956.04 6.42
943.03 31.12
935.03 25.96
919.09 21.34
908.72 29.13
910.50 21.79
866.53 33.19
859.95 15.95
894.68 15.89
898.76 13.28
902.47 7.40
889.99 11.11
894.56 8.26
911.92 14.11
879.92 33.85
843.42 22.97
847.92 32.81
973.08 42.17
695.15 110.26
745.88 120.93
725.96 84.90
747.53 74.23
742.32 65.22
737.82 49.58
733.08 45.79
736.16 37.49
738.29 42.23
725.02 40.57
720.51 49.58
713.40 57.16
704.63 46.50
703.45 62.62
695.86 47.21
687.56 44.13
690.88 39.62
702.73 34.88
716.48 34.41
727.15 66.88
717.43 76.36
725.49 75.18
706.53 88.69
689.22 92.25
689.46 80.16
684.01 83.24
665.99 77.79
678.32 61.19
681.64 46.50
665.52 54.56
665.99 44.84
667.42 39.86
670.97 36.31
659.59 42.94
653.91 44.84
651.06 61.91
640.39 48.87
637.55 41.99
643.95 45.08
650.11 40.81
651.53 32.99
633.52 33.93
623.33 42.94
623.33 55.51
618.35 58.59
620.48 50.05
633.28 66.41
620.72 67.83
612.19 70.44
608.87 79.92
620.01 80.16
640.87 103.62
649.64 94.62
666.23 111.45
652.25 115.00
575.45 90.82
558.62 92.01
565.96 80.39
559.80 73.52
566.91 60.96
584.69 54.79
583.51 50.05
605.08 50.29
609.58 54.08
602.94 62.38
596.54 56.93
593.22 49.82
588.48 55.03
598.91 46.26
596.78 77.79
587.53 81.11
588.72 89.40
615.27 36.31
525.19 78.97
515.71 106.47
539.18 90.59
547.48 98.65
540.36 41.99
532.31 43.18
514.76 50.05
802.76 30.32
790.08 26.65
803.12 18.71
779.06 22.62
765.91 31.27
765.91 35.65
760.33 45.02
761.64 56.04
755.12 59.00
768.75 67.77
766.26 45.02
752.75 38.02
749.91 33.40
753.22 29.02
737.82 25.82
745.40 20.01
730.35 29.49
736.39 19.65
712.57 30.20
704.16 32.22
705.46 29.37
683.18 31.51
702.02 17.64
709.85 19.06
714.23 19.42
720.63 17.16
693.96 17.76
696.22 37.67
831.48 15.13
842.23 17.98
853.43 13.05
816.04 22.59
814.08 13.28
801.58 11.03
759.15 21.82
765.49 17.96
773.67 15.83
776.33 13.28
782.97 18.14
790.85 18.20
749.73 9.25
743.80 10.02
748.90 17.55
759.15 11.74
794.65 10.38
754.20 7.05
749.88 5.51
760.39 6.57
764.60 6.99
770.11 9.92
762.68 14.36
733.19 10.79
736.87 8.96
728.63 12.99
724.54 16.31
730.53 23.65
737.28 13.58
882.21 1.23
887.24 15.36
874.56 21.82
14.38 160.99
28.36 125.67
46.14 113.58
70.56 130.41
80.04 137.76
71.51 125.91
94.02 127.56
99.48 142.73
119.15 160.04
105.88 125.19
117.96 123.77
108.96 112.87
110.85 106.47
99.71 106.47
126.73 107.18
140.48 96.04
158.73 93.19
159.68 98.41
168.69 95.80
171.06 95.56
176.99 70.20
182.44 104.81
184.33 98.17
183.62 111.92
164.90 108.84
146.17 108.60
151.15 107.65
142.85 115.00
202.35 126.85
205.91 104.81
217.99 110.73
228.42 101.96
230.79 113.82
236.72 108.13
291.71 89.64
272.99 74.71
264.93 85.13
261.61 102.68
266.35 93.91
269.43 85.37
269.43 93.43
254.02 103.15
258.05 109.79
248.10 122.23
297.40 92.96
301.19 85.13
322.05 80.63
322.29 89.40
336.04 93.67
339.36 85.13
330.82 91.77
346.94 89.64
310.44 99.12
303.80 97.93
338.65 114.76
356.90 108.84
389.61 126.62
400.28 103.62
389.85 101.96
383.92 96.51
391.74 74.71
384.87 75.89
377.05 75.65
369.93 77.79
402.41 78.97
407.62 89.40
414.73 84.66
415.21 98.17
420.90 119.03
439.86 122.59
445.31 102.44
465.22 101.96
466.65 93.43
454.08 93.43
448.39 87.74
440.10 87.27
419.48 78.73
412.60 71.62
418.53 69.02
423.03 65.22
435.36 57.16
439.62 65.46
439.62 73.05
436.54 79.68
459.30 76.84
447.45 79.68
451.24 65.70
441.28 61.19
444.36 53.13
446.02 62.62
453.85 57.88
457.88 57.40
466.17 53.85
464.04 49.82
466.65 66.41
464.75 62.38
360.93 47.45
490.47 52.72
492.84 84.01
504.22 84.60
497.93 76.19
480.16 85.91
485.37 80.69
473.52 87.68
475.42 65.99
472.69 60.90
476.96 59.36
478.97 52.72
480.63 44.66
470.91 53.19
505.40 43.83
495.92 45.85
492.72 46.32
512.75 39.21
518.32 37.08
510.50 45.13
519.27 42.65
535.03 35.89
563.00 34.59
559.80 41.34
549.37 41.82
559.33 33.99
548.42 35.42
543.56 37.19
543.68 40.28
546.05 39.80
473.88 44.66
497.11 43.36
569.28 34.82
572.13 34.11
590.38 32.22
586.94 33.99
600.33 29.25
614.32 29.13
649.40 22.73
654.97 21.67
663.62 24.63
647.62 28.31
641.22 25.46
637.67 27.71
639.33 37.43
640.87 34.82
671.21 19.18
679.15 23.21
680.33 32.81
703.33 12.35
710.88 13.65
713.99 14.72
718.68 13.21
901.31 31.18
828.78 21.22
821.49 21.76
16.01 224.57
841.59 9.79
848.49 5.96
855.65 4.13
835.51 2.73
830.81 6.05
827.30 8.93
832.92 11.90
823.21 7.41
863.93 4.98
1019.52 20.51
867.13 8.17
731.59 5.75
728.77 3.71
721.36 4.47
718.80 6.26
725.19 2.17
736.19 4.47
741.56 2.17
737.72 1.40
746.42 1.92
753.58 2.68
762.27 1.92
775.83 3.19
789.90 10.10
792.71 3.96
796.03 1.92
826.98 1.92
860.22 1.40
923.39 6.77
925.18 3.19
914.95 3.71
902.68 3.19
843.09 1.40
140.79 143.35
142.28 150.20
165.19 156.63
822.20 29.43
806.15 4.60
773.40 6.52
721.49 26.54
688.75 13.05
699.55 14.77
687.25 26.22
