421.69 496.49
472.89 376.08
318.34 371.33
613.21 242.39
560.12 275.57
575.29 202.56
587.61 180.76
594.25 154.21
603.73 119.13
587.61 121.97
562.01 152.31
518.40 157.05
501.33 145.68
455.82 203.51
447.29 244.28
414.10 225.32
379.02 222.48
375.23 210.15
399.88 211.10
416.00 202.56
437.81 170.33
451.08 127.66
483.32 112.49
511.76 108.70
520.29 103.96
544.00 102.06
446.34 97.32
414.10 101.11
370.49 113.44
345.84 115.33
340.15 169.38
320.24 203.51
243.44 219.63
247.23 184.55
263.35 120.08
301.27 124.82
291.79 98.27
271.88 102.06
241.54 99.22
214.04 95.42
483.32 91.63
190.34 110.59
174.22 158.95
111.64 135.25
114.49 176.02
58.55 114.39
28.21 121.02
9.01 40.79
9.48 17.56
9.01 7.84
7.58 2.86
15.41 5.94
21.09 7.84
23.94 24.91
34.61 11.87
37.45 4.99
31.05 8.08
24.89 3.81
51.67 5.94
51.67 18.51
56.65 21.59
54.52 13.05
41.72 29.41
54.28 30.83
62.81 33.44
66.13 42.92
54.99 43.16
34.13 66.62
25.36 57.62
8.77 74.45
22.75 78.00
99.55 53.82
116.38 55.01
109.04 43.39
115.20 36.52
108.09 23.96
90.31 17.79
91.49 13.05
69.92 13.29
65.42 17.08
72.06 25.38
78.46 19.93
81.78 12.82
86.52 18.03
76.09 9.26
78.22 40.79
87.47 44.11
86.28 52.40
149.81 41.97
159.29 69.47
135.82 53.59
127.52 61.65
134.64 4.99
142.69 6.18
160.24 13.05
604.44 93.41
594.96 100.76
603.49 88.91
580.98 90.56
575.52 105.73
555.85 123.04
569.12 88.19
557.04 86.77
566.04 75.87
564.15 69.47
575.29 69.47
548.27 70.18
534.52 59.04
516.27 56.19
515.32 61.41
506.31 58.80
503.94 58.56
498.01 33.20
492.56 67.81
490.67 61.17
491.38 74.92
510.10 71.84
528.83 71.60
523.85 70.65
532.15 78.00
472.65 89.85
469.09 67.81
457.01 73.73
446.58 64.96
444.21 76.82
438.28 71.13
383.29 52.64
402.01 37.71
410.07 48.13
413.39 65.68
408.65 56.91
405.57 48.37
405.57 56.43
420.98 66.15
416.95 72.79
426.90 85.23
377.60 55.96
373.81 48.13
352.95 43.63
352.71 52.40
338.96 56.67
335.64 48.13
344.18 54.77
328.06 52.64
364.56 62.12
371.20 60.93
336.35 77.76
318.10 71.84
285.39 89.62
274.72 66.62
285.15 64.96
291.08 59.51
283.26 37.71
290.13 38.89
297.95 38.65
305.07 40.79
272.59 41.97
267.38 52.40
260.27 47.66
259.79 61.17
254.10 82.03
235.14 85.59
229.69 65.44
209.78 64.96
208.35 56.43
220.92 56.43
226.61 50.74
234.90 50.27
255.52 41.73
262.40 34.62
256.47 32.02
251.97 28.22
239.64 20.16
235.38 28.46
235.38 36.05
238.46 42.68
215.70 39.84
227.55 42.68
223.76 28.70
233.72 24.19
230.64 16.13
228.98 25.62
221.15 20.88
217.12 20.40
208.83 16.85
210.96 12.82
208.35 29.41
210.25 25.38
314.07 10.45
184.53 15.72
182.16 47.01
170.78 47.60
177.07 39.19
194.84 48.91
189.63 43.69
201.48 50.68
199.58 28.99
202.31 23.90
198.04 22.36
196.03 15.72
194.37 7.66
204.09 16.19
169.60 6.83
179.08 8.85
182.28 9.32
162.25 2.21
156.68 0.08
164.50 8.13
155.73 5.65
115.20 4.34
125.63 4.82
131.44 0.19
131.32 3.28
128.95 2.80
201.12 7.66
177.89 6.36
35.67 0.43
534.21 106.35
532.72 113.20
509.81 119.63
