809.86 631.28
808.83 600.38
854.15 522.09
930.38 507.67
868.83 438.65
841.02 434.53
852.35 400.02
853.89 373.24
864.71 320.70
870.89 301.13
862.65 269.71
842.05 255.29
854.41 232.63
815.78 281.04
802.39 267.65
813.20 309.37
807.54 339.76
794.15 350.06
809.08 426.80
820.41 477.28
783.33 513.33
772.51 480.37
753.46 455.13
727.19 442.77
765.30 385.09
784.36 401.05
747.28 361.39
759.64 358.82
783.85 323.28
747.28 319.16
738.52 286.71
784.36 286.71
761.18 255.29
887.11 189.36
870.63 185.24
854.15 207.91
855.18 170.82
878.87 146.10
899.48 126.53
891.23 85.32
907.72 72.96
927.29 63.69
922.14 30.73
888.14 20.43
882.99 48.24
866.51 60.60
855.18 77.08
841.79 96.66
832.52 61.63
859.30 29.70
850.03 11.16
820.16 19.40
807.80 32.79
807.80 65.75
790.28 84.29
782.04 63.69
763.50 88.41
755.26 66.78
749.08 114.17
812.95 101.81
836.64 163.61
829.43 147.13
805.74 126.53
788.22 188.33
805.74 221.30
781.01 237.78
736.72 233.66
741.87 262.50
715.09 252.20
708.91 224.39
736.72 196.58
770.71 167.73
763.50 141.98
779.98 143.01
762.47 105.93
723.33 77.08
729.51 52.36
742.90 40.00
729.51 25.58
752.17 11.16
709.94 103.87
716.12 131.68
734.66 105.93
750.11 175.97
745.99 161.55
754.23 199.67
707.88 168.76
693.45 170.82
673.88 185.24
678.00 222.33
684.18 276.92
708.91 325.34
681.09 302.68
721.27 378.90
699.63 370.66
685.21 460.28
714.06 513.85
740.84 542.69
652.25 633.34
630.62 668.37
642.98 515.91
664.61 498.40
652.25 474.70
657.40 423.20
651.22 375.81
638.86 357.27
624.44 342.85
651.22 302.68
637.83 272.80
662.55 261.47
631.65 233.66
649.16 214.09
636.80 193.49
648.13 173.91
635.77 159.49
636.80 132.71
658.43 99.75
661.52 119.32
681.09 87.38
693.45 73.99
632.68 299.59
615.17 314.01
636.80 328.43
619.29 378.90
606.92 423.20
611.04 508.70
592.50 578.75
577.05 591.11
572.93 616.86
589.41 377.87
558.51 421.14
558.51 556.08
573.96 443.80
511.12 448.95
690.36 28.67
703.75 19.40
720.24 15.28
679.03 7.04
674.91 27.64
668.73 68.84
649.16 60.60
654.31 38.97
631.65 52.36
633.71 37.94
633.71 19.40
640.92 81.20
637.83 102.84
604.86 258.38
587.35 273.83
594.56 299.59
577.05 257.35
586.32 225.42
589.41 200.70
602.80 116.23
590.44 93.56
599.71 72.96
605.89 51.33
608.98 28.67
599.71 16.31
578.08 7.04
557.48 52.36
535.85 32.79
586.32 172.88
546.15 162.58
558.51 124.47
535.85 333.58
594.56 356.24
541.00 377.87
522.46 377.87
607.95 401.57
502.88 415.99
491.55 393.33
499.79 322.25
538.94 295.47
516.27 257.35
512.15 222.33
524.52 204.82
561.60 213.06
553.36 195.55
488.46 282.07
475.07 355.21
454.47 336.67
443.14 299.59
432.84 349.03
411.20 340.79
367.94 339.76
461.68 402.60
460.65 475.74
450.35 460.28
413.26 439.68
414.29 397.45
572.93 75.02
553.36 19.40
520.40 16.31
503.91 23.52
509.06 41.03
538.94 52.36
538.94 83.26
549.24 99.75
533.79 99.75
517.31 107.99
532.76 145.07
504.94 140.95
523.49 181.12
499.79 69.87
491.55 109.02
475.07 157.43
455.50 149.19
457.56 116.23
462.71 95.62
476.10 89.44
457.56 72.96
477.13 51.33
485.37 21.46
461.68 10.13
443.14 7.04
466.83 35.88
454.47 25.58
445.20 73.99
427.69 31.76
413.26 31.76
407.08 60.60
390.60 40.00
381.33 15.28
358.67 46.18
345.28 28.67
340.13 11.16
374.12 66.78
398.84 86.35
425.63 109.02
417.38 122.41
433.87 167.73
429.75 195.55
454.47 213.06
471.98 227.48
488.46 244.99
466.83 254.26
467.86 266.62
462.71 284.13
429.75 248.08
433.87 228.51
417.38 288.26
420.47 269.71
384.42 269.71
384.42 249.11
370.00 236.75
384.42 217.18
367.94 187.30
405.02 170.82
387.51 167.73
400.90 141.98
380.30 147.13
383.39 122.41
363.82 101.81
372.06 84.29
332.92 80.17
334.98 62.66
325.70 52.36
306.13 49.27
283.47 60.60
302.01 64.72
299.95 76.05
256.69 60.60
298.92 97.69
342.19 126.53
308.19 135.80
334.98 163.61
350.43 191.43
345.28 207.91
324.67 191.43
299.95 183.18
280.38 175.97
274.20 153.31
297.89 159.49
262.87 167.73
228.87 143.01
244.33 143.01
264.93 126.53
280.38 129.62
242.27 114.17
217.54 171.85
231.96 185.24
266.99 205.85
242.27 221.30
189.73 212.03
193.85 185.24
205.18 241.90
252.57 264.56
307.16 257.35
310.25 239.84
289.65 217.18
339.10 235.72
345.28 286.20
380.30 320.19
314.37 316.07
277.29 321.22
279.35 298.56
279.35 262.50
259.78 290.32
231.96 307.83
211.36 278.98
203.12 299.59
181.49 270.74
182.52 322.25
156.77 300.62
178.40 299.59
131.01 271.77
112.47 285.16
153.68 218.21
136.16 336.67
109.38 316.07
66.12 330.49
75.39 309.89
145.44 387.15
174.28 356.24
244.33 345.94
305.10 357.27
295.83 340.79
383.39 383.03
317.46 383.03
337.04 414.96
380.30 413.93
353.52 387.15
462.71 380.97
486.40 579.78
451.38 626.13
376.18 600.38
416.35 551.96
391.63 565.35
330.86 628.19
302.01 542.69
312.31 497.37
325.70 471.61
294.80 434.53
295.83 402.60
250.51 390.24
271.11 476.77
207.24 456.16
209.30 534.45
217.54 506.64
243.30 567.41
256.69 632.31
181.49 662.18
150.59 662.18
142.35 609.65
105.26 606.56
54.79 598.32
40.36 513.85
0.19 494.28
134.10 481.92
144.41 431.44
191.79 425.26
193.85 385.09
231.96 385.09
218.57 339.76
54.79 407.75
24.91 394.36
46.55 437.62
60.97 471.61
94.96 481.92
9.46 469.55
