2.14 241.27
16.56 226.85
3.17 156.80
9.35 117.66
4.20 77.49
5.23 43.49
4.20 16.71
8.32 183.59
25.83 198.01
4.20 212.43
21.71 262.90
34.08 307.20
29.96 392.70
48.50 462.75
63.95 475.11
68.07 500.86
51.59 261.87
82.49 305.14
82.49 440.08
67.04 327.80
129.88 332.95
36.14 142.38
53.65 157.83
46.44 183.59
63.95 141.35
54.68 109.42
51.59 84.70
38.20 0.23
54.68 56.88
94.85 46.58
82.49 8.47
105.15 217.58
46.44 240.24
100.00 261.87
118.54 261.87
33.05 285.57
138.12 299.99
149.45 277.33
141.21 206.25
102.06 179.47
124.73 141.35
128.85 106.33
116.48 88.82
79.40 97.06
87.64 79.55
152.54 166.07
165.93 239.21
186.53 220.67
197.86 183.59
208.16 233.03
229.80 224.79
273.06 223.76
179.32 286.60
180.35 359.74
190.65 344.28
227.74 323.68
226.71 281.45
108.24 29.07
136.06 24.95
117.51 65.12
165.93 41.43
185.50 33.19
183.44 0.23
223.62 6.41
207.13 51.73
211.25 79.55
186.53 97.06
169.02 111.48
152.54 128.99
174.17 138.26
173.14 150.62
178.29 168.13
211.25 132.08
207.13 112.51
223.62 172.26
220.53 153.71
256.58 153.71
256.58 133.11
271.00 120.75
256.58 101.18
273.06 71.30
235.98 54.82
253.49 51.73
240.10 25.98
260.70 31.13
257.61 6.41
298.81 10.53
332.81 19.80
306.02 47.61
290.57 75.43
295.72 91.91
316.33 75.43
341.05 67.18
360.62 59.97
366.80 37.31
343.11 43.49
378.13 51.73
412.13 27.01
396.67 27.01
376.07 10.53
360.62 13.62
423.46 55.85
409.04 69.24
374.01 89.85
398.73 105.30
451.27 96.03
447.15 69.24
435.82 125.90
388.43 148.56
333.84 141.35
330.75 123.84
351.35 101.18
301.90 119.72
295.72 170.20
260.70 204.19
326.63 200.07
363.71 205.22
361.65 182.56
361.65 146.50
381.22 174.32
409.04 191.83
429.64 162.98
437.88 183.59
459.51 154.74
458.48 206.25
484.23 184.62
462.60 183.59
509.99 155.77
528.53 169.16
487.32 102.21
504.84 220.67
531.62 200.07
495.56 271.15
466.72 240.24
396.67 229.94
335.90 241.27
345.17 224.79
257.61 267.03
323.54 267.03
303.96 298.96
260.70 297.93
287.48 271.15
178.29 264.97
154.60 463.78
189.62 510.13
264.82 484.38
224.65 435.96
249.37 449.35
310.14 512.19
338.99 426.69
328.69 381.37
315.30 355.61
346.20 318.53
345.17 286.60
390.49 274.24
369.89 360.77
433.76 340.16
431.70 418.45
423.46 390.64
397.70 451.41
384.31 516.31
459.51 546.18
490.41 546.18
498.65 493.65
535.74 490.56
506.90 365.92
496.59 315.44
449.21 309.26
447.15 269.09
409.04 269.09
422.43 223.76
546.04 365.92
