0.83 182.01
9.08 291.20
4.96 376.70
23.50 446.75
38.95 459.11
43.07 484.86
26.59 245.87
57.49 289.14
57.49 424.08
42.04 311.80
104.88 316.95
11.14 126.38
28.65 141.83
21.44 167.59
38.95 125.35
29.68 93.42
26.59 68.70
29.68 40.88
69.85 30.58
80.15 201.58
21.44 224.24
75.00 245.87
93.54 245.87
8.05 269.57
113.12 283.99
124.45 261.33
116.21 190.25
77.06 163.47
99.73 125.35
103.85 90.33
91.48 72.82
54.40 81.06
62.64 63.55
127.54 150.07
140.93 223.21
161.53 204.67
172.86 167.59
183.16 217.03
204.80 208.79
248.06 207.76
154.32 270.60
155.35 343.74
165.65 328.28
202.74 307.68
201.71 265.45
83.24 13.07
111.06 8.95
92.51 49.12
140.93 25.43
160.50 17.19
182.13 35.73
186.25 63.55
161.53 81.06
144.02 95.48
127.54 112.99
149.17 122.26
148.14 134.62
153.29 152.13
186.25 116.08
182.13 96.51
198.62 156.26
195.53 137.71
231.58 137.71
231.58 117.11
246.00 104.75
231.58 85.18
248.06 55.30
210.98 38.82
228.49 35.73
215.10 9.98
235.70 15.13
307.81 3.80
281.02 31.61
265.57 59.43
270.72 75.91
291.33 59.43
316.05 51.18
335.62 43.97
341.80 21.31
318.11 27.49
353.13 35.73
387.13 11.01
371.67 11.01
398.46 39.85
384.04 53.24
349.01 73.85
373.73 89.30
426.27 80.03
422.15 53.24
410.82 109.90
363.43 132.56
308.84 125.35
305.75 107.84
326.35 85.18
276.90 103.72
270.72 154.20
235.70 188.19
301.63 184.07
338.71 189.22
336.65 166.56
336.65 130.50
356.22 158.32
384.04 175.83
404.64 146.98
412.88 167.59
434.51 138.74
433.48 190.25
459.23 168.62
437.60 167.59
484.99 139.77
503.53 153.16
462.32 86.21
479.84 204.67
506.62 184.07
540.61 177.89
470.56 255.15
441.72 224.24
371.67 213.94
310.90 225.27
320.17 208.79
232.61 251.03
298.54 251.03
278.96 282.96
235.70 281.93
262.48 255.15
153.29 248.97
129.60 447.78
164.62 494.13
239.82 468.38
199.65 419.96
224.37 433.35
285.14 496.19
313.99 410.69
303.69 365.37
290.30 339.61
321.20 302.53
320.17 270.60
365.49 258.24
344.89 344.77
408.76 324.16
406.70 402.45
398.46 374.64
372.70 435.41
359.31 500.31
434.51 530.18
465.41 530.18
473.65 477.65
510.74 474.56
481.90 349.92
471.59 299.44
424.21 293.26
422.15 253.09
384.04 253.09
397.43 207.76
521.04 349.92
