862.87 594.48
925.89 575.42
854.07 537.32
956.67 440.58
1003.57 475.76
1006.50 421.53
985.98 393.68
918.56 401.01
858.47 395.15
881.92 449.38
779.32 478.69
708.97 682.42
681.13 617.93
997.58 317.84
958.01 291.45
908.91 287.06
898.65 342.02
859.08 325.16
864.21 286.32
822.44 299.52
826.84 375.73
957.28 259.94
1010.04 276.07
1004.91 237.96
952.15 225.50
985.86 253.35
927.23 222.57
973.40 198.39
1008.58 199.12
1018.84 167.61
988.79 110.45
958.74 167.61
947.75 190.32
907.45 176.40
908.18 152.95
944.09 133.16
1020.30 115.58
926.50 120.71
960.21 119.97
889.13 256.28
884.00 219.64
891.32 232.83
854.68 210.84
845.16 258.48
828.30 240.89
807.78 246.02
849.55 180.07
844.42 140.49
807.78 167.61
889.13 102.39
785.06 210.84
746.96 210.11
729.37 266.54
762.35 267.27
732.30 229.90
708.12 330.29
763.08 344.95
775.54 405.78
763.08 292.92
856.88 119.24
850.29 97.26
815.84 125.10
798.26 145.62
766.01 130.23
782.13 130.23
720.58 142.69
744.03 143.42
744.03 171.27
713.25 193.26
697.13 169.07
676.61 191.79
726.44 119.97
690.53 132.43
645.10 158.08
660.48 161.01
637.77 195.45
661.95 225.50
692.73 273.13
669.28 297.32
658.29 267.27
628.24 287.79
632.64 334.69
616.51 377.93
585.74 377.93
660.48 135.36
573.28 188.86
602.59 213.78
590.13 235.76
558.62 255.55
536.64 298.05
516.85 330.29
530.04 184.46
516.12 208.65
537.37 166.14
520.51 166.14
575.48 147.82
588.67 164.68
650.22 114.11
989.46 60.07
953.55 59.33
957.95 46.51
915.81 46.51
903.72 62.63
898.59 43.94
886.87 43.94
874.41 56.77
860.12 50.54
879.54 66.29
889.80 76.19
942.93 51.64
965.28 45.04
933.03 43.94
949.16 28.92
1005.22 70.32
982.13 10.97
972.61 17.93
1015.11 19.03
1011.08 31.12
990.93 43.94
1001.92 35.88
932.67 25.62
940.73 15.36
964.55 23.06
905.19 14.63
874.41 28.92
894.93 9.50
882.10 8.77
848.03 16.46
862.68 17.93
866.35 7.67
828.24 24.89
817.61 62.63
812.85 18.66
793.80 11.33
783.90 19.39
770.35 25.62
806.26 56.77
792.33 47.97
839.23 112.83
821.64 105.50
864.15 96.34
770.35 51.64
836.30 84.25
775.48 104.03
765.58 108.80
750.56 109.16
743.60 61.90
754.59 43.94
767.05 7.67
747.63 11.70
736.27 36.25
738.10 12.07
718.68 12.80
721.25 56.77
731.14 50.54
725.28 31.12
687.17 39.91
701.10 30.75
698.16 46.14
706.22 89.38
660.06 22.32
663.35 5.84
691.20 3.64
688.64 17.20
667.39 35.88
653.46 32.58
666.29 53.10
682.04 88.28
695.60 109.16
669.95 120.89
691.20 102.94
719.78 160.83
698.53 154.23
645.40 46.51
635.51 81.68
633.31 41.01
641.74 16.46
630.01 15.36
651.26 10.60
603.26 12.80
619.02 25.99
610.96 41.38
585.31 6.94
586.41 40.28
599.97 46.14
594.10 57.87
592.27 85.71
593.37 132.61
616.45 132.61
636.61 134.45
596.30 104.40
577.98 120.16
580.18 104.40
732.42 455.24
626.90 497.74
582.93 496.28
437.83 393.68
492.06 242.72
464.21 274.97
440.76 311.61
361.98 317.84
414.01 322.23
318.74 371.33
272.58 460.00
353.92 555.27
558.47 22.78
551.87 14.17
564.15 4.83
544.18 17.65
538.32 9.59
532.09 16.74
524.94 20.58
500.76 16.74
509.37 30.29
487.20 35.79
476.03 37.44
486.65 27.18
530.62 46.05
539.78 35.79
567.45 74.63
556.64 86.17
500.58 52.28
572.39 42.02
569.10 17.10
529.43 101.10
543.72 64.10
486.93 111.00
523.20 127.12
540.06 138.48
482.16 145.07
454.32 119.79
453.58 105.13
443.32 158.63
501.22 178.05
430.87 139.21
404.48 165.59
426.47 190.51
456.51 178.05
673.43 182.08
431.60 226.23
449.19 243.09
500.48 232.83
426.47 108.98
405.22 117.78
387.63 119.97
377.37 176.40
391.29 204.25
390.56 265.07
400.09 232.83
372.97 219.64
364.91 208.65
343.66 212.31
352.45 166.14
303.35 243.09
285.03 217.44
263.05 202.78
260.12 161.01
329.00 119.97
342.19 108.98
501.77 6.94
463.66 36.25
436.91 86.81
438.01 50.54
422.62 31.49
431.05 10.23
442.04 6.94
452.67 13.90
469.52 9.50
438.01 27.45
417.86 15.36
420.42 4.37
408.33 12.80
403.57 6.94
393.31 12.80
402.47 25.62
381.22 19.76
364.73 13.16
369.86 25.99
376.82 37.71
373.16 56.40
363.63 43.58
404.67 94.14
412.00 80.95
343.11 44.31
345.68 28.19
352.27 20.49
333.58 23.06
317.46 49.44
300.97 37.35
306.84 14.26
317.46 23.79
345.68 6.20
375.72 8.77
297.68 81.32
301.71 96.71
281.19 34.78
289.25 15.73
298.41 10.97
258.10 69.59
254.80 101.47
239.05 111.36
218.16 46.14
264.24 9.78
236.21 32.31
241.89 70.97
194.99 14.72
204.33 8.31
215.51 4.65
226.32 9.96
234.19 4.65
246.10 10.32
244.27 20.22
253.25 31.39
225.98 85.71
218.29 120.16
218.65 98.90
182.01 93.41
151.51 89.29
158.29 117.68
177.16 142.05
157.55 138.20
139.23 119.15
127.14 125.01
129.71 143.70
145.46 152.68
178.26 160.19
203.90 120.25
202.99 91.49
207.57 103.58
180.09 42.94
161.95 38.54
170.56 38.72
146.93 40.00
131.17 53.93
139.78 89.84
245.83 173.84
209.19 175.30
184.27 184.10
226.77 210.48
239.97 241.26
219.45 257.38
231.17 333.59
182.80 304.28
518.44 622.32
456.88 679.49
379.20 622.32
97.16 32.68
98.80 18.20
136.91 20.77
136.00 16.19
160.18 24.07
174.10 20.22
113.64 9.78
86.90 17.10
70.59 18.39
82.32 21.50
75.35 28.46
73.34 43.12
151.02 23.15
165.86 17.29
97.52 6.84
132.70 28.46
101.10 91.58
110.26 97.81
113.92 47.97
119.78 30.02
10.26 42.94
1.64 54.11
30.96 45.13
55.51 42.94
32.06 28.28
8.06 10.32
1.10 6.48
16.85 9.78
19.23 3.36
50.19 20.03
63.39 26.63
60.09 5.38
43.23 88.19
33.52 77.93
24.18 77.38
13.19 81.59
7.32 91.85
18.50 19.49
32.79 15.45
42.32 27.73
67.93 102.57
194.71 102.57
169.43 102.57
29.46 110.26
48.51 118.69
62.44 140.68
40.45 150.94
92.48 126.39
97.98 112.83
81.77 106.14
143.69 165.87
84.00 145.62
108.91 145.62
105.98 166.14
129.43 196.92
210.04 191.79
212.97 224.77
196.12 214.51
171.93 215.24
145.55 351.55
163.14 320.03
26.84 328.83
37.10 284.86
62.01 233.56
113.31 215.97
96.45 251.88
94.26 195.45
42.22 192.52
439.42 372.80
501.71 330.29
468.73 229.90
336.09 259.94
315.39 201.87
332.24 180.25
118.32 557.84
21.58 466.97
81.68 393.68
178.59 10.60
179.69 17.93
282.65 2.54
155.51 7.67
611.07 257.31
957.86 9.75
972.18 5.66
826.92 8.72
330.78 8.72
