29.26 331.93
41.72 142.86
12.41 167.78
24.87 189.76
56.38 209.55
78.36 252.05
98.15 284.29
84.96 138.46
98.88 162.65
77.63 120.14
94.49 120.14
39.52 101.82
26.33 118.68
15.03 0.14
20.90 11.87
22.73 39.71
21.63 86.61
18.70 58.40
37.02 74.16
34.82 58.40
32.07 450.28
177.17 347.68
122.94 196.72
150.79 228.97
174.24 265.61
253.02 271.84
200.99 276.23
296.26 325.33
342.42 414.00
261.08 509.27
84.38 0.05
47.55 28.63
58.36 40.17
114.42 6.28
85.57 55.10
71.28 18.10
128.07 65.00
91.80 81.12
74.94 92.48
132.84 99.07
160.68 73.79
161.42 59.13
171.68 112.63
113.78 132.05
184.13 93.21
210.52 119.59
188.53 144.51
158.49 132.05
183.40 180.23
165.81 197.09
114.52 186.83
188.53 62.98
209.78 71.78
227.37 73.97
237.63 130.40
223.71 158.25
224.44 219.07
214.91 186.83
242.03 173.64
250.09 162.65
271.34 166.31
262.55 120.14
311.65 197.09
329.97 171.44
351.95 156.78
354.88 115.01
286.00 73.97
272.81 62.98
178.09 40.81
176.99 4.54
241.84 10.40
210.33 48.14
203.00 34.95
297.54 3.44
317.32 35.32
313.29 50.71
356.90 23.59
360.20 55.47
375.95 65.36
396.84 0.14
373.11 24.97
389.02 39.71
396.71 74.16
396.35 52.90
432.99 47.41
463.49 43.29
456.71 71.68
437.84 96.05
457.45 92.20
475.77 73.15
487.86 79.01
485.29 97.70
469.54 106.68
436.74 114.19
411.10 74.25
412.01 45.49
407.43 57.58
483.83 7.93
475.22 43.84
369.17 127.84
405.81 129.30
430.73 138.10
388.23 164.48
375.03 195.26
395.55 211.38
383.83 287.59
432.20 258.28
96.56 576.32
235.80 576.32
513.90 45.58
504.74 51.81
501.08 1.97
613.36 8.11
571.77 42.19
581.48 31.93
590.82 31.38
601.81 35.59
607.68 45.85
547.07 56.57
420.29 56.57
445.57 56.57
585.54 64.26
566.49 72.69
552.56 94.68
574.55 104.94
522.52 80.39
517.02 66.83
533.23 60.14
471.31 119.87
531.00 99.62
506.09 99.62
509.02 120.14
485.57 150.92
404.96 145.79
402.03 178.77
418.88 168.51
443.07 169.24
469.45 305.55
451.86 274.03
588.16 282.83
577.90 238.86
552.99 187.56
501.69 169.97
518.55 205.88
520.74 149.45
572.78 146.52
175.58 326.80
113.29 284.29
146.27 183.90
278.91 213.94
299.61 155.87
282.76 134.25
496.68 511.84
593.42 420.97
533.32 347.68
3.93 211.31
