964.17 582.95
971.84 544.62
989.96 532.78
992.75 500.72
1005.99 478.42
1013.65 449.15
1022.02 433.12
1015.75 415.69
880.54 568.32
896.57 554.38
902.15 534.87
891.69 490.96
916.09 493.75
934.90 481.90
916.09 442.87
950.93 426.84
939.08 405.94
963.48 405.24
1000.41 385.73
889.60 408.73
871.48 402.45
879.85 417.78
876.36 432.42
865.21 446.36
823.40 466.57
831.06 449.15
814.34 415.00
817.82 400.36
831.76 384.33
803.19 381.55
799.00 504.20
805.97 552.99
839.43 532.78
411.06 430.33
422.90 419.88
445.20 410.12
487.02 384.33
477.26 424.75
503.05 424.75
479.35 438.00
468.90 463.78
470.99 449.15
430.57 471.45
481.44 490.26
530.23 463.78
529.53 440.78
546.95 424.75
562.98 422.66
580.41 415.69
580.41 400.36
592.95 389.21
564.38 382.94
613.86 389.21
675.88 382.94
648.70 415.00
628.49 423.36
596.43 452.63
584.59 473.54
549.74 525.11
573.44 537.65
562.98 543.23
537.20 557.17
500.96 552.29
523.96 571.80
503.75 583.65
607.59 570.41
619.43 571.80
637.55 544.62
652.19 513.26
621.52 500.02
636.16 495.14
641.04 479.81
675.19 472.14
666.13 445.66
668.22 421.97
684.94 412.91
705.15 417.09
709.33 385.73
726.06 412.91
749.06 402.45
754.63 386.42
689.82 454.02
748.36 450.54
759.51 435.90
776.24 421.97
790.87 395.48
754.63 493.75
759.51 478.42
738.61 523.72
726.76 533.47
715.61 559.26
705.85 548.11
725.36 582.95
769.97 536.96
648.70 605.95
934.21 386.08
945.36 369.35
948.84 347.05
972.54 358.90
975.32 327.53
991.35 341.47
998.32 320.57
1003.20 307.32
1016.44 275.27
1020.62 232.75
1000.41 244.60
997.63 202.79
868.00 379.11
889.60 366.56
907.03 346.35
923.06 326.84
937.69 319.87
943.27 304.54
953.02 292.69
967.66 242.51
976.02 225.09
976.02 216.73
973.23 204.88
934.21 204.88
923.75 202.79
914.00 236.94
898.66 253.66
879.85 255.06
896.57 263.42
877.76 266.21
875.67 303.84
856.15 298.96
846.39 305.93
839.43 333.81
854.76 341.47
833.15 356.80
817.12 364.47
809.46 303.14
828.97 269.69
859.64 229.27
854.06 211.85
801.10 218.12
808.76 206.97
762.07 374.23
771.13 360.99
765.55 338.69
760.67 326.84
782.98 314.29
696.56 361.68
674.26 349.84
723.74 317.08
717.47 299.66
741.16 310.81
757.89 317.78
747.43 287.81
721.65 278.05
757.89 258.54
776.01 250.87
644.99 371.44
647.08 325.44
632.44 310.81
649.86 306.63
664.50 308.02
670.77 273.87
700.74 266.21
720.95 243.21
726.53 228.57
727.22 243.90
745.34 228.57
743.95 216.03
754.40 208.36
756.49 201.39
766.95 183.27
771.13 170.73
552.30 370.74
591.32 324.05
605.26 303.14
640.80 270.39
667.98 241.81
647.08 238.33
686.10 222.30
679.14 218.82
694.47 206.27
712.59 193.03
700.04 188.15
672.86 165.85
647.77 181.88
642.90 177.00
631.05 177.70
626.17 190.24
655.44 217.42
629.65 216.73
605.96 243.90
594.11 252.96
569.02 268.99
582.26 311.51
526.51 365.17
504.91 371.44
484.70 358.20
494.45 350.53
513.27 331.02
524.42 320.57
546.72 308.02
590.63 216.03
583.66 196.51
605.96 177.00
582.96 172.12
553.69 221.60
539.06 227.18
540.45 246.00
513.97 271.78
534.87 258.54
464.49 315.69
481.21 305.93
461.70 375.62
448.80 317.78
448.11 305.23
423.72 336.59
417.44 290.60
426.50 280.84
452.29 260.63
443.23 251.57
454.38 229.27
470.41 214.63
483.65 234.15
491.32 219.51
487.83 197.21
502.47 186.06
532.43 197.91
573.55 165.15
567.28 158.18
578.43 153.31
589.58 140.76
592.37 132.40
604.22 128.91
448.11 194.42
413.26 181.18
426.50 171.43
463.44 175.61
459.96 154.70
460.65 132.40
451.59 124.04
465.53 112.88
479.47 143.55
498.29 129.61
523.37 138.67
511.53 110.10
523.37 116.37
531.74 100.34
544.28 101.73
558.92 114.28
574.95 110.10
975.32 182.58
1010.52 185.71
1016.44 172.12
1020.27 124.73
1014.00 142.16
1007.73 155.05
986.13 163.06
954.07 170.38
942.22 164.80
932.81 178.05
948.49 139.02
970.79 150.87
996.93 89.89
998.32 79.08
993.10 74.55
986.47 42.50
968.35 66.19
954.07 79.78
945.36 82.22
935.60 108.70
924.80 121.94
933.51 118.81
914.34 130.66
899.36 152.61
918.87 142.16
895.88 169.68
892.04 184.32
875.32 197.21
825.14 187.80
833.85 167.94
842.91 154.00
856.50 150.87
858.94 135.53
872.88 131.70
875.67 123.34
877.41 113.58
880.20 89.54
907.37 78.39
911.21 78.04
910.16 66.89
904.59 51.21
894.83 38.66
879.85 39.01
859.64 65.84
862.42 54.69
867.30 67.93
850.92 56.43
869.39 58.18
858.24 85.71
880.54 106.26
835.94 106.96
832.11 80.48
840.47 80.13
825.49 122.29
821.31 138.67
826.53 144.25
811.55 137.97
810.50 127.87
811.20 187.45
775.66 158.88
789.25 155.75
784.72 141.11
805.63 120.20
743.25 154.00
718.86 155.75
722.69 140.41
746.74 137.63
744.30 131.35
760.33 112.54
779.49 110.79
785.41 101.73
792.04 89.89
797.61 73.16
808.76 50.86
792.73 50.51
752.66 88.14
759.28 73.51
759.28 63.75
761.02 44.59
697.95 138.67
706.66 131.00
726.18 121.60
731.75 101.04
727.22 99.29
621.29 161.32
612.93 150.87
635.58 147.38
654.05 111.84
664.85 101.73
677.39 109.05
696.56 99.29
709.45 82.22
717.12 66.54
710.50 54.00
679.14 44.59
686.45 76.30
667.64 70.72
669.73 65.15
660.67 47.37
643.94 49.81
655.79 80.83
650.91 77.34
633.84 101.04
626.17 111.49
616.06 116.72
612.58 80.13
613.63 57.83
988.27 15.14
980.96 31.87
951.69 52.08
940.19 32.57
884.09 13.05
875.72 2.95
886.18 0.86
884.78 26.64
835.94 22.11
836.64 6.78
822.35 11.31
803.19 9.92
796.22 0.16
790.29 18.63
786.11 12.35
804.23 33.26
798.66 28.73
834.90 17.23
754.40 33.61
742.55 25.25
741.51 16.19
749.87 14.79
741.86 0.86
693.07 1.90
684.01 2.60
695.51 18.63
673.56 37.10
651.96 55.91
648.47 7.48
594.63 90.41
594.29 63.58
594.63 51.73
605.78 44.06
612.06 25.25
612.75 18.63
612.75 6.43
604.39 2.60
602.30 30.13
565.02 2.95
553.17 4.34
568.85 44.76
567.80 55.22
563.62 49.64
564.32 67.76
500.90 79.61
509.61 80.30
500.20 70.20
500.55 53.12
524.59 58.00
522.16 44.06
511.70 23.85
511.35 13.75
470.58 97.73
461.52 81.35
463.61 59.05
466.05 44.06
454.90 36.75
465.71 10.61
482.43 21.07
457.34 0.86
420.41 83.44
415.18 70.20
420.06 0.16
440.96 0.86
