551.51 597.94
569.63 580.52
566.84 554.73
579.39 531.74
565.45 503.86
583.57 495.50
605.17 459.95
612.84 421.62
525.03 584.70
450.46 600.03
445.58 578.43
467.18 546.37
492.27 525.46
492.97 492.71
521.54 445.32
537.57 431.38
543.15 411.87
532.69 367.96
557.09 370.75
575.90 358.90
557.09 319.87
591.93 303.84
580.08 282.94
604.48 282.24
530.60 285.73
512.48 279.45
520.85 294.78
517.36 309.42
506.21 323.36
464.40 343.57
472.06 326.15
455.34 292.00
458.82 277.36
472.76 261.33
444.19 258.55
440.00 381.20
446.97 429.99
480.43 409.78
21.39 264.82
43.69 261.33
36.03 327.54
52.06 307.33
63.90 296.88
86.20 287.12
128.02 261.33
118.26 301.75
144.05 301.75
120.35 315.00
109.90 340.78
111.99 326.15
71.57 348.45
48.57 354.02
4.67 445.32
26.97 468.32
30.45 495.50
17.91 517.10
122.44 367.26
171.23 340.78
170.53 317.78
187.95 301.75
203.98 299.66
221.41 292.69
221.41 277.36
233.95 266.21
205.38 259.94
254.86 266.21
316.88 259.94
289.70 292.00
269.49 300.36
237.43 329.63
225.59 350.54
190.74 402.11
214.44 414.65
203.98 420.23
178.20 434.17
141.96 429.29
164.96 448.80
144.75 460.65
141.96 495.50
106.41 494.10
95.96 519.89
79.93 572.85
64.60 611.88
182.38 595.16
163.56 541.49
186.56 528.25
214.44 523.37
224.19 508.74
248.59 447.41
260.43 448.80
278.55 421.62
293.19 390.26
262.52 377.02
277.16 372.14
282.04 356.81
316.19 349.14
307.13 322.66
309.22 298.97
325.94 289.91
346.15 294.09
350.33 262.73
367.06 289.91
390.06 279.45
395.63 263.42
330.82 331.02
389.36 327.54
400.51 312.90
417.24 298.97
431.87 272.48
395.63 370.75
400.51 355.42
379.61 400.72
367.76 410.47
356.61 436.26
346.85 425.11
366.36 459.95
410.97 413.96
411.66 492.71
404.00 524.07
383.79 510.13
345.46 542.89
337.79 579.82
215.13 605.61
287.61 503.86
289.70 482.95
575.21 263.08
586.36 246.35
589.84 224.05
613.54 235.90
509.00 256.11
530.60 243.56
548.03 223.35
564.06 203.84
578.69 196.87
584.27 181.54
594.02 169.69
608.66 119.51
575.21 81.88
564.75 79.79
555.00 113.94
539.66 130.66
520.85 132.06
537.57 140.42
518.76 143.21
516.67 180.84
497.15 175.96
487.39 182.93
480.43 210.81
495.76 218.47
474.15 233.80
458.12 241.47
450.46 180.14
469.97 146.69
500.64 106.27
495.06 88.85
442.10 95.12
449.76 83.97
403.07 251.23
412.13 237.99
406.55 215.69
401.67 203.84
423.98 191.29
337.56 238.68
315.26 226.84
364.74 194.08
358.47 176.66
382.16 187.81
398.89 194.78
388.43 164.81
362.65 155.05
398.89 135.54
417.01 127.87
285.99 248.44
288.08 202.44
273.44 187.81
290.86 183.63
305.50 185.02
311.77 150.87
341.74 143.21
361.95 120.21
367.53 105.57
368.22 120.90
386.34 105.57
384.95 93.03
395.40 85.36
397.49 78.39
407.95 60.27
412.13 47.73
193.30 247.74
232.32 201.05
246.26 180.14
281.80 147.39
308.98 118.81
288.08 115.33
327.10 99.30
320.14 95.82
335.47 83.27
353.59 70.03
341.04 65.15
313.86 42.85
288.77 58.88
283.90 54.00
272.05 54.70
267.17 67.24
296.44 94.42
270.65 93.73
246.96 120.90
235.11 129.96
210.02 145.99
223.26 188.51
167.51 242.17
145.91 248.44
125.70 235.20
135.45 227.53
154.27 208.02
165.42 197.57
187.72 185.02
231.63 93.03
224.66 73.51
246.96 54.00
223.96 49.12
194.69 98.60
180.06 104.18
181.45 123.00
154.97 148.78
175.87 135.54
105.49 192.69
122.21 182.93
102.70 252.62
89.80 194.78
89.11 182.23
64.72 213.59
11.05 214.99
14.54 208.72
19.42 194.78
46.60 185.72
48.69 175.96
58.44 167.60
67.50 157.84
93.29 137.63
84.23 128.57
95.38 106.27
111.41 91.63
124.65 111.15
132.32 96.51
128.83 74.21
143.47 63.06
173.43 74.91
214.55 42.15
208.28 35.18
219.43 30.31
230.58 17.76
233.37 9.40
245.22 5.91
8.96 152.96
8.96 134.15
21.51 104.18
36.14 121.60
50.08 113.24
48.69 74.91
89.11 71.42
54.26 58.18
67.50 48.43
104.44 52.61
100.96 31.70
101.65 9.40
92.59 1.04
120.47 20.55
139.29 6.61
164.37 15.67
13.14 55.39
31.26 56.09
29.87 42.85
19.42 42.85
38.23 15.67
21.51 6.61
3.39 12.88
595.07 47.38
583.22 41.80
573.81 55.05
589.49 16.02
611.79 27.87
555.34 7.66
540.36 29.61
559.87 19.16
536.88 46.68
533.04 61.32
516.32 74.21
466.14 64.80
474.85 44.94
483.91 31.00
497.50 27.87
499.94 12.53
513.88 8.70
516.67 0.34
462.31 15.67
467.53 21.25
452.55 14.97
451.50 4.87
452.20 64.45
416.66 35.88
430.25 32.75
425.72 18.11
384.25 31.00
359.86 32.75
363.69 17.41
387.74 14.63
385.30 8.35
338.95 15.67
347.66 8.00
262.29 38.32
253.93 27.87
276.58 24.38
