6.54 732.96
64.85 736.79
99.00 741.67
23.03 706.82
11.88 568.14
11.88 549.32
43.24 585.56
61.36 614.83
94.82 632.25
94.12 616.92
108.06 676.16
91.33 684.52
123.39 681.04
130.36 746.55
213.99 696.37
195.87 689.40
186.81 672.67
193.08 646.89
164.51 626.68
154.05 585.56
93.42 572.32
73.91 572.32
65.55 578.59
57.18 485.20
3.52 461.51
2.13 438.51
8.40 405.06
53.70 412.03
64.15 430.84
74.61 421.09
53.00 460.12
55.09 448.27
169.39 533.99
162.42 483.11
138.72 503.32
145.69 463.60
126.87 446.87
126.18 433.63
143.60 396.70
122.00 407.85
124.78 389.73
269.74 747.24
302.50 763.27
284.38 768.15
289.95 702.64
289.95 674.76
286.47 655.25
272.53 641.31
269.74 613.44
250.23 590.44
236.29 555.59
234.20 532.59
216.78 488.69
195.17 419.00
190.29 393.21
399.37 756.30
394.49 724.94
376.37 707.52
379.16 681.73
366.61 658.74
380.55 630.86
362.43 622.50
327.59 630.86
340.83 586.95
333.16 548.62
315.04 536.78
312.25 504.72
299.01 482.42
250.92 499.14
243.26 475.45
227.23 455.24
223.05 431.54
238.38 439.90
291.35 453.15
282.98 437.12
289.25 419.69
277.41 422.48
252.32 404.36
266.95 389.73
420.97 711.70
460.00 757.00
502.51 748.64
495.54 727.03
500.42 705.43
478.82 673.37
453.73 652.46
453.03 619.71
424.46 572.32
408.43 558.38
402.85 538.87
413.31 494.96
388.91 497.75
370.10 485.90
388.91 446.87
354.07 430.84
365.92 409.94
341.52 409.24
304.59 389.73
415.40 412.73
433.52 406.45
425.15 421.78
428.64 436.42
439.79 450.36
481.60 470.57
473.94 453.15
490.66 419.00
487.18 404.36
473.24 388.33
501.81 385.55
506.00 508.20
499.03 556.99
465.57 536.78
1008.94 743.06
983.15 736.79
1000.57 409.94
988.73 405.06
978.97 384.85
960.15 388.33
924.61 391.82
902.31 388.33
981.76 463.60
992.21 463.60
1009.63 476.14
1015.21 529.81
977.57 501.93
909.97 454.54
893.94 434.33
882.10 423.88
859.80 414.12
817.98 388.33
827.74 428.75
801.95 428.75
825.65 442.00
836.10 467.78
834.01 453.15
874.43 475.45
897.43 481.02
941.33 572.32
976.18 577.20
991.51 623.19
1000.57 651.07
985.94 661.52
919.03 595.32
915.55 622.50
928.09 644.10
987.33 697.07
823.56 494.26
774.77 467.78
775.47 444.78
758.05 428.75
742.02 426.66
724.59 419.69
724.59 404.36
712.05 393.21
740.62 386.94
691.14 393.21
629.12 386.94
656.30 419.00
676.51 427.36
708.57 456.63
720.41 477.54
755.26 529.11
731.56 541.65
742.02 547.23
767.80 561.17
804.04 556.29
781.04 575.80
801.25 587.65
804.04 622.50
839.59 621.10
850.04 646.89
866.07 699.85
881.40 738.88
925.31 744.46
806.13 761.18
799.86 745.85
763.62 722.16
782.44 668.49
759.44 655.25
731.56 650.37
721.81 635.74
697.41 574.41
685.57 575.80
667.45 548.62
652.81 517.26
683.48 504.02
668.84 499.14
663.96 483.81
629.81 476.14
638.87 449.66
636.78 425.97
620.06 416.91
599.85 421.09
595.67 389.73
578.94 416.91
555.94 406.45
550.37 390.42
615.18 458.02
556.64 454.54
545.49 439.90
528.76 425.97
514.13 399.48
550.37 497.75
545.49 482.42
566.39 527.72
578.24 537.47
589.39 563.26
599.15 552.11
579.64 586.95
535.03 540.96
534.34 619.71
542.00 651.07
562.21 637.13
600.54 669.89
608.21 706.82
633.30 751.43
730.87 732.61
658.39 630.86
656.30 609.95
532.94 763.27
39.76 366.38
27.22 343.38
32.09 328.05
39.06 311.32
0.04 312.02
39.76 289.72
27.91 282.05
20.25 272.99
11.88 256.27
12.58 240.94
34.18 207.48
17.46 215.85
132.45 373.35
116.42 363.59
110.15 360.80
116.42 342.69
112.94 327.35
92.73 336.41
97.60 321.78
93.42 301.57
112.94 293.90
96.21 272.30
105.97 256.27
95.51 257.66
89.94 230.48
105.97 215.85
76.70 220.73
75.30 206.09
176.35 367.77
192.38 358.02
188.90 348.26
177.05 348.26
179.84 309.23
164.51 301.57
156.84 298.78
149.87 275.08
157.54 259.75
166.60 254.87
139.42 258.36
159.63 230.48
162.42 218.63
140.81 212.36
239.77 328.05
239.77 312.02
244.65 302.26
224.44 268.81
223.05 254.87
217.47 238.15
231.41 225.60
231.41 218.63
370.79 390.08
359.64 373.35
356.16 351.05
332.46 362.90
329.68 331.53
313.65 345.47
306.68 324.57
301.80 311.32
288.56 279.27
269.74 268.81
274.62 257.66
284.38 236.75
304.59 248.60
269.04 240.94
270.44 224.21
250.92 209.57
280.20 206.09
307.37 206.79
437.00 383.11
415.40 370.56
397.97 350.35
381.94 330.84
367.31 323.87
361.73 308.54
351.98 296.69
337.34 246.51
328.98 229.09
328.98 220.73
331.77 208.88
370.79 208.88
381.25 206.79
391.00 240.94
406.34 257.66
425.15 259.06
408.43 267.42
427.24 270.21
429.33 307.84
448.85 302.96
458.61 309.93
465.57 337.81
450.24 345.47
471.85 360.80
487.88 368.47
495.54 307.14
476.03 273.69
445.36 233.27
450.94 215.85
503.90 222.12
496.24 210.97
542.93 378.23
533.87 364.99
539.45 342.69
544.33 330.84
522.02 318.29
608.44 365.68
630.74 353.84
581.26 321.08
587.53 303.66
563.84 314.81
547.11 321.78
557.57 291.81
583.35 282.05
547.11 262.54
528.99 254.87
660.01 375.44
657.92 329.44
672.56 314.81
655.14 310.63
640.50 312.02
634.23 277.87
604.26 270.21
584.05 247.21
578.47 232.57
577.78 247.90
559.66 232.57
561.05 220.03
550.60 212.36
548.51 205.39
538.05 187.27
533.87 174.73
752.70 374.74
713.68 328.05
699.74 307.14
664.20 274.39
637.02 245.81
657.92 242.33
618.90 226.30
625.86 222.82
610.53 210.27
592.41 197.03
604.96 192.15
632.14 169.85
657.23 185.88
662.10 181.00
673.95 181.70
678.83 194.24
649.56 221.42
675.35 220.73
699.04 247.90
710.89 256.96
735.98 272.99
722.74 315.51
778.49 369.17
800.09 375.44
820.30 362.20
810.55 354.53
791.73 335.02
780.58 324.57
758.28 312.02
714.37 220.03
721.34 200.51
699.04 181.00
722.04 176.12
751.31 225.60
765.94 231.18
764.55 250.00
791.03 275.78
770.13 262.54
840.51 319.69
823.79 309.93
843.30 379.62
856.20 321.78
856.89 309.23
881.28 340.59
1015.09 390.77
1021.36 399.83
1015.79 350.35
996.97 339.90
973.28 345.47
946.79 349.65
934.95 341.99
931.46 335.72
926.58 321.78
899.40 312.72
897.31 302.96
887.56 294.60
878.50 284.84
852.71 264.63
861.77 255.57
850.62 233.27
834.59 218.63
821.35 238.15
813.68 223.51
817.17 201.21
802.53 190.06
772.57 201.91
731.45 169.15
737.72 162.18
726.57 157.31
715.42 144.76
712.63 136.40
700.78 132.91
984.43 309.23
981.64 295.99
946.79 289.72
937.04 279.96
937.04 261.15
978.85 269.51
949.58 248.60
924.49 231.18
909.86 248.60
895.92 240.24
897.31 201.91
856.89 198.42
891.74 185.18
878.50 175.43
841.56 179.61
845.04 158.70
844.35 136.40
853.41 128.04
839.47 116.88
825.53 147.55
806.71 133.61
781.63 142.67
793.47 114.10
781.63 120.37
773.26 104.34
760.72 105.73
746.08 118.28
730.05 114.10
984.43 328.75
1014.39 245.81
1001.15 243.03
1008.82 227.00
1010.91 213.06
1000.46 208.88
997.67 197.03
1013.70 201.21
1005.33 194.94
957.94 224.21
946.79 196.33
932.86 182.39
914.74 183.09
916.13 169.85
926.58 169.85
907.77 142.67
906.37 125.94
916.13 125.25
924.49 133.61
942.61 139.88
955.85 150.34
1022.76 172.64
1013.70 164.27
994.18 155.91
997.67 145.46
982.34 139.88
973.28 125.25
962.13 120.37
950.28 110.61
939.13 111.31
996.97 111.31
985.12 104.34
1003.94 100.86
9.91 201.56
16.18 181.35
7.12 175.08
30.12 185.53
38.48 174.38
47.54 179.26
62.18 169.50
15.48 152.08
22.45 132.57
12.00 132.57
3.64 121.41
94.93 198.08
82.39 182.05
80.99 168.11
2.76 88.66
1.72 71.93
4.16 51.37
15.31 37.78
23.67 28.03
34.82 19.67
46.67 20.71
82.91 155.22
89.18 143.02
76.29 122.46
52.59 111.31
46.67 87.27
49.81 68.80
41.10 73.33
44.93 50.68
59.56 44.41
68.97 30.47
78.73 85.87
134.83 191.80
133.44 180.65
132.39 175.08
141.45 167.06
120.20 165.32
116.01 144.41
112.88 130.47
125.42 128.04
118.80 116.19
99.64 98.42
97.55 76.46
114.97 75.07
110.09 60.43
98.59 54.51
99.98 41.62
115.32 39.18
88.49 32.21
86.05 19.67
123.33 23.50
115.32 20.71
124.03 17.57
139.36 59.74
137.97 66.71
137.97 83.43
137.27 74.72
152.95 79.25
162.36 110.96
145.28 87.27
167.24 131.52
186.40 137.10
195.46 147.90
183.61 175.77
193.37 185.53
212.54 180.65
212.54 195.64
221.25 191.80
228.57 162.18
224.04 152.43
225.43 141.28
207.66 122.46
234.49 130.82
244.59 185.53
250.17 170.55
255.40 150.34
210.10 111.31
195.81 89.36
193.37 61.13
152.95 46.50
146.68 55.56
162.36 36.04
180.48 15.83
191.98 21.06
188.49 40.92
211.84 48.94
230.31 31.86
217.41 25.94
232.75 23.85
221.60 18.27
227.52 14.09
252.61 26.98
249.47 57.30
251.91 80.65
251.91 93.19
329.68 186.58
294.48 189.71
288.56 176.12
276.71 151.73
266.26 116.19
280.89 117.93
284.73 128.73
291.00 146.16
297.27 159.05
318.87 167.06
350.93 174.38
362.78 168.80
372.19 182.05
356.51 143.02
334.21 154.87
308.07 93.89
306.68 83.08
311.90 78.55
262.42 51.37
261.73 42.66
318.53 46.50
336.65 70.19
350.93 83.78
359.64 86.22
369.40 112.70
380.20 125.94
371.49 122.81
390.66 134.66
405.64 156.61
386.13 146.16
409.12 173.68
412.96 188.32
429.68 201.21
479.86 191.80
471.15 171.94
462.09 158.00
448.50 154.87
446.06 139.53
432.12 135.70
429.33 127.34
427.59 117.58
424.80 93.54
397.63 82.39
393.79 82.04
394.84 70.89
400.41 55.21
410.17 42.66
425.15 43.01
445.36 69.84
442.58 58.69
437.70 71.93
454.08 60.43
435.61 62.18
446.76 89.71
424.46 110.26
469.06 110.96
472.89 84.48
464.53 84.13
479.51 126.29
483.69 142.67
478.47 148.25
493.45 141.97
494.50 131.87
493.80 191.45
-73.14 310.28
529.34 162.88
515.75 159.75
520.28 145.11
499.37 124.20
561.75 158.00
586.14 159.75
582.31 144.41
558.26 141.63
560.70 135.35
544.67 116.54
525.51 114.79
519.59 105.73
512.96 93.89
507.39 77.16
496.24 54.86
512.27 54.51
552.34 92.14
545.72 77.51
545.72 67.75
543.98 48.59
607.05 142.67
598.34 135.00
578.82 125.60
573.25 105.04
577.78 103.29
683.71 165.32
692.07 154.87
669.42 151.38
650.95 115.84
640.15 105.73
627.61 113.05
608.44 103.29
595.55 86.22
587.88 70.54
594.50 58.00
625.86 48.59
618.55 80.30
637.36 74.72
635.27 69.15
644.33 51.37
661.06 53.81
649.21 84.83
654.09 81.34
671.16 105.04
678.83 115.49
688.94 120.72
692.42 84.13
691.37 61.83
72.46 4.51
105.56 3.11
118.80 2.42
135.18 17.75
138.66 10.43
146.33 13.92
111.48 13.22
96.50 9.04
26.46 1.72
51.20 2.42
161.31 3.11
190.58 3.11
236.93 5.55
244.59 14.61
196.51 3.46
208.35 1.72
293.03 2.42
300.70 2.42
312.54 2.42
315.68 2.42
331.01 2.42
340.77 2.42
316.73 19.14
324.04 35.87
353.31 56.08
364.81 36.57
359.59 1.72
377.71 1.72
399.66 1.72
420.91 17.05
429.28 6.95
418.82 4.86
420.22 30.64
469.06 26.11
468.36 10.78
454.42 3.11
473.94 2.07
482.65 15.31
501.81 13.92
508.78 4.16
514.71 22.63
518.89 16.35
500.77 37.26
506.34 32.73
470.10 21.23
550.60 37.61
562.45 29.25
563.49 20.19
555.13 18.79
563.14 4.86
541.89 2.42
587.19 2.07
611.93 5.90
620.99 6.60
609.49 22.63
631.44 41.10
653.04 59.91
656.53 11.48
660.36 2.42
679.18 2.42
710.37 94.41
710.71 67.58
710.37 55.73
699.22 48.06
692.94 29.25
692.25 22.63
692.25 10.43
700.61 6.60
702.70 34.13
719.77 3.11
739.98 6.95
751.83 8.34
736.15 48.76
737.20 59.22
741.38 53.64
740.68 71.76
804.10 83.61
795.39 84.30
804.80 74.20
804.45 57.12
780.41 62.00
782.84 48.06
793.30 27.85
793.65 17.75
785.98 3.11
834.42 101.73
843.48 85.35
841.39 63.05
838.95 48.06
850.10 40.75
839.29 14.61
822.57 25.07
847.66 4.86
902.02 106.61
884.59 87.44
889.82 74.20
897.49 68.97
895.40 57.47
906.55 45.97
900.27 22.98
906.90 11.48
884.94 4.16
864.04 4.86
1001.94 22.63
998.45 6.95
981.03 11.82
984.86 29.94
978.94 25.07
977.20 30.99
970.58 49.81
1017.97 71.76
987.65 89.88
995.67 96.15
948.97 102.77
935.73 100.33
928.06 96.85
949.32 78.03
942.70 74.20
942.00 60.61
945.14 53.64
946.18 46.32
931.20 45.63
943.40 38.66
935.38 29.94
933.64 12.87
942.70 7.99
928.41 3.11
925.28 16.35
