19.97 580.70
94.54 596.03
99.42 574.43
77.82 542.37
52.73 521.46
52.03 488.71
23.46 441.32
7.43 427.38
1.85 407.87
12.31 363.96
14.40 281.73
32.52 275.45
24.15 290.78
27.64 305.42
38.79 319.36
80.60 339.57
72.94 322.15
89.66 288.00
86.18 273.36
72.24 257.33
100.81 254.55
105.00 377.20
98.03 425.99
64.57 405.78
607.94 612.06
582.15 605.79
599.57 278.94
587.73 274.06
577.97 253.85
559.15 257.33
523.61 260.82
501.31 257.33
580.76 332.60
591.21 332.60
608.63 345.14
576.57 370.93
508.97 323.54
492.94 303.33
481.10 292.88
458.80 283.12
416.98 257.33
426.74 297.75
400.95 297.75
424.65 311.00
435.10 336.78
433.01 322.15
473.43 344.45
496.43 350.02
540.33 441.32
575.18 446.20
590.51 492.19
599.57 520.07
584.94 530.52
518.03 464.32
514.55 491.50
527.09 513.10
586.33 566.07
422.56 363.26
373.77 336.78
374.47 313.78
357.05 297.75
341.02 295.66
323.59 288.69
323.59 273.36
311.05 262.21
339.62 255.94
290.14 262.21
228.12 255.94
255.30 288.00
275.51 296.36
307.57 325.63
319.41 346.54
354.26 398.11
330.56 410.65
341.02 416.23
366.80 430.17
403.04 425.29
380.04 444.80
400.25 456.65
403.04 491.50
438.59 490.10
449.04 515.89
465.07 568.85
480.40 607.88
524.31 613.46
362.62 591.16
381.44 537.49
358.44 524.25
330.56 519.37
320.81 504.74
296.41 443.41
284.57 444.80
266.45 417.62
251.81 386.26
282.48 373.02
267.84 368.14
262.96 352.81
228.81 345.14
237.87 318.66
235.78 294.97
219.06 285.91
198.85 290.09
194.67 258.73
177.94 285.91
154.94 275.45
149.37 259.42
214.18 327.02
155.64 323.54
144.49 308.90
127.76 294.97
113.13 268.48
149.37 366.75
144.49 351.42
165.39 396.72
177.24 406.47
188.39 432.26
198.15 421.11
178.64 455.95
134.03 409.96
133.34 488.71
141.00 520.07
161.21 506.13
199.54 538.89
207.21 575.82
329.87 601.61
257.39 499.86
255.30 478.95
36.00 252.11
14.40 239.56
5.34 126.66
24.15 128.06
7.43 136.42
26.24 139.21
28.33 176.84
47.85 171.96
57.61 178.93
64.57 206.81
49.24 214.47
70.85 229.80
86.88 237.47
94.54 176.14
75.03 142.69
44.36 102.27
49.94 84.85
102.90 91.12
95.24 79.97
141.93 247.23
132.87 233.99
138.45 211.69
143.33 199.84
121.02 187.29
207.44 234.68
229.74 222.84
180.26 190.08
186.53 172.66
162.84 183.81
146.11 190.78
156.57 160.81
182.35 151.05
146.11 131.54
127.99 123.87
259.01 244.44
256.92 198.44
271.56 183.81
254.14 179.63
239.50 181.02
233.23 146.87
203.26 139.21
183.05 116.21
177.47 101.57
176.78 116.90
158.66 101.57
160.05 89.03
149.60 81.36
147.51 74.39
137.05 56.27
132.87 43.73
351.70 243.74
312.68 197.05
298.74 176.14
263.20 143.39
236.02 114.81
256.92 111.33
217.90 95.30
224.86 91.82
209.53 79.27
191.41 66.03
203.96 61.15
231.14 38.85
256.23 54.88
261.10 50.00
272.95 50.70
277.83 63.24
248.56 90.42
274.35 89.73
298.04 116.90
309.89 125.96
334.98 141.99
321.74 184.51
377.49 238.17
399.09 244.44
419.30 231.20
409.55 223.53
390.73 204.02
379.58 193.57
357.28 181.02
313.37 89.03
320.34 69.51
298.04 50.00
321.04 45.12
350.31 94.60
364.94 100.18
363.55 119.00
390.03 144.78
369.13 131.54
439.51 188.69
422.79 178.93
442.30 248.62
455.20 190.78
455.89 178.23
480.28 209.59
595.97 208.90
572.28 214.47
545.79 218.65
533.95 210.99
530.46 204.72
525.58 190.78
498.40 181.72
496.31 171.96
486.56 163.60
477.50 153.84
451.71 133.63
460.77 124.57
449.62 102.27
433.59 87.63
420.35 107.15
412.68 92.51
416.17 70.21
401.53 59.06
371.57 70.91
330.45 38.15
336.72 31.18
325.57 26.31
314.42 13.76
311.63 5.40
299.78 1.91
583.43 178.23
580.64 164.99
545.79 158.72
536.04 148.96
536.04 130.15
577.85 138.51
548.58 117.60
523.49 100.18
508.86 117.60
494.92 109.24
496.31 70.91
455.89 67.42
490.74 54.18
477.50 44.43
440.56 48.61
444.04 27.70
443.35 5.40
424.53 16.55
405.71 2.61
380.63 11.67
583.43 197.75
613.39 114.81
600.15 112.03
607.82 96.00
609.91 82.06
599.46 77.88
596.67 66.03
612.70 70.21
604.33 63.94
556.94 93.21
545.79 65.33
531.86 51.39
513.74 52.09
515.13 38.85
525.58 38.85
506.77 11.67
523.49 2.61
541.61 8.88
554.85 19.34
612.70 33.27
593.18 24.91
596.67 14.46
581.34 8.88
4.64 25.61
8.12 42.68
11.96 57.32
28.68 70.21
78.86 60.80
70.15 40.94
61.09 27.00
47.50 23.87
45.06 8.53
31.12 4.70
82.69 11.67
77.47 17.25
92.45 10.97
93.50 0.87
92.80 60.45
128.34 31.88
114.75 28.75
119.28 14.11
160.75 27.00
185.14 28.75
181.31 13.41
157.26 10.63
159.70 4.35
206.05 11.67
197.34 4.00
282.71 34.32
291.07 23.87
268.42 20.38
