1017.46 732.96
959.15 736.79
925.00 741.67
1000.97 706.82
1012.12 568.14
1012.12 549.32
980.76 585.56
962.64 614.83
929.18 632.25
929.88 616.92
915.94 676.16
932.67 684.52
900.61 681.04
893.64 746.55
810.01 696.37
828.13 689.40
837.19 672.67
830.92 646.89
859.49 626.68
869.95 585.56
930.58 572.32
950.09 572.32
958.45 578.59
966.82 485.20
1020.48 461.51
1021.87 438.51
1015.60 405.06
970.30 412.03
959.85 430.84
949.39 421.09
971.00 460.12
968.91 448.27
854.61 533.99
861.58 483.11
885.28 503.32
878.31 463.60
897.13 446.87
897.82 433.63
880.40 396.70
902.00 407.85
899.22 389.73
754.26 747.24
721.50 763.27
739.62 768.15
734.05 702.64
734.05 674.76
737.53 655.25
751.47 641.31
754.26 613.44
773.77 590.44
787.71 555.59
789.80 532.59
807.22 488.69
828.83 419.00
833.71 393.21
624.63 756.30
629.51 724.94
647.63 707.52
644.84 681.73
657.39 658.74
643.45 630.86
661.57 622.50
696.41 630.86
683.17 586.95
690.84 548.62
708.96 536.78
711.75 504.72
724.99 482.42
773.08 499.14
780.74 475.45
796.77 455.24
800.95 431.54
785.62 439.90
732.65 453.15
741.02 437.12
734.75 419.69
746.59 422.48
771.68 404.36
757.05 389.73
603.03 711.70
564.00 757.00
521.49 748.64
528.46 727.03
523.58 705.43
545.18 673.37
570.27 652.46
570.97 619.71
599.54 572.32
615.57 558.38
621.15 538.87
610.69 494.96
635.09 497.75
653.90 485.90
635.09 446.87
669.93 430.84
658.08 409.94
682.48 409.24
719.41 389.73
608.60 412.73
590.48 406.45
598.85 421.78
595.36 436.42
584.21 450.36
542.40 470.57
550.06 453.15
533.34 419.00
536.82 404.36
550.76 388.33
522.19 385.55
518.00 508.20
524.97 556.99
558.43 536.78
15.06 743.06
40.85 736.79
23.43 409.94
35.27 405.06
45.03 384.85
63.85 388.33
99.39 391.82
121.69 388.33
42.24 463.60
31.79 463.60
14.37 476.14
8.79 529.81
46.43 501.93
114.03 454.54
130.06 434.33
141.90 423.88
164.20 414.12
206.02 388.33
196.26 428.75
222.05 428.75
198.35 442.00
187.90 467.78
189.99 453.15
149.57 475.45
126.57 481.02
82.67 572.32
47.82 577.20
32.49 623.19
23.43 651.07
38.06 661.52
104.97 595.32
108.45 622.50
95.91 644.10
36.67 697.07
200.44 494.26
249.23 467.78
248.53 444.78
265.95 428.75
281.98 426.66
299.41 419.69
299.41 404.36
311.95 393.21
283.38 386.94
332.86 393.21
394.88 386.94
367.70 419.00
347.49 427.36
315.43 456.63
303.59 477.54
268.74 529.11
292.44 541.65
281.98 547.23
256.20 561.17
219.96 556.29
242.96 575.80
222.75 587.65
219.96 622.50
184.41 621.10
173.96 646.89
157.93 699.85
142.60 738.88
98.69 744.46
217.87 761.18
224.14 745.85
260.38 722.16
241.56 668.49
264.56 655.25
292.44 650.37
302.19 635.74
326.59 574.41
338.43 575.80
356.55 548.62
371.19 517.26
340.52 504.02
355.16 499.14
360.04 483.81
394.19 476.14
385.13 449.66
387.22 425.97
403.94 416.91
424.15 421.09
428.33 389.73
445.06 416.91
468.06 406.45
473.63 390.42
408.82 458.02
467.36 454.54
478.51 439.90
495.24 425.97
509.87 399.48
473.63 497.75
478.51 482.42
457.61 527.72
445.76 537.47
434.61 563.26
424.85 552.11
444.36 586.95
488.97 540.96
489.66 619.71
482.00 651.07
461.79 637.13
423.46 669.89
415.79 706.82
390.70 751.43
293.13 732.61
365.61 630.86
367.70 609.95
491.06 763.27
984.24 366.38
996.78 343.38
991.91 328.05
984.94 311.32
1023.96 312.02
984.24 289.72
996.09 282.05
1003.75 272.99
1012.12 256.27
1011.42 240.94
989.82 207.48
1006.54 215.85
891.55 373.35
907.58 363.59
913.85 360.80
907.58 342.69
911.06 327.35
931.27 336.41
926.40 321.78
930.58 301.57
911.06 293.90
927.79 272.30
918.03 256.27
928.49 257.66
934.06 230.48
918.03 215.85
947.30 220.73
948.70 206.09
847.65 367.77
831.62 358.02
835.10 348.26
846.95 348.26
844.16 309.23
859.49 301.57
867.16 298.78
874.13 275.08
866.46 259.75
857.40 254.87
884.58 258.36
864.37 230.48
861.58 218.63
883.19 212.36
784.23 328.05
784.23 312.02
779.35 302.26
799.56 268.81
800.95 254.87
806.53 238.15
792.59 225.60
792.59 218.63
653.21 390.08
664.36 373.35
667.84 351.05
691.54 362.90
694.32 331.53
710.35 345.47
717.32 324.57
722.20 311.32
735.44 279.27
754.26 268.81
749.38 257.66
739.62 236.75
719.41 248.60
754.96 240.94
753.56 224.21
773.08 209.57
743.80 206.09
716.63 206.79
587.00 383.11
608.60 370.56
626.03 350.35
642.06 330.84
656.69 323.87
662.27 308.54
672.02 296.69
686.66 246.51
695.02 229.09
695.02 220.73
692.23 208.88
653.21 208.88
642.75 206.79
633.00 240.94
617.66 257.66
598.85 259.06
615.57 267.42
596.76 270.21
594.67 307.84
575.15 302.96
565.39 309.93
558.43 337.81
573.76 345.47
552.15 360.80
536.12 368.47
528.46 307.14
547.97 273.69
578.64 233.27
573.06 215.85
520.10 222.12
527.76 210.97
481.07 378.23
490.13 364.99
484.55 342.69
479.67 330.84
501.98 318.29
415.56 365.68
393.26 353.84
442.74 321.08
436.47 303.66
460.16 314.81
476.89 321.78
466.43 291.81
440.65 282.05
476.89 262.54
495.01 254.87
363.99 375.44
366.08 329.44
351.44 314.81
368.86 310.63
383.50 312.02
389.77 277.87
419.74 270.21
439.95 247.21
445.53 232.57
446.22 247.90
464.34 232.57
462.95 220.03
473.40 212.36
475.49 205.39
485.95 187.27
490.13 174.73
271.30 374.74
310.32 328.05
324.26 307.14
359.80 274.39
386.98 245.81
366.08 242.33
405.10 226.30
398.14 222.82
413.47 210.27
431.59 197.03
419.04 192.15
391.86 169.85
366.77 185.88
361.90 181.00
350.05 181.70
345.17 194.24
374.44 221.42
348.65 220.73
324.96 247.90
313.11 256.96
288.02 272.99
301.26 315.51
245.51 369.17
223.91 375.44
203.70 362.20
213.45 354.53
232.27 335.02
243.42 324.57
265.72 312.02
309.63 220.03
302.66 200.51
324.96 181.00
301.96 176.12
272.69 225.60
258.06 231.18
259.45 250.00
232.97 275.78
253.87 262.54
183.49 319.69
200.21 309.93
180.70 379.62
167.80 321.78
167.11 309.23
142.72 340.59
8.91 390.77
2.64 399.83
8.21 350.35
27.03 339.90
50.72 345.47
77.21 349.65
89.05 341.99
92.54 335.72
97.42 321.78
124.60 312.72
126.69 302.96
136.44 294.60
145.50 284.84
171.29 264.63
162.23 255.57
173.38 233.27
189.41 218.63
202.65 238.15
210.32 223.51
206.83 201.21
221.47 190.06
251.43 201.91
292.55 169.15
286.28 162.18
297.43 157.31
308.58 144.76
311.37 136.40
323.22 132.91
39.57 309.23
42.36 295.99
77.21 289.72
86.96 279.96
86.96 261.15
45.15 269.51
74.42 248.60
99.51 231.18
114.14 248.60
128.08 240.24
126.69 201.91
167.11 198.42
132.26 185.18
145.50 175.43
182.44 179.61
178.96 158.70
179.65 136.40
170.59 128.04
184.53 116.88
198.47 147.55
217.29 133.61
242.37 142.67
230.53 114.10
242.37 120.37
250.74 104.34
263.28 105.73
277.92 118.28
293.95 114.10
39.57 328.75
9.61 245.81
22.85 243.03
15.18 227.00
13.09 213.06
23.54 208.88
26.33 197.03
10.30 201.21
18.67 194.94
66.06 224.21
77.21 196.33
91.14 182.39
109.26 183.09
107.87 169.85
97.42 169.85
116.23 142.67
117.63 125.94
107.87 125.25
99.51 133.61
81.39 139.88
68.15 150.34
1.24 172.64
10.30 164.27
29.82 155.91
26.33 145.46
41.66 139.88
50.72 125.25
61.87 120.37
73.72 110.61
84.87 111.31
27.03 111.31
38.88 104.34
20.06 100.86
1014.09 201.56
1007.82 181.35
1016.88 175.08
993.88 185.53
985.52 174.38
976.46 179.26
961.82 169.50
1008.52 152.08
1001.55 132.57
1012.00 132.57
1020.36 121.41
929.07 198.08
941.61 182.05
943.01 168.11
1021.24 88.66
1022.28 71.93
1019.84 51.37
1008.69 37.78
1000.33 28.03
989.18 19.67
977.33 20.71
941.09 155.22
934.82 143.02
947.71 122.46
971.41 111.31
977.33 87.27
974.19 68.80
982.90 73.33
979.07 50.68
964.44 44.41
955.03 30.47
945.27 85.87
889.17 191.80
890.56 180.65
891.61 175.08
882.55 167.06
903.80 165.32
907.99 144.41
911.12 130.47
898.58 128.04
905.20 116.19
924.36 98.42
926.45 76.46
909.03 75.07
913.91 60.43
925.41 54.51
924.02 41.62
908.68 39.18
935.51 32.21
937.95 19.67
900.67 23.50
908.68 20.71
899.97 17.57
884.64 59.74
886.03 66.71
886.03 83.43
886.73 74.72
871.05 79.25
861.64 110.96
878.72 87.27
856.76 131.52
837.60 137.10
828.54 147.90
840.39 175.77
830.63 185.53
811.46 180.65
811.46 195.64
802.75 191.80
795.43 162.18
799.96 152.43
798.57 141.28
816.34 122.46
789.51 130.82
779.41 185.53
773.83 170.55
768.60 150.34
813.90 111.31
828.19 89.36
830.63 61.13
871.05 46.50
877.32 55.56
861.64 36.04
843.52 15.83
832.02 21.06
835.51 40.92
812.16 48.94
793.69 31.86
806.59 25.94
791.25 23.85
802.40 18.27
796.48 14.09
771.39 26.98
774.53 57.30
772.09 80.65
772.09 93.19
694.32 186.58
729.52 189.71
735.44 176.12
747.29 151.73
757.74 116.19
743.11 117.93
739.27 128.73
733.00 146.16
726.73 159.05
705.13 167.06
673.07 174.38
661.22 168.80
651.81 182.05
667.49 143.02
689.79 154.87
715.93 93.89
717.32 83.08
712.10 78.55
761.58 51.37
762.27 42.66
705.47 46.50
687.35 70.19
673.07 83.78
664.36 86.22
654.60 112.70
643.80 125.94
652.51 122.81
633.34 134.66
618.36 156.61
637.87 146.16
614.88 173.68
611.04 188.32
594.32 201.21
544.14 191.80
552.85 171.94
561.91 158.00
575.50 154.87
577.94 139.53
591.88 135.70
594.67 127.34
596.41 117.58
599.20 93.54
626.37 82.39
630.21 82.04
629.16 70.89
623.59 55.21
613.83 42.66
598.85 43.01
578.64 69.84
581.42 58.69
586.30 71.93
569.92 60.43
588.39 62.18
577.24 89.71
599.54 110.26
554.94 110.96
551.11 84.48
559.47 84.13
544.49 126.29
540.31 142.67
545.53 148.25
530.55 141.97
529.50 131.87
530.20 191.45
1097.14 310.28
494.66 162.88
508.25 159.75
503.72 145.11
524.63 124.20
462.25 158.00
437.86 159.75
441.69 144.41
465.74 141.63
463.30 135.35
479.33 116.54
498.49 114.79
504.41 105.73
511.04 93.89
516.61 77.16
527.76 54.86
511.73 54.51
471.66 92.14
478.28 77.51
478.28 67.75
480.02 48.59
416.95 142.67
425.66 135.00
445.18 125.60
450.75 105.04
446.22 103.29
340.29 165.32
331.93 154.87
354.58 151.38
373.05 115.84
383.85 105.73
396.39 113.05
415.56 103.29
428.45 86.22
436.12 70.54
429.50 58.00
398.14 48.59
405.45 80.30
386.64 74.72
388.73 69.15
379.67 51.37
362.94 53.81
374.79 84.83
369.91 81.34
352.84 105.04
345.17 115.49
335.06 120.72
331.58 84.13
332.63 61.83
951.54 4.51
918.44 3.11
905.20 2.42
888.82 17.75
885.34 10.43
877.67 13.92
912.52 13.22
927.50 9.04
997.54 1.72
972.80 2.42
862.69 3.11
833.42 3.11
787.07 5.55
779.41 14.61
827.49 3.46
815.65 1.72
730.97 2.42
723.30 2.42
711.46 2.42
708.32 2.42
692.99 2.42
683.23 2.42
707.27 19.14
699.96 35.87
670.69 56.08
659.19 36.57
664.41 1.72
646.29 1.72
624.34 1.72
603.09 17.05
594.72 6.95
605.18 4.86
603.78 30.64
554.94 26.11
555.64 10.78
569.58 3.11
550.06 2.07
541.35 15.31
522.19 13.92
515.22 4.16
509.29 22.63
505.11 16.35
523.23 37.26
517.66 32.73
553.90 21.23
473.40 37.61
461.55 29.25
460.51 20.19
468.87 18.79
460.86 4.86
482.11 2.42
436.81 2.07
412.07 5.90
403.01 6.60
414.51 22.63
392.56 41.10
370.96 59.91
367.47 11.48
363.64 2.42
344.82 2.42
313.63 94.41
313.29 67.58
313.63 55.73
324.78 48.06
331.06 29.25
331.75 22.63
331.75 10.43
323.39 6.60
321.30 34.13
304.23 3.11
284.02 6.95
272.17 8.34
287.85 48.76
286.80 59.22
282.62 53.64
283.32 71.76
219.90 83.61
228.61 84.30
219.20 74.20
219.55 57.12
243.59 62.00
241.16 48.06
230.70 27.85
230.35 17.75
238.02 3.11
189.58 101.73
180.52 85.35
182.61 63.05
185.05 48.06
173.90 40.75
184.71 14.61
201.43 25.07
176.34 4.86
121.98 106.61
139.41 87.44
134.18 74.20
126.51 68.97
128.60 57.47
117.45 45.97
123.73 22.98
117.10 11.48
139.06 4.16
159.96 4.86
22.06 22.63
25.55 6.95
42.97 11.82
39.14 29.94
45.06 25.07
46.80 30.99
53.42 49.81
6.03 71.76
36.35 89.88
28.33 96.15
75.03 102.77
88.27 100.33
95.94 96.85
74.68 78.03
81.30 74.20
82.00 60.61
78.86 53.64
77.82 46.32
92.80 45.63
80.60 38.66
88.62 29.94
90.36 12.87
81.30 7.99
95.59 3.11
98.72 16.35
