85.82 625.69
95.81 670.09
189.06 675.64
205.71 655.66
264.55 577.95
229.03 573.51
271.21 539.09
331.16 569.07
354.47 655.66
406.65 626.80
453.28 665.65
504.34 625.69
462.16 569.07
423.30 532.43
451.06 518.00
404.43 503.57
435.51 476.93
336.71 449.17
268.99 482.48
297.86 471.37
295.64 441.40
222.37 415.87
189.06 434.74
157.98 433.63
162.42 473.60
150.21 527.99
114.68 542.42
59.17 555.75
59.62 500.79
120.68 500.24
131.78 503.57
177.85 528.55
167.30 366.47
95.70 363.13
66.83 385.89
20.76 390.33
64.61 342.04
134.55 339.27
206.16 354.81
242.24 344.82
372.68 378.12
347.70 373.68
408.21 425.30
432.63 421.42
407.10 357.58
482.03 374.24
442.62 342.04
325.50 329.28
272.77 330.39
284.98 329.83
465.93 330.94
563.18 651.22
539.87 617.91
597.60 671.20
612.03 596.82
624.24 545.75
589.83 532.43
538.76 502.46
475.48 468.04
518.78 459.16
562.07 441.40
678.64 449.17
663.10 520.22
667.54 561.30
703.06 549.09
721.93 577.95
711.94 629.02
681.97 657.88
747.47 665.65
790.76 675.64
821.85 636.79
892.90 660.10
864.03 673.42
965.06 660.10
1006.13 660.10
1009.46 590.16
917.32 609.03
990.59 519.11
973.94 488.03
1008.35 478.04
923.98 511.34
854.04 478.04
804.09 516.89
760.79 547.98
764.12 501.35
791.87 471.37
884.02 451.39
915.10 446.95
958.40 388.11
1013.90 367.02
965.06 345.93
915.10 379.23
840.72 416.98
776.33 426.97
756.35 391.44
659.77 436.96
690.85 416.98
799.64 387.00
818.52 347.04
836.28 339.27
773.00 357.03
745.25 365.91
668.65 377.01
654.21 374.79
865.14 323.72
787.43 315.95
730.82 337.05
961.28 228.25
992.92 254.34
1016.23 239.35
969.05 200.50
983.48 202.16
996.81 203.27
927.98 214.37
910.21 211.04
890.79 231.58
874.69 206.05
874.13 193.28
853.04 190.51
861.37 224.37
875.80 259.34
831.95 207.16
809.19 193.28
809.19 165.53
981.82 284.31
1017.90 310.40
918.54 290.42
900.78 337.05
895.23 286.53
895.23 270.44
855.26 263.22
814.19 253.23
800.86 276.54
777.55 259.34
801.42 231.58
791.98 233.25
766.45 229.36
755.90 233.25
738.70 243.24
745.91 267.11
733.15 274.32
724.26 307.63
700.95 305.41
710.39 272.10
714.83 246.57
656.54 332.05
621.58 338.16
636.01 307.07
649.88 295.97
651.55 277.10
628.24 269.33
645.44 258.23
668.76 236.58
652.66 235.47
688.18 223.26
709.28 215.48
738.14 218.26
759.79 209.38
745.91 194.39
721.49 202.16
768.67 188.29
753.13 164.42
780.33 188.29
728.70 181.07
723.15 169.41
723.71 154.43
702.62 195.50
694.29 201.05
686.52 187.18
670.42 187.18
674.86 167.19
659.32 177.18
663.76 193.28
669.31 208.27
624.91 184.40
640.45 175.52
613.25 171.08
607.70 159.42
574.39 197.17
610.47 248.23
530.43 400.88
571.51 394.77
543.20 346.48
554.30 304.85
575.39 310.96
577.61 270.99
532.65 280.43
474.37 302.63
502.12 273.21
463.82 275.43
432.18 296.53
402.77 263.22
341.71 324.83
341.71 289.86
340.60 268.77
328.94 273.77
382.78 247.12
394.99 245.46
418.86 238.80
436.62 253.78
471.04 250.45
494.35 235.47
529.88 238.24
555.41 253.78
591.49 255.45
473.26 224.92
455.50 239.91
460.49 197.72
485.47 207.16
499.35 174.96
519.89 188.84
538.76 179.96
532.10 193.84
523.77 212.71
544.86 221.59
558.74 226.59
585.94 230.47
609.25 139.99
613.14 131.11
615.36 123.90
615.36 111.69
594.27 111.69
601.48 123.90
593.16 131.11
593.16 142.77
582.61 147.21
648.11 91.70
654.77 97.81
666.43 98.92
661.43 96.14
645.89 101.69
637.56 95.03
622.02 101.14
598.15 90.04
558.74 142.21
555.41 149.99
545.97 158.87
554.86 159.98
556.52 177.18
567.07 173.85
509.34 153.87
525.44 151.10
532.65 157.20
521.55 137.77
535.98 138.88
543.20 126.12
554.86 131.11
544.31 108.91
534.87 121.12
513.78 117.79
499.90 120.01
518.78 103.91
514.34 107.80
525.44 107.80
533.21 101.14
544.31 88.93
527.10 90.04
517.67 92.81
496.57 98.92
508.23 97.81
507.12 103.91
498.24 107.80
491.02 113.91
486.58 108.91
474.93 97.81
467.15 91.70
462.16 97.81
462.16 113.91
465.49 110.02
463.82 139.99
475.48 141.66
496.02 133.89
489.36 126.67
440.51 191.06
412.76 221.59
412.20 201.61
417.20 181.07
422.19 168.86
403.32 193.84
387.78 206.05
368.35 211.04
386.11 184.96
399.99 173.85
422.19 144.99
430.52 133.89
385.00 151.10
375.57 167.19
355.58 183.85
356.14 213.82
313.40 239.35
295.08 258.78
298.41 300.97
294.53 283.20
277.32 297.08
298.41 218.82
303.41 197.17
321.72 183.85
312.84 192.73
312.29 171.08
333.94 153.87
364.46 151.10
361.13 141.66
383.89 125.01
393.33 123.90
390.55 103.91
386.11 111.69
366.13 102.80
372.24 110.02
365.58 115.02
365.02 126.12
350.59 106.69
345.59 121.12
324.50 121.68
322.28 141.66
296.75 147.77
304.52 148.88
292.31 108.91
285.09 166.08
196.17 314.84
223.37 316.51
234.47 268.77
174.52 268.77
164.53 278.76
176.18 300.97
131.22 314.84
88.48 292.64
69.61 298.75
8.55 315.40
21.32 282.65
31.31 261.00
4.11 192.73
70.16 211.60
77.38 231.58
52.40 226.59
75.16 268.77
111.24 232.69
87.93 200.50
96.81 189.95
107.91 196.06
122.90 202.72
132.33 257.67
153.98 245.46
106.24 289.86
170.63 249.90
147.88 226.59
153.98 205.49
191.73 207.71
186.18 197.17
220.59 224.92
243.90 223.81
235.58 196.61
245.57 196.61
260.00 212.71
261.67 193.28
263.33 176.07
154.54 191.62
141.77 183.85
130.67 173.85
88.48 172.19
180.07 173.30
161.75 153.32
146.21 162.20
124.56 154.98
102.91 154.98
215.04 170.52
200.05 171.08
207.82 157.20
223.92 154.98
233.91 161.09
234.47 177.18
272.77 159.42
259.45 165.53
263.33 157.20
258.89 153.32
252.78 149.43
245.57 152.21
263.33 144.43
240.57 141.10
280.54 142.21
271.10 131.11
258.89 135.55
228.36 131.11
216.70 130.00
205.05 128.34
125.12 122.51
120.68 133.06
137.88 136.94
152.87 135.83
142.32 120.84
127.89 109.74
144.54 104.75
137.88 95.87
158.42 119.73
222.26 113.63
216.15 106.97
234.47 108.63
252.23 111.96
242.79 124.73
243.90 116.96
247.23 104.75
234.47 96.98
263.89 96.98
251.12 95.87
265.00 107.52
266.66 119.73
203.94 103.64
322.72 98.64
329.94 112.52
278.32 95.87
39.50 367.06
158.17 105.18
158.17 93.93
223.64 95.97
343.32 95.97
369.92 94.95
387.31 92.90
396.52 94.95
