58.55 467.95
23.03 463.51
65.21 429.09
125.16 459.07
148.47 545.66
200.65 516.80
298.34 515.69
256.16 459.07
217.30 422.43
245.06 408.00
198.43 393.57
229.51 366.93
130.71 339.17
62.99 372.48
91.86 361.37
89.64 331.40
16.37 305.87
0.16 244.81
36.24 234.82
166.68 268.12
141.70 263.68
202.21 315.30
226.63 311.42
201.10 247.58
276.03 264.24
236.62 232.04
119.50 219.28
66.77 220.39
78.98 219.83
259.93 220.94
357.18 541.22
333.87 507.91
406.03 486.82
418.24 435.75
383.83 422.43
332.76 392.46
269.48 358.04
312.78 349.16
356.07 331.40
472.64 339.17
457.10 410.22
461.54 451.30
497.06 439.09
515.93 467.95
505.94 519.02
453.77 326.96
484.85 306.98
539.25 255.91
462.65 267.01
448.21 264.79
524.82 227.05
532.70 133.24
539.91 157.11
527.15 164.32
518.26 197.63
494.95 195.41
504.39 162.10
508.83 136.57
450.54 222.05
415.58 228.16
430.01 197.07
443.88 185.97
445.55 167.10
422.24 159.33
439.44 148.23
462.76 126.58
446.66 125.47
482.18 113.26
503.28 105.48
532.14 108.26
539.91 84.39
515.49 92.16
522.70 71.07
517.15 59.41
517.71 44.43
496.62 85.50
488.29 91.05
480.52 77.18
464.42 77.18
468.86 57.19
453.32 67.18
457.76 83.28
463.31 98.27
418.91 74.40
434.45 65.52
407.25 61.08
401.70 49.42
368.39 87.17
404.47 138.23
324.43 290.88
365.51 284.77
337.20 236.48
348.30 194.85
369.39 200.96
371.61 160.99
326.65 170.43
268.37 192.63
296.12 163.21
257.82 165.43
226.18 186.53
196.77 153.22
135.71 214.83
135.71 179.86
134.60 158.77
122.94 163.77
176.78 137.12
188.99 135.46
212.86 128.80
230.62 143.78
265.04 140.45
288.35 125.47
323.88 128.24
349.41 143.78
385.49 145.45
267.26 114.92
249.50 129.91
254.49 87.72
279.47 97.16
293.35 64.96
313.89 78.84
332.76 69.96
326.10 83.84
317.77 102.71
338.86 111.59
352.74 116.59
379.94 120.47
403.25 29.99
407.14 21.11
409.36 13.90
409.36 1.69
388.27 1.69
395.48 13.90
387.16 21.11
387.16 32.77
376.61 37.21
352.74 32.21
349.41 39.99
339.97 48.87
348.86 49.98
350.52 67.18
361.07 63.85
303.34 43.87
319.44 41.10
326.65 47.20
315.55 27.77
329.98 28.88
337.20 16.12
348.86 21.11
328.87 11.12
307.78 7.79
293.90 10.01
285.02 3.91
256.16 3.91
259.49 0.02
257.82 29.99
269.48 31.66
290.02 23.89
283.36 16.67
234.51 81.06
206.76 111.59
206.20 91.61
211.20 71.07
216.19 58.86
197.32 83.84
181.78 96.05
162.35 101.04
180.11 74.96
193.99 63.85
216.19 34.99
224.52 23.89
179.00 41.10
169.57 57.19
149.58 73.85
150.14 103.82
107.40 129.35
89.08 148.78
92.41 190.97
88.53 173.20
71.32 187.08
92.41 108.82
97.41 87.17
115.72 73.85
106.84 82.73
106.29 61.08
127.94 43.87
158.46 41.10
155.13 31.66
177.89 15.01
187.33 13.90
180.11 1.69
166.24 0.02
159.58 5.02
159.02 16.12
139.59 11.12
118.50 11.68
116.28 31.66
90.75 37.77
98.52 38.88
79.09 56.08
17.37 206.51
28.47 158.77
14.59 114.92
37.90 113.81
29.58 86.61
39.57 86.61
54.00 102.71
55.67 83.28
57.33 66.07
9.04 60.52
1.82 47.20
17.92 44.98
27.91 51.09
28.47 67.18
66.77 49.42
53.45 55.53
57.33 47.20
52.89 43.32
46.78 39.43
39.57 42.21
57.33 34.43
34.57 31.10
74.54 32.21
65.10 21.11
52.89 25.55
22.36 21.11
10.70 20.00
16.26 3.63
46.23 1.96
36.79 14.73
37.90 6.96
60.66 9.73
123.94 2.52
