24.16 455.07
47.47 541.66
99.65 512.80
197.34 511.69
155.16 455.07
116.30 418.43
144.06 404.00
97.43 389.57
128.51 362.93
29.71 335.17
65.68 264.12
40.70 259.68
101.21 311.30
125.63 307.42
100.10 243.58
175.03 260.24
135.62 228.04
18.50 215.28
158.93 216.94
256.18 537.22
232.87 503.91
305.03 482.82
317.24 431.75
282.83 418.43
231.76 388.46
168.48 354.04
211.78 345.16
255.07 327.40
371.64 335.17
356.10 406.22
360.54 447.30
396.06 435.09
414.93 463.95
404.94 515.02
374.97 543.88
514.85 522.79
497.09 402.89
453.79 433.98
457.12 387.35
484.87 357.37
533.72 302.98
469.33 312.97
449.35 277.44
352.77 322.96
383.85 302.98
492.64 273.00
511.52 233.04
529.28 225.27
466.00 243.03
438.25 251.91
361.65 263.01
347.21 260.79
480.43 201.95
423.82 223.05
524.95 93.16
502.19 79.28
502.19 51.53
507.19 139.23
493.86 162.54
470.55 145.34
494.42 117.58
484.98 119.25
459.45 115.36
448.90 119.25
431.70 129.24
438.91 153.11
426.15 160.32
417.26 193.63
393.95 191.41
403.39 158.10
407.83 132.57
349.54 218.05
314.58 224.16
329.01 193.07
342.88 181.97
344.55 163.10
321.24 155.33
338.44 144.23
361.76 122.58
345.66 121.47
381.18 109.26
402.28 101.48
431.14 104.26
452.79 95.38
438.91 80.39
414.49 88.16
461.67 74.29
446.13 50.42
473.33 74.29
421.70 67.07
416.15 55.41
416.71 40.43
395.62 81.50
387.29 87.05
379.52 73.18
363.42 73.18
367.86 53.19
352.32 63.18
356.76 79.28
362.31 94.27
317.91 70.40
333.45 61.52
306.25 57.08
300.70 45.42
267.39 83.17
303.47 134.23
223.43 286.88
264.51 280.77
236.20 232.48
247.30 190.85
268.39 196.96
270.61 156.99
225.65 166.43
167.37 188.63
195.12 159.21
156.82 161.43
125.18 182.53
95.77 149.22
34.71 210.83
34.71 175.86
33.60 154.77
21.94 159.77
75.78 133.12
87.99 131.46
111.86 124.80
129.62 139.78
164.04 136.45
187.35 121.47
222.88 124.24
248.41 139.78
284.49 141.45
166.26 110.92
148.50 125.91
153.49 83.72
178.47 93.16
192.35 60.96
212.89 74.84
231.76 65.96
225.10 79.84
216.77 98.71
237.86 107.59
251.74 112.59
278.94 116.47
302.25 25.99
306.14 17.11
308.36 9.90
294.48 9.90
286.16 17.11
286.16 28.77
275.61 33.21
251.74 28.21
248.41 35.99
238.97 44.87
247.86 45.98
249.52 63.18
260.07 59.85
202.34 39.87
218.44 37.10
225.65 43.20
214.55 23.77
228.98 24.88
236.20 12.12
247.86 17.11
227.87 7.12
206.78 3.79
192.90 6.01
156.82 25.99
168.48 27.66
189.02 19.89
182.36 12.67
133.51 77.06
105.76 107.59
105.20 87.61
110.20 67.07
115.19 54.86
96.32 79.84
80.78 92.05
61.35 97.04
79.11 70.96
92.99 59.85
115.19 30.99
123.52 19.89
78.00 37.10
68.57 53.19
48.58 69.85
49.14 99.82
6.40 125.35
14.72 69.85
5.84 78.73
5.29 57.08
26.94 39.87
57.46 37.10
54.13 27.66
76.89 11.01
86.33 9.90
58.58 1.02
58.02 12.12
38.59 7.12
17.50 7.68
15.28 27.66
