179.64 316.71
5.12 312.55
19.96 313.74
45.49 295.34
57.95 300.68
68.04 303.05
107.22 307.21
170.14 306.02
168.36 297.12
140.46 307.21
138.68 289.99
158.27 287.03
92.38 296.52
109.00 285.84
125.03 286.43
87.04 288.81
80.51 278.12
63.89 287.62
3.34 294.15
15.81 279.31
29.46 265.66
34.80 273.97
52.02 267.44
43.11 265.66
59.14 256.75
91.19 254.38
106.63 271.59
125.62 263.28
136.30 269.81
134.52 256.75
156.49 267.44
168.95 271.59
179.04 299.49
183.20 294.15
184.98 284.65
184.98 275.16
77.54 308.40
156.49 314.93
201.01 319.67
220.00 309.58
0.37 257.94
15.81 252.60
21.15 244.29
37.77 235.39
59.73 233.01
1.56 243.70
2.75 232.42
15.21 233.60
18.78 233.60
18.18 216.98
3.94 205.71
9.28 204.52
22.34 204.52
41.33 211.05
63.29 205.71
70.42 208.67
87.04 219.36
91.19 224.70
83.48 241.91
95.94 240.73
111.97 233.60
114.94 247.26
10.47 164.16
23.52 169.50
41.33 168.90
45.49 180.78
53.80 176.62
67.45 195.61
50.83 192.65
44.30 200.36
81.10 200.36
83.48 187.30
92.97 199.18
97.72 207.49
142.24 228.26
135.12 221.73
127.40 218.17
127.99 196.80
135.12 208.67
144.61 216.39
122.65 236.57
128.59 246.07
135.12 238.35
137.49 243.70
164.20 241.91
160.64 256.75
185.57 253.79
177.86 259.13
215.25 292.37
223.56 286.43
199.22 287.62
212.88 281.09
211.69 269.81
217.63 268.63
203.97 264.47
202.19 254.97
207.53 257.94
201.60 244.29
187.35 238.35
192.70 219.36
182.01 214.02
173.70 209.86
176.07 196.80
157.67 207.49
160.64 197.99
154.71 191.46
142.83 203.33
142.24 187.30
124.43 180.78
126.81 173.65
120.87 169.50
121.47 211.64
111.37 187.30
144.02 175.43
149.96 179.59
163.61 176.62
167.17 168.31
173.11 168.31
191.51 204.52
208.13 222.33
231.28 223.51
219.41 247.26
232.47 255.57
240.78 275.16
241.37 302.46
229.50 296.52
216.44 300.68
297.17 302.46
288.86 304.83
264.52 306.02
286.48 287.03
296.57 287.03
315.57 252.60
318.53 238.35
300.73 251.41
295.39 250.22
297.76 270.41
285.29 275.75
286.48 271.59
288.86 263.28
281.14 254.97
287.67 246.07
293.60 227.67
295.39 219.36
295.39 211.05
302.51 203.33
268.08 273.97
271.64 260.91
268.08 259.72
255.61 267.44
256.21 251.41
268.08 243.10
266.89 236.57
265.71 231.23
258.58 224.70
268.08 212.83
274.61 219.36
283.51 219.36
255.61 200.96
253.24 220.55
243.15 228.86
240.18 232.42
240.18 207.49
231.87 205.71
220.00 207.49
145.80 248.44
153.52 235.39
172.51 179.59
319.72 156.44
314.97 139.82
309.04 149.32
305.48 141.60
290.04 154.06
288.86 130.91
307.26 127.95
319.13 118.45
71.60 163.56
76.35 155.84
106.63 164.16
97.72 162.97
90.60 174.25
119.09 162.97
121.47 147.53
128.59 143.97
141.65 162.97
148.18 166.53
157.67 164.75
159.45 157.03
176.07 158.81
192.10 160.59
198.04 158.81
215.25 161.19
241.37 152.88
256.21 152.88
261.55 143.97
28.27 141.60
2.75 139.82
5.12 104.20
21.74 106.58
40.14 105.39
35.99 119.64
12.25 122.60
52.61 100.05
53.80 115.48
68.04 123.79
77.54 117.26
77.54 142.19
63.29 143.97
56.17 149.91
82.29 132.10
95.35 154.06
93.57 145.16
98.32 139.22
109.00 133.88
121.47 133.29
148.18 142.79
163.02 139.82
135.71 143.97
133.93 134.48
149.36 120.23
149.36 133.29
155.89 149.91
178.45 138.63
190.32 136.85
168.95 120.82
180.82 104.80
208.72 130.91
219.41 131.51
225.94 137.44
236.62 137.44
249.09 138.63
233.65 122.60
204.57 151.69
214.66 146.94
227.72 150.50
275.80 131.51
197.44 116.07
206.94 117.26
217.63 117.86
218.81 99.45
232.47 106.58
239.59 107.17
248.49 110.14
288.86 96.49
319.72 104.80
316.75 97.08
276.98 103.61
276.98 110.73
275.80 119.64
257.40 90.55
231.87 85.21
244.93 77.49
51.89 158.07
155.76 99.60
142.11 127.20
136.77 104.95
127.86 104.35
114.51 121.27
107.68 122.75
101.15 112.66
86.02 111.47
84.53 101.98
2.03 75.56
17.16 75.56
40.01 70.81
47.73 72.30
43.87 63.39
63.46 68.74
66.13 82.69
82.75 72.00
80.08 87.73
93.14 82.69
92.25 91.59
46.54 81.50
19.24 85.65
4.10 36.98
10.63 50.34
18.35 63.69
26.96 54.79
30.22 61.02
109.76 74.38
103.82 90.70
105.01 104.95
120.15 96.93
120.74 88.03
161.40 90.70
57.53 5.22
49.51 23.62
64.95 7.60
67.91 15.91
75.63 13.53
50.11 46.18
49.22 38.76
41.50 38.76
34.08 39.95
26.36 34.31
15.68 30.75
20.72 19.77
16.27 10.86
8.85 19.77
1.14 16.20
117.18 63.99
105.61 64.88
122.82 60.13
137.36 59.54
154.87 65.18
143.30 48.85
154.28 49.15
151.31 29.26
162.89 50.04
120.15 48.85
112.14 41.14
115.40 38.17
128.16 26.89
159.03 27.48
134.10 1.96
161.70 0.18
157.25 12.05
34.97 2.26
40.91 1.96
99.67 20.95
88.69 12.94
54.56 15.61
83.64 30.75
88.99 27.78
74.15 30.45
67.32 27.48
77.11 44.10
81.27 55.68
65.54 50.34
63.16 42.32
60.79 35.79
59.31 27.48
87.50 42.03
97.89 42.32
71.18 63.39
5.59 58.35
133.80 40.24
126.38 40.24
107.68 16.80
15.08 34.31
32.30 24.81
118.96 4.04
103.23 2.26
27.85 15.91
154.28 77.34
149.53 84.76
137.66 93.07
105.31 124.53
97.00 129.28
91.95 126.02
97.59 121.27
103.53 118.60
158.43 115.93
109.17 151.84
52.78 184.49
39.72 54.19
31.41 48.85
71.77 54.79
125.49 72.30
145.67 74.97
148.34 6.11
55.58 42.47
172.51 101.24
184.98 86.40
165.39 74.52
189.13 73.34
193.88 83.43
201.01 66.21
214.66 76.90
213.47 66.81
218.22 60.87
216.44 53.16
206.94 58.50
267.49 47.81
260.36 47.81
255.02 40.69
273.42 41.28
278.17 42.47
240.78 62.65
273.42 61.47
285.89 58.50
304.29 53.16
310.82 60.87
273.42 72.15
287.67 71.56
284.70 78.09
309.63 73.34
275.80 85.80
252.05 56.12
201.01 47.81
189.13 56.12
186.76 40.10
165.39 32.97
272.66 122.75
263.76 120.68
267.91 117.41
287.80 125.72
297.89 118.89
301.15 111.77
314.51 33.42
302.34 32.23
295.51 31.93
295.51 21.55
272.36 27.48
263.16 23.62
215.08 39.35
201.14 28.97
196.39 24.81
195.79 20.66
182.73 23.62
176.20 24.22
171.75 18.88
190.45 16.20
186.00 15.61
184.81 12.64
220.43 30.15
218.94 23.33
226.36 22.14
217.76 18.88
223.99 11.46
207.37 2.26
205.88 12.64
219.24 1.66
230.81 4.63
234.67 3.74
241.20 8.19
254.26 21.55
247.73 19.47
268.51 12.05
300.26 3.44
277.11 18.88
287.20 13.53
243.28 39.95
180.95 34.31
174.72 30.75
255.45 32.82
176.20 55.38
175.61 44.70
169.68 58.94
228.14 72.89
234.08 60.13
193.72 103.76
8.85 9.38
207.53 163.56
186.18 5.95
191.80 0.33
175.74 2.73
176.54 9.96
236.76 31.64
242.38 1.93
252.82 1.93
252.02 10.76
258.44 10.76
313.03 8.35
