385.59 601.11
361.84 590.43
384.99 582.71
360.06 561.94
374.31 561.34
349.38 604.08
315.55 595.18
284.09 582.71
256.78 589.83
234.82 598.74
231.26 582.12
202.76 597.55
191.49 566.68
146.97 576.78
179.02 603.49
123.22 579.74
116.10 602.89
88.80 595.18
81.67 576.78
59.71 581.52
51.40 575.59
34.78 573.21
49.03 597.55
3.32 574.40
107.79 553.63
117.88 552.44
151.72 553.63
160.62 542.94
144.00 538.79
88.80 554.81
87.02 561.34
81.67 564.31
85.83 544.13
66.83 530.48
48.43 537.01
38.34 527.51
28.84 542.35
63.87 563.72
41.90 554.22
53.18 551.25
300.71 550.66
279.93 556.59
250.25 563.12
257.97 559.56
236.01 556.00
251.44 543.53
281.12 534.04
217.60 537.01
208.70 536.41
184.36 490.71
166.56 518.60
157.65 512.07
135.69 514.45
127.38 506.73
118.48 515.04
106.60 509.11
94.14 509.70
99.48 495.45
66.24 509.70
57.34 516.23
47.25 510.89
306.05 522.17
298.93 515.04
292.40 509.11
298.93 495.45
315.55 508.51
342.26 504.95
335.13 495.45
363.63 503.17
371.94 526.32
377.87 520.98
358.88 486.55
344.04 487.74
318.51 469.34
306.05 474.68
295.96 477.05
256.78 481.21
271.62 515.64
263.31 509.70
223.54 500.80
218.79 505.55
211.07 509.70
193.86 480.02
195.64 471.12
223.54 481.21
225.32 463.99
205.73 461.03
271.62 470.52
255.00 459.84
238.97 460.43
276.96 462.81
283.49 452.12
300.11 461.62
396.87 491.89
386.18 481.21
373.12 482.40
391.52 512.67
394.49 507.92
376.09 465.18
360.66 468.15
348.19 453.31
334.54 439.66
329.20 447.97
311.98 441.44
320.89 439.66
304.86 430.75
272.81 428.38
257.37 445.59
238.38 437.28
227.70 443.81
229.48 430.75
207.51 441.44
195.05 445.59
184.96 473.49
180.80 468.15
179.02 458.65
179.02 449.16
286.46 482.40
207.51 488.93
244.91 516.23
382.03 531.66
187.33 556.59
174.87 494.27
162.99 493.67
144.00 483.58
154.09 501.98
339.29 509.70
381.43 453.31
377.87 440.25
387.96 437.28
373.72 430.75
363.63 431.94
348.19 426.60
342.85 418.29
326.23 409.39
304.27 407.01
384.99 417.70
393.30 427.79
393.90 418.29
379.65 410.57
362.44 417.70
361.25 406.42
348.79 407.60
345.22 407.60
345.82 390.98
370.16 397.51
387.37 398.70
392.71 394.55
387.37 383.86
377.28 385.05
360.06 379.71
354.72 378.52
341.66 378.52
322.67 385.05
300.71 379.71
293.58 382.67
276.96 393.36
272.81 398.70
280.52 415.91
268.06 414.73
252.03 407.60
249.06 421.26
375.50 374.96
364.81 364.27
394.49 374.36
396.87 366.65
373.12 335.78
390.34 336.97
381.43 331.63
353.53 338.16
340.48 343.50
322.67 342.90
318.51 354.78
310.20 350.62
296.55 369.61
313.17 366.65
319.70 374.36
282.90 374.36
280.52 361.30
271.03 373.18
266.28 381.49
221.76 402.26
228.88 395.73
236.60 392.17
236.01 370.80
228.88 382.67
219.39 390.39
241.35 410.57
235.41 420.07
228.88 412.35
226.51 417.70
199.80 415.91
203.36 430.75
178.43 427.79
186.14 433.13
148.75 466.37
140.44 460.43
164.78 461.62
151.12 455.09
152.31 443.81
146.37 442.63
160.03 438.47
161.81 428.97
156.47 431.94
162.40 418.29
176.65 412.35
171.30 393.36
181.99 388.02
190.30 383.86
187.93 370.80
206.33 381.49
203.36 371.99
209.29 365.46
221.17 377.33
221.76 361.30
239.57 354.78
237.19 347.65
243.13 343.50
242.53 385.64
252.63 361.30
219.98 349.43
214.04 353.59
200.39 350.62
196.83 342.31
190.89 342.31
172.49 378.52
155.87 396.33
132.72 397.51
144.59 421.26
131.53 429.57
123.22 449.16
122.63 476.46
134.50 470.52
147.56 474.68
66.83 476.46
75.14 478.83
99.48 480.02
77.52 461.03
67.43 461.03
41.90 487.14
18.75 494.86
15.79 472.30
43.09 462.81
35.37 457.47
28.84 450.94
14.60 447.97
9.26 516.23
40.12 497.24
38.94 439.06
22.32 439.66
14.60 437.28
41.90 449.16
41.90 424.22
48.43 426.60
33.00 420.07
33.59 407.01
45.47 412.35
40.12 399.89
63.27 425.41
68.61 424.22
66.24 444.41
78.71 449.75
77.52 445.59
75.14 437.28
82.86 428.97
76.33 420.07
70.40 401.67
68.61 393.36
68.61 385.05
61.49 377.33
31.22 385.05
19.94 385.64
10.44 386.83
8.66 404.04
14.01 410.57
11.63 371.99
16.97 369.61
5.70 378.52
2.73 396.33
95.92 447.97
92.36 434.91
95.92 433.72
108.39 441.44
107.79 425.41
95.92 417.10
97.11 410.57
98.29 405.23
105.42 398.70
95.92 386.83
89.39 393.36
80.49 393.36
108.39 374.96
110.76 394.55
120.85 402.86
123.82 406.42
123.82 381.49
132.13 379.71
144.00 381.49
218.20 422.44
210.48 409.39
191.49 353.59
5.10 360.12
18.16 360.12
14.60 350.03
7.48 420.07
22.91 330.44
29.44 344.68
33.00 328.06
30.03 318.57
16.97 312.63
11.04 300.17
19.94 302.54
44.28 330.44
38.94 341.72
49.03 313.82
54.96 323.32
58.52 315.60
73.96 328.06
75.14 304.91
56.74 301.95
44.87 292.45
35.37 298.98
31.22 290.07
16.97 289.48
19.35 278.20
3.32 312.63
0.95 292.45
2.73 334.59
2.13 280.58
292.40 337.56
287.65 329.84
257.37 338.16
266.28 336.97
273.40 348.25
244.91 336.97
242.53 321.53
235.41 317.97
222.35 336.97
215.82 340.53
206.33 338.75
204.55 331.03
187.93 332.81
171.90 334.59
165.96 332.81
148.75 335.19
122.63 326.88
107.79 326.88
102.45 317.97
335.73 315.60
361.25 313.82
380.25 315.60
389.74 316.79
387.37 301.95
372.53 289.48
386.78 289.48
395.68 285.92
380.84 277.61
396.27 263.36
369.56 268.11
358.88 278.20
342.26 280.58
323.86 279.39
328.01 293.64
351.75 296.60
311.39 274.05
310.20 289.48
295.96 297.79
286.46 291.26
286.46 316.19
300.71 317.97
307.83 323.91
281.71 306.10
268.65 328.06
270.43 319.16
265.68 313.22
255.00 307.88
242.53 307.29
215.82 316.79
200.98 313.82
228.29 317.97
230.07 308.48
214.64 294.23
214.64 307.29
208.11 323.91
185.55 312.63
173.68 310.85
195.05 294.82
183.18 278.80
155.28 304.91
144.59 305.51
138.06 311.44
127.38 311.44
114.91 312.63
130.35 296.60
159.43 325.69
149.34 320.94
136.28 324.50
88.20 305.51
166.56 290.07
157.06 291.26
146.37 291.86
145.19 273.45
131.53 280.58
124.41 281.17
115.51 284.14
75.14 270.49
44.28 278.80
30.63 281.76
47.25 271.08
87.02 277.61
87.02 284.73
88.20 293.64
106.60 264.55
132.13 259.21
119.07 251.49
397.46 352.40
312.11 332.07
208.24 273.60
221.89 301.20
227.23 278.95
236.14 278.35
249.49 295.27
256.32 296.75
262.85 286.66
277.98 285.47
279.47 275.98
361.97 249.56
375.03 252.23
388.39 249.56
387.80 239.18
380.97 232.05
346.84 249.56
323.99 244.81
316.27 246.30
320.13 237.39
300.54 242.74
297.87 256.69
281.25 246.00
283.92 261.73
270.86 256.69
271.75 265.59
317.46 255.50
344.76 259.65
367.32 232.35
391.36 216.92
381.86 218.10
359.90 210.98
353.37 224.34
345.65 237.69
337.04 228.79
333.78 235.02
254.24 248.38
260.18 264.70
258.99 278.95
243.85 270.93
243.26 262.03
202.60 264.70
396.11 206.82
377.11 177.44
386.31 192.58
358.41 164.09
383.05 162.01
393.14 162.90
391.65 154.00
392.84 148.06
391.65 136.49
374.14 134.70
351.29 141.53
313.30 167.05
306.47 179.22
314.49 197.62
299.05 181.60
296.09 189.91
288.37 187.53
313.89 220.18
314.78 212.76
322.50 212.76
329.92 213.95
337.64 208.31
348.32 204.75
343.28 193.77
347.73 184.86
355.15 193.77
362.86 190.20
378.00 186.94
368.21 206.82
378.89 208.31
246.82 237.99
258.39 238.88
241.18 234.13
226.64 233.54
209.13 239.18
220.70 222.85
209.72 223.15
212.69 203.26
201.11 224.04
243.85 222.85
251.86 215.14
248.60 212.17
235.84 200.89
204.97 201.48
229.90 175.96
226.93 170.62
216.84 171.21
202.30 174.18
206.75 186.05
329.03 176.26
323.09 175.96
301.73 171.51
312.41 172.69
299.35 159.34
294.60 166.16
282.14 147.47
282.14 141.83
283.03 135.00
269.38 135.30
270.86 147.17
271.75 140.05
263.44 143.91
258.10 146.58
258.99 140.34
252.76 133.81
253.05 160.23
264.33 194.95
275.31 186.94
309.44 189.61
280.36 204.75
275.01 201.78
289.85 204.45
296.68 201.48
286.89 218.10
282.73 229.68
298.46 224.34
300.84 216.32
303.21 209.79
304.69 201.48
276.50 216.03
266.11 216.32
292.82 237.39
358.41 232.35
379.78 149.84
374.14 140.64
361.97 144.80
346.84 153.40
230.20 214.24
237.62 214.24
214.47 140.64
219.51 136.78
233.46 135.30
224.26 146.58
210.61 135.89
201.71 145.98
204.68 167.05
256.32 190.80
348.92 208.31
331.70 198.81
324.58 134.41
319.83 138.86
311.82 133.22
298.16 132.92
329.03 143.01
340.31 132.63
343.28 140.34
346.84 132.03
362.86 134.41
301.43 147.47
284.51 172.40
280.36 171.51
281.54 158.74
276.50 156.67
261.66 157.85
245.04 178.04
246.52 170.91
234.65 168.54
260.77 176.26
336.15 189.91
343.28 164.09
209.72 251.34
214.47 258.76
226.34 267.07
258.69 298.53
267.00 303.28
272.05 300.02
266.41 295.27
260.47 292.60
205.57 289.93
254.83 325.84
311.22 358.49
378.00 303.28
324.28 228.19
332.59 222.85
292.23 228.79
238.51 246.30
218.33 248.97
310.33 138.56
371.77 157.56
369.39 150.73
215.66 180.11
326.82 152.36
315.55 150.58
308.42 216.47
191.49 275.24
179.02 260.40
198.61 248.52
174.87 247.34
170.12 257.43
162.99 240.21
149.34 250.90
150.53 240.81
145.78 234.87
147.56 227.16
157.06 232.50
96.51 221.81
103.64 221.81
108.98 214.69
90.58 215.28
85.83 216.47
123.22 236.65
90.58 235.47
78.11 232.50
59.71 227.16
53.18 234.87
90.58 246.15
76.33 245.56
79.30 252.09
54.37 247.34
34.78 241.40
14.01 239.03
18.75 270.49
88.20 259.80
111.95 230.12
162.99 221.81
174.87 230.12
177.24 214.10
198.61 206.97
91.34 296.75
100.24 294.68
96.09 291.41
76.20 299.72
66.11 292.89
62.85 285.77
12.39 206.82
13.88 271.23
25.15 268.26
31.98 200.00
42.37 208.90
49.49 207.42
61.66 206.23
68.49 205.93
68.49 195.55
91.64 201.48
100.84 197.62
28.42 160.53
22.48 182.19
32.87 193.47
17.44 173.88
11.20 163.79
5.86 152.22
21.59 144.50
31.98 157.85
26.34 163.79
43.85 179.22
36.73 174.47
41.48 156.07
37.62 153.70
52.46 159.04
45.34 143.91
36.14 131.14
25.15 124.91
148.92 213.35
162.86 202.97
167.61 198.81
168.21 194.66
181.27 197.62
187.80 198.22
192.25 192.88
173.55 190.20
178.00 189.61
179.19 186.64
143.57 204.15
145.06 197.33
137.64 196.14
146.24 192.88
140.01 185.46
156.63 176.26
158.12 186.64
144.76 175.66
133.19 178.63
129.33 177.74
122.80 182.19
109.74 195.55
116.27 193.47
95.49 186.05
79.76 165.87
63.74 177.44
57.50 165.57
52.46 166.16
104.69 162.60
117.16 161.12
97.57 151.62
103.80 138.86
115.97 146.28
125.17 142.72
141.50 155.78
152.48 163.79
156.04 151.92
170.58 156.96
174.44 164.09
180.97 155.78
187.50 149.25
187.80 138.86
178.30 146.28
197.00 149.25
86.89 192.88
76.80 187.53
4.68 189.31
5.86 174.77
120.72 213.95
183.05 208.31
189.28 204.75
197.59 127.88
103.21 151.03
10.31 138.56
64.63 138.56
52.46 137.08
75.61 133.22
75.91 123.72
68.49 124.32
87.78 124.91
82.73 118.38
174.44 129.66
167.32 135.89
158.41 134.41
158.41 140.34
143.57 133.52
134.37 124.02
139.12 123.72
142.98 118.68
159.90 122.54
160.19 116.01
174.44 116.30
188.69 113.04
183.94 107.70
190.17 103.84
195.51 111.55
189.28 93.75
181.27 93.75
172.07 90.48
170.88 97.01
164.94 99.98
166.43 92.26
148.03 104.43
151.29 110.66
134.67 114.52
123.69 109.18
116.86 116.30
114.78 110.37
120.13 128.18
107.07 128.18
117.75 139.75
89.85 126.69
91.04 114.52
82.14 105.03
85.40 95.82
100.24 108.29
112.11 106.51
120.72 101.76
117.75 93.75
154.85 92.26
160.49 85.14
173.25 80.99
178.59 85.14
189.87 84.84
185.12 78.61
186.31 70.89
178.59 71.78
181.27 63.47
53.94 121.05
61.96 115.71
67.89 116.90
62.55 108.29
55.13 109.48
40.29 125.21
44.74 134.41
29.01 119.57
16.25 115.71
18.92 106.21
6.75 113.63
14.17 194.06
150.40 62.58
141.50 62.29
137.34 62.58
137.04 68.82
128.73 70.89
127.55 66.44
132.00 63.47
115.38 75.64
122.20 81.28
121.31 70.30
119.53 66.15
118.05 60.21
173.25 62.58
168.21 67.93
177.11 58.73
181.56 56.05
153.96 70.60
159.90 54.27
156.63 43.89
148.62 56.05
144.17 47.74
153.37 51.60
127.25 47.45
131.11 53.09
122.50 52.20
107.66 57.24
106.18 49.23
87.18 69.11
48.01 93.45
39.99 93.15
28.42 82.47
19.81 94.34
8.83 89.00
43.55 80.39
64.63 94.64
61.96 89.00
53.94 88.41
46.82 112.45
79.17 131.14
25.15 135.89
163.46 42.40
172.07 43.59
98.76 44.78
91.34 43.89
96.09 39.43
134.67 35.58
132.00 27.86
122.20 32.91
72.94 51.90
75.31 47.45
85.40 43.89
82.14 36.76
79.76 32.31
77.09 35.58
95.20 51.60
62.55 43.59
107.96 98.50
96.98 98.20
100.54 91.97
103.51 74.46
141.79 148.95
94.31 171.21
108.55 206.82
187.80 229.38
188.39 218.70
194.32 232.94
135.86 246.89
129.92 234.13
170.28 277.76
36.14 231.46
96.68 158.45
76.20 138.56
83.03 87.51
76.50 67.04
72.94 61.69
69.67 68.22
155.74 35.87
86.00 50.42
14.47 64.07
145.06 72.38
139.12 100.28
132.89 101.76
138.82 94.34
122.80 114.52
186.31 99.98
140.31 40.32
143.28 36.76
133.48 44.18
118.35 32.91
85.11 29.64
81.84 26.67
113.30 27.27
345.65 126.39
354.55 131.74
331.11 130.55
327.25 125.21
320.13 119.57
304.99 124.02
305.58 118.38
237.92 125.80
262.55 119.57
222.19 123.72
203.19 118.38
214.17 114.82
227.53 113.04
233.17 109.18
218.33 107.99
201.41 99.09
207.35 96.42
215.36 101.46
386.61 133.22
394.03 127.58
387.20 107.70
387.20 122.24
372.07 116.90
366.72 119.57
375.92 107.70
367.91 107.10
365.83 113.63
362.57 116.90
355.15 115.71
355.15 110.37
346.84 106.51
356.63 101.76
345.06 100.87
379.49 81.58
372.36 74.75
366.43 86.92
361.08 73.27
354.85 76.83
347.43 69.41
330.81 79.80
334.08 71.78
377.41 58.73
313.60 60.21
299.35 62.29
307.96 96.42
320.72 96.12
309.74 84.25
294.01 91.08
287.78 89.59
325.77 104.43
334.08 113.63
325.47 114.82
284.51 107.10
291.64 104.14
286.59 97.61
277.98 103.84
276.80 99.68
277.69 97.01
293.42 122.24
298.76 116.30
270.86 103.84
269.38 97.01
263.44 91.08
258.69 96.12
263.14 102.35
260.18 105.03
251.57 93.45
241.77 98.50
242.07 93.15
238.51 79.80
241.77 75.64
241.48 72.08
248.60 64.96
243.85 59.62
264.33 61.10
275.01 70.30
268.19 78.31
222.19 86.62
217.44 79.80
209.72 81.28
216.55 91.67
226.64 69.41
201.71 78.91
259.58 122.24
272.94 122.24
339.72 123.13
354.85 122.24
328.44 39.73
324.58 39.43
330.81 44.18
307.36 30.53
324.28 28.75
272.64 24.00
245.63 43.59
355.15 183.38
205.86 106.51
377.41 101.17
391.36 68.82
347.14 53.68
358.12 62.29
298.76 92.26
320.13 78.61
267.30 54.27
325.17 50.42
325.04 62.14
333.35 53.24
392.71 46.11
384.99 42.55
379.65 43.74
367.19 43.14
216.42 69.26
209.29 67.48
217.01 50.86
228.29 45.52
236.60 44.93
259.16 43.74
269.25 43.74
282.90 43.74
275.78 43.74
301.89 43.14
311.39 47.30
320.29 43.74
156.47 337.56
355.32 152.36
782.70 461.03
73.83 2.63
91.93 -0.34
119.53 -2.41
147.73 3.82
129.92 15.99
142.09 20.74
145.65 26.08
172.96 10.65
181.27 13.32
180.08 21.03
191.95 11.54
140.01 11.83
134.08 8.86
129.62 6.19
122.80 11.54
123.39 15.99
116.57 10.05
102.91 31.72
189.28 2.93
181.56 -3.60
159.60 23.70
153.07 16.88
200.84 48.93
301.45 15.39
261.08 36.17
254.26 34.39
254.85 26.38
274.14 37.65
269.99 35.58
278.89 30.83
301.45 32.91
303.82 37.06
311.24 37.06
283.34 30.53
188.07 36.17
204.10 26.38
229.92 30.23
217.75 10.35
249.51 26.67
242.98 27.86
285.72 8.86
291.95 2.34
296.40 7.68
307.09 9.16
290.76 52.79
284.83 49.53
330.24 11.83
337.64 78.31
255.13 82.17
259.88 82.77
264.92 83.06
269.08 77.13
375.33 68.22
234.65 57.24
232.87 40.03
51.77 11.34
54.18 5.72
43.74 5.72
41.33 11.34
30.89 4.92
26.88 10.54
70.23 22.58
67.02 14.55
90.31 9.73
85.49 4.11
96.73 5.72
104.76 9.73
108.77 20.97
103.15 22.58
95.93 19.37
91.11 24.99
91.91 31.41
106.36 37.03
114.39 41.85
118.41 48.27
125.63 38.64
393.00 52.29
382.56 50.68
375.33 49.88
361.68 50.68
390.59 86.01
389.79 99.66
379.35 91.63
351.25 87.61
342.41 94.84
337.60 98.85
317.52 104.47
311.10 114.91
304.68 110.90
177.82 179.95
172.20 174.33
188.26 176.73
187.46 183.96
127.24 205.64
124.83 160.68
132.06 162.28
123.23 170.31
121.62 175.93
111.18 175.93
111.98 184.76
105.56 184.76
50.97 182.35
75.85 149.44
62.21 153.45
244.46 150.24
246.87 146.22
278.18 89.22
285.41 78.78
298.26 71.56
303.07 76.37
282.20 65.13
291.83 63.53
294.24 41.85
293.44 27.40
301.47 25.79
310.30 21.78
313.51 15.35
315.12 3.31
320.74 12.14
328.77 20.97
333.58 24.19
339.20 35.43
349.64 26.59
345.63 40.24
353.66 38.64
356.87 30.61
365.70 24.19
368.11 32.21
381.76 31.41
376.94 24.19
384.97 15.35
391.39 20.97
395.41 26.59
388.18 25.79
373.73 12.14
385.77 7.32
393.00 6.52
372.92 4.92
363.29 9.73
359.28 5.72
351.25 5.72
352.05 12.94
356.06 16.96
344.82 18.57
340.81 12.14
338.40 7.32
339.20 20.17
343.22 27.40
287.02 18.57
288.62 27.40
278.99 20.17
271.76 11.34
265.34 16.96
264.53 20.97
266.94 25.79
257.31 18.57
250.08 16.16
253.29 11.34
244.46 14.55
240.45 14.55
235.63 12.14
241.25 7.32
250.08 7.32
238.84 26.59
217.97 37.83
209.94 39.44
213.95 28.20
219.57 24.19
230.01 20.17
229.21 12.94
226.00 8.13
210.74 8.13
212.35 16.16
205.92 13.75
201.11 9.73
201.91 4.11
171.40 4.92
160.16 6.52
164.17 13.75
171.40 26.59
181.84 27.40
183.44 33.82
173.81 33.02
165.78 33.82
148.92 15.35
66.22 29.00
49.36 54.70
38.12 69.15
27.68 72.36
