71.77 319.39
93.73 317.01
36.75 316.42
49.21 317.60
52.78 317.60
52.18 300.98
27.84 307.51
10.63 308.70
5.29 304.55
10.63 293.86
20.72 295.05
37.94 289.71
43.28 288.52
56.34 288.52
75.33 295.05
97.29 289.71
104.42 292.67
121.04 303.36
125.19 308.70
145.97 317.60
22.50 284.96
33.19 274.27
3.51 284.36
1.13 276.65
24.88 245.78
7.66 246.97
16.57 241.63
44.47 248.16
57.52 253.50
75.33 252.90
79.49 264.78
87.80 260.62
101.45 279.61
84.83 276.65
78.30 284.36
115.10 284.36
117.48 271.30
126.97 283.18
131.72 291.49
176.24 312.26
169.12 305.73
161.40 302.17
161.99 280.80
169.12 292.67
178.61 300.39
226.70 303.36
216.01 298.02
207.70 293.86
210.07 280.80
191.67 291.49
194.64 281.99
188.71 275.46
176.83 287.33
176.24 271.30
158.43 264.78
160.81 257.65
154.87 253.50
155.47 295.64
145.37 271.30
178.02 259.43
183.96 263.59
197.61 260.62
201.17 252.31
207.11 252.31
225.51 288.52
242.13 306.33
265.28 307.51
299.71 315.23
292.58 308.70
302.08 296.83
308.61 303.36
317.51 303.36
289.61 284.96
287.24 304.55
277.15 312.86
274.18 316.42
274.18 291.49
265.87 289.71
254.00 291.49
187.52 319.39
206.51 263.59
105.60 247.56
110.35 239.84
140.63 248.16
131.72 246.97
124.60 258.25
153.09 246.97
155.47 231.53
162.59 227.97
175.65 246.97
182.18 250.53
191.67 248.75
193.45 241.03
210.07 242.81
226.10 244.59
232.04 242.81
249.25 245.19
275.37 236.88
290.21 236.88
295.55 227.97
62.27 225.60
36.75 223.82
17.75 225.60
8.26 226.79
10.63 211.95
25.47 199.48
11.22 199.48
2.32 195.92
17.16 187.61
1.73 173.36
28.44 178.11
39.12 188.20
55.74 190.58
74.14 189.39
69.99 203.64
46.25 206.60
86.61 184.05
87.80 199.48
102.04 207.79
111.54 201.26
111.54 226.19
97.29 227.97
90.17 233.91
116.29 216.10
129.35 238.06
127.57 229.16
132.32 223.22
143.00 217.88
155.47 217.29
182.18 226.79
197.02 223.82
169.71 227.97
167.93 218.48
183.36 204.23
183.36 217.29
189.89 233.91
212.45 222.63
224.32 220.85
202.95 204.82
214.82 188.80
242.72 214.91
253.41 215.51
259.94 221.44
270.62 221.44
283.09 222.63
267.65 206.60
238.57 235.69
248.66 230.94
261.72 234.50
309.80 215.51
231.44 200.07
240.94 201.26
251.63 201.86
252.81 183.45
266.47 190.58
273.59 191.17
282.49 194.14
310.98 187.61
310.98 194.73
309.80 203.64
291.40 174.55
265.87 169.21
278.93 161.49
0.54 262.40
85.89 242.07
189.76 183.60
176.11 211.20
170.77 188.95
161.86 188.35
148.51 205.27
141.68 206.75
135.15 196.66
120.02 195.47
118.53 185.98
36.03 159.56
22.97 162.23
9.61 159.56
10.20 149.18
17.03 142.05
51.16 159.56
74.01 154.81
81.73 156.30
77.87 147.39
97.46 152.74
100.13 166.69
116.75 156.00
114.08 171.73
127.14 166.69
126.25 175.59
80.54 165.50
53.24 169.65
30.68 142.35
6.64 126.92
16.14 128.10
38.10 120.98
44.63 134.34
52.35 147.69
60.96 138.79
64.22 145.02
143.76 158.38
137.82 174.70
139.01 188.95
154.15 180.93
154.74 172.03
195.40 174.70
1.89 116.82
20.89 87.44
11.69 102.58
39.59 74.09
14.95 72.01
4.86 72.90
6.35 64.00
5.16 58.06
6.35 46.49
23.86 44.70
46.71 51.53
84.70 77.05
91.53 89.22
83.51 107.62
98.95 91.60
101.91 99.91
109.63 97.53
84.11 130.18
83.22 122.76
75.50 122.76
68.08 123.95
60.36 118.31
49.68 114.75
54.72 103.77
50.27 94.86
42.85 103.77
35.14 100.20
20.00 96.94
29.79 116.82
19.11 118.31
151.18 147.99
139.61 148.88
156.82 144.13
171.36 143.54
188.87 149.18
177.30 132.85
188.28 133.15
185.31 113.26
196.89 134.04
154.15 132.85
146.14 125.14
149.40 122.17
162.16 110.89
193.03 111.48
168.10 85.96
171.07 80.62
181.16 81.21
195.70 84.18
191.25 96.05
68.97 86.26
74.91 85.96
96.27 81.51
85.59 82.69
98.65 69.34
103.40 76.16
115.86 57.47
115.86 51.83
114.97 45.00
128.62 45.30
127.14 57.17
126.25 50.05
134.56 53.91
139.90 56.58
139.01 50.34
145.24 43.81
144.95 70.23
133.67 104.95
122.69 96.94
88.56 99.61
117.64 114.75
122.99 111.78
108.15 114.45
101.32 111.48
111.11 128.10
115.27 139.68
99.54 134.34
97.16 126.32
94.79 119.79
93.31 111.48
121.50 126.03
131.89 126.32
105.18 147.39
39.59 142.35
18.22 59.84
23.86 50.64
36.03 54.80
51.16 63.40
167.80 124.24
160.38 124.24
183.53 50.64
178.49 46.78
164.54 45.30
173.74 56.58
187.39 45.89
196.29 55.98
193.32 77.05
141.68 100.80
49.08 118.31
66.30 108.81
73.42 44.41
78.17 48.86
86.18 43.22
99.84 42.92
68.97 53.01
57.69 42.63
54.72 50.34
51.16 42.03
35.14 44.41
96.57 57.47
113.49 82.40
117.64 81.51
116.46 68.74
121.50 66.67
136.34 67.85
152.96 88.04
151.48 80.91
163.35 78.54
137.23 86.26
61.85 99.91
54.72 74.09
188.28 161.34
183.53 168.76
171.66 177.07
139.31 208.53
131.00 213.28
125.95 210.02
131.59 205.27
137.53 202.60
192.43 199.93
143.17 235.84
86.78 268.49
20.00 213.28
73.72 138.19
65.41 132.85
105.77 138.79
159.49 156.30
179.67 158.97
87.67 48.56
26.23 67.56
28.61 60.73
182.34 90.11
71.18 62.36
82.45 60.58
89.58 126.47
206.51 185.24
218.98 170.40
199.39 158.52
223.13 157.34
227.88 167.43
235.01 150.21
248.66 160.90
247.47 150.81
252.22 144.87
250.44 137.16
240.94 142.50
301.49 131.81
294.36 131.81
289.02 124.69
307.42 125.28
312.17 126.47
274.78 146.65
307.42 145.47
319.89 142.50
307.42 156.15
318.70 162.09
309.80 169.80
286.05 140.12
235.01 131.81
223.13 140.12
220.76 124.10
199.39 116.97
306.66 206.75
297.76 204.68
301.91 201.41
306.36 111.48
297.16 107.62
249.08 123.35
235.14 112.97
230.39 108.81
229.79 104.66
216.73 107.62
210.20 108.22
205.75 102.88
224.45 100.20
220.00 99.61
218.81 96.64
254.43 114.15
252.94 107.33
260.36 106.14
251.76 102.88
257.99 95.46
241.37 86.26
239.88 96.64
253.24 85.66
264.81 88.63
268.67 87.74
275.20 92.19
288.26 105.55
281.73 103.47
302.51 96.05
318.24 75.87
293.31 72.60
280.84 71.12
300.43 61.62
294.20 48.86
282.03 56.28
272.83 52.72
256.50 65.78
245.52 73.79
241.96 61.92
227.42 66.96
223.56 74.09
217.03 65.78
210.50 59.25
210.20 48.86
219.70 56.28
201.00 59.25
311.11 102.88
277.28 123.95
214.95 118.31
208.72 114.75
200.41 37.88
294.79 61.03
310.22 34.91
315.27 28.38
223.56 39.66
230.68 45.89
239.59 44.41
239.59 50.34
254.43 43.52
263.63 34.02
258.88 33.72
255.02 28.68
238.10 32.54
237.81 26.01
223.56 26.30
209.31 23.04
214.06 17.70
207.83 13.84
202.49 21.55
208.72 3.75
216.73 3.75
225.93 0.48
227.12 7.01
233.06 9.98
231.57 2.26
249.97 14.43
246.71 20.66
263.33 24.52
274.31 19.18
281.14 26.30
283.22 20.37
277.87 38.18
290.93 38.18
280.25 49.75
308.15 36.69
306.96 24.52
315.86 15.03
312.60 5.82
297.76 18.29
285.89 16.51
277.28 11.76
280.25 3.75
243.15 2.26
318.83 41.14
290.04 8.50
301.02 8.20
297.46 1.97
256.21 58.95
303.69 81.21
289.45 116.82
210.20 139.38
209.61 128.70
203.68 142.94
262.14 156.89
268.08 144.13
227.72 187.76
301.32 68.45
258.88 10.28
265.11 11.76
259.18 4.34
275.20 24.52
211.69 9.98
52.35 36.39
43.45 41.74
66.89 40.55
70.75 35.21
77.87 29.57
93.01 34.02
92.42 28.38
160.08 35.80
135.45 29.57
175.81 33.72
194.81 28.38
183.83 24.82
170.47 23.04
164.83 19.18
179.67 17.99
196.59 9.09
190.65 6.42
182.64 11.46
11.39 43.22
3.97 37.58
10.80 17.70
10.80 32.24
25.93 26.90
31.28 29.57
22.08 17.70
30.09 17.10
32.17 23.63
35.43 26.90
42.85 25.71
42.85 20.37
51.16 16.51
41.37 11.76
52.94 10.87
90.04 6.42
77.28 6.12
103.99 1.08
72.23 14.43
63.92 23.63
72.53 24.82
113.49 17.10
106.36 14.14
111.41 7.61
120.02 13.84
121.20 9.68
120.31 7.01
104.58 32.24
99.24 26.30
127.14 13.84
128.62 7.01
134.56 1.08
139.31 6.12
134.86 12.35
137.82 15.03
146.43 3.45
156.23 8.50
155.93 3.15
181.45 1.67
138.42 32.24
125.06 32.24
58.28 33.13
43.15 32.24
42.85 93.38
192.14 16.51
20.59 11.17
99.24 2.26
241.53 247.56
42.68 62.36
8.21 9.66
18.65 1.63
55.59 4.84
60.40 8.85
80.48 14.47
86.90 24.91
93.32 20.90
220.18 89.95
225.80 84.33
209.74 86.73
210.54 93.96
270.76 115.64
273.17 70.68
265.94 72.28
274.77 80.31
276.38 85.93
286.82 85.93
286.02 94.76
292.44 94.76
153.54 60.24
151.13 56.22
