689.00 336.94
711.35 328.00
727.00 298.20
694.22 299.69
705.39 269.89
703.90 240.09
759.03 252.76
828.32 301.18
856.63 292.24
906.54 295.22
879.72 242.33
889.41 216.25
862.59 214.02
861.84 200.61
830.55 214.02
850.67 229.66
821.61 250.52
835.02 257.97
799.26 226.68
765.74 216.25
744.88 218.49
732.21 200.61
775.42 182.73
804.48 195.39
798.52 184.96
816.40 179.75
832.79 170.06
840.98 164.10
858.12 169.32
863.33 179.75
888.66 180.49
911.01 200.61
911.76 184.96
911.01 161.87
894.62 157.40
906.54 146.97
899.09 140.26
896.11 130.58
887.92 129.83
878.23 131.32
880.47 141.01
864.08 143.99
883.45 152.18
884.94 164.85
862.59 156.65
845.45 154.42
852.90 149.20
957.95 187.94
708.37 214.76
720.29 183.47
714.33 171.55
742.64 175.28
777.66 169.32
794.79 170.06
808.20 161.12
821.61 152.18
820.12 140.26
804.48 148.46
795.54 148.46
783.62 143.24
794.05 135.05
822.36 123.13
812.67 109.72
807.46 110.46
806.71 117.91
768.72 135.05
767.23 122.38
760.52 132.81
752.33 135.05
754.56 126.11
749.35 126.11
735.94 132.81
744.88 145.48
756.05 153.67
755.31 174.53
729.23 159.63
714.33 155.91
723.27 145.48
715.08 140.26
1003.39 380.90
689.75 155.91
703.90 183.47
662.18 249.03
655.48 214.02
668.14 200.61
672.61 176.77
660.69 171.55
659.20 159.63
653.99 159.63
644.30 159.63
634.62 195.39
619.72 183.47
609.29 179.75
609.29 159.63
592.15 164.10
596.62 201.35
589.17 216.25
608.54 226.68
595.88 237.86
627.17 244.56
658.46 305.65
607.80 292.24
591.41 343.65
572.78 314.59
522.12 359.29
464.01 333.96
544.47 264.68
491.58 273.62
478.17 271.38
404.41 370.47
414.09 282.56
410.37 231.90
437.19 204.33
481.89 228.17
555.65 208.06
507.22 207.31
520.63 195.39
531.81 197.63
567.57 188.69
570.55 176.02
577.25 162.61
984.02 380.15
615.99 140.26
590.66 138.77
600.35 141.01
607.05 141.75
595.13 153.67
575.76 149.20
566.08 138.77
621.21 105.25
626.42 103.76
635.36 103.76
643.56 101.52
647.28 104.50
647.28 109.72
671.12 103.76
671.12 108.97
679.32 117.17
669.63 127.60
671.87 146.22
683.04 143.99
702.41 128.34
709.86 124.62
710.61 120.15
705.39 120.15
611.52 105.25
594.39 103.76
585.45 103.76
579.49 103.76
571.29 103.76
563.10 100.03
585.45 120.15
593.64 120.15
554.90 127.60
546.71 111.95
547.45 106.74
556.39 105.25
554.90 97.05
554.16 88.86
536.28 105.25
518.40 105.25
502.01 102.27
487.11 108.97
485.62 110.46
498.28 114.19
516.91 114.19
526.59 120.15
543.73 132.81
536.28 130.58
558.63 150.69
541.49 141.75
534.04 148.46
526.59 140.26
520.63 140.26
510.95 123.13
525.10 158.89
549.69 162.61
537.77 181.98
510.20 167.83
506.48 150.69
501.26 148.46
495.30 154.42
485.62 161.12
487.11 186.45
474.44 179.75
467.74 161.87
466.99 148.46
480.40 140.26
481.89 130.58
487.85 130.58
468.48 120.15
461.03 114.19
457.30 120.89
443.15 131.32
432.72 124.62
421.54 130.58
423.03 141.75
431.97 141.75
440.91 146.22
448.36 148.46
438.68 155.91
453.58 176.02
439.42 176.77
419.31 190.92
401.43 175.28
420.80 156.65
415.58 151.44
414.84 138.03
405.90 143.99
411.11 125.36
394.72 127.60
389.51 151.44
391.74 140.26
378.33 140.26
364.92 135.05
338.10 279.58
294.89 306.40
322.46 333.22
263.60 363.02
209.22 269.15
173.46 292.99
126.52 334.71
162.28 451.67
41.59 378.66
28.93 316.08
36.38 266.17
27.44 237.11
28.93 221.47
19.99 202.10
25.20 187.94
63.94 187.20
78.84 200.61
75.12 217.74
43.08 138.77
19.99 145.48
49.79 143.24
29.67 129.83
37.12 91.84
46.81 91.09
61.71 97.05
63.94 89.60
128.76 73.96
83.31 135.79
110.13 159.63
115.35 174.53
136.21 132.81
142.17 146.97
146.64 158.89
157.81 193.16
145.89 217.74
145.89 217.74
139.93 240.84
172.71 240.09
156.32 217.74
189.10 187.94
174.20 167.08
192.08 169.32
183.89 153.67
208.47 226.68
228.59 203.59
233.06 187.94
257.64 202.84
250.94 260.95
277.01 231.90
291.91 193.16
315.01 190.18
332.14 184.96
343.32 237.11
326.93 221.47
373.86 176.77
361.94 176.02
387.27 190.18
466.99 201.35
686.02 231.90
447.62 120.89
334.38 146.97
326.18 140.26
348.53 132.81
321.71 122.38
309.79 129.83
316.50 111.95
307.56 114.19
279.25 106.74
288.93 119.40
273.29 122.38
291.17 131.32
264.35 149.20
256.15 148.46
232.31 155.91
207.73 124.62
242.74 117.17
254.66 120.89
257.64 78.43
263.60 85.88
267.33 82.90
245.72 82.90
244.98 91.09
256.15 91.84
267.33 94.82
260.62 102.27
280.74 176.77
304.58 175.28
329.16 171.55
245.72 181.24
207.73 145.48
197.30 88.11
205.49 82.90
135.46 100.03
141.42 88.11
175.69 114.93
648.77 127.60
662.18 128.34
652.50 143.24
662.93 145.48
674.10 133.56
668.14 133.56
663.67 135.05
973.59 319.06
271.05 108.97
372.37 105.25
440.91 110.46
447.62 109.72
