6.47 470.54
8.61 461.98
18.77 479.09
51.92 474.28
70.10 474.82
164.76 474.82
195.77 474.28
52.99 459.31
71.71 463.05
77.06 445.94
57.80 436.31
52.99 447.54
31.60 437.92
17.70 453.43
10.75 438.99
4.86 345.40
13.95 357.17
21.98 365.72
22.51 391.93
11.28 399.41
35.88 396.74
32.67 411.18
52.46 421.87
67.97 431.50
67.43 415.99
81.87 411.18
98.45 426.15
93.10 441.66
112.89 434.17
123.58 451.29
119.30 464.12
135.34 464.12
143.90 459.84
135.88 474.82
93.10 471.61
180.26 463.05
195.24 455.56
203.79 446.47
224.65 465.72
218.23 476.95
243.90 476.42
250.32 459.84
256.20 450.75
226.25 453.43
232.14 442.73
211.82 435.24
216.09 426.69
194.70 420.80
184.01 435.24
172.24 443.80
157.27 444.87
162.62 436.31
172.24 420.80
162.62 407.44
188.29 398.34
201.66 410.11
207.00 405.30
218.23 412.78
240.16 409.04
252.99 434.17
264.22 411.71
248.18 397.28
226.79 393.53
232.67 383.91
218.77 384.98
222.51 372.68
206.47 359.84
196.31 356.10
98.45 406.37
120.91 400.48
135.34 389.79
136.41 411.18
132.67 434.17
12.35 295.14
26.79 303.16
25.72 319.74
35.88 326.69
40.16 374.28
43.37 387.11
68.50 382.30
61.01 367.86
51.92 359.84
56.74 342.20
61.01 338.99
56.20 347.01
77.06 342.73
82.94 355.03
81.87 394.60
100.59 390.86
108.61 377.49
98.98 361.98
84.54 380.16
102.19 353.96
119.30 353.96
126.79 367.86
126.79 379.09
119.30 389.79
138.02 357.17
153.53 368.40
153.53 381.23
171.17 372.68
167.97 391.93
157.27 398.34
173.31 365.72
159.94 358.24
138.55 342.20
126.25 345.94
120.91 337.38
130.53 328.29
99.52 338.45
85.61 327.76
178.13 338.99
172.78 324.01
161.01 336.31
158.34 317.06
166.36 312.25
158.87 308.51
215.56 327.76
200.59 335.78
206.47 319.74
227.86 325.08
242.30 335.24
251.39 350.75
243.37 368.40
252.46 375.35
261.55 386.05
276.52 402.62
281.87 421.87
273.85 434.17
272.24 449.68
280.80 445.94
290.96 463.05
271.71 460.91
309.68 468.93
310.21 456.63
313.42 450.75
310.75 435.78
305.93 410.11
310.75 401.55
289.36 411.18
292.56 384.98
277.06 376.42
262.62 371.61
277.06 366.79
274.92 349.68
296.84 358.24
307.00 358.77
303.79 371.61
3.79 209.04
16.09 195.67
11.82 182.30
12.89 172.68
1.66 163.05
31.07 184.44
34.81 175.35
34.81 188.18
18.77 178.02
46.57 209.57
40.16 221.87
31.60 221.34
29.46 230.97
58.34 230.43
50.85 237.92
25.18 241.13
9.14 247.54
54.06 249.68
13.95 267.86
15.02 282.30
58.87 299.95
51.92 286.05
41.76 274.28
42.30 264.12
61.01 267.33
65.29 271.61
73.31 271.07
73.85 281.23
62.62 283.37
73.85 296.21
100.05 290.32
123.58 294.07
118.23 293.53
116.63 285.51
129.46 280.70
140.16 288.72
139.09 305.30
167.97 298.34
158.87 283.91
148.18 297.81
187.75 310.11
190.96 296.74
189.36 290.32
198.98 282.30
218.77 305.30
3.79 99.41
16.09 74.28
17.70 76.42
41.76 74.82
44.44 84.44
48.18 94.60
31.60 81.77
28.39 101.02
16.09 103.69
31.07 115.46
39.62 119.74
35.88 137.38
31.07 128.29
51.39 124.55
11.82 127.76
1.66 118.67
72.78 127.22
67.97 120.27
65.29 112.78
15.56 125.08
130.53 130.43
119.84 129.90
96.84 135.24
94.17 122.41
85.61 107.44
89.89 96.21
87.75 83.91
72.78 96.74
69.03 88.18
121.98 72.68
132.14 102.62
128.39 91.39
145.51 88.18
151.39 86.05
156.74 75.89
172.24 70.00
181.33 79.63
173.31 98.88
154.60 112.78
139.62 117.60
148.71 143.80
143.90 147.01
133.74 160.91
116.09 165.72
115.56 158.24
119.30 141.66
93.10 158.24
71.71 161.45
81.33 149.15
60.48 149.15
57.80 141.13
77.59 142.20
47.64 156.63
18.77 156.10
24.65 149.15
58.34 195.67
65.83 218.13
74.92 236.31
92.03 240.06
81.33 252.36
66.90 252.89
97.38 258.24
115.02 251.82
120.37 249.68
124.65 233.10
111.28 235.24
95.77 223.48
96.31 212.25
100.59 199.41
104.33 187.11
101.66 178.56
87.22 191.93
78.13 181.23
78.66 201.55
72.24 199.41
122.51 186.05
138.02 189.25
140.69 180.16
128.39 195.67
124.11 206.37
119.30 218.13
134.81 215.99
145.51 226.15
153.53 237.38
165.83 255.56
147.11 266.26
139.62 266.79
116.63 271.07
125.18 260.38
140.16 249.68
171.71 273.75
173.85 259.31
185.08 247.54
205.93 257.70
220.37 258.24
227.32 271.07
238.55 278.56
234.28 290.86
245.51 304.76
256.74 290.32
258.87 276.95
243.37 319.20
256.74 319.20
273.85 304.76
278.13 320.80
265.29 333.64
298.98 336.85
180.26 235.24
175.45 223.48
162.08 216.53
156.20 190.86
154.60 175.89
151.39 165.72
171.71 136.85
181.33 146.47
174.38 167.86
181.33 175.35
171.17 184.44
191.49 180.70
185.08 209.04
205.40 219.74
202.19 237.38
224.65 233.10
240.69 226.15
230.53 242.73
242.83 240.06
244.44 248.61
261.01 248.08
277.06 263.05
288.29 271.61
280.26 287.11
313.42 314.39
320.37 302.62
316.09 283.91
311.28 274.82
301.12 257.17
323.58 259.31
328.39 250.75
308.07 242.20
287.75 247.54
273.31 229.36
251.92 223.48
243.37 211.18
228.39 211.71
204.33 194.60
211.82 194.07
213.42 180.16
203.26 168.40
195.77 161.98
206.47 160.91
203.26 142.20
195.24 138.99
189.89 120.27
172.24 115.99
177.59 109.04
194.70 93.00
200.05 110.64
207.54 120.27
213.42 127.22
227.86 134.17
226.25 142.73
237.48 151.82
229.46 167.86
240.16 176.42
248.71 165.19
251.39 144.33
232.67 120.27
223.58 114.92
214.49 105.30
226.25 96.74
232.14 105.30
240.69 113.32
197.38 71.07
211.82 78.02
227.32 80.16
215.56 71.07
248.18 81.77
254.06 76.95
261.01 68.40
265.83 86.58
266.90 103.16
267.97 111.18
262.08 117.60
256.20 127.22
255.13 110.64
250.85 103.16
262.62 73.21
304.86 68.40
288.82 70.00
302.72 78.56
292.03 88.72
289.36 101.02
288.29 115.46
281.33 121.87
276.52 132.03
288.29 130.43
291.49 151.29
269.57 142.20
265.83 151.29
266.36 177.49
274.92 187.65
258.34 198.88
267.97 210.11
297.91 214.92
295.77 224.01
308.07 204.76
300.05 187.65
290.43 197.81
289.89 172.68
295.77 167.86
321.44 172.68
316.63 167.86
310.21 138.99
306.47 115.46
318.77 107.97
324.65 127.22
309.14 101.55
323.58 72.68
348.71 84.44
321.44 88.18
345.51 101.02
355.67 107.97
369.57 97.81
352.99 118.13
346.04 128.29
353.53 140.06
331.07 161.45
342.83 170.54
350.85 160.91
340.69 152.36
360.48 149.68
369.03 160.38
375.45 151.29
366.36 128.29
371.71 124.55
384.54 133.10
385.61 143.80
381.87 115.46
389.89 107.97
374.92 81.23
366.90 76.95
389.36 73.21
406.47 78.56
395.77 89.25
420.91 96.74
404.86 118.67
403.79 134.71
420.91 134.17
395.77 151.82
394.70 172.68
381.33 172.68
362.08 177.49
371.71 182.84
384.54 184.44
385.61 196.74
363.69 195.67
333.74 197.28
323.05 208.51
326.79 221.87
339.09 225.62
361.55 224.01
374.38 209.57
385.08 226.69
382.94 233.10
372.78 241.13
351.39 242.20
348.71 259.31
333.21 268.93
330.53 283.37
344.97 290.32
341.76 307.44
348.18 314.92
337.48 325.08
341.23 337.92
320.91 333.10
356.20 326.69
363.69 338.45
355.67 366.79
323.58 367.86
331.07 356.10
328.39 380.16
348.71 394.60
343.37 415.99
334.81 410.11
322.51 422.41
337.48 430.43
330.53 441.13
326.79 465.72
350.32 478.56
356.20 472.68
358.87 459.31
374.92 459.31
374.38 478.02
396.31 472.68
477.59 473.75
457.27 470.54
445.51 471.61
446.57 463.05
433.21 461.45
441.76 444.87
359.94 436.85
362.62 429.36
358.34 417.06
362.62 405.30
371.17 391.93
362.62 377.49
378.13 367.86
386.68 352.89
386.68 341.66
378.66 325.08
373.31 314.39
362.08 306.37
364.22 290.32
354.60 276.42
317.70 230.97
377.59 248.61
374.92 266.79
379.73 276.42
382.94 285.51
397.38 301.55
417.16 314.92
426.79 334.17
421.44 341.13
408.07 350.22
413.95 356.10
403.79 366.79
410.21 382.30
392.56 383.91
406.47 396.74
384.54 405.30
390.96 417.06
393.10 436.85
385.61 452.36
408.07 445.40
417.16 436.31
421.98 415.99
455.67 447.54
447.64 430.97
441.23 415.99
432.67 404.23
436.41 382.30
431.60 376.42
449.78 365.72
433.21 350.75
449.25 340.59
447.11 332.57
445.51 322.41
442.30 305.30
432.14 291.39
428.39 273.75
413.42 261.98
421.44 249.68
404.33 223.48
396.31 210.11
411.28 197.81
410.75 115.99
435.88 107.97
439.62 88.72
452.46 81.77
448.18 67.86
427.32 71.61
424.65 81.23
440.16 97.81
348.18 69.47
460.48 89.25
462.08 97.81
470.10 114.92
463.15 129.90
450.32 141.66
469.03 195.67
470.10 187.65
479.20 189.79
459.41 190.86
440.16 187.11
456.20 175.89
464.76 170.54
476.52 170.54
431.60 196.74
449.25 202.62
426.79 218.67
108.61 74.28
474.38 435.24
466.90 412.25
464.22 378.02
462.08 358.77
475.45 345.94
470.10 325.62
472.78 318.13
479.73 295.14
452.99 286.58
440.69 271.07
437.48 252.89
471.17 267.86
459.94 244.87
476.52 233.10
470.64 223.48
461.55 218.67
475.45 211.71
429.46 151.82
469.57 72.14
405.40 243.26
428.39 233.64
452.46 237.38
7.80 47.41
7.80 60.78
24.92 55.43
18.23 66.39
39.62 60.51
48.71 54.09
37.75 47.14
61.01 61.58
86.41 65.06
69.30 45.54
95.24 47.94
110.75 59.98
129.73 55.43
123.85 46.87
114.49 43.13
163.15 50.89
146.31 48.48
178.39 43.93
219.03 44.74
215.02 57.84
230.53 45.00
235.88 48.75
258.07 45.54
253.26 58.91
187.22 67.20
292.30 48.21
315.29 48.21
323.85 53.02
336.15 44.47
350.85 44.20
345.51 57.84
362.89 65.59
363.69 53.56
362.89 47.14
363.95 42.33
370.64 45.54
326.25 67.20
335.08 57.84
171.44 155.16
146.84 129.23
260.48 162.92
384.94 70.14
403.93 63.72
407.40 57.03
399.92 46.34
386.55 53.56
389.49 39.92
392.97 31.37
373.98 26.02
352.32 28.69
303.39 27.36
463.82 60.51
474.52 50.08
468.37 39.66
457.14 45.00
437.62 49.28
447.24 41.53
441.90 36.71
427.46 36.45
426.12 27.89
416.49 43.67
411.15 36.71
411.15 29.23
423.45 58.37
461.15 30.03
472.64 26.82
414.89 157.03
314.89 154.63
330.40 147.41
337.08 108.91
268.10 84.84
475.45 415.86
27.06 467.20
336.95 346.34
357.00 354.09
437.93 17.80
433.11 13.94
442.43 9.12
457.20 4.63
461.70 10.41
475.83 14.90
450.78 24.86
396.66 14.26
410.15 10.41
405.01 24.54
419.14 21.97
374.17 15.55
354.90 16.83
388.95 7.84
338.20 2.70
33.70 31.93
42.05 25.50
41.09 17.80
36.59 0.13
23.75 0.45
57.47 0.45
76.42 0.45
87.02 6.55
67.75 9.12
61.65 17.80
57.47 35.14
72.89 36.43
82.20 23.90
80.60 14.90
105.33 17.47
105.97 28.07
118.82 19.40
120.75 13.30
132.63 11.69
139.70 24.54
142.59 36.43
161.54 36.43
181.13 35.14
181.46 26.15
160.90 26.79
165.72 16.83
153.83 9.12
194.95 23.90
220.32 30.64
222.57 25.18
227.39 12.01
209.40 4.63
209.08 0.13
242.48 3.66
286.17 8.16
269.78 8.80
302.87 0.45
316.68 3.02
2.23 4.63
14.43 38.67
29.37 215.01
408.61 148.43
353.76 207.77
407.71 280.60
398.72 272.51
88.53 314.77
295.32 37.84
