77.51 585.26
54.51 585.26
87.13 595.42
111.20 583.12
127.77 581.52
130.45 597.56
104.24 597.56
5.31 595.42
19.75 583.12
22.96 572.43
157.72 592.75
160.39 580.98
174.30 571.89
184.46 589.00
200.50 592.75
212.26 580.98
220.82 590.07
204.78 564.94
211.20 548.90
221.89 559.59
240.07 561.20
238.47 574.56
270.02 577.77
258.25 598.63
280.71 598.09
287.67 585.26
302.64 592.75
312.26 583.66
313.87 574.56
4.24 560.13
8.52 547.29
11.20 534.99
26.17 557.99
42.21 583.12
40.61 548.36
29.91 533.92
34.72 525.90
18.15 523.23
18.68 508.79
7.99 496.49
9.59 480.98
12.80 464.94
19.22 455.31
38.47 489.54
40.61 480.98
50.77 498.09
39.00 507.18
62.53 512.00
71.62 520.02
82.32 528.57
93.01 538.74
64.14 553.17
58.79 543.01
48.09 557.99
59.32 568.68
88.74 569.75
92.48 560.13
99.97 528.04
95.15 518.41
83.39 509.86
83.92 493.28
102.10 493.82
111.20 506.11
124.56 514.67
121.89 544.08
116.54 550.50
113.33 564.40
135.26 563.33
140.61 548.36
143.28 530.71
156.65 541.41
163.07 557.45
176.44 541.41
194.08 533.92
214.40 533.39
206.38 518.95
182.85 507.18
196.76 493.82
220.82 510.93
227.77 493.28
244.89 509.86
242.21 529.64
230.45 544.62
262.00 553.17
270.02 541.41
261.46 521.62
273.23 511.46
283.92 506.65
293.55 514.14
287.13 533.92
288.74 553.71
286.06 567.61
304.24 561.20
84.99 478.31
103.71 482.05
109.06 464.94
89.80 455.31
84.99 466.54
63.60 456.92
49.70 472.43
42.75 457.99
7.45 434.99
17.61 426.44
10.66 412.53
3.71 399.16
6.92 389.54
13.33 376.17
13.33 363.87
23.49 359.59
36.86 364.40
31.52 389.54
45.95 376.17
53.98 384.72
54.51 410.93
43.28 418.41
67.88 415.74
64.67 430.18
84.46 440.87
99.97 450.50
99.43 434.99
113.87 430.18
130.45 445.15
125.10 460.66
144.89 453.17
155.58 470.29
151.30 483.12
167.34 483.12
175.90 478.84
167.88 493.82
150.23 516.28
142.21 505.58
125.10 490.61
21.89 407.72
212.26 482.05
227.24 474.56
235.79 465.47
256.65 484.72
250.23 495.95
275.90 495.42
282.32 478.84
288.20 469.75
302.10 499.16
311.20 506.65
312.80 518.41
316.54 529.11
314.40 547.29
327.24 541.41
341.14 555.31
326.70 568.68
348.63 571.36
356.65 567.61
362.53 582.59
357.18 593.28
342.75 594.89
258.25 472.43
264.14 461.73
243.82 454.24
248.09 445.69
226.70 439.80
216.01 454.24
204.24 462.80
189.27 463.87
194.62 455.31
204.24 439.80
194.62 426.44
220.29 417.34
233.66 429.11
239.00 424.30
250.23 431.78
272.16 428.04
284.99 453.17
296.22 430.71
280.18 416.28
258.79 412.53
264.67 402.91
250.77 403.98
254.51 391.68
238.47 378.84
228.31 375.10
130.45 425.37
152.91 419.48
167.34 408.79
168.41 430.18
164.67 453.17
24.56 340.34
12.26 323.76
6.92 316.81
26.17 314.14
44.35 314.14
58.79 322.16
57.72 338.74
67.88 345.69
72.16 393.28
75.37 406.11
100.50 401.30
93.01 386.86
83.92 378.84
88.74 361.20
93.01 357.99
88.20 366.01
109.06 361.73
114.94 374.03
113.87 413.60
132.59 409.86
140.61 396.49
130.98 380.98
116.54 399.16
134.19 372.96
151.30 372.96
158.79 386.86
158.79 398.09
151.30 408.79
170.02 376.17
185.53 387.40
185.53 400.23
203.17 391.68
199.97 410.93
189.27 417.34
205.31 384.72
191.94 377.24
170.55 361.20
158.25 364.94
152.91 356.38
162.53 347.29
131.52 357.45
117.61 346.76
210.13 357.99
204.78 343.01
193.01 355.31
190.34 336.06
198.36 331.25
190.87 327.51
247.56 346.76
232.59 354.78
238.47 338.74
259.86 344.08
274.30 354.24
283.39 369.75
275.37 387.40
284.46 394.35
293.55 405.05
308.52 421.62
313.87 440.87
305.85 453.17
304.24 468.68
312.80 464.94
322.96 482.05
303.71 479.91
341.68 487.93
342.21 475.63
345.42 469.75
342.75 454.78
337.93 429.11
342.75 420.55
321.36 430.18
324.56 403.98
309.06 395.42
294.62 390.61
309.06 385.79
306.92 368.68
328.84 377.24
339.00 377.77
335.79 390.61
9.59 272.43
18.15 264.40
27.24 267.61
13.33 245.15
19.75 234.99
12.80 227.51
3.71 236.06
5.85 208.79
20.29 210.93
20.29 201.84
35.79 228.04
48.09 214.67
43.82 201.30
44.89 191.68
33.66 182.05
63.07 203.44
66.81 194.35
66.81 207.18
50.77 197.02
78.57 228.57
72.16 240.87
63.60 240.34
61.46 249.97
90.34 249.43
82.85 256.92
57.18 260.13
41.14 266.54
86.06 268.68
45.95 286.86
47.02 301.30
90.87 318.95
83.92 305.05
73.76 293.28
74.30 283.12
93.01 286.33
97.29 290.61
105.31 290.07
105.85 300.23
94.62 302.37
105.85 315.21
132.05 309.32
155.58 313.07
150.23 312.53
148.63 304.51
161.46 299.70
172.16 307.72
171.09 324.30
199.97 317.34
190.87 302.91
180.18 316.81
219.75 329.11
222.96 315.74
221.36 309.32
230.98 301.30
250.77 324.30
7.45 177.24
7.99 160.13
22.96 139.27
17.61 139.27
9.59 96.49
29.91 95.42
35.79 118.41
25.63 124.30
8.52 117.34
48.09 93.28
49.70 95.42
73.76 93.82
76.44 103.44
80.18 113.60
63.60 100.77
60.39 120.02
48.09 122.69
63.07 134.46
71.62 138.74
67.88 156.38
63.07 147.29
83.39 143.55
43.82 146.76
33.66 137.67
104.78 146.22
99.97 139.27
97.29 131.78
47.56 144.08
162.53 149.43
151.84 148.90
128.84 154.24
126.17 141.41
117.61 126.44
121.89 115.21
119.75 102.91
104.78 115.74
101.03 107.18
153.98 91.68
164.14 121.62
160.39 110.39
177.51 107.18
183.39 105.05
188.74 94.89
204.24 89.00
213.33 98.63
205.31 117.88
186.60 131.78
171.62 136.60
180.71 162.80
175.90 166.01
165.74 179.91
148.09 184.72
147.56 177.24
151.30 160.66
125.10 177.24
103.71 180.45
113.33 168.15
92.48 168.15
89.80 160.13
109.59 161.20
79.64 175.63
50.77 175.10
56.65 168.15
90.34 214.67
97.83 237.13
106.92 255.31
124.03 259.06
113.33 271.36
98.90 271.89
129.38 277.24
147.02 270.82
152.37 268.68
156.65 252.10
143.28 254.24
127.77 242.48
128.31 231.25
132.59 218.41
136.33 206.11
133.66 197.56
119.22 210.93
110.13 200.23
110.66 220.55
104.24 218.41
154.51 205.05
170.02 208.25
172.69 199.16
160.39 214.67
156.11 225.37
151.30 237.13
166.81 234.99
177.51 245.15
185.53 256.38
197.83 274.56
179.11 285.26
171.62 285.79
148.63 290.07
157.18 279.38
172.16 268.68
203.71 292.75
205.85 278.31
217.08 266.54
237.93 276.70
252.37 277.24
259.32 290.07
270.55 297.56
266.28 309.86
277.51 323.76
288.74 309.32
290.87 295.95
275.37 338.20
288.74 338.20
305.85 323.76
310.13 339.80
297.29 352.64
330.98 355.85
212.26 254.24
207.45 242.48
194.08 235.53
188.20 209.86
186.60 194.89
183.39 184.72
203.71 155.85
213.33 165.47
206.38 186.86
213.33 194.35
203.17 203.44
223.49 199.70
217.08 228.04
237.40 238.74
234.19 256.38
256.65 252.10
272.69 245.15
262.53 261.73
274.83 259.06
276.44 267.61
293.01 267.08
309.06 282.05
320.29 290.61
312.26 306.11
345.42 333.39
352.37 321.62
348.09 302.91
343.28 293.82
333.12 276.17
355.58 278.31
360.39 269.75
340.07 261.20
319.75 266.54
305.31 248.36
283.92 242.48
275.37 230.18
260.39 230.71
236.33 213.60
243.82 213.07
245.42 199.16
235.26 187.40
227.77 180.98
238.47 179.91
235.26 161.20
227.24 157.99
221.89 139.27
204.24 134.99
209.59 128.04
226.70 112.00
232.05 129.64
239.54 139.27
245.42 146.22
259.86 153.17
258.25 161.73
269.48 170.82
261.46 186.86
272.16 195.42
280.71 184.19
283.39 163.33
264.67 139.27
255.58 133.92
246.49 124.30
258.25 115.74
264.14 124.30
272.69 132.32
229.38 90.07
243.82 97.02
259.32 99.16
247.56 90.07
280.18 100.77
286.06 95.95
293.01 87.40
297.83 105.58
298.90 122.16
299.97 130.18
294.08 136.60
288.20 146.22
287.13 129.64
282.85 122.16
294.62 92.21
336.86 87.40
320.82 89.00
334.72 97.56
324.03 107.72
321.36 120.02
320.29 134.46
313.33 140.87
308.52 151.03
320.29 149.43
323.49 170.29
301.57 161.20
297.83 170.29
298.36 196.49
306.92 206.65
290.34 217.88
299.97 229.11
329.91 233.92
327.77 243.01
340.07 223.76
332.05 206.65
322.43 216.81
321.89 191.68
327.77 186.86
353.44 191.68
348.63 186.86
342.21 157.99
338.47 134.46
350.77 126.97
356.65 146.22
341.14 120.55
355.58 91.68
380.71 103.44
353.44 107.18
377.51 120.02
387.67 126.97
401.57 116.81
384.99 137.13
378.04 147.29
385.53 159.06
363.07 180.45
374.83 189.54
382.85 179.91
372.69 171.36
392.48 168.68
401.03 179.38
407.45 170.29
398.36 147.29
403.71 143.55
416.54 152.10
417.61 162.80
413.87 134.46
421.89 126.97
406.92 100.23
398.90 95.95
421.36 92.21
438.47 97.56
427.77 108.25
452.91 115.74
436.86 137.67
435.79 153.71
452.91 153.17
427.77 170.82
426.70 191.68
413.33 191.68
394.08 196.49
403.71 201.84
416.54 203.44
417.61 215.74
395.69 214.67
365.74 216.28
355.05 227.51
358.79 240.87
371.09 244.62
393.55 243.01
406.38 228.57
417.08 245.69
414.94 252.10
404.78 260.13
383.39 261.20
380.71 278.31
365.21 287.93
362.53 302.37
376.97 309.32
373.76 326.44
380.18 333.92
369.48 344.08
373.23 356.92
352.91 352.10
388.20 345.69
395.69 357.45
387.67 385.79
355.58 386.86
363.07 375.10
360.39 399.16
380.71 413.60
375.37 434.99
366.81 429.11
354.51 441.41
369.48 449.43
362.53 460.13
358.79 484.72
358.79 501.84
353.44 512.00
350.23 529.11
354.51 543.55
363.07 555.31
378.04 587.40
397.83 559.59
384.46 549.43
376.97 539.80
377.51 525.90
367.88 519.48
386.06 517.88
380.18 505.58
382.32 497.56
388.20 491.68
390.87 478.31
406.92 478.31
406.38 497.02
410.13 508.25
402.64 531.78
406.38 595.42
424.03 590.61
416.54 575.63
435.26 578.31
429.38 563.87
418.68 540.87
408.52 552.10
418.15 528.04
428.84 514.67
436.33 502.37
428.31 491.68
444.89 524.30
441.14 538.74
456.11 548.36
464.67 536.60
457.72 570.29
461.46 588.47
486.60 590.07
480.18 576.17
474.83 559.59
473.23 553.17
487.67 541.41
473.76 524.30
476.44 514.67
464.14 514.67
480.71 503.44
487.67 508.25
518.15 587.93
510.13 574.56
498.36 562.80
493.55 552.10
533.12 575.63
527.24 559.59
534.19 540.87
539.54 532.85
513.33 513.60
507.99 505.05
509.59 492.75
520.29 483.12
526.70 501.84
489.27 489.54
477.51 490.61
478.57 482.05
465.21 480.45
473.76 463.87
391.94 455.85
394.62 448.36
390.34 436.06
394.62 424.30
403.17 410.93
394.62 396.49
410.13 386.86
418.68 371.89
418.68 360.66
410.66 344.08
405.31 333.39
394.08 325.37
396.22 309.32
386.60 295.42
349.70 249.97
409.59 267.61
406.92 285.79
411.73 295.42
414.94 304.51
429.38 320.55
449.16 333.92
458.79 353.17
453.44 360.13
440.07 369.22
445.95 375.10
435.79 385.79
442.21 401.30
424.56 402.91
438.47 415.74
416.54 424.30
422.96 436.06
425.10 455.85
417.61 471.36
440.07 464.40
449.16 455.31
453.98 434.99
487.67 466.54
479.64 449.97
473.23 434.99
464.67 423.23
468.41 401.30
463.60 395.42
481.78 384.72
465.21 369.75
481.25 359.59
479.11 351.57
477.51 341.41
474.30 324.30
464.14 310.39
460.39 292.75
445.42 280.98
453.44 268.68
436.33 242.48
428.31 229.11
443.28 216.81
442.75 134.99
467.88 126.97
471.62 107.72
484.46 100.77
480.18 86.86
459.32 90.61
456.65 100.23
472.16 116.81
380.18 88.47
492.48 108.25
494.08 116.81
502.10 133.92
495.15 148.90
482.32 160.66
515.47 163.87
501.03 214.67
502.10 206.65
511.20 208.79
491.41 209.86
472.16 206.11
488.20 194.89
496.76 189.54
508.52 189.54
463.60 215.74
481.25 221.62
458.79 237.67
140.61 93.28
506.38 454.24
522.96 467.61
498.90 431.25
496.22 397.02
494.08 377.77
507.45 364.94
502.10 344.62
504.78 337.13
511.73 314.14
484.99 305.58
472.69 290.07
469.48 271.89
503.17 286.86
491.94 263.87
508.52 252.10
502.64 242.48
493.55 237.67
507.45 230.71
461.46 170.82
543.82 595.42
568.41 586.33
552.91 570.29
561.46 568.68
565.74 557.99
563.07 549.97
549.70 544.08
551.30 514.14
560.93 485.26
548.63 474.56
569.48 468.68
551.30 424.30
529.91 421.62
519.75 413.60
524.56 396.49
520.29 384.72
521.36 375.10
533.66 362.26
540.07 354.78
524.03 340.34
520.29 336.60
524.03 322.69
531.52 314.14
529.38 301.30
518.68 288.47
540.61 286.86
543.28 272.43
534.19 266.01
529.38 257.99
519.75 254.24
535.26 228.04
534.19 215.74
557.18 207.18
560.93 219.48
538.47 170.82
540.61 155.85
528.31 143.55
537.93 128.04
537.40 120.02
514.40 121.62
521.89 115.21
514.40 102.91
518.68 98.09
501.57 91.14
534.72 105.05
535.79 97.56
517.08 89.54
552.91 92.75
532.59 87.40
550.77 112.53
568.95 97.02
575.37 115.21
576.97 132.32
576.97 137.67
570.02 144.62
566.28 161.20
560.39 146.76
556.65 177.24
573.23 206.11
566.81 214.67
573.23 225.37
557.18 259.59
572.16 266.54
571.62 285.79
566.81 294.89
555.58 287.93
556.65 302.37
570.55 314.14
552.91 318.95
547.02 329.64
566.81 345.15
545.95 380.98
572.69 382.59
575.37 429.11
587.67 595.42
591.94 569.75
607.99 567.61
609.59 549.97
582.85 557.45
588.20 547.29
580.71 543.55
582.32 526.44
576.97 509.32
594.08 510.93
598.36 522.69
584.99 477.24
590.34 498.63
595.69 464.94
635.26 597.56
649.16 590.61
631.52 582.59
636.33 566.01
627.77 553.17
680.18 590.61
683.39 574.56
673.23 565.47
663.07 542.48
656.65 519.48
657.72 506.11
636.33 506.65
617.08 503.44
632.59 489.54
617.08 478.31
598.36 429.11
621.36 418.41
617.61 409.86
627.77 429.11
600.50 368.68
587.13 346.22
588.20 314.14
599.43 316.81
594.62 297.56
594.62 286.33
606.38 278.84
603.17 243.01
595.15 237.67
587.13 228.04
699.43 597.56
709.06 591.68
697.29 564.94
690.87 554.78
714.94 552.10
716.54 569.22
729.38 580.45
734.72 574.56
744.89 569.22
744.89 562.80
760.39 538.74
760.39 549.97
771.09 558.52
786.60 553.17
782.85 532.85
798.90 569.22
780.71 578.31
763.07 595.95
812.26 553.17
817.61 550.50
810.13 533.39
816.54 520.55
798.90 520.02
809.59 509.32
804.24 491.68
789.80 501.30
775.37 485.26
752.91 495.95
735.79 501.84
716.01 503.98
705.31 521.09
711.20 533.92
684.46 507.18
685.53 474.03
722.43 480.98
744.35 472.43
764.67 469.75
770.02 457.99
776.97 449.97
791.41 452.10
798.90 445.15
812.80 471.36
815.47 462.80
818.68 454.24
762.00 445.15
772.69 443.55
759.86 425.37
807.99 421.62
794.08 434.99
800.50 432.85
673.23 470.29
649.16 490.61
664.14 501.84
653.44 478.31
647.02 430.18
647.02 390.61
641.68 371.36
633.12 367.61
641.14 357.99
614.94 357.45
610.66 307.18
610.66 292.75
632.59 286.33
627.24 312.00
640.07 316.81
626.70 247.29
620.82 208.79
598.36 204.51
601.03 196.49
579.64 186.86
583.39 179.38
597.29 172.43
602.10 179.38
616.01 146.76
599.43 131.25
599.97 89.00
612.26 96.49
617.08 105.05
612.80 110.39
614.40 122.16
621.36 136.60
626.70 143.55
639.54 154.24
636.86 149.43
644.35 148.90
651.84 160.13
652.37 141.41
647.02 131.25
641.68 122.16
634.19 110.39
632.59 119.48
650.23 108.25
656.65 117.88
667.34 122.69
668.95 131.78
673.23 139.27
666.81 148.90
672.69 163.33
665.21 170.29
660.39 177.77
644.89 192.21
634.19 201.84
618.68 195.42
666.81 199.70
650.77 245.15
657.18 239.80
659.86 233.92
671.09 238.74
665.21 252.10
684.99 232.32
698.36 235.53
719.75 232.85
733.12 239.80
745.42 226.44
752.37 224.30
750.23 209.86
710.13 285.79
727.24 282.05
742.75 283.12
739.54 309.32
702.64 336.06
684.46 324.83
664.67 322.16
665.21 314.14
655.05 308.25
634.19 298.63
664.67 383.66
660.39 372.43
663.07 361.73
698.36 436.60
698.36 425.37
676.44 426.97
687.67 409.86
678.57 401.30
705.85 380.98
684.46 389.54
688.74 379.91
712.26 340.34
711.73 328.57
722.43 357.45
728.31 341.94
742.75 338.20
719.22 438.74
731.52 424.30
725.63 413.60
734.19 401.30
739.54 393.28
758.79 406.11
813.33 395.42
803.17 369.22
812.26 360.66
806.38 360.66
776.97 395.42
779.11 388.47
775.37 384.72
773.23 374.03
774.30 359.59
774.30 353.17
772.69 345.69
766.28 339.80
759.86 347.83
772.16 336.06
771.09 326.44
795.15 344.08
787.67 334.99
795.15 317.88
815.47 314.67
813.33 303.44
793.01 305.05
804.78 284.19
806.92 276.17
804.24 266.01
805.31 257.99
798.90 253.17
793.01 264.94
783.39 280.45
757.72 274.03
757.72 233.92
768.41 225.37
801.03 235.53
809.06 223.23
810.66 206.11
790.87 208.79
791.41 200.23
802.64 194.35
768.95 194.35
744.35 191.68
734.19 185.79
679.11 199.70
693.55 196.49
701.57 184.72
706.92 193.82
721.36 190.07
727.24 179.38
688.20 177.77
673.23 177.77
698.36 138.74
699.43 127.51
695.15 122.16
679.64 113.60
672.16 120.55
674.30 102.91
668.95 106.11
665.21 91.14
677.51 86.86
686.06 95.95
696.22 110.39
704.24 115.21
715.47 112.53
719.22 120.02
713.33 100.23
747.02 173.49
735.79 161.20
731.52 155.85
727.24 151.57
718.68 139.27
743.28 141.41
743.82 148.90
752.37 156.92
761.46 148.36
768.95 168.68
772.69 171.36
787.13 183.12
799.97 179.91
785.53 163.33
782.32 148.90
793.55 142.48
781.78 129.11
801.57 131.25
807.45 124.83
817.61 109.86
815.47 91.68
804.24 105.58
805.31 112.53
794.62 122.69
783.92 98.63
770.02 88.47
761.46 100.23
757.18 92.75
737.40 92.21
743.28 89.00
814.40 153.71
664.14 189.00
622.96 93.82
437.40 262.26
460.39 252.64
484.46 256.38
706.92 581.52
12.53 80.58
23.49 67.48
8.52 61.06
39.80 66.41
39.80 79.78
56.92 74.43
50.23 85.39
71.62 79.51
80.71 73.09
69.75 66.14
93.01 80.58
118.41 84.06
101.30 64.54
127.24 66.94
142.75 78.98
161.73 74.43
155.85 65.87
146.49 62.13
195.15 69.89
178.31 67.48
210.39 62.93
251.03 63.74
247.02 76.84
262.53 64.00
267.88 67.75
290.07 64.54
285.26 77.91
219.22 86.20
324.30 67.21
347.29 67.21
355.85 72.02
368.15 63.47
382.85 63.20
377.51 76.84
394.89 84.59
395.69 72.56
394.89 66.14
395.95 61.33
402.64 64.54
358.25 86.20
367.08 76.84
25.10 198.49
23.23 191.81
1.03 198.49
5.31 73.36
203.44 174.16
178.84 148.23
292.48 181.92
416.94 89.14
435.93 82.72
439.40 76.03
431.92 65.34
418.55 72.56
421.49 58.92
424.97 50.37
405.98 45.02
384.32 47.69
335.39 46.36
515.34 84.59
518.28 80.85
495.82 79.51
506.52 69.08
500.37 58.66
489.14 64.00
469.62 68.28
479.24 60.53
473.90 55.71
459.46 55.45
458.12 46.89
448.49 62.67
443.15 55.71
443.15 48.23
455.45 77.37
515.34 47.43
493.15 49.03
504.64 45.82
520.95 58.92
526.03 64.80
537.80 64.00
536.46 75.77
533.25 50.37
557.32 50.63
553.84 44.48
566.94 68.82
569.89 54.38
589.40 80.58
599.83 68.82
602.77 62.93
588.87 64.27
612.67 59.99
612.13 48.23
625.50 54.11
623.63 66.14
634.86 71.49
643.15 68.82
649.30 73.36
662.40 58.92
673.09 77.10
704.64 85.66
695.02 80.31
688.33 73.36
694.22 65.07
695.82 55.45
686.46 51.97
678.44 58.92
670.69 47.43
655.18 47.69
446.89 176.03
346.89 173.63
362.40 166.41
369.08 127.91
300.10 103.84
767.08 71.49
761.73 55.45
751.03 55.71
759.06 46.62
775.10 56.52
777.24 67.48
795.95 69.62
809.06 76.03
812.26 82.99
817.61 67.48
818.41 61.33
822.43 62.67
826.44 56.25
834.99 58.12
841.68 59.99
828.84 87.80
839.80 79.51
850.50 92.61
856.92 103.57
845.15 107.05
831.25 106.25
840.87 123.90
854.51 131.38
840.87 138.07
828.84 131.38
817.08 135.93
841.68 180.31
848.36 184.59
855.31 185.93
836.86 188.33
826.44 192.08
817.34 180.58
842.75 203.57
841.14 242.61
837.93 233.52
824.30 234.59
825.63 255.98
828.04 270.42
834.72 278.98
828.04 286.46
839.00 297.16
853.44 289.94
860.13 272.02
847.02 268.28
845.69 259.99
828.57 410.26
846.49 395.55
850.50 378.17
856.11 385.39
857.18 365.61
849.97 355.45
856.65 349.30
854.51 334.06
833.39 342.08
840.87 350.90
827.77 361.33
813.07 347.96
841.41 328.17
851.30 314.80
821.09 308.12
854.51 438.07
838.47 447.43
836.06 461.33
824.56 436.73
838.47 424.16
854.78 419.62
507.45 434.86
607.72 416.68
592.21 411.33
830.71 597.96
841.68 582.72
852.10 567.21
848.90 554.64
858.25 541.28
838.47 547.16
828.31 530.05
834.72 486.20
849.97 486.73
858.52 483.52
738.20 382.99
626.17 374.70
771.36 524.97
784.72 520.95
59.06 486.20
388.20 577.77
368.95 365.34
389.00 373.09
751.84 317.88
750.23 302.37
872.56 585.72
880.26 576.73
866.77 566.45
872.56 552.32
868.06 518.27
893.75 501.57
873.20 492.58
883.48 480.37
862.92 463.03
869.34 457.89
882.19 437.33
892.47 439.90
869.34 391.08
893.11 398.14
893.75 380.80
877.05 371.16
874.32 326.52
896.16 357.99
895.84 321.06
880.75 307.25
865.65 301.78
876.57 275.45
888.78 269.66
898.41 274.16
888.13 257.14
866.93 257.46
870.79 246.86
852.16 235.94
875.29 242.68
866.93 224.70
866.93 212.49
856.01 204.46
881.07 213.13
892.95 211.85
895.20 191.61
877.21 202.21
876.57 192.26
870.15 179.09
864.04 164.95
856.98 154.35
881.07 165.28
881.07 179.09
894.56 175.55
893.59 160.78
894.56 149.86
880.10 146.32
875.29 155.00
871.43 138.94
876.57 125.45
890.38 133.80
896.16 122.56
883.64 116.13
874.00 114.53
863.40 117.42
871.11 103.60
891.02 101.68
896.81 93.01
897.45 76.95
884.60 76.95
865.01 98.79
878.18 101.36
872.72 75.66
864.37 61.21
890.06 45.15
895.20 35.83
893.27 20.74
879.46 34.87
877.86 27.16
867.26 20.41
865.97 29.09
857.94 29.41
857.94 17.52
844.77 19.45
853.77 11.74
832.89 16.56
838.99 10.78
822.93 12.06
827.11 9.17
800.13 35.19
796.59 28.44
788.56 29.41
798.84 19.77
785.99 45.15
773.79 14.95
781.82 10.78
803.98 4.68
813.62 6.28
841.88 4.03
585.24 201.57
730.43 78.55
724.96 67.63
720.15 51.25
469.93 36.80
465.11 32.94
474.43 28.12
469.29 9.17
486.96 9.17
481.50 8.85
489.20 23.63
493.70 29.41
507.83 33.90
522.61 37.12
524.86 24.91
526.14 13.99
509.12 15.60
538.35 21.06
547.66 7.25
550.23 33.58
558.26 27.16
565.33 19.13
573.04 25.23
570.15 35.83
587.81 33.58
590.38 40.97
588.13 25.23
583.96 16.56
578.50 5.00
562.44 5.96
591.99 5.64
606.76 5.96
611.90 16.56
609.65 23.95
604.51 32.94
608.37 40.01
621.22 43.86
618.65 34.87
634.07 31.01
627.96 23.95
631.50 9.49
644.34 7.57
645.95 22.34
650.13 29.41
646.91 38.40
635.03 43.86
641.45 57.99
662.65 26.84
664.90 15.60
682.25 12.38
687.71 17.84
688.35 28.44
680.00 30.05
682.57 36.80
698.95 34.87
713.72 40.65
720.47 42.58
720.47 33.90
720.79 24.27
720.15 15.28
704.73 25.23
704.73 19.77
699.59 13.99
713.72 5.64
742.31 41.29
738.46 34.87
756.12 30.05
762.22 36.80
482.78 43.86
428.66 33.26
442.15 29.41
437.01 43.54
451.14 40.97
406.17 34.55
386.90 35.83
420.95 26.84
430.59 13.99
370.20 21.70
65.70 50.93
74.05 44.50
73.09 36.80
68.59 19.13
55.75 19.45
58.64 10.78
75.98 11.74
89.47 19.45
91.08 12.71
92.36 6.28
108.42 19.45
107.78 7.57
119.02 25.55
122.56 16.88
124.16 8.53
99.75 28.12
93.65 36.80
89.47 54.14
104.89 55.43
114.20 42.90
112.60 33.90
137.33 36.47
137.97 47.07
150.82 38.40
152.75 32.30
164.63 30.69
171.70 43.54
174.59 55.43
193.54 55.43
213.13 54.14
213.46 45.15
192.90 45.79
197.72 35.83
185.83 28.12
180.69 18.49
183.90 8.85
160.78 16.24
160.46 8.21
146.32 9.17
139.26 8.85
133.80 5.96
226.95 42.90
252.32 49.64
254.57 44.18
259.39 31.01
241.40 23.63
241.08 19.13
230.16 9.81
244.29 4.68
253.28 9.49
265.17 5.32
273.52 11.10
274.48 22.66
288.94 9.81
305.96 11.74
316.24 16.56
316.56 6.92
318.17 27.16
301.78 27.80
334.87 19.45
348.68 22.02
352.21 17.52
812.81 44.18
610.46 489.37
34.23 23.63
46.43 57.67
25.23 55.10
29.73 49.32
5.96 46.11
1.46 27.48
13.19 12.71
61.37 234.01
430.72 4.70
382.17 4.70
358.79 6.49
354.30 7.39
25.23 14.59
33.32 14.59
39.61 6.49
28.82 2.00
869.48 5.59
873.98 14.59
885.66 8.29
772.38 111.69
773.28 98.20
440.61 167.43
385.76 226.77
439.71 299.60
430.72 291.51
120.53 333.77
327.32 56.84
