801.70 477.89
771.22 470.94
764.80 454.90
754.11 465.59
735.93 467.20
893.68 434.57
882.99 444.74
887.26 475.75
883.52 466.13
876.03 434.04
880.85 424.41
892.61 415.86
892.08 399.28
873.90 399.82
864.80 412.11
851.44 420.67
854.11 450.08
859.46 456.50
862.67 470.40
840.74 469.33
835.39 454.36
832.72 436.71
819.35 447.41
812.93 463.45
799.56 447.41
781.92 439.92
761.60 439.39
769.62 424.95
793.15 413.18
779.24 399.82
755.18 416.93
748.23 399.28
731.11 415.86
733.79 435.64
745.55 450.62
714.00 459.17
705.98 447.41
714.54 427.62
702.77 417.46
692.08 412.65
682.45 420.14
688.87 439.92
687.26 459.71
689.94 473.61
671.76 467.20
891.01 384.31
872.29 388.05
866.94 370.94
886.20 361.31
891.01 372.54
891.54 346.87
876.03 356.50
876.57 340.99
862.13 336.18
845.55 351.15
850.90 366.66
831.11 359.17
820.42 376.29
824.70 389.12
808.66 389.12
800.10 384.84
808.12 399.82
825.77 422.28
833.79 411.58
850.90 396.61
763.74 388.05
748.76 380.56
740.21 371.47
719.35 390.72
725.77 401.95
700.10 401.42
693.68 384.84
687.80 375.75
673.90 405.16
664.80 412.65
663.20 424.41
659.46 435.11
661.60 453.29
648.76 447.41
634.86 461.31
649.30 474.68
627.37 477.36
619.35 473.61
717.75 378.43
711.86 367.73
732.18 360.24
727.91 351.69
749.30 345.80
759.99 360.24
771.76 368.80
786.73 369.87
781.38 361.31
771.76 345.80
781.38 332.44
755.71 323.34
742.34 335.11
737.00 330.30
725.77 337.78
703.84 334.04
691.01 359.17
679.78 336.71
695.82 322.28
717.21 318.53
711.33 308.91
725.23 309.98
721.49 297.68
737.53 284.84
747.69 281.10
845.55 331.37
823.09 325.48
808.66 314.79
807.59 336.18
811.33 359.17
875.50 307.30
882.99 292.86
892.08 284.84
887.26 267.20
882.99 263.99
887.80 272.01
866.94 267.73
861.06 280.03
862.13 319.60
843.41 315.86
835.39 302.49
845.02 286.98
859.46 305.16
841.81 278.96
824.70 278.96
817.21 292.86
817.21 304.09
824.70 314.79
805.98 282.17
790.47 293.40
790.47 306.23
772.83 297.68
776.03 316.93
786.73 323.34
770.69 290.72
784.06 283.24
805.45 267.20
817.75 270.94
823.09 262.38
813.47 253.29
844.48 263.45
858.39 252.76
765.87 263.99
771.22 249.01
782.99 261.31
785.66 242.06
777.64 237.25
785.13 233.51
728.44 252.76
743.41 260.78
737.53 244.74
716.14 250.08
701.70 260.24
692.61 275.75
700.63 293.40
691.54 300.35
682.45 311.05
667.48 327.62
662.13 346.87
670.15 359.17
671.76 374.68
663.20 370.94
653.04 388.05
672.29 385.91
634.32 393.93
633.79 381.63
630.58 375.75
633.25 360.78
638.07 335.11
633.25 326.55
654.64 336.18
651.44 309.98
666.94 301.42
681.38 296.61
666.94 291.79
669.08 274.68
647.16 283.24
637.00 283.77
640.21 296.61
897.43 134.57
885.66 155.43
893.15 162.92
889.94 174.68
885.13 224.95
892.08 211.05
882.99 192.33
878.71 196.61
870.69 196.07
870.15 206.23
881.38 208.37
870.15 221.21
843.95 215.32
820.42 219.07
825.77 218.53
827.37 210.51
814.54 205.70
803.84 213.72
804.91 230.30
776.03 223.34
785.13 208.91
795.82 222.81
756.25 235.11
753.04 221.74
754.64 215.32
745.02 207.30
725.23 230.30
899.56 9.44
895.82 19.60
892.61 49.55
871.22 52.22
876.03 45.27
878.71 37.78
813.47 55.43
824.16 54.90
847.16 60.24
849.83 47.41
858.39 32.44
854.11 21.21
856.25 8.91
871.22 21.74
874.97 13.18
811.86 27.62
815.61 16.39
798.49 13.18
792.61 11.05
787.26 0.89
762.67 4.63
770.69 23.88
789.40 37.78
804.38 42.60
795.29 68.80
800.10 72.01
810.26 85.91
827.91 90.72
828.44 83.24
824.70 66.66
850.90 83.24
872.29 86.45
862.67 74.15
883.52 74.15
886.20 66.13
866.41 67.20
896.36 81.63
885.66 120.67
878.17 143.13
869.08 161.31
851.97 165.06
862.67 177.36
877.10 177.89
846.62 183.24
828.98 176.82
823.63 174.68
819.35 158.10
832.72 160.24
848.23 148.48
847.69 137.25
843.41 124.41
839.67 112.11
842.34 103.56
856.78 116.93
865.87 106.23
865.34 126.55
871.76 124.41
821.49 111.05
805.98 114.25
803.31 105.16
815.61 120.67
819.89 131.37
824.70 143.13
809.19 140.99
798.49 151.15
790.47 162.38
778.17 180.56
796.89 191.26
804.38 191.79
827.37 196.07
818.82 185.38
803.84 174.68
772.29 198.75
770.15 184.31
758.92 172.54
738.07 182.70
723.63 183.24
716.68 196.07
705.45 203.56
709.72 215.86
698.49 229.76
687.26 215.32
685.13 201.95
700.63 244.20
687.26 244.20
670.15 229.76
665.87 245.80
678.71 258.64
645.02 261.85
763.74 160.24
768.55 148.48
781.92 141.53
787.80 115.86
789.40 100.89
792.61 90.72
772.29 61.85
762.67 71.47
769.62 92.86
762.67 100.35
772.83 109.44
752.51 105.70
758.92 134.04
738.60 144.74
741.81 162.38
719.35 158.10
703.31 151.15
713.47 167.73
701.17 165.06
699.56 173.61
682.99 173.08
666.94 188.05
655.71 196.61
663.74 212.11
630.58 239.39
623.63 227.62
627.91 208.91
632.72 199.82
642.88 182.17
620.42 184.31
615.61 175.75
635.93 167.20
656.25 172.54
670.69 154.36
692.08 148.48
700.63 136.18
715.61 136.71
739.67 119.60
732.18 119.07
730.58 105.16
740.74 93.40
748.23 86.98
737.53 85.91
740.74 67.20
748.76 63.99
754.11 45.27
771.76 40.99
766.41 34.04
749.30 18.00
743.95 35.64
736.46 45.27
730.58 52.22
716.14 59.17
717.75 67.73
706.52 76.82
714.54 92.86
703.84 101.42
695.29 90.19
692.61 69.33
711.33 45.27
720.42 39.92
729.51 30.30
717.75 21.74
711.86 30.30
703.31 38.32
732.18 3.02
716.68 5.16
695.82 6.77
689.94 1.95
678.17 11.58
677.10 28.16
676.03 36.18
681.92 42.60
687.80 52.22
688.87 35.64
693.15 28.16
641.28 3.56
651.97 13.72
654.64 26.02
655.71 40.46
662.67 46.87
667.48 57.03
655.71 55.43
652.51 76.29
674.43 67.20
678.17 76.29
677.64 102.49
669.08 112.65
685.66 123.88
676.03 135.11
646.09 139.92
648.23 149.01
635.93 129.76
643.95 112.65
653.57 122.81
654.11 97.68
648.23 92.86
622.56 97.68
627.37 92.86
633.79 63.99
637.53 40.46
625.23 32.97
619.35 52.22
634.86 26.55
595.29 9.44
622.56 13.18
598.49 26.02
588.33 32.97
574.43 22.81
591.01 43.13
597.96 53.29
590.47 65.06
612.93 86.45
601.17 95.54
593.15 85.91
603.31 77.36
583.52 74.68
574.97 85.38
568.55 76.29
577.64 53.29
572.29 49.55
559.46 58.10
558.39 68.80
562.13 40.46
554.11 32.97
569.08 6.23
577.10 1.95
537.53 3.56
548.23 14.25
523.09 21.74
539.14 43.67
540.21 59.71
523.09 59.17
548.23 76.82
549.30 97.68
562.67 97.68
581.92 102.49
572.29 107.84
559.46 109.44
558.39 121.74
580.31 120.67
610.26 122.28
620.95 133.51
617.21 146.87
604.91 150.62
582.45 149.01
569.62 134.57
558.92 151.69
561.06 158.10
571.22 166.13
592.61 167.20
595.29 184.31
610.79 193.93
613.47 208.37
599.03 215.32
602.24 232.44
595.82 239.92
606.52 250.08
602.77 262.92
623.09 258.10
587.80 251.69
580.31 263.45
588.33 291.79
620.42 292.86
612.93 281.10
615.61 305.16
595.29 319.60
600.63 340.99
609.19 335.11
621.49 347.41
606.52 355.43
613.47 366.13
617.21 390.72
617.21 407.84
622.56 418.00
625.77 435.11
621.49 449.55
612.93 461.31
578.17 465.59
591.54 455.43
599.03 445.80
598.49 431.90
608.12 425.48
589.94 423.88
595.82 411.58
593.68 403.56
587.80 397.68
585.13 384.31
569.08 384.31
569.62 403.02
565.87 414.25
573.36 437.78
546.62 469.87
557.32 446.87
567.48 458.10
557.85 434.04
547.16 420.67
539.67 408.37
547.69 397.68
531.11 430.30
534.86 444.74
519.89 454.36
511.33 442.60
518.28 476.29
501.17 465.59
502.77 459.17
488.33 447.41
502.24 430.30
499.56 420.67
511.86 420.67
495.29 409.44
488.33 414.25
477.64 468.80
482.45 458.10
448.76 465.59
441.81 446.87
436.46 438.85
462.67 419.60
468.01 411.05
466.41 398.75
455.71 389.12
449.30 407.84
486.73 395.54
498.49 396.61
497.43 388.05
510.79 386.45
502.24 369.87
584.06 361.85
581.38 354.36
585.66 342.06
581.38 330.30
572.83 316.93
581.38 302.49
565.87 292.86
557.32 277.89
557.32 266.66
565.34 250.08
570.69 239.39
581.92 231.37
579.78 215.32
589.40 201.42
626.30 155.97
566.41 173.61
569.08 191.79
564.27 201.42
561.06 210.51
546.62 226.55
526.84 239.92
517.21 259.17
522.56 266.13
535.93 275.22
530.05 281.10
540.21 291.79
533.79 307.30
551.44 308.91
537.53 321.74
559.46 330.30
553.04 342.06
550.90 361.85
558.39 377.36
535.93 370.40
526.84 361.31
522.02 340.99
488.33 372.54
496.36 355.97
502.77 340.99
511.33 329.23
507.59 307.30
512.40 301.42
494.22 290.72
510.79 275.75
494.75 265.59
496.89 257.57
498.49 247.41
501.70 230.30
511.86 216.39
515.61 198.75
530.58 186.98
522.56 174.68
539.67 148.48
547.69 135.11
532.72 122.81
533.25 40.99
508.12 32.97
504.38 13.72
491.54 6.77
519.35 6.23
503.84 22.81
483.52 14.25
481.92 22.81
473.90 39.92
480.85 54.90
493.68 66.66
460.53 69.87
474.97 120.67
473.90 112.65
464.80 114.79
484.59 115.86
503.84 112.11
487.80 100.89
479.24 95.54
467.48 95.54
512.40 121.74
494.75 127.62
517.21 143.67
469.62 360.24
453.04 373.61
477.10 337.25
479.78 303.02
481.92 283.77
468.55 270.94
473.90 250.62
471.22 243.13
464.27 220.14
491.01 211.58
503.31 196.07
506.52 177.89
472.83 192.86
484.06 169.87
467.48 158.10
473.36 148.48
482.45 143.67
468.55 136.71
514.54 76.82
423.09 476.29
426.30 450.08
424.70 420.14
427.37 380.56
424.70 330.30
446.09 327.62
456.25 319.60
451.44 302.49
455.71 290.72
454.64 281.10
442.34 268.26
435.93 260.78
451.97 246.34
455.71 242.60
451.97 228.69
444.48 220.14
446.62 207.30
457.32 194.47
435.39 192.86
432.72 178.43
441.81 172.01
446.62 163.99
456.25 160.24
440.74 134.04
441.81 121.74
437.53 76.82
435.39 61.85
447.69 49.55
438.07 34.04
438.60 26.02
461.60 27.62
454.11 21.21
461.60 8.91
457.32 4.09
441.28 11.05
440.21 3.56
425.23 18.53
420.42 193.93
423.09 224.95
428.98 235.64
430.05 286.98
538.60 168.26
515.61 158.64
491.54 162.38
772.56 80.16
797.16 54.23
683.52 87.92
529.11 82.03
629.11 79.63
613.60 72.41
606.92 33.91
675.90 9.84
468.55 340.86
607.05 271.34
587.00 279.09
535.39 73.43
590.24 132.77
536.29 205.60
545.28 197.51
855.47 239.77
