605.24 437.83
622.54 393.45
660.90 394.96
655.63 373.15
586.44 420.53
601.48 400.98
557.11 422.79
563.13 444.60
533.80 444.60
530.04 419.78
499.95 427.30
500.71 445.35
482.66 443.84
465.36 416.77
478.14 392.70
521.01 401.73
545.08 393.45
586.44 352.84
616.52 357.36
645.10 350.59
661.65 325.77
633.82 319.75
611.26 315.24
584.19 317.50
647.36 300.20
641.34 275.38
454.83 443.84
423.24 440.83
413.47 418.27
459.34 387.44
396.17 443.84
383.38 416.77
358.57 413.76
329.99 419.02
299.90 446.10
290.88 435.57
260.05 441.59
251.77 407.74
226.20 416.02
213.42 438.58
199.88 392.70
189.35 390.45
172.05 358.86
129.19 413.01
99.10 438.58
74.29 446.10
47.96 446.85
83.31 382.93
112.64 334.79
76.54 356.60
93.09 331.03
60.75 328.78
51.72 357.36
30.67 365.63
20.89 354.35
12.62 375.40
2.09 356.60
14.87 334.04
45.71 330.28
48.71 305.46
78.05 312.98
103.62 309.98
154.76 315.99
229.96 361.12
266.81 337.80
288.62 337.80
292.38 314.49
305.92 315.24
322.47 343.07
341.27 346.83
337.51 366.38
363.08 372.40
395.42 369.39
384.89 358.11
422.49 365.63
433.02 350.59
482.66 361.87
505.97 369.39
536.81 343.07
554.86 350.59
548.09 322.01
499.95 334.79
474.38 319.00
496.19 323.51
536.81 297.94
545.08 300.20
569.14 299.45
576.67 282.90
621.04 270.12
663.15 224.99
624.05 243.04
639.84 219.73
663.15 197.92
621.04 198.67
609.76 224.24
579.67 247.55
578.17 224.24
548.09 273.88
519.51 271.62
501.46 266.36
473.63 263.35
460.85 289.67
439.04 267.86
442.05 291.17
438.29 317.50
420.24 319.00
411.21 288.92
362.33 264.10
372.10 236.27
383.38 275.38
354.81 285.16
345.78 312.23
329.24 285.91
339.76 268.61
298.40 278.39
322.47 220.48
303.67 218.22
326.23 203.18
339.01 197.17
278.10 242.29
281.86 212.21
290.88 198.67
241.24 218.22
223.19 238.53
219.43 221.98
197.62 282.15
185.59 259.59
199.13 237.02
170.55 262.60
146.48 282.90
133.70 266.36
113.39 266.36
105.12 280.64
74.29 287.41
91.58 258.83
92.33 238.53
78.05 236.27
66.76 216.72
37.43 251.31
47.96 237.02
30.67 235.52
3.59 261.84
2.09 279.14
19.38 286.66
29.16 286.66
50.97 281.40
9.61 216.72
114.14 215.97
154.76 249.06
92.33 216.72
138.96 218.22
164.53 218.22
186.34 226.50
195.37 200.93
173.56 196.41
151.75 194.16
104.37 192.65
84.06 180.62
58.49 194.16
18.63 196.41
23.14 173.10
41.19 173.10
6.60 198.67
8.86 149.79
35.18 148.28
56.99 153.55
83.31 149.79
104.37 158.06
226.20 204.69
223.19 179.87
240.49 177.61
261.55 170.09
404.44 188.89
387.14 186.64
342.02 176.86
319.46 167.08
332.24 152.04
390.90 159.56
408.20 156.55
394.67 135.50
442.80 152.79
469.12 188.89
450.32 217.47
422.49 221.23
473.63 222.74
469.12 245.30
435.28 239.28
511.99 221.23
516.50 200.17
518.76 174.60
502.96 176.11
538.31 155.05
567.64 152.04
556.36 179.87
584.19 174.60
605.24 173.85
622.54 152.04
615.77 132.49
664.66 177.61
630.06 117.45
649.62 107.67
639.09 105.41
661.65 112.93
662.40 88.87
666.16 29.45
645.10 24.94
646.61 10.65
636.08 49.76
608.25 48.26
592.46 62.55
575.16 65.55
586.44 126.47
547.33 83.60
532.29 86.61
523.27 112.18
489.43 110.68
482.66 133.99
471.38 106.92
454.08 137.00
441.29 103.16
424.00 89.62
402.19 101.65
408.95 125.72
424.75 132.49
386.39 115.94
374.36 130.98
281.10 135.50
326.98 131.74
275.84 155.05
254.03 156.55
221.69 152.79
252.52 134.74
256.29 113.69
239.74 109.93
217.18 109.93
193.86 107.67
200.63 127.98
177.32 134.74
151.75 133.99
171.30 154.30
145.73 149.03
121.67 143.02
99.10 133.99
79.55 127.22
55.48 119.70
45.71 88.12
14.87 90.37
85.57 58.03
50.97 64.05
65.26 46.75
88.57 42.24
87.82 24.19
114.14 22.69
5.85 37.73
8.10 93.38
149.49 27.95
196.12 10.65
173.56 61.04
200.63 68.56
212.67 85.86
223.19 86.61
248.76 69.31
268.32 73.07
261.55 54.27
236.73 48.26
257.79 86.61
296.90 68.56
306.67 88.87
334.50 86.61
322.47 104.66
346.53 93.38
378.12 95.64
363.83 66.31
349.54 68.56
320.96 17.42
299.15 20.43
288.62 12.16
314.95 6.14
350.29 21.18
360.07 33.97
519.51 52.02
507.48 54.27
483.41 48.26
460.85 54.27
471.38 67.81
577.42 8.40
551.85 25.69
560.87 6.14
515.75 26.45
528.53 5.39
509.73 16.67
487.92 27.20
475.14 22.69
487.17 13.66
448.81 17.42
429.26 30.96
426.25 73.07
388.65 34.72
405.19 8.40
435.28 6.89
666.16 266.36
184.84 91.88
186.34 75.33
113.39 387.44
320.21 394.96
302.16 365.63
249.52 345.32
265.31 393.45
292.38 392.70
184.30 7.46
76.00 7.46
14.71 9.34
33.13 6.70
53.44 6.70
136.92 6.70
68.02 32.18
585.10 49.57
168.29 376.16
230.75 329.74
12.55 252.10
