64.76 437.83
47.46 393.45
9.10 394.96
14.37 373.15
83.56 420.53
68.52 400.98
112.89 422.79
106.87 444.60
136.20 444.60
139.96 419.78
170.05 427.30
169.29 445.35
187.34 443.84
204.64 416.77
191.86 392.70
148.99 401.73
124.92 393.45
83.56 352.84
53.48 357.36
24.90 350.59
8.35 325.77
36.18 319.75
58.74 315.24
85.81 317.50
22.64 300.20
28.66 275.38
215.17 443.84
246.76 440.83
256.53 418.27
210.66 387.44
273.83 443.84
286.62 416.77
311.43 413.76
340.01 419.02
370.10 446.10
379.12 435.57
409.95 441.59
418.23 407.74
443.80 416.02
456.58 438.58
470.12 392.70
480.65 390.45
497.95 358.86
540.81 413.01
570.90 438.58
595.71 446.10
622.04 446.85
586.69 382.93
557.36 334.79
593.46 356.60
576.91 331.03
609.25 328.78
618.28 357.36
639.33 365.63
649.11 354.35
657.38 375.40
667.91 356.60
655.13 334.04
624.29 330.28
621.29 305.46
591.95 312.98
566.38 309.98
515.24 315.99
440.04 361.12
403.19 337.80
381.38 337.80
377.62 314.49
364.08 315.24
347.53 343.07
328.73 346.83
332.49 366.38
306.92 372.40
274.58 369.39
285.11 358.11
247.51 365.63
236.98 350.59
187.34 361.87
164.03 369.39
133.19 343.07
115.14 350.59
121.91 322.01
170.05 334.79
195.62 319.00
173.81 323.51
133.19 297.94
124.92 300.20
100.86 299.45
93.33 282.90
48.96 270.12
6.85 224.99
45.95 243.04
30.16 219.73
6.85 197.92
48.96 198.67
60.24 224.24
90.33 247.55
91.83 224.24
121.91 273.88
150.49 271.62
168.54 266.36
196.37 263.35
209.15 289.67
230.96 267.86
227.95 291.17
231.71 317.50
249.76 319.00
258.79 288.92
307.67 264.10
297.90 236.27
286.62 275.38
315.19 285.16
324.22 312.23
340.76 285.91
330.24 268.61
371.60 278.39
347.53 220.48
366.33 218.22
343.77 203.18
330.99 197.17
391.90 242.29
388.14 212.21
379.12 198.67
428.76 218.22
446.81 238.53
450.57 221.98
472.38 282.15
484.41 259.59
470.87 237.02
499.45 262.60
523.52 282.90
536.30 266.36
556.61 266.36
564.88 280.64
595.71 287.41
578.42 258.83
577.67 238.53
591.95 236.27
603.24 216.72
632.57 251.31
622.04 237.02
639.33 235.52
666.41 261.84
667.91 279.14
650.62 286.66
640.84 286.66
619.03 281.40
660.39 216.72
555.86 215.97
515.24 249.06
577.67 216.72
531.04 218.22
505.47 218.22
483.66 226.50
474.63 200.93
496.44 196.41
518.25 194.16
565.63 192.65
585.94 180.62
611.51 194.16
651.37 196.41
646.86 173.10
628.81 173.10
663.40 198.67
661.14 149.79
634.82 148.28
613.01 153.55
586.69 149.79
565.63 158.06
443.80 204.69
446.81 179.87
429.51 177.61
408.45 170.09
265.56 188.89
282.86 186.64
327.98 176.86
350.54 167.08
337.76 152.04
279.10 159.56
261.80 156.55
275.33 135.50
227.20 152.79
200.88 188.89
219.68 217.47
247.51 221.23
196.37 222.74
200.88 245.30
234.72 239.28
158.01 221.23
153.50 200.17
151.24 174.60
167.04 176.11
131.69 155.05
102.36 152.04
113.64 179.87
85.81 174.60
64.76 173.85
47.46 152.04
54.23 132.49
5.34 177.61
39.94 117.45
20.38 107.67
30.91 105.41
8.35 112.93
7.60 88.87
3.84 29.45
24.90 24.94
23.39 10.65
33.92 49.76
61.75 48.26
77.54 62.55
94.84 65.55
83.56 126.47
122.67 83.60
137.71 86.61
146.73 112.18
180.57 110.68
187.34 133.99
198.62 106.92
215.92 137.00
228.71 103.16
246.00 89.62
267.81 101.65
261.05 125.72
245.25 132.49
283.61 115.94
295.64 130.98
388.90 135.50
343.02 131.74
394.16 155.05
415.97 156.55
448.31 152.79
417.48 134.74
413.71 113.69
430.26 109.93
452.82 109.93
476.14 107.67
469.37 127.98
492.68 134.74
518.25 133.99
498.70 154.30
524.27 149.03
548.33 143.02
570.90 133.99
590.45 127.22
614.52 119.70
624.29 88.12
655.13 90.37
584.43 58.03
619.03 64.05
604.74 46.75
581.43 42.24
582.18 24.19
555.86 22.69
664.15 37.73
661.90 93.38
520.51 27.95
473.88 10.65
496.44 61.04
469.37 68.56
457.33 85.86
446.81 86.61
421.24 69.31
401.68 73.07
408.45 54.27
433.27 48.26
412.21 86.61
373.10 68.56
363.33 88.87
335.50 86.61
347.53 104.66
323.47 93.38
291.88 95.64
306.17 66.31
320.46 68.56
349.04 17.42
370.85 20.43
381.38 12.16
355.05 6.14
319.71 21.18
309.93 33.97
150.49 52.02
162.52 54.27
186.59 48.26
209.15 54.27
198.62 67.81
92.58 8.40
118.15 25.69
109.13 6.14
154.25 26.45
141.47 5.39
160.27 16.67
182.08 27.20
194.86 22.69
182.83 13.66
221.19 17.42
240.74 30.96
243.75 73.07
281.35 34.72
264.81 8.40
234.72 6.89
3.84 266.36
485.16 91.88
483.66 75.33
556.61 387.44
349.79 394.96
367.84 365.63
420.48 345.32
404.69 393.45
377.62 392.70
485.70 7.46
594.00 7.46
655.29 9.34
636.87 6.70
616.56 6.70
533.08 6.70
601.98 32.18
84.90 49.57
501.71 376.16
439.25 329.74
657.45 252.10
