9.56 341.84
11.81 306.50
329.19 326.80
307.38 326.80
303.62 303.49
290.08 304.24
273.53 332.07
254.73 335.83
258.49 355.38
232.92 361.40
200.58 358.39
211.11 347.11
173.51 354.63
162.98 339.59
113.34 350.87
90.03 358.39
59.19 332.07
41.14 339.59
47.91 311.01
96.05 323.79
121.62 308.00
99.81 312.51
59.19 286.94
50.92 289.20
26.86 288.45
19.33 271.90
16.33 236.55
17.83 213.24
47.91 262.88
76.49 260.62
94.54 255.36
122.37 252.35
135.15 278.67
156.96 256.86
153.95 280.17
157.71 306.50
175.76 308.00
184.79 277.92
233.67 253.10
223.90 225.27
212.62 264.38
241.19 274.16
250.22 301.23
266.76 274.91
256.24 257.61
297.60 267.39
273.53 209.48
292.33 207.22
269.77 192.18
256.99 186.17
317.90 231.29
314.14 201.21
305.12 187.67
354.76 207.22
355.51 166.61
334.45 159.09
191.56 177.89
208.86 175.64
253.98 165.86
276.54 156.08
263.76 141.04
205.10 148.56
187.80 145.55
201.33 124.50
153.20 141.79
126.88 177.89
145.68 206.47
173.51 210.23
122.37 211.74
126.88 234.30
160.72 228.28
84.01 210.23
79.50 189.17
77.24 163.60
93.04 165.11
57.69 144.05
28.36 141.04
39.64 168.87
11.81 163.60
3.54 51.55
20.84 54.55
9.56 115.47
48.67 72.60
63.71 75.61
72.73 101.18
106.57 99.68
113.34 122.99
124.62 95.92
141.92 126.00
154.71 92.16
172.00 78.62
193.81 90.65
187.05 114.72
171.25 121.49
209.61 104.94
221.64 119.98
314.90 124.50
269.02 120.74
320.16 144.05
341.97 145.55
343.48 123.74
339.71 102.69
356.26 98.93
347.24 58.31
327.68 62.07
334.45 43.27
359.27 37.26
338.21 75.61
299.10 57.56
289.33 77.87
261.50 75.61
273.53 93.66
249.47 82.38
217.88 84.64
232.17 55.31
246.46 57.56
275.04 6.42
296.85 9.43
307.38 1.16
245.71 10.18
235.93 22.97
76.49 41.02
88.52 43.27
112.59 37.26
135.15 43.27
124.62 56.81
44.15 14.69
80.25 15.45
86.27 5.67
108.08 16.20
120.86 11.69
108.83 2.66
147.19 6.42
166.74 19.96
169.75 62.07
207.35 23.72
293.84 354.63
346.48 334.32
10.90 38.57
