443.05 353.86
383.64 329.79
347.54 351.60
364.09 326.03
331.75 323.78
322.72 352.36
316.71 325.28
319.71 300.46
349.05 307.98
374.62 304.98
425.76 310.99
500.96 356.12
537.81 332.80
559.62 332.80
563.38 309.49
576.92 310.24
593.47 338.07
612.27 341.83
608.51 361.38
655.89 353.11
633.33 259.10
643.10 231.27
654.38 270.38
625.81 280.16
616.78 307.23
600.24 280.91
610.76 263.61
569.40 273.39
593.47 215.48
574.67 213.22
597.23 198.18
610.01 192.17
549.10 237.29
552.86 207.21
561.88 193.67
512.24 213.22
494.19 233.53
490.43 216.98
468.62 277.15
456.59 254.59
470.13 232.02
441.55 257.60
417.48 277.90
404.70 261.36
384.39 261.36
376.12 275.64
345.29 282.41
362.58 253.83
363.33 233.53
349.05 231.27
337.76 211.72
308.43 246.31
318.96 232.02
321.97 276.40
385.14 210.97
425.76 244.06
363.33 211.72
409.96 213.22
435.53 213.22
457.34 221.50
466.37 195.93
444.56 191.41
422.75 189.16
375.37 187.65
355.06 175.62
329.49 189.16
312.19 168.10
306.18 143.28
327.99 148.55
354.31 144.79
375.37 153.06
497.20 199.69
494.19 174.87
511.49 172.61
532.55 165.09
658.14 181.64
613.02 171.86
590.46 162.08
603.24 147.04
661.90 154.56
665.67 130.50
657.39 110.94
645.36 125.98
552.10 130.50
597.98 126.74
546.84 150.05
525.03 151.55
492.69 147.79
523.52 129.74
527.29 108.69
510.74 104.93
488.18 104.93
464.86 102.67
471.63 122.98
448.32 129.74
422.75 128.99
442.30 149.30
416.73 144.03
392.67 138.02
370.10 128.99
350.55 122.22
326.48 114.70
316.71 83.12
356.57 53.03
321.97 59.05
336.26 41.75
359.57 37.24
358.82 19.19
385.14 17.69
420.49 22.95
467.12 5.65
444.56 56.04
471.63 63.56
483.67 80.86
494.19 81.61
519.76 64.31
539.32 68.07
532.55 49.27
507.73 43.26
528.79 81.61
567.90 63.56
577.67 83.87
605.50 81.61
593.47 99.66
617.53 88.38
649.12 90.64
634.83 61.31
620.54 63.56
591.96 12.42
570.15 15.43
559.62 7.16
585.95 1.14
621.29 16.18
631.07 28.97
659.65 29.72
455.84 86.88
457.34 70.33
573.16 360.63
520.52 340.32
455.30 2.46
347.00 2.46
324.44 1.70
407.92 1.70
339.02 27.18
501.75 324.74
