7.92 722.52
446.15 719.09
413.62 695.13
379.39 647.20
334.88 578.72
281.81 707.11
244.15 695.13
233.88 630.08
197.93 614.67
256.13 566.74
206.49 559.89
132.88 522.23
55.85 503.40
13.05 431.50
60.98 424.66
103.78 443.49
151.71 452.05
264.69 450.33
6.20 363.03
49.00 371.59
102.07 398.98
185.95 363.03
124.32 363.03
516.84 673.30
589.60 647.62
660.64 716.10
642.66 600.55
660.64 615.10
515.13 559.46
502.29 496.13
431.25 399.41
379.04 452.47
422.69 497.84
389.31 593.70
378.18 372.87
413.27 377.15
566.49 518.38
581.04 467.02
624.69 506.40
645.23 426.80
579.32 371.16
503.15 341.20
669.20 348.05
741.09 359.18
744.34 491.42
702.40 411.39
526.08 540.21
672.45 485.43
712.25 537.21
645.06 528.65
668.17 559.46
701.97 557.32
749.80 560.53
745.55 678.87
667.45 663.03
588.06 563.32
710.24 467.02
684.14 448.19
514.66 421.66
462.88 431.93
484.71 436.64
534.78 368.59
568.59 378.44
589.56 322.80
462.02 346.77
486.42 320.66
441.91 477.72
426.29 613.82
467.37 606.97
487.06 594.13
395.69 545.77
335.77 532.07
495.83 547.05
234.77 365.60
273.72 393.41
233.49 425.08
167.16 403.26
234.77 445.63
329.78 413.96
341.77 395.55
321.65 477.72
305.82 353.61
349.90 336.49
269.44 312.10
299.83 324.08
189.41 323.66
185.56 293.70
110.67 308.68
151.75 295.41
182.14 255.18
10.52 327.94
25.07 291.99
49.89 267.16
7.95 218.81
4.10 173.01
4.96 156.32
25.93 173.87
43.90 185.85
56.31 204.68
36.63 233.36
30.64 247.05
40.05 220.52
68.73 222.23
69.58 241.49
87.13 280.00
121.79 258.18
132.92 238.06
129.07 224.37
116.23 193.56
111.52 172.16
129.50 145.62
96.11 143.91
72.58 155.89
72.58 177.72
94.83 179.00
96.11 227.36
50.32 151.61
75.14 137.92
55.46 130.64
30.21 149.90
182.14 151.61
162.45 196.12
199.68 196.98
174.00 216.24
182.99 238.06
28.95 111.48
57.44 98.57
8.02 21.54
32.51 32.67
25.39 52.26
12.03 82.09
36.96 78.98
47.20 61.61
11.14 93.23
20.93 1.06
65.01 6.85
77.04 13.97
61.01 25.99
36.07 4.62
75.91 83.43
21.14 189.40
247.33 269.99
223.28 241.05
200.58 290.02
244.21 208.10
260.68 187.62
290.96 219.23
270.03 225.02
297.64 247.28
315.45 262.86
251.33 282.45
372.00 288.69
330.14 279.78
415.63 331.43
385.35 353.69
419.19 351.91
403.61 284.68
431.66 294.92
425.87 258.41
413.85 232.59
381.79 247.28
354.63 242.83
339.94 225.46
369.32 208.10
404.50 195.63
423.20 208.10
376.00 236.59
300.76 187.62
333.70 181.83
364.87 167.14
326.14 158.68
297.64 164.02
319.46 169.36
347.51 164.02
271.82 154.67
230.41 140.87
212.15 152.44
246.88 157.79
233.08 191.18
217.05 173.81
354.63 146.21
396.48 155.56
414.29 143.98
394.26 133.74
334.60 128.40
275.82 128.40
246.88 337.66
506.01 304.72
520.71 265.98
502.45 259.30
489.10 250.40
458.82 244.16
476.18 222.79
514.47 244.61
555.88 215.67
533.17 198.30
566.12 228.13
582.15 242.38
555.88 269.10
588.83 264.64
612.43 290.91
614.21 389.76
628.90 342.12
637.36 264.20
654.73 295.81
597.74 231.25
631.57 207.65
557.66 317.18
510.47 356.36
542.52 358.15
728.86 318.07
710.60 371.50
736.87 289.58
715.95 280.67
694.13 292.69
705.71 253.96
677.21 233.48
739.55 227.24
473.90 156.45
461.43 184.05
485.48 187.62
504.62 180.05
538.46 166.25
574.08 152.00
614.15 159.57
647.10 149.33
598.57 187.17
582.54 195.63
440.95 137.75
478.35 131.96
440.51 165.35
448.08 107.03
528.22 101.68
484.14 102.13
507.74 148.88
553.15 129.74
616.38 123.50
625.73 107.92
610.59 92.33
578.53 105.25
554.05 104.80
574.53 114.15
593.67 120.38
503.29 72.30
434.72 91.44
435.61 64.73
459.21 72.30
494.38 59.39
529.56 68.74
558.94 62.95
585.66 62.50
606.58 67.85
591.00 87.88
563.84 81.20
639.53 78.09
620.83 74.97
649.33 88.33
662.68 100.35
682.28 117.27
654.23 115.04
671.14 164.46
651.55 191.18
663.58 189.40
688.95 183.16
690.29 87.88
676.49 82.98
671.59 67.40
648.44 54.93
553.60 115.04
282.00 114.15
385.30 99.46
416.91 106.58
407.56 81.65
410.68 62.50
421.36 50.04
403.11 47.81
387.52 37.57
371.49 52.26
372.39 76.75
361.70 66.96
342.11 63.84
347.01 112.82
332.76 76.75
310.50 77.20
363.48 12.64
338.10 28.22
311.39 21.99
300.70 46.92
269.53 62.50
261.07 27.33
282.89 21.99
299.36 6.40
385.74 11.75
405.78 21.99
434.27 14.42
466.33 17.09
457.87 29.11
481.02 43.80
454.31 53.60
440.95 37.57
475.24 56.27
505.51 1.95
427.15 34.45
321.63 44.69
294.47 59.39
246.83 13.97
352.35 46.92
103.70 5.29
94.79 25.33
94.35 69.40
72.53 52.93
72.08 35.57
97.02 40.91
251.74 504.63
326.10 643.10
531.80 608.37
595.03 592.34
615.51 742.84
472.81 501.96
547.16 497.51
434.52 523.78
714.44 174.70
750.51 174.70
723.35 205.87
709.99 199.64
743.83 193.85
643.65 178.27
741.16 139.98
747.39 93.67
712.66 100.35
726.46 108.36
718.45 128.84
723.79 147.54
615.15 46.92
640.98 37.57
658.34 40.69
669.92 50.04
698.86 64.73
724.68 74.08
754.07 54.93
725.13 45.58
702.42 43.80
718.36 339.00
541.69 46.47
515.42 39.35
568.40 35.79
601.79 22.43
587.99 37.57
615.15 28.66
627.62 16.64
594.67 6.40
571.07 18.42
549.70 19.31
537.23 9.96
569.29 1.95
543.47 1.06
517.20 6.40
490.48 7.29
697.52 30.00
680.16 18.42
664.13 15.31
680.16 1.06
607.14 5.96
723.79 5.96
705.09 8.18
753.18 36.23
754.07 104.36
675.26 40.69
752.29 3.06
194.98 41.13
225.70 63.84
150.01 93.67
150.90 66.96
133.53 47.36
121.07 72.30
114.39 96.34
129.53 116.82
89.01 98.12
111.27 122.17
113.50 32.67
137.98 25.55
165.14 37.12
145.11 72.30
312.08 93.67
245.73 30.45
215.01 23.77
194.98 13.53
177.17 26.44
155.35 3.29
169.15 2.40
353.83 439.45
302.73 127.06
165.59 137.30
166.93 107.03
202.99 129.74
142.44 180.49
81.44 266.43
8.57 120.38
292.26 94.12
272.00 92.33
236.38 20.65
216.79 12.64
229.26 1.95
366.84 28.22
347.25 82.98
377.08 171.14
181.17 167.58
191.86 179.16
173.60 64.73
720.94 29.55
733.85 19.98
