829.08 867.52
534.65 910.31
358.32 903.47
390.85 864.09
423.38 840.13
457.61 792.20
502.12 723.72
555.19 852.11
592.85 840.13
603.12 775.08
639.07 759.67
580.87 711.74
630.51 704.89
704.12 667.23
781.15 648.40
839.36 632.99
823.95 576.50
776.02 569.66
733.22 588.49
685.29 597.05
572.31 595.33
830.80 508.03
918.10 504.60
976.30 501.18
788.00 516.59
734.93 543.98
651.05 508.03
712.68 508.03
320.16 818.30
247.40 792.62
216.59 933.00
176.36 861.10
79.64 915.88
194.34 745.55
176.36 760.10
321.87 704.46
334.71 641.13
405.75 544.41
457.96 597.47
414.31 642.84
447.69 738.70
458.82 517.87
423.73 522.15
270.51 663.38
255.96 612.02
212.31 651.40
72.80 504.18
35.99 486.20
14.59 553.82
17.16 609.46
59.96 618.02
191.77 571.80
257.68 516.16
333.85 486.20
167.80 493.05
95.91 504.18
70.83 677.07
92.66 636.42
134.60 556.39
48.15 554.25
310.92 685.21
164.55 630.43
124.75 682.21
191.94 673.65
168.83 704.46
135.03 702.32
25.04 702.75
87.20 705.53
26.15 784.07
91.45 823.87
169.55 808.03
12.02 857.03
43.69 828.79
248.94 708.32
260.50 909.46
75.40 586.35
126.76 612.02
152.86 593.19
322.34 566.66
374.12 576.93
352.29 581.64
302.22 513.59
268.41 523.44
247.44 467.80
374.98 491.77
350.58 465.66
395.09 622.72
410.71 758.82
369.63 751.97
349.94 739.13
441.31 690.77
501.23 677.07
341.17 692.05
602.23 510.60
563.28 538.41
603.51 570.08
669.84 548.26
602.23 590.63
507.22 558.96
495.23 540.55
515.35 622.72
531.18 498.61
487.10 481.49
567.56 457.10
537.17 469.08
647.59 468.66
651.44 438.70
726.33 453.68
685.25 440.41
654.86 400.18
826.48 472.94
848.73 456.67
811.93 436.99
787.11 412.16
847.02 386.92
829.05 363.81
874.84 377.50
866.71 341.12
867.99 307.74
841.03 295.76
832.90 318.01
832.04 301.32
811.07 318.87
793.10 330.85
780.69 349.68
800.37 378.36
806.36 392.05
796.95 365.52
768.27 367.23
767.42 386.49
749.87 425.00
715.21 403.18
704.08 383.06
707.93 369.37
720.77 338.56
725.48 317.16
707.50 290.62
740.89 288.91
764.42 300.89
764.42 322.72
742.17 324.00
740.89 372.36
858.15 267.94
786.68 296.61
761.86 282.92
781.54 275.64
806.79 294.90
654.86 296.61
674.55 341.12
637.32 341.98
663.00 361.24
654.01 383.06
982.63 356.10
946.25 351.82
925.71 359.95
895.75 359.53
907.73 397.19
948.39 381.35
990.76 431.42
926.99 435.27
879.49 420.30
989.05 388.63
1008.73 379.21
979.20 373.22
1009.59 327.86
968.93 315.45
945.82 303.46
996.75 279.50
972.78 282.92
935.55 286.34
899.17 296.19
918.86 332.99
893.18 335.99
911.58 286.34
877.35 283.35
915.86 273.93
1019.10 244.90
1003.51 216.41
971.01 200.38
968.78 240.45
943.41 223.98
950.53 250.25
854.80 238.67
808.05 256.48
779.56 243.57
847.23 206.61
910.46 213.29
888.64 195.93
927.82 199.04
945.63 166.54
828.98 166.54
804.49 177.67
811.61 197.26
824.97 227.09
800.04 223.98
789.80 206.61
825.86 238.23
863.71 179.90
878.85 174.55
898.44 164.76
918.03 178.56
990.60 164.76
1014.20 186.13
947.41 208.39
891.76 105.54
833.88 138.49
849.90 155.41
791.13 142.50
771.54 143.39
788.46 130.03
806.27 122.46
816.07 146.06
771.99 151.85
759.96 158.97
775.99 170.99
970.12 143.83
1014.20 141.16
996.39 125.13
969.68 213.74
1003.51 250.25
1007.08 269.84
923.81 112.67
960.77 128.25
916.69 155.85
828.53 104.21
800.93 149.62
887.99 244.01
917.82 260.04
928.50 235.11
902.68 220.86
947.65 264.94
976.15 258.71
839.90 247.58
873.29 203.94
861.72 213.29
761.09 228.43
815.86 334.40
589.67 414.99
613.72 386.05
636.42 435.02
592.79 353.10
576.32 332.62
546.04 364.23
566.97 370.02
539.36 392.28
521.55 407.86
585.67 427.45
465.00 433.69
506.86 424.78
421.37 476.43
451.65 498.69
417.81 496.91
433.39 429.68
405.34 439.92
411.13 403.41
423.15 377.59
455.21 392.28
482.37 387.83
497.06 370.46
467.68 353.10
432.50 340.63
413.80 353.10
461.00 381.59
536.24 332.62
503.30 326.83
472.13 312.14
510.86 303.68
539.36 309.02
517.54 314.36
489.49 309.02
565.18 299.67
606.59 285.87
624.85 297.44
590.12 302.79
603.92 336.18
619.95 318.81
482.37 291.21
440.52 300.56
422.71 288.98
442.74 278.74
502.40 273.40
561.18 273.40
590.12 482.66
330.99 449.72
316.29 410.98
334.55 404.30
347.90 395.40
378.18 389.16
360.82 367.79
322.53 389.61
281.12 360.67
303.83 343.30
270.88 373.13
254.85 387.38
281.12 414.10
248.17 409.64
224.57 435.91
222.79 534.76
208.10 487.12
199.64 409.20
182.27 440.81
239.26 376.25
205.43 352.65
279.34 462.18
326.53 501.36
294.48 503.15
108.14 463.07
126.40 516.50
75.64 550.34
19.09 420.78
29.78 375.81
48.92 362.89
100.13 434.58
121.05 425.67
142.87 437.69
131.29 398.96
159.79 378.48
37.35 447.49
48.48 424.34
71.18 427.01
76.08 405.19
61.39 389.61
80.98 382.04
97.45 372.24
58.33 455.50
363.10 301.45
375.57 329.05
351.52 332.62
332.38 325.05
298.54 311.25
262.92 297.00
222.85 304.57
189.90 294.33
238.43 332.17
254.46 340.63
396.05 282.75
358.65 276.96
396.49 310.35
388.92 252.03
308.78 246.68
352.86 247.13
329.26 293.88
283.85 274.74
220.62 268.50
211.27 252.92
226.41 237.33
258.47 250.25
282.95 249.80
262.47 259.15
243.33 265.38
333.71 217.30
402.28 236.44
401.39 209.73
377.79 217.30
342.62 204.39
307.44 213.74
278.06 207.95
251.34 207.50
230.42 212.85
246.00 232.88
273.16 226.20
197.47 223.09
216.17 219.97
187.67 233.33
174.32 245.35
154.72 262.27
182.77 260.04
165.86 309.46
185.45 336.18
173.42 334.40
148.05 328.16
146.71 232.88
160.51 227.98
165.41 212.40
188.56 199.93
283.40 260.04
555.00 259.15
451.70 244.46
420.09 251.58
429.44 226.65
426.32 207.50
415.64 195.04
433.89 192.81
449.48 182.57
465.51 197.26
464.61 221.75
475.30 211.96
494.89 208.84
489.99 257.82
504.24 221.75
526.50 222.20
473.52 157.64
498.90 173.22
525.61 166.99
536.30 191.92
567.47 207.50
575.93 172.33
560.79 140.72
554.11 166.99
537.64 151.40
509.14 144.28
451.26 156.75
431.22 166.99
402.73 159.42
370.67 162.09
379.13 174.11
355.98 188.80
382.69 198.60
396.05 182.57
361.76 201.27
425.43 142.50
351.97 142.05
331.49 146.95
384.47 144.28
409.85 179.45
515.37 189.69
542.53 204.39
590.17 158.97
484.65 191.92
1019.15 167.65
1000.45 75.04
1008.91 56.34
1000.01 7.81
985.76 25.62
983.09 46.10
970.62 66.58
957.71 91.52
922.53 89.29
933.22 66.58
952.36 38.98
933.22 35.42
920.31 43.88
897.15 63.91
907.84 73.26
864.65 93.74
838.38 79.50
792.08 91.07
825.47 78.16
864.21 61.69
852.63 53.23
884.24 51.00
869.99 47.88
874.89 61.24
1018.26 94.19
799.65 65.69
739.09 90.63
733.30 150.29
742.21 170.33
742.65 214.40
764.47 197.93
764.92 180.57
739.98 185.91
754.68 131.59
734.19 132.48
739.98 119.12
753.79 112.89
832.15 55.45
856.19 34.97
840.61 23.39
820.57 16.27
826.81 31.41
833.48 42.99
893.15 38.09
870.44 35.86
774.27 14.04
788.07 35.42
783.62 49.22
743.54 50.55
736.42 40.76
753.34 76.82
763.14 101.76
782.73 79.94
754.68 8.26
804.54 13.15
814.78 45.66
814.34 31.41
913.18 18.94
936.34 11.37
910.96 28.29
926.54 22.06
855.30 25.62
977.74 127.58
876.67 143.39
942.57 142.05
585.26 649.63
510.90 788.10
305.20 753.37
241.97 737.34
221.49 887.84
364.19 646.96
289.84 642.51
402.48 668.78
122.56 319.70
86.49 319.70
76.70 349.54
48.20 338.41
113.65 350.87
127.01 344.64
93.17 338.85
193.35 323.27
95.84 284.98
75.81 287.20
49.09 307.24
43.31 279.63
8.13 300.11
23.27 279.63
34.40 259.15
56.66 257.37
28.17 228.87
2.79 234.22
61.56 230.21
47.76 197.26
89.61 238.67
124.34 245.35
110.54 253.36
118.55 273.84
113.21 292.54
221.85 191.92
196.02 182.57
178.66 185.69
167.08 195.04
138.14 209.73
112.32 219.08
35.29 203.50
6.80 191.92
63.79 215.96
82.93 199.93
67.79 183.46
111.87 190.58
134.58 188.80
118.64 484.00
295.31 191.47
321.58 184.35
268.60 180.79
235.21 167.43
249.01 182.57
221.85 173.66
209.38 161.64
242.33 151.40
265.93 163.42
287.30 164.31
299.77 154.96
267.71 146.95
293.53 146.06
273.94 137.60
252.13 129.14
285.96 130.48
303.33 139.83
309.12 127.36
319.80 151.40
346.52 152.29
106.53 139.83
139.48 175.00
156.84 163.42
172.87 160.31
156.84 146.06
157.73 130.48
229.86 150.96
113.21 150.96
131.91 153.18
83.82 181.23
82.93 249.36
161.74 185.69
102.52 12.71
59.33 26.51
39.74 26.51
31.28 71.93
56.22 78.60
58.00 63.02
40.19 55.01
23.27 58.12
21.49 47.44
13.92 65.69
1.90 55.45
57.11 38.09
19.26 28.74
69.57 38.53
27.72 181.01
42.86 177.00
60.22 164.54
84.71 148.06
69.13 144.06
78.03 123.57
59.33 123.13
51.76 106.21
31.28 128.47
66.46 109.77
218.73 109.77
191.13 127.58
129.68 109.77
127.01 91.07
102.52 85.73
106.08 103.98
83.82 100.42
82.49 107.99
126.57 58.57
113.21 50.11
143.04 75.04
158.62 70.15
146.16 59.46
155.95 48.77
129.24 45.21
196.47 109.77
174.65 95.97
200.92 37.64
179.10 29.63
178.66 12.71
167.53 22.06
153.28 28.29
213.39 62.58
211.16 18.05
111.87 60.79
103.86 72.37
93.17 67.92
642.02 186.13
611.30 208.84
686.99 238.67
686.10 211.96
703.47 192.36
715.93 217.30
722.61 241.34
707.47 261.82
747.99 243.12
725.73 267.17
723.50 177.67
699.02 170.55
671.86 182.12
691.89 217.30
524.92 238.67
591.27 175.45
621.99 168.77
642.02 158.53
634.90 132.70
721.72 77.94
723.06 102.87
720.83 126.91
695.45 122.02
707.47 106.43
700.80 87.73
704.36 74.82
685.21 72.15
678.98 107.77
669.18 98.42
642.91 90.40
630.00 103.76
630.45 115.78
612.19 114.45
610.86 126.47
597.94 133.59
585.48 114.00
589.49 97.08
590.82 85.95
592.60 75.27
613.53 84.17
609.97 98.86
624.66 72.15
555.20 72.59
572.12 70.37
565.44 84.17
573.90 100.20
562.33 114.00
522.70 103.76
545.41 118.90
517.36 123.35
528.93 134.93
540.95 90.85
652.26 69.03
659.83 171.44
681.65 148.29
660.72 130.03
677.64 131.37
654.49 144.28
667.85 147.40
483.17 584.45
478.17 130.48
458.14 119.34
459.03 86.84
467.49 105.10
504.00 108.21
503.55 87.29
487.52 85.51
474.17 63.69
455.47 56.57
447.45 72.15
475.50 84.17
469.71 72.15
481.74 106.88
494.20 112.22
502.66 122.02
411.83 126.02
429.20 117.56
400.26 106.43
383.78 110.44
369.98 120.68
363.75 130.03
339.26 116.67
354.40 109.99
363.75 94.41
348.16 95.75
348.61 81.94
327.68 92.63
290.28 110.44
300.97 83.28
268.91 92.63
252.43 78.38
264.90 63.69
278.26 64.58
391.35 68.14
406.49 58.79
421.18 84.17
394.91 80.61
436.77 99.31
439.88 86.40
448.34 126.91
439.44 140.27
485.30 139.83
503.11 65.02
352.61 65.92
305.42 113.11
385.56 128.69
534.27 272.06
149.14 92.41
280.49 12.71
273.81 23.39
268.46 39.42
261.34 23.84
245.76 22.06
229.28 23.39
203.01 94.63
196.33 82.61
213.70 86.17
239.97 93.74
235.52 66.14
166.95 61.69
181.20 53.23
85.02 34.97
291.17 23.39
288.05 35.86
215.03 35.86
671.41 282.30
670.07 252.03
634.01 274.74
694.56 325.49
755.56 411.43
540.06 57.01
594.38 57.01
609.52 52.11
611.30 64.13
671.41 50.33
681.65 61.02
648.70 42.32
626.89 28.96
535.17 37.42
560.10 36.08
583.25 21.84
491.98 22.28
508.90 54.78
416.28 35.19
434.09 37.42
406.49 34.30
445.23 22.28
459.47 16.49
581.03 132.26
560.10 51.67
575.68 46.32
333.02 28.29
312.99 17.16
332.58 17.16
346.38 23.84
364.64 18.94
349.94 46.10
335.70 47.88
332.13 64.80
300.52 63.47
305.42 37.64
325.01 33.63
385.56 22.06
399.37 20.28
410.50 11.37
373.10 29.63
379.77 41.20
367.75 56.79
322.34 6.47
308.54 6.47
292.95 14.04
223.94 10.04
206.13 6.92
191.44 18.94
150.47 41.65
235.96 37.64
248.43 46.10
226.17 53.23
215.48 46.10
255.11 11.37
269.35 6.92
317.00 53.67
316.10 64.80
395.36 41.20
828.43 265.38
969.13 163.42
948.20 186.13
683.73 84.84
667.70 78.16
669.48 64.36
700.65 57.23
711.78 53.23
715.34 37.64
727.81 55.01
692.63 39.42
672.60 34.53
631.63 44.32
763.87 45.21
766.54 31.41
715.34 28.29
693.52 26.96
662.36 33.19
652.11 22.06
630.74 17.61
640.09 10.93
620.50 11.37
611.15 6.47
599.58 22.06
598.69 41.20
571.08 25.62
586.66 32.74
722.02 23.84
743.84 23.39
18.22 91.07
12.43 95.52
3.97 108.44
8.42 124.02
14.65 135.60
2.63 144.95
21.78 156.52
31.57 108.44
35.14 85.28
128.19 25.18
141.55 25.18
174.94 112.89
206.56 124.46
212.34 140.94
122.40 74.15
197.21 64.80
102.81 38.53
117.06 31.85
448.34 43.88
465.71 36.75
433.20 60.79
422.07 67.03
483.52 54.12
505.78 22.06
506.22 7.81
559.21 13.15
538.28 10.93
469.71 4.69
480.40 13.15
507.11 35.42
435.43 4.69
544.74 239.12
565.00 237.33
600.62 165.65
620.21 157.64
607.74 146.95
470.16 173.22
489.75 227.98
459.92 316.14
655.83 312.58
645.14 324.16
663.40 209.73
524.48 71.04
541.40 73.26
850.85 10.93
859.75 7.81
828.59 5.14
871.33 23.39
949.69 6.92
973.29 11.37
982.64 8.70
958.60 9.59
1008.02 30.07
1007.57 98.64
998.22 149.40
803.94 77.27
878.30 5.14
904.12 7.81
803.50 3.80
737.60 10.93
771.89 92.85
799.49 99.09
704.80 5.58
682.10 19.39
618.76 36.64
647.92 58.68
94.06 51.00
69.57 50.11
171.42 43.43
116.06 174.55
103.15 164.98
281.40 77.27
263.37 76.16
254.46 36.31
300.99 53.00
319.78 115.78
354.28 8.14
334.92 6.59
432.87 108.10
86.40 20.92
143.42 7.28
128.54 6.04
163.25 7.28
83.92 6.04
72.77 8.52
54.17 12.24
29.38 11.00
13.27 8.52
