874.08 732.52
435.85 729.09
468.38 705.13
502.61 657.20
547.12 588.72
600.19 717.11
637.85 705.13
648.12 640.08
684.07 624.67
625.87 576.74
675.51 569.89
749.12 532.23
826.15 513.40
884.36 497.99
868.95 441.50
821.02 434.66
778.22 453.49
730.29 462.05
617.31 460.33
875.80 373.03
963.10 369.60
1021.30 366.18
833.00 381.59
779.93 408.98
696.05 373.03
757.68 373.03
365.16 683.30
292.40 657.62
366.87 569.46
379.71 506.13
450.75 409.41
502.96 462.47
459.31 507.84
492.69 603.70
503.82 382.87
468.73 387.15
315.51 528.38
300.96 477.02
302.68 381.16
378.85 351.20
355.92 550.21
293.94 573.32
367.34 431.66
419.12 441.93
397.29 446.64
347.22 378.59
313.41 388.44
292.44 332.80
419.98 356.77
395.58 330.66
440.09 487.72
455.71 623.82
414.63 616.97
394.94 604.13
486.31 555.77
546.23 542.07
386.17 557.05
647.23 375.60
608.28 403.41
648.51 435.08
714.84 413.26
647.23 455.63
552.22 423.96
540.23 405.55
560.35 487.72
576.18 363.61
532.10 346.49
612.56 322.10
582.17 334.08
692.59 333.66
696.44 303.70
771.33 318.68
730.25 305.41
699.86 265.18
871.48 337.94
893.73 321.67
856.93 301.99
832.11 277.16
892.02 251.92
874.05 228.81
919.84 242.50
911.71 206.12
912.99 172.74
886.03 160.76
877.90 183.01
877.04 166.32
856.07 183.87
838.10 195.85
825.69 214.68
845.37 243.36
851.36 257.05
841.95 230.52
813.27 232.23
812.42 251.49
794.87 290.00
760.21 268.18
749.08 248.06
752.93 234.37
765.77 203.56
770.48 182.16
752.50 155.62
785.89 153.91
809.42 165.89
809.42 187.72
787.17 189.00
785.89 237.36
903.15 132.94
831.68 161.61
806.86 147.92
826.54 140.64
851.79 159.90
699.86 161.61
719.55 206.12
682.32 206.98
708.00 226.24
699.01 248.06
991.25 216.82
970.71 224.95
940.75 224.53
952.73 262.19
993.39 246.35
971.99 300.27
924.49 285.30
1013.93 180.45
990.82 168.46
1017.78 147.92
980.55 151.34
944.17 161.19
963.86 197.99
938.18 200.99
956.58 151.34
922.35 148.35
960.86 138.93
1016.01 65.38
1013.78 105.45
988.41 88.98
995.53 115.25
899.80 103.67
853.05 121.48
824.56 108.57
892.23 71.61
955.46 78.29
933.64 60.93
972.82 64.04
990.63 31.54
873.98 31.54
849.49 42.67
856.61 62.26
869.97 92.09
845.04 88.98
834.80 71.61
870.86 103.23
908.71 44.90
923.85 39.55
943.44 29.76
963.03 43.56
992.41 73.39
878.88 3.49
894.90 20.41
836.13 7.50
816.54 8.39
861.07 11.06
816.99 16.85
804.96 23.97
820.99 35.99
1015.12 8.83
1014.68 78.74
961.69 20.85
845.93 14.62
932.99 109.01
962.82 125.04
973.50 100.11
947.68 85.86
992.65 129.94
1021.15 123.71
884.90 112.58
918.29 68.94
906.72 78.29
806.09 93.43
860.86 199.40
634.67 279.99
658.72 251.05
681.42 300.02
637.79 218.10
621.32 197.62
591.04 229.23
611.97 235.02
584.36 257.28
566.55 272.86
630.67 292.45
510.00 298.69
551.86 289.78
466.37 341.43
496.65 363.69
462.81 361.91
478.39 294.68
450.34 304.92
456.13 268.41
468.15 242.59
500.21 257.28
527.37 252.83
542.06 235.46
512.68 218.10
477.50 205.63
458.80 218.10
506.00 246.59
581.24 197.62
548.30 191.83
517.13 177.14
555.86 168.68
584.36 174.02
562.54 179.36
534.49 174.02
610.18 164.67
651.59 150.87
669.85 162.44
635.12 167.79
648.92 201.18
664.95 183.81
527.37 156.21
485.52 165.56
467.71 153.98
487.74 143.74
547.40 138.40
606.18 138.40
635.12 347.66
375.99 314.72
361.29 275.98
379.55 269.30
392.90 260.40
423.18 254.16
405.82 232.79
367.53 254.61
326.12 225.67
348.83 208.30
315.88 238.13
299.85 252.38
326.12 279.10
293.17 274.64
269.57 300.91
284.26 241.25
324.34 327.18
371.53 366.36
339.48 368.15
408.10 166.45
420.57 194.05
396.52 197.62
377.38 190.05
343.54 176.25
307.92 162.00
283.43 197.17
299.46 205.63
441.05 147.75
403.65 141.96
441.49 175.35
433.92 117.03
353.78 111.68
397.86 112.13
374.26 158.88
328.85 139.74
271.41 102.33
303.47 115.25
327.95 114.80
307.47 124.15
288.33 130.38
378.71 82.30
447.28 101.44
446.39 74.73
422.79 82.30
387.62 69.39
352.44 78.74
323.06 72.95
296.34 72.50
275.42 77.85
291.00 97.88
318.16 91.20
328.40 125.04
600.00 124.15
496.70 109.46
465.09 116.58
474.44 91.65
471.32 72.50
460.64 60.04
478.89 57.81
494.48 47.57
510.51 62.26
509.61 86.75
520.30 76.96
539.89 73.84
534.99 122.82
549.24 86.75
571.50 87.20
518.52 22.64
543.90 38.22
570.61 31.99
581.30 56.92
612.47 72.50
620.93 37.33
605.79 5.72
599.11 31.99
582.64 16.40
554.14 9.28
496.26 21.75
476.22 31.99
447.73 24.42
415.67 27.09
424.13 39.11
400.98 53.80
427.69 63.60
441.05 47.57
406.76 66.27
470.43 7.50
396.97 7.05
376.49 11.95
429.47 9.28
454.85 44.45
560.37 54.69
587.53 69.39
635.17 23.97
529.65 56.92
778.30 15.29
787.21 35.33
787.65 79.40
809.47 62.93
809.92 45.57
784.98 50.91
921.67 8.39
987.57 7.05
630.26 514.63
555.90 653.10
350.20 618.37
286.97 602.34
409.19 511.96
334.84 507.51
447.48 533.78
340.31 56.47
366.58 49.35
313.60 45.79
280.21 32.43
294.01 47.57
287.33 16.40
310.93 28.42
332.30 29.31
344.77 19.96
312.71 11.95
338.53 11.06
318.94 2.60
348.33 4.83
364.80 16.40
391.52 17.29
274.86 15.96
687.02 51.13
656.30 73.84
731.99 103.67
731.10 76.96
748.47 57.36
760.93 82.30
767.61 106.34
752.47 126.82
792.99 108.12
770.73 132.17
768.50 42.67
744.02 35.55
716.86 47.12
736.89 82.30
569.92 103.67
636.27 40.45
666.99 33.77
687.02 23.53
704.83 36.44
726.65 13.29
699.49 9.28
712.85 12.40
528.17 449.45
484.44 5.27
530.30 4.83
579.27 137.06
716.41 147.30
715.07 117.03
679.01 139.74
739.56 190.49
800.56 276.43
873.43 130.38
1014.13 28.42
993.20 51.13
589.74 104.12
610.00 102.33
645.62 30.65
665.21 22.64
652.74 11.95
515.16 38.22
534.75 92.98
504.92 181.14
700.83 177.58
690.14 189.16
708.40 74.73
