336.39 730.20
291.88 661.72
190.88 713.08
154.93 697.67
213.13 649.74
163.49 642.89
89.88 605.23
12.85 586.40
17.98 507.66
60.78 526.49
108.71 535.05
221.69 533.33
6.00 454.59
59.07 481.98
142.95 446.03
81.32 446.03
546.60 730.62
599.66 683.55
617.64 698.10
472.13 642.46
459.29 579.13
388.25 482.41
336.04 535.47
379.69 580.84
346.31 676.70
335.18 455.87
370.27 460.15
523.49 601.38
538.04 550.02
581.69 589.40
721.20 442.18
734.04 556.02
602.23 509.80
536.32 454.16
460.15 424.20
626.20 431.05
698.09 442.18
723.17 615.07
701.34 574.42
659.40 494.39
745.85 492.25
483.08 623.21
629.45 568.43
669.25 620.21
602.06 611.65
625.17 642.46
658.97 640.32
706.80 643.53
624.45 746.03
545.06 646.32
718.60 524.35
667.24 550.02
641.14 531.19
471.66 504.66
419.88 514.93
441.71 519.64
491.78 451.59
525.59 461.44
546.56 405.80
419.02 429.77
443.42 403.66
398.91 560.72
383.29 696.82
424.37 689.97
444.06 677.13
352.69 628.77
292.77 615.07
452.83 630.05
191.77 448.60
230.72 476.41
190.49 508.08
124.16 486.26
191.77 528.63
286.78 496.96
298.77 478.55
278.65 560.72
262.82 436.61
306.90 419.49
226.44 395.10
256.83 407.08
146.41 406.66
142.56 376.70
67.67 391.68
108.75 378.41
139.14 338.18
6.89 350.16
0.90 268.85
13.31 287.68
25.73 305.23
26.58 324.49
44.13 363.00
78.79 341.18
89.92 321.06
86.07 307.37
73.23 276.56
68.52 255.16
86.50 228.62
53.11 226.91
29.58 238.89
29.58 260.72
51.83 262.00
53.11 310.36
7.32 234.61
32.14 220.92
12.46 213.64
139.14 234.61
119.45 279.12
156.68 279.98
131.00 299.24
139.99 321.06
14.44 181.57
4.20 144.61
2.87 80.50
22.46 81.39
5.54 68.03
22.01 89.85
34.04 96.97
18.01 108.99
32.91 166.43
204.33 352.99
180.28 324.05
157.58 373.02
201.21 291.10
217.68 270.62
247.96 302.23
227.03 308.02
254.64 330.28
272.45 345.86
208.33 365.45
329.00 371.69
287.14 362.78
372.63 414.43
342.35 436.69
376.19 434.91
360.61 367.68
388.66 377.92
382.87 341.41
370.85 315.59
338.79 330.28
311.63 325.83
296.94 308.46
326.32 291.10
361.50 278.63
380.20 291.10
333.00 319.59
257.76 270.62
290.70 264.83
321.87 250.14
283.14 241.68
254.64 247.02
276.46 252.36
304.51 247.02
228.82 237.67
187.41 223.87
169.15 235.44
203.88 240.79
190.08 274.18
174.05 256.81
311.63 229.21
353.48 238.56
371.29 226.98
351.26 216.74
291.60 211.40
232.82 211.40
203.88 420.66
463.01 387.72
477.71 348.98
459.45 342.30
446.10 333.40
415.82 327.16
433.18 305.79
471.47 327.61
512.88 298.67
490.17 281.30
523.12 311.13
539.15 325.38
512.88 352.10
545.83 347.64
569.43 373.91
571.21 472.76
585.90 425.12
594.36 347.20
611.73 378.81
554.74 314.25
588.57 290.65
514.66 400.18
467.47 439.36
499.52 441.15
685.86 401.07
667.60 454.50
718.36 488.34
745.08 300.89
693.87 372.58
672.95 363.67
651.13 375.69
662.71 336.96
634.21 316.48
745.52 362.34
722.82 365.01
717.92 343.19
732.61 327.61
713.02 320.04
696.55 310.24
735.67 393.50
430.90 239.45
418.43 267.05
442.48 270.62
461.62 263.05
495.46 249.25
531.08 235.00
571.15 242.57
604.10 232.33
555.57 270.17
539.54 278.63
397.95 220.75
435.35 214.96
397.51 248.35
405.08 190.03
485.22 184.68
441.14 185.13
464.74 231.88
510.15 212.74
573.38 206.50
582.73 190.92
567.59 175.33
535.53 188.25
511.05 187.80
531.53 197.15
550.67 203.38
460.29 155.30
391.72 174.44
392.61 147.73
416.21 155.30
451.38 142.39
486.56 151.74
515.94 145.95
542.66 145.50
563.58 150.85
548.00 170.88
520.84 164.20
596.53 161.09
577.83 157.97
606.33 171.33
619.68 183.35
639.28 200.27
611.23 198.04
628.14 247.46
608.55 274.18
620.58 272.40
645.95 266.16
647.29 170.88
633.49 165.98
628.59 150.40
605.44 137.93
510.60 198.04
239.00 197.15
342.30 182.46
373.91 189.58
364.56 164.65
367.68 145.50
378.36 133.04
360.11 130.81
344.52 120.57
328.49 135.26
329.39 159.75
318.70 149.96
299.11 146.84
304.01 195.82
289.76 159.75
267.50 160.20
320.48 95.64
295.10 111.22
268.39 104.99
257.70 129.92
226.53 145.50
218.07 110.33
233.21 78.72
239.89 104.99
256.36 89.40
284.86 82.28
342.74 94.75
362.78 104.99
391.27 97.42
423.33 100.09
414.87 112.11
438.02 126.80
411.31 136.60
397.95 120.57
432.24 139.27
368.57 80.50
442.03 80.05
462.51 84.95
409.53 82.28
384.15 117.45
278.63 127.69
251.47 142.39
203.83 96.97
309.35 129.92
1.92 29.07
54.91 28.63
60.70 88.29
51.79 108.33
51.35 152.40
29.53 135.93
29.08 118.57
54.02 123.91
39.32 69.59
59.81 70.48
54.02 57.12
40.21 50.89
40.66 14.82
30.86 39.76
11.27 17.94
208.74 587.63
283.10 726.10
488.80 691.37
552.03 675.34
429.81 584.96
504.16 580.51
391.52 606.78
671.44 257.70
707.51 257.70
717.30 287.54
745.80 276.41
680.35 288.87
666.99 282.64
700.83 276.85
600.65 261.27
698.16 222.98
718.19 225.20
744.91 245.24
750.69 217.63
737.34 195.37
732.44 168.21
746.24 135.26
704.39 176.67
669.66 183.35
683.46 191.36
675.45 211.84
680.79 230.54
572.15 129.92
597.98 120.57
615.34 123.69
626.92 133.04
655.86 147.73
681.68 157.08
730.21 153.96
711.07 137.93
726.21 121.46
682.13 128.58
659.42 126.80
675.36 422.00
498.69 129.47
472.42 122.35
525.40 118.79
558.79 105.43
544.99 120.57
572.15 111.66
584.62 99.64
551.67 89.40
528.07 101.42
506.70 102.31
494.23 92.96
526.29 84.95
500.47 84.06
520.06 75.60
541.87 67.14
508.04 68.48
490.67 77.83
484.88 65.36
474.20 89.40
447.48 90.29
687.47 77.83
654.52 113.00
637.16 101.42
621.13 98.31
637.16 84.06
636.27 68.48
564.14 88.96
680.79 88.96
662.09 91.18
710.18 119.23
711.07 187.36
632.26 123.69
737.78 16.60
736.00 1.02
751.14 115.00
733.78 102.54
709.29 86.06
724.87 82.06
715.97 61.57
734.67 61.13
742.24 44.21
727.54 47.77
575.27 47.77
602.87 65.58
664.32 47.77
666.99 29.07
691.48 23.73
687.92 41.98
710.18 38.42
711.51 45.99
650.96 13.04
635.38 8.15
597.53 47.77
619.35 33.97
580.61 0.58
690.14 10.37
700.83 5.92
151.98 124.13
182.70 146.84
107.01 176.67
107.90 149.96
90.53 130.36
78.07 155.30
71.39 179.34
86.53 199.82
46.01 181.12
68.27 205.17
70.50 115.67
94.98 108.55
122.14 120.12
102.11 155.30
269.08 176.67
202.73 113.45
172.01 106.77
151.98 96.53
159.10 70.70
72.28 15.94
70.94 40.87
73.17 64.91
98.55 60.02
86.53 44.43
93.20 25.73
89.64 12.82
108.79 10.15
115.02 45.77
124.82 36.42
151.09 28.40
164.00 41.76
163.55 53.78
181.81 52.45
183.14 64.47
196.06 71.59
208.52 52.00
204.51 35.08
203.18 23.95
201.40 13.27
180.47 22.17
184.03 36.86
169.34 10.15
238.80 10.59
221.88 8.37
228.56 22.17
220.10 38.20
231.67 52.00
271.30 41.76
248.59 56.90
276.64 61.35
265.07 72.93
253.05 28.85
141.74 7.03
134.17 109.44
112.35 86.29
133.28 68.03
116.36 69.37
139.51 82.28
126.15 85.40
310.83 522.45
315.83 68.48
335.86 57.34
334.97 24.84
326.51 43.10
290.00 46.21
290.45 25.29
306.48 23.51
319.83 1.69
346.55 10.15
318.50 22.17
324.29 10.15
312.26 44.88
299.80 50.22
291.34 60.02
382.17 64.02
364.80 55.56
393.74 44.43
410.22 48.44
424.02 58.68
430.25 68.03
454.74 54.67
439.60 47.99
430.25 32.41
445.84 33.75
445.39 19.94
466.32 30.63
503.72 48.44
493.03 21.28
525.09 30.63
541.57 16.38
529.10 1.69
515.74 2.58
402.65 6.14
372.82 22.17
399.09 18.61
357.23 37.31
354.12 24.40
345.66 64.91
354.56 78.27
308.70 77.83
290.89 3.02
441.39 3.92
488.58 51.11
408.44 66.69
259.73 210.06
644.86 30.41
590.99 32.63
597.67 20.61
580.30 24.17
554.03 31.74
558.48 4.14
122.59 220.30
123.93 190.03
159.99 212.74
99.44 263.49
38.44 349.43
182.70 2.13
212.97 70.26
461.87 2.80
493.48 1.47
477.90 2.80
110.27 22.84
126.30 16.16
124.52 2.36
619.06 50.89
587.44 62.46
581.66 78.94
671.60 12.15
596.79 2.80
371.93 5.03
249.26 177.12
229.00 175.33
193.38 103.65
173.79 95.64
186.26 84.95
323.84 111.22
304.25 165.98
334.08 254.14
138.17 250.58
148.86 262.16
130.60 147.73
269.52 9.04
252.60 11.26
22.11 30.85
677.94 112.55
690.85 102.98
512.60 15.27
530.63 14.16
474.22 53.78
361.13 46.10
