293.46 283.32
279.12 298.13
228.48 298.13
204.59 295.26
188.82 300.04
157.29 301.95
131.97 280.93
67.47 308.64
72.24 288.09
48.36 281.41
59.34 268.98
20.64 255.61
19.69 231.72
5.83 61.63
5.83 83.13
0.58 109.88
31.16 85.04
30.20 67.36
44.06 68.79
57.43 70.71
16.82 122.78
13.96 156.71
9.18 142.85
5.36 180.12
24.47 171.04
39.28 155.27
53.61 109.41
52.66 91.73
65.08 96.98
75.11 94.12
106.64 81.69
106.64 68.32
122.89 72.14
94.22 90.29
81.32 109.41
83.23 139.03
79.41 144.28
82.76 148.58
69.38 157.18
53.13 167.22
56.48 184.42
51.70 200.66
83.71 190.15
68.90 182.03
79.89 217.38
62.69 212.13
108.08 175.82
108.08 130.43
122.41 121.35
132.44 135.68
149.64 105.11
155.86 80.74
153.47 64.49
169.71 82.65
167.80 70.71
193.12 72.14
189.30 117.05
153.94 132.82
150.12 143.33
157.29 155.27
161.59 175.82
168.76 191.58
130.06 207.35
129.58 192.54
106.17 202.09
134.36 245.09
163.98 265.64
181.66 267.07
203.16 264.68
272.91 263.73
246.63 270.89
281.99 234.11
249.50 220.73
258.10 232.19
230.39 223.59
215.10 225.03
192.17 220.25
172.58 221.68
154.90 229.33
142.48 216.91
186.43 186.33
199.81 197.32
220.83 201.62
249.98 196.84
239.94 190.15
226.57 180.59
238.03 161.96
251.89 168.65
228.48 150.49
238.51 135.68
206.50 128.99
200.29 115.62
208.41 115.14
231.82 63.06
236.60 63.06
249.50 64.97
260.49 77.39
270.04 64.02
289.16 85.99
300.14 185.85
295.84 147.15
253.32 146.19
281.03 130.43
269.09 120.39
271.48 109.41
281.99 107.97
290.59 112.75
281.99 193.97
267.66 200.66
282.47 178.68
290.59 188.72
269.09 216.43
290.59 208.31
285.81 46.70
305.39 48.85
248.06 42.40
181.41 46.46
206.26 39.29
4.40 34.28
25.42 50.28
43.82 34.51
109.51 44.07
115.01 55.78
119.31 46.70
135.79 35.47
160.02 26.34
131.05 10.12
171.61 11.86
222.02 9.54
227.24 14.75
197.69 19.39
291.55 26.34
261.42 16.49
308.36 14.75
212.17 8.38
158.86 10.70
1.26 7.80
58.05 24.02
66.16 10.12
74.85 26.92
20.38 22.87
13.57 5.79
32.70 5.79
49.79 7.52
93.82 3.76
79.34 5.79
206.96 69.81
221.15 65.76
249.25 116.17
265.19 5.21
277.79 10.71
269.97 14.48
281.12 2.59
