553.91 261.73
274.41 293.26
290.18 298.04
321.71 299.95
347.03 278.93
411.53 306.64
406.76 286.09
430.64 279.41
419.66 266.98
458.36 253.61
459.31 229.72
503.27 217.77
573.50 178.12
565.86 158.05
577.32 145.63
575.89 109.32
560.12 117.92
552.96 116.48
542.44 152.79
528.11 232.11
519.99 167.13
509.48 163.31
570.63 95.46
546.27 101.19
553.43 83.52
577.32 58.67
509.96 80.17
521.90 77.31
534.80 62.49
544.83 64.41
501.36 68.71
491.80 60.11
473.17 59.63
473.17 81.13
495.62 83.52
490.84 91.64
493.23 109.32
530.50 104.06
526.68 111.71
525.72 125.08
517.60 136.07
501.83 123.65
489.89 127.47
478.42 107.88
447.84 83.04
448.80 65.36
434.94 66.79
421.57 68.71
462.18 120.78
481.77 143.72
465.04 154.71
469.82 140.85
473.64 178.12
454.53 169.04
439.72 153.27
425.39 107.41
426.34 89.73
413.92 94.98
403.89 92.12
372.36 79.69
372.36 66.32
356.11 70.14
384.78 88.29
397.68 107.41
395.77 137.03
399.59 142.28
396.24 146.58
409.62 155.18
425.87 165.22
422.52 182.42
427.30 198.66
395.29 188.15
410.10 180.03
399.11 215.38
416.31 210.13
571.59 297.08
575.41 257.43
370.92 173.82
370.92 128.43
356.59 119.35
346.56 133.68
329.36 103.11
323.14 78.74
325.53 62.49
309.29 80.65
311.20 68.71
285.88 70.14
289.70 115.05
325.06 130.82
328.88 141.33
321.71 153.27
317.41 173.82
310.24 189.58
348.94 205.35
349.42 190.54
372.83 200.09
344.64 243.09
315.02 263.64
297.34 265.07
275.84 262.68
286.83 218.25
306.42 219.68
324.10 227.33
336.52 214.91
292.57 184.33
279.19 195.32
272.50 126.99
278.71 113.62
297.59 44.46
272.74 37.29
474.60 32.28
453.58 48.28
435.18 32.51
369.49 42.07
363.99 53.78
359.69 44.70
343.21 33.47
577.40 24.34
568.71 8.70
514.24 6.96
509.61 24.34
318.98 24.34
347.95 8.12
307.39 9.86
281.31 17.39
320.14 8.70
477.74 5.80
420.95 22.02
412.84 8.12
404.15 24.92
458.62 20.87
532.20 13.33
554.22 8.12
565.66 55.93
554.37 50.43
514.68 51.30
519.02 35.36
465.43 3.79
446.30 3.79
429.21 5.52
385.18 1.76
399.66 3.79
494.69 15.66
272.04 67.81
