146.17 656.74
184.02 626.05
213.68 660.83
198.34 580.01
69.44 607.63
15.23 578.99
89.90 541.14
80.70 515.57
53.08 477.71
40.80 454.19
110.36 484.88
96.04 469.53
75.58 424.52
36.71 405.08
12.16 374.39
10.11 442.93
10.11 417.36
8.07 547.28
139.01 551.37
167.65 513.52
197.32 494.08
203.45 451.12
159.47 448.05
147.19 421.45
120.59 412.24
139.01 394.85
100.13 347.80
53.08 342.68
34.66 344.73
15.23 328.36
20.34 297.67
61.26 321.20
70.47 307.90
73.54 327.34
104.23 311.99
89.90 298.69
133.89 323.25
119.57 337.57
134.92 336.54
148.21 333.48
167.65 372.35
175.83 405.08
186.06 431.68
245.40 589.22
255.63 508.40
247.44 460.32
255.63 435.77
290.41 565.69
273.02 518.63
278.13 675.15
319.05 652.64
354.86 673.10
380.43 627.07
339.51 609.68
336.44 574.90
338.49 533.98
401.91 522.73
383.50 497.15
371.22 453.16
359.97 425.54
336.44 428.61
296.55 434.75
292.45 405.08
275.06 360.07
232.10 380.53
238.24 336.54
252.56 324.27
251.53 296.65
223.91 298.69
244.37 285.40
191.18 306.88
171.74 302.79
133.89 300.74
111.39 281.30
128.78 276.19
120.59 259.82
146.17 282.33
134.92 259.82
147.19 247.55
135.94 239.36
149.24 234.25
140.03 225.04
94.00 251.64
81.72 280.28
12.16 272.10
19.32 250.61
13.18 233.22
36.71 231.18
6.02 155.48
32.62 157.52
61.26 153.43
75.58 136.04
116.50 139.11
150.26 141.16
133.89 115.58
156.40 92.05
167.65 109.44
156.40 116.60
186.06 94.10
212.66 95.12
237.21 97.17
171.74 129.90
164.58 201.51
137.98 210.72
209.59 194.35
193.23 205.60
167.91 274.65
156.65 268.52
172.51 261.36
187.34 268.00
205.24 258.80
179.16 228.11
189.39 223.51
178.65 203.56
102.95 117.63
328.51 399.46
315.22 359.05
282.48 336.54
290.66 323.25
295.78 309.95
296.29 268.52
288.62 260.84
276.34 251.13
254.86 260.33
245.65 270.56
229.28 260.33
228.26 246.01
225.19 232.71
212.92 230.67
212.41 215.83
232.87 202.53
223.15 194.86
244.12 201.51
248.72 222.99
255.37 223.51
250.77 239.87
262.02 236.29
280.43 229.64
264.07 195.37
298.85 214.30
296.80 185.65
294.24 203.05
275.32 189.75
237.47 176.96
253.84 174.40
270.20 129.90
278.39 153.94
268.16 158.55
270.20 170.31
296.29 170.82
279.41 171.84
303.96 158.55
308.05 169.80
308.05 150.87
324.42 158.55
329.54 152.92
322.38 210.21
312.66 230.15
293.22 240.38
303.96 243.96
324.42 238.34
319.82 253.68
327.49 268.00
323.40 297.67
315.22 317.11
312.66 336.54
350.51 319.15
364.32 320.18
343.86 300.23
370.97 300.74
389.89 295.63
377.11 270.05
370.97 261.36
347.95 259.82
354.60 255.22
351.53 242.43
341.81 242.43
348.46 232.71
354.60 222.99
368.41 244.48
377.62 240.38
389.89 216.34
368.41 221.97
342.32 218.90
331.07 184.63
327.49 174.91
347.95 175.43
346.42 164.17
339.25 166.73
360.74 179.01
374.55 178.49
366.36 165.20
352.04 158.03
354.60 138.09
341.81 136.55
320.33 109.44
319.82 96.14
309.08 102.79
297.31 97.68
300.89 91.03
315.22 84.89
302.43 72.10
317.26 76.20
330.05 81.31
331.58 75.68
340.28 86.43
344.37 78.75
341.81 72.62
362.78 82.85
355.62 96.66
358.69 125.81
368.41 129.39
376.08 124.28
374.04 114.56
384.27 115.58
395.01 112.00
391.43 124.28
386.82 130.41
383.24 159.06
374.55 147.80
381.20 168.26
395.01 174.91
400.63 165.20
399.10 155.99
396.03 140.13
401.15 133.99
405.24 115.07
380.69 84.89
395.52 84.38
403.70 276.19
415.47 279.26
410.86 287.44
424.16 284.37
415.47 297.16
406.26 327.34
388.36 337.57
357.67 354.45
342.84 350.35
365.85 386.16
400.63 416.34
405.75 394.34
404.21 373.37
411.37 352.40
434.39 340.12
437.97 354.96
436.44 371.84
425.19 409.18
460.99 421.45
450.76 361.10
457.92 328.87
435.41 324.78
466.10 313.53
440.53 307.39
435.41 303.81
437.46 295.63
452.29 300.23
469.68 299.72
472.75 285.40
493.21 320.18
482.98 328.36
485.54 380.02
471.73 398.95
504.98 398.95
497.30 379.51
503.95 359.05
496.79 350.87
502.93 339.61
501.40 303.30
497.82 287.44
482.47 265.96
460.99 266.98
444.62 257.26
417.00 249.08
443.60 235.27
420.58 222.48
421.60 209.69
431.83 204.58
444.62 214.81
450.25 221.97
456.39 215.32
472.75 225.55
468.15 243.96
505.49 225.04
498.33 207.14
480.94 214.81
488.10 197.42
484.52 191.79
484.01 185.65
462.01 197.93
454.34 189.24
464.57 182.07
458.43 178.49
433.88 179.52
440.02 185.14
407.28 182.07
423.65 161.10
428.25 148.32
417.51 144.22
429.28 134.51
415.98 128.37
420.07 115.58
429.79 117.12
425.19 86.43
425.19 78.75
413.93 75.17
440.53 84.38
453.32 91.03
464.57 89.50
461.50 99.72
464.06 112.51
451.78 117.63
440.02 118.14
445.13 113.54
460.48 129.39
454.34 129.39
474.80 117.12
472.75 104.84
479.91 92.56
490.14 92.56
501.91 94.10
511.12 93.08
508.56 104.84
493.21 102.28
503.44 119.67
484.52 126.32
490.66 145.76
498.84 177.98
494.24 185.14
502.93 157.52
469.86 523.38
478.70 460.65
463.82 451.40
515.29 422.05
522.13 445.37
535.80 446.98
547.06 428.08
549.88 461.86
569.58 453.01
572.39 475.13
581.64 470.70
593.30 448.18
584.86 498.85
568.77 518.15
592.50 529.41
588.48 562.79
545.85 557.16
510.07 509.71
506.45 547.51
508.06 530.21
631.10 562.38
657.64 557.16
653.22 531.42
633.92 513.33
654.42 502.47
643.97 481.96
623.46 455.82
662.87 455.82
676.14 474.32
689.00 467.08
676.14 514.13
689.00 509.30
701.87 544.69
736.86 580.08
775.86 573.64
741.68 525.39
717.15 502.07
730.42 464.27
689.81 466.68
698.66 443.36
676.14 443.36
611.40 408.38
587.67 415.61
557.92 411.19
522.93 398.32
528.97 378.62
530.57 350.07
542.64 355.30
547.06 339.21
582.85 356.50
558.32 387.06
591.69 380.63
595.72 364.55
579.23 340.02
589.68 338.01
608.58 342.03
627.08 391.89
655.23 386.66
627.88 365.75
651.21 350.07
626.68 336.00
685.39 336.80
699.46 348.06
708.31 369.37
674.93 377.01
697.05 383.85
689.00 404.76
723.99 411.19
743.69 430.49
765.00 465.47
788.73 466.28
788.73 438.53
774.25 415.21
753.34 401.54
727.21 391.49
764.20 385.05
740.47 360.52
729.22 357.71
767.42 357.71
754.15 361.33
788.73 357.31
777.47 338.41
792.75 385.46
733.44 508.66
798.58 523.94
794.56 503.84
802.60 466.04
804.21 419.39
784.91 318.87
781.69 330.13
626.28 330.93
615.82 324.09
598.13 316.05
590.09 325.70
578.43 300.77
568.37 301.17
557.11 310.02
529.77 320.47
537.01 303.59
520.92 301.98
513.28 281.87
522.13 270.21
539.42 264.58
498.00 254.13
505.64 244.07
514.89 236.03
525.35 215.12
541.03 234.02
529.37 244.88
562.34 214.72
553.49 223.16
543.04 216.73
524.94 198.64
510.07 192.20
636.73 318.06
622.25 313.24
598.93 287.50
569.58 278.66
587.67 266.19
563.55 270.61
610.19 251.31
627.08 269.00
617.83 272.62
631.10 280.26
632.31 293.94
644.77 289.11
654.42 271.42
640.75 256.54
649.60 250.11
676.14 237.64
686.99 277.85
686.19 268.60
712.73 270.61
693.83 301.17
688.20 313.24
675.33 325.30
664.88 305.19
719.16 332.14
717.15 313.24
724.39 308.01
727.21 295.14
752.54 284.69
764.60 283.48
743.69 336.16
750.13 309.62
788.33 282.27
788.73 268.20
785.91 254.53
799.58 242.06
804.41 258.55
751.33 244.48
765.41 231.61
734.04 228.79
723.99 212.71
701.87 211.10
691.82 217.53
667.69 226.38
650.40 217.94
637.13 216.73
621.85 202.25
603.76 213.51
598.53 201.05
586.47 200.65
568.77 198.64
572.39 226.78
561.94 242.47
762.99 219.14
740.07 212.71
744.90 220.75
751.33 207.08
777.47 215.93
787.92 208.69
798.38 205.87
775.86 244.48
495.99 194.85
523.34 189.63
521.73 173.14
529.37 159.47
537.81 177.16
543.04 169.52
545.05 192.84
558.32 181.18
545.85 155.04
545.45 145.80
531.38 144.99
524.94 151.83
516.10 150.22
495.99 147.00
500.42 147.81
511.68 130.11
515.29 139.36
531.38 124.08
533.79 112.82
519.72 116.44
520.52 105.59
524.14 97.14
540.22 98.75
534.19 105.59
543.04 105.18
547.86 115.64
557.11 108.00
559.53 97.54
575.21 99.55
567.17 140.97
566.76 147.40
560.33 157.06
565.56 160.27
577.22 136.95
584.46 110.81
589.28 99.15
599.33 100.76
597.32 108.80
604.56 102.77
606.17 112.02
590.89 122.47
601.75 125.29
609.39 136.55
618.23 147.00
615.02 161.88
608.99 171.53
600.14 171.13
598.53 157.46
583.65 167.51
576.01 156.65
590.89 155.45
593.30 174.35
596.52 189.22
607.78 194.05
617.83 193.65
626.28 188.42
637.54 189.63
642.36 183.19
629.89 173.94
631.50 163.49
629.89 155.04
639.14 145.80
631.10 139.76
639.14 135.34
631.50 131.72
625.47 128.91
615.42 123.28
619.84 116.84
630.70 119.26
629.09 108.40
628.69 95.93
620.24 105.59
615.02 85.48
640.35 110.81
639.95 118.86
650.40 116.84
650.40 122.47
641.15 127.70
650.80 136.55
652.82 145.80
648.39 155.45
639.14 156.25
647.59 163.49
640.75 171.53
653.62 166.71
660.46 163.09
669.30 161.48
668.10 176.76
658.44 194.45
646.38 201.69
668.10 211.34
671.71 202.49
667.29 192.44
684.98 184.80
682.57 171.13
682.57 205.31
680.96 199.28
696.24 199.68
695.04 189.63
696.24 170.73
706.30 173.14
708.71 186.41
714.74 199.68
719.97 185.61
730.42 192.84
732.03 181.99
723.59 171.93
730.82 171.53
713.13 159.07
706.70 157.06
697.05 156.25
682.17 147.40
670.91 150.22
666.49 153.84
668.10 142.58
671.31 133.73
668.10 130.11
660.46 129.71
665.28 118.05
657.24 108.00
648.39 107.60
639.14 86.69
439.30 67.79
443.72 64.77
449.95 60.95
448.14 52.91
436.08 55.72
421.00 54.72
419.59 70.60
425.82 71.00
426.23 63.97
406.72 67.79
409.34 61.76
395.87 77.44
392.45 71.21
396.87 58.74
488.35 65.37
479.91 57.94
469.05 56.53
476.49 49.29
493.98 52.31
486.95 54.92
495.79 62.76
505.64 59.34
504.03 52.11
502.23 44.67
489.36 48.69
486.14 43.66
506.65 42.05
522.13 44.67
524.54 51.70
530.78 49.09
531.78 43.46
516.70 63.57
514.09 50.09
527.76 70.60
528.16 58.94
543.24 41.65
558.72 45.07
570.38 42.25
586.07 45.87
574.00 48.69
559.73 59.14
550.68 72.81
561.54 72.41
569.98 71.41
544.65 53.31
541.23 47.88
530.37 80.45
380.99 61.35
347.21 62.96
361.29 66.98
313.03 62.56
324.69 65.78
293.33 64.97
584.05 77.44
598.53 79.45
595.31 61.35
580.44 57.33
593.71 55.32
600.54 49.29
595.31 50.09
607.78 62.56
604.16 58.94
613.01 51.70
617.43 49.29
620.24 53.71
616.22 63.36
625.07 62.96
623.86 77.04
614.61 77.44
625.87 62.16
629.49 57.33
636.73 51.70
635.52 62.16
637.13 56.93
643.57 58.54
645.18 52.91
642.76 42.45
648.79 38.43
656.84 41.65
653.22 54.52
653.22 83.47
646.78 77.44
658.04 62.56
664.48 63.36
664.48 41.65
667.69 39.64
674.13 42.05
675.74 40.04
684.98 42.05
685.39 47.28
678.55 52.51
670.91 56.93
678.15 63.36
683.78 64.57
686.19 75.03
689.41 64.57
679.35 96.74
665.68 99.96
662.87 89.50
690.21 90.31
689.00 106.39
678.95 114.03
673.32 110.41
685.39 121.67
682.57 130.52
686.59 137.75
689.00 130.92
689.81 161.88
765.61 520.56
750.13 165.10
737.66 152.23
715.14 153.03
715.54 145.39
702.68 139.76
695.84 130.92
706.70 104.78
697.05 100.76
695.44 79.85
695.44 70.20
703.48 71.81
704.29 60.55
717.96 60.15
693.83 43.26
691.02 55.32
703.48 35.62
736.86 51.70
750.93 75.03
742.08 83.47
747.71 86.69
732.43 98.75
718.36 89.10
724.39 87.09
744.09 115.24
738.87 117.65
734.85 127.30
721.58 130.11
715.14 124.89
711.52 114.03
726.00 110.81
730.82 116.84
740.47 101.97
743.69 110.01
733.24 138.16
746.10 132.53
758.57 124.08
755.75 147.00
764.60 142.98
758.97 156.25
756.96 177.56
747.71 187.21
758.97 194.05
777.47 191.23
783.90 177.16
783.50 163.89
782.29 154.24
788.73 134.94
774.25 130.92
767.01 121.67
778.27 113.63
758.57 111.21
757.36 101.16
762.99 98.75
769.83 71.81
762.99 74.22
782.70 75.43
790.34 95.13
783.10 98.35
781.89 103.98
774.25 105.18
775.86 97.95
780.28 117.65
789.13 128.51
793.55 123.28
790.34 110.41
797.98 102.77
798.38 94.73
803.20 114.83
799.18 150.62
801.60 177.97
810.62 108.94
808.64 103.66
811.28 91.78
808.64 87.16
800.73 81.23
807.98 70.01
815.24 73.97
827.12 68.03
842.96 73.31
827.78 83.86
817.88 98.38
834.38 102.34
842.96 99.70
851.53 71.33
851.53 78.59
857.47 70.01
864.73 68.03
862.75 76.61
870.67 75.29
873.97 66.71
888.49 65.39
883.21 74.63
875.95 79.91
877.93 85.18
893.76 70.01
897.06 74.63
910.92 71.33
915.54 67.37
920.82 72.65
917.52 77.27
910.92 85.18
920.82 86.50
925.44 79.25
920.82 80.57
932.04 61.43
943.25 67.37
904.64 64.23
951.49 62.91
967.66 61.59
955.45 79.74
942.58 87.33
951.49 87.99
951.16 96.90
964.69 91.29
963.37 98.22
974.26 68.85
966.67 71.49
989.43 75.12
1001.31 71.82
1002.30 63.57
1008.57 58.96
1005.60 46.09
1014.84 32.56
1014.84 62.91
1017.48 58.30
1021.76 60.27
1015.50 49.72
906.95 113.39
900.02 108.11
905.63 102.18
876.93 108.11
868.68 100.20
871.98 97.89
868.35 86.34
864.06 92.28
857.79 90.96
849.54 101.19
859.11 101.85
854.16 117.02
825.13 153.31
809.29 163.87
816.88 171.46
814.24 125.93
825.13 124.28
814.24 109.43
841.96 158.59
847.24 166.84
845.92 173.77
862.41 154.96
862.08 144.41
858.78 130.55
865.38 122.96
870.99 113.06
882.21 114.71
881.55 138.47
873.63 143.42
877.59 165.19
870.66 176.41
888.15 172.12
892.43 153.64
892.76 162.88
902.99 157.27
897.38 135.50
901.01 138.47
907.94 128.24
906.62 120.98
894.74 118.01
915.53 112.07
918.83 126.59
922.46 120.65
929.72 116.03
924.11 102.51
941.26 127.91
931.04 143.09
917.18 140.78
927.74 131.87
911.24 151.66
910.25 173.44
920.15 162.55
919.49 171.46
936.64 158.59
941.59 150.34
950.50 139.46
940.93 134.51
949.84 126.26
952.15 108.44
972.61 123.62
962.38 129.23
961.06 144.41
958.09 154.96
953.47 163.54
940.93 165.19
945.22 172.78
933.35 181.03
959.74 178.72
955.45 184.99
977.88 178.72
987.78 164.86
969.97 161.23
972.28 145.40
986.46 153.64
985.14 128.57
976.90 128.24
985.80 121.64
977.56 112.07
977.88 104.48
976.57 93.27
991.74 104.15
1000.98 119.66
1005.60 119.99
1012.86 123.62
1018.80 115.37
1017.48 105.80
1007.25 83.04
947.21 193.40
939.29 194.72
941.93 209.90
926.10 220.45
904.98 210.56
903.00 200.66
899.04 190.76
908.28 195.38
901.02 183.50
919.50 190.76
890.47 184.82
866.71 187.46
856.15 184.16
848.24 205.28
825.14 187.46
819.20 201.98
830.42 209.24
811.28 219.13
817.22 250.81
842.30 264.00
850.87 252.13
842.96 242.89
858.13 240.25
852.85 223.09
862.75 209.24
874.63 213.19
873.97 201.32
885.19 232.99
878.59 229.69
880.57 248.17
868.69 258.72
897.72 257.40
906.96 265.98
915.54 269.28
930.06 259.38
918.84 244.87
945.89 250.15
945.89 239.59
945.23 233.65
956.45 211.87
962.39 201.98
973.61 200.00
978.89 192.08
980.86 211.21
992.08 210.56
997.36 191.42
1004.62 179.54
1002.64 150.51
991.42 130.05
1000.00 132.03
1001.32 228.37
997.36 222.43
1013.86 219.79
968.33 235.63
965.03 229.69
984.82 254.76
960.41 261.36
930.72 273.24
924.78 293.04
945.23 297.00
925.44 311.51
904.32 289.08
907.62 299.63
871.99 298.31
848.90 295.02
817.22 280.50
831.08 328.01
822.50 306.89
846.92 313.49
870.67 320.09
856.15 349.12
866.71 366.28
879.91 340.54
896.40 335.93
903.66 326.69
881.23 306.89
947.87 309.53
970.97 302.27
971.63 312.83
960.41 297.00
971.63 279.18
990.76 264.66
1013.20 248.17
1015.84 240.25
998.68 272.58
1009.24 289.74
997.36 302.27
759.16 256.74
835.72 585.68
815.92 542.13
829.12 522.33
829.12 494.62
875.29 599.53
861.43 575.12
852.85 533.55
864.73 517.05
886.51 517.71
885.19 486.70
925.44 459.65
890.47 457.01
901.68 432.59
924.78 532.23
926.76 565.22
877.93 668.16
801.39 645.72
659.52 645.06
602.77 675.42
554.60 660.24
526.23 619.33
994.06 668.82
1013.20 598.22
955.79 616.03
981.52 544.77
951.17 515.73
962.39 458.99
979.54 498.58
1017.82 495.28
1000.66 444.47
982.18 419.40
970.31 435.23
1003.96 416.10
1011.22 394.32
980.20 400.92
948.53 391.68
937.97 422.70
914.22 406.86
879.25 416.76
855.49 416.76
857.47 394.98
824.48 371.89
915.54 367.93
892.45 389.70
949.85 347.47
940.61 336.92
969.65 330.32
988.78 352.75
1015.84 367.27
1014.52 260.37
1015.84 208.25
1005.94 216.16
1005.94 207.59
1009.90 163.38
961.07 371.89
988.78 380.47
639.75 451.46
826.45 428.44
835.65 455.04
812.64 474.98
819.29 410.54
837.19 397.75
921.58 501.58
901.13 583.93
880.15 556.31
947.67 569.10
815.20 381.00
853.43 152.36
862.64 113.49
843.20 121.93
834.76 127.56
845.76 134.72
834.25 114.51
826.32 108.12
857.78 163.87
