1023.10 534.14
1002.64 477.88
1016.96 462.53
973.99 544.37
945.35 506.52
915.68 487.08
909.55 444.12
953.53 441.05
965.81 414.45
992.41 405.24
973.99 387.85
1012.87 340.80
1008.77 304.99
1023.10 291.69
979.11 316.25
993.43 330.57
978.08 329.54
964.79 326.48
945.35 365.35
937.17 398.08
926.94 424.68
857.37 501.40
865.56 453.32
857.37 428.77
839.98 511.63
774.51 526.98
711.09 515.73
729.50 490.15
741.78 446.16
753.03 418.54
776.56 421.61
816.45 427.75
820.55 398.08
837.94 353.07
880.90 373.53
874.76 329.54
860.44 317.27
861.47 289.65
889.09 291.69
868.63 278.40
921.82 299.88
941.26 295.79
979.11 293.74
1001.61 274.30
984.22 269.19
992.41 252.82
966.83 275.33
978.08 252.82
965.81 240.55
977.06 232.36
963.76 227.25
972.97 218.04
1019.00 244.64
996.50 132.11
962.74 134.16
979.11 108.58
956.60 85.05
945.35 102.44
956.60 109.60
926.94 87.10
900.34 88.12
875.79 90.17
941.26 122.90
948.42 194.51
975.02 203.72
903.41 187.35
919.77 198.60
945.09 267.65
956.35 261.52
940.49 254.36
925.66 261.00
907.76 251.80
933.84 221.11
923.61 216.51
934.35 196.56
1010.05 110.63
784.49 392.46
797.78 352.05
830.52 329.54
822.34 316.25
817.22 302.95
816.71 261.52
824.38 253.84
836.66 244.13
858.14 253.33
867.35 263.56
883.72 253.33
884.74 239.01
887.81 225.71
900.08 223.67
900.59 208.83
880.13 195.53
889.85 187.86
868.88 194.51
864.28 215.99
857.63 216.51
862.23 232.87
850.98 229.29
832.57 222.64
848.93 188.37
814.15 207.30
816.20 178.65
818.76 196.05
837.68 182.75
875.53 169.96
859.16 167.40
842.80 122.90
834.61 146.94
844.84 151.55
842.80 163.31
816.71 163.82
833.59 164.84
809.04 151.55
804.95 162.80
804.95 143.87
788.58 151.55
783.46 145.92
790.62 203.21
800.34 223.15
819.78 233.38
809.04 236.96
788.58 231.34
793.18 246.68
785.51 261.00
789.60 290.67
797.78 310.11
800.34 329.54
762.49 312.15
748.68 313.18
769.14 293.23
742.03 293.74
723.11 288.63
735.89 263.05
742.03 254.36
765.05 252.82
758.40 248.22
761.47 235.43
771.19 235.43
764.54 225.71
758.40 215.99
744.59 237.48
735.38 233.38
723.11 209.34
744.59 214.97
770.68 211.90
781.93 177.63
785.51 167.91
765.05 168.43
766.58 157.17
773.75 159.73
752.26 172.01
738.45 171.49
746.64 158.20
760.96 151.03
758.40 131.09
771.19 129.55
792.67 102.44
793.18 89.14
803.92 95.79
815.69 90.68
812.11 84.03
797.78 77.89
810.57 65.10
795.74 69.20
782.95 74.31
781.42 68.68
772.72 79.43
768.63 71.75
771.19 65.62
750.22 75.85
757.38 89.66
754.31 118.81
744.59 122.39
736.92 117.28
738.96 107.56
728.73 108.58
717.99 105.00
721.57 117.28
726.18 123.41
729.76 152.06
738.45 140.80
731.80 161.26
717.99 167.91
712.37 158.20
713.90 148.99
716.97 133.13
711.85 126.99
707.76 108.07
732.31 77.89
717.48 77.38
709.30 269.19
697.53 272.26
702.14 280.44
688.84 277.37
697.53 290.16
706.74 320.34
724.64 330.57
755.33 347.45
770.16 343.35
747.15 379.16
712.37 409.34
707.25 387.34
708.79 366.37
701.63 345.40
678.61 333.12
675.03 347.96
676.56 364.84
687.81 402.18
652.01 414.45
662.24 354.10
655.08 321.87
677.59 317.78
646.90 306.53
672.47 300.39
677.59 296.81
675.54 288.63
660.71 293.23
643.32 292.72
640.25 278.40
619.79 313.18
630.02 321.36
627.46 373.02
641.27 391.95
608.02 391.95
615.70 372.51
609.05 352.05
616.21 343.87
610.07 332.61
611.60 296.30
615.18 280.44
630.53 258.96
652.01 259.98
668.38 250.26
696.00 242.08
669.40 228.27
692.42 215.48
691.40 202.69
681.17 197.58
668.38 207.81
662.75 214.97
656.61 208.32
640.25 218.55
644.85 236.96
607.51 218.04
614.67 200.14
632.06 207.81
624.90 190.42
628.48 184.79
628.99 178.65
650.99 190.93
658.66 182.24
648.43 175.07
654.57 171.49
679.12 172.52
672.98 178.14
705.72 175.07
689.35 154.10
684.75 141.32
695.49 137.22
683.72 127.51
697.02 121.37
692.93 108.58
683.21 110.12
687.81 79.43
687.81 71.75
699.07 68.17
672.47 77.38
659.68 84.03
648.43 82.50
651.50 92.72
648.94 105.51
661.22 110.63
672.98 111.14
667.87 106.54
652.52 122.39
658.66 122.39
638.20 110.12
640.25 97.84
633.09 85.56
622.86 85.56
611.09 87.10
601.88 86.08
604.44 97.84
619.79 95.28
609.56 112.67
628.48 119.32
622.34 138.76
614.16 170.98
618.76 178.14
610.07 150.52
643.14 516.38
634.30 453.65
649.18 444.40
597.71 415.05
590.87 438.37
577.20 439.98
565.94 421.08
563.12 454.86
543.42 446.01
540.61 468.13
531.36 463.70
519.70 441.18
528.14 491.85
544.23 511.15
520.50 522.41
602.93 502.71
606.55 540.51
604.94 523.21
479.08 506.33
489.54 448.82
501.60 401.38
525.33 408.61
555.08 404.19
590.07 391.32
584.03 371.62
582.43 343.07
570.36 348.30
565.94 332.21
530.15 349.50
554.68 380.06
521.31 373.63
517.28 357.55
533.77 333.02
523.32 331.01
504.42 335.03
485.92 384.89
485.12 358.75
486.32 329.00
486.72 323.93
497.18 317.09
514.87 309.05
522.91 318.70
534.57 293.77
544.63 294.17
555.89 303.02
583.23 313.47
575.99 296.59
592.08 294.98
599.72 274.87
590.87 263.21
573.58 257.58
615.00 247.13
607.36 237.07
598.11 229.03
587.65 208.12
571.97 227.02
583.63 237.88
550.66 207.72
559.51 216.16
569.96 209.73
588.06 191.64
602.93 185.20
490.75 306.24
514.07 280.50
543.42 271.66
525.33 259.19
549.45 263.61
502.81 244.31
485.92 262.00
495.17 265.62
481.90 273.26
480.69 286.94
491.15 195.25
509.24 206.51
514.47 194.05
526.53 193.65
544.23 191.64
540.61 219.78
551.06 235.47
617.01 187.85
589.66 182.63
591.27 166.14
583.63 152.47
575.19 170.16
569.96 162.52
567.95 185.84
554.68 174.18
567.15 148.04
567.55 138.80
581.62 137.99
588.06 144.83
596.90 143.22
617.01 140.00
612.58 140.81
601.32 123.11
597.71 132.36
581.62 117.08
579.21 105.82
593.28 109.44
592.48 98.59
588.86 90.14
572.78 91.75
578.81 98.59
569.96 98.18
565.14 108.64
555.89 101.00
553.47 90.54
537.79 92.55
545.83 133.97
546.24 140.40
552.67 150.06
547.44 153.27
535.78 129.95
528.54 103.81
523.72 92.15
513.67 93.76
515.68 101.80
508.44 95.77
506.83 105.02
522.11 115.47
511.25 118.29
503.61 129.55
494.77 140.00
497.98 154.88
504.01 164.53
512.86 164.13
514.47 150.46
529.35 160.51
536.99 149.65
522.11 148.45
519.70 167.35
516.48 182.22
505.22 187.05
495.17 186.65
486.72 181.42
483.11 166.94
481.50 156.49
483.11 148.04
481.90 132.76
481.50 124.72
487.53 121.91
497.58 116.28
493.16 109.84
482.30 112.26
483.91 101.40
484.31 88.93
492.76 98.59
497.98 78.48
673.70 60.79
669.28 57.77
663.05 53.95
664.86 45.91
676.92 48.72
692.00 47.72
693.41 63.60
687.18 64.00
686.77 56.97
706.28 60.79
703.66 54.76
717.13 70.44
720.55 64.21
716.13 51.74
624.65 58.37
633.09 50.94
643.95 49.53
636.51 42.29
619.02 45.31
626.05 47.92
617.21 55.76
607.36 52.34
608.97 45.11
610.77 37.67
623.64 41.69
626.86 36.66
606.35 35.05
590.87 37.67
588.46 44.70
582.22 42.09
581.22 36.46
596.30 56.57
598.91 43.09
585.24 63.60
584.84 51.94
569.76 34.65
554.28 38.07
542.62 35.25
526.93 38.87
539.00 41.69
553.27 52.14
562.32 65.81
551.46 65.41
543.02 64.41
568.35 46.31
571.77 40.88
582.63 73.45
732.01 54.35
765.79 55.96
751.71 59.98
799.97 55.56
788.31 58.78
819.67 57.97
528.95 70.44
514.47 72.45
517.69 54.35
532.56 50.33
519.29 48.32
512.46 42.29
517.69 43.09
505.22 55.56
508.84 51.94
499.99 44.70
495.57 42.29
492.76 46.71
496.78 56.36
487.93 55.96
489.14 70.04
498.39 70.44
487.13 55.16
483.51 50.33
477.48 55.16
