210.07 327.61
485.35 425.29
449.83 337.60
363.25 289.87
454.27 219.94
394.33 197.73
447.61 163.32
492.01 159.99
525.31 133.35
498.67 114.48
475.36 100.05
418.75 147.78
363.25 183.30
311.08 209.95
261.13 171.09
295.54 157.77
220.06 177.75
333.28 123.36
318.85 150.00
174.55 183.30
123.48 169.98
102.39 161.10
151.24 151.11
18.03 185.52
1.80 83.40
5.13 96.17
10.12 91.17
15.67 88.40
26.77 89.51
11.79 80.07
34.54 87.29
42.31 91.17
34.54 82.29
37.87 105.05
26.77 103.38
20.11 120.03
22.33 135.57
61.18 155.55
56.19 130.58
55.08 119.48
51.19 106.16
62.29 103.38
77.84 136.13
84.50 125.03
86.16 106.16
75.06 92.28
92.82 92.28
65.07 91.17
51.19 84.51
51.75 76.19
42.31 80.07
63.96 77.30
60.63 73.41
71.73 78.41
81.17 82.29
85.05 76.19
97.26 81.18
91.71 77.30
76.73 70.08
182.32 129.19
200.63 143.62
273.89 121.98
264.46 111.99
238.93 126.97
216.17 104.22
190.09 118.65
174.55 111.99
131.81 131.97
118.49 100.88
108.50 106.99
99.62 116.98
132.37 104.77
135.14 93.11
146.24 98.66
128.48 82.01
121.26 84.79
118.49 78.13
108.50 80.90
106.28 73.13
110.72 67.03
91.85 70.91
123.48 72.02
134.03 68.14
138.47 72.02
139.58 84.79
139.58 77.02
146.24 78.68
151.24 69.80
159.01 69.80
159.56 89.78
156.23 80.90
167.33 84.79
172.88 87.01
184.54 97.00
183.98 77.02
178.43 70.91
176.21 64.81
169.55 62.03
182.32 67.03
187.31 65.92
191.20 75.91
197.86 77.02
210.62 82.01
196.19 93.11
223.94 84.79
223.94 75.91
216.17 69.80
212.29 65.92
207.85 63.14
200.63 63.14
252.25 82.01
245.03 87.01
256.69 95.89
308.86 105.88
294.43 94.78
268.90 90.89
337.72 87.01
218.39 59.81
241.70 65.92
254.47 67.03
277.78 77.02
284.44 63.14
306.08 84.79
323.29 73.13
314.96 69.80
301.09 65.92
305.53 63.14
272.78 64.81
269.45 67.03
266.12 58.70
311.63 57.04
316.07 60.92
321.62 55.93
328.84 62.03
331.06 54.82
336.61 57.04
353.26 63.14
373.80 60.92
367.14 60.92
390.45 84.79
373.80 74.80
356.59 79.79
384.34 102.00
392.11 113.65
421.53 87.01
412.09 73.13
400.44 45.94
410.98 49.27
402.66 58.70
390.45 64.81
393.78 53.71
387.12 50.38
379.90 49.27
361.59 50.93
354.93 55.93
346.60 55.93
418.75 57.04
424.86 59.81
428.19 54.82
428.19 48.71
421.53 45.38
417.09 115.87
458.85 92.00
469.40 77.02
448.86 77.02
449.42 60.92
470.51 67.03
481.61 63.14
498.26 64.81
517.13 89.78
532.11 78.13
508.80 73.13
512.69 62.03
526.01 53.71
529.89 65.92
540.44 93.67
537.66 46.49
543.21 44.27
508.25 50.93
520.46 50.93
512.69 42.05
502.70 50.93
479.39 50.93
461.07 49.27
469.95 45.94
456.08 42.61
497.15 44.83
492.15 47.05
441.09 54.82
437.21 67.03
226.60 57.44
232.23 60.51
243.99 60.00
251.15 56.93
257.29 54.88
255.75 61.53
274.68 52.33
278.77 53.86
277.24 56.42
268.03 54.37
284.91 53.35
288.49 54.88
293.60 51.81
295.65 60.00
299.23 55.39
11.77 76.37
18.93 75.34
25.07 75.34
30.19 75.85
35.30 74.32
40.42 75.34
46.04 72.79
372.12 49.26
356.77 50.79
352.68 50.79
350.64 50.79
342.96 48.75
335.80 48.75
340.92 53.86
321.48 51.81
313.30 50.79
306.65 52.33
443.73 40.05
439.12 46.19
437.59 41.58
446.79 45.68
465.21 40.05
473.90 40.56
479.02 42.10
484.13 43.63
486.69 39.54
494.87 37.49
501.01 37.49
503.57 41.58
509.20 37.49
516.87 40.05
521.98 39.03
519.43 32.89
529.66 38.00
539.37 36.47
530.68 42.10
542.95 33.40
