2.99 312.62
266.07 322.61
541.35 420.29
505.83 332.60
419.25 284.87
510.27 214.94
450.33 192.73
503.61 158.32
531.36 95.05
474.75 142.78
419.25 178.30
367.08 204.95
317.13 166.09
351.54 152.77
276.06 172.75
389.28 118.36
374.85 145.00
230.55 178.30
179.48 164.98
158.39 156.10
207.24 146.11
74.03 180.52
27.41 244.91
40.04 181.63
20.61 152.22
22.83 123.36
4.52 115.59
3.41 99.49
0.08 90.06
0.63 80.07
5.07 83.40
10.07 86.17
18.39 85.06
16.17 94.50
20.61 103.38
25.61 111.15
38.37 99.49
25.05 93.39
37.26 84.51
30.05 81.18
33.93 74.52
44.48 78.40
50.58 77.29
57.80 78.40
53.36 91.17
61.13 91.17
66.12 86.17
71.67 83.40
82.77 84.51
67.79 75.07
90.54 82.29
98.31 86.17
90.54 77.29
93.87 100.05
82.77 98.38
76.11 115.03
54.47 119.47
78.33 130.57
117.18 150.55
112.19 125.58
111.08 114.48
107.19 101.16
118.29 98.38
133.84 131.13
140.50 120.03
142.16 101.16
131.06 87.28
148.82 87.28
121.07 86.17
107.19 79.51
107.75 71.19
98.31 75.07
119.96 72.30
116.63 68.41
127.73 73.41
137.17 77.29
141.05 71.19
153.26 76.18
147.71 72.30
132.73 65.08
238.32 124.19
256.63 138.62
329.89 116.98
320.46 106.99
294.93 121.97
272.17 99.22
246.09 113.65
230.55 106.99
187.81 126.97
174.49 95.88
164.50 101.99
155.62 111.98
188.37 99.77
191.14 88.11
202.24 93.66
184.48 77.01
177.26 79.79
174.49 73.13
164.50 75.90
162.28 68.13
166.72 62.03
147.85 65.91
179.48 67.02
190.03 63.14
194.47 67.02
195.58 79.79
195.58 72.02
202.24 73.68
207.24 64.80
215.01 64.80
215.56 84.78
212.23 75.90
223.33 79.79
228.88 82.01
240.54 92.00
239.98 72.02
234.43 65.91
232.21 59.81
225.55 57.03
238.32 62.03
243.31 60.92
247.20 70.91
253.86 72.02
266.62 77.01
252.19 88.11
279.94 79.79
279.94 70.91
272.17 64.80
268.29 60.92
263.85 58.14
256.63 58.14
308.25 77.01
301.03 82.01
312.69 90.89
364.86 100.88
350.43 89.78
324.90 85.89
393.72 82.01
274.39 54.81
297.70 60.92
310.47 62.03
333.78 72.02
340.44 58.14
362.08 79.79
379.29 68.13
370.96 64.80
357.09 60.92
361.53 58.14
328.78 59.81
325.45 62.03
322.12 53.70
367.63 52.04
372.07 55.92
377.62 50.93
384.84 57.03
387.06 49.82
392.61 52.04
409.26 58.14
429.80 55.92
423.14 55.92
446.45 79.79
429.80 69.80
412.59 74.79
440.34 97.00
448.11 108.65
477.53 82.01
468.09 68.13
456.44 40.94
466.98 44.27
458.66 53.70
446.45 59.81
449.78 48.71
443.12 45.38
435.90 44.27
417.59 45.93
410.93 50.93
402.60 50.93
474.75 52.04
480.86 54.81
484.19 49.82
484.19 43.71
477.53 40.38
473.09 110.87
514.85 87.00
525.40 72.02
504.86 72.02
505.42 55.92
526.51 62.03
537.61 58.14
535.39 45.93
517.07 44.27
525.95 40.94
512.08 37.61
497.09 49.82
493.21 62.03
282.60 52.44
288.23 55.51
299.99 55.00
307.15 51.93
313.29 49.88
311.75 56.53
330.68 47.33
334.77 48.86
333.24 51.42
324.03 49.37
340.91 48.35
344.49 49.88
349.60 46.81
351.65 55.00
355.23 50.39
67.77 71.37
74.93 70.34
81.07 70.34
86.19 70.85
91.30 69.32
96.42 70.34
102.04 67.79
428.12 44.26
412.77 45.79
408.68 45.79
406.64 45.79
398.96 43.75
391.80 43.75
396.92 48.86
377.48 46.81
369.30 45.79
362.65 47.33
499.73 35.05
495.12 41.19
493.59 36.58
502.79 40.68
521.21 35.05
529.90 35.56
535.02 37.10
540.13 38.63
542.69 34.54
