18.63 102.11
7.84 75.73
10.83 14.60
36.01 20.59
22.22 40.37
26.42 58.35
23.42 122.49
16.83 151.26
16.83 187.82
9.04 207.60
11.43 248.96
28.82 224.39
40.80 191.42
36.61 169.24
40.80 148.26
47.40 102.11
57.59 78.73
48.60 66.74
106.14 0.21
84.56 14.00
77.97 37.37
100.74 42.17
76.17 58.35
87.56 83.53
83.36 101.51
60.58 120.69
61.18 172.84
69.57 190.82
76.17 214.80
67.78 235.18
55.19 253.76
36.61 274.74
62.98 278.93
83.96 259.15
101.94 277.13
104.34 261.55
94.15 235.18
111.53 236.97
113.93 218.99
99.54 190.82
92.35 171.04
95.35 149.46
88.16 126.08
115.73 126.08
114.53 102.71
111.53 64.35
127.72 39.77
118.13 16.39
131.31 3.81
137.31 22.99
158.29 43.97
139.11 66.14
140.90 80.53
137.31 102.11
123.52 149.46
127.72 174.04
147.50 148.26
169.08 121.29
122.32 193.82
142.10 195.02
136.71 236.97
127.72 257.95
139.70 253.76
151.69 265.74
164.88 238.77
157.09 209.40
175.67 190.82
178.07 179.43
151.69 171.64
178.07 149.46
196.65 123.69
170.87 80.53
188.26 43.97
180.46 22.99
168.48 1.41
216.43 0.81
215.23 44.57
202.64 18.19
199.05 80.53
189.46 111.10
228.42 89.52
226.02 114.10
246.40 2.61
271.57 51.76
272.77 71.54
271.57 128.48
263.78 87.72
241.60 124.89
255.39 106.30
230.81 153.66
223.62 132.08
226.02 175.83
197.85 170.44
202.04 189.02
232.61 195.61
249.40 177.63
256.59 150.06
242.20 213.00
211.63 219.59
203.84 236.97
230.81 239.37
263.78 244.77
278.77 213.60
255.39 191.42
270.97 168.64
215.23 260.35
241.00 271.74
263.78 272.34
187.06 216.89
241.60 70.04
236.81 53.26
182.26 264.25
66.58 143.17
31.36 83.08
50.24 43.22
61.33 18.94
