18.78 340.93
26.57 330.15
7.99 298.98
5.59 275.60
34.97 303.17
35.56 275.00
37.96 255.82
8.59 254.02
21.18 225.85
16.98 185.09
12.79 203.67
38.56 217.46
66.73 257.02
61.34 284.59
61.34 327.15
95.50 321.15
84.12 298.98
91.31 271.40
91.91 252.22
69.73 227.65
65.53 205.47
47.55 186.89
51.75 164.71
27.77 164.71
12.79 140.73
49.95 136.54
54.15 121.55
12.19 114.96
22.38 104.77
51.15 108.97
75.13 103.57
78.72 126.35
75.13 144.93
84.12 164.71
85.32 178.50
90.71 204.27
114.09 236.04
113.49 252.82
120.68 273.80
108.69 301.37
141.66 323.55
126.07 345.73
72.13 345.73
135.66 298.98
144.06 254.02
154.85 232.44
142.26 213.86
120.68 186.29
99.70 150.33
113.49 122.15
127.87 146.73
153.05 183.29
174.63 167.11
163.84 140.73
131.47 104.17
108.69 102.97
113.49 82.59
87.11 76.60
53.55 49.63
42.16 35.24
24.18 39.44
3.80 54.42
3.80 76.00
14.59 8.27
70.33 37.64
70.33 11.26
45.16 19.66
103.90 37.64
84.72 53.22
108.69 68.81
114.69 65.21
94.31 17.86
123.08 14.86
150.65 19.06
135.07 32.84
157.24 39.44
149.45 61.61
142.26 84.99
166.83 79.60
172.23 57.42
169.83 20.26
199.80 41.83
196.80 22.65
200.40 59.82
192.01 85.59
178.22 105.37
182.42 123.35
179.42 187.49
172.83 216.26
172.83 252.82
165.04 272.60
167.43 313.96
184.82 289.39
196.80 256.42
192.61 234.24
196.80 213.26
203.40 167.11
213.59 143.73
204.60 131.74
233.37 58.62
229.17 40.63
230.97 12.46
252.55 38.84
262.14 65.21
240.56 79.00
233.97 102.37
256.74 107.17
232.17 123.35
243.56 148.53
239.36 166.51
216.58 185.69
217.18 237.84
225.57 255.82
232.17 279.80
223.78 300.18
211.19 318.76
192.61 339.74
218.98 343.93
238.16 345.73
239.96 324.15
257.94 342.13
260.34 326.55
250.15 300.18
267.53 301.97
269.93 283.99
255.54 255.82
248.35 236.04
251.35 214.46
244.16 191.08
271.73 191.08
270.53 167.71
267.53 129.35
283.72 104.77
274.13 81.39
287.91 29.85
271.73 21.45
286.71 5.87
287.31 68.81
293.31 87.99
314.29 108.97
295.11 131.14
296.90 145.53
293.31 167.11
279.52 214.46
283.72 239.04
303.50 213.26
325.08 186.29
278.32 258.82
298.10 260.02
292.71 301.97
283.72 322.95
295.70 318.76
307.69 330.74
320.88 303.77
313.09 274.40
331.67 255.82
334.07 244.43
307.69 236.64
334.07 214.46
352.65 188.69
326.87 145.53
344.26 108.97
336.46 87.99
324.48 66.41
310.69 44.23
314.89 6.47
323.28 25.65
342.46 41.83
346.05 63.41
372.43 65.81
367.63 47.83
373.03 28.65
375.43 7.07
348.45 6.47
350.85 26.85
371.23 109.57
358.64 83.19
355.05 145.53
345.46 176.10
384.42 154.52
382.02 179.10
402.40 67.61
397.60 52.62
401.20 30.45
420.38 10.07
423.38 32.84
429.97 49.63
427.57 116.76
450.35 88.59
451.55 67.61
453.95 52.02
449.15 35.24
476.12 29.25
453.95 17.86
475.52 8.87
497.10 11.26
494.71 35.24
474.93 68.81
492.31 72.40
475.52 89.79
458.74 116.76
458.14 133.54
428.77 136.54
427.57 193.48
437.16 171.90
419.78 152.72
397.60 189.89
411.39 171.30
386.81 218.66
379.62 197.08
382.02 240.83
353.85 235.44
358.04 254.02
388.61 260.61
405.40 242.63
412.59 215.06
398.20 278.00
367.63 284.59
359.84 301.97
386.81 304.37
419.78 309.77
434.77 278.60
411.39 256.42
426.97 233.64
449.15 241.43
440.76 219.86
465.93 219.86
371.23 325.35
397.00 336.74
419.78 337.34
458.74 343.33
451.55 308.57
459.94 286.99
464.74 260.61
468.33 241.43
489.31 223.45
476.72 203.07
459.94 183.89
485.12 189.89
492.31 159.32
489.91 134.14
506.69 116.76
485.12 117.36
504.30 90.39
517.48 83.19
522.28 48.43
517.48 33.44
543.86 31.64
533.67 13.06
556.44 17.86
576.22 13.06
590.01 37.64
569.03 61.01
569.63 76.00
538.46 77.20
537.86 92.78
569.03 93.38
588.81 78.40
590.61 56.82
594.81 93.38
590.01 119.76
557.64 119.16
533.67 120.36
545.06 116.76
547.45 143.13
550.45 159.32
521.08 160.51
520.48 131.14
538.46 174.30
512.69 175.50
557.04 193.48
533.07 196.48
505.50 205.47
516.28 221.65
589.41 200.67
595.41 183.89
585.81 159.32
571.43 182.09
573.83 144.33
599.60 142.53
557.64 241.43
486.91 269.61
488.11 283.39
518.08 325.35
523.48 318.16
511.49 295.38
538.46 286.99
552.85 308.57
549.85 330.15
586.41 336.74
573.83 311.56
564.24 289.99
597.80 288.79
593.01 266.01
583.42 242.03
149.02 3.86
172.84 3.86
343.06 281.89
397.60 135.04
392.81 118.26
483.92 250.72
504.30 254.32
518.08 269.91
536.66 221.35
561.84 225.55
530.67 247.13
543.86 271.70
566.63 277.10
338.26 329.25
450.35 329.25
222.58 208.17
131.92 160.37
147.20 124.40
187.36 148.08
206.24 108.22
217.33 83.94
