581.22 340.93
573.43 330.15
592.01 298.98
594.41 275.60
565.03 303.17
564.44 275.00
562.04 255.82
591.41 254.02
578.82 225.85
583.02 185.09
587.21 203.67
561.44 217.46
533.27 257.02
538.66 284.59
538.66 327.15
504.50 321.15
515.88 298.98
508.69 271.40
508.09 252.22
530.27 227.65
534.47 205.47
552.45 186.89
548.25 164.71
572.23 164.71
587.21 140.73
550.05 136.54
545.85 121.55
587.81 114.96
577.62 104.77
548.85 108.97
524.87 103.57
521.28 126.35
524.87 144.93
515.88 164.71
514.68 178.50
509.29 204.27
485.91 236.04
486.51 252.82
479.32 273.80
491.31 301.37
458.34 323.55
473.93 345.73
527.87 345.73
464.34 298.98
455.94 254.02
445.15 232.44
457.74 213.86
479.32 186.29
500.30 150.33
486.51 122.15
472.13 146.73
446.95 183.29
425.37 167.11
436.16 140.73
468.53 104.17
491.31 102.97
486.51 82.59
512.89 76.60
546.45 49.63
557.84 35.24
575.82 39.44
596.20 54.42
596.20 76.00
585.41 8.27
529.67 37.64
529.67 11.26
554.84 19.66
496.10 37.64
515.28 53.22
491.31 68.81
485.31 65.21
505.69 17.86
476.92 14.86
449.35 19.06
464.93 32.84
442.76 39.44
450.55 61.61
457.74 84.99
433.17 79.60
427.77 57.42
430.17 20.26
400.20 41.83
403.20 22.65
399.60 59.82
407.99 85.59
421.78 105.37
417.58 123.35
420.58 187.49
427.17 216.26
427.17 252.82
434.96 272.60
432.57 313.96
415.18 289.39
403.20 256.42
407.39 234.24
403.20 213.26
396.60 167.11
386.41 143.73
395.40 131.74
366.63 58.62
370.83 40.63
369.03 12.46
347.45 38.84
337.86 65.21
359.44 79.00
366.03 102.37
343.26 107.17
367.83 123.35
356.44 148.53
360.64 166.51
383.42 185.69
382.82 237.84
374.43 255.82
367.83 279.80
376.22 300.18
388.81 318.76
407.39 339.74
381.02 343.93
361.84 345.73
360.04 324.15
342.06 342.13
339.66 326.55
349.85 300.18
332.47 301.97
330.07 283.99
344.46 255.82
351.65 236.04
348.65 214.46
355.84 191.08
328.27 191.08
329.47 167.71
332.47 129.35
316.28 104.77
325.87 81.39
312.09 29.85
328.27 21.45
313.29 5.87
312.69 68.81
306.69 87.99
285.71 108.97
304.89 131.14
303.10 145.53
306.69 167.11
320.48 214.46
316.28 239.04
296.50 213.26
274.92 186.29
321.68 258.82
301.90 260.02
307.29 301.97
316.28 322.95
304.30 318.76
292.31 330.74
279.12 303.77
286.91 274.40
268.33 255.82
265.93 244.43
292.31 236.64
265.93 214.46
247.35 188.69
273.13 145.53
255.74 108.97
263.54 87.99
275.52 66.41
289.31 44.23
285.11 6.47
276.72 25.65
257.54 41.83
253.95 63.41
227.57 65.81
232.37 47.83
226.97 28.65
224.57 7.07
251.55 6.47
249.15 26.85
228.77 109.57
241.36 83.19
244.95 145.53
254.54 176.10
215.58 154.52
217.98 179.10
197.60 67.61
202.40 52.62
198.80 30.45
179.62 10.07
176.62 32.84
170.03 49.63
172.43 116.76
149.65 88.59
148.45 67.61
146.05 52.02
150.85 35.24
123.88 29.25
146.05 17.86
124.48 8.87
102.90 11.26
105.29 35.24
125.07 68.81
107.69 72.40
124.48 89.79
141.26 116.76
141.86 133.54
171.23 136.54
172.43 193.48
162.84 171.90
180.22 152.72
202.40 189.89
188.61 171.30
213.19 218.66
220.38 197.08
217.98 240.83
246.15 235.44
241.96 254.02
211.39 260.61
194.60 242.63
187.41 215.06
201.80 278.00
232.37 284.59
240.16 301.97
213.19 304.37
180.22 309.77
165.23 278.60
188.61 256.42
173.03 233.64
150.85 241.43
159.24 219.86
134.07 219.86
228.77 325.35
203.00 336.74
180.22 337.34
141.26 343.33
148.45 308.57
140.06 286.99
135.26 260.61
131.67 241.43
110.69 223.45
123.28 203.07
140.06 183.89
114.88 189.89
107.69 159.32
110.09 134.14
93.31 116.76
114.88 117.36
95.70 90.39
82.52 83.19
77.72 48.43
82.52 33.44
56.14 31.64
66.33 13.06
43.56 17.86
23.78 13.06
9.99 37.64
30.97 61.01
30.37 76.00
61.54 77.20
62.14 92.78
30.97 93.38
11.19 78.40
9.39 56.82
5.19 93.38
9.99 119.76
42.36 119.16
66.33 120.36
54.94 116.76
52.55 143.13
49.55 159.32
78.92 160.51
79.52 131.14
61.54 174.30
87.31 175.50
42.96 193.48
66.93 196.48
94.50 205.47
83.72 221.65
10.59 200.67
4.59 183.89
14.19 159.32
28.57 182.09
26.17 144.33
0.40 142.53
42.36 241.43
113.09 269.61
111.89 283.39
81.92 325.35
76.52 318.16
88.51 295.38
61.54 286.99
47.15 308.57
50.15 330.15
13.59 336.74
26.17 311.56
35.76 289.99
2.20 288.79
6.99 266.01
16.58 242.03
450.98 3.86
427.16 3.86
256.94 281.89
202.40 135.04
207.19 118.26
116.08 250.72
95.70 254.32
81.92 269.91
63.34 221.35
38.16 225.55
69.33 247.13
56.14 271.70
33.37 277.10
261.74 329.25
149.65 329.25
377.42 208.17
468.08 160.37
452.80 124.40
412.64 148.08
393.76 108.22
382.67 83.94
