521.68 267.62
444.11 247.36
395.89 240.37
350.47 235.48
328.11 219.41
291.77 220.80
316.23 187.96
346.98 183.77
419.65 211.02
488.84 202.63
530.07 217.31
559.42 222.20
567.80 178.18
495.83 173.98
398.69 153.72
339.29 152.32
323.92 135.55
379.82 147.43
436.43 144.63
464.38 136.94
432.23 171.89
525.18 140.44
588.77 150.22
539.85 144.63
572.70 130.66
590.87 107.59
579.68 115.28
541.25 108.99
487.44 113.18
497.92 118.78
427.34 113.18
410.57 102.70
373.53 125.06
371.44 102.70
353.96 97.81
295.96 92.92
300.16 83.14
290.37 78.94
328.11 85.93
344.18 95.02
304.35 117.38
319.02 101.30
344.88 125.76
374.23 86.63
431.53 93.62
432.23 76.85
418.96 69.86
393.10 67.06
560.82 127.86
524.48 100.61
533.56 88.03
583.18 92.92
581.96 61.51
576.02 75.84
562.74 85.62
547.71 67.10
560.29 55.92
560.29 68.50
545.27 48.23
519.76 85.97
501.94 75.14
489.01 71.99
492.51 95.40
496.35 51.73
491.46 62.91
511.37 45.79
528.50 44.74
503.69 39.85
506.48 28.32
497.75 18.88
493.90 9.80
488.66 1.41
505.43 4.21
515.92 16.09
507.53 14.34
523.60 5.61
530.59 16.44
523.95 29.72
535.13 21.33
544.57 8.75
537.93 7.70
538.98 0.36
531.99 0.02
544.57 22.03
560.99 37.05
551.56 39.85
522.91 17.84
566.93 1.41
572.87 8.75
562.39 19.58
556.80 13.64
572.52 22.73
586.85 48.23
590.34 35.66
583.00 25.17
589.64 20.98
589.99 9.45
583.35 9.10
382.37 111.23
436.40 57.65
455.73 47.98
467.15 61.60
476.81 57.65
469.78 47.98
470.66 33.93
478.13 29.10
474.61 18.99
482.08 15.92
476.37 6.26
470.66 1.42
447.82 2.30
444.31 29.53
446.50 21.63
457.04 16.80
433.32 43.59
427.61 49.74
417.07 55.45
395.11 50.18
404.77 55.89
403.90 65.55
292.77 65.55
309.02 76.53
330.54 60.72
329.67 44.91
319.56 38.76
325.71 26.90
344.16 47.10
345.48 71.26
367.00 57.65
378.42 49.74
383.25 46.66
386.77 35.24
294.53 27.78
299.36 49.74
308.14 26.46
305.51 17.68
315.17 15.48
319.12 56.33
309.02 5.38
290.57 10.21
329.67 14.60
344.16 11.09
349.43 4.06
364.80 0.11
361.73 11.09
377.10 14.16
350.31 30.85
393.79 4.94
381.50 7.57
428.93 1.42
414.88 14.16
432.01 22.07
435.52 26.46
385.01 54.13
403.46 34.81
466.71 102.76
376.00 64.55
365.46 69.82
445.40 12.72
578.49 39.95
570.96 38.19
