521.64 541.08
27.37 326.08
21.83 269.56
26.26 424.71
226.85 404.76
112.70 436.90
202.47 283.97
112.70 323.86
134.87 326.08
142.63 318.32
140.41 303.92
27.37 249.61
48.43 308.35
57.29 226.34
50.64 211.93
41.78 204.18
16.29 209.72
29.59 199.74
9.64 179.79
261.21 303.92
244.58 278.43
7.42 138.79
0.77 105.54
9.64 117.73
518.31 389.25
520.53 300.59
497.26 328.30
435.20 344.92
325.48 310.56
415.25 305.02
372.03 426.93
77.24 221.91
140.41 285.08
172.55 305.02
224.63 281.75
257.88 280.64
294.45 273.99
265.64 268.45
93.86 216.37
76.13 198.63
41.78 176.47
311.08 201.96
256.77 211.93
189.17 234.10
139.30 227.45
163.68 223.02
137.08 209.72
127.11 203.07
111.60 203.07
534.94 241.85
516.10 224.12
435.20 283.97
400.84 276.21
359.84 276.21
345.43 209.72
375.35 211.93
367.60 204.18
393.08 198.63
384.22 193.09
436.31 203.07
415.25 206.39
432.98 173.15
203.58 206.39
223.53 214.15
215.77 186.44
236.82 188.66
249.02 169.82
4.26 126.88
15.02 130.01
43.82 156.73
59.09 162.98
59.09 144.58
68.12 145.28
74.71 153.26
70.20 162.98
58.05 190.74
47.64 189.70
105.94 185.53
120.52 177.55
133.36 169.57
138.91 155.34
148.63 171.31
134.75 188.31
142.73 190.39
149.67 195.95
160.08 194.90
168.76 188.31
177.09 181.72
188.54 183.45
195.83 193.17
185.42 195.60
161.82 206.01
40.01 167.84
25.78 139.72
32.37 126.19
28.55 116.13
15.02 104.67
9.12 102.24
35.49 106.76
47.64 122.72
49.38 112.31
59.09 123.76
54.24 134.87
45.91 143.89
30.98 157.42
55.97 152.57
59.79 106.41
46.25 103.29
58.05 94.26
67.42 88.36
63.26 76.91
52.85 75.52
44.52 72.75
36.88 93.57
75.75 76.22
74.02 97.73
86.51 158.47
76.45 185.88
151.06 101.55
136.14 99.12
141.00 136.25
150.37 136.25
147.94 146.32
171.19 143.20
173.96 153.95
185.42 146.67
198.60 140.42
191.32 148.05
176.74 126.19
173.62 119.25
162.51 117.17
158.00 124.11
160.78 131.74
151.41 120.29
141.69 113.70
134.05 87.32
111.84 97.39
93.80 109.19
87.20 99.47
102.82 89.06
142.04 63.03
137.18 65.80
135.10 76.22
108.37 76.56
148.28 89.75
170.49 89.75
162.51 88.36
193.40 83.50
194.44 94.96
171.54 99.81
163.90 99.81
186.81 111.96
193.40 104.33
173.96 69.62
165.98 62.68
161.47 76.91
206.59 68.93
193.75 71.36
208.32 148.40
506.72 160.36
491.38 158.82
531.02 164.96
519.76 161.38
527.95 152.43
540.48 153.96
531.02 122.76
536.39 113.56
539.71 104.09
527.69 103.07
532.55 94.12
497.26 52.18
484.73 64.97
491.38 67.01
489.59 71.61
482.94 73.40
484.98 89.52
497.77 126.34
485.75 122.00
491.63 116.63
487.28 112.02
488.31 105.88
484.47 106.65
483.70 95.91
493.93 93.35
495.98 83.63
504.42 90.03
516.69 102.30
508.77 95.14
511.83 81.59
502.63 81.59
524.37 62.15
517.46 60.87
538.94 56.78
545.34 55.50
531.78 69.82
544.57 73.40
523.85 84.15
536.13 88.75
545.85 95.91
545.08 60.36
520.02 70.08
522.83 73.66
519.00 78.01
229.49 152.94
305.71 168.80
333.84 176.21
323.86 174.94
313.38 174.68
281.92 169.05
275.27 176.21
262.23 168.29
267.85 152.43
258.90 152.43
242.02 153.45
222.84 131.97
211.08 133.76
203.66 134.02
214.15 122.51
212.36 109.46
212.10 101.79
204.94 93.10
214.15 80.05
229.75 88.75
224.12 81.33
229.49 74.17
239.72 63.43
233.07 66.76
224.63 68.55
254.30 58.83
278.85 62.66
291.38 56.78
284.22 67.52
268.11 77.75
260.44 75.71
261.72 67.27
291.38 74.43
292.66 67.52
311.84 72.13
299.82 70.85
281.67 79.29
395.73 171.10
401.61 185.17
379.10 181.84
377.31 160.61
403.14 148.08
412.61 152.69
412.61 141.43
411.07 130.95
399.31 122.00
389.84 119.44
386.26 128.90
387.29 143.99
392.40 140.92
379.10 137.60
371.69 136.83
364.53 133.25
375.01 129.16
357.62 128.65
350.97 128.39
347.14 138.62
336.65 150.13
343.81 146.29
353.79 145.78
318.49 148.08
308.01 154.22
296.24 155.24
280.90 152.69
270.41 140.15
264.27 145.27
253.02 144.76
248.42 137.85
242.79 139.13
227.19 139.39
198.04 145.01
279.36 137.34
264.53 130.69
259.16 129.16
235.63 130.44
227.96 126.86
249.70 113.05
256.86 114.07
276.55 116.37
270.92 97.44
259.42 85.42
265.81 81.33
265.81 84.66
272.20 87.21
275.27 81.84
267.34 91.31
258.39 95.91
247.40 95.65
251.49 96.42
242.02 103.07
230.77 109.98
236.91 78.52
246.63 74.94
280.90 96.68
285.25 91.31
283.71 82.87
306.22 78.52
307.75 86.70
293.69 91.31
321.82 58.32
323.35 68.80
317.21 68.55
337.42 62.41
348.16 63.69
354.30 86.96
290.36 100.77
290.10 82.87
296.75 81.59
299.31 76.47
323.10 78.52
331.79 73.40
337.42 82.87
329.49 82.10
334.09 91.05
343.81 81.08
349.44 76.99
355.83 73.92
363.25 71.10
370.66 74.17
378.08 72.13
392.91 63.69
388.82 71.10
397.77 75.71
410.30 69.82
403.14 70.34
409.79 59.59
409.54 52.43
416.44 60.87
417.98 72.13
411.84 84.15
397.77 86.70
384.99 83.89
383.71 75.71
375.52 83.89
380.38 93.86
373.73 93.61
364.27 86.45
355.06 104.35
387.29 105.37
378.59 101.79
366.83 112.53
378.34 107.67
394.45 113.56
398.80 106.91
408.51 95.65
415.42 79.54
411.84 123.27
404.68 126.60
308.52 130.69
290.10 140.92
295.99 114.84
302.12 124.81
319.26 104.61
314.91 111.77
304.94 103.07
300.08 92.84
346.88 96.42
335.88 115.35
347.65 127.11
343.30 124.30
353.02 121.23
353.02 121.23
363.76 123.02
325.14 128.65
316.45 131.97
333.07 137.85
331.79 129.67
328.98 121.23
317.98 118.93
248.16 82.10
236.14 89.26
202.13 114.07
193.94 125.32
193.94 125.32
185.25 77.50
263.76 137.85
432.04 148.08
426.16 158.82
438.18 157.03
424.11 172.38
465.29 161.13
470.66 174.42
462.99 173.40
452.76 182.61
454.55 169.56
474.75 156.27
470.40 152.43
475.78 148.08
477.82 131.46
470.66 142.20
461.96 145.01
455.06 146.29
437.41 135.55
428.21 129.67
437.92 127.88
430.25 118.42
445.60 121.23
439.46 121.48
455.57 120.21
461.45 123.79
467.85 135.55
486.77 133.76
506.21 128.90
510.56 123.02
512.35 112.53
523.60 117.14
545.59 85.17
540.99 80.31
535.87 134.02
537.41 140.41
537.41 144.76
533.83 180.05
431.28 104.61
430.51 92.33
420.02 86.45
444.32 108.19
467.85 106.40
468.61 115.35
476.80 88.24
471.68 90.54
479.87 80.31
476.54 73.92
472.71 74.17
468.36 70.34
464.78 73.40
463.76 81.84
450.97 81.08
452.25 87.47
446.88 92.33
436.39 85.94
431.79 87.21
454.55 73.92
444.06 76.73
436.13 75.96
426.16 80.57
430.25 69.31
439.20 65.73
444.83 60.36
455.06 64.20
448.15 66.76
462.73 57.80
457.36 54.48
470.66 57.80
478.33 59.08
267.09 196.29
267.60 186.57
276.81 185.55
300.33 187.08
305.45 189.13
329.49 193.73
314.66 221.35
266.06 207.03
253.28 200.89
229.24 197.82
400.07 268.92
504.93 270.46
432.30 314.44
402.63 307.79
410.82 196.29
416.95 185.55
471.17 207.03
468.10 189.64
488.56 197.31
497.26 191.69
515.67 193.22
544.83 192.71
515.16 206.01
367.34 300.63
336.14 292.96
121.57 220.67
2.90 266.19
9.04 285.12
63.64 114.92
73.62 107.50
106.86 131.29
131.16 127.20
74.64 114.15
54.18 62.75
56.74 61.21
36.79 145.61
438.44 98.21
424.37 64.45
371.43 61.90
344.07 189.77
