59.56 516.54
459.63 532.05
480.69 499.92
362.11 496.59
277.88 488.83
541.64 481.08
16.34 298.22
5.26 259.43
47.37 266.08
41.83 209.56
0.82 186.29
46.26 364.71
246.85 344.76
132.70 376.90
222.47 223.97
132.70 263.86
154.87 266.08
162.63 258.32
160.41 243.92
47.37 189.61
68.43 248.35
77.29 166.34
70.64 151.93
61.78 144.18
36.29 149.72
49.59 139.74
29.64 119.79
1.93 99.85
281.21 243.92
264.58 218.43
5.26 79.90
16.34 73.25
15.23 85.44
27.42 78.79
20.77 45.54
29.64 57.73
538.31 329.25
540.53 240.59
517.26 268.30
455.20 284.92
345.48 250.56
435.25 245.02
392.03 366.93
97.24 161.91
160.41 225.08
192.55 245.02
244.63 221.75
277.88 220.64
314.45 213.99
285.64 208.45
113.86 156.37
96.13 138.63
61.78 116.47
331.08 141.96
276.77 151.93
209.17 174.10
159.30 167.45
183.68 163.02
157.08 149.72
147.11 143.07
131.60 143.07
536.10 164.12
455.20 223.97
420.84 216.21
379.84 216.21
365.43 149.72
395.35 151.93
387.60 144.18
413.08 138.63
404.22 133.09
456.31 143.07
435.25 146.39
452.98 113.15
223.58 146.39
243.53 154.15
235.77 126.44
256.82 128.66
269.02 109.82
4.83 56.13
24.26 66.88
0.32 87.71
35.02 70.01
63.82 96.73
79.09 102.98
79.09 84.58
88.12 85.28
94.71 93.26
90.20 102.98
78.05 130.74
67.64 129.70
125.94 125.53
140.52 117.55
153.36 109.57
158.91 95.34
168.63 111.31
154.75 128.31
162.73 130.39
169.67 135.95
180.08 134.90
188.76 128.31
197.09 121.72
208.54 123.45
215.83 133.17
205.42 135.60
181.82 146.01
60.01 107.84
45.78 79.72
52.37 66.19
48.55 56.13
16.63 31.49
35.02 44.67
29.12 42.24
10.38 40.16
11.77 63.76
55.49 46.76
67.64 62.72
69.38 52.31
79.09 63.76
74.24 74.87
65.91 83.89
50.98 97.42
75.97 92.57
79.79 46.41
66.25 43.29
78.05 34.26
87.42 28.36
83.26 16.91
72.85 15.52
64.52 12.75
56.88 33.57
95.75 16.22
94.02 37.73
106.51 98.47
96.45 125.88
171.06 41.55
156.14 39.12
161.00 76.25
170.37 76.25
167.94 86.32
191.19 83.20
193.96 93.95
205.42 86.67
218.60 80.42
211.32 88.05
196.74 66.19
193.62 59.25
182.51 57.17
178.00 64.11
180.78 71.74
171.41 60.29
161.69 53.70
154.05 27.32
131.84 37.39
113.80 49.19
107.20 39.47
122.82 29.06
162.04 3.03
157.18 5.80
155.10 16.22
128.37 16.56
168.28 29.75
190.49 29.75
182.51 28.36
213.40 23.50
214.44 34.96
191.54 39.81
183.90 39.81
206.81 51.96
213.40 44.33
193.96 9.62
185.98 2.68
181.47 16.91
226.59 8.93
213.75 11.36
228.32 88.40
0.84 119.20
526.72 100.36
511.38 98.82
539.76 101.38
504.73 4.97
511.38 7.01
509.59 11.61
502.94 13.40
504.98 29.52
517.77 66.34
505.75 62.00
511.63 56.63
507.28 52.02
508.31 45.88
504.47 46.65
503.70 35.91
513.93 33.35
515.98 23.63
524.42 30.03
536.69 42.30
528.77 35.14
531.83 21.59
522.63 21.59
544.37 2.15
537.46 0.87
543.85 24.15
540.02 10.08
542.83 13.66
539.00 18.01
249.49 92.94
325.71 108.80
353.84 116.21
343.86 114.94
333.38 114.68
301.92 109.05
295.27 116.21
282.23 108.29
287.85 92.43
278.90 92.43
262.02 93.45
242.84 71.97
231.08 73.76
223.66 74.02
234.15 62.51
232.36 49.46
232.10 41.79
224.94 33.10
234.15 20.05
249.75 28.75
244.12 21.33
249.49 14.17
259.72 3.43
253.07 6.76
244.63 8.55
298.85 2.66
304.22 7.52
288.11 17.75
280.44 15.71
281.72 7.27
311.38 14.43
312.66 7.52
331.84 12.13
319.82 10.85
301.67 19.29
415.73 111.10
421.61 125.17
399.10 121.84
397.31 100.61
423.14 88.08
432.61 92.69
432.61 81.43
431.07 70.95
419.31 62.00
409.84 59.44
406.26 68.90
407.29 83.99
412.40 80.92
399.10 77.60
391.69 76.83
384.53 73.25
395.01 69.16
377.62 68.65
370.97 68.39
367.14 78.62
356.65 90.13
363.81 86.29
373.79 85.78
338.49 88.08
328.01 94.22
316.24 95.24
300.90 92.69
290.41 80.15
284.27 85.27
273.02 84.76
268.42 77.85
262.79 79.13
247.19 79.39
218.04 85.01
299.36 77.34
284.53 70.69
279.16 69.16
255.63 70.44
247.96 66.86
269.70 53.05
276.86 54.07
296.55 56.37
290.92 37.44
279.42 25.42
285.81 21.33
285.81 24.66
292.20 27.21
295.27 21.84
287.34 31.31
278.39 35.91
267.40 35.65
271.49 36.42
262.02 43.07
250.77 49.98
256.91 18.52
266.63 14.94
300.90 36.68
305.25 31.31
303.71 22.87
326.22 18.52
327.75 26.70
313.69 31.31
343.35 8.80
337.21 8.55
357.42 2.41
368.16 3.69
374.30 26.96
310.36 40.77
310.10 22.87
316.75 21.59
319.31 16.47
343.10 18.52
351.79 13.40
357.42 22.87
349.49 22.10
354.09 31.05
363.81 21.08
369.44 16.99
375.83 13.92
383.25 11.10
390.66 14.17
398.08 12.13
412.91 3.69
408.82 11.10
417.77 15.71
430.30 9.82
423.14 10.34
436.44 0.87
437.98 12.13
431.84 24.15
417.77 26.70
404.99 23.89
403.71 15.71
395.52 23.89
400.38 33.86
393.73 33.61
384.27 26.45
375.06 44.35
407.29 45.37
398.59 41.79
386.83 52.53
398.34 47.67
414.45 53.56
418.80 46.91
428.51 35.65
435.42 19.54
431.84 63.27
424.68 66.60
328.52 70.69
310.10 80.92
315.99 54.84
322.12 64.81
339.26 44.61
334.91 51.77
324.94 43.07
320.08 32.84
366.88 36.42
355.88 55.35
367.65 67.11
363.30 64.30
373.02 61.23
373.02 61.23
383.76 63.02
345.14 68.65
336.45 71.97
353.07 77.85
351.79 69.67
348.98 61.23
337.98 58.93
268.16 22.10
256.14 29.26
222.13 54.07
213.94 65.32
213.94 65.32
205.25 17.50
283.76 77.85
452.04 88.08
446.16 98.82
458.18 97.03
444.11 112.38
485.29 101.13
490.66 114.42
482.99 113.40
472.76 122.61
474.55 109.56
494.75 96.27
490.40 92.43
495.78 88.08
497.82 71.46
490.66 82.20
481.96 85.01
475.06 86.29
457.41 75.55
448.21 69.67
457.92 67.88
450.25 58.42
465.60 61.23
459.46 61.48
475.57 60.21
481.45 63.79
487.85 75.55
506.77 73.76
526.21 68.90
530.56 63.02
532.35 52.53
543.60 57.14
451.28 44.61
450.51 32.33
440.02 26.45
464.32 48.19
487.85 46.40
488.61 55.35
496.80 28.24
491.68 30.54
499.87 20.31
496.54 13.92
492.71 14.17
488.36 10.34
484.78 13.40
483.76 21.84
470.97 21.08
472.25 27.47
466.88 32.33
456.39 25.94
451.79 27.21
474.55 13.92
464.06 16.73
456.13 15.96
446.16 20.57
450.25 9.31
459.20 5.73
464.83 0.36
475.06 4.20
468.15 6.76
287.09 136.29
287.60 126.57
296.81 125.55
320.33 127.08
325.45 129.13
349.49 133.73
334.66 161.35
286.06 147.03
273.28 140.89
249.24 137.82
420.07 208.92
524.93 210.46
452.30 254.44
422.63 247.79
430.82 136.29
436.95 125.55
491.17 147.03
488.10 129.64
508.56 137.31
517.26 131.69
535.67 133.22
535.16 146.01
387.34 240.63
356.14 232.96
141.57 160.67
22.90 206.19
29.04 225.12
83.64 54.92
93.62 47.50
126.86 71.29
151.16 67.20
94.64 54.15
8.71 17.84
74.18 2.75
76.74 1.21
56.79 85.61
458.44 38.21
444.37 4.45
391.43 1.90
364.07 129.77
