971.75 407.44
1002.78 601.38
997.24 661.22
876.44 582.54
752.32 647.92
640.39 642.38
556.16 634.63
445.34 655.68
476.37 598.05
455.31 565.92
573.89 562.59
658.12 554.83
263.59 627.98
368.87 584.76
394.36 547.08
353.36 520.48
409.88 634.63
77.41 636.84
1019.40 294.40
919.66 364.22
967.31 314.35
930.74 325.43
888.63 332.08
894.17 275.56
952.91 278.89
935.18 252.29
950.69 233.45
995.02 298.83
1011.64 294.40
988.37 380.84
889.74 430.71
689.15 410.76
803.30 442.90
713.53 289.97
803.30 329.86
781.13 332.08
773.37 324.32
775.59 309.92
888.63 255.61
867.57 314.35
858.71 232.34
865.36 217.93
874.22 210.18
899.71 215.72
886.41 205.74
906.36 185.79
961.77 215.72
987.26 240.10
1012.75 216.82
999.45 214.61
1018.29 279.99
977.29 189.12
952.91 196.88
950.69 186.90
942.93 181.36
948.47 168.06
934.07 165.85
654.79 309.92
671.42 284.43
981.72 138.14
930.74 145.90
919.66 139.25
920.77 151.44
908.58 144.79
915.23 111.54
936.28 108.22
942.93 115.98
947.37 124.84
973.96 127.06
965.10 130.38
967.31 112.65
958.45 103.79
998.34 158.09
990.59 80.51
976.18 89.38
976.18 100.46
978.40 108.22
990.59 128.17
1000.56 127.06
1006.10 111.54
996.13 111.54
991.69 96.03
998.34 88.27
1008.32 96.03
1007.21 73.86
1011.64 84.95
946.26 72.76
959.56 66.11
968.42 66.11
955.12 80.51
967.31 76.08
976.18 160.31
961.77 159.20
906.36 123.73
397.69 395.25
336.73 322.11
395.47 306.59
418.74 334.30
480.80 350.92
590.52 316.56
500.75 311.02
543.97 432.93
258.05 491.66
227.02 558.16
127.28 399.68
67.44 401.90
77.41 373.08
70.76 291.08
8.70 275.56
112.87 314.35
198.21 284.43
166.07 308.81
167.18 339.84
151.66 391.92
119.52 275.56
306.81 247.85
838.76 227.91
775.59 291.08
743.45 311.02
691.37 287.75
658.12 286.64
621.55 279.99
650.36 274.45
822.14 222.37
839.87 204.63
874.22 182.47
604.92 207.96
659.23 217.93
726.83 240.10
776.70 233.45
752.32 229.02
778.92 215.72
788.89 209.07
804.40 209.07
341.17 247.85
358.90 240.10
381.06 247.85
399.90 230.12
480.80 289.97
515.16 282.21
556.16 282.21
570.57 215.72
540.65 217.93
548.40 210.18
522.92 204.63
531.78 199.09
479.69 209.07
500.75 212.39
483.02 179.15
712.42 212.39
692.47 220.15
700.23 192.44
679.18 194.66
666.98 175.82
989.82 147.11
936.73 129.76
931.17 122.13
911.74 132.88
954.08 134.27
986.35 167.24
935.68 153.71
900.98 136.01
872.18 162.73
856.91 168.98
856.91 150.58
847.88 151.28
841.29 159.26
845.80 168.98
857.95 196.74
868.36 195.70
810.06 191.53
795.48 183.55
782.64 175.57
777.09 161.34
767.37 177.31
781.25 194.31
773.27 196.39
766.33 201.95
755.92 200.90
747.24 194.31
738.91 187.72
727.46 189.45
720.17 199.17
730.58 201.60
754.18 212.01
875.99 173.84
890.22 145.72
883.63 132.19
887.45 122.13
919.37 97.49
952.34 94.71
936.03 87.42
900.98 110.67
906.88 108.24
925.62 106.16
942.97 106.86
924.23 129.76
880.51 112.76
868.36 128.72
866.62 118.31
856.91 129.76
861.76 140.87
870.09 149.89
885.02 163.42
860.03 158.57
856.21 112.41
869.75 109.29
857.95 100.26
848.58 94.36
852.74 82.91
863.15 81.52
871.48 78.75
879.12 99.57
840.25 82.22
841.98 103.73
829.49 164.47
839.55 191.88
764.94 107.55
779.86 105.12
775.00 142.25
765.63 142.25
768.06 152.32
744.81 149.20
742.04 159.95
730.58 152.67
717.40 146.42
724.68 154.05
739.26 132.19
742.38 125.25
753.49 123.17
758.00 130.11
755.22 137.74
764.59 126.29
774.31 119.70
781.95 93.32
804.16 103.39
822.20 115.19
828.80 105.47
813.18 95.06
773.96 69.03
778.82 71.80
780.90 82.22
807.63 82.56
767.72 95.75
745.51 95.75
753.49 94.36
722.60 89.50
721.56 100.96
744.46 105.81
752.10 105.81
729.19 117.96
722.60 110.33
742.04 75.62
750.02 68.68
754.53 82.91
709.41 74.93
722.25 77.36
707.68 154.40
961.71 170.62
968.83 180.86
1014.98 167.85
1017.76 122.56
956.68 124.99
935.16 185.20
174.12 139.18
164.92 134.71
174.12 130.23
176.68 123.58
175.40 117.06
167.22 122.18
159.93 124.86
172.72 99.93
173.10 93.02
160.31 93.15
165.30 87.52
159.03 83.56
174.76 85.99
179.11 81.26
177.32 74.61
148.17 89.06
146.50 81.90
144.71 106.07
143.05 101.97
136.02 105.43
140.36 114.12
157.88 107.09
152.90 95.20
150.34 102.87
168.24 117.19
161.98 114.12
142.41 128.96
151.23 132.28
143.82 142.13
137.04 138.29
154.81 139.95
122.59 131.38
112.11 146.47
139.47 95.45
142.67 89.31
136.66 78.32
141.90 76.02
121.70 85.99
127.32 99.67
127.19 93.53
120.54 98.01
115.30 101.97
122.46 108.37
115.81 111.82
106.22 102.87
94.46 101.97
98.04 115.53
113.51 126.65
123.87 120.39
222.71 168.02
213.51 163.42
226.55 152.68
220.16 144.24
235.25 146.79
242.15 150.89
210.69 181.32
171.05 181.32
194.07 161.63
201.49 159.32
207.11 143.72
206.86 134.26
210.18 129.40
207.88 119.94
201.49 122.24
204.56 109.45
210.69 108.18
200.98 101.78
186.14 101.78
182.31 92.32
187.68 112.78
222.20 130.68
218.37 125.31
224.50 125.31
231.92 118.92
241.13 115.85
217.09 102.04
246.24 98.97
237.04 66.23
231.15 56.52
231.92 62.40
220.92 61.89
211.72 59.84
188.19 59.84
180.01 67.77
172.08 68.54
162.36 68.28
165.43 73.39
156.73 72.37
141.64 168.79
154.94 160.35
166.19 163.93
176.17 160.60
150.08 181.06
94.33 161.63
102.26 160.60
118.37 161.63
102.00 148.58
96.12 138.35
79.24 157.02
65.43 174.67
32.18 166.49
6.35 168.28
44.20 156.26
64.41 152.16
71.83 144.24
82.82 145.51
80.78 134.77
60.06 137.08
25.54 160.86
34.23 154.47
25.54 150.12
16.84 147.30
20.42 136.56
12.49 132.47
5.08 137.84
43.44 145.51
51.37 132.98
44.46 129.91
53.16 114.57
66.71 131.96
105.58 95.39
93.05 93.60
83.33 92.32
73.62 93.09
71.57 100.50
126.04 81.32
132.18 68.79
153.41 67.26
148.29 61.37
166.19 62.65
148.80 56.26
136.02 57.28
133.72 60.61
118.37 59.84
117.86 56.00
99.19 60.10
111.72 66.75
107.89 79.79
115.05 84.39
98.93 82.09
102.77 74.42
123.49 73.14
91.77 80.81
88.45 86.18
78.47 85.16
71.06 80.81
87.68 70.58
92.54 76.72
81.29 61.37
72.34 56.00
49.58 83.88
34.23 96.41
39.60 102.81
45.23 94.88
59.04 100.25
69.52 88.23
83.33 113.55
70.55 119.17
79.50 123.52
72.59 111.24
52.13 102.04
46.25 103.83
31.67 130.68
13.00 115.34
21.19 115.34
16.33 101.78
22.98 92.83
9.42 92.06
15.31 87.46
35.51 83.88
32.95 90.02
33.46 75.70
51.62 78.00
60.57 81.58
59.04 75.18
49.58 70.07
59.29 69.56
60.06 54.21
35.00 117.64
41.90 60.61
54.69 61.89
97.91 127.10
10.19 73.14
9.94 156.51
4.05 123.52
4.82 99.99
2.26 87.72
10.19 79.79
27.58 81.58
23.23 78.00
33.72 71.35
40.37 69.05
42.41 78.51
74.89 71.35
33.98 57.03
28.09 63.42
17.35 63.42
17.61 68.28
11.98 61.37
5.20 109.20
46.63 55.49
119.78 201.27
71.70 197.69
409.28 166.36
424.62 164.82
384.98 170.96
396.24 167.38
388.05 158.43
375.52 159.96
346.88 171.73
352.25 158.43
335.63 162.27
325.65 164.82
324.12 153.57
337.16 154.08
302.89 158.94
288.06 165.59
277.57 154.85
274.50 169.17
264.27 169.17
265.81 156.38
260.44 153.57
246.12 137.46
275.01 135.92
271.43 145.90
282.94 147.18
303.40 181.70
315.42 175.31
340.48 184.52
347.65 147.69
353.78 144.11
337.42 96.54
344.83 99.35
350.97 103.19
354.29 109.58
358.13 123.14
366.57 121.86
384.98 128.76
379.61 119.56
376.29 110.09
388.31 109.07
383.45 100.12
200.85 70.71
187.81 72.24
305.96 78.38
307.49 86.57
304.42 97.31
294.96 88.61
293.94 80.68
299.82 79.92
301.36 87.59
286.01 93.98
287.29 101.40
296.75 97.56
294.19 104.21
307.75 105.75
314.14 100.38
316.70 108.82
326.93 110.61
330.77 109.33
339.21 109.33
346.88 111.12
339.21 118.28
336.39 126.72
341.25 122.63
323.86 116.74
323.09 99.61
314.65 90.40
318.75 92.19
313.12 79.66
315.93 73.52
322.07 79.40
324.63 82.99
332.81 83.24
336.65 82.99
342.53 83.50
350.20 90.40
353.78 96.80
418.74 58.18
431.27 70.97
424.62 73.01
426.41 77.61
433.06 79.40
431.02 95.52
418.23 132.34
430.25 128.00
424.37 122.63
428.72 118.02
427.69 111.88
431.53 112.65
432.30 101.91
422.07 99.35
420.02 89.63
411.58 96.03
399.31 108.30
407.23 101.14
404.17 87.59
413.37 87.59
391.63 68.15
398.54 66.87
377.06 62.78
370.66 61.50
361.20 57.92
346.11 62.53
350.97 67.90
359.92 71.73
364.27 66.87
368.11 72.50
384.22 75.82
371.43 79.40
353.02 80.17
331.28 62.27
287.55 76.85
277.83 76.34
282.17 80.68
273.48 88.61
271.43 78.64
262.74 86.57
267.85 95.52
264.27 124.42
265.81 115.98
269.13 130.81
279.11 124.42
301.61 137.97
291.64 138.23
313.12 136.44
324.88 127.23
311.33 123.90
392.15 90.15
379.87 94.75
370.15 101.91
298.54 74.03
294.19 69.43
303.66 68.92
310.05 68.92
316.19 68.15
327.44 65.85
333.07 76.85
346.62 73.52
370.92 66.36
395.98 76.08
393.17 79.66
397.00 84.01
293.43 130.30
299.82 128.00
293.43 120.07
278.34 104.72
266.57 108.82
260.44 97.56
258.14 92.19
257.88 76.85
686.51 158.94
610.29 174.80
582.16 182.21
592.14 180.94
602.62 180.68
634.08 175.05
640.73 182.21
653.77 174.29
648.15 158.43
657.10 158.43
673.98 159.45
693.16 137.97
704.92 139.76
712.34 140.02
701.85 128.51
703.64 115.46
703.90 107.79
711.06 99.10
701.85 86.05
686.25 94.75
691.88 87.33
686.51 80.17
676.28 69.43
682.93 72.76
691.37 74.55
661.70 64.83
637.15 68.66
624.62 62.78
631.78 73.52
647.89 83.75
655.56 81.71
654.28 73.27
624.62 80.43
623.34 73.52
604.16 78.13
616.18 76.85
634.33 85.29
520.27 177.10
514.39 191.17
536.90 187.84
538.69 166.61
512.86 154.08
503.39 158.69
503.39 147.43
504.93 136.95
516.69 128.00
526.16 125.44
529.74 134.90
528.71 149.99
523.60 146.92
536.90 143.60
544.31 142.83
551.47 139.25
540.99 135.16
558.38 134.65
565.03 134.39
568.86 144.62
579.35 156.13
572.19 152.29
562.21 151.78
597.51 154.08
607.99 160.22
619.76 161.24
635.10 158.69
645.59 146.15
651.73 151.27
662.98 150.76
667.58 143.85
673.21 145.13
688.81 145.39
717.96 151.01
636.64 143.34
651.47 136.69
656.84 135.16
680.37 136.44
688.04 132.86
666.30 119.05
659.14 120.07
639.45 122.37
645.08 103.44
656.58 91.42
650.19 87.33
650.19 90.66
643.80 93.21
640.73 87.84
648.66 97.31
657.61 101.91
668.60 101.65
664.51 102.42
673.98 109.07
685.23 115.98
679.09 84.52
669.37 80.94
635.10 102.68
630.75 97.31
632.29 88.87
609.78 84.52
608.25 92.70
622.31 97.31
594.18 64.32
592.65 74.80
598.79 74.55
578.58 68.41
567.84 69.69
561.70 92.96
625.64 106.77
625.90 88.87
619.25 87.59
616.69 82.47
592.90 84.52
584.21 79.40
578.58 88.87
586.51 88.10
581.91 97.05
572.19 87.08
566.56 82.99
560.17 79.92
552.75 77.10
545.34 80.17
537.92 78.13
523.09 69.69
527.18 77.10
518.23 81.71
505.70 75.82
512.86 76.34
506.21 65.59
506.46 58.43
499.56 66.87
498.02 78.13
504.16 90.15
518.23 92.70
531.01 89.89
532.29 81.71
540.48 89.89
535.62 99.86
542.27 99.61
551.73 92.45
560.94 110.35
528.71 111.37
537.41 107.79
549.17 118.53
537.66 113.67
521.55 119.56
517.20 112.91
507.49 101.65
500.58 85.54
504.16 129.27
511.32 132.60
607.48 136.69
625.90 146.92
620.01 120.84
613.88 130.81
596.74 110.61
601.09 117.77
611.06 109.07
615.92 98.84
569.12 102.42
580.12 121.35
568.35 133.11
572.70 130.30
562.98 127.23
562.98 127.23
552.24 129.02
590.86 134.65
599.55 137.97
582.93 143.85
584.21 135.67
587.02 127.23
598.02 124.93
667.84 88.10
679.86 95.26
713.87 120.07
722.06 131.32
722.06 131.32
730.75 83.50
652.24 143.85
483.96 154.08
489.84 164.82
477.82 163.03
491.89 178.38
450.71 167.13
445.34 180.42
453.01 179.40
463.24 188.61
461.45 175.56
441.25 162.27
445.60 158.43
440.22 154.08
438.18 137.46
445.34 148.20
454.04 151.01
460.94 152.29
478.59 141.55
487.79 135.67
478.08 133.88
485.75 124.42
470.40 127.23
476.54 127.48
460.43 126.21
454.55 129.79
448.15 141.55
429.23 139.76
409.79 134.90
405.44 129.02
403.65 118.53
392.40 123.14
370.41 91.17
375.01 86.31
365.04 85.80
380.13 140.02
378.59 146.41
378.59 150.76
382.17 186.05
484.72 110.61
485.49 98.33
495.98 92.45
471.68 114.19
448.15 112.40
447.39 121.35
439.20 94.24
444.32 96.54
436.13 86.31
439.46 79.92
443.29 80.17
447.64 76.34
451.22 79.40
452.24 87.84
465.03 87.08
463.75 93.47
469.12 98.33
479.61 91.94
484.21 93.21
461.45 79.92
471.94 82.73
479.87 81.96
489.84 86.57
485.75 75.31
476.80 71.73
471.17 66.36
460.94 70.20
467.85 72.76
453.27 63.80
458.64 60.48
445.34 63.80
437.67 65.08
320.03 213.54
338.95 205.87
346.62 213.03
357.36 221.73
299.05 238.09
322.07 245.25
277.57 227.86
269.90 219.17
225.91 204.85
368.62 237.07
648.91 202.29
648.40 192.57
639.19 191.55
615.67 193.08
610.55 195.13
586.51 199.73
601.34 227.35
649.94 213.03
662.72 206.89
686.76 203.82
515.93 274.92
411.07 276.46
483.70 320.44
513.37 313.79
505.18 202.29
499.05 191.55
444.83 213.03
447.90 195.64
427.44 203.31
418.74 197.69
400.33 199.22
371.17 198.71
400.84 212.01
310.82 235.54
548.66 306.63
579.86 298.96
25.66 361.70
95.23 298.28
95.23 271.17
75.28 244.57
101.36 219.51
144.33 226.67
157.12 210.81
174.00 205.70
208.26 220.02
255.83 385.74
28.73 286.00
27.71 241.50
49.70 239.97
37.94 231.79
25.15 231.79
9.30 231.79
39.99 203.14
57.89 217.46
64.03 225.14
70.67 233.83
77.32 228.21
82.44 208.77
123.36 254.29
205.20 262.48
185.25 217.46
139.73 201.61
794.43 226.67
958.62 261.45
913.10 272.19
906.96 291.12
938.16 194.96
1002.10 139.72
990.84 139.21
1022.68 140.87
1006.57 120.41
972.05 137.54
987.39 132.94
1008.87 134.73
987.13 156.98
952.61 145.47
949.80 158.00
999.67 205.06
852.36 120.92
842.38 113.50
809.14 137.29
784.84 133.20
841.36 120.15
976.90 78.47
963.86 86.40
984.83 65.42
980.74 72.33
927.29 83.84
861.82 68.75
859.26 67.21
879.21 151.61
477.56 104.21
491.63 70.45
544.57 67.90
571.93 195.77
134.61 147.56
54.82 90.27
59.93 90.27
176.04 58.05
197.01 51.91
113.13 75.95
