69.61 522.38
153.84 514.63
264.66 535.68
233.63 478.05
254.69 445.92
136.11 442.59
51.88 434.83
446.41 507.98
341.13 464.76
315.64 427.08
356.64 400.48
300.12 514.63
20.85 290.76
55.21 189.92
38.58 164.43
312.31 275.25
373.27 202.11
314.53 186.59
291.26 214.30
229.20 230.92
119.48 196.56
209.25 191.02
166.03 312.93
451.95 371.66
482.98 438.16
511.79 164.43
543.93 188.81
542.82 219.84
403.19 127.85
18.63 167.75
51.88 166.64
88.45 159.99
59.64 154.45
105.08 87.96
50.77 97.93
368.83 127.85
351.10 120.10
328.94 127.85
310.10 110.12
229.20 169.97
194.84 162.21
153.84 162.21
139.43 95.72
169.35 97.93
161.60 90.18
187.08 84.63
178.22 79.09
230.31 89.07
209.25 92.39
226.98 59.15
17.53 100.15
9.77 72.44
30.82 74.66
43.02 55.82
2.32 34.40
535.88 19.18
545.08 14.71
535.88 10.23
533.32 3.58
542.78 2.18
487.29 48.02
496.49 43.42
483.45 32.68
489.84 24.24
474.75 26.79
467.85 30.89
499.31 61.32
538.95 61.32
515.93 41.63
508.51 39.32
502.89 23.72
503.14 14.26
499.82 9.40
508.51 2.24
487.80 10.68
491.63 5.31
485.50 5.31
543.81 43.93
533.83 40.60
300.72 46.36
285.38 44.82
325.02 50.96
313.76 47.38
321.95 38.43
334.48 39.96
363.12 51.73
357.75 38.43
374.37 42.27
384.35 44.82
385.88 33.57
372.84 34.08
407.11 38.94
421.94 45.59
432.43 34.85
435.50 49.17
445.73 49.17
444.19 36.38
449.56 33.57
463.88 17.46
434.99 15.92
438.57 25.90
427.06 27.18
406.60 61.70
394.58 55.31
369.52 64.52
362.35 27.69
356.22 24.11
351.87 3.14
343.43 1.86
325.02 8.76
373.61 6.72
368.75 2.63
291.77 12.34
279.75 8.00
285.63 2.63
445.73 4.42
440.87 10.81
430.89 4.42
408.39 17.97
418.36 18.23
396.88 16.44
385.12 7.23
398.67 3.90
416.57 10.30
410.18 8.00
416.57 0.07
23.49 38.94
99.71 54.80
127.84 62.21
117.86 60.94
107.38 60.68
75.92 55.05
69.27 62.21
56.23 54.29
61.85 38.43
52.90 38.43
36.02 39.45
16.84 17.97
5.08 19.76
8.15 8.51
189.73 57.10
195.61 71.17
173.10 67.84
171.31 46.61
197.14 34.08
206.61 38.69
206.61 27.43
205.07 16.95
193.31 8.00
183.84 5.44
180.26 14.90
181.29 29.99
186.40 26.92
173.10 23.60
165.69 22.83
158.53 19.25
169.01 15.16
151.62 14.65
144.97 14.39
141.14 24.62
130.65 36.13
137.81 32.29
147.79 31.78
112.49 34.08
102.01 40.22
90.24 41.24
74.90 38.69
64.41 26.15
58.27 31.27
47.02 30.76
42.42 23.85
36.79 25.13
21.19 25.39
73.36 23.34
58.53 16.69
53.16 15.16
29.63 16.44
21.96 12.86
50.86 0.07
70.55 2.37
205.84 9.27
198.68 12.60
102.52 16.69
84.10 26.92
89.99 0.84
96.12 10.81
129.88 1.35
141.65 13.11
137.30 10.30
147.02 7.23
147.02 7.23
157.76 9.02
119.14 14.65
110.45 17.97
127.07 23.85
125.79 15.67
122.98 7.23
111.98 4.93
57.76 23.85
226.04 34.08
220.16 44.82
232.18 43.03
218.11 58.38
259.29 47.13
264.66 60.42
256.99 59.40
246.76 68.61
248.55 55.56
268.75 42.27
264.40 38.43
269.78 34.08
271.82 17.46
264.66 28.20
255.96 31.01
249.06 32.29
231.41 21.55
222.21 15.67
231.92 13.88
224.25 4.42
239.60 7.23
233.46 7.48
249.57 6.21
255.45 9.79
261.85 21.55
280.77 19.76
300.21 14.90
304.56 9.02
317.60 3.14
329.87 20.02
331.41 26.41
331.41 30.76
327.83 66.05
262.61 1.35
389.97 93.54
371.05 85.87
363.38 93.03
352.64 101.73
410.95 118.09
387.93 125.25
432.43 107.86
440.10 99.17
484.09 84.85
341.38 117.07
61.09 82.29
61.60 72.57
70.81 71.55
94.33 73.08
99.45 75.13
123.49 79.73
108.66 107.35
60.06 93.03
47.28 86.89
23.24 83.82
194.07 154.92
298.93 156.46
226.30 200.44
196.63 193.79
204.82 82.29
210.95 71.55
265.17 93.03
262.10 75.64
282.56 83.31
291.26 77.69
309.67 79.22
338.83 78.71
309.16 92.01
399.18 115.54
161.34 186.63
130.14 178.96
536.00 85.70
501.74 100.02
454.17 265.74
504.80 142.48
524.75 97.46
138.07 75.77
