107.0 545.5
45.5 462.5
42.5 426.5
110.5 477.5
191.0 464.0
176.5 407.0
120.5 343.0
243.5 382.0
260.0 422.5
266.5 514.0
256.0 334.0
242.0 222.0
205.0 205.0
197.0 225.0
219.5 176.5
218.0 163.5
236.5 182.5
154.0 224.5
161.5 172.5
146.5 172.5
88.0 229.0
89.0 247.0
109.0 234.0
97.0 178.0
83.5 156.0
59.5 175.0
29.0 191.5
78.5 103.5
80.0 86.5
68.0 71.5
82.0 76.0
90.5 71.5
110.5 84.0
92.5 47.5
98.0 44.5
95.5 34.0
86.5 32.5
71.5 35.5
64.0 33.0
56.0 28.5
62.5 23.5
67.0 12.0
69.5 6.0
79.0 13.0
83.0 13.0
87.5 13.0
148.0 256.5
140.5 94.0
