52.32 458.50
133.29 467.28
349.88 444.84
435.73 427.28
442.56 393.13
448.41 324.84
420.12 340.45
371.34 396.06
358.66 347.28
316.71 364.84
325.49 307.28
351.83 296.55
288.41 354.11
264.02 436.06
176.22 416.55
137.20 387.28
205.49 328.74
76.71 419.48
0.61 356.06
26.95 331.67
78.66 335.57
145.00 324.84
235.73 319.96
48.41 296.55
7.44 298.50
72.80 268.26
10.47 257.04
50.96 245.82
114.37 272.16
140.71 272.16
113.40 324.35
202.66 291.67
213.88 277.52
270.47 275.57
219.74 186.79
217.79 247.28
169.98 266.79
173.40 227.28
184.62 224.84
196.81 204.35
201.69 194.60
235.35 190.21
112.91 252.16
125.10 216.06
111.45 202.89
79.25 221.91
40.71 216.06
49.01 198.50
56.32 197.52
64.13 206.30
72.91 198.50
14.86 159.96
10.96 183.87
37.30 181.43
17.79 145.33
9.49 133.62
30.47 132.16
46.08 143.87
38.76 162.89
62.66 154.11
76.32 136.55
58.76 132.65
72.42 155.09
90.47 148.26
98.27 158.50
91.45 174.60
111.45 156.55
124.13 162.40
130.47 150.21
154.37 164.84
150.47 185.33
131.45 185.33
112.91 188.26
173.88 184.35
187.05 177.04
201.20 168.26
204.62 148.26
174.37 146.79
179.74 134.60
143.64 141.43
151.45 143.87
155.35 126.30
116.32 134.60
225.10 156.55
217.30 143.38
249.98 154.11
241.20 132.16
250.47 137.04
260.71 152.65
271.45 136.55
253.88 127.77
273.88 165.33
283.64 179.96
259.25 188.74
297.79 163.87
378.55 265.33
330.26 274.11
336.12 259.96
412.21 242.40
429.77 233.62
477.09 245.33
436.60 213.62
444.90 191.67
472.21 198.50
469.77 133.13
478.55 121.91
459.53 133.13
450.26 141.91
447.34 151.67
462.95 158.50
459.04 118.50
474.16 112.16
442.46 126.30
434.16 115.57
448.80 113.62
417.09 114.11
410.26 120.94
417.58 142.40
430.75 130.70
403.92 167.28
407.34 148.26
410.26 137.52
398.07 134.11
391.73 129.23
384.90 110.21
363.43 115.57
343.92 115.57
368.31 125.33
362.46 134.11
363.43 152.16
366.36 182.89
381.97 173.13
390.26 180.94
345.38 194.11
347.34 172.65
328.80 186.30
337.58 161.91
348.80 142.40
348.31 128.74
330.75 136.55
309.77 192.65
385.98 146.30
401.59 102.89
313.29 140.94
311.83 167.28
287.44 134.11
285.49 147.28
270.37 121.43
254.27 116.55
261.10 109.23
305.49 118.01
298.17 122.40
311.34 99.48
315.24 111.67
321.10 113.62
330.37 112.16
3.64 111.43
19.74 110.94
19.74 120.21
8.03 95.82
24.13 97.28
31.45 91.43
39.25 106.55
56.32 108.01
59.25 120.21
67.54 123.62
72.42 117.77
44.13 92.40
58.27 99.23
81.69 123.13
7.54 67.52
20.23 66.06
28.03 71.91
39.25 79.72
56.81 80.70
68.52 81.67
81.69 100.21
92.91 97.28
97.79 112.40
109.01 116.79
103.15 102.16
122.18 109.96
133.88 121.18
127.54 127.52
153.40 114.35
164.62 106.06
174.86 102.16
184.13 104.60
185.59 118.74
0.23 38.26
16.32 33.87
6.08 30.45
2.66 27.04
73.88 1.18
67.05 6.55
60.71 7.04
54.86 11.43
50.47 7.04
42.66 11.43
25.59 15.33
12.42 15.33
4.62 2.16
21.69 26.55
9.49 21.67
26.57 24.11
37.79 27.04
37.79 18.74
50.47 21.67
38.76 32.89
32.91 37.77
24.62 49.48
42.66 60.21
34.37 53.87
39.25 42.65
46.08 69.48
52.42 67.52
50.47 43.62
66.08 69.48
69.49 58.74
78.27 66.06
60.71 57.77
71.45 52.40
60.23 42.65
88.03 79.23
287.54 102.16
276.81 100.21
275.84 88.01
294.86 80.70
301.69 74.84
295.35 59.72
299.25 51.91
295.84 40.70
288.52 44.60
273.88 52.89
269.01 69.48
276.81 62.65
288.03 33.38
268.52 89.48
263.64 88.01
253.40 91.43
259.74 96.79
251.45 102.65
227.05 98.26
232.91 102.65
215.84 103.62
219.25 116.79
213.40 111.43
204.62 124.11
198.76 103.62
193.40 95.82
200.71 91.43
215.35 91.43
231.45 87.04
244.13 88.50
252.91 79.23
250.47 68.50
241.20 54.35
229.98 69.48
230.47 56.79
152.42 95.82
129.49 95.82
137.79 96.79
119.25 95.82
120.71 82.65
112.42 76.30
120.23 72.89
138.27 85.09
140.71 70.45
133.40 66.06
129.01 60.21
154.86 78.26
164.62 75.33
159.74 66.06
168.03 69.48
153.88 62.65
154.86 50.94
142.18 59.72
141.69 50.94
165.10 49.48
170.47 55.33
179.74 88.01
173.40 92.89
177.30 80.70
190.96 81.67
199.25 84.11
209.01 82.65
208.52 74.84
214.86 63.62
202.66 54.35
207.54 52.89
207.54 42.16
220.71 40.70
222.18 14.35
229.01 26.06
236.32 28.50
232.91 8.50
205.10 4.11
197.79 10.94
195.84 42.65
182.18 48.50
196.32 60.70
192.42 52.89
96.32 61.67
85.10 61.67
97.79 52.89
91.93 47.04
83.15 42.16
77.79 30.94
86.08 11.43
103.64 48.50
112.42 46.06
96.81 37.28
90.96 38.74
99.74 30.45
102.66 20.21
101.69 10.94
107.05 11.91
116.32 11.43
121.20 9.48
133.88 9.96
123.15 24.11
129.01 20.21
132.91 17.28
116.32 38.26
114.37 28.50
128.03 39.23
132.91 47.52
137.30 42.16
136.81 28.50
149.98 35.33
148.03 30.45
147.05 18.26
167.05 20.21
161.20 30.45
173.88 27.04
160.23 42.65
171.93 39.23
203.15 65.57
188.03 68.50
198.76 72.89
309.58 30.45
316.90 28.50
338.85 17.28
330.56 26.06
326.17 35.82
334.95 36.30
352.51 37.77
367.63 17.77
366.66 26.06
383.24 32.89
389.09 26.06
394.95 35.33
420.31 30.45
419.34 43.62
410.07 47.04
397.39 49.48
377.39 47.04
356.90 49.48
351.05 47.04
340.31 45.09
326.66 47.04
318.85 50.45
312.02 46.55
308.61 58.26
311.53 56.30
320.31 65.09
311.05 78.26
311.05 68.50
293.00 68.50
302.27 93.87
317.39 85.09
333.97 83.62
327.63 77.28
332.02 67.52
333.97 62.65
341.29 60.21
357.87 63.62
343.24 78.26
334.46 72.89
341.78 100.21
323.24 103.62
355.44 110.94
351.53 101.18
355.44 93.87
368.12 82.65
362.27 88.01
364.70 77.28
367.63 98.26
383.24 93.87
376.90 105.57
371.05 108.99
394.95 86.06
391.53 97.28
407.63 81.67
377.39 79.72
376.90 66.55
370.07 70.45
367.63 62.16
372.51 53.38
381.29 52.89
386.17 57.77
396.41 66.06
388.61 69.48
410.07 63.62
427.14 59.23
430.56 75.33
441.78 54.84
437.87 64.60
440.80 35.33
446.17 30.45
451.05 24.11
450.56 41.18
451.05 71.91
453.00 58.26
465.19 57.77
468.12 49.48
438.85 81.67
442.27 96.79
431.05 101.18
421.78 88.01
437.87 105.57
476.41 91.43
461.29 88.01
457.87 96.79
473.00 102.16
457.87 78.26
473.97 39.72
