794.41 476.11
703.68 460.50
622.71 469.28
547.59 491.72
440.27 497.57
406.12 446.84
300.76 502.45
270.51 429.28
320.27 429.28
313.44 395.13
206.12 395.13
175.88 482.94
121.24 469.28
62.71 460.50
22.71 393.18
82.22 367.82
134.90 412.70
131.00 364.89
110.51 337.57
25.63 328.79
72.46 300.50
30.51 295.62
13.93 269.28
95.88 302.45
86.12 254.65
119.29 277.09
147.59 289.77
124.17 300.50
191.49 287.82
239.29 274.16
257.83 284.89
307.59 326.84
335.88 342.45
384.66 398.06
397.34 349.28
439.29 366.84
430.51 309.28
404.17 298.55
467.59 356.11
491.98 438.06
579.78 418.55
618.80 389.28
550.51 330.74
679.29 421.48
797.34 410.74
866.61 414.65
885.15 365.87
797.34 355.13
755.39 358.06
799.29 311.23
729.05 333.67
677.34 337.57
611.00 326.84
520.27 321.96
707.59 298.55
748.56 300.50
683.20 270.26
885.04 330.26
899.19 342.45
884.55 297.57
859.68 271.23
808.46 273.18
853.82 251.23
791.38 242.45
890.41 218.06
826.02 228.30
778.21 236.11
758.21 232.70
745.53 259.04
705.04 247.82
641.63 274.16
615.29 274.16
642.60 326.35
553.34 293.67
542.12 279.52
485.53 277.57
536.26 188.79
538.21 249.28
586.02 268.79
582.60 229.28
571.38 226.84
559.19 206.35
554.31 196.60
520.65 192.21
643.09 254.16
630.90 218.06
644.55 204.89
676.75 223.91
715.29 218.06
706.99 200.50
699.68 199.52
691.87 208.30
683.09 200.50
765.04 197.57
773.82 200.99
790.90 212.70
822.60 204.89
835.29 215.13
846.99 200.99
847.48 185.38
821.14 184.40
865.04 169.28
835.77 162.45
802.60 178.06
869.92 149.77
885.04 161.96
900.65 162.94
851.38 134.16
829.43 140.01
810.90 154.65
794.80 166.35
780.16 151.72
764.07 144.40
741.14 161.96
745.04 185.87
718.70 183.43
757.73 167.33
738.21 147.33
746.51 135.62
765.53 129.77
725.53 134.16
709.92 145.87
717.24 164.89
808.95 131.23
820.65 130.74
693.34 156.11
679.68 138.55
697.24 134.65
683.58 157.09
665.53 150.26
657.73 160.50
664.55 176.60
644.55 158.55
631.87 164.40
625.53 152.21
601.63 166.84
605.53 187.33
624.55 187.33
643.09 190.26
582.12 186.35
568.95 179.04
554.80 170.26
551.38 150.26
581.63 148.79
576.26 136.60
612.36 143.43
604.55 145.87
600.65 128.30
639.68 136.60
530.90 158.55
538.70 145.38
506.02 156.11
514.80 134.16
505.53 139.04
495.29 154.65
484.55 138.55
502.12 129.77
482.12 167.33
472.36 181.96
496.75 190.74
458.21 165.87
377.45 267.33
425.74 276.11
419.88 261.96
343.79 244.40
326.23 235.62
278.91 247.33
319.40 215.62
311.10 193.67
283.79 200.50
259.40 212.70
257.93 245.38
203.79 245.38
188.66 238.55
171.59 230.74
215.98 223.43
208.66 204.89
200.86 203.43
241.35 198.06
266.71 192.70
247.69 184.89
208.66 181.48
221.35 177.57
196.47 179.52
222.32 165.87
219.40 156.60
183.30 150.26
185.25 177.57
158.91 179.52
157.45 197.09
147.20 221.96
171.59 193.67
141.35 174.16
138.42 190.26
111.10 199.52
119.40 228.79
96.47 202.45
69.15 236.60
38.42 239.52
28.18 256.11
3.30 228.79
15.01 201.48
28.18 202.45
11.59 173.18
58.91 198.06
44.27 189.28
53.54 174.65
94.52 175.13
110.62 170.74
70.13 206.84
55.49 161.48
43.30 162.45
36.96 150.74
46.71 137.09
31.59 129.28
24.27 135.13
16.96 135.13
3.79 147.82
19.40 153.18
3.79 133.18
15.98 124.89
25.25 122.45
7.69 113.67
23.30 113.18
42.32 119.52
72.57 136.11
67.69 126.35
65.74 118.55
75.98 117.57
58.91 115.62
82.81 123.91
92.57 141.48
80.86 155.13
111.10 139.52
113.05 125.38
102.32 117.57
132.08 145.87
155.49 156.60
153.54 140.01
145.25 135.13
139.88 122.94
259.88 167.33
274.52 172.21
253.05 144.40
157.45 120.50
169.15 126.35
189.64 132.70
206.23 142.45
198.91 126.84
190.62 119.52
178.42 114.16
203.79 115.13
222.81 128.79
217.93 119.52
220.37 138.06
234.03 136.11
244.76 132.70
241.84 118.55
231.10 114.16
268.66 139.52
286.23 135.13
277.45 123.91
262.32 115.13
296.47 135.13
305.74 143.91
308.66 153.67
293.05 160.50
296.96 120.50
281.84 114.16
313.54 128.30
321.84 117.57
307.20 115.62
338.91 116.11
345.74 122.94
338.42 144.40
325.25 132.70
352.08 169.28
348.66 150.26
345.74 139.52
357.93 136.11
364.27 131.23
371.10 112.21
392.57 117.57
412.08 117.57
387.69 127.33
393.54 136.11
392.57 154.16
389.64 184.89
374.03 175.13
365.74 182.94
410.62 196.11
408.66 174.65
427.20 188.30
418.42 163.91
407.20 144.40
407.69 130.74
425.25 138.55
446.23 194.65
370.02 148.30
354.41 104.89
442.71 142.94
444.17 169.28
468.56 136.11
470.51 149.28
485.63 123.43
501.73 118.55
494.90 111.23
450.51 120.01
457.83 124.40
444.66 101.48
440.76 113.67
434.90 115.62
425.63 114.16
870.41 112.94
882.12 134.40
871.87 130.50
890.41 126.11
900.16 126.11
870.90 97.82
854.80 115.38
854.31 103.67
837.24 115.38
894.80 73.91
899.19 90.01
894.31 60.26
890.41 52.94
899.68 50.99
891.38 38.30
883.09 33.43
890.41 32.45
880.16 23.67
884.07 29.52
871.38 27.09
876.26 19.28
875.29 12.94
872.36 8.55
883.09 4.16
891.38 15.38
899.68 13.91
875.29 37.33
872.85 50.01
865.53 43.18
855.29 45.62
859.68 56.84
858.21 63.67
861.63 80.26
883.58 67.09
846.51 85.62
836.26 89.04
835.29 99.28
826.02 90.01
814.31 104.16
800.65 119.77
799.68 102.21
792.36 126.60
788.95 97.82
781.14 93.43
766.02 104.16
766.51 118.79
752.36 113.43
736.26 112.94
736.26 122.21
747.97 97.82
731.87 99.28
724.55 93.43
716.75 108.55
699.68 110.01
696.75 122.21
688.46 125.62
683.58 119.77
711.87 94.40
697.73 101.23
674.31 125.13
782.60 82.70
771.87 81.23
785.53 66.11
759.68 73.91
766.51 72.45
769.92 63.18
758.21 62.21
748.46 69.52
735.77 68.06
727.97 73.91
716.75 81.72
699.19 82.70
687.48 83.67
674.31 102.21
663.09 99.28
658.21 114.40
646.99 118.79
652.85 104.16
633.82 111.96
622.12 123.18
628.46 129.52
602.60 116.35
591.38 108.06
581.14 104.16
571.87 106.60
570.41 120.74
814.80 82.70
831.38 69.52
799.68 72.45
797.24 62.70
812.85 65.62
810.41 56.35
821.14 58.79
843.58 60.74
840.65 49.52
847.48 38.79
838.21 38.79
840.16 28.06
831.87 28.06
830.41 16.35
840.65 13.91
846.99 17.33
855.29 12.94
848.95 25.13
824.07 49.52
795.29 50.50
786.02 54.40
775.77 47.09
803.58 42.21
799.19 36.84
795.77 27.09
787.97 33.43
778.70 27.09
789.43 23.67
815.29 23.67
766.02 45.62
755.77 40.26
739.68 35.87
749.92 32.45
753.34 29.04
757.73 23.67
765.04 30.50
772.36 36.84
682.12 3.18
688.95 8.55
695.29 9.04
701.14 13.43
705.53 9.04
713.34 13.43
730.41 17.33
743.58 17.33
751.38 4.16
734.31 28.55
746.51 23.67
729.43 26.11
718.21 29.04
718.21 20.74
705.53 23.67
717.24 34.89
723.09 39.77
731.38 51.48
713.34 62.21
721.63 55.87
716.75 44.65
709.92 71.48
703.58 69.52
705.53 45.62
689.92 71.48
686.51 60.74
677.73 68.06
695.29 59.77
684.55 54.40
695.77 44.65
667.97 81.23
468.46 104.16
479.19 102.21
480.16 90.01
461.14 82.70
454.31 76.84
460.65 61.72
456.75 53.91
460.16 42.70
467.48 46.60
482.12 54.89
486.99 71.48
479.19 64.65
467.97 35.38
487.48 91.48
492.36 90.01
502.60 93.43
496.26 98.79
504.55 104.65
528.95 100.26
523.09 104.65
540.16 105.62
536.75 118.79
542.60 113.43
551.38 126.11
1017.24 219.77
557.24 105.62
562.60 97.82
555.29 93.43
540.65 93.43
524.55 89.04
511.87 90.50
503.09 81.23
505.53 70.50
514.80 56.35
526.02 71.48
525.53 58.79
603.58 97.82
626.51 97.82
618.21 98.79
636.75 97.82
635.29 84.65
643.58 78.30
635.77 74.89
617.73 87.09
615.29 72.45
622.60 68.06
626.99 62.21
601.14 80.26
591.38 77.33
596.26 68.06
587.97 71.48
602.12 64.65
601.14 52.94
613.82 61.72
614.31 52.94
590.90 51.48
585.53 57.33
576.26 90.01
582.60 94.89
578.70 82.70
565.04 83.67
556.75 86.11
546.99 84.65
547.48 76.84
541.14 65.62
553.34 56.35
548.46 54.89
548.46 44.16
535.29 42.70
533.82 16.35
526.99 28.06
519.68 30.50
523.09 10.50
550.90 6.11
558.21 12.94
560.16 44.65
573.82 50.50
559.68 62.70
563.58 54.89
659.68 63.67
670.90 63.67
658.21 54.89
664.07 49.04
672.85 44.16
678.21 32.94
669.92 13.43
652.36 50.50
643.58 48.06
659.19 39.28
665.04 40.74
656.26 32.45
653.34 22.21
654.31 12.94
648.95 13.91
639.68 13.43
634.80 11.48
622.12 11.96
632.85 26.11
626.99 22.21
623.09 19.28
639.68 40.26
641.63 30.50
627.97 41.23
623.09 49.52
618.70 44.16
619.19 30.50
606.02 37.33
607.97 32.45
608.95 20.26
588.95 22.21
594.80 32.45
582.12 29.04
595.77 44.65
584.07 41.23
552.85 67.57
567.97 70.50
557.24 74.89
446.42 32.45
439.10 30.50
417.15 19.28
425.44 28.06
429.83 37.82
421.05 38.30
403.49 39.77
388.37 19.77
389.34 28.06
372.76 34.89
366.91 28.06
361.05 37.33
335.69 32.45
336.66 45.62
345.93 49.04
358.61 51.48
378.61 49.04
399.10 51.48
404.95 49.04
415.69 47.09
429.34 49.04
437.15 52.45
443.98 48.55
447.39 60.26
444.47 58.30
435.69 67.09
444.95 80.26
444.95 70.50
463.00 70.50
453.73 95.87
438.61 87.09
422.03 85.62
428.37 79.28
423.98 69.52
422.03 64.65
414.71 62.21
398.13 65.62
412.76 80.26
421.54 74.89
414.22 102.21
432.76 105.62
400.56 112.94
404.47 103.18
400.56 95.87
387.88 84.65
393.73 90.01
391.30 79.28
388.37 100.26
372.76 95.87
379.10 107.57
384.95 110.99
361.05 88.06
364.47 99.28
348.37 83.67
378.61 81.72
379.10 68.55
385.93 72.45
388.37 64.16
383.49 55.38
374.71 54.89
369.83 59.77
359.59 68.06
367.39 71.48
345.93 65.62
328.86 61.23
325.44 77.33
314.22 56.84
318.13 66.60
315.20 37.33
309.83 32.45
304.95 26.11
305.44 43.18
304.95 73.91
303.00 60.26
290.81 59.77
287.88 51.48
317.15 83.67
313.73 98.79
324.95 103.18
334.22 90.01
318.13 107.57
274.71 81.23
279.59 93.43
294.71 90.01
298.13 98.79
283.00 104.16
298.13 80.26
264.95 102.21
270.32 108.55
235.69 104.16
211.78 105.62
203.00 103.18
191.30 110.01
219.59 85.62
233.25 90.50
247.39 76.84
251.30 69.52
250.32 91.48
255.20 80.26
260.08 89.04
262.03 80.26
269.83 72.94
272.27 60.26
282.03 41.72
275.69 28.06
258.61 34.89
244.47 40.26
258.61 45.13
265.93 41.72
252.76 44.65
214.71 34.89
230.81 49.52
219.59 50.50
213.25 59.28
246.91 58.79
237.64 66.11
216.66 68.55
225.93 76.84
202.52 87.09
196.66 76.84
205.44 75.87
183.49 87.09
194.22 84.65
179.10 79.28
174.71 87.09
175.20 98.79
183.00 96.84
163.00 112.45
153.73 106.60
159.10 95.87
158.61 88.06
151.78 81.72
141.05 84.65
131.30 77.33
136.17 100.26
125.44 104.16
124.95 94.40
117.64 85.62
109.83 73.91
91.78 81.23
93.73 88.06
93.73 95.87
104.95 103.18
116.17 105.62
114.71 116.35
68.86 103.18
78.61 96.84
64.95 79.28
73.73 80.26
60.08 92.45
70.81 90.01
36.17 105.62
60.08 103.18
43.49 90.01
29.34 86.11
23.00 92.45
38.61 60.74
33.25 79.28
48.37 54.40
55.20 55.87
69.83 49.04
97.15 47.09
118.61 51.96
124.47 50.50
111.30 47.57
144.47 39.77
135.20 56.35
159.59 47.57
163.98 43.67
170.81 44.16
178.13 42.21
189.83 50.99
9.20 56.68
2.43 57.13
2.88 72.47
36.71 72.02
6.94 97.28
