979.54 340.40
1008.41 342.10
1019.16 342.67
974.45 348.33
981.24 350.03
991.43 350.59
995.39 342.67
1001.62 355.12
1010.67 357.38
1020.86 357.38
969.35 356.25
956.34 357.38
949.54 348.33
944.45 348.33
932.57 348.33
947.85 356.25
977.84 358.52
1006.14 367.01
1019.16 369.27
982.94 364.18
985.20 354.55
995.39 368.14
1004.45 373.80
1013.50 381.72
964.83 372.10
933.13 357.95
943.32 361.35
918.42 357.38
928.04 366.44
933.13 377.19
934.83 369.27
951.81 372.10
1001.62 381.16
975.58 368.14
978.41 386.25
989.73 385.12
1004.45 389.65
986.33 397.00
1005.58 408.89
1011.24 419.64
850.21 364.03
847.38 357.53
839.74 360.07
826.16 366.02
806.07 362.90
784.56 357.24
778.33 369.98
840.31 371.11
862.67 386.39
874.84 367.71
863.80 368.00
899.17 391.48
875.40 399.41
900.02 361.20
874.55 382.15
893.51 379.60
883.32 413.28
892.95 421.76
827.58 419.78
840.59 411.86
808.90 406.48
828.42 384.98
717.49 353.99
741.83 361.35
752.02 364.18
745.22 377.19
741.83 370.40
760.51 382.85
770.13 389.65
780.32 395.87
821.07 403.79
832.39 405.49
870.87 409.45
903.13 404.93
892.38 403.79
909.36 385.12
909.36 377.19
909.93 397.00
932.00 411.72
920.11 377.19
917.85 367.01
1016.90 399.83
975.01 417.38
969.92 403.79
954.64 406.06
969.35 394.74
960.30 393.61
957.47 428.70
957.47 417.38
969.92 434.92
971.05 424.74
967.09 414.55
981.24 423.60
990.30 426.43
1017.46 439.45
1006.14 436.62
1018.03 430.40
981.81 440.58
995.96 434.92
1016.33 455.30
1010.67 446.81
964.26 448.51
952.37 449.64
949.54 425.87
945.02 414.55
909.93 426.43
934.83 400.96
920.11 389.08
942.75 395.87
948.41 386.25
944.45 376.06
975.01 377.19
929.17 427.57
985.20 453.60
1001.05 456.43
986.90 470.58
972.75 462.09
936.53 449.64
944.45 451.34
937.09 462.09
948.41 469.45
955.20 470.58
989.16 481.33
995.39 474.54
1005.01 483.60
1017.46 471.15
979.54 494.35
996.52 502.84
1015.20 518.12
1006.71 521.52
981.81 512.46
954.07 501.14
956.34 482.47
934.83 497.18
933.70 486.99
921.81 470.58
920.68 454.73
906.53 442.85
909.36 459.26
910.49 476.24
896.34 465.49
879.93 462.66
884.46 449.64
904.27 500.01
912.19 506.24
892.95 483.03
881.63 492.09
874.27 480.20
902.57 518.12
919.55 528.88
934.26 523.22
630.90 308.71
871.44 431.53
862.38 407.76
941.62 439.45
827.29 433.79
799.56 426.43
799.56 419.64
814.27 417.94
805.79 433.23
811.44 429.83
839.74 437.75
851.63 434.92
861.25 440.58
873.14 445.68
892.38 438.32
856.16 454.73
844.27 455.30
834.08 445.11
823.90 454.73
809.18 453.04
838.05 465.49
848.80 472.28
868.04 474.54
865.78 461.53
857.29 483.03
861.82 495.48
866.35 515.29
886.72 537.37
900.87 530.58
878.23 508.50
815.97 381.72
813.71 369.27
753.15 422.47
727.68 385.12
702.21 378.33
707.87 386.82
666.55 378.33
745.22 417.94
761.64 417.38
752.58 411.72
778.05 413.42
745.79 432.66
736.17 430.40
732.77 421.34
731.08 404.93
722.02 376.06
690.89 372.10
634.29 364.18
609.95 369.84
576.00 369.27
648.44 377.19
646.18 370.97
632.03 380.02
942.19 405.49
918.42 417.94
842.57 394.74
853.89 413.42
855.03 393.04
750.32 405.49
705.04 403.79
710.13 410.02
720.89 417.38
724.85 431.53
744.66 448.51
758.81 450.77
769.00 455.30
788.81 449.07
804.09 460.39
827.86 480.20
826.73 494.92
849.93 535.67
841.44 524.92
826.73 509.07
838.61 491.52
802.96 483.03
788.81 487.56
822.76 522.65
804.65 514.16
794.47 537.37
778.62 518.12
780.32 532.27
746.36 535.10
755.98 516.99
740.13 522.65
701.08 523.22
742.40 502.84
761.07 496.05
775.79 492.65
778.62 471.15
752.58 474.54
744.09 468.32
741.83 458.70
720.32 467.18
726.55 459.26
737.30 486.99
750.32 487.56
665.42 537.37
649.01 538.50
680.14 533.40
680.14 519.82
672.21 507.37
684.66 502.84
706.74 494.92
698.25 486.43
627.50 523.78
639.39 512.46
607.69 515.29
620.14 511.33
620.71 499.45
584.49 503.97
600.90 489.26
590.71 494.35
612.78 488.13
620.71 481.33
638.25 482.47
649.57 478.50
656.93 498.88
673.35 490.96
676.17 480.20
689.19 480.20
702.78 450.21
717.49 445.11
708.44 436.62
697.68 424.74
684.66 431.53
689.76 412.85
636.56 389.08
645.61 390.78
667.12 402.66
658.06 409.45
651.84 398.70
673.35 386.25
689.76 382.85
695.42 391.91
644.48 410.02
678.44 457.56
686.93 446.81
663.16 441.15
659.20 462.09
655.80 451.34
643.91 461.53
639.95 502.28
592.41 466.62
606.56 460.39
573.17 459.26
562.98 436.62
564.11 424.74
569.77 421.34
591.28 422.47
626.93 460.39
621.84 448.51
612.22 452.47
633.16 436.62
616.18 437.75
665.99 429.26
655.80 432.66
637.69 415.68
624.10 400.96
599.20 409.45
613.35 402.66
605.43 404.93
570.90 390.21
575.43 382.85
602.60 381.72
758.81 373.09
760.79 400.82
777.20 392.33
802.67 396.01
789.65 381.58
780.88 434.50
763.62 435.07
558.88 387.93
536.44 386.68
523.97 387.93
545.16 389.80
552.02 366.73
518.36 310.63
315.76 291.31
447.92 283.20
345.68 290.06
412.38 339.31
272.75 323.72
614.36 295.05
584.44 391.05
605.01 392.92
552.02 440.92
540.18 421.59
548.90 414.73
549.53 401.64
542.05 407.25
523.34 402.89
460.38 375.46
461.01 391.05
474.10 405.38
485.32 401.02
507.76 397.90
509.01 387.93
494.67 396.66
500.28 424.71
530.82 415.36
520.85 423.46
534.56 439.05
537.68 429.07
513.99 432.81
518.36 440.92
532.07 455.88
547.66 455.88
558.25 468.97
611.24 561.23
629.32 558.73
647.40 564.34
677.94 564.34
715.97 566.84
686.67 554.99
744.02 566.84
742.77 552.50
700.38 569.95
589.42 540.03
571.97 535.67
571.34 521.95
560.12 510.11
544.54 506.99
529.58 508.86
513.37 502.63
528.95 475.20
541.42 478.32
523.97 458.37
511.50 458.37
489.68 458.37
494.05 439.05
484.07 418.47
442.93 414.11
464.75 414.11
426.10 410.99
417.99 420.34
415.50 406.01
401.79 404.14
403.66 414.11
381.84 381.07
328.23 385.44
262.77 395.41
464.12 430.32
462.25 450.27
473.47 439.05
486.56 449.02
471.60 468.34
494.05 473.95
513.99 473.33
497.79 492.66
502.77 513.85
482.20 502.63
474.72 495.77
489.06 521.95
518.36 528.81
530.82 545.02
548.90 537.54
582.56 566.21
530.82 568.08
505.27 568.08
477.21 557.49
495.92 557.49
454.77 568.71
475.97 533.18
459.14 532.55
441.68 538.79
389.94 546.89
421.11 544.40
414.25 509.49
441.06 522.58
427.97 503.88
446.67 512.60
462.25 495.15
454.77 486.42
441.06 492.66
427.97 469.59
443.55 452.14
445.42 437.80
403.66 432.19
412.38 445.28
432.33 445.90
386.20 410.37
353.16 441.54
354.41 417.23
370.62 430.32
375.60 440.29
383.08 449.02
406.15 451.51
398.05 453.38
405.53 469.59
393.06 482.68
398.05 499.51
350.05 533.18
330.10 530.68
341.32 522.58
362.51 512.60
341.94 501.38
371.24 460.86
379.97 481.44
310.77 430.32
322.62 439.05
305.16 443.41
336.95 462.73
347.55 458.99
317.01 453.38
293.32 490.79
310.15 519.46
335.08 561.85
372.49 569.95
315.14 421.59
333.84 427.20
350.05 430.32
262.15 414.11
271.50 424.08
283.97 431.56
264.02 453.38
277.73 447.77
296.44 447.77
301.42 463.36
316.38 468.97
264.02 510.11
268.38 490.79
265.27 473.33
288.33 521.33
302.05 517.59
287.08 539.41
265.89 526.94
311.40 538.79
376.23 516.97
287.08 478.32
470.36 512.60
929.18 623.07
858.16 594.16
879.84 593.22
832.08 591.64
814.80 602.64
771.12 602.96
751.64 634.69
738.45 596.36
833.65 621.18
800.35 631.24
782.12 649.15
740.33 674.28
809.15 701.62
833.65 748.75
786.84 730.21
766.73 746.24
830.83 676.17
860.36 650.40
883.93 630.61
895.56 585.36
906.55 576.25
927.29 576.25
934.83 589.44
969.71 583.79
949.91 613.01
957.77 658.57
936.40 701.94
889.90 686.54
970.34 741.21
877.02 735.24
930.43 723.62
935.11 548.89
910.67 556.92
890.42 568.09
981.19 554.48
963.39 525.15
820.59 543.65
829.67 561.11
958.50 566.70
974.91 618.37
926.38 609.29
1001.44 601.26
990.27 572.98
996.55 563.90
976.65 535.62
779.39 690.99
990.25 675.62
986.51 711.77
902.98 609.54
1001.47 548.45
795.63 585.96
794.41 552.19
708.16 546.50
914.42 637.22
870.07 584.33
891.23 512.73
795.63 570.09
774.07 626.64
691.48 615.25
689.04 587.18
720.77 603.04
678.46 642.10
653.24 643.72
641.44 624.60
603.20 635.18
626.80 667.73
637.78 719.80
714.67 729.16
704.50 699.86
870.07 692.95
578.34 591.43
535.44 590.00
507.32 594.76
484.92 610.97
443.45 622.41
401.03 609.06
429.15 579.99
405.79 561.88
359.08 588.09
364.33 546.15
315.23 583.80
350.03 605.73
381.01 638.62
325.72 650.05
307.13 651.01
322.38 681.99
371.48 668.64
390.54 683.42
430.58 648.15
467.76 648.15
496.36 645.77
533.06 636.71
569.28 634.80
564.52 579.51
549.26 696.29
582.15 686.76
557.84 714.40
493.97 692.00
469.19 672.93
436.30 712.97
494.45 711.06
526.86 759.21
476.81 749.20
409.13 733.47
416.28 761.11
350.98 745.38
341.92 711.06
331.44 702.96
510.18 734.66
276.62 380.04
194.77 417.32
168.81 426.71
74.87 434.38
81.55 463.06
117.64 464.79
97.62 463.06
213.31 410.89
229.63 413.12
241.74 431.16
194.28 452.92
175.00 464.04
231.11 448.22
226.42 437.84
212.33 431.41
241.00 478.38
251.88 463.06
204.66 466.52
156.21 476.16
115.66 445.01
192.80 443.53
206.89 452.18
227.41 477.15
238.28 501.37
230.87 547.36
160.41 498.66
162.88 513.49
136.68 510.52
125.80 510.03
96.63 534.75
254.11 437.10
289.60 589.64
262.79 593.94
237.64 574.09
196.61 574.75
211.50 595.60
206.21 608.17
177.42 606.19
230.03 607.18
107.26 595.60
129.43 581.70
159.88 622.07
146.64 617.44
120.83 622.07
110.24 642.26
142.34 663.10
102.30 661.45
58.62 656.15
73.84 672.37
53.99 615.12
63.91 585.01
92.70 700.17
186.35 626.37
229.04 641.26
260.48 651.19
291.58 617.11
271.40 679.98
279.67 705.46
291.58 748.81
204.55 734.91
176.75 730.28
216.13 679.32
182.71 656.15
194.29 645.56
55.64 740.21
122.15 763.70
88.73 763.37
178.41 578.06
158.22 585.34
213.82 575.08
120.02 552.19
161.16 562.16
178.62 560.92
178.62 532.24
16.54 698.06
26.51 669.38
24.02 614.53
4.07 605.80
7.81 554.68
6.56 663.15
24.02 735.46
46.46 506.06
55.19 473.64
76.38 491.10
115.03 484.86
230.98 711.77
240.95 673.12
386.82 575.88
416.75 588.34
287.08 565.90
259.66 553.44
229.73 527.25
216.02 508.55
131.24 434.99
136.23 452.45
147.45 453.69
26.51 467.41
32.75 453.69
328.23 479.88
419.24 481.12
36.49 563.41
53.94 527.25
73.89 502.32
90.10 508.55
100.07 516.03
14.05 471.15
30.25 499.82
147.11 494.21
136.48 480.13
138.61 465.25
12.43 452.50
98.76 446.66
76.18 558.49
5.79 579.75
4.46 526.88
3.13 536.18
46.16 459.68
90.79 465.25
110.45 498.99
118.69 526.09
33.68 588.25
2.07 510.68
63.17 441.08
107.53 461.80
177.39 446.13
105.40 534.85
20.93 454.89
17.74 574.43
191.47 711.65
225.57 564.68
310.72 487.50
305.30 500.25
322.19 511.73
192.13 507.59
217.32 535.96
400.29 483.68
475.84 485.75
456.08 462.80
453.53 443.03
415.50 396.66
433.58 399.77
442.93 395.41
286.46 419.72
554.51 492.66
583.81 483.93
568.85 476.45
568.85 486.42
602.51 473.95
580.69 469.59
583.19 417.23
583.19 406.63
574.46 398.53
619.97 373.59
626.20 386.68
663.60 421.59
640.54 422.84
715.34 396.66
753.37 395.41
712.23 482.06
394.31 423.46
474.10 430.79
496.54 403.67
