44.46 232.40
15.59 234.10
4.84 234.67
49.55 240.33
42.76 242.03
32.57 242.59
28.61 234.67
22.38 247.12
13.33 249.38
3.14 249.38
54.65 248.25
67.66 249.38
74.46 240.33
79.55 240.33
91.43 240.33
76.15 248.25
46.16 250.52
17.86 259.01
4.84 261.27
41.06 256.18
38.80 246.55
28.61 260.14
19.55 265.80
10.50 273.72
59.17 264.10
90.87 249.95
80.68 253.35
105.58 249.38
95.96 258.44
90.87 269.19
89.17 261.27
72.19 264.10
22.38 273.16
48.42 260.14
45.59 278.25
34.27 277.12
19.55 281.65
37.67 289.00
18.42 300.89
12.76 311.64
173.79 256.03
176.62 249.53
184.26 252.07
197.84 258.02
217.93 254.90
239.44 249.24
245.67 261.98
183.69 263.11
161.33 278.39
149.16 259.71
160.20 260.00
124.83 283.48
148.60 291.41
123.98 253.20
149.45 274.15
130.49 271.60
140.68 305.28
131.05 313.76
196.42 311.78
183.41 303.86
215.10 298.48
195.58 276.98
306.51 245.99
282.17 253.35
271.98 256.18
278.78 269.19
282.17 262.40
263.49 274.85
253.87 281.65
243.68 287.87
202.93 295.79
191.61 297.49
153.13 301.45
120.87 296.93
131.62 295.79
114.64 277.12
114.64 269.19
114.07 289.00
92.00 303.72
103.89 269.19
106.15 259.01
7.10 291.83
48.99 309.38
54.08 295.79
69.36 298.06
54.65 286.74
63.70 285.61
66.53 320.70
66.53 309.38
54.08 326.92
52.95 316.74
56.91 306.55
42.76 315.60
33.70 318.43
6.54 331.45
17.86 328.62
5.97 322.40
42.19 332.58
28.04 326.92
7.67 347.30
13.33 338.81
59.74 340.51
71.63 341.64
74.46 317.87
78.98 306.55
114.07 318.43
89.17 292.96
103.89 281.08
81.25 287.87
75.59 278.25
79.55 268.06
48.99 269.19
94.83 319.57
38.80 345.60
22.95 348.43
37.10 362.58
51.25 354.09
87.47 341.64
79.55 343.34
86.91 354.09
75.59 361.45
68.80 362.58
34.84 373.33
28.61 366.54
18.99 375.60
6.54 363.15
44.46 386.35
27.48 394.84
8.80 410.12
17.29 413.52
42.19 404.46
69.93 393.14
67.66 374.47
89.17 389.18
90.30 378.99
102.19 362.58
103.32 346.73
117.47 334.85
114.64 351.26
113.51 368.24
127.66 357.49
144.07 354.66
139.54 341.64
119.73 392.01
111.81 398.24
131.05 375.03
142.37 384.09
149.73 372.20
121.43 410.12
104.45 420.88
89.74 415.22
393.10 200.71
152.56 323.53
161.62 299.76
82.38 331.45
196.71 325.79
224.44 318.43
224.44 311.64
209.73 309.94
218.21 325.23
212.56 321.83
184.26 329.75
172.37 326.92
162.75 332.58
150.86 337.68
131.62 330.32
167.84 346.73
179.73 347.30
189.92 337.11
200.10 346.73
214.82 345.04
185.95 357.49
175.20 364.28
155.96 366.54
158.22 353.53
166.71 375.03
162.18 387.48
157.65 407.29
137.28 429.37
123.13 422.58
145.77 400.50
208.03 273.72
210.29 261.27
270.85 314.47
296.32 277.12
321.79 270.33
316.13 278.82
357.45 270.33
278.78 309.94
262.36 309.38
271.42 303.72
245.95 305.42
278.21 324.66
287.83 322.40
291.23 313.34
292.92 296.93
301.98 268.06
333.11 264.10
389.71 256.18
414.05 261.84
448.00 261.27
375.56 269.19
377.82 262.97
391.97 272.02
81.81 297.49
105.58 309.94
181.43 286.74
170.11 305.42
168.97 285.04
273.68 297.49
318.96 295.79
313.87 302.02
303.11 309.38
299.15 323.53
279.34 340.51
265.19 342.77
255.00 347.30
235.19 341.07
219.91 352.39
196.14 372.20
197.27 386.92
174.07 427.67
182.56 416.92
197.27 401.07
185.39 383.52
221.04 375.03
235.19 379.56
201.24 414.65
219.35 406.16
229.53 429.37
245.38 410.12
243.68 424.27
277.64 427.10
268.02 408.99
283.87 414.65
322.92 415.22
281.60 394.84
262.93 388.05
248.21 384.65
245.38 363.15
271.42 366.54
279.91 360.32
282.17 350.70
303.68 359.18
297.45 351.26
286.70 378.99
273.68 379.56
358.58 429.37
374.99 430.50
343.86 425.40
343.86 411.82
351.79 399.37
339.34 394.84
317.26 386.92
325.75 378.43
396.50 415.78
384.61 404.46
416.31 407.29
403.86 403.33
403.29 391.45
439.51 395.97
423.10 381.26
433.29 386.35
411.22 380.13
403.29 373.33
385.75 374.47
374.43 370.50
367.07 390.88
350.65 382.96
347.83 372.20
334.81 372.20
321.22 342.21
306.51 337.11
315.56 328.62
326.32 316.74
339.34 323.53
334.24 304.85
387.44 281.08
378.39 282.78
356.88 294.66
365.94 301.45
372.16 290.70
350.65 278.25
334.24 274.85
328.58 283.91
379.52 302.02
345.56 349.56
337.07 338.81
360.84 333.15
364.80 354.09
368.20 343.34
380.09 353.53
384.05 394.28
431.59 358.62
417.44 352.39
450.83 351.26
461.02 328.62
459.89 316.74
454.23 313.34
432.72 314.47
397.07 352.39
402.16 340.51
411.78 344.47
390.84 328.62
407.82 329.75
358.01 321.26
368.20 324.66
386.31 307.68
399.90 292.96
424.80 301.45
410.65 294.66
418.57 296.93
453.10 282.21
448.57 274.85
421.40 273.72
265.19 265.09
263.21 292.82
246.80 284.33
221.33 288.01
234.35 273.58
243.12 326.50
260.38 327.07
465.12 279.93
487.56 278.68
500.03 279.93
478.84 281.80
471.98 258.73
505.64 202.63
576.08 175.20
611.62 231.31
409.64 187.05
439.56 283.05
418.99 284.92
471.98 332.92
483.82 313.59
475.10 306.73
474.47 293.64
481.95 299.25
500.66 294.89
563.62 267.46
562.99 283.05
549.90 297.38
538.68 293.02
516.24 289.90
514.99 279.93
529.33 288.66
523.72 316.71
493.18 307.36
503.15 315.46
489.44 331.05
486.32 321.07
510.01 324.81
505.64 332.92
491.93 347.88
476.34 347.88
465.75 360.97
412.76 453.23
394.68 450.73
376.60 456.34
346.06 456.34
308.03 458.84
337.33 446.99
279.98 458.84
281.23 444.50
323.62 461.95
434.58 432.03
452.03 427.67
452.66 413.95
463.88 402.11
479.46 398.99
494.42 400.86
510.63 394.63
495.05 367.20
482.58 370.32
500.03 350.37
512.50 350.37
534.32 350.37
529.95 331.05
539.93 310.47
581.07 306.11
559.25 306.11
597.90 302.99
606.01 312.34
608.50 298.01
559.88 322.32
561.75 342.27
550.53 331.05
537.44 341.02
552.40 360.34
529.95 365.95
510.01 365.33
526.21 384.66
521.23 405.85
541.80 394.63
549.28 387.77
534.94 413.95
505.64 420.81
493.18 437.02
475.10 429.54
441.44 458.21
493.18 460.08
518.73 460.08
546.79 449.49
528.08 449.49
569.23 460.71
548.03 425.18
564.86 424.55
582.32 430.79
602.89 436.40
609.75 401.49
582.94 414.58
596.03 395.88
577.33 404.60
561.75 387.15
569.23 378.42
582.94 384.66
596.03 361.59
580.45 344.14
578.58 329.80
611.62 337.28
591.67 337.90
553.64 404.60
94.82 515.07
165.84 486.16
144.16 485.22
191.92 483.64
209.20 494.64
252.88 494.96
272.36 526.69
285.55 488.36
190.35 513.18
223.65 523.24
241.88 541.15
283.67 566.28
214.85 593.62
193.17 568.17
163.64 542.40
140.07 522.61
128.44 477.36
117.45 468.25
96.71 468.25
89.17 481.44
54.29 475.79
74.09 505.01
66.23 550.57
87.60 593.94
134.10 578.54
88.89 440.89
113.33 448.92
133.58 460.09
42.81 446.48
60.61 417.15
203.41 435.65
194.33 453.11
65.50 458.70
49.09 510.37
97.62 501.29
22.56 493.26
33.73 464.98
27.45 455.90
47.35 427.62
244.61 582.99
33.75 567.62
37.49 603.77
121.02 501.54
22.53 440.45
228.37 477.96
229.59 444.19
315.84 438.50
109.58 529.22
153.93 476.33
132.77 404.73
228.37 462.09
249.93 518.64
332.52 507.25
334.96 479.18
303.23 495.04
345.54 534.10
370.76 535.72
382.56 516.60
420.80 527.18
397.20 559.73
386.22 611.80
319.50 591.86
153.93 584.95
445.66 483.43
488.56 482.00
516.68 486.76
539.08 502.97
580.55 514.41
594.85 471.99
593.42 540.15
556.24 540.15
527.64 537.77
490.94 528.71
454.72 526.80
459.48 471.51
474.74 588.29
441.85 578.76
466.16 606.40
530.03 584.00
554.81 564.93
587.70 604.97
529.55 603.06
607.25 480.34
604.76 373.12
548.16 377.75
567.92 354.80
570.47 335.03
608.50 288.66
590.42 291.77
581.07 287.41
469.49 384.66
440.19 375.93
455.15 368.45
455.15 378.42
421.49 365.95
443.31 361.59
440.81 309.23
440.81 298.63
449.54 290.53
404.03 265.59
397.80 278.68
360.40 313.59
383.46 314.84
308.66 288.66
270.63 287.41
311.77 374.06
549.90 322.79
527.46 295.67
