44.46 340.40
15.59 342.10
4.84 342.67
49.55 348.33
42.76 350.03
32.57 350.59
28.61 342.67
22.38 355.12
13.33 357.38
3.14 357.38
54.65 356.25
67.66 357.38
74.46 348.33
79.55 348.33
91.43 348.33
76.15 356.25
46.16 358.52
17.86 367.01
4.84 369.27
41.06 364.18
38.80 354.55
28.61 368.14
19.55 373.80
10.50 381.72
59.17 372.10
90.87 357.95
80.68 361.35
105.58 357.38
95.96 366.44
90.87 377.19
89.17 369.27
72.19 372.10
22.38 381.16
48.42 368.14
45.59 386.25
34.27 385.12
19.55 389.65
37.67 397.00
18.42 408.89
12.76 419.64
173.79 364.03
176.62 357.53
184.26 360.07
197.84 366.02
217.93 362.90
239.44 357.24
245.67 369.98
183.69 371.11
161.33 386.39
149.16 367.71
160.20 368.00
124.83 391.48
148.60 399.41
123.98 361.20
149.45 382.15
130.49 379.60
140.68 413.28
131.05 421.76
196.42 419.78
183.41 411.86
215.10 406.48
195.58 384.98
306.51 353.99
282.17 361.35
271.98 364.18
278.78 377.19
282.17 370.40
263.49 382.85
253.87 389.65
243.68 395.87
202.93 403.79
191.61 405.49
153.13 409.45
120.87 404.93
131.62 403.79
114.64 385.12
114.64 377.19
114.07 397.00
92.00 411.72
103.89 377.19
106.15 367.01
7.10 399.83
48.99 417.38
54.08 403.79
69.36 406.06
54.65 394.74
63.70 393.61
66.53 428.70
66.53 417.38
54.08 434.92
52.95 424.74
56.91 414.55
42.76 423.60
33.70 426.43
6.54 439.45
17.86 436.62
5.97 430.40
42.19 440.58
28.04 434.92
7.67 455.30
13.33 446.81
59.74 448.51
71.63 449.64
74.46 425.87
78.98 414.55
114.07 426.43
89.17 400.96
103.89 389.08
81.25 395.87
75.59 386.25
79.55 376.06
48.99 377.19
94.83 427.57
38.80 453.60
22.95 456.43
37.10 470.58
51.25 462.09
87.47 449.64
79.55 451.34
86.91 462.09
75.59 469.45
68.80 470.58
34.84 481.33
28.61 474.54
18.99 483.60
6.54 471.15
44.46 494.35
27.48 502.84
8.80 518.12
17.29 521.52
42.19 512.46
69.93 501.14
67.66 482.47
89.17 497.18
90.30 486.99
102.19 470.58
103.32 454.73
117.47 442.85
114.64 459.26
113.51 476.24
127.66 465.49
144.07 462.66
139.54 449.64
119.73 500.01
111.81 506.24
131.05 483.03
142.37 492.09
149.73 480.20
121.43 518.12
104.45 528.88
89.74 523.22
393.10 308.71
152.56 431.53
161.62 407.76
82.38 439.45
196.71 433.79
224.44 426.43
224.44 419.64
209.73 417.94
218.21 433.23
212.56 429.83
184.26 437.75
172.37 434.92
162.75 440.58
150.86 445.68
131.62 438.32
167.84 454.73
179.73 455.30
189.92 445.11
200.10 454.73
214.82 453.04
185.95 465.49
175.20 472.28
155.96 474.54
158.22 461.53
166.71 483.03
162.18 495.48
157.65 515.29
137.28 537.37
123.13 530.58
145.77 508.50
208.03 381.72
210.29 369.27
270.85 422.47
296.32 385.12
321.79 378.33
316.13 386.82
357.45 378.33
278.78 417.94
262.36 417.38
271.42 411.72
245.95 413.42
278.21 432.66
287.83 430.40
291.23 421.34
292.92 404.93
301.98 376.06
333.11 372.10
389.71 364.18
414.05 369.84
448.00 369.27
375.56 377.19
377.82 370.97
391.97 380.02
81.81 405.49
105.58 417.94
181.43 394.74
170.11 413.42
168.97 393.04
273.68 405.49
318.96 403.79
313.87 410.02
303.11 417.38
299.15 431.53
279.34 448.51
265.19 450.77
255.00 455.30
235.19 449.07
219.91 460.39
196.14 480.20
197.27 494.92
174.07 535.67
182.56 524.92
197.27 509.07
185.39 491.52
221.04 483.03
235.19 487.56
201.24 522.65
219.35 514.16
229.53 537.37
245.38 518.12
243.68 532.27
277.64 535.10
268.02 516.99
283.87 522.65
322.92 523.22
281.60 502.84
262.93 496.05
248.21 492.65
245.38 471.15
271.42 474.54
279.91 468.32
282.17 458.70
303.68 467.18
297.45 459.26
286.70 486.99
273.68 487.56
358.58 537.37
374.99 538.50
343.86 533.40
343.86 519.82
351.79 507.37
339.34 502.84
317.26 494.92
325.75 486.43
396.50 523.78
384.61 512.46
416.31 515.29
403.86 511.33
403.29 499.45
439.51 503.97
423.10 489.26
433.29 494.35
411.22 488.13
403.29 481.33
385.75 482.47
374.43 478.50
367.07 498.88
350.65 490.96
347.83 480.20
334.81 480.20
321.22 450.21
306.51 445.11
315.56 436.62
326.32 424.74
339.34 431.53
334.24 412.85
387.44 389.08
378.39 390.78
356.88 402.66
365.94 409.45
372.16 398.70
350.65 386.25
334.24 382.85
328.58 391.91
379.52 410.02
345.56 457.56
337.07 446.81
360.84 441.15
364.80 462.09
368.20 451.34
380.09 461.53
384.05 502.28
431.59 466.62
417.44 460.39
450.83 459.26
461.02 436.62
459.89 424.74
454.23 421.34
432.72 422.47
397.07 460.39
402.16 448.51
411.78 452.47
390.84 436.62
407.82 437.75
358.01 429.26
368.20 432.66
386.31 415.68
399.90 400.96
424.80 409.45
410.65 402.66
418.57 404.93
453.10 390.21
448.57 382.85
421.40 381.72
265.19 373.09
263.21 400.82
246.80 392.33
221.33 396.01
234.35 381.58
243.12 434.50
260.38 435.07
465.12 387.93
487.56 386.68
500.03 387.93
478.84 389.80
471.98 366.73
505.64 310.63
708.24 291.31
576.08 283.20
678.32 290.06
611.62 339.31
751.25 323.72
409.64 295.05
439.56 391.05
418.99 392.92
471.98 440.92
483.82 421.59
475.10 414.73
474.47 401.64
481.95 407.25
500.66 402.89
563.62 375.46
562.99 391.05
549.90 405.38
538.68 401.02
516.24 397.90
514.99 387.93
529.33 396.66
523.72 424.71
493.18 415.36
503.15 423.46
489.44 439.05
486.32 429.07
510.01 432.81
505.64 440.92
491.93 455.88
476.34 455.88
465.75 468.97
412.76 561.23
394.68 558.73
376.60 564.34
346.06 564.34
308.03 566.84
337.33 554.99
279.98 566.84
281.23 552.50
323.62 569.95
434.58 540.03
452.03 535.67
452.66 521.95
463.88 510.11
479.46 506.99
494.42 508.86
510.63 502.63
495.05 475.20
482.58 478.32
500.03 458.37
512.50 458.37
534.32 458.37
529.95 439.05
539.93 418.47
581.07 414.11
559.25 414.11
597.90 410.99
606.01 420.34
608.50 406.01
622.21 404.14
620.34 414.11
642.16 381.07
695.77 385.44
761.23 395.41
559.88 430.32
561.75 450.27
550.53 439.05
537.44 449.02
552.40 468.34
529.95 473.95
510.01 473.33
526.21 492.66
521.23 513.85
541.80 502.63
549.28 495.77
534.94 521.95
505.64 528.81
493.18 545.02
475.10 537.54
441.44 566.21
493.18 568.08
518.73 568.08
546.79 557.49
528.08 557.49
569.23 568.71
548.03 533.18
564.86 532.55
582.32 538.79
634.06 546.89
602.89 544.40
609.75 509.49
582.94 522.58
596.03 503.88
577.33 512.60
561.75 495.15
569.23 486.42
582.94 492.66
596.03 469.59
580.45 452.14
578.58 437.80
620.34 432.19
611.62 445.28
591.67 445.90
637.80 410.37
670.84 441.54
669.59 417.23
653.38 430.32
648.40 440.29
640.92 449.02
617.85 451.51
625.95 453.38
618.47 469.59
630.94 482.68
625.95 499.51
673.95 533.18
693.90 530.68
682.68 522.58
661.49 512.60
682.06 501.38
652.76 460.86
644.03 481.44
713.23 430.32
701.38 439.05
718.84 443.41
687.05 462.73
676.45 458.99
706.99 453.38
730.68 490.79
713.85 519.46
688.92 561.85
651.51 569.95
708.86 421.59
690.16 427.20
673.95 430.32
761.85 414.11
752.50 424.08
740.03 431.56
759.98 453.38
746.27 447.77
727.56 447.77
722.58 463.36
707.62 468.97
759.98 510.11
755.62 490.79
758.73 473.33
735.67 521.33
721.95 517.59
736.92 539.41
758.11 526.94
712.60 538.79
647.77 516.97
736.92 478.32
553.64 512.60
94.82 623.07
165.84 594.16
144.16 593.22
191.92 591.64
209.20 602.64
252.88 602.96
272.36 634.69
285.55 596.36
190.35 621.18
223.65 631.24
241.88 649.15
283.67 674.28
214.85 701.62
190.35 748.75
237.16 730.21
257.27 746.24
193.17 676.17
163.64 650.40
140.07 630.61
128.44 585.36
117.45 576.25
96.71 576.25
89.17 589.44
54.29 583.79
74.09 613.01
66.23 658.57
87.60 701.94
134.10 686.54
53.66 741.21
146.98 735.24
93.57 723.62
88.89 548.89
113.33 556.92
133.58 568.09
42.81 554.48
60.61 525.15
203.41 543.65
194.33 561.11
65.50 566.70
49.09 618.37
97.62 609.29
22.56 601.26
33.73 572.98
27.45 563.90
47.35 535.62
244.61 690.99
33.75 675.62
37.49 711.77
121.02 609.54
22.53 548.45
228.37 585.96
229.59 552.19
315.84 546.50
109.58 637.22
153.93 584.33
132.77 512.73
228.37 570.09
249.93 626.64
332.52 615.25
334.96 587.18
303.23 603.04
345.54 642.10
370.76 643.72
382.56 624.60
420.80 635.18
397.20 667.73
386.22 719.80
309.33 729.16
319.50 699.86
153.93 692.95
445.66 591.43
488.56 590.00
516.68 594.76
539.08 610.97
580.55 622.41
622.97 609.06
594.85 579.99
618.21 561.88
664.92 588.09
659.67 546.15
708.77 583.80
673.97 605.73
642.99 638.62
698.28 650.05
716.87 651.01
701.62 681.99
652.52 668.64
633.46 683.42
593.42 648.15
556.24 648.15
527.64 645.77
490.94 636.71
454.72 634.80
459.48 579.51
474.74 696.29
441.85 686.76
466.16 714.40
530.03 692.00
554.81 672.93
587.70 712.97
529.55 711.06
497.14 759.21
547.19 749.20
614.87 733.47
607.72 761.11
673.02 745.38
682.08 711.06
692.56 702.96
513.82 734.66
747.38 380.04
829.23 417.32
855.19 426.71
949.13 434.38
942.45 463.06
906.36 464.79
926.38 463.06
810.69 410.89
794.37 413.12
782.26 431.16
829.72 452.92
849.00 464.04
792.89 448.22
797.58 437.84
811.67 431.41
783.00 478.38
772.12 463.06
819.34 466.52
867.79 476.16
908.34 445.01
831.20 443.53
817.11 452.18
796.59 477.15
785.72 501.37
793.13 547.36
863.59 498.66
861.12 513.49
887.32 510.52
898.20 510.03
927.37 534.75
769.89 437.10
734.40 589.64
761.21 593.94
786.36 574.09
827.39 574.75
812.50 595.60
817.79 608.17
846.58 606.19
793.97 607.18
916.74 595.60
894.57 581.70
864.12 622.07
877.36 617.44
903.17 622.07
913.76 642.26
881.66 663.10
921.70 661.45
965.38 656.15
950.16 672.37
970.01 615.12
960.09 585.01
931.30 700.17
837.65 626.37
794.96 641.26
763.52 651.19
732.42 617.11
752.60 679.98
744.33 705.46
732.42 748.81
819.45 734.91
847.25 730.28
807.87 679.32
841.29 656.15
829.71 645.56
968.36 740.21
901.85 763.70
935.27 763.37
845.59 578.06
865.78 585.34
810.18 575.08
903.98 552.19
862.84 562.16
845.38 560.92
845.38 532.24
1007.46 698.06
997.49 669.38
999.98 614.53
1019.93 605.80
1016.19 554.68
1017.44 663.15
999.98 735.46
977.54 506.06
968.81 473.64
947.62 491.10
908.97 484.86
793.02 711.77
783.05 673.12
637.18 575.88
607.25 588.34
736.92 565.90
764.34 553.44
794.27 527.25
807.98 508.55
892.76 434.99
887.77 452.45
876.55 453.69
997.49 467.41
991.25 453.69
695.77 479.88
604.76 481.12
987.51 563.41
970.06 527.25
950.11 502.32
933.90 508.55
923.93 516.03
1009.95 471.15
993.75 499.82
876.89 494.21
887.52 480.13
885.39 465.25
1011.57 452.50
925.24 446.66
947.82 558.49
1018.21 579.75
1019.54 526.88
1020.87 536.18
977.84 459.68
933.21 465.25
913.55 498.99
905.31 526.09
990.32 588.25
1021.93 510.68
960.83 441.08
916.47 461.80
846.61 446.13
918.60 534.85
1003.07 454.89
1006.26 574.43
832.53 711.65
798.43 564.68
713.28 487.50
718.70 500.25
701.81 511.73
831.87 507.59
806.68 535.96
623.71 483.68
548.16 485.75
567.92 462.80
570.47 443.03
608.50 396.66
590.42 399.77
581.07 395.41
737.54 419.72
469.49 492.66
440.19 483.93
455.15 476.45
455.15 486.42
421.49 473.95
443.31 469.59
440.81 417.23
440.81 406.63
449.54 398.53
404.03 373.59
397.80 386.68
360.40 421.59
383.46 422.84
308.66 396.66
270.63 395.41
311.77 482.06
629.69 423.46
549.90 430.79
527.46 403.67
