37.51 283.99
13.17 291.35
2.98 294.18
9.78 307.19
13.17 300.40
124.10 238.71
1.85 352.47
27.32 315.12
52.79 308.33
47.13 316.82
88.45 308.33
9.78 347.94
2.42 341.72
9.21 362.66
18.83 360.40
22.23 351.34
23.92 334.93
32.98 306.06
64.11 302.10
120.71 294.18
145.05 299.84
179.00 299.27
106.56 307.19
108.82 300.97
122.97 310.02
4.68 335.49
49.96 333.79
44.87 340.02
34.11 347.38
30.15 361.53
10.34 378.51
8.64 465.10
14.87 452.65
53.92 453.22
12.60 432.84
2.42 404.54
10.91 398.32
13.17 388.70
34.68 397.18
28.45 389.26
17.70 416.99
4.68 417.56
89.58 467.37
105.99 468.50
74.86 463.40
74.86 449.82
82.79 437.37
70.34 432.84
48.26 424.92
56.75 416.43
127.50 453.78
115.61 442.46
147.31 445.29
134.86 441.33
134.29 429.45
170.51 433.97
154.10 419.26
164.29 424.35
142.22 418.13
134.29 411.33
116.75 412.47
105.43 408.50
98.07 428.88
81.65 420.96
78.83 410.20
65.81 410.20
52.22 380.21
37.51 375.11
46.56 366.62
57.32 354.74
70.34 361.53
65.24 342.85
118.44 319.08
109.39 320.78
87.88 332.66
96.94 339.45
103.16 328.70
81.65 316.25
65.24 312.85
59.58 321.91
110.52 340.02
76.56 387.56
68.07 376.81
91.84 371.15
95.80 392.09
99.20 381.34
111.09 391.53
115.05 432.28
162.59 396.62
148.44 390.39
181.83 389.26
192.02 366.62
190.89 354.74
185.23 351.34
163.72 352.47
128.07 390.39
133.16 378.51
142.78 382.47
121.84 366.62
138.82 367.75
89.01 359.26
99.20 362.66
117.31 345.68
130.90 330.96
155.80 339.45
141.65 332.66
149.57 334.93
184.10 320.21
179.57 312.85
152.40 311.72
196.12 317.93
218.56 316.68
231.03 317.93
209.84 319.80
202.98 296.73
236.64 240.63
439.24 221.31
307.08 213.20
409.32 220.06
342.62 269.31
482.25 253.72
140.64 225.05
170.56 321.05
149.99 322.92
202.98 370.92
214.82 351.59
206.10 344.73
205.47 331.64
212.95 337.25
231.66 332.89
294.62 305.46
293.99 321.05
280.90 335.38
269.68 331.02
247.24 327.90
245.99 317.93
260.33 326.66
254.72 354.71
224.18 345.36
234.15 353.46
220.44 369.05
217.32 359.07
241.01 362.81
236.64 370.92
222.93 385.88
207.34 385.88
196.75 398.97
143.76 491.23
125.68 488.73
107.60 494.34
77.06 494.34
39.03 496.84
68.33 484.99
10.98 496.84
12.23 482.50
54.62 499.95
165.58 470.03
183.03 465.67
183.66 451.95
194.88 440.11
210.46 436.99
225.42 438.86
241.63 432.63
226.05 405.20
213.58 408.32
231.03 388.37
243.50 388.37
265.32 388.37
260.95 369.05
270.93 348.47
312.07 344.11
290.25 344.11
328.90 340.99
337.01 350.34
339.50 336.01
353.21 334.14
351.34 344.11
373.16 311.07
426.77 315.44
492.23 325.41
290.88 360.32
292.75 380.27
281.53 369.05
268.44 379.02
283.40 398.34
260.95 403.95
241.01 403.33
257.21 422.66
252.23 443.85
272.80 432.63
280.28 425.77
265.94 451.95
236.64 458.81
224.18 475.02
206.10 467.54
172.44 496.21
224.18 498.08
249.73 498.08
277.79 487.49
259.08 487.49
300.23 498.71
279.03 463.18
295.86 462.55
313.32 468.79
365.06 476.89
333.89 474.40
340.75 439.49
313.94 452.58
327.03 433.88
308.33 442.60
292.75 425.15
300.23 416.42
313.94 422.66
327.03 399.59
311.45 382.14
309.58 367.80
351.34 362.19
342.62 375.28
322.67 375.90
368.80 340.37
401.84 371.54
400.59 347.23
384.38 360.32
379.40 370.29
371.92 379.02
348.85 381.51
356.95 383.38
349.47 399.59
361.94 412.68
356.95 429.51
404.95 463.18
424.90 460.68
413.68 452.58
392.49 442.60
413.06 431.38
383.76 390.86
375.03 411.44
444.23 360.32
432.38 369.05
449.84 373.41
418.05 392.73
407.45 388.99
437.99 383.38
461.68 420.79
444.85 449.46
419.92 491.85
382.51 499.95
439.86 351.59
421.16 357.20
404.95 360.32
492.85 344.11
483.50 354.08
471.03 361.56
490.98 383.38
477.27 377.77
458.56 377.77
453.58 393.36
438.62 398.97
490.98 440.11
486.62 420.79
489.73 403.33
466.67 451.33
452.95 447.59
467.92 469.41
489.11 456.94
443.60 468.79
378.77 446.97
467.92 408.32
284.64 442.60
3.36 564.69
16.55 526.36
14.67 604.28
46.84 476.50
63.52 545.25
65.96 517.18
34.23 533.04
76.54 572.10
101.76 573.72
113.56 554.60
151.80 565.18
128.20 597.73
176.66 521.43
219.56 520.00
247.68 524.76
270.08 540.97
311.55 552.41
353.97 539.06
325.85 509.99
349.21 491.88
395.92 518.09
390.67 476.15
439.77 513.80
404.97 535.73
373.99 568.62
429.28 580.05
447.87 581.01
432.62 611.99
383.52 598.64
364.46 613.42
324.42 578.15
287.24 578.15
258.64 575.77
221.94 566.71
185.72 564.80
190.48 509.51
285.81 602.93
478.38 310.04
560.23 347.32
586.19 356.71
541.69 340.89
525.37 343.12
513.26 361.16
560.72 382.92
580.00 394.04
523.89 378.22
528.58 367.84
542.67 361.41
514.00 408.38
503.12 393.06
550.34 396.52
598.79 406.16
562.20 373.53
548.11 382.18
527.59 407.15
516.72 431.37
524.13 477.36
594.59 428.66
592.12 443.49
500.89 367.10
465.40 519.64
492.21 523.94
517.36 504.09
558.39 504.75
543.50 525.60
548.79 538.17
577.58 536.19
524.97 537.18
595.12 552.07
608.36 547.44
612.66 593.10
568.65 556.37
525.96 571.26
494.52 581.19
463.42 547.11
483.60 609.98
538.87 609.32
572.29 586.15
560.71 575.56
576.59 508.06
596.78 515.34
541.18 505.08
593.84 492.16
576.38 490.92
576.38 462.24
514.05 603.12
368.18 505.88
338.25 518.34
467.92 495.90
495.34 483.44
525.27 457.25
538.98 438.55
607.55 383.69
426.77 409.88
335.76 411.12
607.89 424.21
577.61 376.13
529.43 494.68
444.28 417.50
449.70 430.25
432.81 441.73
562.87 437.59
537.68 465.96
354.71 413.68
279.16 415.75
298.92 392.80
301.47 373.03
339.50 326.66
321.42 329.77
312.07 325.41
468.54 349.72
200.49 422.66
171.19 413.93
186.15 406.45
186.15 416.42
152.49 403.95
174.31 399.59
171.81 347.23
171.81 336.63
180.54 328.53
135.03 303.59
128.80 316.68
91.40 351.59
114.46 352.84
39.66 326.66
1.63 325.41
42.77 412.06
360.69 353.46
280.90 360.79
258.46 333.67
