53.10 174.71
17.45 244.33
49.71 230.18
74.05 235.84
108.00 235.27
35.56 243.19
37.82 236.97
51.97 246.02
18.58 403.37
34.99 404.50
3.86 399.40
3.86 385.82
11.79 373.37
56.50 389.78
44.61 378.46
76.31 381.29
63.86 377.33
63.29 365.45
99.51 369.97
83.10 355.26
93.29 360.35
71.22 354.13
63.29 347.33
45.75 348.47
34.43 344.50
27.07 364.88
10.65 356.96
7.83 346.20
47.44 255.08
38.39 256.78
16.88 268.66
25.94 275.45
32.16 264.70
10.65 252.25
39.52 276.02
5.56 323.56
20.84 307.15
24.80 328.09
28.20 317.34
40.09 327.53
44.05 368.28
91.59 332.62
77.44 326.39
110.83 325.26
121.02 302.62
119.89 290.74
114.23 287.34
92.72 288.47
57.07 326.39
62.16 314.51
71.78 318.47
50.84 302.62
67.82 303.75
18.01 295.26
28.20 298.66
46.31 281.68
59.90 266.96
84.80 275.45
70.65 268.66
78.57 270.93
113.10 256.21
108.57 248.85
81.40 247.72
125.12 253.93
147.56 252.68
160.03 253.93
138.84 255.80
131.98 232.73
165.64 176.63
368.24 157.31
236.08 149.20
338.32 156.06
271.62 205.31
411.25 189.72
69.64 161.05
99.56 257.05
78.99 258.92
131.98 306.92
143.82 287.59
135.10 280.73
134.47 267.64
141.95 273.25
160.66 268.89
223.62 241.46
222.99 257.05
209.90 271.38
198.68 267.02
176.24 263.90
174.99 253.93
189.33 262.66
183.72 290.71
153.18 281.36
163.15 289.46
149.44 305.05
146.32 295.07
170.01 298.81
165.64 306.92
151.93 321.88
136.34 321.88
125.75 334.97
72.76 427.23
54.68 424.73
36.60 430.34
6.06 430.34
94.58 406.03
112.03 401.67
112.66 387.95
123.88 376.11
139.46 372.99
154.42 374.86
170.63 368.63
155.05 341.20
142.58 344.32
160.03 324.37
172.50 324.37
194.32 324.37
189.95 305.05
199.93 284.47
241.07 280.11
219.25 280.11
257.90 276.99
266.01 286.34
268.50 272.01
282.21 270.14
280.34 280.11
302.16 247.07
355.77 251.44
421.23 261.41
219.88 296.32
221.75 316.27
210.53 305.05
197.44 315.02
212.40 334.34
189.95 339.95
170.01 339.33
186.21 358.66
181.23 379.85
201.80 368.63
209.28 361.77
194.94 387.95
165.64 394.81
153.18 411.02
135.10 403.54
101.44 432.21
153.18 434.08
178.73 434.08
206.79 423.49
188.08 423.49
229.23 434.71
208.03 399.18
224.86 398.55
242.32 404.79
294.06 412.89
262.89 410.40
269.75 375.49
242.94 388.58
256.03 369.88
237.33 378.60
221.75 361.15
229.23 352.42
242.94 358.66
256.03 335.59
240.45 318.14
238.58 303.80
280.34 298.19
271.62 311.28
251.67 311.90
297.80 276.37
330.84 307.54
329.59 283.23
313.38 296.32
308.40 306.29
300.92 315.02
277.85 317.51
285.95 319.38
278.47 335.59
290.94 348.68
285.95 365.51
333.95 399.18
353.90 396.68
342.68 388.58
321.49 378.60
342.06 367.38
312.76 326.86
304.03 347.44
373.23 296.32
361.38 305.05
378.84 309.41
347.05 328.73
336.45 324.99
366.99 319.38
390.68 356.79
373.85 385.46
348.92 427.85
311.51 435.95
368.86 287.59
350.16 293.20
333.95 296.32
421.85 280.11
412.50 290.08
400.03 297.56
419.98 319.38
406.27 313.77
387.56 313.77
382.58 329.36
367.62 334.97
419.98 376.11
415.62 356.79
418.73 339.33
395.67 387.33
381.95 383.59
396.92 405.41
418.11 392.94
372.60 404.79
307.77 382.97
396.92 344.32
213.64 378.60
5.54 508.10
30.76 509.72
42.56 490.60
80.80 501.18
57.20 533.73
46.22 585.80
105.66 457.43
148.56 456.00
176.68 460.76
199.08 476.97
240.55 488.41
282.97 475.06
254.85 445.99
278.21 427.88
324.92 454.09
319.67 412.15
368.77 449.80
333.97 471.73
302.99 504.62
358.28 516.05
376.87 517.01
361.62 547.99
312.52 534.64
293.46 549.42
253.42 514.15
216.24 514.15
187.64 511.77
150.94 502.71
114.72 500.80
119.48 445.51
134.74 562.29
101.85 552.76
126.16 580.40
190.03 558.00
214.81 538.93
247.70 578.97
189.55 577.06
274.87 599.47
333.02 611.38
342.08 577.06
352.56 568.96
173.82 600.66
407.38 246.04
489.23 283.32
515.19 292.71
609.13 300.38
602.45 329.06
566.36 330.79
586.38 329.06
470.69 276.89
454.37 279.12
442.26 297.16
489.72 318.92
509.00 330.04
452.89 314.22
457.58 303.84
471.67 297.41
443.00 344.38
432.12 329.06
479.34 332.52
527.79 342.16
568.34 311.01
491.20 309.53
477.11 318.18
456.59 343.15
445.72 367.37
453.13 413.36
523.59 364.66
521.12 379.49
547.32 376.52
558.20 376.03
587.37 400.75
429.89 303.10
394.40 455.64
421.21 459.94
446.36 440.09
487.39 440.75
472.50 461.60
477.79 474.17
506.58 472.19
453.97 473.18
576.74 461.60
554.57 447.70
524.12 488.07
537.36 483.44
563.17 488.07
573.76 508.26
541.66 529.10
581.70 527.45
610.16 538.37
591.30 566.17
497.65 492.37
454.96 507.26
423.52 517.19
392.42 483.11
412.60 545.98
404.33 571.46
479.45 600.91
507.25 596.28
467.87 545.32
501.29 522.15
489.71 511.56
505.59 444.06
525.78 451.34
470.18 441.08
563.98 418.19
522.84 428.16
505.38 426.92
505.38 398.24
607.62 357.10
568.97 350.86
453.02 577.77
443.05 539.12
297.18 441.88
267.25 454.34
396.92 431.90
424.34 419.44
454.27 393.25
467.98 374.55
552.76 300.99
547.77 318.45
536.55 319.69
355.77 345.88
264.76 347.12
610.11 368.32
593.90 374.55
583.93 382.03
536.89 360.21
547.52 346.13
545.39 331.25
585.24 312.66
607.82 424.49
593.21 331.25
573.55 364.99
565.31 392.09
576.47 327.80
506.61 312.13
578.60 400.85
492.53 577.65
458.43 430.68
373.28 353.50
378.70 366.25
361.81 377.73
491.87 373.59
466.68 401.96
283.71 349.68
208.16 351.75
227.92 328.80
230.47 309.03
268.50 262.66
250.42 265.77
241.07 261.41
397.54 285.72
129.49 358.66
100.19 349.93
115.15 342.45
115.15 352.42
81.49 339.95
103.31 335.59
100.81 283.23
100.81 272.63
109.54 264.53
64.03 239.59
57.80 252.68
20.40 287.59
43.46 288.84
289.69 289.46
209.90 296.79
187.46 269.67
