23.20 527.33
155.35 533.11
361.83 513.29
204.08 490.16
386.61 511.64
482.41 534.76
457.64 527.33
490.67 494.29
517.10 510.81
503.06 528.98
297.41 513.29
280.89 481.08
264.37 480.25
52.11 520.72
64.50 472.82
104.97 472.82
127.27 462.08
176.82 503.38
325.49 482.73
383.30 481.08
471.68 471.16
454.33 475.29
450.20 442.26
412.21 439.78
352.74 454.65
335.40 453.82
322.19 441.43
297.41 453.82
261.89 445.56
277.59 424.09
295.76 400.96
277.59 372.88
239.59 368.75
207.38 362.14
204.08 391.05
221.42 430.69
128.92 433.17
87.62 441.43
60.37 444.74
13.29 449.69
40.54 448.86
132.22 386.09
93.40 405.92
161.13 370.40
177.65 352.23
193.34 334.89
399.00 375.36
350.27 417.48
342.83 393.53
328.79 362.97
242.07 405.92
508.02 461.25
505.54 427.39
519.58 391.88
499.76 381.14
457.64 415.83
418.82 395.18
440.29 395.18
469.20 402.61
451.03 372.88
503.89 331.58
479.94 318.37
470.85 339.02
413.86 354.71
432.03 332.41
17.42 299.37
12.46 416.65
9.99 481.90
9.99 481.90
44.67 421.61
203.25 455.47
39.72 264.68
210.69 289.46
176.82 301.85
166.09 324.98
244.55 326.63
286.67 329.93
313.10 296.89
356.05 291.94
343.66 325.80
377.52 326.63
427.08 293.59
398.17 302.68
527.01 323.32
517.10 354.71
432.86 218.43
400.65 233.30
340.36 267.16
340.36 267.16
392.39 267.16
392.39 267.16
326.31 244.86
342.83 230.82
281.71 256.42
289.97 234.12
308.97 209.35
260.24 283.68
249.50 304.33
273.46 310.11
273.46 310.11
284.19 293.59
293.28 282.03
358.53 358.84
348.61 373.71
444.63 316.10
469.41 291.73
455.78 283.89
459.08 268.61
470.64 252.09
491.29 274.80
529.29 269.02
524.33 293.80
526.39 213.68
526.39 213.68
532.59 136.05
491.71 186.43
488.81 207.49
488.81 207.49
506.57 227.31
500.79 244.65
410.35 275.21
324.04 285.95
303.81 272.74
360.38 211.20
403.74 187.67
454.95 184.77
454.95 184.77
474.36 156.28
466.10 138.52
429.35 132.74
429.35 132.74
373.19 155.04
358.73 186.84
312.48 167.02
334.78 150.50
302.16 146.37
344.69 295.86
428.94 281.00
428.94 281.00
44.55 168.83
67.06 146.32
67.06 146.32
85.89 127.09
85.89 127.09
54.79 95.16
54.79 95.16
67.47 73.47
67.47 73.47
101.85 46.46
101.85 46.46
128.05 44.82
188.62 51.78
188.62 51.78
179.61 72.65
179.61 72.65
134.19 90.25
134.19 90.25
177.98 104.17
222.18 104.99
213.99 73.06
231.59 52.60
255.74 71.43
275.38 46.87
8.54 81.25
52.33 51.78
244.69 131.18
256.15 150.01
262.70 170.06
242.23 192.16
189.44 183.98
192.30 149.60
157.51 142.23
173.07 124.22
123.54 130.77
107.99 195.03
79.75 195.84
87.12 214.67
123.95 219.17
87.53 236.77
90.39 254.37
90.39 254.37
102.26 260.92
132.14 261.33
169.38 256.01
191.89 250.28
221.36 242.91
221.36 242.91
207.04 218.76
242.23 216.31
4.85 63.24
22.04 137.32
31.05 198.71
35.96 229.40
32.28 288.75
32.28 288.75
45.37 289.16
84.66 323.95
73.20 289.98
65.02 269.10
139.51 183.57
166.11 208.94
113.31 293.25
135.00 313.31
168.56 281.79
159.56 287.52
159.56 287.52
159.56 287.52
273.34 123.40
273.34 123.40
9.56 7.37
9.56 7.37
49.67 16.38
75.05 6.56
33.30 365.08
109.42 346.25
109.42 346.25
412.29 41.75
445.85 43.39
382.82 53.21
451.58 18.02
412.29 19.65
377.91 19.65
348.44 18.83
348.44 18.83
328.79 16.38
332.89 43.39
358.26 88.41
358.26 88.41
356.62 110.51
317.33 86.77
317.33 86.77
260.04 342.77
526.27 79.70
495.98 80.93
480.84 96.07
453.42 102.21
459.15 73.56
487.39 55.56
525.86 33.46
504.99 41.23
283.98 80.11
315.49 115.31
389.98 85.43
392.03 114.08
181.05 28.13
214.61 33.86
221.97 10.54
264.54 6.85
221.56 261.12
221.56 261.12
323.88 412.55
200.28 425.65
74.23 391.27
376.27 295.50
376.27 295.50
83.68 520.79
372.40 409.90
499.27 290.02
