66.89 650.09
97.45 655.87
165.17 650.09
160.22 613.75
132.14 594.75
117.27 617.88
70.19 582.36
19.81 561.72
177.56 567.50
157.74 565.02
255.20 549.33
231.25 556.76
250.24 601.36
263.46 636.88
312.19 603.01
418.73 645.14
369.18 659.18
350.18 637.70
469.11 664.96
493.89 646.79
575.66 612.92
538.49 617.05
450.12 608.79
403.87 608.79
385.70 591.45
363.40 609.62
347.70 560.89
387.35 555.11
436.08 566.67
463.33 574.93
516.19 587.32
598.79 568.32
561.62 566.67
593.83 535.29
683.86 617.88
436.08 512.16
618.61 533.64
763.14 600.54
778.01 657.52
869.69 598.88
904.38 641.83
920.07 617.05
985.32 632.75
982.84 550.15
952.28 527.03
901.07 547.68
858.95 546.02
779.66 526.20
802.79 574.93
731.76 584.84
691.29 578.24
714.41 556.76
689.64 549.33
722.67 516.29
749.10 532.81
735.06 550.98
529.41 535.29
512.89 503.08
496.37 502.25
284.11 542.72
296.50 494.82
336.97 494.82
359.27 484.08
408.82 525.38
557.49 504.73
615.30 503.08
703.68 493.16
686.33 497.29
682.20 464.26
644.21 461.78
584.74 476.65
567.40 475.82
554.19 463.43
529.41 475.82
493.89 467.56
509.59 446.09
527.76 422.96
509.59 394.88
471.59 390.75
439.38 384.14
436.08 413.05
453.42 452.69
360.92 455.17
319.62 463.43
292.37 466.74
245.29 471.69
272.54 470.86
209.77 531.16
149.48 509.68
109.84 556.76
71.84 526.20
80.93 489.04
28.90 499.77
364.22 408.09
325.40 427.92
202.34 403.96
169.30 432.87
151.13 472.52
189.95 467.56
393.13 392.40
409.65 374.23
425.34 356.89
631.00 397.36
582.27 439.48
574.83 415.53
560.79 384.97
474.07 427.92
740.02 483.25
737.54 449.39
792.05 455.17
785.44 485.73
839.13 475.82
872.99 469.21
873.82 508.03
912.64 504.73
932.46 492.34
954.76 489.04
939.89 459.30
917.59 432.87
988.62 430.39
960.54 405.62
936.59 396.53
918.42 346.98
897.77 360.19
889.51 389.10
858.95 392.40
852.34 416.35
827.57 410.57
801.14 392.40
751.58 413.88
731.76 403.14
689.64 437.83
650.82 417.18
672.29 417.18
701.20 424.61
683.03 394.88
1043.96 611.27
906.03 300.72
889.51 327.15
869.69 337.89
811.87 362.67
735.89 353.58
711.94 340.37
702.85 361.02
645.86 376.71
664.03 354.41
164.35 408.92
170.96 384.97
175.91 360.19
161.04 331.28
182.52 313.94
214.73 344.50
249.42 321.37
215.56 300.72
208.12 266.86
174.26 267.69
125.53 391.58
60.28 400.66
90.84 377.54
111.49 362.67
72.67 346.98
62.76 328.81
53.67 312.29
93.32 313.94
93.32 313.94
113.97 306.51
15.68 370.10
26.42 432.87
9.07 422.96
46.24 465.91
32.20 451.87
80.10 442.78
96.62 467.56
138.74 434.52
86.71 413.88
110.66 424.61
199.04 434.52
244.46 438.65
229.60 470.04
241.99 503.90
241.99 503.90
276.67 443.61
435.25 477.47
271.72 286.68
442.69 311.46
408.82 323.85
398.09 346.98
476.55 348.63
518.67 351.93
545.10 318.89
588.05 313.94
575.66 347.80
609.52 348.63
659.08 315.59
630.17 324.68
781.31 334.59
759.01 345.32
749.10 376.71
799.49 311.46
827.57 318.89
827.57 318.89
828.39 348.63
828.39 348.63
664.86 240.43
632.65 255.30
572.36 289.16
572.36 289.16
624.39 289.16
624.39 289.16
558.31 266.86
574.83 252.82
513.71 278.42
521.97 256.12
540.97 231.35
492.24 305.68
481.50 326.33
505.46 332.11
505.46 332.11
516.19 315.59
525.28 304.03
590.53 380.84
580.61 395.71
980.36 375.88
993.58 375.88
953.11 343.67
850.69 341.19
982.84 320.55
964.67 297.42
930.81 305.68
829.42 333.55
676.63 338.10
701.41 313.73
687.78 305.89
691.08 290.61
702.64 274.09
723.29 296.80
761.29 291.02
777.80 297.63
774.50 312.91
756.33 315.80
797.63 272.02
833.97 280.28
835.62 260.05
858.33 236.10
858.33 236.10
878.57 233.62
923.17 236.92
905.82 217.92
959.51 222.05
977.68 238.57
946.29 261.70
933.49 272.85
942.16 295.15
817.45 233.62
758.39 235.68
758.39 235.68
784.41 209.25
802.58 212.97
848.01 198.93
861.22 177.87
843.05 157.22
769.96 173.74
764.59 158.05
789.37 154.74
789.37 154.74
789.37 154.74
723.71 208.43
720.81 229.49
720.81 229.49
738.57 249.31
732.79 266.65
642.35 297.21
556.04 307.95
535.81 294.74
592.38 233.20
635.74 209.67
686.95 206.77
686.95 206.77
706.36 178.28
698.10 160.52
661.35 154.74
661.35 154.74
605.19 177.04
590.73 208.84
544.48 189.02
566.78 172.50
534.16 168.37
988.00 205.54
988.00 205.54
959.92 163.00
928.12 174.98
902.52 169.61
902.52 169.61
860.81 308.36
576.69 317.86
660.94 303.00
660.94 303.00
991.72 348.83
185.08 222.55
224.37 213.55
108.75 214.16
67.01 223.98
32.63 237.49
28.54 275.14
51.05 270.23
94.84 293.15
21.99 326.30
3.16 320.16
103.84 175.69
103.84 175.69
71.51 179.78
71.51 158.09
96.88 158.09
130.44 158.50
170.55 151.13
189.79 128.62
216.80 140.08
212.71 158.09
223.35 183.06
185.29 201.88
276.55 190.83
299.06 168.32
299.06 168.32
317.89 149.09
317.89 149.09
286.79 117.16
286.79 117.16
299.47 95.47
299.47 95.47
333.85 68.46
333.85 68.46
360.05 66.82
420.62 73.78
420.62 73.78
411.61 94.65
411.61 94.65
366.19 112.25
366.19 112.25
409.98 126.17
454.18 126.99
445.99 95.06
463.59 74.60
487.74 93.43
507.38 68.87
240.54 103.25
197.16 105.29
123.08 115.94
96.88 99.16
74.37 115.94
61.69 103.25
34.26 114.71
28.94 142.95
30.17 65.59
112.03 72.14
148.45 69.69
169.73 82.37
207.80 70.51
284.33 73.78
476.69 153.18
488.15 172.01
494.70 192.06
474.23 214.16
421.44 205.98
424.30 171.60
389.51 164.23
405.07 146.22
355.54 152.77
339.99 217.03
311.75 217.84
319.12 236.67
355.95 241.17
319.53 258.77
322.39 276.37
322.39 276.37
334.26 282.92
364.14 283.33
401.38 278.01
423.89 272.28
453.36 264.91
453.36 264.91
439.04 240.76
474.23 238.31
146.81 219.48
121.03 268.18
148.04 310.75
90.74 330.39
69.87 293.56
69.87 293.56
217.21 86.06
236.85 85.24
254.04 159.32
263.05 220.71
267.96 251.40
227.44 249.36
264.28 310.75
264.28 310.75
277.37 311.16
316.66 345.95
305.20 311.98
297.02 291.10
371.51 205.57
398.11 230.94
345.31 315.25
367.00 335.31
400.56 303.79
391.56 309.52
391.56 309.52
391.56 309.52
505.34 145.40
505.34 145.40
78.67 39.20
131.06 24.46
169.53 22.01
174.44 46.56
221.92 50.66
221.92 50.66
241.56 29.37
241.56 29.37
281.67 38.38
307.05 28.56
33.65 33.47
36.93 7.27
224.37 362.52
224.37 362.52
224.37 362.52
265.30 387.08
42.66 411.63
341.42 368.25
341.42 368.25
644.29 63.75
677.85 65.39
614.82 75.21
683.58 40.02
644.29 41.65
609.91 41.65
580.44 40.83
580.44 40.83
560.79 38.38
564.89 65.39
590.26 110.41
590.26 110.41
588.62 132.51
549.33 108.77
549.33 108.77
492.04 364.77
865.50 19.03
894.15 17.39
908.06 3.07
967.00 6.75
967.00 6.75
971.50 27.22
997.69 20.26
911.34 42.36
913.38 61.59
872.86 51.36
966.59 49.32
935.07 40.72
935.48 91.47
890.05 100.48
861.40 94.34
870.41 123.39
895.78 121.35
923.61 123.39
965.77 115.62
969.45 137.31
992.37 95.97
897.42 135.67
838.89 136.08
811.06 136.90
812.70 118.48
815.98 96.38
827.44 82.88
786.51 87.38
758.27 101.70
727.98 102.93
712.84 118.07
685.42 124.21
691.15 95.56
719.39 77.56
757.86 55.46
768.91 129.94
774.64 117.26
736.99 63.23
763.18 13.30
781.60 13.30
799.60 20.26
825.80 12.89
851.99 3.48
728.80 6.75
716.93 3.89
666.59 16.98
649.40 3.89
624.85 5.11
608.47 13.71
581.05 9.62
515.98 102.11
547.49 137.31
621.98 107.43
624.03 136.08
413.05 50.13
446.61 55.86
453.97 32.54
496.54 28.85
500.63 2.25
453.56 283.12
453.56 283.12
555.88 434.55
432.28 447.65
306.23 413.27
608.27 317.50
608.27 317.50
51.95 505.83
315.68 542.79
604.40 431.90
854.15 454.88
878.12 444.89
809.19 476.86
731.27 312.02
414.59 13.32
891.11 656.68
789.21 622.71
531.47 640.69
