982.30 518.89
942.65 513.11
893.92 524.67
866.67 532.93
731.21 526.32
768.38 524.67
736.17 493.29
893.92 470.16
711.39 491.64
471.05 504.02
550.34 484.20
527.21 532.93
615.59 514.76
640.36 507.33
607.33 474.29
580.90 490.81
594.94 508.98
800.59 493.29
817.11 461.08
833.63 460.25
993.03 452.82
970.73 442.08
921.18 483.38
772.51 462.73
714.70 461.08
626.32 451.16
643.67 455.29
647.80 422.26
685.79 419.78
745.26 434.65
762.60 433.82
775.81 421.43
800.59 433.82
836.11 425.56
820.41 404.09
802.24 380.96
820.41 352.88
858.41 348.75
890.62 342.14
893.92 371.05
876.58 410.69
969.08 413.17
965.78 366.09
936.87 350.40
920.35 332.23
904.66 314.89
699.00 355.36
747.73 397.48
755.17 373.53
769.21 342.97
855.93 385.92
589.98 441.25
592.46 407.39
537.95 413.17
544.56 443.73
490.87 433.82
471.05 350.40
477.66 374.35
502.43 368.57
528.86 350.40
578.42 371.88
598.24 361.14
640.36 395.83
679.18 375.18
657.71 375.18
628.80 382.61
646.97 352.88
518.13 320.67
594.11 311.58
618.06 298.37
627.15 319.02
684.14 334.71
665.97 312.41
894.75 435.47
887.31 269.46
921.18 281.85
931.91 304.98
853.45 306.63
811.33 309.93
784.90 276.89
741.95 271.94
754.34 305.80
720.48 306.63
670.92 273.59
699.83 282.68
548.69 292.59
570.99 303.32
580.90 334.71
530.51 269.46
502.43 276.89
502.43 276.89
501.61 306.63
501.61 306.63
665.14 198.43
697.35 213.30
757.64 247.16
757.64 247.16
705.61 247.16
705.61 247.16
771.69 224.86
755.17 210.82
816.29 236.42
808.03 214.12
789.03 189.35
837.76 263.68
848.50 284.33
824.54 290.11
824.54 290.11
813.81 273.59
804.72 262.03
739.47 338.84
749.39 353.71
479.31 299.19
500.58 291.55
653.37 296.10
628.59 271.73
642.22 263.89
638.92 248.61
627.36 232.09
606.71 254.80
568.71 249.02
552.20 255.63
555.50 270.91
573.67 273.80
532.37 230.02
496.03 238.28
494.38 218.05
471.67 194.10
471.67 194.10
512.55 191.62
571.61 193.68
571.61 193.68
545.59 167.25
527.42 170.97
481.99 156.93
468.78 135.87
486.95 115.22
560.04 131.74
565.41 116.05
540.63 112.74
540.63 112.74
540.63 112.74
606.29 166.43
609.19 187.49
609.19 187.49
591.43 207.31
597.21 224.65
687.65 255.21
773.96 265.95
794.19 252.74
737.62 191.20
694.26 167.67
643.05 164.77
643.05 164.77
623.64 136.28
631.90 118.52
668.65 112.74
668.65 112.74
724.81 135.04
739.27 166.84
785.52 147.02
763.22 130.50
795.84 126.37
469.19 266.36
753.31 275.86
669.06 261.00
669.06 261.00
996.15 26.46
996.15 26.46
969.95 24.82
909.38 31.78
909.38 31.78
918.39 52.65
918.39 52.65
963.81 70.25
963.81 70.25
920.02 84.17
875.82 84.99
884.01 53.06
866.41 32.60
842.26 51.43
822.62 26.87
853.31 111.18
841.85 130.01
835.30 150.06
855.77 172.16
908.56 163.98
905.70 129.60
940.49 122.23
924.93 104.22
974.46 110.77
990.01 175.03
974.05 199.17
995.74 240.92
965.86 241.33
928.62 236.01
906.11 230.28
876.64 222.91
876.64 222.91
890.96 198.76
855.77 196.31
958.49 163.57
931.89 188.94
984.69 273.25
963.00 293.31
929.44 261.79
938.44 267.52
938.44 267.52
938.44 267.52
824.66 103.40
824.66 103.40
988.58 326.25
988.58 326.25
685.71 21.75
652.15 23.39
715.18 33.21
765.11 23.39
739.74 68.41
739.74 68.41
741.38 90.51
780.67 66.77
780.67 66.77
837.96 322.77
468.60 52.34
491.11 94.08
518.94 94.90
517.30 76.48
514.02 54.38
502.56 40.88
543.49 45.38
571.73 59.70
602.02 60.93
617.16 76.07
644.58 82.21
638.85 53.56
610.61 35.56
572.14 13.46
561.09 87.94
555.36 75.26
593.01 21.23
814.02 60.11
782.51 95.31
708.02 65.43
705.97 94.08
916.95 8.13
883.39 13.86
876.44 241.12
876.44 241.12
774.12 392.55
897.72 405.65
721.73 275.50
721.73 275.50
725.60 389.90
475.85 412.88
520.81 434.86
598.73 270.02
