5.90 536.08
71.37 505.90
13.57 474.19
13.57 442.99
11.53 419.46
73.93 448.61
45.29 416.39
40.68 378.03
27.89 344.78
66.26 348.87
46.31 315.12
74.95 391.33
94.39 428.15
108.20 481.35
131.22 522.78
172.13 544.77
193.62 511.02
159.35 499.76
145.54 482.88
142.98 433.78
116.89 382.63
245.79 525.53
255.00 493.82
219.19 499.96
205.89 455.97
177.25 437.56
197.71 413.00
197.71 384.36
164.97 387.43
171.11 369.02
138.38 342.42
96.43 322.98
111.78 287.18
70.86 277.97
26.87 281.04
6.67 161.35
34.80 173.63
26.62 201.76
30.20 233.47
40.94 265.70
111.52 257.00
97.71 225.80
61.91 209.94
83.90 197.67
84.93 176.70
109.48 200.23
124.82 168.51
16.39 125.04
91.06 125.55
72.65 92.81
37.36 63.15
44.52 39.11
79.81 54.96
112.55 62.63
127.89 59.05
120.73 138.33
121.24 111.23
200.78 272.86
214.08 248.30
213.05 217.62
173.16 208.41
152.70 274.90
131.22 228.87
152.70 142.94
170.09 133.73
196.69 142.94
155.77 243.19
222.26 309.68
234.54 347.53
244.77 225.80
276.99 223.75
289.78 226.82
273.41 263.14
258.58 276.95
259.60 309.17
260.62 329.63
305.63 342.93
327.12 315.82
307.68 287.18
164.46 173.12
193.11 186.41
239.65 188.97
257.04 171.58
264.71 136.80
223.79 146.01
227.89 119.41
195.66 113.27
177.25 83.09
136.33 67.75
140.93 36.04
196.69 68.26
213.05 96.90
237.09 84.63
265.23 80.54
279.04 107.13
303.59 139.36
324.05 116.34
332.74 82.58
316.37 63.66
289.78 56.50
312.28 41.15
4.37 21.40
52.96 4.01
77.00 27.54
109.73 24.47
191.06 9.12
224.31 30.09
251.93 19.35
285.68 15.26
342.46 3.50
346.04 33.16
351.16 136.48
326.09 162.57
283.64 165.64
309.21 198.37
305.12 534.54
292.33 507.95
302.05 462.94
272.39 448.10
271.36 426.62
230.96 417.92
235.05 438.90
223.79 377.01
260.11 369.84
309.72 383.14
334.79 364.73
346.04 403.09
361.39 413.83
383.38 442.99
341.95 492.09
382.87 517.66
336.32 532.50
426.86 534.54
400.26 498.74
432.48 473.17
421.74 436.85
410.49 405.65
386.45 381.10
478.00 541.19
445.78 503.34
487.21 458.84
460.61 448.10
460.61 414.34
424.81 383.14
412.53 348.36
368.55 357.06
377.75 329.44
371.10 312.05
417.65 306.93
448.34 319.72
486.70 329.95
504.60 311.53
519.43 363.20
467.26 370.87
489.26 389.28
538.87 466.52
539.89 344.27
507.67 501.30
343.23 224.78
353.46 198.69
374.43 228.36
390.28 192.04
379.54 158.79
373.92 120.94
409.21 137.82
415.35 266.21
388.24 280.02
331.46 281.04
340.67 259.05
485.93 278.48
460.36 247.79
427.62 217.10
473.15 177.72
394.89 98.44
418.42 78.49
452.69 60.59
421.48 44.73
367.78 30.92
504.86 190.00
525.83 226.31
544.75 164.42
537.59 137.82
513.04 160.84
490.02 144.98
479.79 122.99
496.67 116.34
499.23 92.81
514.06 69.80
501.79 43.71
477.24 50.87
433.25 26.32
446.55 151.32
441.43 117.56
472.63 15.26
489.51 7.59
530.94 17.31
519.69 5.03
512.53 534.54
181.09 339.67
30.45 106.56
