1006.72 639.95
954.04 656.31
986.77 597.49
1003.14 547.88
982.68 519.23
945.85 513.10
942.78 550.95
923.35 598.00
902.89 626.65
894.19 669.10
835.37 662.45
839.46 627.67
857.88 581.12
893.17 554.02
876.80 523.84
902.89 525.37
948.41 476.78
1010.81 448.65
974.50 405.68
1006.72 393.41
940.23 434.84
905.44 498.77
834.35 529.46
845.60 487.01
802.63 515.14
826.67 473.20
838.44 433.82
879.87 415.91
915.67 400.57
921.30 364.25
945.34 382.16
968.87 359.65
990.86 352.49
839.97 568.34
804.68 569.87
794.45 592.38
784.73 666.54
793.94 631.76
737.16 657.85
736.14 619.49
761.20 581.12
765.81 536.11
770.92 498.77
787.80 461.95
772.46 443.53
778.08 402.61
819.00 386.76
862.48 380.62
850.71 351.47
933.58 345.33
806.73 369.88
760.69 385.74
735.12 410.80
726.93 392.38
717.22 369.37
760.18 346.35
798.54 347.37
969.89 322.70
952.50 276.67
992.40 284.85
1009.28 247.51
684.74 637.90
699.06 604.14
703.15 571.92
717.98 548.90
742.02 516.17
721.56 494.17
730.77 462.97
695.48 526.39
665.81 539.18
634.10 579.08
648.42 615.39
635.63 648.64
597.78 607.21
578.35 590.33
568.63 548.90
626.43 517.19
626.43 485.99
628.47 462.46
669.90 484.45
670.42 444.56
681.16 410.29
642.79 412.33
654.05 393.92
688.32 368.86
589.60 673.70
539.99 650.18
526.18 669.61
566.07 491.61
594.71 459.39
599.32 421.03
612.11 387.78
640.75 368.86
688.83 346.35
573.74 391.87
593.69 358.12
565.05 434.33
545.61 471.15
531.80 524.35
545.10 610.28
508.78 565.78
505.20 626.14
475.54 651.20
443.31 636.88
467.87 587.77
446.38 554.02
480.65 542.76
494.46 525.88
497.02 476.78
523.11 425.63
409.56 673.90
403.42 639.12
417.74 595.13
394.21 568.53
385.00 536.82
420.81 542.96
434.11 498.97
462.75 480.56
442.29 456.00
442.29 427.36
475.03 430.43
468.89 412.02
501.62 385.42
543.57 365.98
528.22 330.18
569.14 320.97
613.13 324.04
648.93 332.22
727.70 310.74
763.51 321.99
819.77 327.11
821.82 288.24
890.10 331.20
909.02 272.89
958.13 235.04
1013.37 192.59
993.42 164.97
1018.99 122.51
975.52 139.39
969.89 124.05
952.50 167.01
942.27 116.38
921.30 160.36
909.54 185.43
915.16 216.12
883.45 218.67
876.29 250.90
844.58 260.62
807.75 239.64
842.02 209.47
881.40 162.92
883.96 127.63
919.25 124.05
886.52 111.26
965.80 86.71
896.75 80.06
864.01 96.94
841.51 90.80
841.51 124.05
833.32 112.28
812.86 94.89
782.69 101.03
802.12 128.65
831.28 164.46
837.42 178.78
796.50 209.47
807.75 201.28
773.99 193.10
781.66 175.71
766.83 126.09
747.91 152.69
724.38 174.69
728.98 189.01
753.53 237.09
779.62 268.29
747.39 289.26
708.01 236.06
714.66 222.77
695.73 264.71
677.32 247.32
687.04 282.61
650.21 315.86
647.14 298.47
647.14 270.33
664.02 219.70
681.92 199.75
692.15 183.89
675.79 150.65
677.32 139.39
674.25 123.54
664.02 175.20
643.05 217.14
633.33 204.35
605.20 216.63
613.38 244.76
609.80 276.47
599.06 308.70
528.48 300.00
542.29 268.80
578.09 252.94
556.10 240.67
555.07 219.70
530.52 243.23
515.18 211.51
623.61 168.04
548.94 168.55
567.35 135.81
602.64 106.15
644.58 103.08
654.81 113.31
595.48 82.11
560.19 97.96
527.45 105.63
512.11 102.05
519.27 181.33
518.76 154.23
439.22 315.86
425.92 291.30
426.95 260.62
466.84 251.41
487.30 317.90
508.78 271.87
487.30 185.94
469.91 176.73
443.31 185.94
484.23 286.19
417.74 352.68
405.46 390.53
395.23 268.80
363.01 266.75
350.22 269.82
366.59 306.14
381.42 319.95
380.40 352.17
379.38 372.63
334.37 385.93
312.88 358.82
332.32 330.18
475.54 216.12
446.89 229.41
400.35 231.97
382.96 214.58
375.29 179.80
416.21 189.01
412.11 162.41
444.34 156.27
462.75 126.09
503.67 110.75
499.07 79.04
443.31 111.26
426.95 139.90
402.91 127.63
374.77 123.54
360.96 150.13
336.41 182.36
315.95 159.34
307.26 125.58
323.63 106.66
350.22 99.50
327.72 84.15
833.07 52.95
863.76 48.86
1007.23 95.09
1005.70 20.92
965.80 39.85
965.80 16.32
947.90 23.48
911.07 17.34
821.56 30.13
648.93 36.27
657.12 21.43
675.53 16.32
677.58 37.80
622.34 17.34
617.73 36.27
635.63 64.40
587.04 47.01
588.58 13.25
614.15 6.09
569.14 32.69
563.00 70.54
530.27 67.47
527.71 39.34
539.47 17.85
496.51 23.48
481.68 40.87
470.93 9.67
450.48 24.50
425.41 42.40
448.94 52.12
426.44 14.27
404.95 29.62
415.69 73.09
388.07 62.35
364.03 40.36
376.82 14.78
350.22 11.72
335.39 37.29
354.32 58.26
297.54 46.50
324.65 15.30
293.96 76.16
288.84 179.48
313.91 205.57
356.36 208.64
330.79 241.37
347.67 638.92
334.88 577.54
347.67 550.95
337.95 505.94
367.10 669.10
367.61 491.10
368.64 469.62
409.04 460.92
404.95 481.90
416.21 420.01
379.89 412.84
330.28 426.14
305.21 407.73
293.96 446.09
278.61 456.83
256.62 485.99
298.05 535.09
257.13 560.66
275.55 591.87
303.68 575.50
311.35 634.83
299.07 621.02
277.59 674.73
272.99 656.31
246.90 667.05
237.18 644.55
222.35 607.72
213.14 577.54
239.74 541.74
207.52 516.17
218.26 479.85
229.51 448.65
253.55 424.10
198.82 645.57
144.60 670.12
156.37 635.34
183.48 610.79
162.00 584.19
194.22 546.34
152.79 501.84
179.39 491.10
179.39 457.34
215.19 426.14
227.47 391.36
271.45 400.06
262.25 372.44
268.90 355.05
222.35 349.93
191.66 362.72
153.30 372.95
135.40 354.53
120.57 406.20
172.74 413.87
150.74 432.28
101.13 509.52
91.41 489.57
93.97 434.84
100.11 387.27
97.04 620.00
113.40 651.20
113.40 676.26
131.82 624.60
132.33 544.30
296.77 267.78
286.54 241.69
265.57 271.36
249.72 235.04
260.46 201.79
266.08 163.94
230.79 180.82
224.65 309.21
251.76 323.02
308.54 324.04
299.33 302.05
154.07 321.48
179.64 290.79
212.38 260.10
166.85 220.72
245.11 141.44
221.58 121.49
187.31 103.59
218.52 87.73
272.22 73.92
135.14 233.00
114.17 269.31
91.67 278.01
53.82 230.95
70.18 205.37
95.25 207.42
102.41 180.82
126.96 203.84
149.98 187.98
160.21 165.99
143.33 159.34
140.77 135.81
125.94 112.80
138.21 86.71
162.76 93.87
206.75 69.32
20.57 253.45
4.20 276.47
75.30 319.95
67.63 372.12
48.19 166.50
47.68 127.12
59.44 104.10
78.88 102.57
73.76 73.41
45.63 65.23
26.71 91.82
31.82 216.63
37.45 203.33
23.13 384.40
4.20 364.45
1.13 343.48
193.45 194.32
198.57 160.56
167.37 58.26
178.62 42.40
184.25 27.06
224.65 25.53
268.64 39.34
253.30 22.97
239.49 9.16
272.73 5.07
145.88 17.85
150.49 50.59
109.06 60.31
120.31 48.03
74.79 43.43
48.70 33.71
13.41 30.64
64.56 5.58
8.29 11.20
51.26 641.99
31.82 666.03
25.17 589.82
49.72 608.74
75.81 571.41
127.47 577.54
61.49 559.64
43.59 533.56
63.53 502.35
66.60 471.67
36.94 479.85
49.21 436.37
56.88 404.66
6.25 407.73
8.80 469.11
11.36 496.73
14.43 560.66
458.91 382.67
609.55 149.56
883.11 457.28
