44.86 538.49
19.80 500.12
15.19 455.11
10.08 417.77
8.54 362.53
2.92 321.61
20.31 304.74
45.88 329.80
54.07 311.38
63.78 288.37
20.82 265.35
81.94 523.14
77.85 490.92
63.02 467.90
38.98 435.17
59.44 413.17
50.23 381.97
85.52 445.39
115.19 458.18
146.90 498.08
132.58 534.39
183.22 526.21
202.65 509.33
212.37 467.90
154.57 436.19
154.57 404.99
152.53 381.46
111.10 403.45
110.58 363.56
99.84 329.29
138.21 331.33
126.95 312.92
92.68 287.86
214.93 410.61
186.29 378.39
181.68 340.03
168.89 306.78
140.25 287.86
92.17 265.35
207.26 310.87
187.31 277.12
215.95 353.33
235.39 390.15
249.20 443.35
235.90 529.28
272.22 484.78
275.80 545.14
313.13 506.77
334.62 473.02
300.35 461.76
286.54 444.88
283.98 395.78
257.89 344.63
363.26 514.13
386.79 487.53
396.00 455.82
360.19 461.96
346.89 417.97
318.25 399.56
338.71 375.00
338.71 346.36
305.97 349.43
312.11 331.02
279.38 304.42
237.43 284.98
252.78 249.18
211.86 239.97
167.87 243.04
132.07 251.22
53.30 229.74
17.49 240.99
7.01 112.10
14.17 45.09
33.09 71.69
56.62 93.69
52.02 108.01
27.47 156.09
1.38 187.29
33.61 208.26
72.99 155.06
66.34 141.77
85.27 183.71
103.68 166.32
93.96 201.61
130.79 234.86
133.86 217.47
133.86 189.33
116.98 138.70
99.08 118.75
88.85 102.89
105.21 69.65
103.68 58.39
106.75 42.54
116.98 94.20
137.95 136.14
147.67 123.35
175.80 135.63
167.62 163.76
171.20 195.47
181.94 227.70
252.52 219.00
238.71 187.80
202.91 171.94
224.90 159.67
225.93 138.70
250.48 162.23
265.82 130.51
157.39 87.04
232.06 87.55
213.65 54.81
178.36 25.15
136.42 22.08
126.19 32.31
185.52 1.11
220.81 16.96
253.55 24.63
268.89 21.05
261.73 100.33
262.24 73.23
341.78 234.86
355.08 210.30
354.05 179.62
314.16 170.41
293.70 236.90
272.22 190.87
293.70 104.94
311.09 95.73
337.69 104.94
296.77 205.19
363.26 271.68
375.54 309.53
385.77 187.80
417.99 185.75
430.78 188.82
414.41 225.14
399.58 238.95
400.60 271.17
401.62 291.63
446.63 304.93
468.12 277.82
448.68 249.18
305.46 135.12
334.11 148.41
380.65 150.97
398.04 133.58
405.71 98.80
364.79 108.01
368.89 81.41
336.66 75.27
318.25 45.09
277.33 29.75
337.69 30.26
354.05 58.90
378.09 46.63
406.23 42.54
420.04 69.13
444.59 101.36
465.05 78.34
473.74 44.58
457.37 25.66
430.78 18.50
453.28 3.15
492.16 98.48
467.09 124.57
424.64 127.64
450.21 160.37
446.12 496.54
433.33 469.95
443.05 424.94
413.39 410.10
412.36 388.62
371.96 379.92
376.05 400.90
364.79 339.01
401.11 331.84
450.72 345.14
475.79 326.73
487.04 365.09
502.39 375.83
524.38 404.99
482.95 454.09
523.87 479.66
505.45 510.87
477.32 494.50
481.93 540.02
541.26 460.74
527.45 343.10
509.55 319.06
518.75 291.44
512.10 274.05
484.23 186.78
494.46 160.69
515.43 190.36
531.28 154.04
520.54 120.79
514.92 82.94
529.24 242.02
472.46 243.04
481.67 221.05
535.89 60.44
322.09 301.67
171.45 68.56
