346.93 4.66
378.90 17.09
382.45 5.99
359.36 11.77
356.25 9.10
352.26 6.44
354.03 23.31
345.60 24.20
279.89 1.55
326.06 5.33
311.86 6.22
312.74 1.55
88.08 144.52
312.74 5.55
300.31 4.66
338.50 1.55
372.68 23.31
377.12 21.53
394.88 24.20
396.21 32.63
394.44 38.85
390.00 39.29
391.77 28.64
383.34 30.86
376.68 26.42
370.91 30.86
372.68 38.85
375.35 44.18
378.90 32.63
384.23 37.52
368.69 32.63
363.80 29.52
362.03 26.42
358.03 29.52
361.58 37.52
366.02 42.40
368.69 48.62
350.04 31.74
330.95 33.08
321.62 28.19
313.63 37.52
310.97 30.41
310.08 27.30
300.76 23.31
301.64 30.41
295.87 26.86
295.43 33.52
301.20 37.52
298.98 35.74
314.96 54.83
345.60 62.38
341.16 68.15
335.39 72.15
349.15 77.48
361.14 64.60
346.93 71.70
355.81 42.84
343.82 41.07
343.38 34.41
344.71 28.64
341.16 50.39
354.03 56.16
332.72 51.72
325.62 41.96
329.17 55.28
332.28 57.50
327.40 64.16
326.95 60.60
312.74 67.26
304.31 65.49
299.87 68.15
294.98 65.49
288.77 66.38
279.89 61.49
272.34 62.82
254.14 64.60
270.56 74.37
248.81 64.16
240.37 65.49
233.27 71.26
239.04 75.70
244.81 72.59
245.26 85.91
264.35 85.02
282.55 81.92
291.43 77.48
280.33 74.81
295.43 92.13
285.22 89.91
307.86 93.02
292.76 102.78
297.20 98.34
284.33 100.56
289.66 99.68
312.74 109.89
308.75 99.23
326.51 98.34
317.18 93.02
332.28 93.02
319.40 74.37
325.18 83.69
312.30 77.48
306.53 74.81
321.18 108.56
329.17 112.55
340.27 105.45
328.73 105.45
341.16 96.12
355.37 93.02
348.71 88.13
380.23 105.45
368.69 107.67
361.14 103.67
353.59 112.11
368.69 120.99
388.67 111.66
395.77 117.88
401.10 101.45
391.33 93.02
387.33 84.14
382.45 89.02
368.69 91.24
376.23 80.58
405.98 83.69
410.42 71.70
419.30 77.48
416.64 85.91
430.85 92.13
433.07 82.80
430.40 71.26
426.41 60.60
415.75 63.71
392.66 54.83
403.76 36.18
415.75 44.18
419.75 33.96
411.31 33.96
419.30 26.42
412.20 25.08
416.19 111.66
420.63 118.32
434.84 112.11
424.19 107.67
429.96 103.23
429.51 98.34
432.18 63.71
436.62 54.83
429.51 41.96
422.41 60.60
436.62 38.85
435.73 16.20
428.18 17.98
425.07 21.53
423.74 15.76
405.09 59.72
400.21 65.49
395.33 77.48
421.52 130.31
426.85 143.19
432.18 158.28
434.40 170.27
417.53 166.72
413.97 147.18
400.21 151.18
396.21 162.28
409.53 179.15
397.10 186.70
386.00 197.80
382.01 208.45
373.57 197.80
386.45 179.15
374.90 167.16
382.45 146.74
374.01 146.30
394.88 139.64
372.68 135.64
363.36 190.25
364.25 168.49
356.25 171.16
346.93 176.49
341.16 201.79
322.96 199.13
324.29 184.03
318.52 168.49
327.84 156.95
331.84 147.18
346.93 136.53
357.59 134.31
379.34 120.10
398.43 89.91
332.72 131.20
337.16 117.88
306.08 145.85
322.07 147.63
312.74 130.31
314.08 125.87
295.87 124.98
287.44 125.43
285.66 136.53
277.22 147.18
274.56 166.72
291.88 170.27
300.31 166.72
303.86 152.95
294.54 190.25
285.66 203.13
301.64 212.01
262.57 188.92
247.92 176.04
214.18 199.57
230.16 211.12
218.17 180.48
227.50 168.49
228.83 161.39
216.40 155.17
225.72 148.96
199.08 166.27
203.52 176.93
252.80 142.74
252.80 155.17
240.37 134.75
251.92 122.32
251.92 114.77
244.37 111.66
239.93 120.10
232.82 115.66
222.61 136.53
222.61 125.43
201.30 148.07
210.62 119.21
218.62 102.34
219.50 113.88
235.49 90.35
236.82 98.34
251.03 101.45
266.12 129.42
266.12 142.74
275.45 141.86
268.79 110.78
301.64 185.37
268.34 153.84
224.39 73.48
227.05 81.92
221.72 78.36
216.40 85.91
215.95 96.57
210.62 89.91
210.62 80.58
210.62 73.48
199.53 61.05
199.08 49.06
205.30 36.63
236.38 33.96
271.01 29.52
281.66 23.31
201.30 27.30
206.19 51.72
203.52 109.00
196.86 103.23
199.08 97.01
190.65 89.91
191.53 85.91
198.19 85.02
203.08 85.02
196.86 74.81
206.19 76.59
186.65 42.40
186.65 51.28
173.33 49.06
162.67 51.28
160.01 61.05
152.02 57.50
156.90 70.37
152.02 70.37
153.79 77.92
166.67 80.58
169.78 69.04
176.44 87.69
180.43 84.58
185.76 69.48
175.55 75.26
161.34 90.35
155.57 91.24
171.11 104.56
184.43 100.12
184.87 112.55
178.21 105.89
187.09 119.21
175.11 126.32
161.34 113.88
175.55 116.99
163.12 136.97
172.44 148.07
187.98 136.53
195.97 128.09
170.22 165.39
153.35 162.28
150.24 145.85
150.24 130.31
152.02 115.22
154.68 181.81
154.24 194.69
167.56 194.69
178.66 180.93
186.65 192.47
183.54 202.68
237.26 193.36
103.34 19.31
92.68 17.09
73.59 14.87
65.60 14.87
55.39 14.87
62.05 19.31
69.59 27.75
54.50 28.64
42.95 20.64
44.73 21.98
37.63 17.54
30.97 20.64
25.64 23.31
12.32 24.20
5.22 21.98
39.40 27.75
0.33 21.09
23.42 24.20
61.16 53.50
128.65 59.27
141.97 61.05
144.63 65.93
149.96 73.48
146.85 75.70
138.86 71.26
132.20 65.49
115.77 64.60
127.31 80.58
136.64 81.03
147.74 80.58
150.40 87.24
139.30 92.13
136.19 85.02
132.20 87.24
119.32 88.13
115.33 80.58
112.22 74.81
70.48 61.49
71.37 70.37
75.65 37.29
81.87 22.20
77.43 17.76
85.42 21.31
45.46 47.06
57.89 64.82
54.34 67.49
46.35 64.82
49.01 60.38
104.95 87.91
101.40 92.35
105.84 92.35
91.63 90.57
84.53 84.36
100.51 79.92
68.55 77.25
60.56 83.47
47.24 83.47
12.76 58.38
12.32 70.82
7.88 69.48
30.52 56.61
20.31 57.50
28.75 69.48
22.53 66.38
33.63 78.81
38.51 85.02
38.07 70.82
42.51 65.04
50.50 97.46
40.73 98.34
36.29 89.46
29.63 81.92
29.63 98.34
16.31 78.81
3.88 73.04
8.77 81.03
10.99 77.48
13.65 84.14
16.31 91.24
12.76 96.12
8.32 96.12
4.33 89.02
1.66 101.90
4.77 109.89
9.66 116.99
29.19 110.78
20.31 100.56
32.74 103.67
32.30 119.21
36.29 114.77
47.39 109.89
54.05 102.34
54.94 110.78
50.95 121.43
72.26 126.32
74.92 110.78
68.71 105.45
80.25 100.56
73.15 92.57
76.70 90.35
89.57 95.68
95.79 104.56
87.35 110.78
82.91 113.00
90.02 123.65
2.11 137.86
0.78 207.57
29.19 198.69
32.74 181.37
14.98 182.70
6.99 175.15
25.19 168.49
3.00 156.06
16.31 142.30
28.30 152.51
39.40 146.30
29.63 137.86
1.66 123.21
9.21 127.65
62.05 143.19
44.73 137.42
52.28 169.83
37.63 156.06
68.26 162.72
53.17 159.17
69.59 143.63
66.04 132.53
78.03 133.42
97.12 131.64
81.14 151.18
92.24 168.49
86.91 160.50
82.03 170.71
73.59 173.82
51.83 200.46
70.48 188.92
63.82 182.26
46.06 184.92
66.93 214.23
82.91 206.68
82.91 213.34
107.78 208.45
102.89 188.47
43.84 200.02
128.20 208.45
144.63 190.25
135.31 191.14
120.21 171.60
132.20 175.15
100.67 168.94
107.33 162.28
110.44 150.29
103.78 140.08
110.44 116.10
107.33 98.34
117.99 118.32
123.32 125.43
123.32 112.11
117.99 97.46
145.07 101.45
149.07 95.68
139.30 124.54
137.53 110.78
133.53 95.68
165.50 128.54
162.39 123.21
165.94 117.88
142.85 157.39
127.31 162.28
122.87 144.08
139.75 136.08
129.53 137.86
14.38 249.52
24.15 266.40
34.80 277.05
43.68 291.26
43.68 303.69
11.72 308.13
17.93 370.29
58.78 390.71
42.80 339.21
87.19 311.68
96.96 291.26
90.75 270.84
64.11 261.07
51.68 252.19
36.58 225.55
43.68 223.77
17.93 221.11
18.82 202.46
135.15 253.96
112.95 261.07
116.50 278.83
148.47 291.26
141.36 334.77
199.08 317.01
225.72 285.04
187.54 268.17
207.07 261.96
166.23 210.45
138.70 219.33
100.51 225.55
76.54 239.76
99.63 242.42
272.78 277.05
255.91 262.84
240.82 235.32
227.50 221.11
191.09 243.31
196.42 206.01
189.31 155.40
191.98 147.41
326.95 253.96
317.18 266.40
294.98 245.97
306.53 229.10
281.66 216.67
273.67 230.88
254.14 212.23
375.79 237.98
378.45 264.62
358.03 277.05
357.14 237.98
334.94 233.54
354.48 204.24
410.42 227.32
235.49 275.28
225.72 260.18
