382.90 3.09
358.03 9.31
349.60 10.20
92.08 130.52
376.68 9.31
381.12 7.53
398.88 10.20
400.21 18.63
398.44 24.85
394.00 25.29
395.77 14.64
387.34 16.86
380.68 12.42
374.91 16.86
376.68 24.85
379.35 30.18
382.90 18.63
388.23 23.52
372.69 18.63
367.80 15.52
366.03 12.42
362.03 15.52
365.58 23.52
370.02 28.40
372.69 34.62
354.04 17.74
334.95 19.08
325.62 14.19
317.63 23.52
314.97 16.41
314.08 13.30
304.76 9.31
305.64 16.41
299.87 12.86
299.43 19.52
305.20 23.52
302.98 21.74
318.96 40.83
349.60 48.38
345.16 54.15
339.39 58.15
353.15 63.48
365.14 50.60
350.93 57.70
359.81 28.84
347.82 27.07
347.38 20.41
348.71 14.64
345.16 36.39
358.03 42.16
336.72 37.72
329.62 27.96
333.17 41.28
336.28 43.50
331.40 50.16
330.95 46.60
316.74 53.26
308.31 51.49
303.87 54.15
298.98 51.49
292.77 52.38
283.89 47.49
276.34 48.82
258.14 50.60
274.56 60.37
252.81 50.16
244.37 51.49
237.27 57.26
243.04 61.70
248.81 58.59
249.26 71.91
268.35 71.02
286.55 67.92
295.43 63.48
284.33 60.81
299.43 78.13
289.22 75.91
311.86 79.02
296.76 88.78
301.20 84.34
288.33 86.56
293.66 85.68
316.74 95.89
312.75 85.23
330.51 84.34
321.18 79.02
336.28 79.02
323.40 60.37
329.18 69.69
316.30 63.48
310.53 60.81
325.18 94.56
333.17 98.55
344.27 91.45
332.73 91.45
345.16 82.12
359.37 79.02
352.71 74.13
384.23 91.45
372.69 93.67
365.14 89.67
357.59 98.11
372.69 106.99
392.67 97.66
399.77 103.88
405.10 87.45
395.33 79.02
391.33 70.14
386.45 75.02
372.69 77.24
380.23 66.58
409.98 69.69
414.42 57.70
423.30 63.48
420.64 71.91
434.85 78.13
434.40 57.26
430.41 46.60
419.75 49.71
396.66 40.83
407.76 22.18
419.75 30.18
423.75 19.96
415.31 19.96
423.30 12.42
416.20 11.08
420.19 97.66
424.63 104.32
428.19 93.67
433.96 89.23
433.51 84.34
436.18 49.71
433.51 27.96
426.41 46.60
432.18 3.98
429.07 7.53
427.74 1.76
409.09 45.72
404.21 51.49
399.33 63.48
425.52 116.31
430.85 129.19
436.18 144.28
421.53 152.72
417.97 133.18
404.21 137.18
400.21 148.28
413.53 165.15
401.10 172.70
390.00 183.80
386.01 194.45
377.57 183.80
390.45 165.15
378.90 153.16
386.45 132.74
378.01 132.30
398.88 125.64
376.68 121.64
367.36 176.25
368.25 154.49
360.25 157.16
350.93 162.49
345.16 187.79
326.96 185.13
328.29 170.03
322.52 154.49
331.84 142.95
335.84 133.18
350.93 122.53
361.59 120.31
383.34 106.10
402.43 75.91
336.72 117.20
341.16 103.88
310.08 131.85
326.07 133.63
316.74 116.31
318.08 111.87
299.87 110.98
291.44 111.43
289.66 122.53
281.22 133.18
278.56 152.72
295.88 156.27
304.31 152.72
307.86 138.95
298.54 176.25
289.66 189.13
305.64 198.01
266.57 174.92
251.92 162.04
218.18 185.57
234.16 197.12
222.17 166.48
231.50 154.49
232.83 147.39
220.40 141.17
229.72 134.96
203.08 152.27
207.52 162.93
256.80 128.74
256.80 141.17
244.37 120.75
255.92 108.32
255.92 100.77
248.37 97.66
243.93 106.10
236.82 101.66
226.61 122.53
226.61 111.43
205.30 134.07
214.62 105.21
222.62 88.34
223.50 99.88
239.49 76.35
240.82 84.34
255.03 87.45
270.12 115.42
270.12 128.74
279.45 127.86
272.79 96.78
305.64 171.37
272.34 139.84
228.39 59.48
231.05 67.92
225.72 64.36
220.40 71.91
219.95 82.57
214.62 75.91
214.62 66.58
214.62 59.48
203.53 47.05
203.08 35.06
209.30 22.63
240.38 19.96
275.01 15.52
285.66 9.31
205.30 13.30
210.19 37.72
207.52 95.00
200.86 89.23
203.08 83.01
194.65 75.91
195.53 71.91
202.19 71.02
207.08 71.02
200.86 60.81
210.19 62.59
190.65 28.40
190.65 37.28
177.33 35.06
166.67 37.28
164.01 47.05
156.02 43.50
160.90 56.37
156.02 56.37
157.79 63.92
170.67 66.58
173.78 55.04
180.44 73.69
184.43 70.58
189.76 55.48
179.55 61.26
165.34 76.35
159.57 77.24
175.11 90.56
188.43 86.12
188.87 98.55
182.21 91.89
191.09 105.21
179.11 112.32
165.34 99.88
179.55 102.99
167.12 122.97
176.44 134.07
191.98 122.53
199.97 114.09
174.22 151.39
157.35 148.28
154.24 131.85
154.24 116.31
156.02 101.22
158.68 167.81
158.24 180.69
171.56 180.69
182.66 166.93
190.65 178.47
187.54 188.68
241.26 179.36
107.34 5.31
96.68 3.09
77.59 0.87
69.60 0.87
59.39 0.87
66.05 5.31
73.59 13.75
58.50 14.64
46.95 6.64
48.73 7.98
41.63 3.54
34.97 6.64
29.64 9.31
16.32 10.20
9.22 7.98
43.40 13.75
4.33 7.09
1.22 9.75
27.42 10.20
65.16 39.50
132.65 45.27
145.97 47.05
148.63 51.93
153.96 59.48
150.85 61.70
142.86 57.26
136.20 51.49
119.77 50.60
131.31 66.58
140.64 67.03
151.74 66.58
154.40 73.24
143.30 78.13
140.19 71.02
136.20 73.24
123.32 74.13
119.33 66.58
116.22 60.81
74.48 47.49
75.37 56.37
79.65 23.29
85.87 8.20
81.43 3.76
89.42 7.31
49.46 33.06
61.89 50.82
58.34 53.49
50.35 50.82
53.01 46.38
108.95 73.91
105.40 78.35
109.84 78.35
95.63 76.57
88.53 70.36
104.51 65.92
72.55 63.25
64.56 69.47
51.24 69.47
16.76 44.38
16.32 56.82
11.88 55.48
34.52 42.61
24.31 43.50
32.75 55.48
26.53 52.38
37.63 64.81
42.51 71.02
42.07 56.82
46.51 51.04
54.50 83.46
44.73 84.34
40.29 75.46
33.63 67.92
33.63 84.34
20.31 64.81
7.88 59.04
12.77 67.03
14.99 63.48
17.65 70.14
20.31 77.24
16.76 82.12
12.32 82.12
8.33 75.02
1.22 73.24
5.66 87.90
2.56 80.35
8.77 95.89
13.66 102.99
33.19 96.78
24.31 86.56
36.74 89.67
36.30 105.21
40.29 100.77
51.39 95.89
58.05 88.34
58.94 96.78
54.95 107.43
76.26 112.32
78.92 96.78
72.71 91.45
84.25 86.56
77.15 78.57
80.70 76.35
93.57 81.68
99.79 90.56
91.35 96.78
86.91 99.00
94.02 109.65
6.11 123.86
4.78 193.57
33.19 184.69
36.74 167.37
18.98 168.70
10.99 161.15
29.19 154.49
7.00 142.06
20.31 128.30
32.30 138.51
43.40 132.30
33.63 123.86
5.66 109.21
13.21 113.65
66.05 129.19
48.73 123.42
56.28 155.83
41.63 142.06
72.26 148.72
57.17 145.17
73.59 129.63
70.04 118.53
82.03 119.42
101.12 117.64
85.14 137.18
96.24 154.49
90.91 146.50
86.03 156.71
77.59 159.82
55.83 186.46
74.48 174.92
67.82 168.26
50.06 170.92
70.93 200.23
86.91 192.68
86.91 199.34
111.78 194.45
106.89 174.47
47.84 186.02
132.20 194.45
148.63 176.25
139.31 177.14
124.21 157.60
136.20 161.15
104.67 154.94
111.33 148.28
114.44 136.29
107.78 126.08
114.44 102.10
111.33 84.34
121.99 104.32
127.32 111.43
127.32 98.11
121.99 83.46
149.07 87.45
153.07 81.68
143.30 110.54
141.53 96.78
137.53 81.68
169.50 114.54
166.39 109.21
169.94 103.88
146.85 143.39
131.31 148.28
126.87 130.08
143.75 122.08
133.53 123.86
1.51 233.75
18.38 235.52
28.15 252.40
38.80 263.05
47.68 277.26
47.68 289.69
15.72 294.13
2.40 316.33
2.40 409.57
21.93 356.29
62.78 376.71
46.80 325.21
91.19 297.68
100.96 277.26
94.75 256.84
68.11 247.07
55.68 238.19
40.58 211.55
47.68 209.77
21.93 207.11
22.82 188.46
139.15 239.96
116.95 247.07
120.50 264.83
152.47 277.26
145.36 320.77
203.08 303.01
229.72 271.04
191.54 254.17
211.07 247.96
170.23 196.45
142.70 205.33
104.51 211.55
80.54 225.76
103.63 228.42
276.78 263.05
259.91 248.84
244.82 221.32
231.50 207.11
195.09 229.31
200.42 192.01
193.31 141.40
195.98 133.41
330.95 239.96
321.18 252.40
298.98 231.97
310.53 215.10
285.66 202.67
277.67 216.88
258.14 198.23
379.79 223.98
382.45 250.62
362.03 263.05
361.14 223.98
338.94 219.54
358.48 190.24
414.42 213.32
239.49 261.28
229.72 246.18
