478.25 5.16
477.81 14.04
468.04 6.94
470.70 2.94
472.48 15.37
456.94 17.15
447.62 13.15
441.40 23.37
436.52 22.48
424.97 22.03
423.64 20.26
417.87 23.81
408.54 27.81
382.79 39.35
386.79 35.80
396.56 33.13
377.46 36.24
373.47 42.01
367.70 40.68
365.03 45.12
356.60 50.45
345.05 53.56
351.71 52.23
311.75 53.11
329.07 60.66
331.73 54.89
297.10 73.09
293.55 61.99
289.55 43.79
294.88 43.79
297.99 42.90
301.10 46.90
307.76 42.90
316.64 67.77
319.75 65.10
323.74 62.44
321.97 79.31
330.40 80.20
396.11 57.55
404.55 48.67
364.59 51.34
422.75 42.68
376.58 52.45
388.12 42.68
349.94 61.33
364.14 62.22
363.26 57.55
356.15 54.45
357.04 48.23
587.92 200.52
363.26 61.55
375.69 60.66
337.50 57.55
303.32 79.31
298.88 77.53
281.12 80.20
279.79 88.63
281.56 94.85
286.00 95.29
284.23 84.64
292.66 86.86
299.32 82.42
305.09 86.86
303.32 94.85
300.65 100.18
297.10 88.63
291.77 93.52
307.31 88.63
312.20 85.52
313.97 82.42
317.97 85.52
314.42 93.52
309.98 98.40
307.31 104.62
325.96 87.74
345.05 89.08
354.38 84.19
362.37 93.52
365.03 86.41
365.92 83.30
375.24 79.31
374.36 86.41
380.13 82.86
380.57 89.52
374.80 93.52
377.02 91.74
361.04 110.83
330.40 118.38
334.84 124.15
340.61 128.15
326.85 133.48
314.86 120.60
329.07 127.70
320.19 98.84
332.18 97.07
332.62 90.41
331.29 84.64
334.84 106.39
321.97 112.16
343.28 107.72
350.38 97.96
346.83 111.28
343.72 113.50
348.60 120.16
349.05 116.60
363.26 123.26
371.69 121.49
376.13 124.15
381.02 121.49
387.23 122.38
396.11 117.49
403.66 118.82
421.86 120.60
405.44 130.37
427.19 120.16
435.63 121.49
442.73 127.26
436.96 131.70
431.19 128.59
430.74 141.91
411.65 141.02
393.45 137.92
384.57 133.48
395.67 130.81
380.57 148.13
390.78 145.91
368.14 149.02
383.24 158.78
378.80 154.34
391.67 156.56
386.34 155.68
363.26 165.89
367.25 155.23
349.49 154.34
358.82 149.02
343.72 149.02
356.60 130.37
350.82 139.69
363.70 133.48
369.47 130.81
354.82 164.56
346.83 168.55
335.73 161.45
347.27 161.45
334.84 152.12
320.63 149.02
327.29 144.13
295.77 161.45
307.31 163.67
314.86 159.67
322.41 168.11
307.31 176.99
287.33 167.66
280.23 173.88
274.90 157.45
284.67 149.02
288.67 140.14
293.55 145.02
307.31 147.24
299.77 136.58
270.02 139.69
265.58 127.70
256.70 133.48
259.36 141.91
245.15 148.13
242.93 138.80
245.60 127.26
249.59 116.60
260.25 119.71
283.34 110.83
272.24 92.18
260.25 100.18
256.25 89.96
264.69 89.96
256.70 82.42
263.80 81.08
259.81 167.66
255.37 174.32
241.16 168.11
251.81 163.67
246.04 159.23
246.49 154.34
224.29 155.68
225.62 146.35
223.40 140.58
227.84 137.03
227.84 131.70
234.94 127.26
243.82 119.71
234.50 118.38
239.38 110.83
246.49 97.96
253.59 116.60
232.72 97.96
239.38 94.85
233.17 91.74
226.06 90.41
224.73 82.86
223.40 79.75
226.06 76.20
234.50 77.98
240.27 72.20
247.82 73.98
250.93 77.53
252.26 71.76
230.95 62.88
214.96 77.09
218.51 84.19
218.51 92.63
212.74 95.29
212.30 104.62
217.18 98.84
159.02 85.52
150.14 70.87
147.03 73.98
147.48 90.85
157.24 89.08
158.13 95.29
145.70 96.62
151.92 97.96
143.92 106.39
139.93 101.06
136.82 80.20
130.60 80.64
137.26 76.20
147.48 79.31
270.91 115.72
275.79 121.49
280.67 133.48
168.79 104.17
171.45 98.40
170.56 89.96
181.22 87.30
181.22 99.73
191.43 98.40
196.76 103.28
202.53 106.39
203.86 113.94
227.39 110.39
214.07 120.16
220.29 120.60
208.30 126.37
206.97 120.16
200.75 118.38
208.75 113.50
189.21 120.16
210.52 137.92
201.64 139.69
194.54 139.69
202.09 130.37
210.52 130.37
190.99 135.70
171.01 149.02
163.90 149.02
151.92 142.80
155.91 129.48
131.05 123.26
138.15 121.49
146.59 120.60
155.02 123.26
156.36 116.60
166.57 115.72
170.12 114.38
170.56 127.26
171.90 132.59
180.78 128.59
185.22 145.91
174.12 139.69
186.55 104.62
176.34 105.06
133.27 99.73
194.98 115.27
131.05 141.91
140.82 138.80
143.92 132.59
142.59 158.78
148.81 164.56
161.24 165.89
176.78 170.77
190.54 169.88
184.77 159.23
191.88 154.34
202.53 180.10
210.97 186.31
218.51 169.88
226.06 191.20
228.73 201.85
234.50 178.32
234.50 173.88
254.48 186.31
249.15 199.19
243.82 214.28
238.05 211.17
241.60 226.27
229.17 235.15
195.87 221.39
175.00 212.95
156.36 208.95
135.04 191.64
131.94 167.66
203.42 168.55
258.47 222.72
262.03 203.18
275.79 207.18
279.79 218.28
266.47 235.15
278.90 242.70
290.00 253.80
293.99 264.45
302.43 253.80
289.55 235.15
301.10 223.16
293.55 202.74
301.99 202.30
281.12 195.64
303.32 191.64
312.64 246.25
311.75 224.49
319.75 227.16
329.07 232.49
334.84 257.79
353.04 255.13
351.71 240.03
357.48 224.49
348.16 212.95
344.16 203.18
329.07 192.53
318.41 190.31
296.66 176.10
277.57 145.91
343.28 187.20
338.84 173.88
369.92 201.85
353.93 203.63
363.26 186.31
361.92 181.87
380.13 180.98
388.56 181.43
390.34 192.53
398.78 203.18
401.44 222.72
384.12 226.27
375.69 222.72
372.14 208.95
381.46 246.25
390.34 259.13
374.36 268.01
413.43 244.92
428.08 232.04
461.82 255.57
445.84 267.12
457.83 236.48
448.50 224.49
447.17 217.39
459.60 211.17
450.28 204.96
476.92 222.27
472.48 232.93
423.20 198.74
423.20 211.17
435.63 190.75
424.08 178.32
424.08 170.77
431.63 167.66
436.07 176.10
443.18 171.66
453.39 192.53
453.39 181.43
474.70 204.07
465.38 175.21
457.38 158.34
456.50 169.88
440.51 146.35
439.18 154.34
424.97 157.45
409.88 185.42
409.88 198.74
400.55 197.86
407.21 166.78
374.36 241.37
407.66 209.84
451.61 129.48
448.95 137.92
454.28 134.36
459.60 141.91
460.05 152.57
465.38 145.91
465.38 136.58
465.38 129.48
476.47 117.05
476.92 105.06
470.70 92.63
439.62 89.96
404.99 85.52
394.34 79.31
474.70 83.30
469.81 107.72
472.48 165.00
479.14 159.23
476.92 153.01
485.35 145.91
484.47 141.91
477.81 141.02
472.92 141.02
479.14 130.81
469.81 132.59
489.35 98.40
489.35 107.28
502.67 105.06
513.33 107.28
515.99 117.05
523.98 113.50
519.10 126.37
523.98 126.37
522.21 133.92
509.33 136.58
506.22 125.04
499.56 143.69
495.57 140.58
490.24 125.48
500.45 131.26
514.66 146.35
520.43 147.24
504.89 160.56
491.57 156.12
491.13 168.55
497.79 161.89
488.91 175.21
500.89 182.32
514.66 169.88
500.45 172.99
512.88 192.97
503.56 204.07
488.02 192.53
480.03 184.09
505.78 221.39
522.65 218.28
525.76 201.85
525.76 186.31
523.98 171.22
521.32 237.81
521.76 250.69
508.44 250.69
497.34 236.93
489.35 248.47
492.46 258.68
438.74 249.36
119.22 86.41
105.90 82.42
69.05 74.42
54.84 76.20
42.41 86.86
11.77 95.29
22.43 83.75
10.44 111.28
25.09 106.39
32.20 103.28
43.30 99.73
51.73 99.73
53.95 92.18
61.50 95.29
70.38 95.29
77.93 93.52
83.70 97.07
88.58 80.64
91.69 82.86
103.68 104.17
105.01 115.27
117.44 100.18
121.88 97.07
119.22 112.61
125.88 115.27
124.55 124.15
116.56 133.92
120.11 120.16
107.68 131.26
101.02 131.70
77.04 137.47
84.59 131.26
90.80 133.48
96.13 117.05
98.80 112.16
100.57 121.49
88.58 113.50
85.48 117.05
82.37 109.50
85.92 103.28
89.47 101.51
64.61 112.16
67.72 104.62
49.96 115.72
61.06 119.71
57.50 126.37
65.94 133.48
75.26 125.04
69.05 117.49
46.40 141.02
60.61 159.23
72.60 152.12
72.60 180.10
117.89 174.77
89.03 211.17
38.86 154.34
46.40 183.65
7.78 168.55
21.54 146.35
8.66 140.58
22.43 137.47
39.74 137.03
33.97 121.49
34.42 115.27
42.41 120.60
50.84 126.37
21.54 115.27
3.78 121.93
2.00 130.37
9.11 125.04
18.43 126.37
28.64 125.48
83.26 145.91
110.78 122.38
15.32 153.46
522.94 49.12
529.15 50.01
542.91 51.34
572.66 75.31
583.32 73.09
602.41 70.87
610.40 70.87
620.61 70.87
613.95 75.31
606.41 83.75
621.50 84.64
633.05 76.64
631.27 77.98
638.37 73.54
645.03 76.64
650.36 79.31
663.68 80.20
670.78 77.98
636.60 83.75
675.67 77.09
678.78 79.75
652.58 80.20
614.84 109.50
547.35 115.27
534.03 117.05
531.37 121.93
526.04 129.48
529.15 131.70
537.14 127.26
543.80 121.49
560.23 120.60
548.69 136.58
539.36 137.03
528.26 136.58
525.60 143.24
536.70 148.13
539.81 141.02
543.80 143.24
556.68 144.13
560.67 136.58
563.78 130.81
605.52 117.49
604.63 126.37
600.35 93.29
594.13 78.20
598.57 73.76
590.58 77.31
630.54 103.06
618.11 120.82
621.66 123.49
629.65 120.82
626.99 116.38
571.05 143.91
574.60 148.35
570.16 148.35
584.37 146.57
591.47 140.36
575.49 135.92
607.45 133.25
615.44 139.47
628.76 139.47
783.12 132.59
788.44 128.15
779.56 117.94
776.46 117.49
772.02 117.49
760.92 113.50
752.48 114.38
743.60 113.05
736.94 113.05
729.84 113.05
722.29 106.39
704.97 98.84
701.42 103.28
711.63 114.38
729.84 120.60
724.51 122.82
721.84 117.94
693.43 107.28
697.87 116.16
691.65 122.38
701.42 124.15
663.24 114.38
663.68 126.82
668.12 125.48
645.48 112.61
655.69 113.50
647.25 125.48
653.47 122.38
642.37 134.81
637.49 141.02
637.93 126.82
633.49 121.04
625.50 153.46
635.27 154.34
639.71 145.46
646.37 137.92
646.37 154.34
659.69 134.81
672.12 129.04
667.23 137.03
665.01 133.48
662.35 140.14
659.69 147.24
663.24 152.12
667.68 152.12
671.67 145.02
678.78 143.24
674.34 157.90
677.44 150.35
685.44 151.24
671.23 165.89
666.34 172.99
646.81 166.78
655.69 156.56
643.26 159.67
643.70 175.21
639.71 170.77
628.61 165.89
621.95 158.34
621.06 166.78
625.05 177.43
603.74 182.32
601.08 166.78
607.29 161.45
595.75 156.56
602.85 148.57
599.30 146.35
586.43 151.68
580.21 160.56
588.65 166.78
593.09 169.00
585.98 179.65
756.48 130.37
745.82 127.26
776.90 137.92
774.68 131.70
755.14 141.91
755.14 149.02
760.47 144.13
772.90 147.24
781.78 149.02
792.00 160.56
780.01 157.45
776.46 165.89
767.13 168.11
761.80 160.56
764.02 153.46
750.70 154.34
731.61 153.46
740.05 160.56
731.17 145.02
738.72 149.02
741.82 141.02
723.18 139.69
706.75 130.37
704.97 139.25
712.52 127.26
714.30 130.81
725.84 131.70
688.10 145.02
682.77 129.92
683.22 118.82
688.99 119.27
693.87 152.57
693.87 129.92
696.98 160.56
706.30 161.00
710.74 152.57
715.18 147.24
716.07 152.12
723.62 156.56
724.06 162.78
727.62 172.10
719.18 174.32
712.52 167.22
718.74 165.89
708.52 169.88
712.08 181.43
705.86 176.10
701.42 172.99
691.65 184.54
698.31 177.43
744.49 167.22
748.04 172.10
748.04 176.99
761.36 180.10
752.48 184.54
770.24 189.42
780.45 179.65
780.45 195.64
768.02 201.85
748.04 190.31
746.26 202.30
749.37 202.30
760.47 204.07
750.26 211.62
761.36 232.49
771.57 225.83
772.02 240.03
766.69 249.36
756.92 262.68
781.78 208.51
769.35 264.01
774.68 276.00
760.03 278.66
745.82 246.69
735.16 268.89
747.60 238.26
731.17 237.81
706.30 273.78
717.85 244.92
692.54 256.46
680.55 279.11
681.44 238.26
688.54 224.49
700.53 207.18
700.53 194.75
725.40 200.08
731.61 204.07
790.22 189.86
793.33 205.85
790.22 144.13
688.54 192.53
673.89 193.86
688.10 208.95
706.30 204.52
702.75 216.50
714.74 221.39
722.73 209.40
709.41 231.15
726.28 217.39
675.22 263.57
706.30 244.03
646.81 254.69
643.26 237.37
661.02 238.70
669.01 231.15
650.81 224.49
673.00 212.06
659.69 198.30
647.70 208.51
636.60 202.30
646.37 193.86
674.34 179.21
680.55 169.88
666.79 183.65
685.44 163.67
613.95 199.19
631.27 193.42
623.72 225.83
638.37 212.06
607.74 218.72
622.83 215.17
606.41 199.63
609.96 188.53
597.97 189.42
578.88 187.64
594.86 207.18
583.76 224.49
589.09 216.50
593.97 226.71
602.41 229.82
624.17 256.46
605.52 244.92
612.18 238.26
629.94 240.92
609.07 270.23
593.09 262.68
593.09 269.34
568.22 264.45
573.11 244.47
632.16 256.02
547.80 264.45
531.37 246.25
540.69 247.14
555.79 227.60
543.80 231.15
575.33 224.94
568.67 218.28
565.56 206.29
572.22 196.08
565.56 172.10
568.67 154.34
558.01 174.32
552.68 181.43
552.68 168.11
558.01 153.46
530.93 157.45
526.93 151.68
536.70 180.54
538.47 166.78
542.47 151.68
510.50 184.54
513.61 179.21
510.06 173.88
533.15 213.39
548.69 218.28
553.13 200.08
536.25 192.08
546.47 193.86
773.51 533.74
737.10 494.66
780.61 485.78
774.39 464.47
784.16 417.41
759.30 404.09
762.85 387.22
776.17 360.58
788.60 365.91
785.94 345.48
787.71 316.18
784.16 299.31
788.60 283.32
788.60 268.23
753.08 297.53
765.51 318.84
762.85 355.25
745.09 356.14
709.57 347.26
714.01 318.84
723.78 291.32
737.10 298.42
763.74 347.26
737.99 286.88
710.46 293.98
689.15 291.32
687.37 320.62
682.04 309.96
678.49 303.75
661.62 305.52
651.85 322.40
641.20 333.05
632.32 347.26
632.32 359.69
664.28 364.13
680.27 353.47
677.60 386.33
696.25 380.11
690.04 406.75
719.34 384.55
736.21 409.42
730.88 436.06
736.21 467.14
677.60 479.57
692.70 434.28
658.07 426.29
617.22 446.71
633.20 395.21
588.81 367.68
579.04 347.26
585.25 326.84
611.89 317.07
624.32 308.19
639.42 281.55
632.32 279.77
658.07 277.11
657.18 258.46
540.85 309.96
563.05 317.07
559.50 334.83
527.53 347.26
534.64 390.77
476.92 373.01
450.28 341.04
488.46 324.17
468.93 317.96
509.77 266.45
537.30 275.33
575.49 281.55
599.46 295.76
576.37 298.42
728.22 256.68
403.22 333.05
420.09 318.84
435.18 291.32
448.50 277.11
484.91 299.31
479.58 262.01
486.69 211.40
484.02 203.41
349.05 309.96
358.82 322.40
381.02 301.97
369.47 285.10
394.34 272.67
402.33 286.88
421.86 268.23
300.21 293.98
297.55 320.62
317.97 333.05
318.86 293.98
341.06 289.54
321.52 260.24
265.58 283.32
224.73 342.82
122.61 211.40
440.51 331.28
450.28 316.18
