271.72 373.36
301.16 339.21
270.54 332.14
262.89 322.72
286.44 308.59
297.04 306.24
321.77 337.44
354.15 300.35
342.38 370.42
365.93 282.09
377.71 289.75
361.22 266.79
351.80 261.49
314.11 284.45
316.47 263.25
299.39 267.37
273.49 289.75
245.22 266.79
360.63 247.94
361.81 235.58
344.14 246.18
373.00 247.94
328.84 227.33
350.03 218.50
370.79 133.06
378.44 130.41
362.84 189.30
371.97 200.78
242.28 375.72
209.89 346.87
240.51 318.60
215.19 314.48
199.29 297.99
188.11 302.11
185.16 340.39
163.96 349.81
165.14 333.32
171.62 316.84
149.83 328.02
155.13 318.60
149.24 299.76
130.99 320.96
116.86 319.19
161.02 299.76
133.35 376.31
113.91 355.11
100.37 348.04
81.53 339.21
86.24 358.05
96.84 375.72
53.85 377.48
38.55 368.65
19.11 360.41
4.39 362.17
5.57 374.54
40.90 353.93
59.15 339.80
66.22 355.11
59.15 312.71
17.94 316.84
6.16 306.24
32.66 297.99
45.02 292.69
60.33 294.46
73.87 283.27
105.08 297.99
93.31 271.50
113.33 263.25
102.14 254.42
85.65 246.18
96.25 246.18
71.52 230.87
60.33 220.27
45.61 247.94
35.60 249.12
67.99 262.66
25.59 283.27
11.46 269.73
44.43 276.80
23.24 261.49
33.83 258.54
181.63 362.17
329.42 314.48
374.76 356.88
155.72 262.66
156.90 245.00
181.04 250.30
189.87 238.52
200.47 246.77
215.78 239.70
198.12 224.39
202.24 268.55
132.76 237.93
116.27 239.70
103.32 229.69
242.87 219.09
343.56 200.78
331.19 214.91
320.00 209.02
336.49 147.20
321.18 154.85
336.49 190.18
351.80 194.30
281.14 228.45
268.19 221.98
249.93 211.38
249.93 236.11
279.37 203.72
298.22 205.49
286.44 196.07
301.16 189.00
295.27 177.82
287.03 184.29
277.02 170.16
265.83 169.57
272.31 157.80
222.26 195.48
239.92 187.24
229.32 171.34
210.48 170.75
193.99 205.49
188.70 198.42
169.85 223.74
152.78 219.03
148.65 203.13
119.21 187.24
135.11 190.18
116.86 221.98
125.69 217.27
93.31 215.50
94.48 204.31
70.34 194.30
80.35 184.29
67.40 179.58
60.33 189.00
52.68 192.54
39.13 207.85
9.10 198.42
249.34 148.96
235.80 144.84
259.94 148.96
195.76 141.90
208.13 160.15
193.41 157.21
182.22 147.79
172.80 147.79
162.79 151.32
175.15 181.94
194.58 187.83
206.36 198.42
185.16 176.05
134.52 157.80
76.82 149.55
66.81 157.21
45.61 158.97
45.02 165.45
40.31 148.96
27.36 165.45
27.95 178.99
10.87 161.92
2.04 148.96
11.46 146.02
322.95 141.90
309.99 147.79
297.63 143.66
312.35 158.38
301.16 162.51
281.73 144.25
287.62 135.42
297.63 88.31
307.05 75.36
318.83 89.49
309.99 94.79
292.33 105.98
307.64 118.34
376.53 90.08
354.15 74.18
346.94 137.48
352.24 90.67
339.29 82.13
335.16 106.57
326.33 105.10
331.63 117.46
318.97 112.16
354.30 121.58
367.55 111.28
265.68 73.30
325.89 13.48
317.65 17.60
324.71 21.13
334.13 22.31
301.16 20.54
306.46 24.66
308.23 26.43
299.98 37.03
292.92 37.03
287.62 37.03
276.43 31.73
266.42 61.76
255.23 49.98
248.75 51.75
241.69 58.82
265.83 43.51
271.72 56.46
276.43 56.46
279.96 62.35
283.50 61.76
247.58 79.42
245.81 92.38
253.47 100.62
231.09 94.14
250.52 117.70
207.54 130.06
211.66 117.11
204.00 109.45
221.08 125.35
228.15 117.11
236.39 121.23
355.33 8.18
166.91 35.26
148.65 42.92
138.64 101.80
362.40 135.42
356.51 84.72
362.99 32.91
367.11 5.23
370.05 12.89
378.88 16.42
247.58 32.91
231.68 1.70
239.33 12.30
229.32 31.14
202.83 27.61
196.35 35.26
192.23 45.27
224.61 55.87
211.66 55.87
224.02 64.70
231.09 68.83
200.47 72.95
178.10 59.99
185.75 66.47
173.97 80.60
167.50 68.24
182.22 107.69
174.56 107.69
195.17 121.82
188.69 121.23
169.85 90.02
163.96 87.08
147.48 70.59
152.78 141.84
167.50 134.77
126.87 133.60
159.84 173.05
178.10 166.57
167.50 162.45
170.44 168.93
301.75 58.82
301.75 49.98
308.82 45.27
314.11 61.76
321.18 77.07
344.14 23.49
189.28 13.48
173.97 10.53
170.44 2.88
153.95 16.42
128.63 49.39
123.92 38.21
93.89 54.69
85.06 50.57
103.32 175.99
103.32 184.82
115.09 195.42
92.72 154.20
102.73 163.63
99.78 147.14
320.59 125.35
375.35 67.06
327.66 39.97
318.24 49.98
289.38 10.53
139.23 32.91
112.74 22.31
128.63 12.89
150.42 58.23
169.85 53.52
168.67 58.23
163.96 55.87
195.17 54.10
186.34 47.63
46.79 117.17
52.68 111.87
36.78 107.75
18.52 113.04
9.69 110.69
27.95 110.10
26.77 99.50
16.76 94.79
9.69 72.42
24.41 49.45
118.62 108.92
83.88 118.93
183.98 83.60
198.12 84.78
189.87 95.97
208.71 95.97
211.07 83.01
246.40 65.94
252.88 59.46
72.11 20.60
105.08 12.36
118.04 146.02
123.34 159.56
98.60 124.23
97.43 113.04
90.36 105.39
37.37 47.69
345.91 42.97
337.67 74.18
169.85 22.95
174.56 30.02
120.98 87.73
65.04 110.10
307.64 138.36
317.06 132.48
260.53 32.96
254.05 26.49
257.59 26.49
19.70 79.48
43.84 57.70
65.04 47.69
73.87 51.22
79.17 86.55
89.77 99.50
82.71 132.48
133.35 146.02
140.41 74.18
135.11 77.13
51.50 49.45
47.38 49.45
8.51 137.78
10.87 129.53
10.87 122.47
1.45 115.40
26.18 126.00
20.88 138.95
27.36 138.95
64.45 121.29
69.16 126.59
87.42 138.36
77.41 134.83
38.54 126.59
46.79 132.48
8.51 67.71
18.52 67.12
103.90 27.08
93.31 18.83
99.78 44.15
80.94 45.33
79.76 58.87
74.46 70.06
63.28 88.90
63.86 97.15
68.57 98.91
75.05 103.62
75.05 111.87
217.55 24.72
209.89 21.78
205.18 21.78
205.18 40.03
156.90 42.97
115.09 41.21
102.14 62.99
63.28 38.26
43.84 39.44
94.48 62.41
328.25 57.70
350.03 64.76
376.53 45.92
324.71 67.71
222.85 83.01
268.19 103.62
272.90 121.88
271.72 129.53
254.05 122.47
265.24 138.36
241.69 130.71
214.01 64.76
268.19 18.24
279.37 17.07
298.22 26.49
85.65 12.89
83.88 27.61
100.96 33.50
132.17 27.61
155.13 0.52
265.83 1.11
287.03 4.05
198.71 4.05
281.73 24.66
305.28 101.80
55.62 88.26
47.97 82.96
35.60 88.26
53.27 103.57
60.33 101.21
47.38 104.74
37.96 78.84
13.81 54.69
19.70 58.23
367.70 49.98
356.51 39.97
365.34 62.35
347.09 54.69
3.51 237.88
1.15 217.86
264.06 239.58
277.02 41.74
328.25 127.12
275.25 4.05
347.09 183.06
105.08 78.84
103.90 71.18
1.45 264.90
54.44 64.11
59.74 55.87
61.51 66.47
67.99 78.84
63.86 74.71
28.53 54.10
35.01 58.23
29.71 62.35
88.01 66.47
79.17 66.47
90.36 74.71
114.50 59.99
120.39 64.11
120.98 70.59
111.56 70.59
106.26 6.41
119.80 18.78
93.89 83.55
108.61 95.32
105.08 91.20
101.55 101.80
116.27 97.09
126.87 100.62
128.63 82.96
139.23 93.56
129.81 93.56
153.95 98.27
2.04 66.47
7.34 75.30
37.96 66.47
46.79 70.59
51.50 141.31
54.44 124.23
65.04 147.20
55.62 149.55
118.62 176.05
166.91 100.68
244.63 252.01
206.95 260.84
268.78 272.62
298.81 184.29
342.97 129.53
15.58 178.40
4.39 183.70
234.03 77.13
141.00 39.38
363.58 26.43
245.81 20.54
329.42 80.60
281.73 96.50
141.00 26.43
141.59 18.78
113.33 12.89
205.77 9.94
330.90 289.69
129.52 122.47
115.39 123.64
114.21 134.24
101.25 130.71
63.57 168.39
24.71 202.55
315.29 32.91
219.02 287.34
253.47 8.18
129.22 2.88
136.88 4.64
291.74 50.57
139.23 64.11
156.90 62.35
224.02 280.27
235.21 190.77
83.88 160.74
73.29 167.81
371.82 39.97
