24.35 436.40
42.60 459.37
86.17 462.90
76.75 454.66
123.27 469.97
141.52 456.42
120.91 437.58
114.44 415.20
87.94 406.96
67.92 409.91
37.30 396.36
50.26 388.12
42.01 344.55
86.17 362.21
115.03 384.00
156.24 398.72
170.96 418.15
195.69 433.46
199.23 400.48
186.86 418.15
186.27 461.72
222.19 449.95
222.78 401.66
236.32 420.50
271.65 442.29
265.18 408.14
288.73 404.02
300.51 381.05
282.25 409.91
288.73 442.88
301.68 441.70
327.00 447.00
353.50 452.30
348.79 440.52
378.23 415.79
409.44 426.39
412.38 460.54
447.12 450.53
480.69 458.78
483.63 428.16
7.42 313.63
44.81 290.96
38.92 254.75
61.59 300.09
76.90 283.31
101.04 272.71
89.56 291.26
129.60 290.96
128.42 310.69
102.51 328.94
68.07 333.36
157.27 318.34
156.10 352.49
183.77 334.24
167.28 326.59
206.44 318.93
226.17 294.20
240.89 319.82
245.89 347.20
240.89 362.80
213.80 261.82
179.65 270.35
166.70 285.96
165.22 273.59
147.85 266.82
187.30 261.82
52.02 238.56
83.23 230.31
99.13 204.99
105.61 225.01
135.63 209.71
36.12 200.28
40.25 222.66
21.40 196.16
5.50 203.23
3.15 221.48
10.80 360.44
250.01 288.02
276.51 294.79
268.56 277.71
245.60 269.77
225.58 265.64
219.69 292.14
234.70 234.14
250.01 241.80
269.15 242.38
280.93 243.86
157.57 232.08
291.67 342.19
308.16 336.30
300.51 299.21
318.76 268.00
299.92 272.71
320.53 220.30
334.07 217.95
360.57 220.89
345.26 229.14
337.01 308.63
347.02 329.24
334.07 333.95
339.96 346.90
325.83 371.63
311.69 368.69
366.01 353.08
384.27 343.07
426.96 362.50
421.66 341.90
261.79 358.68
376.02 330.12
346.88 298.03
399.28 209.12
393.98 232.96
380.73 257.99
399.87 256.52
463.17 222.66
473.47 217.07
454.04 207.06
434.90 215.59
439.62 205.58
414.88 199.40
417.24 284.19
387.50 279.19
460.52 275.06
450.21 260.64
411.94 279.19
415.18 259.17
253.25 202.64
285.05 197.93
275.04 192.63
143.58 183.80
127.69 184.97
156.54 191.45
174.79 191.45
183.62 187.33
181.27 216.77
193.63 213.24
198.93 190.27
220.13 197.93
105.61 139.05
137.99 129.04
63.21 175.55
99.13 186.15
87.94 177.91
75.58 161.42
54.38 149.65
66.74 152.59
70.28 127.86
59.68 141.99
37.89 119.62
20.81 115.49
3.74 133.75
4.92 120.79
54.97 117.85
186.27 139.05
230.44 149.06
249.87 167.31
219.84 133.16
291.67 151.41
264.00 189.69
271.65 174.38
318.76 163.78
320.53 146.70
348.79 134.92
355.27 202.05
327.00 190.27
304.63 194.40
286.96 212.06
262.23 221.48
375.73 208.82
376.32 197.34
393.39 194.40
59.09 87.11
76.16 85.35
78.52 94.18
17.28 93.00
12.57 82.99
93.83 44.72
112.08 33.53
106.19 85.35
110.90 105.37
97.95 116.56
136.81 77.10
149.18 68.27
145.06 93.59
153.89 103.60
174.50 110.08
189.81 107.72
192.75 123.62
215.13 78.87
217.48 69.45
203.35 62.97
205.12 51.79
231.61 75.34
214.54 98.30
5.95 25.55
18.31 23.49
29.79 23.49
69.83 28.50
80.73 13.19
44.51 16.43
135.49 26.14
155.51 14.95
167.58 17.90
174.64 16.43
199.08 16.13
182.59 25.55
205.85 26.14
222.93 32.62
232.94 32.62
233.82 20.25
218.22 23.20
245.01 47.05
247.95 64.71
179.06 82.67
166.99 92.97
133.43 95.03
80.43 72.37
70.42 66.18
54.52 62.36
56.88 72.98
42.16 62.68
462.43 366.27
457.72 392.18
494.82 393.36
495.41 369.22
475.98 352.14
460.08 320.35
435.35 336.24
481.86 296.79
485.99 261.46
496.00 240.86
496.00 309.75
497.17 276.18
464.79 412.79
261.64 120.68
264.59 111.85
297.56 106.55
281.66 111.85
288.14 91.24
304.63 97.71
321.11 118.32
341.72 104.19
350.56 95.36
398.84 173.08
447.12 168.96
448.89 187.21
432.40 196.64
457.13 198.40
474.21 206.65
484.22 211.95
492.46 224.90
515.43 218.42
500.12 197.81
463.02 168.96
489.52 174.85
237.35 111.26
244.71 104.48
251.49 95.36
227.64 100.36
224.69 107.43
255.61 83.58
232.94 81.23
268.86 152.18
313.90 83.29
314.20 76.22
329.51 79.75
340.69 89.76
543.10 427.57
526.61 439.94
521.90 415.79
531.91 397.54
554.88 376.93
575.49 419.33
603.75 408.73
619.06 405.78
658.51 433.46
649.68 428.75
669.70 425.80
659.10 415.20
689.72 460.54
712.68 416.97
726.81 423.45
740.36 437.58
697.37 412.26
723.28 396.36
693.84 362.21
724.46 355.14
732.11 345.72
708.56 331.59
697.96 329.24
673.23 360.44
640.85 323.35
652.62 393.42
571.95 331.59
566.07 325.11
573.72 298.03
608.46 286.84
600.81 323.94
629.07 305.09
617.29 312.75
633.78 289.79
643.20 284.49
680.89 307.45
678.53 286.25
695.61 290.37
721.51 312.75
749.78 289.79
531.32 306.27
544.87 317.46
522.49 353.38
513.66 364.57
507.77 323.35
517.19 306.27
505.42 261.52
533.68 260.93
545.46 246.80
556.64 257.99
578.43 256.81
598.45 242.68
598.45 273.89
613.76 262.70
634.37 270.94
633.19 258.58
650.86 269.18
622.00 270.94
666.16 250.33
644.97 241.50
313.46 310.39
349.97 189.04
363.51 193.16
359.39 176.67
371.16 185.51
150.36 249.69
175.09 95.42
431.81 128.39
429.46 143.11
419.45 163.13
408.85 171.37
395.89 141.34
384.12 145.47
373.52 151.94
369.99 147.23
386.47 129.57
372.93 124.27
390.60 113.67
405.32 116.02
461.84 123.09
454.78 124.27
468.91 113.67
487.75 157.83
481.86 159.01
518.96 154.89
536.62 218.48
573.13 225.55
587.85 219.66
591.38 199.05
581.37 120.74
537.07 184.33
535.59 173.73
526.17 175.50
518.52 164.31
510.57 163.13
508.21 192.28
548.55 211.41
557.09 219.95
565.92 215.54
566.51 174.02
553.55 174.61
574.16 159.01
624.21 156.06
610.37 159.01
616.56 153.41
610.08 177.85
632.16 212.30
623.03 223.78
610.37 228.78
592.12 229.96
601.25 236.14
579.46 211.41
424.60 134.28
464.93 138.99
399.28 268.82
553.85 149.59
540.89 147.82
527.94 140.46
507.04 138.99
446.09 147.23
387.80 55.67
368.37 57.14
376.32 72.16
371.31 77.16
363.36 76.28
409.88 73.04
390.15 85.99
459.05 86.88
484.07 120.15
479.36 110.73
343.49 27.05
363.51 31.18
378.23 13.51
400.61 21.17
412.97 35.89
493.64 100.07
504.83 107.72
505.42 115.38
516.60 105.96
508.95 105.96
531.91 80.64
539.57 105.96
526.03 95.36
599.63 112.43
255.17 35.30
469.50 24.70
472.44 75.34
760.97 455.24
776.27 446.41
836.92 452.89
819.26 442.88
809.84 461.72
790.41 444.06
780.99 428.75
771.56 419.33
772.15 408.14
752.72 398.72
785.11 369.87
754.49 341.60
779.81 337.48
795.71 320.99
806.89 325.11
809.84 363.39
831.04 372.81
829.86 356.32
823.38 339.84
845.17 351.02
839.87 341.60
845.76 322.76
864.01 343.96
878.14 342.19
833.98 322.76
981.19 461.72
971.76 448.77
955.28 435.81
937.02 429.93
919.95 457.60
879.32 463.49
868.72 450.53
855.77 442.88
846.93 436.40
838.69 427.57
861.65 399.31
881.09 378.11
894.63 371.04
913.47 362.21
908.76 381.05
898.16 398.72
888.74 418.15
914.06 422.27
925.84 415.20
941.15 400.48
956.45 391.65
975.89 383.41
990.61 385.17
989.43 397.54
954.10 376.93
935.85 362.80
928.78 378.11
935.85 335.71
977.06 339.84
988.84 329.24
962.34 320.99
949.98 315.69
934.67 317.46
921.13 306.27
889.92 320.99
901.69 294.50
881.67 286.25
892.86 277.42
909.35 269.18
898.75 269.18
923.48 253.87
934.67 243.27
949.39 270.94
959.40 272.12
927.01 285.66
969.41 306.27
997.08 286.25
983.54 292.73
950.57 299.80
971.76 284.49
961.17 281.54
813.37 385.17
812.78 405.78
813.37 422.27
823.97 404.61
795.71 411.08
665.58 337.48
620.24 379.88
579.02 364.57
584.32 352.20
577.25 402.84
564.30 407.55
548.99 273.30
839.28 285.66
838.10 268.00
813.96 273.30
805.13 261.52
794.53 269.77
779.22 262.70
796.88 247.39
792.76 291.55
862.24 260.93
878.73 262.70
891.68 252.69
752.13 242.09
651.44 223.78
412.38 348.02
663.81 237.91
675.00 232.02
587.26 188.45
589.03 176.67
594.92 170.20
658.51 170.20
673.82 177.85
658.51 213.18
643.20 217.30
713.86 251.45
726.81 244.98
745.07 234.38
745.07 259.11
715.63 226.72
696.78 228.49
708.56 219.07
693.84 212.00
699.73 200.82
707.97 207.29
717.98 193.16
729.17 192.57
722.69 180.80
772.74 218.48
755.08 210.24
765.68 194.34
784.52 193.75
801.01 228.49
806.30 221.42
825.15 246.74
842.22 242.03
846.35 226.13
875.79 210.24
859.89 213.18
878.14 244.98
869.31 240.27
901.69 238.50
900.52 227.31
924.66 217.30
914.65 207.29
927.60 202.58
934.67 212.00
942.32 215.54
955.87 230.85
985.90 221.42
745.66 171.96
759.20 167.84
735.06 171.96
799.24 164.90
786.87 183.15
801.59 180.21
812.78 170.79
822.20 170.79
832.21 174.32
819.85 204.94
800.42 210.83
788.64 221.42
809.84 199.05
860.48 180.80
918.18 172.55
928.19 180.21
949.39 181.97
949.98 188.45
954.69 171.96
967.64 188.45
967.05 201.99
984.13 184.92
992.96 171.96
983.54 169.02
672.05 164.90
685.01 170.79
697.37 166.66
682.65 181.38
693.84 185.51
713.27 167.25
707.38 158.42
697.37 111.31
687.95 98.36
676.17 112.49
685.01 117.79
702.67 128.98
687.36 141.34
593.74 150.18
618.47 113.08
613.76 125.45
608.46 119.56
640.85 97.18
563.12 121.91
547.22 125.45
543.69 118.97
539.57 114.85
556.64 100.72
549.58 102.48
568.42 101.30
589.03 92.47
590.80 98.95
562.53 184.33
648.06 160.48
565.03 157.54
642.76 113.67
655.71 105.13
659.84 129.57
668.67 128.10
663.37 140.46
676.03 135.16
640.70 144.58
627.45 134.28
729.32 96.30
697.37 22.93
689.13 15.28
676.76 19.40
669.11 36.48
677.35 40.60
670.29 44.13
660.87 45.31
693.84 43.54
688.54 47.66
686.77 49.43
695.02 60.03
702.08 60.03
707.38 60.03
718.57 54.73
728.58 84.76
739.77 72.98
746.25 74.75
753.31 81.82
729.17 66.51
723.28 79.46
718.57 79.46
715.04 85.35
711.50 84.76
747.42 102.42
749.19 115.38
741.53 123.62
763.91 117.14
744.48 140.70
787.46 153.06
783.34 140.11
791.00 132.45
773.92 148.35
766.85 140.11
758.61 144.23
639.67 31.18
828.09 58.26
846.35 65.92
856.36 124.80
431.22 248.51
447.71 249.69
632.60 158.42
362.33 47.66
348.20 60.03
338.78 62.38
329.36 67.09
347.61 49.43
352.32 74.75
429.46 61.80
422.98 48.25
123.27 126.57
135.05 117.14
137.40 106.55
141.52 103.60
96.77 9.39
107.96 14.69
121.50 14.69
104.43 25.88
341.72 131.87
469.50 47.66
477.74 39.42
487.75 46.49
493.05 22.93
511.89 36.48
501.29 52.37
508.36 81.82
497.76 90.06
482.45 77.69
487.16 82.99
381.76 25.88
390.60 19.99
249.87 21.17
271.06 24.70
284.02 51.79
290.50 58.85
291.08 66.51
286.96 79.46
271.06 65.33
275.77 57.67
279.31 69.45
314.64 54.14
314.05 70.63
304.63 68.27
318.17 45.31
325.24 32.35
320.53 39.42
334.07 41.78
331.71 57.67
357.03 4.09
390.01 6.45
430.05 6.45
431.81 12.92
437.70 36.48
438.88 46.49
457.72 38.24
464.20 17.04
456.54 21.76
449.48 14.69
411.79 12.33
435.35 20.58
442.41 15.87
500.71 30.00
514.25 21.17
524.85 17.63
514.84 11.16
528.97 35.30
54.97 7.62
45.54 11.75
68.51 8.80
60.27 20.58
68.51 22.93
288.14 27.64
405.32 62.38
387.06 69.45
376.46 94.18
363.51 113.02
359.39 93.00
371.75 111.85
401.19 97.71
391.77 97.12
433.58 70.04
428.87 81.23
438.88 76.52
416.50 75.34
456.54 72.39
450.07 64.74
439.47 85.94
439.47 97.71
445.36 89.47
428.28 114.20
451.24 111.85
527.20 64.15
569.01 70.04
580.20 79.46
551.34 77.10
546.63 65.33
608.46 48.84
638.49 107.72
632.01 55.91
604.93 27.05
611.40 21.17
597.86 28.23
605.52 40.60
564.89 21.17
561.35 39.42
546.05 18.81
535.45 25.88
577.25 31.77
581.96 15.87
587.26 15.87
589.62 19.40
589.62 23.52
591.38 45.90
635.55 5.27
633.78 20.58
627.89 28.23
624.95 35.89
616.12 39.42
590.21 78.87
594.92 65.92
747.42 55.91
763.32 24.70
755.67 35.30
765.68 54.14
792.17 50.61
798.65 58.26
802.77 68.27
770.39 78.87
783.34 78.87
770.98 87.70
763.91 91.83
794.53 95.95
816.90 82.99
809.25 89.47
821.03 103.60
827.50 91.24
812.78 130.69
820.44 130.69
799.83 144.82
806.31 144.23
825.15 113.02
831.04 110.08
847.52 93.59
842.22 164.84
827.50 157.77
868.13 156.60
835.16 196.05
816.90 189.57
827.50 185.45
824.56 191.93
693.25 81.82
693.25 72.98
686.18 68.27
680.89 84.76
673.82 100.07
650.86 46.49
652.62 19.40
658.51 22.93
665.58 15.28
670.88 7.62
740.36 13.51
740.95 6.45
759.79 4.68
779.81 15.87
805.72 36.48
821.03 33.53
824.56 25.88
814.55 18.81
877.55 22.93
841.05 39.42
866.37 72.39
871.08 61.21
901.11 77.69
909.94 73.57
891.68 198.99
891.68 207.82
879.91 218.42
902.28 177.20
892.27 186.63
895.22 170.14
674.41 148.35
619.65 90.06
608.46 84.76
667.34 62.97
676.76 72.98
705.62 33.53
719.16 18.81
532.50 8.21
855.77 55.91
882.26 45.31
859.89 15.87
862.24 19.99
868.72 18.81
866.37 35.89
844.58 81.23
825.15 76.52
826.33 81.23
831.04 78.87
799.83 77.10
808.66 70.63
948.21 140.17
942.32 134.87
958.22 130.75
976.48 136.04
985.31 133.69
967.05 133.10
968.23 122.50
978.24 117.79
996.50 121.91
995.32 113.67
985.31 95.42
970.59 72.45
876.38 131.92
911.12 141.93
811.02 106.60
796.88 107.78
805.13 118.97
786.29 118.97
783.93 106.01
748.60 88.94
742.12 82.46
922.89 43.60
889.92 35.36
876.96 169.02
871.66 182.56
896.40 147.23
897.57 136.04
904.64 128.39
957.63 70.69
649.09 65.97
657.33 97.18
568.42 57.73
825.15 45.95
820.44 53.02
874.02 110.73
929.96 133.10
687.36 161.36
677.94 155.48
734.47 55.96
740.95 49.49
737.41 49.49
975.30 102.48
951.16 80.70
929.96 70.69
921.13 74.22
915.83 109.55
905.23 122.50
912.29 155.48
861.65 169.02
854.59 97.18
859.89 100.13
943.50 72.45
947.62 72.45
986.49 160.78
984.13 152.53
984.13 145.47
993.55 138.40
968.82 149.00
974.12 161.95
967.64 161.95
930.55 144.29
925.84 149.59
907.58 161.36
917.59 157.83
956.46 149.59
948.21 155.48
986.49 90.71
976.48 90.12
891.10 50.08
901.69 41.83
895.22 67.15
914.06 68.33
915.24 81.87
920.54 93.06
931.72 111.90
931.14 120.15
926.43 121.91
919.95 126.62
919.95 134.87
777.45 47.72
785.11 44.78
789.82 44.78
789.82 63.03
838.10 65.97
879.91 64.21
892.86 85.99
931.72 61.26
951.16 62.44
900.52 85.41
666.75 80.70
644.97 87.76
618.47 68.92
670.29 90.71
573.13 140.76
586.09 147.23
577.25 50.67
772.15 106.01
726.81 126.62
722.10 144.88
723.28 152.53
740.95 145.47
729.76 161.36
753.31 153.71
780.99 87.76
726.81 41.24
715.63 40.07
696.78 49.49
832.21 18.81
909.35 35.89
911.12 50.61
894.04 56.50
862.83 50.61
839.87 23.52
770.98 18.81
729.17 24.11
736.23 11.75
705.03 11.16
707.38 18.81
707.97 27.05
796.29 27.05
801.01 22.93
807.48 22.93
798.06 10.57
801.59 6.45
713.27 47.66
644.97 17.63
623.18 10.57
689.72 124.80
679.12 6.45
851.64 10.57
939.38 111.26
947.03 105.96
959.40 111.26
941.73 126.57
934.67 124.21
947.62 127.74
957.04 101.84
981.19 77.69
975.30 81.23
627.30 72.98
638.49 62.97
629.66 85.35
647.91 77.69
646.73 12.33
654.98 7.62
991.49 260.88
993.85 240.86
305.22 108.90
362.33 9.39
370.58 11.16
501.88 70.04
730.94 262.58
484.22 94.18
597.86 17.63
593.74 14.69
720.34 8.21
727.99 6.45
717.98 64.74
666.75 150.12
719.75 27.05
647.91 206.06
398.84 201.94
339.37 122.44
298.15 221.37
349.97 14.69
329.95 5.27
415.92 90.06
416.50 21.17
381.17 43.54
392.95 45.31
399.43 38.24
401.78 55.91
377.64 53.55
270.48 35.89
256.34 107.72
391.18 14.69
415.33 106.55
339.96 173.08
322.88 176.03
607.87 33.53
602.57 11.16
609.64 8.21
615.53 9.39
586.67 6.45
581.96 8.80
536.04 6.45
497.17 10.57
506.01 4.68
355.86 34.12
191.57 12.33
432.40 52.96
477.74 9.39
889.92 101.84
891.10 94.18
993.55 287.90
940.56 87.11
935.26 78.87
933.49 89.47
927.01 101.84
931.14 97.71
966.47 77.10
959.99 81.23
965.29 85.35
906.99 89.47
915.83 89.47
904.64 97.71
880.50 82.99
874.61 87.11
874.02 93.59
883.44 93.59
888.74 29.41
878.73 16.46
875.20 41.78
901.11 106.55
886.39 118.32
889.92 114.20
893.45 124.80
878.73 120.09
868.13 123.62
866.37 105.96
855.77 116.56
865.19 116.56
841.05 121.27
992.96 89.47
987.66 98.30
997.08 101.84
957.04 89.47
948.21 93.59
751.54 14.69
742.12 22.93
768.03 14.69
580.20 97.71
943.50 164.31
940.56 147.23
929.96 170.20
939.38 172.55
876.38 199.05
828.09 123.68
750.37 275.01
788.05 283.84
726.22 295.62
696.19 207.29
652.03 152.53
610.23 97.77
979.42 201.40
990.61 206.70
760.97 100.13
839.87 3.50
750.37 8.21
854.00 62.38
825.15 11.16
816.32 9.39
839.28 11.16
845.76 21.76
654.39 12.92
633.78 12.92
690.31 6.45
563.71 12.33
543.69 35.30
541.33 58.26
537.80 64.15
631.42 49.43
749.19 43.54
665.58 103.60
713.27 119.50
854.00 49.43
853.41 41.78
881.67 35.89
776.28 8.80
789.23 32.94
553.70 22.93
574.31 9.39
457.13 5.27
411.20 27.64
494.23 68.86
557.23 51.79
572.54 78.87
442.41 127.74
510.13 130.69
523.67 123.62
526.61 127.74
303.45 160.72
471.85 18.81
241.62 17.04
241.03 2.32
278.72 14.69
284.61 19.40
286.37 15.28
291.08 18.81
281.07 24.11
281.07 32.35
134.46 7.03
140.35 5.27
16.10 11.16
20.23 11.16
9.04 10.57
26.70 6.45
32.59 14.69
79.70 5.27
106.78 5.27
8.45 173.67
210.42 14.69
218.66 12.33
228.67 11.75
211.00 8.21
225.14 8.21
322.88 22.93
235.73 11.16
198.05 7.03
664.10 312.69
865.48 145.47
879.61 146.64
880.79 157.24
893.75 153.71
931.43 191.39
970.29 225.55
679.71 55.91
524.85 51.79
559.00 73.57
544.87 77.10
256.34 335.71
48.49 331.00
351.73 379.29
497.17 432.28
743.01 406.90
775.98 310.34
314.05 124.27
406.49 123.68
524.26 83.05
21.11 254.99
4.62 79.52
2.27 287.96
766.27 6.45
741.53 31.18
865.78 25.88
858.12 27.64
703.26 73.57
855.77 87.11
838.10 85.35
587.26 37.65
770.98 303.27
759.79 213.77
610.23 252.63
911.12 183.74
921.71 190.81
257.52 28.23
262.23 22.93
265.77 15.87
113.26 12.33
122.09 7.03
252.22 54.14
443.88 312.69
186.86 352.20
173.91 335.71
225.14 339.84
217.48 167.78
110.32 97.12
64.98 114.79
19.05 106.55
613.76 65.33
623.18 62.97
525.44 22.93
439.47 284.37
425.93 187.80
381.76 84.23
259.29 325.06
431.81 36.53
423.57 36.53
292.26 33.00
412.09 247.92
