976.65 436.40
958.40 459.37
914.83 462.90
924.25 454.66
877.73 469.97
859.48 456.42
880.09 437.58
886.56 415.20
913.06 406.96
933.08 409.91
963.70 396.36
950.74 388.12
958.99 344.55
914.83 362.21
885.97 384.00
844.76 398.72
830.04 418.15
805.31 433.46
801.77 400.48
814.14 418.15
814.73 461.72
778.81 449.95
778.22 401.66
764.68 420.50
729.35 442.29
735.82 408.14
712.27 404.02
700.49 381.05
718.75 409.91
712.27 442.88
699.32 441.70
674.00 447.00
647.50 452.30
652.21 440.52
622.77 415.79
591.56 426.39
588.62 460.54
553.88 450.53
520.31 458.78
517.37 428.16
993.58 313.63
956.19 290.96
962.08 254.75
939.41 300.09
924.10 283.31
899.96 272.71
911.44 291.26
871.40 290.96
872.58 310.69
898.49 328.94
932.93 333.36
843.73 318.34
844.90 352.49
817.23 334.24
833.72 326.59
794.56 318.93
774.83 294.20
760.11 319.82
755.11 347.20
760.11 362.80
787.20 261.82
821.35 270.35
834.30 285.96
835.78 273.59
853.15 266.82
813.70 261.82
948.98 238.56
917.77 230.31
901.87 204.99
895.39 225.01
865.37 209.71
964.88 200.28
960.75 222.66
979.60 196.16
995.50 203.23
997.85 221.48
990.20 360.44
750.99 288.02
724.49 294.79
732.44 277.71
755.40 269.77
775.42 265.64
781.31 292.14
766.30 234.14
750.99 241.80
731.85 242.38
720.07 243.86
843.43 232.08
709.33 342.19
692.84 336.30
700.49 299.21
682.24 268.00
701.08 272.71
680.47 220.30
666.93 217.95
640.43 220.89
655.74 229.14
663.99 308.63
653.98 329.24
666.93 333.95
661.04 346.90
675.17 371.63
689.31 368.69
634.99 353.08
616.73 343.07
574.04 362.50
579.34 341.90
739.21 358.68
624.98 330.12
654.12 298.03
601.72 209.12
607.02 232.96
620.27 257.99
601.13 256.52
537.83 222.66
527.53 217.07
546.96 207.06
566.10 215.59
561.38 205.58
586.12 199.40
583.76 284.19
613.50 279.19
540.48 275.06
550.79 260.64
589.06 279.19
585.82 259.17
747.75 202.64
715.95 197.93
725.96 192.63
857.42 183.80
873.31 184.97
844.46 191.45
826.21 191.45
817.38 187.33
819.73 216.77
807.37 213.24
802.07 190.27
780.87 197.93
895.39 139.05
863.01 129.04
937.79 175.55
901.87 186.15
913.06 177.91
925.42 161.42
946.62 149.65
934.26 152.59
930.72 127.86
941.32 141.99
963.11 119.62
980.19 115.49
997.26 133.75
996.08 120.79
946.03 117.85
814.73 139.05
770.56 149.06
751.13 167.31
781.16 133.16
709.33 151.41
737.00 189.69
729.35 174.38
682.24 163.78
680.47 146.70
652.21 134.92
645.73 202.05
674.00 190.27
696.37 194.40
714.04 212.06
738.77 221.48
625.27 208.82
624.68 197.34
607.61 194.40
941.91 87.11
924.84 85.35
922.48 94.18
983.72 93.00
988.43 82.99
907.17 44.72
888.92 33.53
894.81 85.35
890.10 105.37
903.05 116.56
864.19 77.10
851.82 68.27
855.94 93.59
847.11 103.60
826.50 110.08
811.19 107.72
808.25 123.62
785.87 78.87
783.52 69.45
797.65 62.97
795.88 51.79
769.39 75.34
786.46 98.30
995.05 25.55
982.69 23.49
971.21 23.49
931.17 28.50
920.27 13.19
956.49 16.43
865.51 26.14
845.49 14.95
833.42 17.90
826.36 16.43
801.92 16.13
818.41 25.55
795.15 26.14
778.07 32.62
768.06 32.62
767.18 20.25
782.78 23.20
755.99 47.05
753.05 64.71
821.94 82.67
834.01 92.97
867.57 95.03
920.57 72.37
930.58 66.18
946.48 62.36
944.12 72.98
958.84 62.68
538.57 366.27
543.28 392.18
506.18 393.36
505.59 369.22
525.02 352.14
540.92 320.35
565.65 336.24
519.14 296.79
515.01 261.46
505.00 240.86
505.00 309.75
503.83 276.18
536.21 412.79
739.36 120.68
736.41 111.85
703.44 106.55
719.34 111.85
712.86 91.24
696.37 97.71
679.89 118.32
659.28 104.19
650.44 95.36
602.16 173.08
553.88 168.96
552.11 187.21
568.60 196.64
543.87 198.40
526.79 206.65
516.78 211.95
508.54 224.90
485.57 218.42
500.88 197.81
537.98 168.96
511.48 174.85
763.65 111.26
756.29 104.48
749.51 95.36
773.36 100.36
776.31 107.43
745.39 83.58
768.06 81.23
732.14 152.18
687.10 83.29
686.80 76.22
671.49 79.75
660.31 89.76
457.90 427.57
474.39 439.94
479.10 415.79
469.09 397.54
446.12 376.93
425.51 419.33
397.25 408.73
381.94 405.78
342.49 433.46
351.32 428.75
331.30 425.80
341.90 415.20
311.28 460.54
288.32 416.97
274.19 423.45
260.64 437.58
303.63 412.26
277.72 396.36
307.16 362.21
276.54 355.14
268.89 345.72
292.44 331.59
303.04 329.24
327.77 360.44
360.15 323.35
348.38 393.42
429.05 331.59
434.93 325.11
427.28 298.03
392.54 286.84
400.19 323.94
371.93 305.09
383.71 312.75
367.22 289.79
357.80 284.49
320.11 307.45
322.47 286.25
305.39 290.37
279.49 312.75
251.22 289.79
469.68 306.27
456.13 317.46
478.51 353.38
487.34 364.57
493.23 323.35
483.81 306.27
495.58 261.52
467.32 260.93
455.54 246.80
444.36 257.99
422.57 256.81
402.55 242.68
402.55 273.89
387.24 262.70
366.63 270.94
367.81 258.58
350.14 269.18
379.00 270.94
334.84 250.33
356.03 241.50
687.54 310.39
651.03 189.04
637.49 193.16
641.61 176.67
629.84 185.51
850.64 249.69
825.91 95.42
569.19 128.39
571.54 143.11
581.55 163.13
592.15 171.37
605.11 141.34
616.88 145.47
627.48 151.94
631.01 147.23
614.53 129.57
628.07 124.27
610.40 113.67
595.68 116.02
539.16 123.09
546.22 124.27
532.09 113.67
513.25 157.83
519.14 159.01
482.04 154.89
464.38 218.48
427.87 225.55
413.15 219.66
409.62 199.05
419.63 120.74
463.93 184.33
465.41 173.73
474.83 175.50
482.48 164.31
490.43 163.13
492.79 192.28
452.45 211.41
443.91 219.95
435.08 215.54
434.49 174.02
447.45 174.61
426.84 159.01
376.79 156.06
390.63 159.01
384.44 153.41
390.92 177.85
368.84 212.30
377.97 223.78
390.63 228.78
408.88 229.96
399.75 236.14
421.54 211.41
576.40 134.28
536.07 138.99
601.72 268.82
447.15 149.59
460.11 147.82
473.06 140.46
493.96 138.99
554.91 147.23
613.20 55.67
632.63 57.14
624.68 72.16
629.69 77.16
637.64 76.28
591.12 73.04
610.85 85.99
541.95 86.88
516.93 120.15
521.64 110.73
657.51 27.05
637.49 31.18
622.77 13.51
600.39 21.17
588.03 35.89
507.36 100.07
496.17 107.72
495.58 115.38
484.40 105.96
492.05 105.96
469.09 80.64
461.43 105.96
474.97 95.36
401.37 112.43
745.83 35.30
531.50 24.70
528.56 75.34
240.03 455.24
224.73 446.41
164.08 452.89
181.74 442.88
191.16 461.72
210.59 444.06
220.01 428.75
229.44 419.33
228.85 408.14
248.28 398.72
215.89 369.87
246.51 341.60
221.19 337.48
205.29 320.99
194.11 325.11
191.16 363.39
169.96 372.81
171.14 356.32
177.62 339.84
155.83 351.02
161.13 341.60
155.24 322.76
136.99 343.96
122.86 342.19
167.02 322.76
19.81 461.72
29.24 448.77
45.72 435.81
63.98 429.93
81.05 457.60
121.68 463.49
132.28 450.53
145.23 442.88
154.07 436.40
162.31 427.57
139.35 399.31
119.91 378.11
106.37 371.04
87.53 362.21
92.24 381.05
102.84 398.72
112.26 418.15
86.94 422.27
75.16 415.20
59.85 400.48
44.55 391.65
25.11 383.41
10.39 385.17
11.57 397.54
46.90 376.93
65.15 362.80
72.22 378.11
65.15 335.71
23.94 339.84
12.16 329.24
38.66 320.99
51.02 315.69
66.33 317.46
79.87 306.27
111.08 320.99
99.31 294.50
119.33 286.25
108.14 277.42
91.65 269.18
102.25 269.18
77.52 253.87
66.33 243.27
51.61 270.94
41.60 272.12
73.99 285.66
31.59 306.27
3.92 286.25
17.46 292.73
50.43 299.80
29.24 284.49
39.83 281.54
187.63 385.17
188.22 405.78
187.63 422.27
177.03 404.61
205.29 411.08
335.42 337.48
380.76 379.88
421.98 364.57
416.68 352.20
423.75 402.84
436.70 407.55
452.01 273.30
161.72 285.66
162.90 268.00
187.04 273.30
195.87 261.52
206.47 269.77
221.78 262.70
204.12 247.39
208.24 291.55
138.76 260.93
122.27 262.70
109.32 252.69
248.87 242.09
349.56 223.78
588.62 348.02
337.19 237.91
326.00 232.02
413.74 188.45
411.97 176.67
406.08 170.20
342.49 170.20
327.18 177.85
342.49 213.18
357.80 217.30
287.14 251.45
274.19 244.98
255.93 234.38
255.93 259.11
285.37 226.72
304.22 228.49
292.44 219.07
307.16 212.00
301.27 200.82
293.03 207.29
283.02 193.16
271.83 192.57
278.31 180.80
228.26 218.48
245.92 210.24
235.32 194.34
216.48 193.75
199.99 228.49
194.70 221.42
175.85 246.74
158.78 242.03
154.65 226.13
125.21 210.24
141.11 213.18
122.86 244.98
131.69 240.27
99.31 238.50
100.48 227.31
76.34 217.30
86.35 207.29
73.40 202.58
66.33 212.00
58.68 215.54
45.13 230.85
15.10 221.42
255.34 171.96
241.80 167.84
265.94 171.96
201.76 164.90
214.13 183.15
199.41 180.21
188.22 170.79
178.80 170.79
168.79 174.32
181.15 204.94
200.58 210.83
212.36 221.42
191.16 199.05
140.52 180.80
82.82 172.55
72.81 180.21
51.61 181.97
51.02 188.45
46.31 171.96
33.36 188.45
33.95 201.99
16.87 184.92
8.04 171.96
17.46 169.02
328.95 164.90
315.99 170.79
303.63 166.66
318.35 181.38
307.16 185.51
287.73 167.25
293.62 158.42
303.63 111.31
313.05 98.36
324.83 112.49
315.99 117.79
298.33 128.98
313.64 141.34
407.26 150.18
382.53 113.08
387.24 125.45
392.54 119.56
360.15 97.18
437.88 121.91
453.78 125.45
457.31 118.97
461.43 114.85
444.36 100.72
451.42 102.48
432.58 101.30
411.97 92.47
410.20 98.95
438.47 184.33
352.94 160.48
435.97 157.54
358.24 113.67
345.29 105.13
341.16 129.57
332.33 128.10
337.63 140.46
324.97 135.16
360.30 144.58
373.55 134.28
271.68 96.30
303.63 22.93
311.87 15.28
324.24 19.40
331.89 36.48
323.65 40.60
330.71 44.13
340.13 45.31
307.16 43.54
312.46 47.66
314.23 49.43
305.98 60.03
298.92 60.03
293.62 60.03
282.43 54.73
272.42 84.76
261.23 72.98
254.75 74.75
247.69 81.82
271.83 66.51
277.72 79.46
282.43 79.46
285.96 85.35
289.50 84.76
253.58 102.42
251.81 115.38
259.47 123.62
237.09 117.14
256.52 140.70
213.54 153.06
217.66 140.11
210.00 132.45
227.08 148.35
234.15 140.11
242.39 144.23
361.33 31.18
172.91 58.26
154.65 65.92
144.64 124.80
569.78 248.51
553.29 249.69
368.40 158.42
638.67 47.66
652.80 60.03
662.22 62.38
671.64 67.09
653.39 49.43
648.68 74.75
571.54 61.80
578.02 48.25
877.73 126.57
865.95 117.14
863.60 106.55
859.48 103.60
904.23 9.39
893.04 14.69
879.50 14.69
896.57 25.88
659.28 131.87
531.50 47.66
523.26 39.42
513.25 46.49
507.95 22.93
489.11 36.48
499.71 52.37
492.64 81.82
503.24 90.06
518.55 77.69
513.84 82.99
619.24 25.88
610.40 19.99
751.13 21.17
729.94 24.70
716.98 51.79
710.50 58.85
709.92 66.51
714.04 79.46
729.94 65.33
725.23 57.67
721.69 69.45
686.36 54.14
686.95 70.63
696.37 68.27
682.83 45.31
675.76 32.35
680.47 39.42
666.93 41.78
669.29 57.67
643.97 4.09
610.99 6.45
570.95 6.45
569.19 12.92
563.30 36.48
562.12 46.49
543.28 38.24
536.80 17.04
544.46 21.76
551.52 14.69
589.21 12.33
565.65 20.58
558.59 15.87
500.29 30.00
486.75 21.17
476.15 17.63
486.16 11.16
472.03 35.30
946.03 7.62
955.46 11.75
932.49 8.80
940.73 20.58
932.49 22.93
712.86 27.64
595.68 62.38
613.94 69.45
624.54 94.18
637.49 113.02
641.61 93.00
629.25 111.85
599.81 97.71
609.23 97.12
567.42 70.04
572.13 81.23
562.12 76.52
584.50 75.34
544.46 72.39
550.93 64.74
561.53 85.94
561.53 97.71
555.64 89.47
572.72 114.20
549.76 111.85
473.80 64.15
431.99 70.04
420.80 79.46
449.66 77.10
454.37 65.33
392.54 48.84
362.51 107.72
368.99 55.91
396.07 27.05
389.60 21.17
403.14 28.23
395.48 40.60
436.11 21.17
439.65 39.42
454.95 18.81
465.55 25.88
423.75 31.77
419.04 15.87
413.74 15.87
411.38 19.40
411.38 23.52
409.62 45.90
365.45 5.27
367.22 20.58
373.11 28.23
376.05 35.89
384.88 39.42
410.79 78.87
406.08 65.92
253.58 55.91
237.68 24.70
245.33 35.30
235.32 54.14
208.83 50.61
202.35 58.26
198.23 68.27
230.61 78.87
217.66 78.87
230.02 87.70
237.09 91.83
206.47 95.95
184.10 82.99
191.75 89.47
179.97 103.60
173.50 91.24
188.22 130.69
180.56 130.69
201.17 144.82
194.69 144.23
175.85 113.02
169.96 110.08
153.48 93.59
158.78 164.84
173.50 157.77
132.87 156.60
165.84 196.05
184.10 189.57
173.50 185.45
176.44 191.93
307.75 81.82
307.75 72.98
314.82 68.27
320.11 84.76
327.18 100.07
350.14 46.49
348.38 19.40
342.49 22.93
335.42 15.28
330.12 7.62
260.64 13.51
260.05 6.45
241.21 4.68
221.19 15.87
195.28 36.48
179.97 33.53
176.44 25.88
186.45 18.81
123.45 22.93
159.95 39.42
134.63 72.39
129.92 61.21
99.89 77.69
91.06 73.57
109.32 198.99
109.32 207.82
121.09 218.42
98.72 177.20
108.73 186.63
105.78 170.14
326.59 148.35
381.35 90.06
392.54 84.76
333.66 62.97
324.24 72.98
295.38 33.53
281.84 18.81
468.50 8.21
145.23 55.91
118.74 45.31
141.11 15.87
138.76 19.99
132.28 18.81
134.63 35.89
156.42 81.23
175.85 76.52
174.67 81.23
169.96 78.87
201.17 77.10
192.34 70.63
52.79 140.17
58.68 134.87
42.78 130.75
24.52 136.04
15.69 133.69
33.95 133.10
32.77 122.50
22.76 117.79
4.50 121.91
5.68 113.67
15.69 95.42
30.41 72.45
124.62 131.92
89.88 141.93
189.98 106.60
204.12 107.78
195.87 118.97
214.71 118.97
217.07 106.01
252.40 88.94
258.88 82.46
78.11 43.60
111.08 35.36
124.04 169.02
129.34 182.56
104.60 147.23
103.43 136.04
96.36 128.39
43.37 70.69
351.91 65.97
343.67 97.18
432.58 57.73
175.85 45.95
180.56 53.02
126.98 110.73
71.04 133.10
313.64 161.36
323.06 155.48
266.53 55.96
260.05 49.49
263.59 49.49
25.70 102.48
49.84 80.70
71.04 70.69
79.87 74.22
85.17 109.55
95.77 122.50
88.71 155.48
139.35 169.02
146.41 97.18
141.11 100.13
57.50 72.45
53.38 72.45
14.51 160.78
16.87 152.53
16.87 145.47
7.45 138.40
32.18 149.00
26.88 161.95
33.36 161.95
70.45 144.29
75.16 149.59
93.42 161.36
83.41 157.83
44.54 149.59
52.79 155.48
14.51 90.71
24.52 90.12
109.90 50.08
99.31 41.83
105.78 67.15
86.94 68.33
85.76 81.87
80.46 93.06
69.28 111.90
69.86 120.15
74.57 121.91
81.05 126.62
81.05 134.87
223.55 47.72
215.89 44.78
211.18 44.78
211.18 63.03
162.90 65.97
121.09 64.21
108.14 85.99
69.28 61.26
49.84 62.44
100.48 85.41
334.25 80.70
356.03 87.76
382.53 68.92
330.71 90.71
427.87 140.76
414.91 147.23
423.75 50.67
228.85 106.01
274.19 126.62
278.90 144.88
277.72 152.53
260.05 145.47
271.24 161.36
247.69 153.71
220.01 87.76
274.19 41.24
285.37 40.07
304.22 49.49
168.79 18.81
91.65 35.89
89.88 50.61
106.96 56.50
138.17 50.61
161.13 23.52
230.02 18.81
271.83 24.11
264.77 11.75
295.97 11.16
293.62 18.81
293.03 27.05
204.71 27.05
199.99 22.93
193.52 22.93
202.94 10.57
199.41 6.45
287.73 47.66
356.03 17.63
377.82 10.57
311.28 124.80
321.88 6.45
149.36 10.57
61.62 111.26
53.97 105.96
41.60 111.26
59.27 126.57
66.33 124.21
53.38 127.74
43.96 101.84
19.81 77.69
25.70 81.23
373.70 72.98
362.51 62.97
371.34 85.35
353.09 77.69
354.27 12.33
346.02 7.62
9.51 260.88
7.15 240.86
695.78 108.90
638.67 9.39
630.42 11.16
499.12 70.04
270.06 262.58
516.78 94.18
403.14 17.63
407.26 14.69
280.66 8.21
273.01 6.45
283.02 64.74
334.25 150.12
281.25 27.05
353.09 206.06
602.16 201.94
661.63 122.44
702.85 221.37
651.03 14.69
671.05 5.27
585.09 90.06
584.50 21.17
619.83 43.54
608.05 45.31
601.57 38.24
599.22 55.91
623.36 53.55
730.52 35.89
744.66 107.72
609.82 14.69
585.67 106.55
661.04 173.08
678.12 176.03
393.13 33.53
398.43 11.16
391.36 8.21
385.47 9.39
414.33 6.45
419.04 8.80
464.96 6.45
503.83 10.57
494.99 4.68
645.14 34.12
809.43 12.33
568.60 52.96
523.26 9.39
111.08 101.84
109.90 94.18
7.45 287.90
60.44 87.11
65.74 78.87
67.51 89.47
73.99 101.84
69.86 97.71
34.53 77.10
41.01 81.23
35.71 85.35
94.01 89.47
85.17 89.47
96.36 97.71
120.50 82.99
126.39 87.11
126.98 93.59
117.56 93.59
112.26 29.41
122.27 16.46
125.80 41.78
99.89 106.55
114.61 118.32
111.08 114.20
107.55 124.80
122.27 120.09
132.87 123.62
134.63 105.96
145.23 116.56
135.81 116.56
159.95 121.27
8.04 89.47
13.34 98.30
3.92 101.84
43.96 89.47
52.79 93.59
249.46 14.69
258.88 22.93
232.97 14.69
420.80 97.71
57.50 164.31
60.44 147.23
71.04 170.20
61.62 172.55
124.62 199.05
172.91 123.68
250.63 275.01
212.95 283.84
274.78 295.62
304.81 207.29
348.97 152.53
390.77 97.77
21.58 201.40
10.39 206.70
240.03 100.13
161.13 3.50
250.63 8.21
147.00 62.38
175.85 11.16
184.68 9.39
161.72 11.16
155.24 21.76
346.61 12.92
367.22 12.92
310.69 6.45
437.29 12.33
457.31 35.30
459.67 58.26
463.20 64.15
369.58 49.43
251.81 43.54
335.42 103.60
287.73 119.50
147.00 49.43
147.59 41.78
119.33 35.89
224.72 8.80
211.77 32.94
447.30 22.93
426.69 9.39
543.87 5.27
589.80 27.64
506.77 68.86
443.77 51.79
428.46 78.87
558.59 127.74
490.87 130.69
477.33 123.62
474.39 127.74
697.55 160.72
529.15 18.81
759.38 17.04
759.97 2.32
722.28 14.69
716.39 19.40
714.63 15.28
709.92 18.81
719.93 24.11
719.93 32.35
866.54 7.03
860.65 5.27
984.90 11.16
980.77 11.16
991.96 10.57
974.30 6.45
968.41 14.69
921.30 5.27
894.22 5.27
992.55 173.67
790.58 14.69
782.34 12.33
772.33 11.75
790.00 8.21
775.86 8.21
678.12 22.93
765.27 11.16
802.95 7.03
336.90 312.69
135.52 145.47
121.39 146.64
120.21 157.24
107.25 153.71
69.57 191.39
30.71 225.55
321.29 55.91
476.15 51.79
442.00 73.57
456.13 77.10
744.66 335.71
952.51 331.00
649.27 379.29
503.83 432.28
257.99 406.90
225.02 310.34
686.95 124.27
594.51 123.68
476.74 83.05
979.89 254.99
996.38 79.52
998.73 287.96
234.73 6.45
259.47 31.18
135.22 25.88
142.88 27.64
297.74 73.57
145.23 87.11
162.90 85.35
413.74 37.65
230.02 303.27
241.21 213.77
390.77 252.63
89.88 183.74
79.29 190.81
743.48 28.23
738.77 22.93
735.23 15.87
887.74 12.33
878.91 7.03
748.78 54.14
557.12 312.69
814.14 352.20
827.09 335.71
775.86 339.84
783.52 167.78
890.68 97.12
936.02 114.79
981.95 106.55
387.24 65.33
377.82 62.97
475.56 22.93
561.53 284.37
575.07 187.80
619.24 84.23
741.71 325.06
569.19 36.53
577.43 36.53
708.74 33.00
588.91 247.92
