997.57 136.42
969.90 345.57
986.39 357.94
991.10 333.79
981.09 315.54
958.12 294.93
937.51 337.33
909.25 326.73
893.94 323.78
854.49 351.46
863.32 346.75
843.30 343.80
853.90 333.20
823.28 378.54
800.32 334.97
786.19 341.45
772.64 355.58
815.63 330.26
789.72 314.36
819.16 280.21
788.54 273.14
780.89 263.72
804.44 249.59
815.04 247.24
839.77 278.44
872.15 241.35
860.38 311.42
941.05 249.59
946.93 243.11
939.28 216.03
904.54 204.84
912.19 241.94
883.93 223.09
895.71 230.75
879.22 207.79
869.80 202.49
832.11 225.45
834.47 204.25
817.39 208.37
791.49 230.75
763.22 207.79
981.68 224.27
968.13 235.46
990.51 271.38
999.34 282.57
995.81 224.27
979.32 178.93
967.54 164.80
956.36 175.99
934.57 174.81
914.55 160.68
914.55 191.89
899.24 180.70
878.63 188.94
879.81 176.58
862.14 187.18
891.00 188.94
846.84 168.33
868.03 159.50
994.04 72.89
976.38 136.48
939.87 143.55
925.15 137.66
921.62 117.05
931.63 38.74
975.93 102.33
977.41 91.73
986.83 93.50
994.48 82.31
964.45 129.41
955.91 137.95
947.08 133.54
946.49 92.02
959.45 92.61
938.84 77.01
888.79 74.06
902.63 77.01
896.44 71.41
902.92 95.85
880.84 130.30
889.97 141.78
902.63 146.78
920.88 147.96
911.75 154.14
933.54 129.41
959.15 67.59
972.11 65.82
985.06 58.46
996.40 23.96
973.43 23.96
986.97 13.36
913.37 30.43
752.03 373.24
736.73 364.41
676.08 370.89
693.74 360.88
703.16 379.72
722.59 362.06
732.01 346.75
741.44 337.33
740.85 326.14
760.28 316.72
727.89 287.87
758.51 259.60
733.19 255.48
717.29 238.99
706.11 243.11
703.16 281.39
681.96 290.81
683.14 274.32
689.62 257.84
667.83 269.02
673.13 259.60
667.24 240.76
648.99 261.96
634.86 260.19
679.02 240.76
644.28 368.53
657.23 360.88
666.07 354.40
674.31 345.57
651.35 317.31
631.91 296.11
624.26 336.15
623.08 238.99
631.33 204.25
699.63 303.17
700.22 323.78
699.63 340.27
689.03 322.61
717.29 329.08
847.42 255.48
892.76 297.88
933.98 282.57
928.68 270.20
935.75 320.84
948.70 325.55
964.01 191.30
673.72 203.66
674.90 186.00
699.04 191.30
707.87 179.52
718.47 187.77
733.78 180.70
716.12 165.39
720.24 209.55
650.76 178.93
634.27 180.70
621.32 170.69
760.87 160.09
861.56 141.78
849.19 155.91
838.00 150.02
925.74 106.45
923.97 94.67
918.08 88.20
854.49 88.20
839.18 95.85
854.49 131.18
869.80 135.30
799.14 169.45
786.19 162.98
767.93 152.38
767.93 177.11
797.37 144.72
816.22 146.49
804.44 137.07
819.16 130.00
813.27 118.82
805.03 125.29
795.02 111.16
783.83 110.57
790.31 98.80
740.26 136.48
757.92 128.24
747.32 112.34
728.48 111.75
711.99 146.49
706.70 139.42
687.85 164.74
670.78 160.03
666.65 144.13
637.21 128.24
653.11 131.18
634.86 162.98
643.69 158.27
767.34 89.96
753.80 85.84
777.94 89.96
713.76 82.90
726.13 101.15
711.41 98.21
700.22 88.79
690.80 88.79
680.79 92.32
693.15 122.94
712.58 128.83
724.36 139.42
703.16 117.05
652.52 98.80
840.95 82.90
827.99 88.79
815.63 84.66
830.35 99.38
819.16 103.51
799.73 85.25
805.62 76.42
815.63 29.31
825.05 16.36
836.83 30.49
827.99 35.79
810.33 46.98
825.64 59.34
919.26 68.18
894.53 31.08
899.24 43.45
904.54 37.56
872.15 15.18
949.88 39.91
965.78 43.45
969.31 36.97
973.43 32.85
956.36 18.72
963.42 20.48
944.58 19.30
923.97 10.47
922.20 16.95
950.47 102.33
864.94 78.48
947.97 75.54
870.24 31.67
857.29 23.13
853.16 47.57
844.33 46.10
849.63 58.46
836.97 53.16
872.30 62.58
885.55 52.28
783.68 14.30
784.42 2.76
797.96 3.35
801.50 2.76
765.58 20.42
763.81 33.38
771.47 41.62
749.09 35.14
768.52 58.70
725.54 71.06
729.66 58.11
722.00 50.45
739.08 66.35
746.15 58.11
754.39 62.23
656.64 42.80
880.40 76.42
874.51 25.72
742.02 5.70
749.09 9.83
718.47 13.95
696.10 0.99
703.75 7.47
691.97 21.60
685.50 9.24
700.22 48.69
692.56 48.69
713.17 62.82
706.69 62.23
687.85 31.02
681.96 28.08
665.48 11.59
670.78 82.84
685.50 75.77
644.87 74.60
677.84 114.05
696.10 107.57
685.50 103.45
688.44 109.93
832.11 2.76
839.18 18.07
621.32 116.99
621.32 125.82
633.09 136.42
838.59 66.35
893.35 8.06
904.54 2.76
636.62 49.92
701.98 24.60
716.12 25.78
707.87 36.97
726.71 36.97
729.07 24.01
764.40 6.94
770.88 0.46
636.04 87.02
641.34 100.56
855.67 15.18
638.98 28.73
825.64 79.36
835.06 73.48
651.35 87.02
658.41 15.18
653.11 18.13
868.03 5.76
842.71 8.71
939.87 58.76
926.91 65.23
740.85 24.01
786.19 44.62
790.90 62.88
789.72 70.53
772.05 63.47
783.24 79.36
759.69 71.71
732.01 5.76
823.28 42.80
883.34 3.35
782.06 180.58
846.25 68.12
865.09 124.06
623.08 19.84
621.90 12.18
632.50 0.99
638.39 5.11
638.98 11.59
629.56 11.59
626.61 36.32
623.08 32.20
634.27 38.09
644.87 41.62
646.63 23.96
657.23 34.56
647.81 34.56
671.95 39.27
932.80 15.71
636.62 117.05
684.91 41.68
762.63 193.01
724.95 201.84
786.78 213.62
816.81 125.29
860.97 70.53
902.77 15.77
752.03 18.13
847.42 21.60
799.73 37.50
989.33 41.62
986.39 45.74
848.90 230.69
647.52 63.47
633.39 64.64
632.21 75.24
769.99 324.90
737.02 228.34
988.74 1.05
657.23 5.11
674.90 3.35
742.02 221.27
753.21 131.77
902.77 170.63
