117.09 636.47
81.76 648.65
82.37 615.76
11.09 662.06
31.20 502.45
93.94 560.93
133.54 567.02
181.67 590.78
200.55 665.10
252.95 626.72
304.73 644.39
364.43 653.53
353.46 609.67
390.02 590.17
436.32 582.25
275.49 596.26
313.87 559.71
223.10 540.83
193.85 529.25
195.68 500.62
128.67 520.11
146.95 482.95
77.50 473.81
59.83 444.57
35.46 444.57
9.27 439.09
61.66 421.42
5.00 370.25
17.79 353.80
47.04 333.70
15.97 320.30
14.14 265.47
29.37 270.34
32.42 253.28
51.91 237.44
52.52 216.12
39.12 201.50
19.01 214.90
11.70 198.46
38.51 188.71
31.81 174.70
31.81 161.90
56.17 180.18
84.20 192.97
102.47 204.55
112.83 190.54
93.34 253.89
87.24 274.00
118.31 271.56
116.49 253.89
82.37 311.16
98.21 320.30
115.88 342.23
131.72 328.21
136.59 301.41
178.62 319.08
181.06 367.20
145.73 395.23
115.27 411.68
143.90 436.65
187.15 419.59
244.42 406.19
307.16 408.02
337.62 435.43
305.95 462.24
308.99 503.66
342.50 500.62
388.80 522.55
393.06 493.92
435.10 545.70
461.29 499.40
417.43 447.62
438.14 431.17
358.34 419.59
281.58 356.24
318.74 309.94
278.53 308.72
222.49 335.53
240.15 282.52
268.79 289.23
233.45 260.59
161.57 253.28
132.93 236.83
156.08 230.13
174.36 216.12
158.52 211.25
148.77 203.94
152.43 182.01
169.49 169.82
174.97 149.72
171.92 133.88
180.45 121.70
156.69 112.56
165.22 104.64
193.24 104.03
206.65 109.51
205.43 141.80
224.31 149.72
221.88 161.90
217.00 177.13
221.27 201.50
227.97 201.50
220.66 224.65
252.95 193.58
277.92 223.43
288.28 237.44
301.68 235.62
293.76 223.43
260.26 177.13
134.15 165.56
93.34 166.78
64.09 141.19
103.69 141.80
122.58 133.88
131.72 118.04
100.65 107.08
76.28 114.39
63.48 110.12
40.94 130.83
33.02 119.26
20.23 110.73
12.31 119.87
8.05 106.47
80.54 163.73
231.62 380.61
378.44 279.48
342.50 278.26
346.76 237.44
366.26 240.49
370.52 225.87
330.31 213.08
305.34 177.74
308.38 158.25
324.22 155.20
284.62 139.97
270.00 129.01
266.35 116.21
241.98 119.87
245.03 105.86
230.41 102.20
274.88 102.81
288.28 119.26
301.68 138.14
319.35 133.27
330.92 122.91
326.05 107.08
300.46 107.68
348.59 155.20
349.81 166.17
377.22 180.18
384.53 145.45
370.52 143.63
363.82 133.27
369.91 114.39
377.22 104.03
389.41 107.68
403.42 127.79
393.67 116.82
417.43 135.71
425.96 166.17
407.68 196.63
406.46 214.90
419.87 226.48
396.11 248.41
436.32 221.00
441.80 197.24
467.99 204.55
477.74 217.95
471.65 238.66
432.05 265.47
440.58 277.04
430.22 294.71
441.19 311.77
463.12 349.54
486.88 344.05
434.49 362.94
408.29 396.45
433.88 391.57
460.68 397.05
493.58 429.34
498.45 384.87
492.97 453.10
546.58 440.92
594.10 656.57
559.98 640.73
552.67 614.54
587.40 596.87
567.29 580.42
502.72 561.54
524.65 544.48
505.15 533.52
608.72 523.77
633.70 539.61
628.21 661.45
809.75 666.93
783.56 640.73
801.23 613.32
748.83 580.42
726.90 565.80
735.43 539.61
740.92 507.32
773.20 510.37
791.48 520.11
814.63 537.78
856.66 537.78
881.64 556.66
886.51 613.32
862.15 489.65
868.85 467.72
867.63 443.35
900.53 434.82
882.25 409.85
909.05 411.07
920.02 511.58
909.05 457.37
846.31 411.68
814.63 429.34
807.93 407.41
773.20 403.15
793.31 379.39
664.16 490.26
640.40 481.73
609.94 477.47
629.43 453.10
665.37 456.76
681.82 415.94
704.36 413.50
714.11 428.12
772.59 511.58
616.64 412.89
603.24 389.74
548.41 415.33
536.22 360.50
517.95 319.08
506.37 306.28
492.97 305.67
496.63 287.40
504.55 261.81
531.35 235.01
552.06 209.42
527.09 292.27
572.17 249.02
578.87 269.73
594.10 269.73
608.11 256.33
613.59 278.26
595.93 294.71
589.22 322.12
601.41 366.59
610.55 348.32
667.20 381.22
671.47 353.80
654.41 328.21
650.14 294.71
637.35 308.72
642.83 264.25
644.05 242.93
682.43 289.84
673.90 309.33
679.39 327.61
699.49 356.24
706.80 320.30
726.29 312.38
749.44 325.17
773.81 334.31
775.03 369.03
833.51 349.54
871.89 360.50
899.92 353.19
924.28 344.05
916.97 315.42
883.47 330.65
834.73 308.72
468.60 179.57
471.65 163.73
467.38 153.37
446.06 136.93
435.71 119.87
445.45 101.59
458.86 107.68
461.29 120.48
474.09 139.36
491.14 127.79
490.53 116.82
495.41 107.68
483.83 105.25
518.56 112.56
524.04 139.97
538.05 114.39
531.35 100.98
553.89 111.95
566.68 106.47
574.60 145.45
588.01 139.97
598.36 147.28
595.93 174.09
589.22 160.68
563.64 177.13
549.02 171.65
540.49 160.08
545.97 144.85
526.48 180.18
514.90 172.87
497.84 175.31
485.05 193.58
631.26 202.11
647.71 192.97
644.05 178.35
656.24 152.16
670.86 161.29
630.65 144.24
633.70 133.27
622.12 127.79
616.03 117.43
595.32 113.78
619.08 104.03
637.96 104.03
665.37 125.96
681.82 130.83
695.83 146.67
698.88 160.08
714.11 169.21
722.64 183.23
733.00 196.02
759.19 219.17
771.38 186.27
747.01 235.62
726.29 243.54
693.40 223.43
681.82 208.20
673.90 217.95
690.96 248.41
699.49 282.52
754.32 291.66
789.04 279.48
759.19 258.77
787.21 261.81
811.58 267.29
824.38 245.36
853.01 227.70
809.15 202.72
523.43 124.74
867.63 316.64
892.00 305.67
913.93 289.23
912.71 250.85
902.96 234.40
882.25 245.97
866.41 204.55
895.65 191.14
895.65 164.34
916.97 174.09
909.05 158.25
889.56 133.27
906.62 114.99
892.61 114.99
876.16 125.35
856.66 125.35
842.65 133.27
837.17 124.74
831.69 147.28
868.85 149.72
845.70 188.10
826.20 177.13
796.96 177.13
809.75 158.25
794.52 150.33
764.06 158.25
743.96 134.49
723.86 128.40
715.94 116.82
695.83 108.29
676.95 105.86
776.25 124.74
781.73 110.73
820.72 113.78
767.72 127.18
730.56 169.21
296.96 72.50
262.85 60.32
278.38 59.71
300.01 62.45
302.44 57.27
326.20 81.03
349.66 65.50
366.41 68.24
378.59 77.38
394.43 78.90
361.54 88.95
423.98 73.72
410.88 72.20
431.29 58.80
420.93 55.45
459.62 63.67
471.80 85.91
466.01 74.64
494.04 69.15
487.64 60.93
503.17 67.93
512.62 88.34
522.36 87.43
141.31 95.35
153.80 93.22
157.45 67.02
131.87 80.42
124.86 64.28
96.84 91.69
185.48 71.28
193.40 88.65
218.98 79.51
164.15 53.31
551.00 55.45
540.64 50.57
575.36 70.98
570.49 81.95
551.00 92.00
548.26 84.99
593.03 77.99
605.22 58.49
622.88 65.50
628.67 83.77
608.26 94.74
603.39 87.43
235.74 66.72
294.37 250.85
869.91 100.83
856.82 83.47
867.17 70.98
855.29 71.89
841.89 65.80
820.87 76.46
818.13 55.14
787.37 70.98
777.01 69.46
786.15 94.13
766.35 89.26
754.47 91.39
741.68 86.51
733.76 68.24
712.13 84.69
692.94 91.08
667.35 81.95
655.17 74.03
677.41 69.46
638.11 67.02
575.67 60.01
706.04 54.23
721.57 53.31
755.08 58.49
768.79 67.32
912.25 84.99
933.27 102.05
915.30 102.05
922.91 91.39
939.36 74.94
946.37 65.80
915.60 63.67
884.84 58.19
868.39 60.01
859.86 55.14
952.16 60.01
957.94 114.54
929.31 127.03
940.28 144.69
514.14 243.69
938.14 199.83
938.14 185.81
956.72 198.61
958.86 236.99
951.85 282.68
953.07 309.48
940.28 301.56
935.10 271.71
934.79 247.04
935.23 233.64
966.61 167.23
970.26 141.04
967.83 120.33
974.83 81.34
970.57 67.32
964.48 333.85
105.23 246.73
149.09 169.37
36.39 92.00
60.76 93.22
73.55 96.87
79.04 84.69
301.39 216.88
295.00 102.05
7.15 244.30
982.13 648.17
951.44 582.39
1001.14 569.96
971.90 523.92
978.48 482.99
995.29 450.10
988.71 426.71
985.79 405.51
963.86 390.16
993.83 371.89
1005.52 336.81
996.02 319.26
1005.52 273.22
982.86 243.98
998.94 199.39
966.78 205.97
981.40 176.01
1012.10 181.85
990.17 155.54
1020.14 148.23
1014.29 135.08
987.25 146.77
1010.64 99.99
984.33 94.14
1008.45 80.99
1002.60 67.83
986.52 73.68
1006.98 56.87
998.94 53.21
1008.45 41.52
974.82 46.64
993.83 26.90
1017.95 21.78
1017.95 10.09
970.44 15.21
941.93 26.90
932.43 16.67
925.12 44.44
914.16 34.21
882.73 31.29
871.77 41.52
861.53 30.56
859.34 20.32
833.03 27.63
822.80 19.59
806.72 33.48
795.75 37.13
796.48 51.02
732.16 43.71
751.17 37.13
758.48 42.98
815.49 13.01
792.83 12.28
666.38 40.06
655.42 37.13
694.89 37.13
708.04 39.33
619.60 51.02
599.14 42.98
618.14 26.17
607.18 23.98
594.02 19.59
580.87 24.71
561.86 19.59
515.81 30.56
504.85 21.05
488.04 23.98
454.42 26.90
410.56 43.71
387.91 45.90
361.59 29.82
348.44 27.63
325.78 24.71
290.70 44.44
270.96 37.13
257.07 27.63
237.34 40.06
241.73 26.90
143.78 29.82
135.01 18.86
137.21 45.90
169.37 17.40
223.45 37.13
186.18 57.60
210.30 49.56
8.57 15.21
81.49 8.43
29.32 15.59
274.83 6.39
259.49 14.57
