2.27 265.79
2.72 273.42
1.07 277.61
5.11 297.08
3.77 285.85
7.21 287.94
10.50 285.85
5.56 280.61
9.90 278.21
9.90 271.03
6.31 274.02
6.91 268.93
9.45 265.94
5.86 265.79
6.76 263.84
18.66 382.86
6.39 325.67
8.78 310.70
10.88 306.81
15.37 307.11
21.66 300.22
29.14 305.01
19.56 316.99
21.06 310.10
30.34 313.09
38.72 316.99
46.81 325.37
39.02 347.53
40.82 367.59
56.39 340.04
68.96 344.53
62.97 383.46
32.13 405.02
49.50 416.99
30.79 459.51
155.34 414.00
119.41 416.39
290.68 449.93
323.02 421.18
251.16 394.84
364.93 459.51
390.09 388.85
346.97 391.24
422.42 400.82
16.71 284.50
14.62 279.86
19.11 275.22
13.87 272.07
13.42 265.64
17.16 264.74
17.31 268.18
17.76 269.53
19.86 268.18
21.66 264.44
25.85 266.84
21.80 272.97
32.13 268.78
30.94 265.49
37.67 268.33
34.68 268.48
40.37 262.94
36.33 264.14
42.91 262.64
42.61 265.04
43.96 267.58
39.32 270.28
40.07 265.04
23.00 295.28
21.36 293.18
16.86 293.78
21.06 287.94
24.50 283.60
26.75 281.96
27.64 276.72
31.54 277.76
34.98 272.97
31.84 272.37
36.03 271.03
29.74 291.09
33.63 289.59
28.39 284.35
31.99 284.50
33.33 281.96
38.27 283.75
34.83 283.45
40.82 280.31
37.22 276.87
46.51 274.17
50.85 275.52
54.74 268.18
58.03 267.28
58.18 272.07
59.68 270.28
57.14 269.53
55.49 275.52
51.90 280.91
55.49 280.91
48.15 281.51
46.21 288.84
39.62 288.24
34.23 295.58
46.81 309.20
46.21 303.81
41.87 295.58
52.79 296.18
58.03 290.64
52.94 289.29
57.14 286.45
58.78 283.75
61.18 276.12
64.77 274.47
66.27 273.57
64.92 271.93
66.87 268.93
70.16 273.57
73.45 272.07
75.70 275.22
76.75 271.33
72.41 278.81
73.75 277.91
67.17 283.60
64.47 289.59
59.83 307.11
73.00 296.63
51.30 317.59
80.04 289.59
80.04 306.36
76.45 317.59
77.50 294.83
74.50 287.94
78.54 283.60
86.03 285.85
85.88 290.34
84.68 282.55
85.43 276.27
87.38 272.52
82.59 273.57
80.94 275.82
88.13 267.73
76.00 265.04
86.03 262.19
81.39 261.30
89.02 258.90
89.62 256.80
95.91 253.66
99.80 253.66
92.92 272.52
98.01 267.28
99.95 273.72
97.11 278.81
99.80 285.40
93.07 283.30
89.92 293.18
94.56 288.99
90.07 301.87
92.17 310.55
78.69 375.67
105.04 334.95
143.07 368.47
111.33 372.67
111.48 251.42
109.98 255.31
115.07 254.11
120.61 255.91
123.16 253.21
124.35 251.12
132.14 252.31
140.37 249.32
137.98 249.02
141.42 253.81
149.95 245.28
151.30 247.97
154.60 247.97
158.04 246.77
161.63 246.18
166.42 246.77
171.51 246.92
174.21 245.73
165.67 252.01
164.48 248.57
157.29 252.76
104.29 269.98
107.89 262.79
99.95 256.80
121.66 264.14
162.53 260.40
142.47 258.00
137.68 262.64
133.94 256.65
101.75 297.53
100.10 302.76
103.69 290.34
108.64 288.84
108.64 286.00
108.64 282.11
109.08 277.31
106.09 274.32
109.68 273.72
111.18 270.58
114.17 268.03
110.73 298.57
114.77 293.78
115.97 289.89
112.38 286.45
114.92 285.10
114.17 281.81
114.47 276.27
115.82 272.07
117.32 268.78
120.31 311.45
122.86 297.53
130.64 313.54
131.24 299.17
126.90 295.73
128.10 289.59
133.04 283.00
131.69 285.25
124.95 282.55
125.25 276.72
124.20 272.52
119.41 271.48
124.06 266.24
127.50 266.98
121.21 265.64
128.10 273.57
131.24 271.93
133.34 268.33
137.53 270.58
138.58 277.76
132.74 277.91
143.52 314.44
153.25 313.84
148.76 305.91
153.25 298.57
144.57 299.92
136.78 293.78
144.42 290.94
141.72 283.30
151.60 282.85
153.10 277.46
149.06 276.27
143.52 275.07
139.03 272.52
145.31 267.43
148.91 266.39
148.91 261.89
146.96 271.48
149.66 269.98
151.75 274.17
153.25 271.63
149.36 271.93
163.58 314.44
164.48 300.82
167.02 296.93
168.22 294.08
161.93 292.29
162.38 288.39
166.87 286.00
156.84 280.91
160.58 279.71
166.42 279.71
158.94 276.27
159.54 271.93
162.38 273.27
156.99 269.08
160.43 269.53
161.18 269.38
164.63 268.93
169.87 269.83
171.81 267.28
173.16 271.63
171.81 275.37
167.02 271.48
171.81 281.81
169.27 283.30
171.06 288.09
173.16 290.94
172.71 310.10
172.11 303.51
158.34 327.17
168.52 319.38
173.31 328.36
188.28 325.97
194.27 341.54
195.47 333.75
162.53 348.73
188.28 363.70
224.21 379.27
260.14 367.89
233.79 358.91
249.36 351.72
225.41 336.15
252.35 331.36
209.24 336.15
225.41 315.19
243.97 314.59
270.32 331.96
281.70 345.73
294.87 337.35
281.10 319.38
306.85 383.46
293.08 366.69
278.10 367.29
271.52 357.11
317.63 358.91
321.22 336.15
331.40 347.53
345.77 331.36
329.60 325.97
322.42 317.59
308.64 322.98
337.99 319.38
346.37 312.80
360.14 325.37
371.52 337.35
353.56 363.10
375.71 357.11
388.89 358.31
370.32 390.64
120.01 436.15
136.48 335.85
131.99 330.16
173.31 332.86
198.76 321.78
205.95 328.07
226.60 323.27
171.66 299.62
180.49 296.48
186.48 291.24
178.85 286.15
177.80 281.81
179.60 290.34
196.81 296.03
200.56 292.88
205.05 294.68
181.99 275.22
182.74 281.96
180.79 278.96
178.55 270.28
174.81 269.23
182.44 262.64
179.75 255.31
175.11 256.80
188.73 252.16
183.64 236.74
189.18 239.89
194.57 238.69
198.01 240.64
201.00 241.09
199.36 243.93
193.37 245.73
198.61 252.61
202.35 245.88
204.90 247.52
210.14 246.47
205.20 250.37
205.80 254.11
198.91 257.85
193.52 261.15
196.06 264.74
195.47 267.88
191.27 267.88
192.77 271.33
188.88 275.52
192.32 281.51
195.32 281.21
199.36 280.91
194.87 275.67
193.37 287.05
204.15 280.76
207.29 276.57
205.80 273.12
201.75 268.48
205.80 268.18
212.38 271.03
214.48 258.90
206.24 257.25
214.48 250.37
215.38 244.83
221.51 250.52
222.26 256.80
219.12 261.00
229.30 263.69
228.85 269.23
224.51 269.53
220.77 267.88
216.42 279.41
213.58 277.61
211.19 275.52
209.24 271.03
218.82 273.57
221.37 275.97
225.26 277.02
206.99 288.09
210.74 286.00
208.19 281.51
217.47 283.00
217.17 287.49
218.52 293.93
227.50 296.78
221.66 286.00
229.90 283.90
227.65 277.61
229.75 244.68
234.24 245.73
243.52 246.77
240.68 244.68
240.08 248.42
238.13 248.57
242.62 256.51
225.41 252.46
233.64 265.79
233.64 269.38
231.55 271.33
240.08 271.63
243.52 277.61
239.93 277.02
236.49 275.52
234.69 278.66
236.34 278.36
240.68 283.45
243.37 288.24
234.84 289.89
234.54 293.93
242.32 298.87
234.84 300.37
211.04 316.39
213.73 311.90
215.53 306.21
188.58 303.21
203.55 299.32
198.16 314.59
201.75 304.11
229.60 305.31
258.04 302.02
259.84 292.73
268.22 299.32
269.12 306.51
268.82 316.69
263.13 313.69
277.21 306.51
306.55 346.63
303.85 337.65
265.83 347.83
212.23 364.89
162.83 363.70
155.64 363.70
368.38 293.03
367.78 277.76
367.78 273.87
366.58 261.89
367.18 247.07
367.18 243.63
363.74 247.22
361.34 245.73
357.60 246.47
355.50 245.73
358.50 251.56
369.28 250.97
360.29 258.30
358.35 267.73
363.74 273.57
365.23 271.03
361.19 274.47
357.30 276.27
365.68 285.70
366.88 282.85
359.25 286.30
354.90 284.95
354.16 280.76
355.20 293.03
360.89 293.93
362.39 296.63
359.69 305.61
365.98 305.46
357.45 310.70
353.11 303.36
352.21 244.68
350.11 240.64
347.27 245.13
343.53 244.68
342.18 248.27
337.69 248.42
336.34 245.43
333.35 245.13
334.54 253.81
344.42 253.06
350.26 248.87
346.97 249.17
342.93 262.19
349.07 266.24
346.82 263.54
348.02 259.05
337.39 267.28
333.05 262.04
332.15 267.88
334.24 268.48
340.53 269.08
345.92 272.67
343.98 275.22
350.56 275.22
349.66 280.16
350.41 277.61
345.32 279.86
339.78 279.71
335.74 273.72
332.75 274.47
332.75 285.40
333.95 281.96
336.49 280.16
338.14 277.31
336.64 286.30
338.89 288.09
334.54 292.44
339.93 290.94
344.57 293.93
349.22 290.94
349.51 286.45
349.07 297.53
339.19 296.93
336.19 300.07
343.08 300.67
345.62 297.97
343.98 303.06
345.77 306.21
328.71 303.36
327.81 244.68
323.17 244.08
318.23 248.12
324.51 245.88
330.35 246.77
315.38 248.42
321.22 252.76
327.21 249.62
321.07 261.89
313.59 256.65
313.14 246.77
309.39 245.73
304.45 246.18
301.46 250.97
299.51 246.77
317.48 265.19
319.57 269.53
328.41 283.68
324.06 274.54
326.76 273.72
329.90 272.82
326.68 269.01
315.08 271.63
318.60 277.84
314.03 275.67
318.23 280.38
323.47 278.81
328.18 279.04
319.65 288.39
323.69 285.92
321.67 291.31
325.26 293.48
311.79 284.80
310.37 279.86
307.22 276.49
304.60 274.62
302.36 274.32
305.43 271.93
308.72 270.43
313.29 269.16
310.22 267.73
306.17 267.88
303.18 272.60
301.38 268.63
300.56 270.95
300.11 272.82
298.39 271.40
296.97 275.37
300.64 281.06
298.91 281.73
298.17 283.83
295.32 279.26
293.45 279.41
292.25 282.11
294.65 282.48
295.92 286.90
292.85 290.64
301.68 291.61
297.42 294.38
292.25 295.20
299.51 299.25
307.52 292.66
307.82 286.97
304.08 287.57
305.13 283.53
306.17 277.99
300.71 262.04
294.87 262.49
296.22 259.20
295.32 256.06
296.07 250.22
292.03 246.33
294.87 246.03
286.19 249.17
283.79 245.58
279.60 249.92
276.01 245.58
272.71 248.12
271.52 250.52
268.97 246.77
265.98 247.67
261.79 246.33
270.92 262.94
284.24 259.20
286.04 265.19
290.23 269.08
290.08 275.22
285.14 273.42
285.29 269.98
276.91 274.47
274.66 271.03
275.71 267.28
247.56 252.76
251.61 249.24
254.53 247.37
248.01 246.10
255.95 251.94
252.13 256.95
253.25 268.03
258.34 266.31
257.07 270.43
259.99 270.95
261.64 268.18
265.08 268.71
265.38 270.50
268.15 270.50
271.59 268.33
263.96 276.72
265.15 273.20
268.45 275.22
272.12 278.14
277.73 279.19
281.40 279.71
285.37 278.06
239.33 281.21
262.09 278.06
372.27 249.92
370.92 246.77
373.32 244.68
378.56 247.52
383.35 246.47
388.14 247.07
391.88 244.83
398.62 245.13
402.36 243.03
413.89 247.52
415.99 246.77
419.28 248.42
423.32 249.02
423.02 242.88
427.36 248.57
431.11 246.47
429.31 245.28
434.55 246.03
436.94 241.53
438.14 245.13
443.38 248.87
449.67 248.12
443.53 251.27
434.70 252.31
424.07 251.56
423.92 258.90
432.75 260.70
442.78 260.10
450.27 264.59
448.17 260.55
444.88 265.19
433.80 266.39
428.86 268.18
429.91 265.79
426.61 269.23
421.08 264.89
417.33 261.00
398.02 249.92
374.07 255.31
378.86 251.42
382.15 256.65
387.24 261.60
399.82 262.79
391.13 266.69
388.89 268.33
384.70 268.63
379.91 267.88
371.07 267.88
395.77 265.79
395.77 269.53
400.42 271.03
406.55 272.37
409.40 269.23
415.54 272.37
419.28 267.88
420.48 273.42
419.88 276.72
426.02 277.91
426.02 276.27
426.76 273.87
435.15 270.73
371.82 280.16
379.31 278.36
385.15 275.52
392.93 273.42
394.88 275.22
399.07 275.22
401.31 278.36
408.95 284.95
375.56 303.81
388.14 303.81
393.38 297.82
388.74 294.83
391.58 292.29
393.98 288.54
399.22 287.64
396.37 282.85
396.97 281.51
386.19 282.55
382.00 282.85
390.09 274.17
382.00 294.38
374.22 291.39
376.46 285.25
370.02 285.10
379.61 283.15
384.40 289.14
395.62 292.29
399.22 290.94
400.86 300.97
406.55 300.97
413.59 300.97
407.15 305.16
424.52 300.22
430.81 298.12
437.39 302.32
439.79 297.53
443.68 302.02
452.21 298.57
446.68 294.08
450.57 287.05
442.63 284.05
436.20 290.34
431.40 291.24
424.82 294.38
424.67 290.79
426.91 286.00
433.80 285.70
432.15 281.96
434.85 276.27
430.51 273.87
443.83 272.07
445.63 270.58
446.53 256.65
444.73 282.25
447.27 279.41
447.57 275.22
423.17 281.81
420.63 284.35
470.63 241.38
469.13 246.77
469.73 249.77
461.20 246.33
461.20 254.26
471.23 268.93
467.48 268.93
466.89 266.54
471.23 267.28
387.39 324.17
370.62 318.48
367.33 319.68
380.20 314.29
416.43 311.30
424.52 310.10
433.50 310.10
417.03 325.97
421.82 322.08
399.67 322.08
411.94 335.55
397.87 345.13
425.12 364.00
446.38 340.94
434.70 329.26
428.41 324.47
465.54 305.01
462.24 295.13
456.56 317.59
461.05 331.36
467.93 347.83
445.78 366.69
468.53 375.67
468.83 388.25
460.75 401.42
469.43 294.53
460.75 290.34
465.54 288.84
464.94 284.05
454.76 271.33
451.47 268.48
454.91 263.39
459.25 258.60
453.56 255.31
453.71 252.91
456.56 252.31
459.40 274.17
458.35 280.01
467.19 279.56
462.39 278.51
443.08 317.59
