7.63 309.79
8.98 306.50
6.29 303.06
8.38 298.12
6.14 290.33
12.13 288.54
15.12 293.63
17.22 289.28
26.05 286.29
31.59 286.29
32.34 299.16
31.14 294.37
7.63 302.01
14.52 297.07
20.81 295.72
23.80 290.93
19.46 313.39
24.70 321.32
27.69 315.93
28.29 312.19
29.19 306.80
28.89 296.47
28.74 293.18
29.19 290.03
29.79 286.14
41.17 290.03
44.16 289.88
43.26 296.32
42.07 294.22
38.92 294.22
36.38 299.16
34.43 296.17
35.63 306.80
35.63 302.76
40.42 300.96
35.93 328.66
30.99 318.03
34.88 317.28
41.47 315.03
43.41 318.03
41.77 321.77
42.52 328.21
50.75 316.53
49.25 311.44
43.56 309.79
41.77 304.40
44.46 301.26
46.71 294.97
47.01 291.53
51.95 290.63
55.39 288.98
48.06 288.24
50.15 288.54
51.80 288.84
59.58 290.93
63.33 288.84
64.67 294.37
60.93 295.27
63.92 297.82
58.39 299.91
55.09 294.07
55.09 298.12
53.74 307.55
51.50 300.51
54.19 302.01
48.35 305.15
52.55 326.71
57.19 316.08
62.43 318.48
60.78 312.94
62.88 307.25
61.98 310.69
66.92 306.65
66.17 300.96
68.86 295.72
68.71 290.33
75.75 288.39
72.91 288.54
81.29 288.84
78.15 288.24
73.06 286.89
75.15 292.73
72.31 299.61
81.14 295.42
77.25 303.06
82.19 300.51
84.43 294.97
83.09 291.98
82.04 290.33
86.68 288.84
83.99 282.40
93.87 286.74
68.42 327.76
83.09 327.01
79.49 321.62
68.42 316.98
67.22 309.64
72.31 308.30
76.80 307.55
82.79 307.25
76.80 313.09
85.48 313.54
85.48 318.63
91.02 313.99
85.93 308.30
90.57 308.30
87.43 304.70
88.48 300.96
87.58 292.73
92.52 294.67
94.02 291.08
100.15 290.33
98.51 297.82
102.10 294.67
92.82 297.52
93.27 302.46
97.16 307.85
92.37 325.36
101.05 317.28
105.39 308.30
103.45 304.11
103.60 298.87
107.04 294.97
106.74 288.84
106.44 279.40
111.08 289.88
112.58 288.84
114.38 291.38
118.27 287.79
118.72 295.42
115.12 296.02
110.48 298.27
113.48 307.70
109.44 301.41
115.87 301.56
114.08 300.36
117.07 299.61
110.48 315.18
108.99 320.42
107.49 324.32
98.96 328.51
100.30 324.02
121.11 319.08
119.77 307.85
123.21 309.94
126.50 307.85
121.56 302.61
125.90 300.21
125.90 293.03
122.31 296.02
122.91 290.93
125.45 287.94
121.86 287.79
122.76 285.84
26.72 337.19
25.67 420.43
32.86 395.28
20.58 383.90
36.15 363.54
27.47 348.57
47.83 353.66
54.72 347.37
45.44 339.59
73.28 346.47
83.46 341.08
91.84 336.89
82.26 362.64
102.32 364.44
78.67 386.00
68.49 397.37
88.55 392.28
105.92 432.11
134.66 404.86
122.39 347.67
124.78 332.70
126.88 328.81
131.37 329.11
137.66 322.22
145.14 327.01
135.56 338.99
137.06 332.10
146.34 335.09
154.72 338.99
162.81 347.37
155.02 369.53
156.82 389.59
172.39 362.04
184.96 366.53
178.97 405.46
148.13 427.02
165.50 438.99
59.36 468.33
104.87 471.93
146.79 481.51
74.93 568.94
253.38 511.45
271.34 436.00
235.41 438.39
376.74 527.02
327.63 518.64
406.68 471.93
439.02 443.18
367.16 416.84
480.93 481.51
506.09 410.85
462.97 413.24
538.42 422.82
598.31 499.47
668.97 469.53
708.49 493.49
752.80 451.57
827.06 446.78
828.26 498.28
883.35 467.14
860.59 427.61
901.31 414.44
932.45 413.24
952.81 421.63
985.15 427.61
973.17 513.85
1007.91 547.38
1011.50 385.70
980.36 396.47
957.60 394.08
931.26 389.29
913.29 406.06
907.30 388.09
897.72 404.86
867.78 391.68
811.49 396.47
816.28 368.93
827.06 356.95
132.71 306.50
130.62 301.86
135.11 297.22
129.87 294.07
129.42 287.64
133.16 286.74
133.31 290.18
133.76 291.53
135.86 290.18
137.66 286.44
141.85 288.84
137.80 294.97
148.13 290.78
146.94 287.49
153.67 290.33
150.68 290.48
156.37 284.94
152.33 286.14
158.91 284.64
158.61 287.04
159.96 289.58
155.32 292.28
156.07 287.04
139.00 317.28
137.36 315.18
132.86 315.78
137.06 309.94
140.50 305.60
142.75 303.96
143.64 298.72
147.54 299.76
150.98 294.97
147.84 294.37
152.03 293.03
145.74 313.09
149.63 311.59
144.39 306.35
147.99 306.50
149.33 303.96
154.27 305.75
150.83 305.45
156.82 302.31
153.22 298.87
162.51 296.17
166.85 297.52
170.74 290.18
174.03 289.28
174.18 294.07
175.68 292.28
173.14 291.53
171.49 297.52
167.90 302.91
171.49 302.91
164.15 303.51
162.21 310.84
155.62 310.24
150.23 317.58
162.81 331.20
162.21 325.81
157.87 317.58
168.79 318.18
174.03 312.64
168.94 311.29
173.14 308.45
174.78 305.75
177.18 298.12
180.77 296.47
182.27 295.57
180.92 293.93
182.87 290.93
186.16 295.57
189.45 294.07
191.70 297.22
192.75 293.33
188.41 300.81
189.75 299.91
183.17 305.60
180.47 311.59
175.83 329.11
189.00 318.63
167.30 339.59
196.04 311.59
196.04 328.36
192.45 339.59
193.50 316.83
190.50 309.94
194.54 305.60
202.03 307.85
201.88 312.34
200.68 304.55
201.43 298.27
203.38 294.52
198.59 295.57
196.94 297.82
204.13 289.73
192.00 287.04
202.03 284.19
197.39 283.30
205.02 280.90
205.62 278.80
211.91 275.66
215.80 275.66
208.92 294.52
214.01 289.28
215.95 295.72
213.11 300.81
215.80 307.40
209.07 305.30
205.92 315.18
210.56 310.99
206.07 323.87
208.17 332.55
194.69 397.67
221.04 356.95
259.07 390.47
227.33 394.67
227.48 273.42
225.98 277.31
231.07 276.11
236.61 277.91
239.16 275.21
240.35 273.12
248.14 274.31
256.37 271.32
253.98 271.02
257.42 275.81
265.95 267.28
267.30 269.97
270.60 269.97
274.04 268.77
277.63 268.18
282.42 268.77
287.51 268.92
290.21 267.73
281.67 274.01
280.48 270.57
273.29 274.76
220.29 291.98
223.89 284.79
215.95 278.80
237.66 286.14
278.53 282.40
258.47 280.00
253.68 284.64
249.94 278.65
217.75 319.53
216.10 324.76
219.69 312.34
224.64 310.84
224.64 308.00
224.64 304.11
225.08 299.31
222.09 296.32
225.68 295.72
227.18 292.58
230.17 290.03
226.73 320.57
230.77 315.78
231.97 311.89
228.38 308.45
230.92 307.10
230.17 303.81
230.47 298.27
231.82 294.07
233.32 290.78
236.31 333.45
238.86 319.53
246.64 335.54
247.24 321.17
242.90 317.73
244.10 311.59
249.04 305.00
247.69 307.25
240.95 304.55
241.25 298.72
240.20 294.52
235.41 293.48
240.06 288.24
243.50 288.98
237.21 287.64
244.10 295.57
247.24 293.93
249.34 290.33
253.53 292.58
254.58 299.76
248.74 299.91
259.52 336.44
269.25 335.84
264.76 327.91
269.25 320.57
260.57 321.92
252.78 315.78
260.42 312.94
257.72 305.30
267.60 304.85
269.10 299.46
265.06 298.27
259.52 297.07
255.03 294.52
261.31 289.43
264.91 288.39
264.91 283.89
262.96 293.48
265.66 291.98
267.75 296.17
269.25 293.63
265.36 293.93
279.58 336.44
280.48 322.82
283.02 318.93
284.22 316.08
277.93 314.29
278.38 310.39
282.87 308.00
272.84 302.91
276.58 301.71
282.42 301.71
274.94 298.27
275.54 293.93
278.38 295.27
272.99 291.08
276.43 291.53
277.18 291.38
280.63 290.93
285.87 291.83
287.81 289.28
289.16 293.63
287.81 297.37
283.02 293.48
287.81 303.81
285.27 305.30
287.06 310.09
289.16 312.94
288.71 332.10
288.11 325.51
274.34 349.17
284.52 341.38
289.31 350.36
304.28 347.97
310.27 363.54
311.47 355.75
278.53 370.73
304.28 385.70
340.21 401.27
376.14 389.89
349.79 380.91
365.36 373.72
341.41 358.15
368.35 353.36
325.24 358.15
341.41 337.19
359.97 336.59
386.32 353.96
397.70 367.73
410.87 359.35
397.10 341.38
422.85 405.46
409.08 388.69
394.10 389.29
387.52 379.11
433.63 380.91
437.22 358.15
447.40 369.53
461.77 353.36
445.60 347.97
438.42 339.59
424.64 344.98
453.99 341.38
462.37 334.80
476.14 347.37
487.52 359.35
469.56 385.10
491.71 379.11
504.89 380.31
486.32 412.64
236.01 458.15
252.48 357.85
247.99 352.16
289.31 354.86
314.76 343.78
321.95 350.07
342.60 345.27
287.66 321.62
296.49 318.48
302.48 313.24
294.85 308.15
293.80 303.81
295.60 312.34
312.81 318.03
316.56 314.88
321.05 316.68
297.99 297.22
298.74 303.96
296.79 300.96
294.55 292.28
290.81 291.23
298.44 284.64
295.75 277.31
291.11 278.80
304.73 274.16
299.64 258.74
305.18 261.89
310.57 260.69
314.01 262.64
317.00 263.09
315.36 265.93
309.37 267.73
314.61 274.61
318.35 267.88
320.90 269.52
326.14 268.47
321.20 272.37
321.80 276.11
314.91 279.85
309.52 283.15
312.06 286.74
311.47 289.88
307.27 289.88
308.77 293.33
304.88 297.52
308.32 303.51
311.32 303.21
315.36 302.91
310.87 297.67
309.37 309.05
320.15 302.76
323.29 298.57
321.80 295.12
317.75 290.48
321.80 290.18
328.38 293.03
330.48 280.90
322.24 279.25
330.48 272.37
331.38 266.83
337.51 272.52
338.26 278.80
335.12 283.00
345.30 285.69
344.85 291.23
340.51 291.53
336.77 289.88
332.42 301.41
329.58 299.61
327.19 297.52
325.24 293.03
334.82 295.57
337.37 297.97
341.26 299.02
322.99 310.09
326.74 308.00
324.19 303.51
333.47 305.00
333.17 309.49
334.52 315.93
343.50 318.78
337.66 308.00
345.90 305.90
343.65 299.61
345.75 266.68
350.24 267.73
359.52 268.77
356.68 266.68
356.08 270.42
354.13 270.57
358.62 278.51
341.41 274.46
349.64 287.79
349.64 291.38
347.55 293.33
356.08 293.63
359.52 299.61
355.93 299.02
352.49 297.52
350.69 300.66
352.34 300.36
356.68 305.45
359.37 310.24
350.84 311.89
350.54 315.93
358.32 320.87
350.84 322.37
327.04 338.39
329.73 333.90
331.53 328.21
304.58 325.21
319.55 321.32
314.16 336.59
317.75 326.11
345.60 327.31
374.04 324.02
375.84 314.73
384.22 321.32
385.12 328.51
384.82 338.69
379.13 335.69
393.21 328.51
422.55 368.63
419.85 359.65
381.83 369.83
328.23 386.89
278.83 385.70
271.64 385.70
484.38 315.03
483.78 299.76
483.78 295.87
482.58 283.89
483.18 269.07
483.18 265.63
479.74 269.22
477.34 267.73
473.60 268.47
471.50 267.73
474.50 273.56
485.28 272.97
476.29 280.30
474.35 289.73
479.74 295.57
481.23 293.03
477.19 296.47
473.30 298.27
481.68 307.70
482.88 304.85
475.25 308.30
470.90 306.95
470.16 302.76
471.20 315.03
476.89 315.93
478.39 318.63
475.69 327.61
481.98 327.46
473.45 332.70
469.11 325.36
468.21 266.68
466.11 262.64
463.27 267.13
459.53 266.68
458.18 270.27
453.69 270.42
452.34 267.43
449.35 267.13
450.54 275.81
460.42 275.06
466.26 270.87
462.97 271.17
458.93 284.19
465.07 288.24
462.82 285.54
464.02 281.05
453.39 289.28
449.05 284.04
448.15 289.88
450.24 290.48
456.53 291.08
461.92 294.67
459.98 297.22
466.56 297.22
465.66 302.16
466.41 299.61
461.32 301.86
455.78 301.71
451.74 295.72
448.75 296.47
448.75 307.40
449.95 303.96
452.49 302.16
454.14 299.31
452.64 308.30
454.89 310.09
450.54 314.44
455.93 312.94
460.57 315.93
465.22 312.94
465.51 308.45
465.07 319.53
455.19 318.93
452.19 322.07
459.08 322.67
461.62 319.97
459.98 325.06
461.77 328.21
444.71 325.36
443.81 266.68
439.17 266.08
434.23 270.12
440.51 267.88
446.35 268.77
431.38 270.42
437.22 274.76
443.21 271.62
437.07 283.89
429.59 278.65
429.14 268.77
425.39 267.73
420.45 268.18
417.46 272.97
415.51 268.77
433.48 287.19
435.57 291.53
444.41 305.68
440.06 296.54
442.76 295.72
445.90 294.82
442.68 291.01
431.08 293.63
434.60 299.84
430.03 297.67
434.23 302.38
439.47 300.81
444.18 301.04
435.65 310.39
439.69 307.92
437.67 313.31
441.26 315.48
427.79 306.80
426.37 301.86
423.22 298.49
420.60 296.62
418.36 296.32
421.43 293.93
424.72 292.43
429.29 291.16
426.22 289.73
422.17 289.88
419.18 294.60
417.38 290.63
416.56 292.95
416.11 294.82
414.39 293.40
412.97 297.37
416.64 303.06
414.91 303.73
414.17 305.83
411.32 301.26
409.45 301.41
408.25 304.11
410.65 304.48
411.92 308.90
408.85 312.64
417.68 313.61
413.42 316.38
408.25 317.20
415.51 321.25
423.52 314.66
423.82 308.97
420.08 309.57
421.13 305.53
422.17 299.99
416.71 284.04
410.87 284.49
412.22 281.20
411.32 278.06
412.07 272.22
408.03 268.33
410.87 268.03
402.19 271.17
399.79 267.58
395.60 271.92
392.01 267.58
388.71 270.12
387.52 272.52
384.97 268.77
381.98 269.67
377.79 268.33
386.92 284.94
400.24 281.20
402.04 287.19
406.23 291.08
406.08 297.22
401.14 295.42
401.29 291.98
392.91 296.47
390.66 293.03
391.71 289.28
363.56 274.76
367.61 271.24
370.53 269.37
364.01 268.10
371.95 273.94
368.13 278.95
369.25 290.03
374.34 288.31
373.07 292.43
375.99 292.95
377.64 290.18
381.08 290.71
381.38 292.50
384.15 292.50
387.59 290.33
379.96 298.72
381.15 295.20
384.45 297.22
388.12 300.14
393.73 301.19
397.40 301.71
401.37 300.06
355.33 303.21
378.09 300.06
488.27 271.92
486.92 268.77
489.32 266.68
494.56 269.52
499.35 268.47
504.14 269.07
507.88 266.83
514.62 267.13
518.36 265.03
529.89 269.52
531.99 268.77
535.28 270.42
539.32 271.02
539.02 264.88
543.36 270.57
547.11 268.47
545.31 267.28
550.55 268.03
552.94 263.53
554.14 267.13
559.38 270.87
565.67 270.12
559.53 273.27
550.70 274.31
540.07 273.56
539.92 280.90
548.75 282.70
558.78 282.10
566.27 286.59
564.17 282.55
560.88 287.19
549.80 288.39
544.86 290.18
545.91 287.79
542.61 291.23
537.08 286.89
533.33 283.00
514.02 271.92
490.07 277.31
494.86 273.42
498.15 278.65
503.24 283.60
515.82 284.79
507.13 288.69
504.89 290.33
500.70 290.63
495.91 289.88
487.07 289.88
511.77 287.79
511.77 291.53
516.42 293.03
522.55 294.37
525.40 291.23
531.54 294.37
535.28 289.88
536.48 295.42
535.88 298.72
542.02 299.91
542.02 298.27
542.76 295.87
551.15 292.73
487.82 302.16
495.31 300.36
501.15 297.52
508.93 295.42
510.88 297.22
515.07 297.22
517.31 300.36
524.95 306.95
491.56 325.81
504.14 325.81
509.38 319.82
504.74 316.83
507.58 314.29
509.98 310.54
515.22 309.64
512.37 304.85
512.97 303.51
502.19 304.55
498.00 304.85
506.09 296.17
498.00 316.38
490.22 313.39
492.46 307.25
486.02 307.10
495.61 305.15
500.40 311.14
511.62 314.29
515.22 312.94
516.86 322.97
522.55 322.97
529.59 322.97
523.15 327.16
540.52 322.22
546.81 320.12
553.39 324.32
555.79 319.53
559.68 324.02
568.21 320.57
562.68 316.08
566.57 309.05
558.63 306.05
552.20 312.34
547.40 313.24
540.82 316.38
540.67 312.79
542.91 308.00
549.80 307.70
548.15 303.96
550.85 298.27
546.51 295.87
559.83 294.07
561.63 292.58
562.53 278.65
560.73 304.25
563.27 301.41
563.57 297.22
539.17 303.81
536.63 306.35
602.50 221.17
604.74 221.92
613.28 222.51
594.86 237.04
605.19 236.14
601.90 244.52
602.35 239.88
614.47 238.83
617.17 239.88
622.26 240.93
620.01 238.68
620.61 236.14
618.07 232.25
623.76 238.83
628.25 237.04
632.44 240.63
636.18 241.23
641.57 244.97
644.27 242.28
642.17 241.68
652.80 241.83
649.36 240.93
656.54 242.73
659.69 239.73
667.32 240.33
669.12 226.26
666.57 223.26
674.81 227.01
681.24 226.71
685.44 227.01
675.26 232.69
596.36 253.50
590.67 256.20
609.08 253.80
613.88 253.35
615.37 246.92
628.55 247.52
626.00 251.86
621.51 257.85
619.41 262.04
628.55 260.69
636.48 258.00
641.27 250.21
637.53 245.42
634.83 243.77
645.76 252.76
645.61 255.75
641.72 260.69
648.76 261.14
651.90 255.45
657.74 251.26
663.28 254.40
664.78 248.26
668.07 257.55
657.44 257.85
660.13 259.94
656.99 262.34
667.77 262.79
680.79 250.66
690.82 260.99
689.33 269.37
686.48 268.33
684.09 272.22
681.39 268.62
678.55 270.42
674.36 269.37
698.61 270.72
701.15 272.67
666.12 269.07
657.59 265.93
662.38 272.97
647.26 271.92
649.06 268.03
642.62 270.57
639.62 270.72
637.23 270.12
634.68 262.79
633.19 264.88
623.01 265.18
614.77 264.88
613.58 266.53
614.17 260.69
615.67 255.75
604.89 265.18
593.07 262.34
589.92 263.24
586.63 263.38
585.13 268.77
588.87 267.28
585.73 271.77
594.71 273.56
596.96 269.07
599.05 268.77
604.29 271.47
609.68 271.17
577.20 268.33
577.20 276.26
604.59 278.36
607.74 274.91
614.47 280.30
609.08 278.06
620.31 271.17
629.89 267.43
630.34 276.11
622.26 283.30
638.28 276.26
631.99 280.90
646.21 281.35
651.30 275.66
657.29 273.71
655.79 281.05
661.93 279.85
665.82 279.40
688.58 277.76
685.88 276.71
702.50 278.80
697.11 282.70
670.91 284.04
663.73 284.34
653.85 287.49
666.12 290.03
690.82 286.14
696.06 290.48
699.21 290.33
641.72 283.74
606.39 285.39
596.51 285.39
616.87 291.38
589.77 291.53
587.23 290.93
583.48 290.93
582.89 288.54
587.23 289.28
709.09 227.16
503.39 346.17
486.62 340.48
483.33 341.68
496.20 336.29
532.43 333.30
540.52 332.10
549.50 332.10
533.03 347.97
537.82 344.08
515.67 344.08
527.94 357.55
513.87 367.13
541.12 386.00
562.38 362.94
550.70 351.26
544.41 346.47
581.54 327.01
578.24 317.13
572.56 339.59
592.32 351.26
601.60 347.97
607.29 341.98
577.05 353.36
583.93 369.83
561.78 388.69
584.53 397.67
611.48 378.21
619.56 424.92
599.20 421.33
584.83 410.25
576.75 423.42
630.64 410.55
642.62 421.33
645.31 380.31
627.35 372.22
632.44 361.74
645.31 362.94
642.32 347.37
636.33 351.26
625.55 346.17
619.56 341.68
615.07 355.45
595.01 333.30
599.80 327.01
601.60 321.32
630.04 297.07
646.81 325.81
648.01 337.49
589.32 324.32
592.02 322.22
596.21 317.73
591.12 312.64
588.72 310.24
585.43 316.53
576.75 312.34
581.54 310.84
580.94 306.05
588.13 303.81
589.77 306.35
591.42 300.36
602.50 290.48
600.25 295.27
597.41 292.43
609.38 295.57
609.53 300.51
615.97 300.36
612.38 297.82
623.01 294.07
609.38 305.75
599.95 302.46
596.96 307.25
594.86 304.11
570.76 293.33
567.47 290.48
570.91 285.39
575.25 280.60
569.56 277.31
569.71 274.91
572.56 274.31
575.40 296.17
574.35 302.01
583.19 301.56
578.39 300.51
601.75 315.18
597.71 312.34
605.49 320.72
559.08 339.59
640.67 343.03
628.32 289.58
637.45 292.50
638.05 300.14
641.42 298.27
643.67 296.69
641.87 295.20
642.39 293.55
644.71 293.25
648.98 291.90
650.70 289.73
652.72 290.63
654.45 292.80
654.97 295.65
658.94 294.07
660.88 291.68
661.86 296.17
668.29 296.69
670.91 292.35
676.75 301.19
667.55 299.76
663.20 304.48
663.73 308.15
668.37 308.52
667.40 304.03
672.86 306.20
672.49 310.24
674.06 311.89
676.08 315.86
671.06 317.88
664.93 317.50
660.66 314.21
660.06 317.73
655.19 315.63
653.85 307.17
657.66 303.28
656.84 300.29
652.50 299.02
648.76 299.46
648.46 295.12
639.33 306.58
641.27 301.19
639.25 302.76
685.66 326.56
686.26 315.26
689.25 312.86
691.35 310.39
687.76 308.30
681.32 309.87
688.20 303.13
686.33 300.89
685.06 298.79
683.94 297.59
683.26 299.46
687.38 297.22
689.70 294.82
693.29 296.54
696.66 295.42
693.59 301.26
691.05 299.61
691.95 302.98
698.31 303.88
699.58 301.26
698.61 295.35
710.74 294.97
710.89 297.74
710.29 299.31
709.91 301.64
705.50 303.73
704.07 314.36
700.26 309.57
697.79 314.21
694.94 315.63
692.40 317.88
691.57 314.21
695.62 320.87
702.95 319.30
703.85 320.72
706.69 321.85
707.52 326.64
700.41 326.94
715.15 322.97
712.98 318.40
724.58 324.84
731.25 324.69
727.50 321.02
719.87 314.73
716.87 311.96
719.19 307.32
712.46 309.57
712.31 303.73
715.53 303.28
713.36 301.93
713.51 299.99
718.82 299.02
717.32 295.50
714.85 296.69
722.64 295.35
727.05 295.20
729.45 296.77
736.71 295.87
733.79 294.60
733.42 297.82
733.34 301.04
727.65 305.08
727.80 301.41
730.50 300.44
724.81 297.89
720.24 301.64
734.09 309.87
736.86 307.32
737.98 327.98
704.60 271.32
707.44 271.92
714.63 271.92
714.33 275.21
712.08 278.51
704.00 287.04
712.53 285.69
741.73 277.61
753.25 273.27
750.71 272.07
741.35 286.74
734.09 292.13
717.10 292.50
719.72 291.08
711.26 291.90
713.51 292.05
710.29 294.15
705.50 293.10
703.18 295.42
704.15 291.60
702.80 290.93
745.39 283.60
755.20 280.83
763.73 277.16
767.03 276.86
772.94 277.98
782.75 277.01
787.99 275.74
793.67 277.98
786.04 280.60
774.14 280.98
765.83 283.15
763.13 288.98
773.69 286.22
781.70 291.38
784.84 294.90
793.45 292.65
793.60 296.92
790.60 296.47
791.73 299.09
790.08 304.11
785.89 300.21
780.57 298.87
779.38 293.33
776.76 299.46
771.29 291.38
770.32 298.34
768.22 293.10
763.88 298.42
764.26 294.67
765.75 292.20
758.49 296.84
757.59 292.05
745.69 288.16
749.81 288.84
745.09 297.82
749.06 297.67
752.80 295.80
754.15 299.99
748.69 302.38
750.86 304.78
752.35 302.83
744.49 304.25
757.97 307.40
756.77 304.63
764.03 305.15
766.35 301.56
769.05 304.48
776.08 306.50
777.80 303.21
780.87 305.68
729.60 284.49
700.71 427.02
664.18 419.83
679.15 414.44
692.32 403.66
682.74 382.70
682.74 370.13
664.78 372.52
664.78 359.35
666.57 347.97
677.35 336.59
671.36 328.81
659.39 331.80
671.36 323.42
659.99 321.62
747.71 439.59
744.12 408.15
724.36 415.34
714.78 425.22
710.29 396.18
716.28 370.73
713.28 377.31
728.85 363.24
722.26 365.64
720.77 354.26
711.78 347.67
703.40 347.37
701.00 360.25
691.42 351.86
683.64 356.95
710.59 342.28
716.87 335.39
703.70 337.19
744.42 350.07
731.25 338.39
747.11 327.91
770.77 350.96
764.48 338.69
1017.71 340.78
1020.71 332.55
1021.15 316.38
1017.71 312.64
1017.71 307.55
1010.38 305.00
1012.47 296.47
1007.08 296.47
1004.54 297.07
1002.89 299.46
1002.14 293.18
1004.84 293.18
996.30 301.56
991.06 300.51
991.66 296.62
987.02 296.47
981.18 296.32
980.28 292.88
978.49 296.47
979.69 301.26
982.08 303.81
988.82 306.35
986.12 309.05
999.15 305.15
1004.09 306.20
1007.83 314.29
1004.84 312.64
998.70 314.29
1003.79 315.78
1012.02 323.72
1012.47 319.53
1004.39 322.07
1000.79 322.67
996.90 326.86
990.61 325.36
993.46 330.45
1001.09 335.99
999.15 344.08
1007.98 335.24
1009.03 337.94
979.54 326.26
977.14 316.53
980.58 313.24
976.54 310.99
972.80 305.00
971.60 301.26
966.06 303.06
962.62 301.56
959.48 295.72
953.49 297.07
957.08 299.46
956.18 301.86
954.68 304.70
954.98 305.45
957.23 309.20
959.62 312.79
966.21 315.33
966.06 308.90
963.67 306.35
960.67 317.43
956.93 316.83
957.68 319.82
961.27 329.71
896.45 285.99
910.67 284.34
908.28 287.64
911.27 285.99
922.20 283.15
929.38 284.94
929.38 289.43
940.16 286.44
898.09 292.73
916.73 294.67
923.17 296.10
925.27 295.27
926.84 293.33
930.13 293.10
939.11 293.40
936.87 294.67
935.07 296.25
947.80 318.33
943.76 306.58
951.32 300.96
942.71 297.82
949.52 298.34
950.87 298.34
944.43 293.48
939.64 300.44
934.47 300.21
935.37 305.45
936.27 308.90
939.04 306.28
941.96 314.36
938.14 325.96
932.68 328.81
928.04 319.82
920.25 321.62
915.69 326.64
912.99 319.53
910.89 316.98
917.93 317.65
910.15 294.15
910.82 299.76
922.87 300.06
928.26 299.91
925.19 306.35
927.66 307.10
909.70 305.98
906.40 301.49
913.07 312.71
919.13 313.24
924.59 314.51
927.81 311.37
928.79 316.91
925.04 317.28
907.23 321.17
926.76 327.76
930.28 324.09
936.12 324.54
961.50 299.16
971.23 312.64
1003.26 372.22
996.08 394.38
919.13 361.74
917.33 347.37
924.22 381.20
889.79 380.01
874.82 377.31
899.37 349.77
907.15 340.48
921.22 336.29
903.56 330.00
899.97 317.73
893.08 316.83
889.49 322.52
887.39 331.20
887.69 334.20
874.22 336.29
856.55 346.17
864.34 360.54
843.68 348.27
826.61 346.17
854.75 337.49
860.74 331.50
858.65 325.81
865.83 322.52
801.91 268.77
809.84 267.58
813.59 268.77
807.75 279.70
806.10 284.64
797.42 285.84
815.83 284.04
823.47 283.74
827.96 282.25
829.90 282.55
833.20 282.85
836.19 280.15
874.07 285.39
877.36 283.74
881.40 281.95
885.74 282.25
891.58 286.44
799.96 300.81
802.51 296.92
808.05 293.78
808.49 297.22
806.25 293.48
812.39 295.12
814.63 312.34
819.12 308.97
820.02 306.28
824.36 305.23
827.58 303.81
829.08 303.28
833.65 299.99
839.63 299.84
844.42 299.16
846.45 300.51
850.94 301.26
850.11 304.78
855.28 303.66
855.20 307.47
852.66 310.09
848.69 306.95
840.23 304.70
834.84 306.35
826.68 310.09
818.68 318.78
819.20 321.55
823.62 317.73
827.21 316.46
832.00 318.25
839.86 317.65
837.61 312.71
842.40 310.32
847.87 316.16
848.39 319.67
844.35 324.17
835.59 328.81
836.64 322.29
833.80 333.75
820.47 333.07
871.52 309.94
829.45 323.42
850.11 293.33
849.66 296.62
857.60 294.52
844.28 296.47
839.04 295.42
835.59 297.82
878.48 290.56
898.47 296.62
897.57 297.67
894.35 297.37
887.09 294.30
884.40 292.28
884.85 297.97
880.28 295.57
879.68 297.44
872.79 293.93
869.58 301.26
873.24 303.51
885.74 302.68
894.65 302.98
898.39 303.36
893.60 300.89
901.69 300.21
904.01 299.16
905.13 296.92
905.36 309.94
891.81 308.07
898.09 310.69
893.38 311.89
888.29 313.09
884.10 309.94
878.48 310.17
876.84 312.26
874.74 314.51
875.41 300.21
885.29 305.45
732.74 315.48
739.63 315.18
747.71 315.18
746.22 309.34
753.40 309.79
757.59 313.69
754.60 314.88
755.50 317.28
751.01 320.72
759.99 322.82
765.53 315.93
763.58 311.44
774.66 316.68
788.58 334.05
798.46 325.66
799.36 335.99
811.94 334.94
814.48 330.75
817.18 326.71
785.29 367.73
