1016.37 309.79
1015.02 306.50
1017.71 303.06
1015.62 298.12
1017.86 290.33
1011.87 288.54
1008.88 293.63
1006.78 289.28
997.95 286.29
992.41 286.29
991.66 299.16
992.86 294.37
1016.37 302.01
1009.48 297.07
1003.19 295.72
1000.20 290.93
1004.54 313.39
999.30 321.32
996.31 315.93
995.71 312.19
994.81 306.80
995.11 296.47
995.26 293.18
994.81 290.03
994.21 286.14
982.83 290.03
979.84 289.88
980.74 296.32
981.93 294.22
985.08 294.22
987.62 299.16
989.57 296.17
988.37 306.80
988.37 302.76
983.58 300.96
988.07 328.66
993.01 318.03
989.12 317.28
982.53 315.03
980.59 318.03
982.23 321.77
981.48 328.21
973.25 316.53
974.75 311.44
980.44 309.79
982.23 304.40
979.54 301.26
977.29 294.97
976.99 291.53
972.05 290.63
968.61 288.98
975.94 288.24
973.85 288.54
972.20 288.84
964.42 290.93
960.67 288.84
959.33 294.37
963.07 295.27
960.08 297.82
965.61 299.91
968.91 294.07
968.91 298.12
970.26 307.55
972.50 300.51
969.81 302.01
975.65 305.15
971.45 326.71
966.81 316.08
961.57 318.48
963.22 312.94
961.12 307.25
962.02 310.69
957.08 306.65
957.83 300.96
955.14 295.72
955.29 290.33
948.25 288.39
951.09 288.54
942.71 288.84
945.85 288.24
950.94 286.89
948.85 292.73
951.69 299.61
942.86 295.42
946.75 303.06
941.81 300.51
939.57 294.97
940.91 291.98
941.96 290.33
937.32 288.84
940.01 282.40
930.13 286.74
955.58 327.76
940.91 327.01
944.51 321.62
955.58 316.98
956.78 309.64
951.69 308.30
947.20 307.55
941.21 307.25
947.20 313.09
938.52 313.54
938.52 318.63
932.98 313.99
938.07 308.30
933.43 308.30
936.57 304.70
935.52 300.96
936.42 292.73
931.48 294.67
929.98 291.08
923.85 290.33
925.49 297.82
921.90 294.67
931.18 297.52
930.73 302.46
926.84 307.85
931.63 325.36
922.95 317.28
918.61 308.30
920.55 304.11
920.40 298.87
916.96 294.97
917.26 288.84
917.56 279.40
912.92 289.88
911.42 288.84
909.62 291.38
905.73 287.79
905.28 295.42
908.88 296.02
913.52 298.27
910.52 307.70
914.56 301.41
908.13 301.56
909.92 300.36
906.93 299.61
913.52 315.18
915.01 320.42
916.51 324.32
925.04 328.51
923.70 324.02
902.89 319.08
904.23 307.85
900.79 309.94
897.50 307.85
902.44 302.61
898.10 300.21
898.10 293.03
901.69 296.02
901.09 290.93
898.55 287.94
902.14 287.79
901.24 285.84
997.28 337.19
998.33 420.43
991.14 395.28
1003.42 383.90
987.85 363.54
996.53 348.57
976.17 353.66
969.28 347.37
978.56 339.59
950.72 346.47
940.54 341.08
932.16 336.89
941.74 362.64
921.68 364.44
945.33 386.00
955.51 397.37
935.45 392.28
918.08 432.11
889.34 404.86
901.61 347.67
899.22 332.70
897.12 328.81
892.63 329.11
886.34 322.22
878.86 327.01
888.44 338.99
886.94 332.10
877.66 335.09
869.28 338.99
861.19 347.37
868.98 369.53
867.18 389.59
851.61 362.04
839.04 366.53
845.03 405.46
875.87 427.02
858.50 438.99
964.64 468.33
919.13 471.93
877.21 481.51
949.07 568.94
770.62 511.45
752.66 436.00
788.59 438.39
647.26 527.02
696.37 518.64
617.32 471.93
584.98 443.18
656.84 416.84
543.07 481.51
517.91 410.85
561.03 413.24
485.58 422.82
425.69 499.47
355.03 469.53
315.51 493.49
271.20 451.57
196.94 446.78
195.74 498.28
140.65 467.14
163.41 427.61
122.69 414.44
91.55 413.24
71.19 421.63
38.85 427.61
50.83 513.85
16.09 547.38
12.50 385.70
43.64 396.47
66.40 394.08
92.74 389.29
110.71 406.06
116.70 388.09
126.28 404.86
156.22 391.68
212.51 396.47
207.72 368.93
196.94 356.95
891.29 306.50
893.38 301.86
888.89 297.22
894.13 294.07
894.58 287.64
890.84 286.74
890.69 290.18
890.24 291.53
888.14 290.18
886.34 286.44
882.15 288.84
886.20 294.97
875.87 290.78
877.06 287.49
870.33 290.33
873.32 290.48
867.63 284.94
871.67 286.14
865.09 284.64
865.39 287.04
864.04 289.58
868.68 292.28
867.93 287.04
885.00 317.28
886.64 315.18
891.14 315.78
886.94 309.94
883.50 305.60
881.25 303.96
880.36 298.72
876.46 299.76
873.02 294.97
876.16 294.37
871.97 293.03
878.26 313.09
874.37 311.59
879.61 306.35
876.01 306.50
874.67 303.96
869.73 305.75
873.17 305.45
867.18 302.31
870.78 298.87
861.49 296.17
857.15 297.52
853.26 290.18
849.97 289.28
849.82 294.07
848.32 292.28
850.86 291.53
852.51 297.52
856.10 302.91
852.51 302.91
859.85 303.51
861.79 310.84
868.38 310.24
873.77 317.58
861.19 331.20
861.79 325.81
866.13 317.58
855.21 318.18
849.97 312.64
855.06 311.29
850.86 308.45
849.22 305.75
846.82 298.12
843.23 296.47
841.73 295.57
843.08 293.93
841.13 290.93
837.84 295.57
834.55 294.07
832.30 297.22
831.25 293.33
835.59 300.81
834.25 299.91
840.83 305.60
843.53 311.59
848.17 329.11
835.00 318.63
856.70 339.59
827.96 311.59
827.96 328.36
831.55 339.59
830.50 316.83
833.50 309.94
829.46 305.60
821.97 307.85
822.12 312.34
823.32 304.55
822.57 298.27
820.62 294.52
825.41 295.57
827.06 297.82
819.87 289.73
832.00 287.04
821.97 284.19
826.61 283.30
818.98 280.90
818.38 278.80
812.09 275.66
808.20 275.66
815.08 294.52
809.99 289.28
808.05 295.72
810.89 300.81
808.20 307.40
814.93 305.30
818.08 315.18
813.44 310.99
817.93 323.87
815.83 332.55
829.31 397.67
802.96 356.95
764.93 390.47
796.67 394.67
796.52 273.42
798.02 277.31
792.93 276.11
787.39 277.91
784.84 275.21
783.65 273.12
775.86 274.31
767.63 271.32
770.02 271.02
766.58 275.81
758.05 267.28
756.70 269.97
753.40 269.97
749.96 268.77
746.37 268.18
741.58 268.77
736.49 268.92
733.79 267.73
742.33 274.01
743.52 270.57
750.71 274.76
803.71 291.98
800.11 284.79
808.05 278.80
786.34 286.14
745.47 282.40
765.53 280.00
770.32 284.64
774.06 278.65
806.25 319.53
807.90 324.76
804.31 312.34
799.36 310.84
799.36 308.00
799.36 304.11
798.92 299.31
801.91 296.32
798.32 295.72
796.82 292.58
793.83 290.03
797.27 320.57
793.23 315.78
792.03 311.89
795.62 308.45
793.08 307.10
793.83 303.81
793.53 298.27
792.18 294.07
790.68 290.78
787.69 333.45
785.14 319.53
777.36 335.54
776.76 321.17
781.10 317.73
779.90 311.59
774.96 305.00
776.31 307.25
783.05 304.55
782.75 298.72
783.80 294.52
788.59 293.48
783.94 288.24
780.50 288.98
786.79 287.64
779.90 295.57
776.76 293.93
774.66 290.33
770.47 292.58
769.42 299.76
775.26 299.91
764.48 336.44
754.75 335.84
759.24 327.91
754.75 320.57
763.43 321.92
771.22 315.78
763.58 312.94
766.28 305.30
756.40 304.85
754.90 299.46
758.94 298.27
764.48 297.07
768.97 294.52
762.69 289.43
759.09 288.39
759.09 283.89
761.04 293.48
758.34 291.98
756.25 296.17
754.75 293.63
758.64 293.93
744.42 336.44
743.52 322.82
740.98 318.93
739.78 316.08
746.07 314.29
745.62 310.39
741.13 308.00
751.16 302.91
747.42 301.71
741.58 301.71
749.06 298.27
748.46 293.93
745.62 295.27
751.01 291.08
747.57 291.53
746.82 291.38
743.37 290.93
738.13 291.83
736.19 289.28
734.84 293.63
736.19 297.37
740.98 293.48
736.19 303.81
738.73 305.30
736.94 310.09
734.84 312.94
735.29 332.10
735.89 325.51
749.66 349.17
739.48 341.38
734.69 350.36
719.72 347.97
713.73 363.54
712.53 355.75
745.47 370.73
719.72 385.70
683.79 401.27
647.86 389.89
674.21 380.91
658.64 373.72
682.59 358.15
655.65 353.36
698.76 358.15
682.59 337.19
664.03 336.59
637.68 353.96
626.30 367.73
613.13 359.35
626.90 341.38
601.15 405.46
614.92 388.69
629.90 389.29
636.48 379.11
590.37 380.91
586.78 358.15
576.60 369.53
562.23 353.36
578.40 347.97
585.58 339.59
599.36 344.98
570.01 341.38
561.63 334.80
547.86 347.37
536.48 359.35
554.44 385.10
532.29 379.11
519.11 380.31
537.68 412.64
787.99 458.15
771.52 357.85
776.01 352.16
734.69 354.86
709.24 343.78
702.05 350.07
681.40 345.27
736.34 321.62
727.51 318.48
721.52 313.24
729.15 308.15
730.20 303.81
728.40 312.34
711.19 318.03
707.44 314.88
702.95 316.68
726.01 297.22
725.26 303.96
727.21 300.96
729.45 292.28
733.19 291.23
725.56 284.64
728.25 277.31
732.89 278.80
719.27 274.16
724.36 258.74
718.82 261.89
713.43 260.69
709.99 262.64
707.00 263.09
708.64 265.93
714.63 267.73
709.39 274.61
705.65 267.88
703.10 269.52
697.86 268.47
702.80 272.37
702.20 276.11
709.09 279.85
714.48 283.15
711.94 286.74
712.53 289.88
716.73 289.88
715.23 293.33
719.12 297.52
715.68 303.51
712.68 303.21
708.64 302.91
713.13 297.67
714.63 309.05
703.85 302.76
700.71 298.57
702.20 295.12
706.25 290.48
702.20 290.18
695.62 293.03
693.52 280.90
701.76 279.25
693.52 272.37
692.62 266.83
686.49 272.52
685.74 278.80
688.88 283.00
678.70 285.69
679.15 291.23
683.49 291.53
687.23 289.88
691.58 301.41
694.42 299.61
696.81 297.52
698.76 293.03
689.18 295.57
686.63 297.97
682.74 299.02
701.01 310.09
697.26 308.00
699.81 303.51
690.53 305.00
690.83 309.49
689.48 315.93
680.50 318.78
686.34 308.00
678.10 305.90
680.35 299.61
678.25 266.68
673.76 267.73
664.48 268.77
667.32 266.68
667.92 270.42
669.87 270.57
665.38 278.51
682.59 274.46
674.36 287.79
674.36 291.38
676.45 293.33
667.92 293.63
664.48 299.61
668.07 299.02
671.51 297.52
673.31 300.66
671.66 300.36
667.32 305.45
664.63 310.24
673.16 311.89
673.46 315.93
665.68 320.87
673.16 322.37
696.96 338.39
694.27 333.90
692.47 328.21
719.42 325.21
704.45 321.32
709.84 336.59
706.25 326.11
678.40 327.31
649.96 324.02
648.16 314.73
639.78 321.32
638.88 328.51
639.18 338.69
644.87 335.69
630.79 328.51
601.45 368.63
604.15 359.65
642.17 369.83
695.77 386.89
745.17 385.70
752.36 385.70
539.62 315.03
540.22 299.76
540.22 295.87
541.42 283.89
540.82 269.07
540.82 265.63
544.26 269.22
546.66 267.73
550.40 268.47
552.50 267.73
549.50 273.56
538.72 272.97
547.71 280.30
549.65 289.73
544.26 295.57
542.77 293.03
546.81 296.47
550.70 298.27
542.32 307.70
541.12 304.85
548.75 308.30
553.10 306.95
553.84 302.76
552.80 315.03
547.11 315.93
545.61 318.63
548.31 327.61
542.02 327.46
550.55 332.70
554.89 325.36
555.79 266.68
557.89 262.64
560.73 267.13
564.47 266.68
565.82 270.27
570.31 270.42
571.66 267.43
574.65 267.13
573.46 275.81
563.58 275.06
557.74 270.87
561.03 271.17
565.07 284.19
558.93 288.24
561.18 285.54
559.98 281.05
570.61 289.28
574.95 284.04
575.85 289.88
573.76 290.48
567.47 291.08
562.08 294.67
564.02 297.22
557.44 297.22
558.34 302.16
557.59 299.61
562.68 301.86
568.22 301.71
572.26 295.72
575.25 296.47
575.25 307.40
574.05 303.96
571.51 302.16
569.86 299.31
571.36 308.30
569.11 310.09
573.46 314.44
568.07 312.94
563.43 315.93
558.78 312.94
558.49 308.45
558.93 319.53
568.81 318.93
571.81 322.07
564.92 322.67
562.38 319.97
564.02 325.06
562.23 328.21
579.29 325.36
580.19 266.68
584.83 266.08
589.77 270.12
583.49 267.88
577.65 268.77
592.62 270.42
586.78 274.76
580.79 271.62
586.93 283.89
594.41 278.65
594.86 268.77
598.61 267.73
603.55 268.18
606.54 272.97
608.49 268.77
590.52 287.19
588.43 291.53
579.59 305.68
583.94 296.54
581.24 295.72
578.10 294.82
581.32 291.01
592.92 293.63
589.40 299.84
593.97 297.67
589.77 302.38
584.53 300.81
579.82 301.04
588.35 310.39
584.31 307.92
586.33 313.31
582.74 315.48
596.21 306.80
597.63 301.86
600.78 298.49
603.40 296.62
605.64 296.32
602.57 293.93
599.28 292.43
594.71 291.16
597.78 289.73
601.83 289.88
604.82 294.60
606.62 290.63
607.44 292.95
607.89 294.82
609.61 293.40
611.03 297.37
607.36 303.06
609.09 303.73
609.83 305.83
612.68 301.26
614.55 301.41
615.75 304.11
613.35 304.48
612.08 308.90
615.15 312.64
606.32 313.61
610.58 316.38
615.75 317.20
608.49 321.25
600.48 314.66
600.18 308.97
603.92 309.57
602.87 305.53
601.83 299.99
607.29 284.04
613.13 284.49
611.78 281.20
612.68 278.06
611.93 272.22
615.97 268.33
613.13 268.03
621.81 271.17
624.21 267.58
628.40 271.92
631.99 267.58
635.29 270.12
636.48 272.52
639.03 268.77
642.02 269.67
646.21 268.33
637.08 284.94
623.76 281.20
621.96 287.19
617.77 291.08
617.92 297.22
622.86 295.42
622.71 291.98
631.09 296.47
633.34 293.03
632.29 289.28
660.44 274.76
656.39 271.24
653.47 269.37
659.99 268.10
652.05 273.94
655.87 278.95
654.75 290.03
649.66 288.31
650.93 292.43
648.01 292.95
646.36 290.18
642.92 290.71
642.62 292.50
639.85 292.50
636.41 290.33
644.04 298.72
642.85 295.20
639.55 297.22
635.88 300.14
630.27 301.19
626.60 301.71
622.63 300.06
668.67 303.21
645.91 300.06
535.73 271.92
537.08 268.77
534.68 266.68
529.44 269.52
524.65 268.47
519.86 269.07
516.12 266.83
509.38 267.13
505.64 265.03
494.11 269.52
492.01 268.77
488.72 270.42
484.68 271.02
484.98 264.88
480.64 270.57
476.89 268.47
478.69 267.28
473.45 268.03
471.06 263.53
469.86 267.13
464.62 270.87
458.33 270.12
464.47 273.27
473.30 274.31
483.93 273.56
484.08 280.90
475.25 282.70
465.22 282.10
457.73 286.59
459.83 282.55
463.12 287.19
474.20 288.39
479.14 290.18
478.09 287.79
481.39 291.23
486.92 286.89
490.67 283.00
509.98 271.92
533.93 277.31
529.14 273.42
525.85 278.65
520.76 283.60
508.18 284.79
516.87 288.69
519.11 290.33
523.30 290.63
528.09 289.88
536.93 289.88
512.23 287.79
512.23 291.53
507.58 293.03
501.45 294.37
498.60 291.23
492.46 294.37
488.72 289.88
487.52 295.42
488.12 298.72
481.98 299.91
481.98 298.27
481.24 295.87
472.85 292.73
536.18 302.16
528.69 300.36
522.85 297.52
515.07 295.42
513.12 297.22
508.93 297.22
506.69 300.36
499.05 306.95
532.44 325.81
519.86 325.81
514.62 319.82
519.26 316.83
516.42 314.29
514.02 310.54
508.78 309.64
511.63 304.85
511.03 303.51
521.81 304.55
526.00 304.85
517.91 296.17
526.00 316.38
533.78 313.39
531.54 307.25
537.98 307.10
528.39 305.15
523.60 311.14
512.38 314.29
508.78 312.94
507.14 322.97
501.45 322.97
494.41 322.97
500.85 327.16
483.48 322.22
477.19 320.12
470.61 324.32
468.21 319.53
464.32 324.02
455.79 320.57
461.32 316.08
457.43 309.05
465.37 306.05
471.80 312.34
476.60 313.24
483.18 316.38
483.33 312.79
481.09 308.00
474.20 307.70
475.85 303.96
473.15 298.27
477.49 295.87
464.17 294.07
462.37 292.58
461.47 278.65
463.27 304.25
460.73 301.41
460.43 297.22
484.83 303.81
487.37 306.35
421.50 221.17
419.26 221.92
410.72 222.51
429.14 237.04
418.81 236.14
422.10 244.52
421.65 239.88
409.53 238.83
406.83 239.88
401.74 240.93
403.99 238.68
403.39 236.14
405.93 232.25
400.24 238.83
395.75 237.04
391.56 240.63
387.82 241.23
382.43 244.97
379.73 242.28
381.83 241.68
371.20 241.83
374.64 240.93
367.46 242.73
364.31 239.73
356.68 240.33
354.88 226.26
357.43 223.26
349.19 227.01
342.76 226.71
338.56 227.01
348.74 232.69
427.64 253.50
433.33 256.20
414.92 253.80
410.12 253.35
408.63 246.92
395.45 247.52
398.00 251.86
402.49 257.85
404.59 262.04
395.45 260.69
387.52 258.00
382.73 250.21
386.47 245.42
389.17 243.77
378.24 252.76
378.39 255.75
382.28 260.69
375.24 261.14
372.10 255.45
366.26 251.26
360.72 254.40
359.22 248.26
355.93 257.55
366.56 257.85
363.87 259.94
367.01 262.34
356.23 262.79
343.21 250.66
333.18 260.99
334.67 269.37
337.52 268.33
339.91 272.22
342.61 268.62
345.45 270.42
349.64 269.37
325.39 270.72
322.85 272.67
357.88 269.07
366.41 265.93
361.62 272.97
376.74 271.92
374.94 268.03
381.38 270.57
384.38 270.72
386.77 270.12
389.32 262.79
390.81 264.88
400.99 265.18
409.23 264.88
410.42 266.53
409.83 260.69
408.33 255.75
419.11 265.18
430.93 262.34
434.08 263.24
437.37 263.38
438.87 268.77
435.13 267.28
438.27 271.77
429.29 273.56
427.04 269.07
424.95 268.77
419.71 271.47
414.32 271.17
446.80 268.33
446.80 276.26
419.41 278.36
416.26 274.91
409.53 280.30
414.92 278.06
403.69 271.17
394.11 267.43
393.66 276.11
401.74 283.30
385.72 276.26
392.01 280.90
377.79 281.35
372.70 275.66
366.71 273.71
368.21 281.05
362.07 279.85
358.18 279.40
335.42 277.76
338.12 276.71
321.50 278.80
326.89 282.70
353.09 284.04
360.27 284.34
370.15 287.49
357.88 290.03
333.18 286.14
327.94 290.48
324.79 290.33
382.28 283.74
417.61 285.39
427.49 285.39
407.13 291.38
434.23 291.53
436.77 290.93
440.52 290.93
441.11 288.54
436.77 289.28
314.91 227.16
520.61 346.17
537.38 340.48
540.67 341.68
527.80 336.29
491.57 333.30
483.48 332.10
474.50 332.10
490.97 347.97
486.18 344.08
508.33 344.08
496.06 357.55
510.13 367.13
482.88 386.00
461.62 362.94
473.30 351.26
479.59 346.47
442.46 327.01
445.76 317.13
451.44 339.59
431.68 351.26
422.40 347.97
416.71 341.98
446.95 353.36
440.07 369.83
462.22 388.69
439.47 397.67
412.52 378.21
404.44 424.92
424.80 421.33
439.17 410.25
447.25 423.42
393.36 410.55
381.38 421.33
378.69 380.31
396.65 372.22
391.56 361.74
378.69 362.94
381.68 347.37
387.67 351.26
398.45 346.17
404.44 341.68
408.93 355.45
428.99 333.30
424.20 327.01
422.40 321.32
393.96 297.07
377.19 325.81
375.99 337.49
434.68 324.32
431.98 322.22
427.79 317.73
432.88 312.64
435.28 310.24
438.57 316.53
447.25 312.34
442.46 310.84
443.06 306.05
435.87 303.81
434.23 306.35
432.58 300.36
421.50 290.48
423.75 295.27
426.59 292.43
414.62 295.57
414.47 300.51
408.03 300.36
411.62 297.82
400.99 294.07
414.62 305.75
424.05 302.46
427.04 307.25
429.14 304.11
453.24 293.33
456.53 290.48
453.09 285.39
448.75 280.60
454.44 277.31
454.29 274.91
451.44 274.31
448.60 296.17
449.65 302.01
440.81 301.56
445.61 300.51
422.25 315.18
426.29 312.34
418.51 320.72
464.92 339.59
383.33 343.03
395.68 289.58
386.55 292.50
385.95 300.14
382.58 298.27
380.33 296.69
382.13 295.20
381.61 293.55
379.29 293.25
375.02 291.90
373.30 289.73
371.28 290.63
369.55 292.80
369.03 295.65
365.06 294.07
363.12 291.68
362.14 296.17
355.71 296.69
353.09 292.35
347.25 301.19
356.45 299.76
360.80 304.48
360.27 308.15
355.63 308.52
356.60 304.03
351.14 306.20
351.51 310.24
349.94 311.89
347.92 315.86
352.94 317.88
359.07 317.50
363.34 314.21
363.94 317.73
368.81 315.63
370.15 307.17
366.34 303.28
367.16 300.29
371.50 299.02
375.24 299.46
375.54 295.12
384.67 306.58
382.73 301.19
384.75 302.76
338.34 326.56
337.74 315.26
334.75 312.86
332.65 310.39
336.24 308.30
342.68 309.87
335.80 303.13
337.67 300.89
338.94 298.79
340.06 297.59
340.74 299.46
336.62 297.22
334.30 294.82
330.71 296.54
327.34 295.42
330.41 301.26
332.95 299.61
332.05 302.98
325.69 303.88
324.42 301.26
325.39 295.35
313.26 294.97
313.11 297.74
313.71 299.31
314.09 301.64
318.50 303.73
319.93 314.36
323.74 309.57
326.21 314.21
329.06 315.63
331.60 317.88
332.43 314.21
328.38 320.87
321.05 319.30
320.15 320.72
317.31 321.85
316.48 326.64
323.59 326.94
308.85 322.97
311.02 318.40
299.42 324.84
292.75 324.69
296.50 321.02
304.13 314.73
307.13 311.96
304.81 307.32
311.54 309.57
311.69 303.73
308.47 303.28
310.64 301.93
310.49 299.99
305.18 299.02
306.68 295.50
309.15 296.69
301.36 295.35
296.95 295.20
294.55 296.77
287.29 295.87
290.21 294.60
290.58 297.82
290.66 301.04
296.35 305.08
296.20 301.41
293.50 300.44
299.19 297.89
303.76 301.64
289.91 309.87
287.14 307.32
286.02 327.98
319.40 271.32
316.56 271.92
309.37 271.92
309.67 275.21
311.92 278.51
320.00 287.04
311.47 285.69
282.27 277.61
270.75 273.27
273.29 272.07
282.65 286.74
289.91 292.13
306.90 292.50
304.28 291.08
312.74 291.90
310.49 292.05
313.71 294.15
318.50 293.10
320.82 295.42
319.85 291.60
321.20 290.93
278.61 283.60
268.80 280.83
260.27 277.16
256.97 276.86
251.06 277.98
241.25 277.01
236.01 275.74
230.33 277.98
237.96 280.60
249.86 280.98
258.17 283.15
260.87 288.98
250.31 286.22
242.30 291.38
239.16 294.90
230.55 292.65
230.40 296.92
233.40 296.47
232.27 299.09
233.92 304.11
238.11 300.21
243.43 298.87
244.62 293.33
247.24 299.46
252.71 291.38
253.68 298.34
255.78 293.10
260.12 298.42
259.74 294.67
258.25 292.20
265.51 296.84
266.41 292.05
278.31 288.16
274.19 288.84
278.91 297.82
274.94 297.67
271.20 295.80
269.85 299.99
275.31 302.38
273.14 304.78
271.65 302.83
279.51 304.25
266.03 307.40
267.23 304.63
259.97 305.15
257.65 301.56
254.95 304.48
247.92 306.50
246.20 303.21
243.13 305.68
294.40 284.49
323.29 427.02
359.82 419.83
344.85 414.44
331.68 403.66
341.26 382.70
341.26 370.13
359.22 372.52
359.22 359.35
357.43 347.97
346.65 336.59
352.64 328.81
364.61 331.80
352.64 323.42
364.01 321.62
276.29 439.59
279.88 408.15
299.64 415.34
309.22 425.22
313.71 396.18
307.72 370.73
310.72 377.31
295.15 363.24
301.74 365.64
303.23 354.26
312.22 347.67
320.60 347.37
323.00 360.25
332.58 351.86
340.36 356.95
313.41 342.28
307.13 335.39
320.30 337.19
279.58 350.07
292.75 338.39
276.89 327.91
253.23 350.96
259.52 338.69
6.29 340.78
3.29 332.55
2.85 316.38
6.29 312.64
6.29 307.55
13.62 305.00
11.53 296.47
16.92 296.47
19.46 297.07
21.11 299.46
21.86 293.18
19.16 293.18
27.70 301.56
32.94 300.51
32.34 296.62
36.98 296.47
42.82 296.32
43.72 292.88
45.51 296.47
44.31 301.26
41.92 303.81
35.18 306.35
37.88 309.05
24.85 305.15
19.91 306.20
16.17 314.29
19.16 312.64
25.30 314.29
20.21 315.78
11.98 323.72
11.53 319.53
19.61 322.07
23.21 322.67
27.10 326.86
33.39 325.36
30.54 330.45
22.91 335.99
24.85 344.08
16.02 335.24
14.97 337.94
44.46 326.26
46.86 316.53
43.42 313.24
47.46 310.99
51.20 305.00
52.40 301.26
57.94 303.06
61.38 301.56
64.52 295.72
70.51 297.07
66.92 299.46
67.82 301.86
69.32 304.70
69.02 305.45
66.77 309.20
64.38 312.79
57.79 315.33
57.94 308.90
60.33 306.35
63.33 317.43
67.07 316.83
66.32 319.82
62.73 329.71
127.55 285.99
113.33 284.34
115.72 287.64
112.73 285.99
101.80 283.15
94.62 284.94
94.62 289.43
83.84 286.44
125.91 292.73
107.27 294.67
100.83 296.10
98.73 295.27
97.16 293.33
93.87 293.10
84.89 293.40
87.13 294.67
88.93 296.25
76.20 318.33
80.24 306.58
72.68 300.96
81.29 297.82
74.48 298.34
73.13 298.34
79.57 293.48
84.36 300.44
89.53 300.21
88.63 305.45
87.73 308.90
84.96 306.28
82.04 314.36
85.86 325.96
91.32 328.81
95.96 319.82
103.75 321.62
108.31 326.64
111.01 319.53
113.11 316.98
106.07 317.65
113.85 294.15
113.18 299.76
101.13 300.06
95.74 299.91
98.81 306.35
96.34 307.10
114.30 305.98
117.60 301.49
110.93 312.71
104.87 313.24
99.41 314.51
96.19 311.37
95.21 316.91
98.96 317.28
116.77 321.17
97.24 327.76
93.72 324.09
87.88 324.54
62.50 299.16
52.77 312.64
20.74 372.22
27.92 394.38
104.87 361.74
106.67 347.37
99.78 381.20
134.21 380.01
149.18 377.31
124.63 349.77
116.85 340.48
102.78 336.29
120.44 330.00
124.03 317.73
130.92 316.83
134.51 322.52
136.61 331.20
136.31 334.20
149.78 336.29
167.45 346.17
159.66 360.54
180.32 348.27
197.39 346.17
169.25 337.49
163.26 331.50
165.35 325.81
158.17 322.52
222.09 268.77
214.16 267.58
210.41 268.77
216.25 279.70
217.90 284.64
226.58 285.84
208.17 284.04
200.53 283.74
196.04 282.25
194.10 282.55
190.80 282.85
187.81 280.15
149.93 285.39
146.64 283.74
142.60 281.95
138.26 282.25
132.42 286.44
224.04 300.81
221.49 296.92
215.95 293.78
215.51 297.22
217.75 293.48
211.61 295.12
209.37 312.34
204.88 308.97
203.98 306.28
199.64 305.23
196.42 303.81
194.92 303.28
190.35 299.99
184.37 299.84
179.58 299.16
177.55 300.51
173.06 301.26
173.89 304.78
168.72 303.66
168.80 307.47
171.34 310.09
175.31 306.95
183.77 304.70
189.16 306.35
197.32 310.09
205.32 318.78
204.80 321.55
200.38 317.73
196.79 316.46
192.00 318.25
184.14 317.65
186.39 312.71
181.60 310.32
176.13 316.16
175.61 319.67
179.65 324.17
188.41 328.81
187.36 322.29
190.20 333.75
203.53 333.07
152.48 309.94
194.55 323.42
173.89 293.33
174.34 296.62
166.40 294.52
179.72 296.47
184.96 295.42
188.41 297.82
145.52 290.56
125.53 296.62
126.43 297.67
129.65 297.37
136.91 294.30
139.60 292.28
139.15 297.97
143.72 295.57
144.32 297.44
151.21 293.93
154.42 301.26
150.76 303.51
138.26 302.68
129.35 302.98
125.61 303.36
130.40 300.89
122.31 300.21
119.99 299.16
118.87 296.92
118.64 309.94
132.19 308.07
125.91 310.69
130.62 311.89
135.71 313.09
139.90 309.94
145.52 310.17
147.16 312.26
149.26 314.51
148.59 300.21
138.71 305.45
291.26 315.48
284.37 315.18
276.29 315.18
277.78 309.34
270.60 309.79
266.41 313.69
269.40 314.88
268.50 317.28
272.99 320.72
264.01 322.82
258.47 315.93
260.42 311.44
249.34 316.68
235.42 334.05
225.54 325.66
224.64 335.99
212.06 334.94
209.52 330.75
206.82 326.71
238.71 367.73
