21.74 426.02
51.68 370.93
84.02 342.18
12.16 315.84
125.93 380.51
151.09 309.85
107.97 312.24
183.42 321.82
243.31 398.47
313.97 368.53
353.49 392.49
397.80 350.57
456.49 295.47
461.28 267.93
21.14 288.89
10.36 272.72
13.35 252.36
4.97 235.59
31.32 252.96
42.70 266.73
55.87 258.35
42.10 240.38
67.85 304.46
54.08 287.69
39.10 288.29
32.52 278.11
78.63 279.91
82.22 257.15
92.40 268.53
106.77 252.36
90.60 246.97
83.42 238.59
69.64 243.98
98.99 240.38
107.37 233.80
121.14 246.37
132.52 258.35
114.56 284.10
136.71 278.11
149.89 279.31
131.32 311.64
4.52 167.77
1.68 165.68
1.08 169.42
3.62 177.51
1.08 192.63
4.52 198.61
0.93 198.02
1.68 204.45
4.37 209.24
3.32 219.87
19.04 223.02
20.84 213.73
29.22 220.32
30.12 227.51
29.82 237.69
24.13 234.69
38.21 227.51
67.55 267.63
64.85 258.65
26.83 268.83
129.38 214.03
128.78 198.76
128.78 194.87
127.58 182.89
128.18 168.07
128.18 164.63
124.74 168.22
122.34 166.73
118.60 167.47
116.50 166.73
119.50 172.56
130.28 171.97
121.29 179.30
119.35 188.73
124.74 194.57
126.23 192.03
122.19 195.47
118.30 197.27
126.68 206.70
127.88 203.85
120.25 207.30
115.90 205.95
115.16 201.76
116.20 214.03
121.89 214.93
123.39 217.63
120.69 226.61
126.98 226.46
118.45 231.70
114.11 224.36
113.21 165.68
111.11 161.64
108.27 166.13
104.53 165.68
103.18 169.27
98.69 169.42
97.34 166.43
94.35 166.13
95.54 174.81
105.42 174.06
111.26 169.87
107.97 170.17
103.93 183.19
110.07 187.24
107.82 184.54
109.02 180.05
98.39 188.28
94.05 183.04
93.15 188.88
95.24 189.48
101.53 190.08
106.92 193.67
104.98 196.22
111.56 196.22
110.66 201.16
111.41 198.61
106.32 200.86
100.78 200.71
96.74 194.72
93.75 195.47
93.75 206.40
94.95 202.96
97.49 201.16
99.14 198.31
97.64 207.30
99.89 209.09
95.54 213.44
100.93 211.94
105.57 214.93
110.22 211.94
110.51 207.45
110.07 218.53
100.19 217.93
97.19 221.07
104.08 221.67
106.62 218.97
104.98 224.06
106.77 227.21
89.71 224.36
88.81 165.68
84.17 165.08
79.23 169.12
85.51 166.88
91.35 167.77
76.38 169.42
82.22 173.76
88.21 170.62
82.07 182.89
74.59 177.65
74.14 167.77
70.39 166.73
65.45 167.18
62.46 171.97
60.51 167.77
78.48 186.19
80.57 190.53
89.41 204.68
85.06 195.54
87.76 194.72
90.90 193.82
87.68 190.01
76.08 192.63
79.60 198.84
75.03 196.67
79.23 201.38
84.47 199.81
89.18 200.04
80.65 209.39
84.69 206.92
82.67 212.31
86.26 214.48
72.79 205.80
71.37 200.86
68.22 197.49
65.60 195.62
63.36 195.32
66.43 192.93
69.72 191.43
74.29 190.16
71.22 188.73
67.17 188.88
64.18 193.60
62.38 189.63
61.56 191.95
61.11 193.82
59.39 192.40
57.97 196.37
61.64 202.06
59.91 202.73
59.17 204.83
56.32 200.26
54.45 200.41
53.25 203.11
55.65 203.48
56.92 207.90
53.85 211.64
62.68 212.61
58.42 215.38
53.25 216.20
60.51 220.25
68.52 213.66
68.82 207.97
65.08 208.57
66.13 204.53
67.17 198.99
61.71 183.04
55.87 183.49
57.22 180.20
56.32 177.06
57.07 171.22
53.03 167.33
55.87 167.03
47.19 170.17
44.79 166.58
40.60 170.92
37.01 166.58
33.71 169.12
32.52 171.52
29.97 167.77
26.98 168.67
22.79 167.33
31.92 183.94
45.24 180.20
47.04 186.19
51.23 190.08
51.08 196.22
46.14 194.42
46.29 190.98
37.91 195.47
35.66 192.03
36.71 188.28
8.56 173.76
12.61 170.24
15.53 168.37
9.01 167.10
16.95 172.94
13.13 177.95
14.25 189.03
19.34 187.31
18.07 191.43
20.99 191.95
22.64 189.18
26.08 189.71
26.38 191.50
29.15 191.50
32.59 189.33
24.96 197.72
26.15 194.20
29.45 196.22
33.12 199.14
38.73 200.19
42.40 200.71
46.37 199.06
0.33 202.21
23.09 199.06
133.27 170.92
131.92 167.77
134.32 165.68
139.56 168.52
144.35 167.47
149.14 168.07
152.88 165.83
159.62 166.13
163.36 164.03
174.89 168.52
176.99 167.77
180.28 169.42
184.32 170.02
184.02 163.88
188.36 169.57
192.11 167.47
190.31 166.28
195.55 167.03
197.94 162.53
199.14 166.13
204.38 169.87
210.67 169.12
204.53 172.27
195.70 173.31
185.07 172.56
184.92 179.90
193.75 181.70
203.78 181.10
211.27 185.59
209.17 181.55
205.88 186.19
194.80 187.39
189.86 189.18
190.91 186.79
187.61 190.23
182.08 185.89
178.33 182.00
159.02 170.92
135.07 176.31
139.86 172.42
143.15 177.65
148.24 182.60
160.82 183.79
152.13 187.69
149.89 189.33
145.70 189.63
140.91 188.88
132.07 188.88
156.77 186.79
156.77 190.53
161.42 192.03
167.55 193.37
170.40 190.23
176.54 193.37
180.28 188.88
181.48 194.42
180.88 197.72
187.02 198.91
187.02 197.27
187.76 194.87
196.15 191.73
132.82 201.16
140.31 199.36
146.15 196.52
153.93 194.42
155.88 196.22
160.07 196.22
162.31 199.36
169.95 205.95
136.56 224.81
149.14 224.81
154.38 218.82
149.74 215.83
152.58 213.29
154.98 209.54
160.22 208.64
157.37 203.85
157.97 202.51
147.19 203.55
143.00 203.85
151.09 195.17
143.00 215.38
135.22 212.39
137.46 206.25
131.02 206.10
140.61 204.15
145.40 210.14
156.62 213.29
160.22 211.94
161.86 221.97
167.55 221.97
174.59 221.97
168.15 226.16
185.52 221.22
191.81 219.12
198.39 223.32
200.79 218.53
204.68 223.02
213.21 219.57
207.68 215.08
211.57 208.05
203.63 205.05
197.20 211.34
192.40 212.24
185.82 215.38
185.67 211.79
187.91 207.00
194.80 206.70
193.15 202.96
195.85 197.27
191.51 194.87
204.83 193.07
206.63 191.58
207.53 177.65
205.73 203.25
208.27 200.41
208.57 196.22
184.17 202.81
181.63 205.35
247.50 120.17
249.74 120.92
258.28 121.51
239.86 136.04
250.19 135.14
246.90 143.52
247.35 138.88
259.47 137.83
262.17 138.88
267.26 139.93
265.01 137.68
265.61 135.14
263.07 131.25
268.76 137.83
273.25 136.04
277.44 139.63
281.18 140.23
286.57 143.97
289.27 141.28
287.17 140.68
297.80 140.83
294.36 139.93
301.54 141.73
304.69 138.73
312.32 139.33
314.12 125.26
311.57 122.26
319.81 126.01
326.24 125.71
330.44 126.01
320.26 131.69
241.36 152.50
235.67 155.20
254.08 152.80
258.88 152.35
260.37 145.92
273.55 146.52
271.00 150.86
266.51 156.85
264.41 161.04
273.55 159.69
281.48 157.00
286.27 149.21
282.53 144.42
279.83 142.77
290.76 151.76
290.61 154.75
286.72 159.69
293.76 160.14
296.90 154.45
302.74 150.26
308.28 153.40
309.78 147.26
313.07 156.55
302.44 156.85
305.13 158.94
301.99 161.34
312.77 161.79
325.79 149.66
335.82 159.99
334.33 168.37
331.48 167.33
329.09 171.22
326.39 167.62
323.55 169.42
319.36 168.37
343.61 169.72
346.15 171.67
311.12 168.07
302.59 164.93
307.38 171.97
292.26 170.92
294.06 167.03
287.62 169.57
284.62 169.72
282.23 169.12
279.68 161.79
278.19 163.88
268.01 164.18
259.77 163.88
258.58 165.53
259.17 159.69
260.67 154.75
249.89 164.18
238.07 161.34
234.92 162.24
231.63 162.38
230.13 167.77
233.87 166.28
230.73 170.77
239.71 172.56
241.96 168.07
244.05 167.77
249.29 170.47
254.68 170.17
222.20 167.33
222.20 175.26
249.59 177.36
252.74 173.91
259.47 179.30
254.08 177.06
265.31 170.17
274.89 166.43
275.34 175.11
267.26 182.30
283.28 175.26
276.99 179.90
291.21 180.35
296.30 174.66
302.29 172.71
300.79 180.05
306.93 178.85
310.82 178.40
333.58 176.76
330.88 175.71
347.50 177.80
342.11 181.70
315.91 183.04
308.73 183.34
298.85 186.49
311.12 189.03
335.82 185.14
341.06 189.48
344.21 189.33
286.72 182.74
251.39 184.39
241.51 184.39
261.87 190.38
234.77 190.53
232.23 189.93
228.48 189.93
227.89 187.54
232.23 188.28
354.09 126.16
148.39 245.17
131.62 239.48
128.33 240.68
141.20 235.29
177.43 232.30
185.52 231.10
194.50 231.10
178.03 246.97
182.82 243.08
160.67 243.08
172.94 256.55
158.87 266.13
186.12 285.00
207.38 261.94
195.70 250.26
189.41 245.47
226.54 226.01
223.24 216.13
217.56 238.59
237.32 250.26
246.60 246.97
252.29 240.98
222.05 252.36
228.93 268.83
206.78 287.69
229.53 296.67
256.48 277.21
264.56 323.92
244.20 320.33
229.83 309.25
221.75 322.42
275.64 309.55
287.62 320.33
290.31 279.31
272.35 271.22
277.44 260.74
290.31 261.94
287.32 246.37
281.33 250.26
270.55 245.17
264.56 240.68
260.07 254.45
240.01 232.30
244.80 226.01
246.60 220.32
275.04 196.07
291.81 224.81
293.01 236.49
234.32 223.32
237.02 221.22
241.21 216.73
236.12 211.64
233.72 209.24
230.43 215.53
221.75 211.34
226.54 209.84
225.94 205.05
233.13 202.81
234.77 205.35
236.42 199.36
247.50 189.48
245.25 194.27
242.41 191.43
254.38 194.57
254.53 199.51
260.97 199.36
257.38 196.82
268.01 193.07
254.38 204.75
244.95 201.46
241.96 206.25
239.86 203.11
215.76 192.33
212.47 189.48
215.91 184.39
220.25 179.60
214.56 176.31
214.71 173.91
217.56 173.31
220.40 195.17
219.35 201.01
228.19 200.56
223.39 199.51
246.75 214.18
242.71 211.34
250.49 219.72
204.08 238.59
285.67 242.03
273.32 188.58
282.45 191.50
283.05 199.14
286.42 197.27
288.67 195.69
286.87 194.20
287.39 192.55
289.71 192.25
293.98 190.90
295.70 188.73
297.72 189.63
299.45 191.80
299.97 194.65
303.94 193.07
305.88 190.68
306.86 195.17
313.29 195.69
315.91 191.35
321.75 200.19
312.55 198.76
308.20 203.48
308.73 207.15
313.37 207.52
312.40 203.03
317.86 205.20
317.49 209.24
319.06 210.89
321.08 214.86
316.06 216.88
309.93 216.50
305.66 213.21
305.06 216.73
300.19 214.63
298.85 206.17
302.66 202.28
301.84 199.29
297.50 198.02
293.76 198.46
293.46 194.12
284.33 205.58
286.27 200.19
284.25 201.76
330.66 225.56
331.26 214.26
334.25 211.86
336.35 209.39
332.76 207.30
326.32 208.87
333.20 202.13
331.33 199.89
330.06 197.79
328.94 196.59
328.26 198.46
332.38 196.22
334.70 193.82
338.29 195.54
341.66 194.42
338.59 200.26
336.05 198.61
336.95 201.98
343.31 202.88
344.58 200.26
343.61 194.35
355.74 193.97
355.89 196.74
355.29 198.31
354.91 200.64
350.50 202.73
349.07 213.36
345.26 208.57
342.79 213.21
339.94 214.63
337.40 216.88
336.57 213.21
340.62 219.87
347.95 218.30
348.85 219.72
351.69 220.85
352.52 225.64
345.41 225.94
360.15 221.97
357.98 217.40
369.58 223.84
376.25 223.69
372.50 220.02
364.87 213.73
361.87 210.96
364.19 206.32
357.46 208.57
357.31 202.73
360.53 202.28
358.36 200.93
358.51 198.99
363.82 198.02
362.32 194.50
359.85 195.69
367.64 194.35
372.05 194.20
374.45 195.77
381.71 194.87
378.79 193.60
378.42 196.82
378.34 200.04
372.65 204.08
372.80 200.41
375.50 199.44
369.81 196.89
365.24 200.64
379.09 208.87
381.86 206.32
382.98 226.98
349.60 170.32
352.44 170.92
359.63 170.92
359.33 174.21
357.08 177.51
349.00 186.04
357.53 184.69
386.73 176.61
398.25 172.27
395.71 171.07
386.35 185.74
379.09 191.13
362.10 191.50
364.72 190.08
356.26 190.90
358.51 191.05
355.29 193.15
350.50 192.10
348.18 194.42
349.15 190.60
347.80 189.93
390.39 182.60
400.20 179.83
408.73 176.16
412.03 175.86
417.94 176.98
427.75 176.01
432.99 174.74
438.67 176.98
431.04 179.60
419.14 179.98
410.83 182.15
408.13 187.98
418.69 185.22
426.70 190.38
429.84 193.90
438.45 191.65
438.60 195.92
435.60 195.47
436.73 198.09
435.08 203.11
430.89 199.21
425.57 197.87
424.38 192.33
421.76 198.46
416.29 190.38
415.32 197.34
413.22 192.10
408.88 197.42
409.26 193.67
410.75 191.20
403.49 195.84
402.59 191.05
390.69 187.16
394.81 187.84
390.09 196.82
394.06 196.67
397.80 194.80
399.15 198.99
393.69 201.38
395.86 203.78
397.35 201.83
389.49 203.25
402.97 206.40
401.77 203.63
409.03 204.15
411.35 200.56
414.05 203.48
421.08 205.50
422.80 202.21
425.87 204.68
374.60 183.49
345.71 326.02
309.18 318.83
324.15 313.44
337.32 302.66
327.74 281.70
327.74 269.13
309.78 271.52
309.78 258.35
311.57 246.97
322.35 235.59
316.36 227.81
304.39 230.80
316.36 222.42
304.99 220.62
392.71 338.59
389.12 307.15
369.36 314.34
359.78 324.22
355.29 295.18
361.28 269.73
358.28 276.31
373.85 262.24
367.26 264.64
365.77 253.26
356.78 246.67
348.40 246.37
346.00 259.25
336.42 250.86
328.64 255.95
355.59 241.28
361.87 234.39
348.70 236.19
389.42 249.07
376.25 237.39
392.11 226.91
415.77 249.96
409.48 237.69
471.61 245.17
446.91 167.77
454.84 166.58
458.59 167.77
452.75 178.70
451.10 183.64
442.42 184.84
460.83 183.04
468.47 182.74
444.96 199.81
447.51 195.92
453.05 192.78
453.49 196.22
451.25 192.48
457.39 194.12
459.63 211.34
464.12 207.97
465.02 205.28
469.36 204.23
471.68 209.09
463.68 217.78
464.20 220.55
468.62 216.73
465.47 232.07
377.74 214.48
384.63 214.18
392.71 214.18
391.22 208.34
398.40 208.79
402.59 212.69
399.60 213.88
400.50 216.28
396.01 219.72
404.99 221.82
410.53 214.93
408.58 210.44
419.66 215.68
433.58 233.05
443.46 224.66
444.36 234.99
456.94 233.94
459.48 229.75
462.18 225.71
430.29 266.73
