13.38 421.45
31.34 346.00
136.74 437.02
87.63 428.64
166.68 381.93
199.02 353.18
127.16 326.84
240.93 391.51
266.09 320.85
222.97 323.24
298.42 332.82
358.31 409.47
428.97 379.53
468.49 403.49
19.07 300.47
0.35 183.12
8.14 184.31
16.37 181.32
13.98 181.02
17.42 185.81
25.95 177.28
27.30 179.97
30.60 179.97
34.04 178.77
37.63 178.18
42.42 178.77
47.51 178.92
50.21 177.73
41.67 184.01
40.48 180.57
33.29 184.76
38.53 192.40
18.47 190.00
13.68 194.64
9.94 188.65
6.64 245.54
7.24 231.17
2.90 227.73
4.10 221.59
9.04 215.00
7.69 217.25
0.95 214.55
1.25 208.72
0.20 204.52
0.06 198.24
3.50 198.98
4.10 205.57
7.24 203.93
9.34 200.33
13.53 202.58
14.58 209.76
8.74 209.91
19.52 246.44
29.25 245.84
24.76 237.91
29.25 230.57
20.57 231.92
12.78 225.78
20.42 222.94
17.72 215.30
27.60 214.85
29.10 209.46
25.06 208.27
19.52 207.07
15.03 204.52
21.31 199.43
24.91 198.39
24.91 193.89
22.96 203.48
25.66 201.98
27.75 206.17
29.25 203.63
25.36 203.93
39.58 246.44
40.48 232.82
43.02 228.93
44.22 226.08
37.93 224.29
38.38 220.39
42.87 218.00
32.84 212.91
36.58 211.71
42.42 211.71
34.94 208.27
35.54 203.93
38.38 205.27
32.99 201.08
36.43 201.53
37.18 201.38
40.63 200.93
45.87 201.83
47.81 199.28
49.16 203.63
47.81 207.37
43.02 203.48
47.81 213.81
45.27 215.30
47.06 220.09
49.16 222.94
48.71 242.10
48.11 235.51
34.34 259.17
44.52 251.38
49.31 260.36
64.28 257.97
70.27 273.54
71.47 265.75
38.53 280.73
64.28 295.70
100.21 311.27
136.14 299.89
109.79 290.91
125.36 283.72
101.41 268.15
128.35 263.36
85.24 268.15
101.41 247.19
119.97 246.59
146.32 263.96
157.70 277.73
170.87 269.35
157.10 251.38
182.85 315.46
169.08 298.69
154.10 299.29
147.52 289.11
193.63 290.91
197.22 268.15
207.40 279.53
221.77 263.36
205.60 257.97
198.42 249.59
184.64 254.98
213.99 251.38
222.37 244.80
236.14 257.37
247.52 269.35
229.56 295.10
251.71 289.11
264.89 290.31
246.32 322.64
12.48 267.85
7.99 262.16
49.31 264.86
74.76 253.78
81.95 260.07
102.60 255.27
47.66 231.62
56.49 228.48
62.48 223.24
54.85 218.15
53.80 213.81
55.60 222.34
72.81 228.03
76.56 224.88
81.05 226.68
57.99 207.22
58.74 213.96
56.79 210.96
54.55 202.28
50.81 201.23
58.44 194.64
55.75 187.31
51.11 188.80
64.73 184.16
59.64 168.74
65.18 171.89
70.57 170.69
74.01 172.64
77.00 173.09
75.36 175.93
69.37 177.73
74.61 184.61
78.35 177.88
80.90 179.52
86.14 178.47
81.20 182.37
81.80 186.11
74.91 189.85
69.52 193.15
72.06 196.74
71.47 199.88
67.27 199.88
68.77 203.33
64.88 207.52
68.32 213.51
71.32 213.21
75.36 212.91
70.87 207.67
69.37 219.05
80.15 212.76
83.29 208.57
81.80 205.12
77.75 200.48
81.80 200.18
88.38 203.03
90.48 190.90
82.24 189.25
90.48 182.37
91.38 176.83
97.51 182.52
98.26 188.80
95.12 193.00
105.30 195.69
104.85 201.23
100.51 201.53
96.77 199.88
92.42 211.41
89.58 209.61
87.19 207.52
85.24 203.03
94.82 205.57
97.37 207.97
101.26 209.02
82.99 220.09
86.74 218.00
84.19 213.51
93.47 215.00
93.17 219.49
94.52 225.93
103.50 228.78
97.66 218.00
105.90 215.90
103.65 209.61
105.75 176.68
110.24 177.73
119.52 178.77
116.68 176.68
116.08 180.42
114.13 180.57
118.62 188.51
101.41 184.46
109.64 197.79
109.64 201.38
107.55 203.33
116.08 203.63
119.52 209.61
115.93 209.02
112.49 207.52
110.69 210.66
112.34 210.36
116.68 215.45
119.37 220.24
110.84 221.89
110.54 225.93
118.32 230.87
110.84 232.37
87.04 248.39
89.73 243.90
91.53 238.21
64.58 235.21
79.55 231.32
74.16 246.59
77.75 236.11
105.60 237.31
134.04 234.02
135.84 224.73
144.22 231.32
145.12 238.51
144.82 248.69
139.13 245.69
153.21 238.51
182.55 278.63
179.85 269.65
141.83 279.83
88.23 296.89
38.83 295.70
31.64 295.70
244.38 225.03
243.78 209.76
243.78 205.87
242.58 193.89
243.18 179.07
243.18 175.63
239.74 179.22
237.34 177.73
233.60 178.47
231.50 177.73
234.50 183.56
245.28 182.97
236.29 190.30
234.35 199.73
239.74 205.57
241.23 203.03
237.19 206.47
233.30 208.27
241.68 217.70
242.88 214.85
235.25 218.30
230.90 216.95
230.16 212.76
231.20 225.03
236.89 225.93
238.39 228.63
235.69 237.61
241.98 237.46
233.45 242.70
229.11 235.36
228.21 176.68
226.11 172.64
223.27 177.13
219.53 176.68
218.18 180.27
213.69 180.42
212.34 177.43
209.35 177.13
210.54 185.81
220.42 185.06
226.26 180.87
222.97 181.17
218.93 194.19
225.07 198.24
222.82 195.54
224.02 191.05
213.39 199.28
209.05 194.04
208.15 199.88
210.24 200.48
216.53 201.08
221.92 204.67
219.98 207.22
226.56 207.22
225.66 212.16
226.41 209.61
221.32 211.86
215.78 211.71
211.74 205.72
208.75 206.47
208.75 217.40
209.95 213.96
212.49 212.16
214.14 209.31
212.64 218.30
214.89 220.09
210.54 224.44
215.93 222.94
220.57 225.93
225.22 222.94
225.51 218.45
225.07 229.53
215.19 228.93
212.19 232.07
219.08 232.67
221.62 229.97
219.98 235.06
221.77 238.21
204.71 235.36
203.81 176.68
199.17 176.08
194.23 180.12
200.51 177.88
206.35 178.77
191.38 180.42
197.22 184.76
203.21 181.62
197.07 193.89
189.59 188.65
189.14 178.77
185.39 177.73
180.45 178.18
177.46 182.97
175.51 178.77
193.48 197.19
195.57 201.53
204.41 215.68
200.06 206.54
202.76 205.72
205.90 204.82
202.68 201.01
191.08 203.63
194.60 209.84
190.03 207.67
194.23 212.38
199.47 210.81
204.18 211.04
195.65 220.39
199.69 217.92
197.67 223.31
201.26 225.48
187.79 216.80
186.37 211.86
183.22 208.49
180.60 206.62
178.36 206.32
181.43 203.93
184.72 202.43
189.29 201.16
186.22 199.73
182.17 199.88
179.18 204.60
177.38 200.63
176.56 202.95
176.11 204.82
174.39 203.40
172.97 207.37
176.64 213.06
174.91 213.73
174.17 215.83
171.32 211.26
169.45 211.41
168.25 214.11
170.65 214.48
171.92 218.90
168.85 222.64
177.68 223.61
173.42 226.38
168.25 227.20
175.51 231.25
183.52 224.66
183.82 218.97
180.08 219.57
181.13 215.53
182.17 209.99
176.71 194.04
170.87 194.49
172.22 191.20
171.32 188.06
172.07 182.22
168.03 178.33
170.87 178.03
162.19 181.17
159.79 177.58
155.60 181.92
152.01 177.58
148.71 180.12
147.52 182.52
144.97 178.77
141.98 179.67
137.79 178.33
146.92 194.94
160.24 191.20
162.04 197.19
166.23 201.08
166.08 207.22
161.14 205.42
161.29 201.98
152.91 206.47
150.66 203.03
151.71 199.28
123.56 184.76
127.61 181.24
130.53 179.37
124.01 178.10
131.95 183.94
128.13 188.95
129.25 200.03
134.34 198.31
133.07 202.43
135.99 202.95
137.64 200.18
141.08 200.71
141.38 202.50
144.15 202.50
147.59 200.33
139.96 208.72
141.15 205.20
144.45 207.22
148.12 210.14
153.73 211.19
157.40 211.71
161.37 210.06
115.33 213.21
138.09 210.06
248.27 181.92
246.92 178.77
249.32 176.68
254.56 179.52
259.35 178.47
264.14 179.07
267.88 176.83
274.62 177.13
278.36 175.03
289.89 179.52
291.99 178.77
295.28 180.42
299.32 181.02
299.02 174.88
303.36 180.57
307.11 178.47
305.31 177.28
310.55 178.03
312.94 173.53
314.14 177.13
319.38 180.87
325.67 180.12
319.53 183.27
310.70 184.31
300.07 183.56
299.92 190.90
308.75 192.70
318.78 192.10
326.27 196.59
324.17 192.55
320.88 197.19
309.80 198.39
304.86 200.18
305.91 197.79
302.61 201.23
297.08 196.89
293.33 193.00
274.02 181.92
250.07 187.31
254.86 183.42
258.15 188.65
263.24 193.60
275.82 194.79
267.13 198.69
264.89 200.33
260.70 200.63
255.91 199.88
247.07 199.88
271.77 197.79
271.77 201.53
276.42 203.03
282.55 204.37
285.40 201.23
291.54 204.37
295.28 199.88
296.48 205.42
295.88 208.72
302.02 209.91
302.02 208.27
302.76 205.87
311.15 202.73
247.82 212.16
255.31 210.36
261.15 207.52
268.93 205.42
270.88 207.22
275.07 207.22
277.31 210.36
284.95 216.95
251.56 235.81
264.14 235.81
269.38 229.82
264.74 226.83
267.58 224.29
269.98 220.54
275.22 219.64
272.37 214.85
272.97 213.51
262.19 214.55
258.00 214.85
266.09 206.17
258.00 226.38
250.22 223.39
252.46 217.25
246.02 217.10
255.61 215.15
260.40 221.14
271.62 224.29
275.22 222.94
276.86 232.97
282.55 232.97
289.59 232.97
283.15 237.16
300.52 232.22
306.81 230.12
313.39 234.32
315.79 229.53
319.68 234.02
328.21 230.57
322.68 226.08
326.57 219.05
318.63 216.05
312.20 222.34
307.40 223.24
300.82 226.38
300.67 222.79
302.91 218.00
309.80 217.70
308.15 213.96
310.85 208.27
306.51 205.87
319.83 204.07
321.63 202.58
322.53 188.65
320.73 214.25
323.27 211.41
323.57 207.22
299.17 213.81
296.63 216.35
362.50 131.17
364.74 131.92
373.28 132.51
354.86 147.04
365.19 146.14
361.90 154.52
362.35 149.88
374.47 148.83
377.17 149.88
382.26 150.93
380.01 148.68
380.61 146.14
378.07 142.25
383.76 148.83
388.25 147.04
392.44 150.63
396.18 151.23
401.57 154.97
404.27 152.28
402.17 151.68
412.80 151.83
409.36 150.93
416.54 152.73
419.69 149.73
427.32 150.33
429.12 136.26
426.57 133.26
434.81 137.01
441.24 136.71
445.44 137.01
435.26 142.69
356.36 163.50
350.67 166.20
369.08 163.80
373.88 163.35
375.37 156.92
388.55 157.52
386.00 161.86
381.51 167.85
379.41 172.04
388.55 170.69
396.48 168.00
401.27 160.21
397.53 155.42
394.83 153.77
405.76 162.76
405.61 165.75
401.72 170.69
408.76 171.14
411.90 165.45
417.74 161.26
423.28 164.40
424.78 158.26
428.07 167.55
417.44 167.85
420.13 169.94
416.99 172.34
427.77 172.79
440.79 160.66
450.82 170.99
449.33 179.37
446.48 178.33
444.09 182.22
441.39 178.62
438.55 180.42
434.36 179.37
458.61 180.72
461.15 182.67
426.12 179.07
417.59 175.93
422.38 182.97
407.26 181.92
409.06 178.03
402.62 180.57
399.62 180.72
397.23 180.12
394.68 172.79
393.19 174.88
383.01 175.18
374.77 174.88
373.58 176.53
374.17 170.69
375.67 165.75
364.89 175.18
353.07 172.34
349.92 173.24
346.63 173.38
345.13 178.77
348.87 177.28
345.73 181.77
354.71 183.56
356.96 179.07
359.05 178.77
364.29 181.47
369.68 181.17
337.20 178.33
337.20 186.26
364.59 188.36
367.74 184.91
374.47 190.30
369.08 188.06
380.31 181.17
389.89 177.43
390.34 186.11
382.26 193.30
398.28 186.26
391.99 190.90
406.21 191.35
411.30 185.66
417.29 183.71
415.79 191.05
421.93 189.85
425.82 189.40
448.58 187.76
445.88 186.71
462.50 188.80
457.11 192.70
430.91 194.04
423.73 194.34
413.85 197.49
426.12 200.03
450.82 196.14
456.06 200.48
459.21 200.33
401.72 193.74
366.39 195.39
356.51 195.39
376.87 201.38
349.77 201.53
347.23 200.93
343.48 200.93
342.89 198.54
347.23 199.28
469.09 137.16
263.39 256.17
246.62 250.48
243.33 251.68
256.20 246.29
292.43 243.30
300.52 242.10
309.50 242.10
293.03 257.97
297.82 254.08
275.67 254.08
287.94 267.55
273.87 277.13
301.12 296.00
322.38 272.94
310.70 261.26
304.41 256.47
341.54 237.01
338.24 227.13
332.56 249.59
352.32 261.26
361.60 257.97
367.29 251.98
337.05 263.36
343.93 279.83
321.78 298.69
344.53 307.67
371.48 288.21
379.56 334.92
359.20 331.33
344.83 320.25
336.75 333.42
390.64 320.55
402.62 331.33
405.31 290.31
387.35 282.22
392.44 271.74
405.31 272.94
402.32 257.37
396.33 261.26
385.55 256.17
379.56 251.68
375.07 265.45
355.01 243.30
359.80 237.01
361.60 231.32
390.04 207.07
406.81 235.81
408.01 247.49
349.32 234.32
352.02 232.22
356.21 227.73
351.12 222.64
348.72 220.24
345.43 226.53
336.75 222.34
341.54 220.84
340.94 216.05
348.13 213.81
349.77 216.35
351.42 210.36
362.50 200.48
360.25 205.27
357.41 202.43
369.38 205.57
369.53 210.51
375.97 210.36
372.38 207.82
383.01 204.07
369.38 215.75
359.95 212.46
356.96 217.25
354.86 214.11
330.76 203.33
327.47 200.48
330.91 195.39
335.25 190.60
329.56 187.31
329.71 184.91
332.56 184.31
335.40 206.17
334.35 212.01
343.19 211.56
338.39 210.51
361.75 225.18
357.71 222.34
365.49 230.72
319.08 249.59
400.67 253.03
388.32 199.58
397.45 202.50
398.05 210.14
401.42 208.27
403.67 206.69
401.87 205.20
402.39 203.55
404.71 203.25
408.98 201.90
410.70 199.73
412.72 200.63
414.45 202.80
414.97 205.65
418.94 204.07
420.88 201.68
421.86 206.17
428.29 206.69
430.91 202.35
436.75 211.19
427.55 209.76
423.20 214.48
423.73 218.15
428.37 218.52
427.40 214.03
432.86 216.20
432.49 220.24
434.06 221.89
436.08 225.86
431.06 227.88
424.93 227.50
420.66 224.21
420.06 227.73
415.19 225.63
413.85 217.17
417.66 213.28
416.84 210.29
412.50 209.02
408.76 209.46
408.46 205.12
399.33 216.58
401.27 211.19
399.25 212.76
445.66 236.56
446.26 225.26
449.25 222.86
451.35 220.39
447.76 218.30
441.32 219.87
448.20 213.13
446.33 210.89
445.06 208.79
443.94 207.59
443.26 209.46
447.38 207.22
449.70 204.82
453.29 206.54
456.66 205.42
453.59 211.26
451.05 209.61
451.95 212.98
458.31 213.88
459.58 211.26
458.61 205.35
470.74 204.97
470.89 207.74
470.29 209.31
469.91 211.64
465.50 213.73
464.07 224.36
460.26 219.57
457.79 224.21
454.94 225.63
452.40 227.88
451.57 224.21
455.62 230.87
462.95 229.30
463.85 230.72
466.69 231.85
467.52 236.64
460.41 236.94
464.60 181.32
467.44 181.92
464.00 197.04
471.26 201.90
470.29 204.15
465.50 203.10
463.18 205.42
464.15 201.60
462.80 200.93
460.71 337.02
424.18 329.83
439.15 324.44
452.32 313.66
442.74 292.70
442.74 280.13
424.78 282.52
424.78 269.35
426.57 257.97
437.35 246.59
431.36 238.81
419.39 241.80
431.36 233.42
419.99 231.62
470.29 306.18
471.78 257.67
463.40 257.37
461.00 270.25
451.42 261.86
443.64 266.95
470.59 252.28
463.70 247.19
