379.07 454.35
341.23 480.94
295.20 492.19
281.91 456.40
220.55 453.33
126.45 502.42
112.14 468.67
57.93 449.24
68.16 419.58
5.86 351.31
62.62 323.19
105.58 333.41
37.06 321.14
167.45 344.15
239.05 350.29
257.45 406.54
277.91 333.93
204.78 315.52
229.84 328.81
138.73 309.12
117.25 287.65
100.89 271.28
80.43 292.76
50.77 287.65
281.91 297.87
319.75 337.76
377.02 316.28
501.80 294.81
450.66 289.69
390.32 278.44
347.36 299.92
256.34 269.24
237.93 264.12
196.00 256.97
138.73 260.03
18.14 229.61
24.27 199.44
54.44 196.88
59.56 214.78
60.58 239.84
48.82 252.11
55.98 265.40
167.45 241.88
161.32 209.15
148.02 191.77
119.39 212.22
229.33 228.07
256.94 226.03
294.78 223.98
314.73 266.43
206.32 197.90
225.75 194.84
244.67 178.98
230.35 163.64
203.25 181.54
145.98 163.13
143.42 178.98
118.36 179.49
106.09 171.82
88.70 175.91
16.60 118.64
22.23 153.93
16.09 175.40
35.01 172.34
62.11 125.29
91.26 120.69
137.80 120.69
219.10 121.71
254.90 128.87
281.49 119.66
256.94 148.30
297.34 168.24
317.80 176.94
320.35 198.93
298.87 200.46
270.24 173.36
193.02 145.74
38.59 153.93
0.75 99.21
50.35 111.48
37.06 101.26
33.48 112.51
27.85 86.43
14.05 86.43
62.11 90.52
56.49 79.27
92.80 90.01
78.48 90.52
110.18 103.30
92.80 103.30
149.05 101.77
138.31 94.10
127.06 97.68
123.48 86.43
109.16 70.57
137.80 64.95
161.83 77.73
178.19 86.43
186.89 93.59
183.31 108.93
5.86 36.31
20.18 66.99
36.55 65.46
72.34 61.37
83.08 65.46
63.14 57.79
46.77 57.79
37.06 54.21
39.10 47.05
12.51 51.65
68.76 45.52
80.01 48.07
105.58 48.07
130.64 43.98
144.44 52.68
156.72 54.72
110.69 55.23
199.67 88.47
189.95 82.85
188.93 72.11
201.20 69.04
205.81 61.88
218.08 59.84
210.92 52.16
221.66 48.59
247.23 55.23
238.02 63.93
225.24 68.53
234.44 83.87
218.59 95.12
250.30 107.90
239.05 113.53
270.24 104.84
268.70 92.05
268.70 81.31
259.50 64.95
263.59 59.32
218.59 22.51
177.68 64.95
233.16 39.76
261.80 52.80
332.02 249.81
377.02 252.87
417.93 264.12
457.82 242.65
442.48 224.24
416.91 162.87
398.50 206.85
337.14 215.80
344.81 195.86
374.47 169.78
390.83 192.79
386.74 137.56
370.37 150.86
357.59 140.12
320.26 127.34
370.37 123.76
358.10 116.60
352.99 113.02
348.90 104.32
333.56 106.88
399.01 117.62
427.65 123.24
424.07 113.02
441.97 118.64
471.11 120.69
499.75 118.64
481.85 177.96
476.74 201.48
458.84 194.32
490.55 158.02
470.09 151.37
451.68 149.84
446.06 169.78
401.57 145.23
423.56 232.16
372.93 213.76
351.45 217.34
371.40 108.41
390.32 96.14
336.11 90.01
345.32 84.89
314.64 111.48
426.63 90.01
432.76 80.29
412.31 84.89
402.08 84.89
397.48 75.69
404.13 93.59
451.68 87.96
447.08 100.74
481.34 90.01
470.09 66.99
455.26 75.69
394.41 51.14
359.13 38.87
355.55 31.71
338.16 24.04
323.84 25.57
311.06 32.73
303.39 37.34
297.76 47.05
286.51 44.49
280.38 32.73
276.28 41.94
282.93 52.16
381.11 43.47
374.47 41.43
343.27 50.63
335.09 75.69
314.13 68.53
372.42 65.46
377.02 86.43
389.81 59.84
414.35 53.19
444.52 65.46
439.41 47.05
451.17 42.45
474.18 47.05
466.00 47.05
503.84 82.85
492.59 81.82
498.22 74.66
490.55 68.53
490.55 59.84
483.90 61.37
497.19 36.31
475.20 29.15
408.73 27.11
339.18 33.76
318.22 46.03
309.52 43.47
408.22 68.53
418.44 61.88
438.90 34.27
412.82 41.43
380.09 32.73
386.23 28.13
349.41 21.99
423.05 434.92
466.00 434.92
495.66 413.44
490.55 450.26
422.02 387.87
382.14 413.44
334.07 405.26
377.02 236.51
327.93 231.40
406.59 54.72
456.70 69.55
73.87 114.04
68.76 101.77
45.66 76.20
118.27 51.14
119.30 73.13
135.66 83.87
299.30 64.95
300.32 84.38
283.44 97.68
287.53 86.43
287.02 69.55
168.90 40.91
177.08 29.15
140.26 20.97
479.30 73.13
469.07 77.73
32.36 276.40
97.71 144.13
186.99 47.17
195.63 36.61
