231.86 484.03
274.82 472.78
281.98 434.94
502.89 465.62
440.50 447.22
409.82 459.49
375.05 465.62
355.61 494.26
319.82 454.37
106.07 453.35
68.23 479.94
22.20 491.19
8.91 455.40
4.91 332.93
8.91 296.87
46.75 336.76
104.02 315.28
233.91 361.31
332.09 351.08
354.59 397.10
413.91 396.08
473.23 401.19
449.70 370.51
502.89 346.99
287.09 270.28
228.80 293.81
177.66 288.69
117.32 277.44
74.36 298.92
21.78 222.98
41.73 265.43
8.49 118.66
24.34 167.24
44.80 175.94
47.35 197.93
25.87 199.46
59.02 248.81
104.02 251.87
144.93 263.12
184.82 241.65
169.48 223.24
143.91 161.87
125.50 205.85
64.14 214.80
71.81 194.86
101.47 168.78
117.83 191.79
113.74 136.56
97.37 149.86
84.59 139.12
47.26 126.34
97.37 122.76
85.10 115.60
79.99 112.02
75.90 103.32
60.56 105.88
126.01 116.62
154.65 122.24
151.07 112.02
168.97 117.64
198.11 119.69
226.75 117.64
256.41 117.64
277.37 130.43
289.14 171.34
278.91 165.71
275.33 182.07
266.12 168.78
268.68 204.06
286.58 218.38
299.36 244.97
233.91 229.12
208.85 176.96
203.74 200.48
185.84 193.32
217.55 157.02
197.09 150.37
178.68 148.84
173.06 168.78
128.57 144.23
258.97 247.02
150.56 231.16
99.93 212.76
78.45 216.34
245.16 144.49
98.40 107.41
117.32 95.14
63.11 89.01
72.32 83.89
41.64 110.48
153.63 89.01
159.76 79.29
139.31 83.89
129.08 83.89
124.48 74.69
131.13 92.59
178.68 86.96
174.08 99.74
208.34 89.01
197.09 65.99
182.26 74.69
121.41 50.14
86.13 37.87
82.55 30.71
65.16 23.04
50.84 24.57
38.06 31.73
30.39 36.34
24.76 46.05
13.51 43.49
7.38 31.73
3.28 40.94
9.93 51.16
108.11 42.47
101.47 40.43
70.27 49.63
62.09 74.69
41.13 67.53
99.42 64.46
104.02 85.43
116.81 58.84
141.35 52.19
171.52 64.46
166.41 46.05
178.17 41.45
201.18 46.05
193.00 46.05
257.94 98.72
231.35 90.54
230.84 81.85
219.59 80.82
225.22 73.66
217.55 67.53
217.55 58.84
210.90 60.37
254.88 78.27
244.14 69.57
275.33 66.51
257.94 54.23
265.10 41.45
275.33 56.79
274.82 47.07
302.94 82.87
300.90 71.11
300.90 63.95
311.64 58.84
318.28 63.95
330.56 59.35
350.50 56.79
312.15 91.56
328.51 79.29
337.72 86.96
347.43 89.01
270.22 89.52
286.07 84.40
276.35 78.78
224.19 35.31
202.20 28.15
233.91 43.49
135.73 26.11
66.18 32.76
45.22 45.03
36.52 42.47
135.22 67.53
145.44 60.88
345.39 39.40
241.07 56.79
336.69 48.10
317.77 36.34
304.48 37.87
310.61 32.76
298.85 30.20
293.74 21.51
165.90 33.27
139.82 40.43
107.09 31.73
113.23 27.13
76.41 20.99
296.04 121.86
317.52 123.91
332.35 121.61
335.41 138.99
335.93 166.09
344.36 188.85
371.98 185.27
365.84 136.43
288.88 106.26
274.82 110.10
387.06 129.79
360.64 103.84
341.72 107.93
367.28 83.89
396.43 91.56
386.72 86.96
407.68 105.37
422.00 112.53
407.68 130.43
427.62 134.01
374.44 68.04
427.62 75.71
435.81 83.89
446.55 92.59
425.07 97.19
427.11 87.98
397.45 76.22
411.77 66.51
404.61 60.37
450.64 76.22
440.41 69.57
438.36 62.41
471.60 76.22
484.90 90.03
495.12 79.80
486.94 78.27
501.26 103.84
464.44 93.10
473.65 105.37
459.84 126.85
444.50 114.57
434.78 119.69
448.08 163.15
418.42 171.85
398.99 153.95
404.61 183.61
404.10 199.46
372.40 210.20
356.55 226.56
348.87 250.60
308.48 234.74
373.93 250.09
401.03 260.82
416.37 243.95
431.20 250.09
456.77 247.02
440.41 235.77
440.92 210.71
480.81 193.32
459.33 209.69
496.15 128.89
486.94 171.85
397.97 132.47
388.76 43.88
361.15 42.86
389.36 349.03
150.05 433.92
193.00 433.92
222.66 412.44
217.55 449.26
149.02 386.87
109.14 412.44
61.07 404.26
104.02 235.51
54.93 230.40
494.10 56.79
483.36 60.37
447.06 53.21
447.57 39.91
490.01 22.53
489.50 35.31
496.66 17.41
397.45 14.35
417.91 22.53
290.07 37.36
366.77 26.11
361.15 26.11
361.66 31.73
374.95 16.39
133.59 53.72
183.70 68.55
26.30 63.95
27.32 83.38
10.44 96.68
14.53 85.43
14.02 68.55
206.30 72.13
196.07 76.73
282.49 73.15
319.82 408.35
417.10 83.25
420.16 78.91
368.09 116.25
381.53 111.45
