200.80 495.90
338.86 457.03
381.82 445.78
388.98 407.94
482.05 438.62
462.61 467.26
426.82 427.37
255.00 486.69
213.07 426.35
175.23 452.94
129.20 464.19
115.91 428.40
54.55 425.33
30.00 478.51
1.45 316.15
73.05 322.29
91.45 378.54
111.91 305.93
38.78 287.52
63.84 300.81
115.91 269.87
153.75 309.76
211.02 288.28
340.91 334.31
439.09 324.08
461.59 370.10
394.09 243.28
335.80 266.81
284.66 261.69
224.32 250.44
181.36 271.92
90.34 241.24
71.93 236.12
30.00 228.97
1.45 213.88
63.33 200.07
90.94 198.03
128.78 195.98
148.73 238.43
40.32 169.90
59.75 166.84
78.67 150.98
64.35 135.64
37.25 153.54
53.10 93.71
88.90 100.87
115.49 91.66
90.94 120.30
131.34 140.24
151.80 148.94
154.35 170.93
132.87 172.46
104.24 145.36
27.02 117.74
12.19 58.43
20.89 65.59
17.31 80.93
33.67 60.47
23.95 54.85
22.93 44.11
35.20 41.04
39.81 33.88
52.08 31.84
44.92 24.16
55.66 20.59
81.23 27.23
72.02 35.93
59.24 40.53
68.44 55.87
52.59 67.12
84.30 79.90
73.05 85.53
104.24 76.84
102.70 64.05
102.70 53.31
93.50 36.95
97.59 31.32
11.68 36.95
67.16 11.76
95.80 24.80
166.02 221.81
211.02 224.87
251.93 236.12
291.82 214.65
276.48 196.24
250.91 134.87
232.50 178.85
171.14 187.80
178.81 167.86
208.47 141.78
224.83 164.79
220.74 109.56
204.37 122.86
191.59 112.12
154.26 99.34
204.37 95.76
192.10 88.60
186.99 85.02
182.90 76.32
167.56 78.88
233.01 89.62
261.65 95.24
258.07 85.02
275.97 90.64
305.11 92.69
333.75 90.64
363.41 90.64
384.37 103.43
396.14 144.34
385.91 138.71
382.33 155.07
373.12 141.78
375.68 177.06
393.58 191.38
406.36 217.97
340.91 202.12
315.85 149.96
310.74 173.48
292.84 166.32
324.55 130.02
304.09 123.37
285.68 121.84
280.06 141.78
235.57 117.23
365.97 220.02
257.56 204.16
206.93 185.76
185.45 189.34
352.16 117.49
205.40 80.41
224.32 68.14
170.11 62.01
179.32 56.89
148.64 83.48
260.63 62.01
266.76 52.29
246.31 56.89
236.08 56.89
231.48 47.69
238.13 65.59
285.68 59.96
281.08 72.74
315.34 62.01
304.09 38.99
289.26 47.69
228.41 23.14
193.13 10.87
189.55 3.71
145.06 4.73
137.39 9.34
131.76 19.05
120.51 16.49
114.38 4.73
110.28 13.94
116.93 24.16
215.11 15.47
208.47 13.43
177.27 22.63
169.09 47.69
148.13 40.53
206.42 37.46
211.02 58.43
223.81 31.84
248.35 25.19
278.52 37.46
273.41 19.05
285.17 14.45
308.18 19.05
300.00 19.05
364.94 71.72
338.35 63.54
337.84 54.85
326.59 53.82
332.22 46.66
324.55 40.53
324.55 31.84
317.90 33.37
361.88 51.27
351.14 42.57
382.33 39.51
364.94 27.23
372.10 14.45
382.33 29.79
381.82 20.07
409.94 55.87
407.90 44.11
407.90 36.95
418.64 31.84
425.28 36.95
437.56 32.35
457.50 29.79
419.15 64.56
435.51 52.29
444.72 59.96
454.43 62.01
377.22 62.52
393.07 57.40
383.35 51.78
331.19 8.31
309.20 1.15
340.91 16.49
173.18 5.76
152.22 18.03
143.52 15.47
242.22 40.53
252.44 33.88
452.39 12.40
348.07 29.79
443.69 21.10
424.77 9.34
411.48 10.87
417.61 5.76
405.85 3.20
272.90 6.27
246.82 13.43
214.09 4.73
220.23 0.13
403.04 94.86
424.52 96.91
439.35 94.61
442.41 111.99
442.93 139.09
451.36 161.85
478.98 158.27
472.84 109.43
395.88 79.26
381.82 83.10
494.06 102.79
467.64 76.84
448.72 80.93
474.28 56.89
503.43 64.56
493.72 59.96
481.44 41.04
479.40 183.20
463.55 199.56
455.87 223.60
415.48 207.74
480.93 223.09
495.76 16.88
468.15 15.86
496.36 322.03
257.05 406.92
300.00 406.92
329.66 385.44
324.55 422.26
256.02 359.87
216.14 385.44
168.07 377.26
211.02 208.51
161.93 203.40
397.07 10.36
468.66 4.73
240.59 26.72
290.70 41.55
133.30 36.95
134.32 56.38
117.44 69.68
121.53 58.43
121.02 41.55
2.90 12.91
11.08 1.15
313.30 45.13
303.07 49.73
389.49 46.15
426.82 381.35
475.09 89.25
488.53 84.45
20.99 19.17
29.63 8.61
