2.20 25.49
0.10 34.72
5.98 7.03
17.30 5.35
19.40 28.85
11.01 21.72
25.28 15.84
30.73 30.11
11.85 40.18
9.33 61.16
18.56 54.44
9.75 49.41
4.72 74.16
20.24 71.65
13.53 91.37
23.18 89.69
20.24 103.12
7.23 121.58
23.60 136.26
37.86 140.46
53.81 144.23
67.65 127.03
50.03 115.70
38.70 114.02
43.32 103.53
42.06 85.49
31.15 106.05
65.56 100.18
93.67 123.67
82.34 139.20
92.83 110.25
82.76 101.44
81.08 85.91
68.91 83.81
54.23 70.81
47.93 65.77
43.74 59.48
24.02 40.60
40.38 38.92
51.29 48.15
60.52 43.53
51.29 27.59
50.87 16.68
51.71 0.32
25.28 4.09
60.10 9.97
75.21 7.87
89.89 9.55
132.27 11.23
121.78 9.13
111.71 13.74
116.33 7.87
109.19 2.00
97.44 7.87
84.02 30.53
105.00 34.72
98.70 34.72
118.00 22.56
125.98 26.75
138.98 25.49
143.18 37.24
132.69 35.98
103.74 17.10
68.91 30.11
65.98 19.62
58.84 25.49
72.69 37.66
86.12 50.67
76.88 52.77
68.07 59.90
66.40 69.97
76.88 67.87
86.12 62.42
88.21 72.07
94.93 92.21
94.51 81.72
105.84 116.12
112.55 97.24
121.36 100.18
121.36 131.23
117.16 123.67
142.76 132.49
133.11 129.55
137.72 48.15
133.11 63.26
124.30 72.07
110.87 64.09
114.65 51.93
107.09 46.89
97.02 52.35
125.56 50.67
143.60 72.07
135.21 78.78
136.05 91.37
93.67 22.56
12.69 119.48
131.01 103.53
