11.20 48.49
9.10 57.72
14.98 30.03
26.30 28.35
28.40 51.85
20.01 44.72
34.28 38.84
39.73 53.11
20.85 63.18
7.84 76.60
18.33 84.16
27.56 77.44
18.75 72.41
7.42 90.87
13.72 97.16
29.24 94.65
5.33 113.53
22.53 114.37
32.18 112.69
29.24 126.12
6.16 137.02
16.23 144.58
7.42 161.36
32.60 159.26
21.27 168.91
8.26 174.79
46.86 163.46
62.81 167.23
75.40 172.27
76.65 150.03
59.03 138.70
47.70 137.02
52.32 126.53
51.06 108.49
40.15 129.05
74.56 123.18
97.63 169.33
102.67 146.67
112.74 169.33
91.34 162.20
101.83 133.25
91.76 124.44
90.08 108.91
77.91 106.81
63.23 93.81
56.93 88.77
52.74 82.48
33.02 63.60
49.38 61.92
60.29 71.15
69.52 66.53
60.29 50.59
59.87 39.68
71.62 22.06
63.23 11.15
82.95 11.57
60.71 23.32
34.28 27.09
69.10 32.97
84.21 30.87
98.89 32.55
101.83 19.96
101.83 5.70
117.35 3.18
131.62 19.12
149.66 19.12
150.08 6.12
157.21 9.47
162.67 19.12
171.90 11.99
183.65 6.53
206.72 4.44
201.69 11.99
201.69 22.06
181.97 16.60
174.84 22.06
169.38 29.61
165.60 35.91
159.73 40.10
141.27 34.23
130.78 32.13
120.71 36.74
125.33 30.87
118.19 25.00
106.44 30.87
93.02 53.53
114.00 57.72
107.70 57.72
127.00 45.56
134.98 49.75
147.98 48.49
155.53 45.98
161.41 57.72
152.18 60.24
141.69 58.98
112.74 40.10
77.91 53.11
74.98 42.62
67.84 48.49
81.69 60.66
95.12 73.67
85.88 75.77
77.07 82.90
75.40 92.97
85.88 90.87
95.12 85.42
97.21 95.07
103.93 115.21
103.51 104.72
114.84 139.12
121.55 120.24
130.36 123.18
130.36 154.23
126.16 146.67
136.65 170.17
151.76 155.49
142.11 152.55
154.28 142.90
163.09 151.29
169.80 163.04
176.93 172.69
190.36 170.17
191.62 160.52
176.93 148.35
196.65 143.74
212.18 152.97
222.25 175.21
232.32 155.49
247.00 154.23
257.07 177.72
237.35 170.17
283.93 150.45
289.38 168.07
275.53 141.64
277.63 128.21
215.95 30.87
228.96 30.87
228.12 22.06
219.73 12.41
241.13 13.67
228.12 11.99
252.46 28.35
237.35 27.93
246.58 37.16
239.45 47.23
245.74 60.66
189.52 27.09
186.16 40.94
178.19 44.72
190.78 44.30
205.47 37.16
183.23 54.79
173.16 58.14
158.89 69.47
146.72 71.15
142.11 86.26
133.30 95.07
119.87 87.09
123.65 74.93
116.09 69.89
106.02 75.35
134.56 73.67
152.60 95.07
144.21 101.78
145.05 114.37
160.57 97.16
171.90 82.06
171.48 70.73
102.67 45.56
21.69 142.48
140.01 126.53
154.70 123.60
161.83 116.47
171.48 98.84
212.18 14.09
219.73 46.40
210.92 45.98
254.14 46.40
260.01 35.07
263.37 54.37
263.37 74.09
253.30 82.90
238.19 68.21
238.19 75.35
240.29 90.87
231.90 84.16
219.31 71.15
215.12 60.66
218.89 54.37
197.07 77.02
189.52 81.22
187.84 67.79
193.72 61.92
178.61 96.74
195.40 96.74
199.59 87.93
207.56 91.71
215.95 90.87
236.09 99.68
228.54 101.78
214.28 111.85
206.30 109.75
185.33 115.21
172.74 123.18
197.91 131.99
209.66 135.77
222.25 131.99
228.12 118.56
241.13 120.24
249.94 133.25
259.17 133.25
250.78 107.65
249.52 95.07
259.17 99.68
262.95 90.87
270.08 90.03
274.28 77.02
280.99 64.02
273.86 64.02
274.70 45.56
270.92 35.91
264.63 17.86
256.65 19.96
257.49 6.53
263.79 5.70
231.06 4.44
285.60 4.44
271.76 4.86
293.58 13.67
291.90 5.28
306.58 7.37
316.65 4.44
308.68 16.60
301.13 18.28
290.64 28.35
288.54 20.80
281.83 38.42
295.67 38.84
285.60 51.85
301.13 46.40
305.33 34.65
308.68 28.35
321.69 16.60
323.37 5.28
330.92 11.57
338.47 9.05
339.73 2.34
355.26 9.47
366.58 10.73
381.27 13.25
374.98 4.44
387.98 10.31
397.21 16.19
410.22 7.37
407.28 17.02
416.93 11.57
404.35 25.84
363.23 17.86
335.95 17.02
343.09 27.93
342.67 22.06
334.28 31.71
324.21 32.13
315.81 31.29
317.91 42.62
342.67 42.62
335.12 54.79
324.21 60.24
314.56 56.05
318.75 69.89
326.30 72.41
313.72 82.90
319.17 98.84
291.90 70.73
289.38 79.12
284.35 87.93
290.64 94.23
296.93 82.06
299.03 111.43
289.80 109.33
287.28 124.44
294.42 125.28
307.84 123.18
297.77 130.31
299.03 135.77
288.96 138.28
299.03 150.45
310.36 133.25
320.01 150.87
322.95 165.14
331.34 152.55
365.33 160.10
357.77 152.97
374.14 152.55
382.53 150.03
389.24 176.88
372.88 179.40
345.19 175.21
333.86 168.91
334.70 131.15
348.96 117.30
344.35 109.33
342.67 99.68
347.28 90.87
348.12 84.16
337.63 79.96
328.82 98.00
326.72 88.77
305.33 88.35
356.51 102.62
376.23 106.81
383.37 117.72
376.23 137.02
368.68 139.12
394.28 139.12
413.16 168.91
418.19 146.67
406.44 120.24
389.24 105.98
403.51 109.75
417.77 95.91
416.51 79.54
415.26 66.95
401.41 69.05
396.79 63.60
388.82 66.95
380.43 82.90
390.08 91.71
371.62 72.41
362.81 66.53
348.96 75.35
343.09 66.53
351.48 53.11
354.84 46.40
354.84 39.68
362.81 32.55
369.10 30.03
384.63 23.74
380.85 32.13
395.53 30.87
392.60 19.96
385.88 40.52
379.59 49.75
373.30 59.40
404.35 40.94
400.15 54.79
390.92 49.75
385.88 60.66
23.79 12.41
5.33 35.91
413.16 37.58
417.77 111.43
275.53 24.16
244.49 22.90
