128.62 539.30
88.00 542.68
68.82 525.76
37.22 516.73
20.30 534.78
24.81 503.19
124.11 496.42
82.36 495.29
60.92 489.65
71.07 464.82
99.28 470.47
147.80 503.19
217.76 532.53
201.96 531.40
200.84 504.32
168.11 486.26
137.65 468.21
128.62 454.67
116.21 455.80
116.21 485.13
86.87 446.77
9.01 463.69
43.99 449.03
29.32 425.33
19.17 426.46
10.14 443.38
51.89 414.05
89.13 423.07
106.05 438.87
152.32 455.80
168.11 449.03
160.21 433.23
148.93 430.97
125.23 420.82
136.52 420.82
148.93 412.92
239.20 530.27
260.64 524.63
343.01 540.42
282.08 453.54
280.95 489.65
260.64 502.06
232.43 482.88
213.25 485.13
191.81 471.59
196.32 491.90
180.53 453.54
192.94 455.80
200.84 440.00
205.35 450.15
199.71 426.46
250.48 425.33
315.93 520.11
332.86 503.19
346.40 465.95
388.15 462.57
425.38 513.34
362.19 446.77
451.34 521.24
472.77 514.47
516.78 523.50
507.75 518.99
490.83 482.88
531.45 481.75
537.09 444.51
442.31 484.01
416.36 497.55
460.36 463.69
478.42 472.72
479.54 447.90
513.40 467.08
500.98 435.49
516.78 433.23
393.79 433.23
446.82 435.49
433.28 419.69
402.82 418.56
444.56 407.28
419.74 417.43
374.61 417.43
354.29 426.46
330.60 437.74
339.63 419.69
317.06 433.23
277.57 437.74
245.97 445.64
294.49 428.72
30.03 401.63
37.36 390.91
46.39 387.53
25.51 377.94
8.02 381.32
9.72 372.86
2.38 367.78
8.59 354.81
18.74 348.04
33.41 360.45
23.82 368.35
15.92 367.78
36.23 382.45
57.11 373.42
50.34 370.60
71.78 377.94
74.03 406.71
77.98 395.43
55.42 395.99
65.01 386.97
58.80 388.09
92.65 393.74
90.40 377.94
107.89 404.46
112.96 416.30
119.73 398.81
134.97 401.63
158.66 397.12
155.28 383.58
140.04 383.58
128.76 379.07
115.78 383.58
113.53 373.42
121.43 360.45
102.24 386.40
171.64 415.17
186.87 407.28
178.97 390.35
165.43 381.32
151.89 365.53
137.22 366.09
135.53 359.32
128.76 350.86
190.82 380.20
200.98 367.78
215.65 379.63
221.29 397.12
228.62 397.12
202.11 401.07
202.11 414.61
221.29 419.69
269.24 424.20
250.63 415.17
241.60 399.38
259.09 403.33
273.76 396.56
261.35 381.32
230.31 382.45
285.61 390.91
296.89 411.23
283.91 420.82
316.64 402.20
300.84 406.15
335.82 404.46
312.12 419.69
366.28 405.02
355.56 394.86
363.46 383.02
382.65 390.91
383.21 407.28
391.67 404.46
312.12 381.32
312.69 372.30
301.40 367.22
281.09 370.60
277.71 381.89
233.14 462.57
334.13 354.81
321.15 359.88
321.71 371.73
292.38 364.40
276.01 356.50
257.40 358.19
269.24 359.88
282.22 356.50
249.50 359.88
238.78 367.78
225.24 371.17
215.08 363.27
224.11 353.68
238.21 358.19
229.75 344.65
235.96 350.29
270.37 342.39
262.47 346.91
248.93 344.65
280.53 339.01
285.04 346.91
290.12 340.70
299.15 340.14
305.92 345.22
319.46 348.60
315.51 344.65
295.76 353.11
347.10 349.73
353.87 373.42
342.59 384.71
332.43 376.25
330.74 387.53
319.46 388.09
337.51 372.30
345.41 370.60
342.02 363.27
352.18 364.40
373.62 373.42
371.36 362.14
384.90 372.86
398.44 367.22
401.26 376.81
410.29 367.78
398.44 347.47
25.51 496.42
45.83 343.52
52.60 357.06
43.00 360.45
63.32 355.94
72.91 361.01
64.44 367.78
86.45 368.35
80.81 355.37
89.27 346.34
65.57 346.34
74.03 338.45
76.29 328.29
83.06 340.70
96.04 332.80
92.65 334.50
103.94 348.04
96.04 350.86
114.09 335.06
113.53 344.09
111.84 358.19
129.89 340.70
491.39 411.23
472.77 426.46
483.49 434.92
458.67 421.38
463.18 411.79
470.52 402.20
456.98 400.51
473.90 389.22
499.29 376.81
490.26 370.04
466.57 367.22
479.54 364.40
422.00 389.79
432.72 358.19
423.69 358.76
458.11 360.45
446.26 371.17
475.03 351.42
480.11 344.65
491.96 344.09
501.55 348.60
505.50 354.81
503.24 363.83
520.73 368.35
517.91 356.50
540.48 359.88
543.30 338.45
531.45 348.04
519.04 346.91
513.96 340.70
506.63 339.57
499.29 339.01
446.26 348.60
396.04 445.08
402.82 327.73
392.66 339.01
401.69 337.32
389.27 323.21
379.68 324.34
373.48 343.52
357.12 345.78
365.01 349.16
340.75 341.83
334.55 344.65
332.29 333.93
323.83 328.29
313.11 337.32
146.82 353.11
139.48 346.34
157.53 349.16
150.20 341.27
163.74 341.83
173.33 346.34
169.38 351.42
180.10 363.83
212.26 340.70
222.98 340.70
237.08 329.42
231.44 329.42
246.11 331.11
257.96 332.24
269.81 329.98
263.04 339.01
284.48 327.73
292.38 332.80
303.66 325.47
302.53 335.06
292.94 322.65
286.73 313.06
282.78 321.52
277.14 321.52
267.55 318.70
260.22 319.26
253.45 320.96
294.63 313.62
299.71 317.01
307.04 317.57
198.16 336.19
190.26 343.52
168.82 329.42
134.97 321.52
361.21 332.24
355.00 327.16
351.05 320.39
338.07 325.47
419.18 343.52
403.94 351.42
425.38 344.65
440.62 342.39
458.11 344.09
445.13 335.06
450.77 327.73
461.49 332.24
479.54 336.19
471.65 340.14
476.16 325.47
482.37 314.75
487.44 321.52
493.08 314.75
503.24 322.08
497.03 323.21
407.89 315.88
415.79 329.98
427.08 329.42
369.53 321.52
363.32 320.39
357.68 313.62
390.40 315.31
383.63 308.54
294.49 306.85
308.03 299.52
298.44 299.52
317.62 295.57
313.67 306.29
321.01 302.34
335.68 300.64
332.86 292.75
337.93 290.49
346.96 304.03
346.96 297.26
354.86 297.26
359.94 294.44
371.22 297.82
377.43 286.54
390.97 297.26
398.30 296.13
407.33 302.90
414.10 296.13
408.46 294.44
509.45 327.16
504.37 328.85
493.65 330.55
528.06 335.06
517.91 328.85
525.81 322.08
516.78 319.83
514.52 311.36
508.88 312.49
529.76 314.75
522.42 313.62
537.09 331.68
532.01 330.55
544.99 321.52
229.61 309.11
224.53 304.03
245.97 302.90
392.10 285.98
450.77 315.31
457.54 313.62
464.31 318.13
458.67 321.52
458.67 321.52
463.75 311.36
476.72 302.34
539.91 392.04
533.14 403.33
512.27 411.79
512.27 399.38
504.93 397.12
507.75 383.58
524.12 390.35
527.50 378.50
532.58 377.37
533.14 292.75
494.21 303.47
498.16 309.67
489.14 308.54
485.19 304.03
434.97 311.93
419.74 317.01
428.77 300.08
415.23 287.67
243.15 317.01
220.58 322.65
207.04 327.73
206.48 314.75
212.12 311.36
198.02 304.59
202.53 296.13
218.33 293.31
222.84 296.70
228.48 300.08
240.33 302.90
242.59 291.62
228.48 285.41
236.94 284.85
232.43 276.38
269.67 293.87
280.95 302.90
287.72 281.46
284.34 300.08
284.34 275.26
323.83 296.70
330.03 325.47
328.91 318.13
334.55 313.62
345.27 332.24
486.31 292.75
492.52 288.23
500.98 286.54
504.93 279.21
486.88 329.98
482.37 327.73
499.29 293.87
508.88 297.26
513.96 295.00
510.57 291.62
508.32 288.23
517.35 289.93
311.98 289.93
322.14 285.41
258.95 300.64
256.13 291.05
270.23 309.11
259.51 309.67
249.36 318.70
248.23 310.80
240.89 307.98
247.10 323.21
40.75 329.42
52.03 332.24
58.80 332.24
9.72 331.68
92.65 325.47
96.60 321.52
68.39 314.75
68.96 324.90
12.54 318.13
11.41 312.49
2.38 310.24
158.66 329.98
150.20 314.19
162.05 322.65
172.20 317.57
165.43 310.80
168.82 300.08
143.99 305.72
127.63 305.16
132.15 305.16
129.33 313.06
121.99 311.36
111.84 306.85
79.68 314.75
54.29 315.31
49.21 314.19
35.67 310.80
18.74 311.36
14.80 299.52
17.05 333.37
10.85 338.45
94.91 313.06
90.96 306.85
119.73 322.65
123.12 329.42
114.66 325.47
106.76 329.42
107.89 317.01
102.24 310.80
107.32 312.49
101.12 306.29
95.47 299.52
91.52 300.08
123.12 296.70
10.79 300.05
6.19 305.16
1.07 304.14
3.63 294.42
7.72 291.35
38.41 303.63
33.81 305.67
24.60 308.74
43.01 305.67
49.66 301.07
52.73 299.02
58.87 302.09
57.34 306.18
62.96 306.18
154.01 298.00
143.78 299.53
157.59 300.05
164.24 294.42
136.10 294.42
141.22 289.82
3.12 287.26
13.86 286.24
17.95 287.26
21.53 289.82
25.11 292.37
16.93 293.91
29.20 293.91
27.67 299.53
33.30 290.33
37.90 295.95
40.46 292.37
39.94 288.79
36.88 285.21
28.69 284.70
24.60 282.14
17.95 280.61
19.49 283.17
7.72 283.17
69.10 295.95
57.85 295.44
50.17 289.31
41.99 284.70
42.50 276.01
62.45 289.82
64.50 285.72
70.63 285.72
75.75 287.26
72.68 295.44
78.31 306.18
71.15 306.70
67.05 301.07
81.89 293.91
83.93 300.56
87.51 297.49
93.14 288.79
98.25 287.77
96.72 289.82
37.39 276.01
33.30 278.05
26.13 272.43
12.32 274.47
5.16 277.03
2.09 279.59
8.74 273.45
52.22 284.70
53.76 281.63
52.22 272.94
61.43 279.08
73.19 280.10
80.86 281.63
107.97 301.07
107.46 295.95
101.32 299.53
113.09 293.40
104.39 293.40
100.30 293.40
102.86 286.75
118.71 289.31
113.60 285.21
89.56 282.14
87.00 279.08
152.98 289.31
145.31 284.70
148.38 291.86
190.83 301.58
183.67 311.30
177.02 332.27
187.77 314.88
199.02 310.79
190.83 307.72
186.23 307.72
174.47 304.65
177.54 301.58
173.44 299.53
172.93 294.93
180.09 294.93
169.35 295.95
187.25 288.79
177.54 287.77
160.14 282.14
155.54 279.59
142.75 278.05
136.10 280.61
134.57 282.66
145.82 277.54
150.94 279.59
191.86 286.24
186.74 283.17
183.16 278.56
175.49 281.63
189.30 278.56
193.90 281.63
195.44 282.66
199.53 279.59
205.16 289.82
203.11 285.21
206.69 278.05
209.25 281.63
209.25 285.72
205.67 272.43
195.44 294.42
186.74 295.95
128.69 284.19
124.08 285.72
121.53 279.59
125.62 277.54
97.49 274.98
84.70 273.45
78.56 269.36
71.91 274.47
67.82 274.47
61.17 268.33
65.78 269.36
69.87 267.31
42.76 271.40
148.64 272.94
146.59 274.98
144.03 269.87
129.71 274.98
131.25 272.43
135.85 270.38
166.54 278.56
160.91 275.50
265.26 285.72
270.37 286.24
274.97 288.79
280.09 294.42
281.11 288.28
286.74 288.79
299.53 284.19
290.32 296.47
293.90 296.47
212.06 271.91
215.13 277.03
223.83 276.01
219.22 272.94
103.11 279.08
96.46 282.66
91.86 278.05
116.41 278.56
111.30 280.61
108.23 276.01
111.30 271.91
121.02 269.87
126.64 271.91
243.77 281.63
243.26 274.47
239.17 276.01
254.51 275.50
268.32 278.56
259.12 273.45
264.23 274.47
265.77 270.38
272.42 274.98
278.04 275.50
269.35 273.96
312.82 280.61
306.69 290.33
297.99 289.82
304.64 275.50
298.50 276.01
290.83 276.52
295.43 280.61
307.20 278.05
347.61 289.31
345.56 293.91
344.02 285.21
348.12 284.19
338.40 284.70
328.17 280.10
333.80 276.52
339.42 276.01
345.05 272.43
353.23 280.10
362.95 292.37
354.77 287.77
367.04 287.77
367.04 281.63
358.86 281.63
370.11 279.59
362.44 279.08
379.32 281.63
382.39 282.66
384.43 295.95
379.32 293.40
376.76 298.51
382.39 301.58
394.66 303.63
387.50 306.70
400.29 317.95
402.85 313.35
395.69 309.25
317.43 319.99
314.36 312.83
323.57 315.39
325.10 321.53
217.69 328.18
217.69 333.29
472.41 308.23
464.74 300.05
466.27 304.65
458.09 302.09
472.41 302.09
440.70 307.72
426.37 307.21
438.65 300.05
436.09 300.05
427.91 294.93
433.54 294.93
421.77 295.95
422.79 289.31
432.00 287.77
438.14 287.26
466.27 289.82
461.16 286.75
459.11 291.86
455.02 287.77
461.67 282.66
467.29 283.17
471.90 286.75
477.01 294.93
477.52 289.82
470.87 291.35
538.90 288.79
508.21 303.63
525.09 302.60
517.93 301.07
520.49 285.21
516.91 278.05
511.28 280.61
488.78 279.08
431.49 277.03
436.09 283.17
388.01 273.96
368.06 272.43
365.51 272.43
357.84 273.96
405.40 275.50
401.82 281.12
396.20 280.61
392.62 280.10
477.27 280.61
461.92 277.54
540.18 278.05
544.27 278.05
534.55 282.14
480.59 275.50
483.66 277.80
458.34 273.96
462.69 269.10
465.25 268.85
470.87 267.31
464.74 263.73
491.08 269.10
487.50 262.96
544.78 235.34
544.78 269.10
503.61 269.87
496.70 268.85
513.58 273.45
510.77 264.75
513.84 260.92
509.24 260.41
505.40 258.87
499.01 261.17
492.36 258.62
499.01 257.59
433.02 266.29
423.82 270.64
426.63 277.03
505.91 238.67
508.98 239.18
522.02 234.06
496.19 238.41
471.39 234.32
468.06 231.25
536.34 272.94
522.02 271.15
521.00 277.03
517.42 266.54
516.40 264.75
518.95 260.92
522.28 268.08
533.53 267.57
533.02 263.22
545.04 245.83
535.83 246.60
532.51 239.95
538.13 238.16
528.93 238.92
524.07 246.34
538.13 243.53
542.99 257.85
540.18 255.55
535.07 250.43
521.77 255.04
517.68 254.01
507.45 253.76
506.17 249.92
480.59 258.62
481.87 263.48
475.99 271.66
477.52 251.46
483.41 250.94
473.43 258.10
474.45 253.76
490.57 248.39
482.13 245.57
512.05 255.80
512.05 249.15
510.00 249.41
515.63 248.64
516.65 248.90
519.21 249.15
523.30 249.66
487.75 255.04
488.78 249.92
489.80 250.18
492.61 251.46
483.15 266.80
487.50 267.06
279.83 269.36
285.97 269.36
288.27 269.36
292.36 270.89
302.59 267.06
303.11 269.61
304.38 235.60
220.50 233.81
224.59 234.32
229.20 235.60
234.82 234.83
237.89 234.83
248.12 232.53
357.84 266.03
352.98 270.12
351.44 271.40
378.04 265.52
387.25 267.82
378.04 268.59
369.60 268.85
386.99 262.96
402.08 267.06
397.22 260.15
399.78 258.36
401.82 258.10
225.36 265.52
221.78 268.33
219.99 265.78
215.39 267.06
232.01 268.59
234.82 270.64
237.12 272.68
239.17 268.59
238.91 262.96
245.56 263.22
248.89 266.54
254.51 264.50
264.23 262.45
261.42 265.78
276.76 266.80
271.90 266.80
289.04 265.52
293.39 265.01
303.87 264.75
306.69 264.75
311.80 267.57
323.57 269.61
333.54 267.57
317.68 274.73
322.03 277.03
318.45 278.05
345.05 263.99
350.42 266.03
354.00 266.03
350.93 256.31
345.30 260.66
349.40 252.48
343.00 254.52
327.66 254.01
331.49 252.22
324.33 252.99
315.38 250.94
310.78 250.94
303.36 250.94
300.55 251.46
289.55 251.46
296.71 249.15
292.88 249.41
281.88 253.76
274.72 254.01
268.32 253.76
271.65 252.48
263.21 254.01
258.61 254.01
258.09 252.73
251.45 252.73
414.35 263.99
422.28 264.50
427.65 265.01
409.50 273.96
418.45 277.54
424.33 278.82
421.26 270.89
442.23 266.80
437.12 266.80
435.33 263.48
441.72 262.96
446.58 259.64
454.51 259.89
438.91 274.73
440.44 281.38
444.79 282.40
426.37 256.57
413.08 257.85
414.35 257.85
407.96 252.73
405.91 257.59
419.73 257.85
422.03 254.01
278.81 263.48
272.42 262.20
242.24 269.87
296.71 259.89
285.20 262.20
292.36 256.31
296.71 256.31
281.88 257.59
299.53 259.89
287.76 258.87
305.66 258.87
313.59 261.17
319.73 261.17
318.96 264.24
317.94 268.59
327.15 263.99
331.49 258.87
324.33 257.85
332.00 262.71
337.12 262.71
337.12 266.54
358.60 260.41
365.00 260.15
361.67 259.89
383.67 256.06
388.27 255.29
389.55 256.57
392.10 255.55
371.13 266.03
365.00 264.50
373.18 254.52
367.55 255.55
245.82 256.83
225.36 255.80
228.17 255.55
232.26 258.10
237.38 255.55
209.25 263.73
203.88 261.43
210.78 257.59
222.03 249.41
226.38 248.90
227.15 250.43
229.71 250.43
230.73 251.20
232.52 251.20
234.57 251.20
235.59 250.94
230.47 247.62
230.22 247.62
221.01 252.48
222.80 251.71
223.83 251.71
227.92 252.99
242.24 252.22
234.82 252.73
203.88 248.39
200.81 250.18
202.09 255.55
210.53 252.73
206.18 257.59
215.13 250.18
215.13 255.29
200.81 267.57
201.06 280.87
223.06 285.72
224.08 289.56
227.92 289.31
225.87 292.63
229.71 293.65
222.55 292.12
212.83 292.63
216.15 289.56
216.15 286.49
217.43 282.91
215.64 281.63
217.94 279.33
209.50 292.89
215.64 303.37
220.50 300.05
237.12 296.98
265.00 302.35
256.56 305.93
262.44 307.72
269.86 303.12
260.91 296.47
266.53 298.00
262.44 290.84
303.36 309.00
302.08 311.04
309.76 314.62
362.44 310.02
352.46 310.02
356.04 304.39
359.37 298.00
361.67 305.16
328.42 289.05
323.82 291.61
328.68 295.95
217.18 261.68
224.85 261.68
232.01 262.20
250.42 259.13
255.54 255.55
258.09 257.08
265.26 256.06
276.51 259.13
268.84 258.10
305.15 255.55
310.27 256.06
177.79 272.94
174.72 274.47
169.10 272.94
198.76 272.43
201.83 268.33
190.58 268.85
181.88 273.96
189.04 264.75
176.77 266.29
172.16 266.29
169.61 266.80
160.40 269.36
180.35 265.27
180.86 258.62
177.28 257.59
163.98 263.22
158.35 264.24
147.61 265.78
140.96 265.78
196.72 258.10
187.00 262.71
193.14 262.71
190.07 261.68
188.53 255.55
59.13 266.54
79.84 263.48
85.98 269.36
89.30 265.78
92.88 265.78
97.49 265.27
99.02 265.27
91.09 270.64
97.23 272.17
97.23 272.43
94.16 275.24
104.14 271.40
111.55 266.80
115.13 266.54
115.90 301.84
102.86 338.92
22.30 251.20
1.07 253.76
6.70 254.27
11.05 255.29
32.78 252.48
54.01 266.80
46.85 267.82
38.67 267.82
33.55 271.15
40.71 263.22
42.50 263.22
36.11 264.24
48.13 263.99
53.24 263.22
63.98 261.17
57.85 257.34
48.90 251.97
52.22 251.97
40.97 257.59
40.46 251.46
31.25 259.38
24.86 262.96
23.83 266.29
30.23 264.24
47.87 259.89
65.52 255.04
15.65 269.61
14.63 268.33
9.51 268.85
3.63 269.87
3.12 267.31
1.07 263.99
6.19 261.94
11.30 262.20
16.16 260.41
2.61 259.13
20.51 257.08
16.42 262.20
12.32 262.71
