936.38 536.67
948.79 537.80
978.13 528.77
1021.01 531.03
1013.11 496.05
975.87 505.07
958.95 520.87
912.68 537.80
896.89 531.03
904.79 515.23
916.07 512.97
939.77 502.82
928.48 502.82
916.07 494.92
782.92 535.54
884.47 535.54
872.06 537.80
864.16 522.00
859.65 532.15
865.29 508.46
814.52 507.33
676.85 544.57
702.81 528.77
494.06 542.31
517.75 538.92
527.91 526.51
604.64 545.69
585.46 529.90
564.02 517.49
548.22 515.23
513.24 482.51
504.21 511.84
505.34 529.90
486.16 482.51
478.26 507.33
671.21 515.23
618.18 517.49
631.72 501.69
662.18 500.56
620.44 489.28
645.26 499.43
690.39 499.43
710.71 508.46
734.40 519.74
725.37 501.69
747.94 515.23
787.43 519.74
819.03 527.64
770.51 510.72
1018.61 469.53
1007.89 455.42
1014.66 452.60
993.22 459.94
990.97 488.71
987.02 477.43
1009.58 477.99
999.99 468.97
1006.20 470.09
972.35 475.74
974.60 459.94
957.11 486.46
952.04 498.30
945.27 480.81
930.03 483.63
906.34 479.12
909.72 465.58
924.96 465.58
936.24 461.07
949.22 465.58
951.47 455.42
943.57 442.45
962.76 468.40
893.36 497.17
878.13 489.28
886.03 472.35
899.57 463.32
913.11 447.53
927.78 448.09
929.47 441.32
936.24 432.86
874.18 462.20
864.02 449.78
849.35 461.63
843.71 479.12
836.38 479.12
862.89 483.07
862.89 496.61
843.71 501.69
795.76 506.20
814.37 497.17
823.40 481.38
805.91 485.33
791.24 478.56
803.65 463.32
834.69 464.45
779.39 472.91
768.11 493.23
781.09 502.82
748.36 484.20
764.16 488.15
729.18 486.46
752.88 501.69
698.72 487.02
709.44 476.86
701.54 465.02
682.35 472.91
681.79 489.28
673.33 486.46
752.88 463.32
752.31 454.30
763.60 449.22
783.91 452.60
787.29 463.89
831.86 544.57
730.87 436.81
743.85 441.88
743.29 453.73
772.62 446.40
788.99 438.50
807.60 440.19
795.76 441.88
782.78 438.50
815.50 441.88
826.22 449.78
839.76 453.17
849.92 445.27
840.89 435.68
826.79 440.19
835.25 426.65
829.04 432.29
794.63 424.39
802.53 428.91
816.07 426.65
784.47 421.01
779.96 428.91
774.88 422.70
765.85 422.14
759.08 427.22
745.54 430.60
749.49 426.65
769.24 435.11
717.90 431.73
711.13 455.42
722.41 466.71
732.57 458.25
734.26 469.53
745.54 470.09
727.49 454.30
719.59 452.60
722.98 445.27
712.82 446.40
691.38 455.42
693.64 444.14
680.10 454.86
666.56 449.22
663.74 458.81
654.71 449.78
666.56 429.47
1019.17 425.52
1012.40 439.06
1022.00 442.45
1001.68 437.94
992.09 443.01
1000.56 449.78
978.55 450.35
984.19 437.37
975.73 428.34
999.43 428.34
990.97 420.45
988.71 410.29
981.94 422.70
968.96 414.80
972.35 416.50
961.06 430.04
968.96 432.86
950.91 417.06
951.47 426.09
953.16 440.19
935.11 422.70
483.62 470.09
479.11 458.25
487.57 452.89
484.18 420.45
488.42 431.73
482.49 437.65
483.34 405.78
481.65 389.13
484.47 384.62
573.61 493.23
592.23 508.46
581.51 516.92
606.33 503.38
601.82 493.79
594.48 484.20
608.02 482.51
591.10 471.22
565.71 458.81
574.74 452.04
598.43 449.22
585.46 446.40
643.00 471.79
632.28 440.19
641.31 440.76
606.89 442.45
618.74 453.17
589.97 433.42
584.89 426.65
573.04 426.09
563.45 430.60
559.50 436.81
561.76 445.83
544.27 450.35
547.09 438.50
524.52 441.88
510.98 446.96
507.60 455.99
497.44 470.66
497.44 430.60
504.78 422.14
521.70 420.45
533.55 430.04
545.96 428.91
551.04 422.70
558.37 421.57
565.71 421.01
618.74 430.60
668.96 527.08
662.18 409.73
672.34 421.01
663.31 419.32
675.73 405.21
685.32 406.34
691.52 425.52
707.88 427.78
699.99 431.16
724.25 423.83
730.45 426.65
732.71 415.93
741.17 410.29
751.89 419.32
918.18 435.11
925.52 428.34
907.47 431.16
914.80 423.27
901.26 423.83
891.67 428.34
895.62 433.42
884.90 445.83
852.74 422.70
842.02 422.70
827.92 411.42
833.56 411.42
818.89 413.11
807.04 414.24
795.19 411.98
801.96 421.01
780.52 409.73
772.62 414.80
761.34 407.47
762.47 417.06
772.06 404.65
778.27 395.06
782.22 403.52
787.86 403.52
797.45 400.70
804.78 401.26
811.55 402.96
770.37 395.62
765.29 399.01
757.96 399.57
866.84 418.19
874.74 425.52
896.18 411.42
930.03 403.52
703.79 414.24
710.00 409.16
713.95 402.39
726.93 407.47
645.82 425.52
661.06 433.42
639.62 426.65
624.38 424.39
606.89 426.09
619.87 417.06
614.23 409.73
603.51 414.24
585.46 418.19
593.35 422.14
588.84 407.47
582.63 396.75
577.56 403.52
571.92 396.75
561.76 404.08
567.97 405.21
657.11 397.88
649.21 411.98
637.92 411.42
695.47 403.52
701.68 402.39
707.32 395.62
674.60 397.31
681.37 390.54
770.51 388.85
756.97 381.52
766.56 381.52
747.38 377.57
751.33 388.29
743.99 384.34
729.32 382.64
732.14 374.75
727.07 372.49
718.04 386.03
718.04 379.26
710.14 379.26
705.06 376.44
693.78 379.82
687.57 368.54
674.03 379.26
666.70 378.13
657.67 384.90
650.90 378.13
656.54 376.44
555.55 409.16
560.63 410.85
571.35 412.55
536.94 417.06
547.09 410.85
539.19 404.08
548.22 401.83
550.48 393.36
556.12 394.49
535.24 396.75
542.58 395.62
527.91 413.68
532.99 412.55
520.01 403.52
514.93 399.01
500.26 407.47
513.80 418.75
500.26 391.67
498.01 396.19
835.39 391.11
840.47 386.03
819.03 384.90
672.90 367.98
614.23 397.31
607.46 395.62
600.69 400.13
606.33 403.52
606.33 403.52
601.25 393.36
588.28 384.34
525.09 474.04
531.86 485.33
552.73 493.79
552.73 481.38
560.07 479.12
557.25 465.58
540.88 472.35
537.50 460.50
532.42 459.37
518.32 454.30
488.42 445.83
499.13 443.01
495.19 378.13
531.86 374.75
570.79 385.47
566.84 391.67
575.86 390.54
579.81 386.03
630.03 393.93
645.26 399.01
636.23 382.08
649.77 369.67
821.85 399.01
844.42 404.65
857.96 409.73
858.52 396.75
852.88 393.36
866.98 386.59
862.47 378.13
846.67 375.31
842.16 378.70
836.52 382.08
824.67 384.90
822.41 373.62
836.52 367.41
828.06 366.85
832.57 358.38
795.33 375.87
784.05 384.90
777.28 363.46
780.66 382.08
780.66 357.26
741.17 378.70
734.97 407.47
736.09 400.13
730.45 395.62
719.73 414.24
578.69 374.75
572.48 370.23
564.02 368.54
560.07 361.21
578.12 411.98
582.63 409.73
494.06 389.98
518.32 371.36
511.55 370.80
505.34 370.80
565.71 375.87
556.12 379.26
551.04 377.00
554.43 373.62
556.68 370.23
547.65 371.93
753.02 371.93
742.86 367.41
806.05 382.64
808.87 373.05
794.77 391.11
805.49 391.67
815.64 400.70
816.77 392.80
824.11 389.98
817.90 405.21
1012.97 414.24
1006.20 414.24
972.35 407.47
968.40 403.52
996.61 396.75
996.04 406.90
906.34 411.98
914.80 396.19
902.95 404.65
892.80 399.57
899.57 392.80
896.18 382.08
921.01 387.72
937.37 387.16
932.85 387.16
935.67 395.06
943.01 393.36
953.16 388.85
985.32 396.75
1010.71 397.31
1015.79 396.19
970.09 395.06
974.04 388.85
945.27 404.65
941.88 411.42
950.34 407.47
958.24 411.42
957.11 399.01
962.76 392.80
957.68 394.49
963.88 388.29
969.53 381.52
973.48 382.08
941.88 378.70
1021.99 387.67
1015.34 383.07
1012.27 381.02
1006.13 384.09
1007.66 388.18
1002.04 388.18
910.99 380.00
921.22 381.53
907.41 382.05
900.76 376.42
928.90 376.42
923.78 371.82
995.90 377.95
1007.15 377.44
1014.83 371.31
1023.01 366.70
1022.50 358.01
1002.55 371.82
1000.50 367.72
994.37 367.72
989.25 369.26
992.32 377.44
986.69 388.18
993.85 388.70
997.95 383.07
983.11 375.91
981.07 382.56
977.49 379.49
971.86 370.79
966.75 369.77
968.28 371.82
1012.78 366.70
1011.24 363.63
1012.78 354.94
1003.57 361.08
991.81 362.10
984.14 363.63
957.03 383.07
957.54 377.95
963.68 381.53
951.91 375.40
960.61 375.40
964.70 375.40
962.14 368.75
946.29 371.31
951.40 367.21
975.44 364.14
978.00 361.08
912.02 371.31
919.69 366.70
916.62 373.86
874.17 383.58
881.33 393.30
887.98 414.27
877.23 396.88
865.98 392.79
874.17 389.72
878.77 389.72
890.53 386.65
887.46 383.58
891.56 381.53
892.07 376.93
884.91 376.93
895.65 377.95
877.75 370.79
887.46 369.77
904.86 364.14
909.46 361.59
922.25 360.05
928.90 362.61
930.43 364.66
919.18 359.54
914.06 361.59
873.14 368.24
878.26 365.17
881.84 360.56
889.51 363.63
875.70 360.56
871.10 363.63
869.56 364.66
865.47 361.59
859.84 371.82
861.89 367.21
858.31 360.05
855.75 363.63
855.75 367.72
859.33 354.43
869.56 376.42
878.26 377.95
936.31 366.19
940.92 367.72
943.47 361.59
939.38 359.54
967.51 356.98
980.30 355.45
986.44 351.36
993.09 356.47
997.18 356.47
1003.83 350.33
999.22 351.36
995.13 349.31
1022.24 353.40
916.36 354.94
918.41 356.98
920.97 351.87
935.29 356.98
933.75 354.43
929.15 352.38
898.46 360.56
904.09 357.50
799.74 367.72
794.63 368.24
790.03 370.79
784.91 376.42
783.89 370.28
778.26 370.79
765.47 366.19
774.68 378.47
771.10 378.47
852.94 353.91
849.87 359.03
841.17 358.01
845.78 354.94
961.89 361.08
968.54 364.66
973.14 360.05
948.59 360.56
953.70 362.61
956.77 358.01
953.70 353.91
943.98 351.87
938.36 353.91
821.23 363.63
821.74 356.47
825.83 358.01
810.49 357.50
796.68 360.56
805.88 355.45
800.77 356.47
799.23 352.38
792.58 356.98
786.96 357.50
795.65 355.96
752.18 362.61
758.31 372.33
767.01 371.82
760.36 357.50
766.50 358.01
774.17 358.52
769.57 362.61
757.80 360.05
717.39 371.31
719.44 375.91
720.98 367.21
716.88 366.19
726.60 366.70
736.83 362.10
731.20 358.52
725.58 358.01
719.95 354.43
711.77 362.10
702.05 374.37
710.23 369.77
697.96 369.77
697.96 363.63
706.14 363.63
694.89 361.59
702.56 361.08
685.68 363.63
682.61 364.66
680.57 377.95
685.68 375.40
688.24 380.51
682.61 383.58
670.34 385.63
677.50 388.70
664.71 399.95
662.15 395.35
669.31 391.25
747.57 401.99
750.64 394.83
741.43 397.39
739.90 403.53
847.31 410.18
847.31 415.29
592.59 390.23
600.26 382.05
598.73 386.65
606.91 384.09
592.59 384.09
624.30 389.72
638.63 389.21
626.35 382.05
628.91 382.05
637.09 376.93
631.46 376.93
643.23 377.95
642.21 371.31
633.00 369.77
626.86 369.26
598.73 371.82
603.84 368.75
605.89 373.86
609.98 369.77
603.33 364.66
597.71 365.17
593.10 368.75
587.99 376.93
587.48 371.82
594.13 373.35
526.10 370.79
518.94 380.00
518.43 380.00
556.79 385.63
539.91 384.60
547.07 383.07
544.51 367.21
548.09 360.05
553.72 362.61
576.22 361.08
633.51 359.03
628.91 365.17
676.99 355.96
696.94 354.43
699.49 354.43
707.16 355.96
659.60 357.50
663.18 363.12
668.80 362.61
672.38 362.10
487.99 377.44
481.85 376.42
487.99 365.68
497.71 370.28
480.32 367.72
587.73 362.61
603.08 359.54
524.82 360.05
520.73 360.05
530.45 364.14
514.59 363.63
517.15 359.54
516.12 355.45
509.99 355.45
508.96 365.17
510.50 361.08
497.71 364.14
503.85 364.14
493.11 357.50
497.20 356.98
500.27 356.98
489.02 360.56
484.41 359.03
481.85 361.59
584.41 357.50
581.34 359.80
606.66 355.96
602.31 351.10
599.75 350.85
594.13 349.31
600.26 345.73
573.92 351.10
577.50 344.96
520.22 317.34
517.40 317.09
511.78 316.06
510.75 316.06
506.66 317.60
497.20 316.58
489.02 316.32
501.55 325.27
496.94 328.08
494.64 321.18
489.53 321.18
484.67 316.32
480.83 316.58
505.38 338.57
508.45 341.38
513.06 340.10
517.91 342.15
520.22 351.10
489.02 345.99
491.57 351.36
561.39 351.87
568.30 350.85
551.42 355.45
554.23 346.75
551.16 342.92
555.76 342.41
559.60 340.87
565.99 343.17
572.64 340.62
565.99 339.59
631.98 348.29
641.18 352.64
638.37 359.03
559.09 320.67
556.02 321.18
542.98 316.06
568.81 320.41
593.61 316.32
596.94 313.25
488.50 390.74
484.41 353.40
484.41 349.31
482.62 343.94
528.66 354.94
542.98 353.15
544.00 359.03
547.58 348.54
548.60 346.75
546.05 342.92
542.72 350.08
531.47 349.57
531.98 345.22
512.03 349.57
516.38 353.40
506.41 349.31
514.85 345.48
507.94 345.48
501.04 346.75
494.90 346.24
494.64 342.15
501.04 342.66
494.64 336.27
495.66 338.57
488.25 338.06
489.02 341.38
480.83 338.06
497.71 332.18
514.33 328.08
519.96 327.83
529.17 328.60
532.49 321.95
526.87 320.16
536.07 320.92
540.93 328.34
526.87 325.53
480.06 332.43
504.10 334.48
522.01 339.85
524.82 337.55
529.93 332.43
543.23 337.04
547.32 336.01
557.55 335.76
558.83 331.92
584.41 340.62
583.13 345.48
589.01 353.66
587.48 333.46
581.59 332.94
591.57 340.10
590.55 335.76
574.43 330.39
582.87 327.57
517.91 333.97
513.57 333.97
552.95 337.80
552.95 331.15
555.00 331.41
549.37 330.64
548.35 330.90
545.79 331.15
541.70 331.66
577.25 337.04
576.22 331.92
575.20 332.18
572.39 333.46
581.85 348.80
577.50 349.06
785.17 351.36
779.03 351.36
776.73 351.36
772.64 352.89
762.41 349.06
761.89 351.61
760.62 317.60
844.50 315.81
840.41 316.32
835.80 317.60
830.18 316.83
827.11 316.83
816.88 314.53
707.16 348.03
712.02 352.12
713.56 353.40
686.96 347.52
677.75 349.82
686.96 350.59
695.40 350.85
678.01 344.96
662.92 349.06
667.78 342.15
665.22 340.36
663.18 340.10
839.64 347.52
843.22 350.33
845.01 347.78
849.61 349.06
832.99 350.59
830.18 352.64
827.88 354.68
825.83 350.59
826.09 344.96
819.44 345.22
816.11 348.54
810.49 346.50
800.77 344.45
803.58 347.78
788.24 348.80
793.10 348.80
775.96 347.52
771.61 347.01
761.13 346.75
758.31 346.75
753.20 349.57
741.43 351.61
731.46 349.57
747.32 356.73
742.97 359.03
746.55 360.05
719.95 345.99
714.58 348.03
711.00 348.03
714.07 338.31
719.70 342.66
715.60 334.48
722.00 336.52
737.34 336.01
733.51 334.22
740.67 334.99
749.62 332.94
754.22 332.94
761.64 332.94
764.45 333.46
775.45 333.46
768.29 331.15
772.12 331.41
783.12 335.76
790.28 336.01
796.68 335.76
793.35 334.48
801.79 336.01
806.39 336.01
806.91 334.73
813.55 334.73
650.65 345.99
642.72 346.50
637.35 347.01
655.50 355.96
646.55 359.54
640.67 360.82
643.74 352.89
622.77 348.80
627.88 348.80
629.67 345.48
623.28 344.96
618.42 341.64
610.49 341.89
626.09 356.73
624.56 363.38
620.21 364.40
638.63 338.57
651.92 339.85
650.65 339.85
657.04 334.73
659.09 339.59
645.27 339.85
642.97 336.01
786.19 345.48
792.58 344.20
822.76 351.87
768.29 341.89
779.80 344.20
772.64 338.31
768.29 338.31
783.12 339.59
765.47 341.89
777.24 340.87
759.34 340.87
751.41 343.17
745.27 343.17
746.04 346.24
747.06 350.59
737.85 345.99
733.51 340.87
740.67 339.85
733.00 344.71
727.88 344.71
727.88 348.54
706.40 342.41
700.00 342.15
703.33 341.89
681.33 338.06
676.73 337.29
675.45 338.57
672.90 337.55
693.87 348.03
700.00 346.50
691.82 336.52
697.45 337.55
819.18 338.83
839.64 337.80
836.83 337.55
832.74 340.10
827.62 337.55
855.75 345.73
861.12 343.43
854.22 339.59
842.97 331.41
838.62 330.90
837.85 332.43
835.29 332.43
834.27 333.20
832.48 333.20
830.43 333.20
829.41 332.94
834.53 329.62
834.78 329.62
843.99 334.48
842.20 333.71
841.17 333.71
837.08 334.99
822.76 334.22
830.18 334.73
861.12 330.39
864.19 332.18
862.91 337.55
854.47 334.73
858.82 339.59
849.87 332.18
849.87 337.29
864.19 349.57
863.94 362.87
841.94 367.72
840.92 371.56
837.08 371.31
839.13 374.63
835.29 375.65
842.45 374.12
852.17 374.63
848.85 371.56
848.85 368.49
847.57 364.91
849.36 363.63
847.06 361.33
855.50 374.89
849.36 385.37
844.50 382.05
827.88 378.98
800.00 384.35
808.44 387.93
802.56 389.72
795.14 385.12
804.09 378.47
798.47 380.00
802.56 372.84
761.64 391.00
762.92 393.04
755.24 396.62
702.56 392.02
712.54 392.02
708.96 386.39
705.63 380.00
703.33 387.16
736.58 371.05
741.18 373.61
736.32 377.95
847.82 343.68
840.15 343.68
832.99 344.20
814.58 341.13
809.46 337.55
806.91 339.08
799.74 338.06
788.49 341.13
796.16 340.10
759.85 337.55
754.73 338.06
887.21 354.94
890.28 356.47
895.90 354.94
866.24 354.43
863.17 350.33
874.42 350.85
883.12 355.96
875.96 346.75
888.23 348.29
892.84 348.29
895.39 348.80
904.60 351.36
884.65 347.27
884.14 340.62
887.72 339.59
901.02 345.22
906.65 346.24
917.39 347.78
924.04 347.78
868.28 340.10
878.00 344.71
871.86 344.71
874.93 343.68
876.47 337.55
1005.87 348.54
985.16 345.48
979.02 351.36
975.70 347.78
972.12 347.78
967.51 347.27
965.98 347.27
973.91 352.64
967.77 354.17
967.77 354.43
970.84 357.24
960.86 353.40
953.45 348.80
949.87 348.54
949.10 383.84
962.14 420.92
1010.99 348.80
1018.15 349.82
1022.50 345.22
1016.87 345.99
1011.76 345.22
1001.02 343.17
1007.15 339.34
1016.10 333.97
1012.78 333.97
1017.13 341.89
999.48 337.04
