1.11 535.42
24.80 542.19
77.84 543.32
45.11 525.26
14.65 507.21
5.62 493.67
29.32 494.80
45.11 488.03
37.21 472.23
25.93 469.97
2.23 459.82
13.52 459.82
25.93 451.92
159.08 492.54
157.95 528.65
137.64 541.06
109.43 521.88
90.25 524.13
68.81 510.59
73.32 530.90
57.53 492.54
69.94 494.80
77.84 479.00
82.35 489.15
76.71 465.46
127.48 464.33
209.86 542.19
223.40 504.95
265.15 501.57
239.19 485.77
367.83 521.88
408.45 520.75
455.84 535.42
489.69 518.49
476.15 520.75
447.94 499.31
431.02 513.98
424.25 495.92
414.09 483.51
538.21 523.01
537.08 495.92
319.31 523.01
293.36 536.55
337.36 502.69
355.42 511.72
356.54 486.90
390.40 506.08
377.98 474.49
393.78 472.23
428.76 439.51
437.79 468.84
436.66 486.90
455.84 439.51
463.74 464.33
488.56 463.20
497.59 486.90
510.00 469.97
534.83 468.84
524.67 471.10
531.44 453.05
270.79 472.23
323.82 474.49
310.28 458.69
279.82 457.56
321.56 446.28
296.74 456.43
251.61 456.43
231.29 465.46
207.60 476.74
216.63 458.69
194.06 472.23
154.57 476.74
122.97 484.64
171.49 467.72
11.97 440.63
35.66 436.12
32.28 422.58
17.04 422.58
5.76 418.07
48.64 454.17
63.87 446.28
55.97 429.35
42.43 420.32
28.89 404.53
14.22 405.09
12.53 398.32
5.76 389.86
67.82 419.20
77.98 406.78
92.65 418.63
98.29 436.12
105.62 436.12
79.11 440.07
79.11 453.61
98.29 458.69
146.24 463.20
127.63 454.17
118.60 438.38
136.09 442.33
150.76 435.56
138.35 420.32
107.31 421.45
162.61 429.91
173.89 450.23
160.91 459.82
193.64 441.20
177.84 445.15
212.82 443.46
189.12 458.69
243.28 444.02
232.56 433.86
240.46 422.02
259.65 429.91
260.21 446.28
268.67 443.46
189.12 420.32
189.69 411.30
178.40 406.22
158.09 409.60
154.71 420.89
110.14 501.57
211.13 393.81
198.15 398.88
198.71 410.73
169.38 403.40
153.01 395.50
134.40 397.19
146.24 398.88
159.22 395.50
126.50 398.88
115.78 406.78
102.24 410.17
92.08 402.27
101.11 392.68
115.21 397.19
106.75 383.65
112.96 389.29
147.37 381.39
139.47 385.91
125.93 383.65
157.53 378.01
162.04 385.91
167.12 379.70
176.15 379.14
182.92 384.22
196.46 387.60
192.51 383.65
172.76 392.11
224.10 388.73
230.87 412.42
219.59 423.71
209.43 415.25
207.74 426.53
196.46 427.09
214.51 411.30
222.41 409.60
219.02 402.27
229.18 403.40
250.62 412.42
248.36 401.14
261.90 411.86
275.44 406.22
278.26 415.81
287.29 406.78
275.44 386.47
6.89 379.70
522.70 428.50
504.93 427.09
490.26 427.94
489.13 438.10
476.15 436.12
468.54 447.69
458.38 427.09
462.89 415.25
454.43 409.89
477.84 420.32
481.23 407.91
488.85 411.01
493.36 403.12
474.46 403.68
480.38 385.06
488.00 391.83
495.90 389.01
505.21 384.78
508.31 394.09
524.39 388.45
520.72 403.40
530.60 402.27
542.16 411.01
532.57 416.09
540.75 382.81
530.31 385.63
534.55 366.16
526.65 372.09
514.52 380.55
508.59 372.65
494.49 373.50
491.10 380.27
481.51 375.19
475.87 386.19
457.82 377.45
467.13 377.16
453.58 388.73
459.51 394.65
458.66 362.78
474.46 367.85
481.23 369.26
491.39 366.44
485.74 365.60
504.08 363.06
516.21 367.57
518.75 361.08
529.47 358.55
538.21 358.83
494.77 357.70
486.31 357.13
477.84 356.85
475.31 361.65
469.95 361.08
464.30 356.85
467.69 350.65
460.35 346.13
457.53 341.62
487.44 320.46
368.39 450.23
349.77 465.46
360.49 473.92
335.67 460.38
340.18 450.79
347.52 441.20
333.98 439.51
350.90 428.22
376.29 415.81
367.26 409.04
343.57 406.22
356.54 403.40
299.00 428.79
309.72 397.19
300.69 397.76
335.11 399.45
323.26 410.17
352.03 390.42
357.11 383.65
368.96 383.09
378.55 387.60
382.50 393.81
380.24 402.83
397.73 407.35
394.91 395.50
417.48 398.88
431.02 403.96
434.40 412.99
444.56 427.66
444.56 387.60
437.22 379.14
420.30 377.45
408.45 387.04
396.04 385.91
390.96 379.70
383.63 378.57
376.29 378.01
323.26 387.60
273.04 484.08
504.93 507.77
503.23 453.61
279.82 366.73
269.66 378.01
278.69 376.32
266.27 362.21
256.68 363.34
250.48 382.52
234.12 384.78
242.01 388.16
217.75 380.83
211.55 383.65
209.29 372.93
200.83 367.29
190.11 376.32
23.82 392.11
16.48 385.34
34.53 388.16
27.20 380.27
40.74 380.83
50.33 385.34
46.38 390.42
57.10 402.83
89.26 379.70
99.98 379.70
114.08 368.42
108.44 368.42
123.11 370.11
134.96 371.24
146.81 368.98
140.04 378.01
161.48 366.73
169.38 371.80
180.66 364.47
179.53 374.06
169.94 361.65
163.73 352.06
159.78 360.52
154.14 360.52
144.55 357.70
137.22 358.26
130.45 359.96
171.63 352.62
176.71 356.01
184.04 356.57
75.16 375.19
67.26 382.52
45.82 368.42
11.97 360.52
238.21 371.24
232.00 366.16
228.05 359.39
215.07 364.47
296.18 382.52
280.94 390.42
302.38 383.65
317.62 381.39
335.11 383.09
322.13 374.06
327.77 366.73
338.49 371.24
356.54 375.19
348.65 379.14
353.16 364.47
359.37 353.75
364.44 360.52
370.08 353.75
380.24 361.08
374.03 362.21
284.89 354.88
292.79 368.98
304.08 368.42
246.53 360.52
240.32 359.39
234.68 352.62
267.40 354.31
260.63 347.54
171.49 345.85
185.03 338.52
175.44 338.52
194.62 334.57
190.67 345.29
198.01 341.34
212.68 339.64
209.86 331.75
214.93 329.49
223.96 343.03
223.96 336.26
231.86 336.26
236.94 333.44
248.22 336.82
254.43 325.54
267.97 336.26
275.30 335.13
284.33 341.90
291.10 335.13
285.46 333.44
386.45 366.16
381.37 367.85
370.65 369.55
405.06 374.06
394.91 367.85
402.81 361.08
393.78 358.83
391.52 350.36
385.88 351.49
406.76 353.75
399.42 352.62
414.09 370.68
409.01 369.55
421.99 360.52
427.07 356.01
441.74 364.47
428.20 375.75
441.74 348.67
443.99 353.19
106.61 348.11
101.53 343.03
122.97 341.90
269.10 324.98
327.77 354.31
334.54 352.62
341.31 357.13
335.67 360.52
335.67 360.52
340.75 350.36
353.72 341.34
416.91 431.04
410.14 442.33
389.27 450.79
389.27 438.38
381.93 436.12
384.75 422.58
401.12 429.35
404.50 417.50
409.58 416.37
423.68 411.30
453.58 402.83
442.87 400.01
496.46 349.80
485.74 350.93
478.97 347.54
446.81 335.13
410.14 331.75
371.21 342.47
375.16 348.67
366.14 347.54
362.19 343.03
311.97 350.93
296.74 356.01
305.77 339.08
292.23 326.67
120.15 356.01
97.58 361.65
84.04 366.73
83.48 353.75
89.12 350.36
75.02 343.59
79.53 335.13
95.33 332.31
99.84 335.70
105.48 339.08
117.33 341.90
119.59 330.62
105.48 324.41
113.94 323.85
109.43 315.38
146.67 332.87
157.95 341.90
164.72 320.46
161.34 339.08
161.34 314.26
200.83 335.70
207.03 364.47
205.91 357.13
211.55 352.62
222.27 371.24
363.31 331.75
369.52 327.23
377.98 325.54
381.93 318.21
363.88 368.98
359.37 366.73
447.94 346.98
423.68 328.36
430.45 327.80
436.66 327.80
376.29 332.87
385.88 336.26
390.96 334.00
387.57 330.62
385.32 327.23
394.35 328.93
188.98 328.93
199.14 324.41
135.95 339.64
133.13 330.05
147.23 348.11
136.51 348.67
126.36 357.70
125.23 349.80
117.89 346.98
124.10 362.21
35.66 368.98
27.20 353.19
39.05 361.65
49.20 356.57
42.43 349.80
45.82 339.08
20.99 344.72
4.63 344.16
9.15 344.16
6.33 352.06
0.12 368.42
0.12 335.70
543.15 339.08
508.17 336.26
527.35 328.36
31.01 337.00
20.78 338.53
34.59 339.05
41.24 333.42
13.10 333.42
18.22 328.82
29.98 328.31
22.31 323.70
25.38 330.86
67.83 340.58
60.67 350.30
54.02 371.27
64.77 353.88
76.02 349.79
67.83 346.72
63.23 346.72
51.47 343.65
54.54 340.58
50.44 338.53
49.93 333.93
57.09 333.93
46.35 334.95
64.25 327.79
54.54 326.77
37.14 321.14
32.54 318.59
19.75 317.05
13.10 319.61
11.57 321.66
22.82 316.54
27.94 318.59
68.86 325.24
63.74 322.17
60.16 317.56
52.49 320.63
66.30 317.56
70.90 320.63
72.44 321.66
76.53 318.59
82.16 328.82
80.11 324.21
83.69 317.05
86.25 320.63
86.25 324.72
82.67 311.43
72.44 333.42
63.74 334.95
5.69 323.19
1.08 324.72
2.62 316.54
25.64 311.94
23.59 313.98
21.03 308.87
6.71 313.98
8.25 311.43
12.85 309.38
43.54 317.56
37.91 314.50
142.26 324.72
147.37 325.24
151.97 327.79
157.09 333.42
158.11 327.28
163.74 327.79
176.53 323.19
167.32 335.47
170.90 335.47
89.06 310.91
92.13 316.03
100.83 315.01
96.22 311.94
3.64 310.91
120.77 320.63
120.26 313.47
116.17 315.01
131.51 314.50
145.32 317.56
136.12 312.45
141.23 313.47
142.77 309.38
149.42 313.98
155.04 314.50
146.35 312.96
189.82 319.61
183.69 329.33
174.99 328.82
181.64 314.50
175.50 315.01
167.83 315.52
172.43 319.61
184.20 317.05
224.61 328.31
222.56 332.91
221.02 324.21
225.12 323.19
215.40 323.70
205.17 319.10
210.80 315.52
216.42 315.01
222.05 311.43
230.23 319.10
239.95 331.37
231.77 326.77
244.04 326.77
244.04 320.63
235.86 320.63
247.11 318.59
239.44 318.08
256.32 320.63
259.39 321.66
261.43 334.95
256.32 332.40
253.76 337.51
259.39 340.58
271.66 342.63
264.50 345.70
277.29 356.95
279.85 352.35
272.69 348.25
194.43 358.99
191.36 351.83
200.57 354.39
202.10 360.53
94.69 367.18
94.69 372.29
349.41 347.23
341.74 339.05
343.27 343.65
335.09 341.09
349.41 341.09
317.70 346.72
303.37 346.21
315.65 339.05
313.09 339.05
304.91 333.93
310.54 333.93
298.77 334.95
299.79 328.31
309.00 326.77
315.14 326.26
343.27 328.82
338.16 325.75
336.11 330.86
332.02 326.77
338.67 321.66
344.29 322.17
348.90 325.75
354.01 333.93
354.52 328.82
347.87 330.35
415.90 327.79
423.06 337.00
423.57 337.00
385.21 342.63
402.09 341.60
394.93 340.07
397.49 324.21
393.91 317.05
388.28 319.61
365.78 318.08
308.49 316.03
313.09 322.17
265.01 312.96
245.06 311.43
242.51 311.43
234.84 312.96
282.40 314.50
278.82 320.12
273.20 319.61
269.62 319.10
454.01 334.44
466.28 332.91
460.15 333.42
454.01 322.68
444.29 327.28
461.68 324.72
464.75 327.79
472.42 327.28
480.61 331.37
474.47 333.93
482.14 337.00
476.00 340.07
467.82 342.12
488.28 342.12
481.63 325.75
504.65 344.16
505.67 337.51
510.78 342.63
516.41 348.25
512.83 349.79
503.11 330.35
502.60 326.26
523.06 337.51
535.85 337.51
529.71 343.65
533.80 347.23
534.82 330.35
541.47 352.86
544.03 352.35
536.36 351.32
354.27 319.61
338.92 316.54
417.18 317.05
421.27 317.05
411.55 321.14
427.41 320.63
424.85 316.54
425.88 312.45
432.01 312.45
433.04 322.17
431.50 318.08
444.29 321.14
438.15 321.14
448.89 314.50
444.80 313.98
441.73 313.98
452.98 317.56
457.59 316.03
460.15 318.59
468.33 316.03
464.75 315.01
472.42 320.63
477.02 320.63
481.63 321.14
483.16 314.50
512.32 318.59
527.66 321.14
520.50 321.66
517.43 318.08
516.41 314.50
510.78 311.43
536.87 322.68
532.78 322.68
525.62 315.01
357.59 314.50
360.66 316.80
335.34 312.96
339.69 308.10
342.25 307.85
347.87 306.31
341.74 302.73
368.08 308.10
364.50 301.96
421.78 274.34
424.60 274.09
430.22 273.06
431.25 273.06
435.34 274.60
444.80 273.58
452.98 273.32
440.45 282.27
445.06 285.08
447.36 278.18
452.47 278.18
473.70 280.74
471.14 277.41
470.38 271.27
466.03 272.30
473.44 273.06
476.00 269.48
478.56 270.25
484.19 270.25
486.74 270.76
457.33 273.32
461.17 273.58
489.04 270.51
490.07 270.25
493.14 270.25
496.72 270.00
498.25 270.00
500.30 270.76
507.97 270.00
436.62 295.57
433.55 298.38
428.94 297.10
424.09 299.15
421.78 308.10
452.98 302.99
450.43 308.36
380.61 308.87
373.70 307.85
390.58 312.45
387.77 303.75
390.84 299.92
386.24 299.41
382.40 297.87
376.01 300.17
369.36 297.62
376.01 296.59
310.02 305.29
300.82 309.64
303.63 316.03
477.79 310.15
498.00 305.54
492.88 309.12
515.64 309.38
520.50 309.38
522.04 311.94
536.10 312.45
534.31 306.06
543.01 304.01
514.62 336.23
513.85 330.61
382.91 277.67
385.98 278.18
399.02 273.06
373.19 277.41
348.39 273.32
345.06 270.25
453.50 347.74
501.83 307.33
504.39 307.85
498.76 310.40
494.93 313.73
499.27 314.24
498.00 317.05
492.88 318.84
489.56 314.75
492.37 312.19
457.59 310.40
457.59 306.31
474.21 306.31
475.23 304.27
459.38 300.94
467.56 297.62
465.00 303.24
474.72 300.43
481.63 300.94
413.34 311.94
399.02 310.15
398.00 316.03
394.42 305.54
393.40 303.75
395.95 299.92
399.28 307.08
410.53 306.57
410.02 302.22
429.97 306.57
425.62 310.40
435.59 306.31
427.15 302.48
434.06 302.48
440.96 303.75
447.10 303.24
447.36 299.15
440.96 299.66
447.36 293.27
446.34 295.57
453.75 295.06
452.98 298.38
461.17 295.06
444.29 289.18
427.67 285.08
422.04 284.83
412.83 285.60
409.51 278.95
415.13 277.16
405.93 277.92
401.07 285.34
415.13 282.53
470.89 279.97
496.72 294.04
493.39 300.94
485.46 306.31
483.67 309.38
541.73 295.06
533.54 297.87
528.94 296.34
527.41 301.45
520.76 302.99
516.92 303.75
518.71 294.55
507.71 294.29
501.58 295.31
508.99 296.85
502.86 299.66
483.16 296.08
480.86 294.80
470.89 293.52
466.28 291.73
461.94 289.43
473.70 289.18
437.90 291.48
419.99 296.85
417.18 294.55
412.07 289.43
398.77 294.04
394.68 293.01
384.45 292.76
383.17 288.92
357.59 297.62
358.87 302.48
352.99 310.66
354.52 290.46
360.41 289.94
350.43 297.10
351.45 292.76
367.57 287.39
359.13 284.57
424.09 290.97
428.43 290.97
389.05 294.80
389.05 288.15
387.00 288.41
392.63 287.64
393.65 287.90
396.21 288.15
400.30 288.66
364.75 294.04
365.78 288.92
366.80 289.18
369.61 290.46
360.15 305.80
364.50 306.06
468.84 310.66
511.81 295.31
513.34 294.55
521.01 300.43
530.99 309.64
539.68 307.33
538.40 300.17
156.83 308.36
162.97 308.36
165.27 308.36
169.36 309.89
179.59 306.06
180.11 308.61
181.38 274.60
97.50 272.81
101.59 273.32
106.20 274.60
111.82 273.83
114.89 273.83
125.12 271.53
234.84 305.03
229.98 309.12
228.44 310.40
255.04 304.52
264.25 306.82
255.04 307.59
246.60 307.85
263.99 301.96
279.08 306.06
274.22 299.15
276.78 297.36
278.82 297.10
102.36 304.52
98.78 307.33
96.99 304.78
92.39 306.06
109.01 307.59
111.82 309.64
114.12 311.68
116.17 307.59
115.91 301.96
122.56 302.22
125.89 305.54
131.51 303.50
141.23 301.45
138.42 304.78
153.76 305.80
148.90 305.80
166.04 304.52
170.39 304.01
180.87 303.75
183.69 303.75
188.80 306.57
200.57 308.61
210.54 306.57
194.68 313.73
199.03 316.03
195.45 317.05
222.05 302.99
227.42 305.03
231.00 305.03
227.93 295.31
222.30 299.66
226.40 291.48
220.00 293.52
204.66 293.01
208.49 291.22
201.33 291.99
192.38 289.94
187.78 289.94
180.36 289.94
177.55 290.46
166.55 290.46
173.71 288.15
169.88 288.41
158.88 292.76
151.72 293.01
145.32 292.76
148.65 291.48
140.21 293.01
135.61 293.01
135.09 291.73
128.45 291.73
291.35 302.99
299.28 303.50
304.65 304.01
286.50 312.96
295.45 316.54
301.33 317.82
298.26 309.89
319.23 305.80
314.12 305.80
312.33 302.48
318.72 301.96
323.58 298.64
331.51 298.89
315.91 313.73
317.44 320.38
321.79 321.40
303.37 295.57
290.08 296.85
291.35 296.85
284.96 291.73
282.91 296.59
296.73 296.85
299.03 293.01
155.81 302.48
149.42 301.20
119.24 308.87
173.71 298.89
162.20 301.20
169.36 295.31
173.71 295.31
158.88 296.59
176.53 298.89
164.76 297.87
182.66 297.87
190.59 300.17
196.73 300.17
195.96 303.24
194.94 307.59
204.15 302.99
208.49 297.87
201.33 296.85
209.00 301.71
214.12 301.71
214.12 305.54
235.60 299.41
242.00 299.15
238.67 298.89
260.67 295.06
265.27 294.29
266.55 295.57
269.10 294.55
248.13 305.03
242.00 303.50
250.18 293.52
244.55 294.55
122.82 295.83
102.36 294.80
105.17 294.55
109.26 297.10
114.38 294.55
86.25 302.73
80.88 300.43
87.78 296.59
99.03 288.41
103.38 287.90
104.15 289.43
106.71 289.43
107.73 290.20
109.52 290.20
111.57 290.20
112.59 289.94
107.47 286.62
107.22 286.62
98.01 291.48
99.80 290.71
100.83 290.71
104.92 291.99
119.24 291.22
111.82 291.73
80.88 287.39
77.81 289.18
79.09 294.55
87.53 291.73
83.18 296.59
92.13 289.18
92.13 294.29
77.81 306.57
78.06 319.87
100.06 324.72
101.08 328.56
104.92 328.31
102.87 331.63
106.71 332.65
99.55 331.12
89.83 331.63
93.15 328.56
93.15 325.49
94.43 321.91
92.64 320.63
94.94 318.33
86.50 331.89
92.64 342.37
97.50 339.05
114.12 335.98
142.00 341.35
133.56 344.93
139.44 346.72
146.86 342.12
137.91 335.47
143.53 337.00
139.44 329.84
180.36 348.00
179.08 350.04
186.76 353.62
239.44 349.02
229.46 349.02
233.04 343.39
236.37 337.00
238.67 344.16
205.42 328.05
200.82 330.61
205.68 334.95
94.18 300.68
101.85 300.68
109.01 301.20
127.42 298.13
132.54 294.55
135.09 296.08
142.26 295.06
153.51 298.13
145.84 297.10
182.15 294.55
187.27 295.06
54.79 311.94
51.72 313.47
46.10 311.94
75.76 311.43
78.83 307.33
67.58 307.85
58.88 312.96
66.04 303.75
53.77 305.29
49.16 305.29
46.61 305.80
37.40 308.36
57.35 304.27
57.86 297.62
54.28 296.59
40.98 302.22
35.35 303.24
24.61 304.78
17.96 304.78
73.72 297.10
64.00 301.71
70.14 301.71
67.07 300.68
65.53 294.55
