1002.47 289.62
989.76 291.30
1001.00 305.27
984.82 299.07
980.20 299.28
972.12 306.32
958.46 296.13
965.50 298.65
972.12 296.34
960.67 308.10
963.09 303.27
949.22 300.75
941.87 299.07
936.41 300.33
942.19 311.36
946.81 308.10
978.84 328.37
977.68 309.26
1016.09 287.28
982.06 335.38
1007.53 347.51
1017.61 345.30
997.76 342.52
1012.68 382.27
994.38 364.81
977.68 372.37
1009.29 413.54
963.40 420.52
955.84 394.58
973.06 393.74
994.14 449.95
851.84 559.14
832.94 515.88
896.37 483.11
798.91 463.37
850.58 441.52
840.08 426.40
801.85 440.26
738.01 508.73
680.04 489.41
721.62 427.24
750.61 407.92
791.77 403.30
912.75 420.52
966.34 373.88
952.16 363.70
953.11 351.72
975.37 350.25
971.91 343.53
944.77 337.60
942.25 351.25
922.92 359.86
919.77 351.25
926.70 340.96
922.50 342.01
921.03 327.52
925.65 302.10
918.30 306.51
908.22 321.01
911.79 319.75
905.91 312.19
898.14 309.24
895.62 319.12
903.39 319.54
908.64 342.01
909.69 328.15
909.69 361.12
902.97 373.51
905.28 381.92
918.30 396.83
886.38 383.60
876.30 389.90
870.63 369.73
878.40 353.14
892.47 340.54
892.05 329.83
883.44 321.64
880.29 313.87
884.91 306.93
877.35 305.67
872.52 306.93
863.28 313.45
857.81 319.54
867.06 327.73
873.78 320.38
870.00 312.19
863.07 352.72
850.25 346.84
844.37 361.12
852.77 334.24
839.33 345.58
841.85 318.70
839.33 313.03
833.45 319.12
823.79 346.42
806.15 361.96
813.62 334.76
812.36 325.94
817.40 316.28
805.64 332.66
795.97 322.16
801.43 323.00
785.89 330.56
778.75 330.56
772.45 337.70
777.49 351.15
787.57 347.79
766.57 351.15
760.69 347.79
768.67 359.97
759.85 392.31
676.26 424.66
669.12 401.97
686.34 380.55
630.47 435.16
656.93 383.91
677.10 380.97
698.94 356.19
703.98 341.06
721.62 325.52
736.33 326.36
745.99 325.94
743.05 335.18
738.01 345.27
730.02 356.19
740.95 371.73
719.10 394.83
713.64 327.20
617.45 387.69
605.69 381.39
606.53 362.91
615.77 359.97
630.89 359.13
643.07 362.91
651.89 357.87
660.71 368.37
672.06 363.33
680.88 354.51
696.84 333.92
682.98 326.36
677.10 332.24
651.05 342.74
632.99 336.44
615.77 350.73
607.79 344.85
600.65 357.03
593.92 357.45
595.18 346.95
594.76 333.50
593.92 338.96
574.18 364.59
575.02 382.65
691.38 428.02
538.90 433.90
543.94 389.79
546.46 376.35
563.68 366.69
557.38 357.45
565.36 347.37
567.88 336.44
560.74 334.76
546.46 348.63
534.70 348.21
541.84 360.81
527.97 375.09
525.03 354.93
515.79 386.43
405.55 585.40
438.32 448.46
470.24 457.70
482.01 435.85
461.00 401.41
492.93 393.01
488.73 361.08
502.17 364.44
518.97 355.20
515.61 342.60
517.29 335.88
491.25 339.24
493.77 319.92
474.44 325.80
446.72 403.93
441.68 380.41
461.00 367.80
461.00 356.04
455.96 347.64
462.68 319.08
448.40 314.04
448.40 333.36
440.84 332.52
382.03 477.86
389.59 461.90
376.15 461.90
334.14 480.38
295.50 501.38
266.93 471.98
287.94 461.06
312.30 461.06
354.31 449.30
350.11 420.73
384.55 412.33
392.95 432.49
416.48 445.10
394.63 394.69
422.36 400.57
417.32 366.96
396.31 381.25
401.35 368.64
427.40 356.88
434.12 348.48
441.68 342.60
428.66 335.67
434.54 335.25
424.46 336.09
415.22 331.47
412.70 346.17
389.59 370.53
378.25 366.75
391.27 341.55
400.93 326.43
406.81 329.79
390.01 325.59
367.75 327.69
374.05 328.11
373.21 310.89
361.87 374.31
365.23 385.66
370.69 370.11
373.21 392.80
381.61 378.52
372.79 404.14
354.31 392.80
347.59 333.99
348.85 326.43
342.13 328.53
332.46 342.39
332.04 331.47
328.26 329.37
334.98 324.75
337.08 323.91
358.51 331.05
325.74 354.15
327.84 379.36
337.92 381.46
321.12 399.94
302.22 400.36
290.04 398.26
306.84 379.36
294.66 381.88
301.38 361.29
310.62 359.19
320.28 335.67
301.80 332.73
308.10 331.89
287.10 335.67
287.52 349.95
288.36 363.39
291.30 354.99
281.64 366.75
273.65 378.52
277.44 418.42
263.57 439.00
245.09 460.85
229.97 481.01
229.97 455.39
292.98 455.39
241.73 400.36
212.75 388.18
204.34 382.30
216.95 376.42
227.03 371.79
248.45 352.05
257.69 372.21
266.09 367.59
268.19 360.45
257.69 360.45
266.93 351.21
276.18 354.99
261.05 337.35
269.87 334.83
276.18 326.01
295.08 323.49
219.05 345.33
227.45 337.77
166.96 484.58
182.08 487.94
172.00 441.73
182.92 428.29
214.01 419.05
198.88 425.77
156.88 394.69
145.12 420.73
84.63 482.06
99.75 545.07
137.55 503.06
115.71 485.42
103.95 430.81
106.47 403.93
145.12 387.97
173.68 378.73
192.16 372.00
203.08 366.96
445.04 358.56
492.93 346.80
504.69 382.93
32.54 465.26
9.86 463.58
51.86 426.61
68.66 420.73
19.10 417.37
40.94 393.01
60.26 392.17
85.47 405.61
98.07 389.65
75.39 374.52
61.94 375.37
129.99 361.08
118.23 364.44
135.87 373.68
149.32 362.76
160.24 377.05
36.74 374.52
34.22 361.08
2.30 393.01
87.39 363.81
103.77 364.23
94.11 348.69
117.21 347.85
139.47 354.57
135.27 328.95
158.38 340.71
165.52 356.67
181.06 345.75
178.54 338.61
191.14 349.11
202.90 345.33
207.94 338.19
211.72 337.35
212.56 331.05
219.28 336.93
224.33 328.11
228.11 318.87
237.77 329.79
244.91 336.09
249.53 335.25
239.03 336.51
244.91 326.01
257.09 327.69
262.13 328.11
275.57 320.55
199.12 335.67
185.26 332.73
203.32 326.01
213.82 322.65
209.20 323.91
188.20 323.49
195.76 326.01
196.18 318.03
185.68 317.19
188.62 314.67
177.28 326.01
172.24 332.31
160.48 333.15
155.44 327.27
160.90 323.91
150.39 317.19
146.61 317.61
137.37 320.97
140.31 326.43
120.57 322.23
97.89 331.47
99.99 327.69
92.43 329.37
88.65 338.61
72.68 345.75
74.78 357.09
50.00 360.87
41.18 354.99
44.54 366.33
1.27 373.89
5.89 331.05
23.12 330.63
32.36 327.69
21.44 339.03
37.82 341.55
42.86 347.43
55.88 326.85
44.96 327.69
69.74 332.73
81.50 328.53
77.72 321.81
84.02 320.55
71.00 324.75
73.94 319.71
290.28 323.49
324.30 308.79
318.42 304.16
319.26 305.84
326.82 306.69
315.06 300.38
315.06 309.21
300.78 304.58
310.02 287.36
318.42 286.94
286.07 277.28
296.58 295.34
301.20 297.02
294.06 295.34
281.03 289.88
265.91 286.52
282.29 294.50
283.97 298.70
279.35 299.96
277.67 297.44
276.41 296.60
277.25 294.50
278.09 290.30
289.43 298.70
265.49 297.86
262.13 302.06
264.23 303.32
264.65 301.64
265.49 302.06
266.33 299.54
269.27 297.86
263.39 298.39
253.94 303.85
257.72 301.33
249.11 300.07
245.75 298.18
241.34 296.50
242.39 300.07
237.98 303.01
245.33 307.00
235.88 320.02
247.22 320.65
246.59 317.71
261.08 317.71
271.16 306.16
272.84 298.81
234.62 302.80
230.42 300.07
231.47 300.91
226.64 299.65
224.33 300.70
220.12 300.70
210.46 304.69
213.82 298.39
211.30 297.34
208.36 297.13
205.21 301.12
218.23 300.49
201.64 298.18
186.10 303.22
189.67 298.60
193.45 300.07
190.72 304.48
177.49 302.38
180.22 299.86
166.78 305.11
156.49 297.76
158.59 302.80
168.25 313.93
177.28 319.18
171.82 304.69
155.02 306.79
146.61 312.67
145.56 306.79
148.71 303.01
169.93 300.70
185.05 307.63
182.74 300.28
198.07 299.02
137.49 301.75
133.29 298.81
133.71 301.96
136.23 306.37
136.86 312.88
131.40 318.55
127.20 310.99
132.03 308.89
127.41 304.06
122.79 302.59
119.85 299.23
124.68 298.81
117.75 306.37
121.53 306.37
113.76 313.93
119.85 314.56
112.08 321.70
106.41 324.22
97.38 322.54
105.15 314.98
109.77 302.17
114.18 300.49
105.36 298.60
100.74 300.91
103.68 305.95
97.17 308.89
99.48 313.72
95.07 314.14
92.33 319.60
88.13 321.28
89.60 315.40
90.44 312.04
91.49 302.80
96.33 302.80
83.09 304.69
79.52 306.79
75.53 305.74
72.80 300.07
77.63 299.23
69.23 297.97
60.20 313.09
67.55 312.25
70.70 307.84
71.75 303.64
74.06 310.99
78.47 316.45
57.47 301.54
52.64 302.17
46.13 297.76
46.76 303.43
46.55 319.81
38.99 321.28
26.60 322.12
31.22 307.21
38.99 300.07
40.88 304.69
32.48 302.17
35.21 300.70
30.59 297.34
25.96 300.28
8.95 299.86
15.25 296.08
5.59 304.90
11.89 311.20
24.70 314.35
16.93 307.00
18.61 303.43
16.93 320.65
21.13 320.86
10.00 325.27
12.52 337.03
22.18 293.56
84.14 301.33
85.82 310.57
126.57 349.01
150.51 353.63
2.61 317.34
217.37 307.32
51.02 308.16
38.42 312.36
1008.39 311.86
1007.37 322.09
987.93 317.99
1020.67 299.58
751.63 336.41
1021.69 338.45
1018.62 366.07
735.26 334.36
1000.21 320.04
