63.16 507.14
82.06 463.88
18.63 431.11
116.09 411.37
64.42 389.52
74.92 374.40
113.15 388.26
176.99 456.73
234.96 437.41
193.38 375.24
164.39 355.92
123.23 351.30
2.25 368.52
6.78 269.01
3.21 267.75
9.09 260.19
16.86 257.24
19.38 267.12
11.61 267.54
6.36 290.01
5.31 276.15
5.31 309.12
12.03 321.51
9.72 329.92
28.62 331.60
38.70 337.90
44.37 317.73
36.60 301.14
22.53 288.54
22.95 277.83
31.56 269.64
34.71 261.87
30.09 254.93
37.65 253.67
42.48 254.93
51.72 261.45
57.19 267.54
47.94 275.73
41.22 268.38
45.00 260.19
51.93 300.72
64.75 294.84
70.63 309.12
62.23 282.24
75.67 293.58
73.15 266.70
75.67 261.03
81.55 267.12
91.21 294.42
108.85 309.96
101.38 282.76
102.64 273.94
97.60 264.28
109.36 280.66
119.03 270.16
113.57 271.00
129.11 278.56
136.25 278.56
142.55 285.70
137.51 299.15
127.43 295.79
148.43 299.15
154.31 295.79
146.33 307.97
155.15 340.31
238.74 372.66
245.88 349.97
228.66 328.55
284.53 383.16
258.07 331.91
237.90 328.97
216.06 304.19
211.02 289.06
193.38 273.52
178.67 274.36
169.01 273.94
171.95 283.18
176.99 293.27
184.98 304.19
174.05 319.73
195.90 342.83
201.36 275.20
297.55 335.69
309.31 329.39
308.47 310.91
299.23 307.97
284.11 307.13
271.93 310.91
263.11 305.87
254.29 316.37
242.94 311.33
234.12 302.51
218.16 281.92
232.02 274.36
237.90 280.24
263.95 290.74
282.01 284.44
299.23 298.73
307.21 292.85
314.35 305.03
321.08 305.45
319.82 294.95
320.24 281.50
321.08 286.96
340.82 312.59
339.98 330.65
223.62 376.02
376.10 381.90
371.06 337.79
368.54 324.35
351.32 314.69
357.62 305.45
349.64 295.37
347.12 284.44
354.26 282.76
368.54 296.63
380.30 296.21
373.16 308.81
387.03 323.09
389.97 302.93
399.21 334.43
509.45 533.40
476.68 396.46
444.76 405.70
432.99 383.85
454.00 349.41
422.07 341.01
426.27 309.08
412.83 312.44
396.03 303.20
399.39 290.60
397.71 283.88
423.75 287.24
421.23 267.92
440.56 273.80
468.28 351.93
473.32 328.41
454.00 315.80
454.00 304.04
459.04 295.64
452.32 267.08
466.60 262.04
466.60 281.36
474.16 280.52
532.97 425.86
525.41 409.90
538.85 409.90
530.45 360.33
522.05 380.49
498.52 393.10
520.37 342.69
492.64 348.57
497.68 314.96
518.69 329.25
513.65 316.64
487.60 304.88
480.88 296.48
473.32 290.60
486.34 283.67
480.46 283.25
490.54 284.09
499.78 279.47
502.30 294.17
525.41 318.53
536.75 314.75
523.73 289.55
514.07 274.43
508.19 277.79
524.99 273.59
540.95 276.11
541.79 258.89
541.79 340.80
533.39 326.52
542.21 352.14
469.96 306.56
422.07 294.80
410.31 330.93
163.37 284.41
179.74 282.36
