537.22 172.75
529.87 171.07
524.41 172.33
530.19 183.36
534.81 180.10
543.84 266.58
439.84 431.14
420.94 387.88
484.37 355.11
386.91 335.37
438.58 313.52
428.08 298.40
389.85 312.26
326.01 380.73
268.04 361.41
309.62 299.24
338.61 279.92
379.77 275.30
500.75 292.52
540.16 235.70
541.11 223.72
532.77 209.60
530.25 223.25
510.92 231.86
507.77 223.25
514.70 212.96
510.50 214.01
509.03 199.52
513.65 174.10
506.30 178.51
496.22 193.01
499.79 191.75
493.91 184.19
486.14 181.24
483.62 191.12
491.39 191.54
496.64 214.01
497.69 200.15
497.69 233.12
490.97 245.51
493.28 253.92
506.30 268.83
474.38 255.60
464.30 261.90
458.63 241.73
466.40 225.14
480.47 212.54
480.05 201.83
471.44 193.64
468.29 185.87
472.91 178.93
465.35 177.67
460.52 178.93
451.28 185.45
445.81 191.54
455.06 199.73
461.78 192.38
458.00 184.19
451.07 224.72
438.25 218.84
432.37 233.12
440.77 206.24
427.33 217.58
429.85 190.70
427.33 185.03
421.45 191.12
411.79 218.42
394.15 233.96
401.62 206.76
400.36 197.94
405.40 188.28
393.64 204.66
383.97 194.16
389.43 195.00
373.89 202.56
366.75 202.56
360.45 209.70
365.49 223.15
375.57 219.79
354.57 223.15
348.69 219.79
356.67 231.97
347.85 264.31
264.26 296.66
257.12 273.97
274.34 252.55
218.47 307.16
244.93 255.91
265.10 252.97
286.94 228.19
291.98 213.06
309.62 197.52
324.33 198.36
333.99 197.94
331.05 207.18
326.01 217.27
318.02 228.19
328.95 243.73
307.10 266.83
301.64 199.20
205.45 259.69
193.69 253.39
194.53 234.91
203.77 231.97
218.89 231.13
231.07 234.91
239.89 229.87
248.71 240.37
260.06 235.33
268.88 226.51
284.84 205.92
270.98 198.36
265.10 204.24
239.05 214.74
220.99 208.44
203.77 222.73
195.79 216.85
188.65 229.03
181.92 229.45
183.18 218.95
182.76 205.50
181.92 210.96
162.18 236.59
163.02 254.65
279.38 300.02
126.90 305.90
131.94 261.79
134.46 248.35
151.68 238.69
145.38 229.45
153.36 219.37
155.88 208.44
148.74 206.76
134.46 220.63
122.70 220.21
129.84 232.81
115.97 247.09
113.03 226.93
103.79 258.43
26.32 320.46
58.24 329.70
70.01 307.85
49.00 273.41
80.93 265.01
76.73 233.08
90.17 236.44
106.97 227.20
103.61 214.60
105.29 207.88
79.25 211.24
81.77 191.92
62.44 197.80
34.72 275.93
29.68 252.41
49.00 239.80
49.00 228.04
43.96 219.64
50.68 191.08
36.40 186.04
36.40 205.36
28.84 204.52
4.48 317.10
10.36 272.57
5.32 238.96
15.40 228.88
22.12 220.48
29.68 214.60
16.66 207.67
22.54 207.25
12.46 208.09
3.22 203.47
0.70 218.17
33.04 230.56
80.93 218.80
92.69 254.93
339.63 208.41
323.26 206.36
