295.06 575.87
431.82 553.33
355.17 524.77
227.43 454.13
72.62 493.21
0.48 422.57
59.10 374.48
6.49 317.37
21.52 276.79
68.11 279.79
125.23 317.37
119.21 282.80
161.30 385.00
200.37 363.96
212.40 327.89
242.45 348.93
240.95 296.33
197.37 251.24
313.09 285.81
352.17 320.37
359.68 359.45
319.10 374.48
433.33 297.83
443.85 448.12
565.59 374.48
508.47 341.41
485.93 341.41
469.40 296.33
491.94 258.75
577.61 293.32
559.57 282.80
598.65 246.73
586.63 264.76
567.09 242.22
525.01 242.22
528.01 215.17
508.47 225.69
478.42 219.68
460.38 224.19
454.37 242.22
407.78 279.79
389.74 267.77
350.67 272.28
337.14 257.25
323.61 233.20
284.54 252.74
265.00 269.27
251.47 251.24
222.92 252.74
215.40 264.76
146.27 231.70
116.21 252.74
140.25 257.25
98.17 240.72
89.16 252.74
35.05 243.72
21.52 230.20
606.29 212.91
595.77 226.44
560.45 223.43
546.17 215.92
564.21 206.15
408.65 245.23
384.61 247.48
384.61 236.96
388.36 230.20
371.08 226.44
332.76 226.44
346.28 224.94
354.55 210.66
402.64 218.93
426.69 214.42
453.74 207.65
452.99 198.64
384.61 200.14
370.33 206.15
313.97 219.68
315.47 205.40
330.50 206.15
301.19 209.16
301.19 235.46
268.88 230.20
277.15 218.17
274.14 207.65
270.38 200.14
277.15 191.87
290.67 201.64
305.70 189.62
407.15 208.40
416.92 205.40
425.94 195.63
434.96 203.14
414.67 195.63
404.15 196.38
413.91 185.11
393.62 193.38
386.11 185.86
373.34 180.60
387.61 175.34
394.38 177.59
401.89 177.59
411.66 172.33
422.18 170.83
419.93 177.59
422.93 182.85
437.21 182.85
426.69 179.10
434.96 173.84
440.22 189.62
458.25 185.11
459.00 191.12
473.28 190.37
470.27 175.34
483.05 174.59
483.05 191.12
513.86 202.39
502.59 200.14
507.85 182.85
521.37 191.87
532.65 202.39
550.68 202.39
546.17 191.87
537.91 189.62
537.91 182.85
528.14 179.10
518.37 180.60
553.69 181.35
560.45 193.38
575.48 205.40
582.24 203.90
577.73 191.12
582.24 184.36
572.47 181.35
583.75 177.59
573.23 173.84
599.53 196.38
598.78 179.85
605.54 179.85
352.29 186.61
597.34 173.09
604.85 172.33
571.03 168.20
542.22 170.96
236.86 215.10
242.86 201.88
251.27 205.48
259.68 197.07
253.68 186.26
220.03 195.87
232.05 189.86
197.20 213.89
212.82 189.86
221.23 230.72
241.66 230.72
170.77 234.32
151.54 211.49
161.16 219.90
161.16 204.28
179.18 205.48
179.18 193.47
191.20 197.07
86.66 219.90
122.71 222.30
125.11 205.48
113.09 209.09
68.64 209.09
73.44 192.27
32.59 222.30
59.02 223.51
448.33 176.65
609.36 149.46
602.00 163.88
611.16 154.72
594.94 155.77
585.33 165.98
585.03 145.25
587.06 157.72
578.04 169.14
586.76 172.44
593.06 167.03
596.67 162.23
591.26 160.72
595.77 149.91
599.97 151.11
596.97 154.72
598.17 156.52
566.03 149.91
560.62 149.61
554.61 149.61
549.21 148.11
551.31 140.00
556.72 145.70
569.63 144.80
573.54 149.91
566.03 196.77
544.40 176.04
544.40 166.43
561.82 174.24
556.42 160.12
563.33 165.83
547.10 160.72
553.11 156.52
553.41 163.13
552.21 169.44
612.59 180.25
538.60 167.03
533.49 164.33
541.60 163.13
534.99 156.52
506.76 168.84
509.76 177.85
519.37 173.64
524.18 170.34
517.87 158.92
479.42 170.34
494.14 168.23
501.05 161.33
498.05 158.32
510.66 160.72
490.84 155.62
465.60 170.34
470.11 173.64
462.90 164.33
454.49 168.53
456.59 178.75
443.37 175.14
443.07 162.83
435.86 162.83
445.48 168.84
448.48 161.93
403.72 168.23
385.40 164.93
390.81 159.82
394.11 147.51
401.32 145.40
403.72 151.41
409.43 151.41
411.53 147.21
414.54 154.12
439.17 155.62
447.28 148.71
474.92 151.71
481.52 148.71
494.44 148.71
506.46 150.81
471.31 148.71
458.69 151.41
379.69 173.04
387.20 147.21
379.99 147.51
495.34 185.36
500.45 171.54
528.08 149.31
520.57 151.71
367.07 197.67
355.96 196.17
340.94 199.48
345.15 206.68
323.22 196.17
330.43 191.66
338.24 184.76
337.34 178.45
331.03 176.95
321.11 178.15
323.22 173.94
314.81 165.23
313.91 183.55
301.59 175.44
305.80 173.64
294.38 165.83
296.78 161.02
305.49 163.13
306.10 167.93
294.08 175.74
288.37 187.76
278.46 182.35
271.55 183.85
266.44 179.05
276.06 168.53
275.16 167.33
256.53 175.74
264.64 170.64
268.25 169.44
252.02 170.04
245.42 171.54
244.52 177.25
229.20 171.54
234.00 177.25
237.31 183.85
245.42 184.16
364.37 172.74
360.17 176.04
315.11 192.87
337.94 174.24
346.95 173.34
346.35 168.53
354.76 170.04
352.66 163.13
347.55 161.93
337.34 165.23
330.43 160.12
336.43 161.02
350.25 156.22
349.65 152.01
359.57 153.52
366.47 157.72
363.77 154.72
371.28 152.61
373.08 153.21
368.88 149.61
361.07 146.61
370.68 145.40
374.89 145.40
378.79 152.61
385.70 155.62
407.63 156.82
412.43 163.73
422.35 151.41
428.66 151.71
424.45 148.41
428.05 147.81
435.56 148.41
403.72 141.50
382.70 144.20
353.26 146.61
341.24 148.71
344.25 147.51
337.94 147.51
331.93 145.40
326.52 149.61
330.13 149.01
324.42 150.51
323.22 142.70
317.21 147.51
307.60 147.21
310.00 155.62
330.13 172.14
303.09 150.51
306.10 153.52
299.79 148.71
297.68 146.31
293.48 148.41
286.27 148.41
297.68 157.72
288.37 161.33
283.57 167.33
278.76 161.02
272.15 156.22
285.37 153.21
279.96 146.91
273.05 146.31
271.85 150.51
255.93 148.41
263.14 157.42
267.04 158.32
265.54 161.93
241.51 164.33
233.40 164.63
229.80 160.12
238.21 155.32
243.61 147.51
372.18 169.44
377.59 165.23
374.28 175.44
359.87 159.22
373.38 159.22
99.43 198.87
95.22 193.77
87.11 199.17
85.01 186.86
74.79 185.96
57.67 187.46
56.47 202.48
49.56 207.59
27.03 203.68
38.75 205.48
45.36 194.67
37.55 176.34
27.33 186.26
20.42 182.65
11.71 194.37
1.80 195.27
4.50 178.45
2.40 167.63
24.03 175.74
45.66 179.95
56.47 179.65
62.18 177.85
67.28 177.85
88.91 182.65
93.12 182.65
89.81 176.65
110.24 188.66
103.63 197.37
121.05 192.57
128.26 192.57
144.18 190.76
156.80 185.06
135.17 178.75
150.19 179.35
162.81 175.14
159.20 167.03
149.29 171.24
139.68 171.24
136.67 167.93
128.86 170.04
115.35 170.34
120.45 169.14
105.43 173.34
98.22 170.34
90.11 169.14
151.09 161.93
161.31 163.43
161.91 156.52
156.80 157.72
159.20 149.31
146.29 142.40
138.78 149.61
139.98 152.01
131.57 144.50
122.56 143.60
82.30 146.61
153.50 143.00
59.77 147.81
28.83 142.70
14.72 143.30
16.52 152.91
39.65 155.62
49.56 153.21
46.56 164.03
43.25 155.62
63.38 152.31
54.67 153.82
66.08 148.71
60.07 158.32
74.79 169.14
72.39 177.55
80.20 179.65
75.39 182.65
98.22 179.95
100.93 188.06
109.04 182.65
109.64 167.63
104.53 164.63
107.84 160.72
98.22 158.32
85.91 157.12
72.39 160.72
80.20 151.41
88.31 153.52
114.45 158.32
72.99 151.11
67.89 162.53
66.38 155.32
29.74 157.12
27.63 162.83
33.34 164.03
33.34 170.04
32.14 182.35
27.33 196.47
126.76 181.75
13.22 222.91
11.49 175.59
15.40 165.83
7.89 157.42
4.43 150.81
196.08 182.20
202.99 183.10
185.86 184.91
169.04 185.21
173.10 178.75
178.35 173.64
180.31 167.63
187.52 170.04
193.07 167.48
200.13 164.18
219.06 170.79
238.88 167.33
197.73 158.62
204.79 158.32
167.39 156.22
176.55 156.82
168.14 142.85
228.67 155.77
218.76 153.67
185.19 158.62
187.59 150.21
123.91 150.21
