557.06 582.87
693.82 560.33
617.17 531.77
489.43 461.13
423.30 392.00
462.37 370.96
474.40 334.89
504.45 355.93
502.95 303.33
459.37 258.24
575.09 292.81
614.17 327.37
621.68 366.45
581.10 381.48
695.33 304.83
705.85 455.12
827.59 381.48
770.47 348.41
747.93 348.41
731.40 303.33
753.94 265.75
839.61 300.32
821.57 289.80
886.20 310.84
931.29 334.89
952.33 373.96
1021.46 331.88
955.34 304.83
899.73 262.75
955.34 258.24
934.29 217.66
860.65 253.73
848.63 271.76
829.09 249.22
787.01 249.22
790.01 222.17
770.47 232.69
740.42 226.68
722.38 231.19
716.37 249.22
669.78 286.79
651.74 274.77
612.67 279.28
599.14 264.25
585.61 240.20
546.54 259.74
527.00 276.27
513.47 258.24
484.92 259.74
477.40 271.76
903.61 215.40
868.29 219.91
857.77 233.44
822.45 230.43
808.17 222.92
826.21 213.15
670.65 252.23
646.61 254.48
646.61 243.96
650.36 237.20
633.08 233.44
594.76 233.44
608.28 231.94
616.55 217.66
664.64 225.93
688.69 221.42
715.74 214.65
714.99 205.64
646.61 207.14
632.33 213.15
575.97 226.68
577.47 212.40
592.50 213.15
563.19 216.16
563.19 242.46
530.88 237.20
539.15 225.17
536.14 214.65
532.38 207.14
539.15 198.87
552.67 208.64
567.70 196.62
669.15 215.40
678.92 212.40
687.94 202.63
696.96 210.14
676.67 202.63
666.15 203.38
675.91 192.11
655.62 200.38
648.11 192.86
635.34 187.60
649.61 182.34
656.38 184.59
663.89 184.59
673.66 179.33
684.18 177.83
681.93 184.59
684.93 189.85
699.21 189.85
688.69 186.10
696.96 180.84
702.22 196.62
720.25 192.11
721.00 198.12
735.28 197.37
732.27 182.34
745.05 181.59
745.05 198.12
775.86 209.39
764.59 207.14
769.85 189.85
783.37 198.87
794.65 209.39
812.68 209.39
808.17 198.87
799.91 196.62
799.91 189.85
790.14 186.10
780.37 187.60
815.69 188.35
822.45 200.38
837.48 212.40
844.24 210.90
839.73 198.12
844.24 191.36
834.47 188.35
845.75 184.59
835.23 180.84
861.53 203.38
886.33 198.12
888.58 219.16
953.21 218.41
976.50 237.20
984.77 254.48
999.05 226.68
981.01 217.66
993.03 205.64
999.05 195.11
1002.80 186.10
1015.58 189.85
966.73 198.87
944.19 198.12
926.15 189.85
953.96 186.10
908.12 180.84
899.10 192.86
890.83 191.36
895.34 179.33
935.92 184.59
882.57 181.59
876.56 191.36
860.78 186.85
867.54 186.85
983.26 179.33
998.29 177.08
614.29 193.61
908.12 196.62
1015.64 174.83
961.16 180.84
971.30 176.70
936.36 173.32
944.25 170.32
992.72 170.69
968.30 187.22
985.58 192.48
916.82 182.72
878.50 193.99
859.34 180.09
866.85 179.33
833.03 175.20
928.79 177.96
907.35 168.50
804.22 177.96
498.86 222.10
504.86 208.88
513.27 212.48
521.68 204.07
515.68 193.26
482.03 202.87
494.05 196.86
459.20 220.89
474.82 196.86
483.23 237.72
503.66 237.72
432.77 241.32
413.54 218.49
423.16 226.90
423.16 211.28
441.18 212.48
441.18 200.47
453.20 204.07
710.33 183.65
934.29 126.87
959.83 138.44
956.22 137.69
975.30 137.08
983.86 143.69
984.46 147.90
995.27 136.63
996.32 146.85
995.57 157.36
990.32 154.51
992.12 151.80
980.25 157.21
964.78 154.51
965.98 158.41
962.83 157.66
969.74 156.61
943.45 153.91
930.24 157.81
948.56 155.56
977.10 168.02
940.30 171.33
953.97 168.33
929.64 164.72
928.13 171.33
1002.63 166.82
990.62 162.47
1013.90 166.82
1004.43 163.97
1002.78 175.23
1010.59 160.82
1015.09 156.01
953.66 176.29
964.63 169.53
939.15 160.21
916.32 175.68
949.51 173.28
950.11 164.87
953.57 160.52
940.50 166.97
901.15 155.56
901.60 147.45
900.10 164.87
913.01 169.83
923.53 165.47
958.97 166.07
917.77 161.87
871.36 156.46
886.23 173.58
890.74 169.68
899.90 174.18
892.99 168.02
888.63 160.06
878.27 165.62
876.77 177.19
864.00 170.88
873.16 161.72
856.94 162.77
847.33 172.98
847.03 152.25
938.12 182.44
923.78 162.47
906.51 161.27
909.21 164.72
910.41 160.82
885.18 165.32
881.12 174.63
903.13 182.74
876.09 159.61
886.91 158.11
892.91 153.91
881.80 158.11
888.71 178.24
849.06 164.72
840.04 176.14
848.76 179.44
855.06 174.03
858.67 169.23
853.26 167.72
857.77 156.91
861.97 158.11
858.97 161.72
860.17 163.52
828.03 156.91
822.62 156.61
816.61 156.61
811.21 155.11
813.31 147.00
818.72 152.70
831.63 151.80
835.54 156.91
828.03 203.77
806.40 183.04
806.40 173.43
823.82 181.24
818.42 167.12
825.33 172.83
809.10 167.72
815.11 163.52
815.41 170.13
814.21 176.44
874.59 187.25
885.40 187.55
894.72 159.31
800.60 174.03
795.49 171.33
803.60 170.13
796.99 163.52
768.76 175.84
771.76 184.85
781.37 180.64
786.18 177.34
779.87 165.92
741.42 177.34
756.14 175.23
763.05 168.33
760.05 165.32
772.66 167.72
752.84 162.62
727.60 177.34
732.11 180.64
724.90 171.33
716.49 175.53
718.59 185.75
705.37 182.14
705.07 169.83
697.86 169.83
707.48 175.84
710.48 168.93
665.72 175.23
647.40 171.93
652.81 166.82
656.11 154.51
663.32 152.40
665.72 158.41
671.43 158.41
673.53 154.21
676.54 161.12
701.17 162.62
709.28 155.71
736.92 158.71
743.52 155.71
756.44 155.71
768.46 157.81
733.31 155.71
720.69 158.41
641.69 180.04
649.20 154.21
641.99 154.51
757.34 192.36
762.45 178.54
790.08 156.31
782.57 158.71
629.07 204.67
617.96 203.17
602.94 206.48
607.15 213.68
585.22 203.17
592.43 198.66
600.24 191.76
599.34 185.45
593.03 183.95
583.11 185.15
585.22 180.94
576.81 172.23
575.91 190.55
563.59 182.44
567.80 180.64
556.38 172.83
558.78 168.02
567.49 170.13
568.10 174.93
556.08 182.74
550.37 194.76
540.46 189.35
533.55 190.85
528.44 186.05
538.06 175.53
537.16 174.33
518.53 182.74
526.64 177.64
530.25 176.44
514.02 177.04
507.42 178.54
506.52 184.25
491.20 178.54
496.00 184.25
499.31 190.85
507.42 191.16
626.37 179.74
622.17 183.04
577.11 199.87
599.94 181.24
608.95 180.34
608.35 175.53
616.76 177.04
614.66 170.13
609.55 168.93
599.34 172.23
592.43 167.12
598.43 168.02
612.25 163.22
611.65 159.01
621.57 160.52
628.47 164.72
625.77 161.72
633.28 159.61
635.08 160.21
630.88 156.61
623.07 153.61
632.68 152.40
636.89 152.40
640.79 159.61
647.70 162.62
669.63 163.82
674.43 170.73
684.35 158.41
690.66 158.71
686.45 155.41
690.05 154.81
697.56 155.41
665.72 148.50
644.70 151.20
615.26 153.61
603.24 155.71
606.25 154.51
599.94 154.51
593.93 152.40
588.52 156.61
592.13 156.01
586.42 157.51
585.22 149.70
579.21 154.51
569.60 154.21
572.00 162.62
592.13 179.14
565.09 157.51
568.10 160.52
561.79 155.71
559.68 153.31
555.48 155.41
548.27 155.41
559.68 164.72
550.37 168.33
545.57 174.33
540.76 168.02
534.15 163.22
547.37 160.21
541.96 153.91
535.05 153.31
533.85 157.51
517.93 155.41
525.14 164.42
529.04 165.32
527.54 168.93
503.51 171.33
495.40 171.63
491.80 167.12
500.21 162.32
505.61 154.51
634.18 176.44
639.59 172.23
636.28 182.44
621.87 166.22
635.38 166.22
418.80 192.06
412.19 186.35
424.81 182.14
421.20 174.03
411.29 178.24
413.09 168.93
423.31 170.43
423.91 163.52
418.80 164.72
421.20 156.31
415.50 150.00
458.08 189.20
464.99 190.10
447.86 191.91
431.04 192.21
435.10 185.75
440.35 180.64
442.31 174.63
449.52 177.04
455.07 174.48
462.13 171.18
481.06 177.79
500.88 174.33
459.73 165.62
466.79 165.32
429.39 163.22
438.55 163.82
430.14 149.85
490.67 162.77
480.76 160.67
447.19 165.62
449.59 157.21
