857.06 593.87
993.82 571.33
917.17 542.77
789.43 472.13
634.62 511.21
427.22 559.30
562.48 440.57
427.22 359.41
449.76 342.88
523.41 407.51
621.10 392.48
568.49 335.37
520.40 321.84
458.78 296.29
451.26 335.37
437.74 312.82
419.70 282.76
452.77 263.23
485.83 294.79
482.83 272.24
458.78 281.26
550.46 300.80
583.52 294.79
630.11 297.79
687.23 335.37
681.21 300.80
723.30 403.00
762.37 381.96
774.40 345.89
804.45 366.93
802.95 314.33
759.37 269.24
875.09 303.81
914.17 338.37
921.68 377.45
881.10 392.48
995.33 315.83
1005.85 466.12
1022.38 242.19
1016.37 260.22
969.78 297.79
951.74 285.77
912.67 290.28
899.14 275.25
885.61 251.20
846.54 270.74
827.00 287.27
813.47 269.24
784.92 270.74
777.40 282.76
708.27 249.70
678.21 270.74
702.25 275.25
660.17 258.72
651.16 270.74
597.05 261.72
583.52 248.20
545.95 254.21
523.41 279.76
467.80 237.68
448.26 240.68
428.72 237.68
970.65 263.23
946.61 265.48
946.61 254.96
950.36 248.20
933.08 244.44
894.76 244.44
908.28 242.94
916.55 228.66
964.64 236.93
988.69 232.42
1015.74 225.65
1014.99 216.64
946.61 218.14
932.33 224.15
875.97 237.68
877.47 223.40
892.50 224.15
863.19 227.16
863.19 253.46
830.88 248.20
839.15 236.17
836.14 225.65
832.38 218.14
839.15 209.87
852.67 219.64
867.70 207.62
969.15 226.40
978.92 223.40
987.94 213.63
996.96 221.14
976.67 213.63
966.15 214.38
975.91 203.11
955.62 211.38
948.11 203.86
935.34 198.60
949.61 193.34
956.38 195.59
963.89 195.59
973.66 190.33
984.18 188.83
981.93 195.59
984.93 200.85
999.21 200.85
988.69 197.10
996.96 191.84
1002.22 207.62
1020.25 203.11
1021.00 209.12
914.29 204.61
798.86 233.10
804.86 219.88
813.27 223.48
821.68 215.07
815.68 204.26
782.03 213.87
794.05 207.86
759.20 231.89
774.82 207.86
783.23 248.72
803.66 248.72
732.77 252.32
713.54 229.49
723.16 237.90
723.16 222.28
741.18 223.48
741.18 211.47
753.20 215.07
648.66 237.90
684.71 240.30
687.11 223.48
675.09 227.09
630.64 227.09
635.44 210.27
594.59 240.30
621.02 241.51
1010.33 194.65
1016.49 186.53
1018.59 196.75
1005.37 193.14
1005.07 180.83
997.86 180.83
1007.48 186.84
1010.48 179.93
965.72 186.23
947.40 182.93
952.81 177.82
956.11 165.51
963.32 163.40
965.72 169.41
971.43 169.41
973.53 165.21
976.54 172.12
1001.17 173.62
1009.28 166.71
1020.69 169.41
941.69 191.04
949.20 165.21
941.99 165.51
929.07 215.67
917.96 214.17
902.94 217.48
907.15 224.68
885.22 214.17
892.43 209.66
900.24 202.76
899.34 196.45
893.03 194.95
883.11 196.15
885.22 191.94
876.81 183.23
875.91 201.55
863.59 193.44
867.80 191.64
856.38 183.83
858.78 179.02
867.49 181.13
868.10 185.93
856.08 193.74
850.37 205.76
840.46 200.35
833.55 201.85
828.44 197.05
838.06 186.53
837.16 185.33
818.53 193.74
826.64 188.64
830.25 187.44
814.02 188.04
807.42 189.54
806.52 195.25
791.20 189.54
796.00 195.25
799.31 201.85
807.42 202.16
926.37 190.74
922.17 194.04
877.11 210.87
899.94 192.24
908.95 191.34
908.35 186.53
916.76 188.04
914.66 181.13
909.55 179.93
899.34 183.23
892.43 178.12
898.43 179.02
912.25 174.22
911.65 170.01
921.57 171.52
928.47 175.72
925.77 172.72
933.28 170.61
935.08 171.21
930.88 167.61
923.07 164.61
932.68 163.40
936.89 163.40
940.79 170.61
947.70 173.62
969.63 174.82
974.43 181.73
984.35 169.41
990.66 169.71
986.45 166.41
990.05 165.81
997.56 166.41
965.72 159.50
944.70 162.20
915.26 164.61
903.24 166.71
906.25 165.51
899.94 165.51
893.93 163.40
888.52 167.61
892.13 167.01
886.42 168.51
885.22 160.70
879.21 165.51
869.60 165.21
872.00 173.62
892.13 190.14
865.09 168.51
868.10 171.52
861.79 166.71
859.68 164.31
855.48 166.41
848.27 166.41
859.68 175.72
850.37 179.33
845.57 185.33
840.76 179.02
834.15 174.22
847.37 171.21
841.96 164.91
835.05 164.31
833.85 168.51
817.93 166.41
825.14 175.42
829.04 176.32
827.54 179.93
803.51 182.33
795.40 182.63
791.80 178.12
800.21 173.32
805.61 165.51
934.18 187.44
939.59 183.23
936.28 193.44
921.87 177.22
935.38 177.22
661.43 216.87
657.22 211.77
649.11 217.17
647.01 204.86
636.79 203.96
619.67 205.46
618.47 220.48
611.56 225.59
589.03 221.68
600.75 223.48
607.36 212.67
599.55 194.34
589.33 204.26
582.42 200.65
573.71 212.37
563.80 213.27
562.00 219.58
537.97 211.47
554.49 236.10
516.64 222.88
523.25 208.46
516.34 201.55
523.55 201.85
520.24 187.14
541.57 194.04
557.79 201.85
566.50 196.45
555.39 190.44
564.40 185.63
586.03 193.74
607.66 197.95
618.47 197.65
624.18 195.85
629.28 195.85
650.91 200.65
655.12 200.65
651.81 194.65
672.24 206.66
665.63 215.37
683.05 210.57
690.26 210.57
706.18 208.76
718.80 203.06
697.17 196.75
712.19 197.35
724.81 193.14
721.20 185.03
711.29 189.24
701.68 189.24
698.67 185.93
690.86 188.04
677.35 188.34
682.45 187.14
667.43 191.34
660.22 188.34
652.11 187.14
713.09 179.93
723.31 181.43
723.91 174.52
718.80 175.72
721.20 167.31
708.29 160.40
700.78 167.61
701.98 170.01
693.57 162.50
684.56 161.60
644.30 164.61
715.50 161.00
621.77 165.81
590.83 160.70
576.72 161.30
578.52 170.91
522.65 176.32
539.77 180.53
536.46 170.31
556.59 168.81
549.08 168.81
601.65 173.62
611.56 171.21
608.56 182.03
605.25 173.62
625.38 170.31
616.67 171.82
628.08 166.71
622.07 176.32
636.79 187.14
634.39 195.55
642.20 197.65
637.39 200.65
660.22 197.95
662.93 206.06
671.04 200.65
671.64 185.63
666.53 182.63
669.84 178.72
660.22 176.32
647.91 175.12
634.39 178.72
642.20 169.41
650.31 171.52
676.45 176.32
634.99 169.11
629.89 180.53
628.38 173.32
591.74 175.12
589.63 180.83
595.34 182.03
595.34 188.04
594.14 200.35
589.33 214.47
688.76 199.75
575.22 240.91
515.14 214.17
516.34 209.97
503.43 224.08
496.82 234.30
505.83 238.50
512.44 253.52
484.20 237.60
488.41 223.78
499.22 214.77
493.51 212.97
483.60 208.46
491.11 206.36
484.80 201.55
489.91 199.15
486.31 194.65
488.71 184.73
497.72 195.85
503.13 200.05
510.94 204.26
508.53 194.95
513.04 191.64
498.62 186.23
508.83 173.62
482.10 182.33
530.76 178.12
532.27 195.55
547.28 211.77
547.59 220.48
534.67 233.40
482.70 168.81
501.02 173.62
573.49 193.59
577.40 183.83
569.89 175.42
566.43 168.81
758.08 200.20
764.99 201.10
747.86 202.91
731.04 203.21
735.10 196.75
740.35 191.64
742.31 185.63
749.52 188.04
755.07 185.48
762.13 182.18
781.06 188.79
800.88 185.33
759.73 176.62
766.79 176.32
729.39 174.22
738.55 174.82
730.14 160.85
790.67 173.77
780.76 171.67
747.19 176.62
749.59 168.21
685.91 168.21
464.59 210.80
475.85 193.41
463.57 190.34
454.36 199.55
448.23 213.87
433.14 195.46
440.81 194.95
451.04 190.85
458.71 180.11
471.50 177.04
491.45 167.84
467.92 170.39
478.66 169.37
457.69 170.91
450.02 180.11
437.23 181.65
445.92 175.51
428.02 177.56
427.00 187.79
422.91 198.53
418.81 206.20
419.33 215.92
412.17 188.30
418.30 177.04
458.71 231.26
