617.70 414.50
613.48 402.34
645.71 375.92
622.99 423.48
582.30 386.49
582.30 369.06
587.58 344.22
632.50 338.94
622.46 316.22
608.72 313.05
597.10 301.95
559.58 304.59
561.69 347.92
541.61 356.37
527.88 333.12
503.04 405.51
533.16 422.42
543.20 419.78
506.21 371.70
490.89 375.92
481.38 357.96
470.81 342.11
486.66 342.11
497.76 314.63
523.65 311.46
647.29 295.08
589.17 285.04
587.06 281.87
615.06 277.11
631.97 263.38
609.25 260.73
470.81 328.37
457.07 325.73
468.17 316.74
453.90 303.53
460.24 301.42
429.07 359.02
407.93 363.77
392.61 385.44
389.44 374.34
361.96 392.30
361.96 371.17
361.96 409.21
365.13 422.42
322.33 415.03
324.44 377.51
345.05 355.85
359.85 354.79
393.66 344.22
412.69 331.01
389.44 332.07
377.81 319.39
418.50 315.16
379.92 306.70
360.90 298.25
345.05 291.91
346.64 315.16
411.10 288.74
427.48 332.60
315.99 346.86
334.48 343.16
295.38 347.39
301.72 338.94
297.50 322.03
272.66 340.52
268.96 361.13
282.70 382.27
309.65 397.06
279.00 392.83
281.11 415.55
255.75 418.72
249.94 398.65
238.84 375.92
226.69 368.00
222.99 355.85
221.41 409.21
188.12 402.87
190.23 384.38
196.04 376.45
196.57 360.07
172.79 357.96
161.17 381.21
147.43 400.76
159.58 400.23
154.30 417.67
111.50 408.16
90.89 416.08
87.72 401.82
78.21 408.69
97.76 383.85
75.57 363.24
90.36 365.36
93.53 352.68
120.48 358.49
104.10 327.84
91.95 326.26
78.74 311.99
104.63 311.46
104.10 298.25
119.95 318.33
127.88 325.73
135.81 337.35
164.87 337.88
170.68 323.09
181.78 332.07
199.21 340.52
153.77 353.20
162.75 310.93
165.40 298.25
129.99 295.61
126.30 307.76
99.35 291.38
97.76 281.34
69.76 314.63
202.91 305.65
220.35 305.12
229.86 315.16
234.62 301.42
225.10 286.10
200.27 287.15
202.38 279.23
193.93 271.30
170.15 268.13
170.15 286.10
155.89 298.78
134.75 281.87
140.03 273.94
113.61 279.76
109.91 267.60
84.02 270.25
86.67 257.04
103.05 263.38
332.37 278.17
303.84 297.19
290.63 286.10
274.25 280.81
259.98 281.87
265.79 309.35
268.96 322.56
266.32 299.31
259.98 270.25
267.90 272.36
267.38 258.09
252.05 250.70
226.16 268.13
220.35 260.73
209.25 257.04
217.71 245.94
203.44 249.11
236.73 270.77
221.41 228.50
208.20 221.10
190.76 230.09
173.85 233.26
249.94 232.20
232.50 218.99
237.26 245.41
227.75 251.22
251.52 270.77
273.72 248.05
279.00 239.07
302.78 266.02
292.21 263.38
293.27 239.60
311.76 288.74
314.40 278.70
334.48 258.62
326.03 252.28
330.78 242.24
325.50 240.13
323.39 221.10
285.34 218.46
379.40 270.77
355.62 268.13
389.44 294.55
393.13 286.10
399.48 252.28
398.95 241.18
369.89 249.11
358.79 245.41
361.43 231.67
357.73 226.39
464.47 286.63
488.25 271.83
486.66 263.90
456.01 265.49
428.01 251.75
435.93 253.34
443.86 253.34
426.95 231.67
390.49 225.86
402.12 227.97
440.69 238.54
467.11 240.13
550.60 296.14
532.63 278.70
537.91 267.08
541.09 291.91
573.85 261.79
562.75 235.90
551.65 227.97
544.78 214.76
552.71 214.24
523.12 227.97
517.31 250.17
472.92 229.56
499.87 222.69
480.85 221.63
490.36 200.50
510.97 206.31
645.71 221.10
637.25 217.93
598.68 231.67
591.28 214.24
582.30 202.61
570.15 197.86
625.63 190.46
634.61 175.66
620.34 178.83
598.15 181.48
572.79 184.65
616.12 203.14
648.88 198.38
560.11 179.89
556.94 170.38
545.84 162.45
538.97 179.36
529.99 195.74
527.35 169.85
506.74 163.51
514.67 158.23
506.21 151.36
643.59 184.12
636.72 159.81
630.38 154.53
619.82 148.71
606.08 173.02
599.74 167.21
593.92 175.66
597.62 152.94
592.34 143.43
581.24 141.85
573.85 146.60
574.37 134.98
565.39 130.75
563.28 121.77
649.93 138.15
646.76 132.33
629.33 114.90
642.01 121.77
642.54 108.56
646.76 92.70
640.42 82.67
618.76 75.27
611.89 90.59
601.85 85.31
606.61 78.97
599.21 74.21
603.96 105.39
595.51 118.07
588.64 110.67
581.24 99.57
584.41 89.53
572.79 92.70
568.56 85.84
562.22 82.67
574.37 82.14
580.71 84.78
545.31 83.72
537.91 77.38
515.19 88.48
525.23 100.63
538.97 103.80
546.37 105.91
548.48 112.78
606.61 129.69
617.70 141.85
499.87 85.31
490.36 86.89
508.85 101.16
504.63 89.53
506.21 113.84
516.25 122.30
518.36 134.45
501.46 124.41
507.80 145.02
528.40 145.02
534.74 134.45
541.61 154.53
553.24 145.54
467.11 138.15
489.83 157.17
470.81 153.47
485.60 146.60
495.64 134.45
461.30 152.41
465.00 169.32
476.09 162.45
480.32 191.51
502.51 187.29
486.13 181.48
478.21 178.83
449.14 176.19
442.28 165.10
429.07 169.85
416.91 168.27
412.16 158.23
403.70 164.04
434.35 149.77
429.59 124.41
450.20 122.82
445.97 112.26
436.99 94.29
424.84 89.53
410.04 83.72
421.14 75.27
431.18 77.38
470.81 80.55
460.24 93.76
468.17 88.48
426.42 114.90
419.03 109.09
411.10 110.67
397.89 84.78
414.27 189.93
452.31 192.04
455.49 204.20
463.41 206.31
431.18 212.65
416.91 210.01
398.42 208.95
388.38 205.25
378.34 203.67
369.89 201.03
391.55 189.40
379.40 175.66
396.30 142.37
401.59 131.28
392.08 128.64
383.62 125.47
374.64 119.12
366.19 134.45
368.30 142.90
363.54 125.47
350.33 114.90
360.90 96.93
347.69 98.52
346.64 106.44
375.17 87.95
366.19 84.25
378.87 95.88
342.41 83.72
342.41 143.43
340.30 155.06
321.80 147.13
327.09 130.75
307.53 132.33
298.55 119.12
293.27 171.44
313.35 162.45
302.25 161.92
301.72 140.79
347.16 198.38
370.94 171.44
315.46 180.95
267.90 188.87
285.34 176.72
285.34 170.38
278.47 165.10
286.93 158.23
280.59 151.89
289.04 199.97
299.08 195.21
249.41 204.20
229.86 194.16
279.00 207.90
274.77 203.67
233.56 183.06
245.18 173.02
248.88 163.51
259.45 161.92
242.01 162.45
244.66 151.36
252.58 147.13
250.47 141.32
279.53 131.28
265.26 102.22
246.77 110.14
249.94 98.52
289.04 88.48
299.61 101.16
289.04 104.33
293.27 73.68
216.12 173.55
224.58 165.62
229.86 175.13
220.35 160.87
218.24 146.60
205.55 165.10
200.80 166.68
193.93 193.10
267.90 88.48
273.72 92.70
275.30 78.97
284.29 74.74
264.73 73.68
259.98 73.15
242.54 74.21
246.24 82.67
249.41 77.38
221.41 90.59
233.56 80.02
225.63 85.31
216.65 72.10
200.80 92.18
207.67 85.84
203.44 86.36
208.20 74.21
192.34 75.27
188.65 93.76
188.65 84.78
171.21 89.01
177.55 90.59
205.03 109.61
207.67 99.05
234.62 104.33
198.69 118.07
182.83 106.44
181.78 125.47
200.80 127.58
254.17 112.26
227.22 122.30
179.13 137.09
165.92 75.80
153.77 82.14
142.68 84.25
135.81 78.44
124.18 83.19
107.27 76.85
191.82 182.00
182.30 183.59
168.57 183.59
177.55 175.13
172.27 158.75
158.00 156.64
155.36 148.19
168.57 143.96
161.17 132.33
99.35 231.67
91.42 232.20
91.95 222.69
85.61 220.05
73.46 203.14
165.92 229.56
153.24 225.86
144.79 218.99
140.56 209.48
141.09 195.74
128.41 198.91
83.50 167.21
92.48 168.79
70.81 191.51
99.35 189.93
123.65 169.32
132.11 168.79
131.05 158.23
127.35 149.24
114.67 135.50
106.74 135.50
88.25 127.58
72.40 134.45
96.70 110.67
112.56 113.84
123.65 122.82
134.75 139.73
142.68 124.94
71.87 111.20
81.91 91.12
93.53 151.36
108.33 154.53
114.67 145.54
126.82 224.80
102.52 171.96
82.44 156.11
70.81 279.23
76.10 273.94
111.50 205.78
98.82 206.84
94.06 197.86
340.16 301.78
328.76 296.57
177.32 279.63
166.57 258.47
172.43 252.60
180.90 243.16
193.28 252.93
191.65 261.72
204.67 232.74
414.08 277.36
452.84 284.52
439.49 263.68
366.53 318.72
466.19 306.99
442.42 298.52
322.57 271.17
294.89 226.88
287.72 226.88
283.49 224.27
284.14 215.15
267.53 317.41
299.77 308.95
482.15 155.23
480.52 147.74
458.38 145.46
470.75 275.73
498.11 392.32
480.52 410.56
459.03 423.58
398.45 424.23
604.93 417.07
240.17 420.98
218.03 403.39
123.58 408.60
63.01 422.93
62.36 400.79
76.03 398.18
16.76 424.89
23.27 407.30
20.02 398.18
21.32 389.71
31.74 379.29
26.53 369.52
8.94 381.25
11.55 403.39
1.78 392.97
2.43 379.29
4.39 363.01
9.60 338.91
23.93 339.56
8.94 324.58
9.60 313.50
14.81 304.39
3.73 288.10
13.50 281.59
20.02 288.10
48.68 288.75
40.86 285.50
34.35 276.38
53.89 282.89
46.07 276.38
51.28 269.21
59.75 269.86
65.61 260.09
45.42 361.05
42.16 345.42
51.28 320.67
64.31 329.14
33.70 318.72
42.81 318.72
40.21 308.29
41.51 299.83
54.54 304.39
3.73 333.05
21.32 368.22
474.50 213.52
449.42 259.44
340.97 195.61
333.80 231.44
363.12 320.67
519.11 290.38
526.28 297.22
529.53 268.56
525.30 242.83
511.95 229.16
503.48 233.39
485.89 249.02
553.63 343.47
647.10 275.40
520.09 193.33
576.43 191.05
528.88 182.26
536.05 211.89
549.40 205.71
480.68 169.88
374.51 191.05
347.81 187.14
358.88 188.12
334.13 141.55
587.50 122.99
574.15 112.24
560.47 110.61
526.60 111.91
528.23 128.85
498.27 144.15
503.16 139.59
526.28 134.06
523.02 148.71
502.50 160.11
437.69 152.30
432.81 159.46
404.15 168.91
403.82 179.65
408.06 188.45
392.75 194.96
647.43 162.39
612.26 118.43
560.80 204.40
554.94 199.84
641.57 141.22
624.31 108.98
616.82 99.54
630.49 122.01
634.08 103.12
647.75 76.41
643.20 66.97
637.33 58.18
643.20 39.29
641.57 49.38
648.73 35.70
624.63 55.57
632.45 68.60
627.24 77.72
631.80 86.18
639.29 95.95
632.12 95.63
622.03 41.89
614.54 41.89
603.14 28.54
616.16 34.40
616.16 29.84
616.49 54.92
613.23 65.99
608.02 58.83
601.51 65.02
601.51 54.27
601.51 40.92
588.48 35.70
579.36 29.84
572.20 29.84
568.94 33.10
563.08 38.64
564.06 46.13
573.50 42.87
579.36 51.34
567.64 51.01
561.45 53.29
584.90 46.13
586.85 52.31
584.25 65.99
591.09 63.39
548.75 70.88
549.40 62.41
549.73 54.27
547.77 45.15
542.89 42.22
545.82 35.05
558.85 30.49
532.14 27.89
517.81 32.12
509.99 46.13
503.16 53.29
507.39 65.99
515.86 69.25
517.16 58.50
525.30 47.75
532.79 49.38
541.26 55.90
530.51 72.51
522.04 69.25
551.36 93.02
484.27 109.63
481.66 99.54
474.82 108.33
477.10 92.37
453.98 74.13
483.61 50.03
487.52 64.36
490.13 73.81
479.71 70.55
475.15 63.71
468.31 69.90
470.26 41.24
492.73 41.24
501.53 34.40
477.43 34.73
480.68 41.24
483.29 31.47
487.20 38.31
495.34 34.08
491.43 28.87
506.09 38.64
460.82 30.17
453.98 31.15
462.77 36.68
462.12 43.85
445.51 89.77
490.45 49.38
415.22 68.27
427.27 65.02
440.63 61.43
438.67 50.69
451.70 57.52
446.81 48.41
430.86 43.20
440.63 38.31
408.71 33.10
412.62 40.92
416.85 46.45
421.09 49.06
415.87 54.27
394.38 36.68
389.17 43.52
384.94 37.33
384.94 29.84
393.08 27.89
396.01 50.36
387.87 60.46
396.66 60.78
397.31 71.53
406.10 107.68
411.97 94.33
405.78 94.00
458.86 41.24
420.43 62.41
428.58 56.22
410.99 50.03
403.17 30.17
380.38 98.89
380.38 92.37
376.47 79.02
373.21 68.92
363.12 71.20
367.02 67.62
372.56 64.36
367.35 53.29
359.86 52.97
354.97 52.64
379.07 44.82
360.84 112.89
362.14 106.70
370.93 112.89
371.58 93.02
327.29 87.16
335.76 85.53
339.67 76.74
346.18 72.18
354.65 81.30
359.53 88.14
353.35 90.42
344.55 50.03
377.77 148.06
613.23 20.87
574.48 10.77
567.96 15.99
562.75 13.71
558.19 13.71
551.36 16.64
561.45 23.15
587.50 15.66
573.83 16.64
601.18 23.48
530.19 7.52
535.72 17.94
541.58 18.92
546.80 7.52
539.31 9.47
518.79 13.05
522.04 25.43
512.60 21.20
530.19 40.09
505.76 13.71
496.64 11.75
521.39 6.22
506.09 18.59
485.89 14.36
479.71 16.96
474.50 10.77
470.26 5.56
454.96 5.56
463.42 15.01
456.58 22.82
451.05 22.17
447.14 15.66
434.11 15.66
439.97 17.29
491.11 18.92
414.25 14.68
423.69 5.89
423.37 21.52
437.04 26.08
430.20 33.57
403.50 16.31
396.01 15.99
400.57 9.47
408.71 5.24
373.21 23.48
367.02 11.43
352.37 10.12
346.51 9.15
327.62 14.03
333.15 17.94
329.25 7.84
337.39 28.36
347.81 26.08
355.30 23.80
360.18 30.64
374.84 35.20
361.81 42.37
352.69 48.23
352.04 32.59
338.69 108.48
331.52 109.78
339.99 127.69
316.71 93.17
322.57 99.03
323.87 110.11
292.28 144.95
268.51 143.00
271.76 152.44
277.30 149.19
378.91 53.44
279.91 47.90
279.25 38.78
289.02 36.18
281.21 31.29
285.12 24.78
272.42 26.41
267.53 13.71
276.00 69.40
270.46 61.58
279.25 60.93
274.37 52.46
294.89 62.88
299.77 57.02
297.17 50.83
289.68 47.58
281.53 58.00
312.47 74.61
305.31 70.70
321.92 74.28
311.50 59.63
321.59 58.65
323.22 48.88
315.73 50.83
318.01 40.74
310.84 38.46
324.20 38.46
301.73 23.48
298.47 15.66
292.61 13.71
286.09 13.38
281.21 10.12
333.97 68.09
341.46 68.42
346.99 56.69
335.27 44.32
376.63 58.32
411.48 75.26
445.02 104.57
269.81 75.58
340.48 10.12
312.80 25.76
257.11 123.31
246.04 119.40
276.65 110.94
246.04 131.13
230.40 126.57
237.57 134.38
222.59 118.10
178.95 117.45
158.75 107.68
150.29 102.47
156.80 102.47
155.50 114.84
159.41 118.75
162.01 124.61
176.99 129.17
64.31 352.59
35.00 355.84
3.08 297.22
22.62 266.61
36.95 262.05
41.51 250.32
51.28 253.58
59.10 259.44
68.87 242.51
60.40 240.55
77.34 238.60
81.24 245.76
89.06 245.11
84.50 234.69
94.27 241.21
109.90 249.02
126.19 243.16
115.11 236.65
119.02 228.18
111.86 223.62
98.83 215.15
126.19 204.08
123.58 180.63
150.94 185.19
150.94 178.02
144.43 168.25
169.83 178.68
173.08 169.56
182.20 165.00
162.66 166.95
155.50 165.00
182.85 156.53
209.56 151.97
195.88 146.11
195.23 138.94
206.95 115.50
257.76 136.99
262.32 129.17
340.48 118.10
333.32 118.10
2.43 258.14
14.16 255.53
11.55 243.81
18.71 247.07
36.95 234.04
53.24 227.53
44.77 218.41
58.45 215.80
64.96 212.55
47.37 206.03
47.37 198.22
47.37 191.05
77.34 176.72
66.91 168.25
63.01 166.30
59.75 175.42
56.49 170.86
60.40 171.51
44.12 183.89
33.70 176.07
33.70 189.75
25.88 190.40
33.70 205.38
30.44 198.22
23.27 195.61
17.41 202.12
23.27 204.73
23.27 211.89
20.67 215.15
12.20 217.76
14.81 230.78
3.73 235.34
1.78 239.90
26.53 220.36
25.23 232.09
43.47 208.64
66.26 227.53
68.87 233.39
78.64 221.01
73.43 211.24
72.13 181.28
48.03 173.47
51.28 183.24
31.74 163.04
37.60 159.14
49.33 159.79
68.22 150.02
92.32 303.73
79.94 292.01
84.50 282.89
145.08 263.35
135.31 261.40
119.02 254.88
117.07 265.31
110.55 255.53
124.88 267.26
159.41 244.46
169.18 238.60
267.53 263.35
294.24 202.12
294.24 212.55
313.78 211.24
327.45 201.47
311.82 201.47
589.95 241.21
582.13 247.72
574.32 239.90
624.47 204.73
317.68 192.35
298.79 181.28
255.15 171.51
249.94 183.89
268.18 176.07
277.30 175.42
277.30 120.05
462.28 116.15
457.07 108.98
448.60 65.34
459.03 62.08
572.36 67.95
563.89 60.13
19.37 292.66
89.06 207.99
36.95 142.20
11.55 131.78
44.12 138.94
47.37 131.13
55.84 125.92
55.84 119.40
49.33 117.45
49.33 113.54
62.36 110.94
55.19 103.77
71.47 123.31
61.70 136.99
81.90 145.46
139.21 159.14
137.91 146.76
147.68 148.71
128.79 134.38
137.26 94.00
134.65 102.47
120.33 108.98
127.49 109.63
143.12 99.86
163.31 88.79
155.50 88.79
143.12 90.74
115.11 95.95
123.58 89.44
115.11 88.79
103.39 82.28
103.39 93.35
78.64 102.47
69.52 105.72
66.26 98.56
71.47 100.51
63.01 93.35
64.31 84.88
73.43 94.65
81.24 85.53
88.41 83.58
59.10 98.56
34.35 95.30
15.46 95.30
11.55 94.00
14.16 89.44
3.08 120.05
12.20 113.54
27.18 81.62
15.46 37.98
20.67 24.31
89.06 72.51
70.82 67.95
76.68 65.99
66.91 60.78
75.38 59.48
81.24 52.97
77.99 48.41
72.78 47.75
61.70 41.89
58.45 37.33
66.26 35.38
68.22 39.94
130.75 69.90
143.77 68.60
128.79 61.43
135.96 58.83
116.42 67.30
113.16 59.48
123.58 67.95
97.53 56.22
102.74 73.81
110.55 71.20
117.72 73.81
106.00 65.99
92.32 61.43
85.80 49.06
88.41 43.20
180.90 66.64
162.01 67.95
150.29 69.90
148.33 65.34
147.03 57.52
139.87 61.43
227.15 75.76
229.10 70.55
233.66 65.34
235.61 72.51
246.69 67.95
262.32 65.34
259.71 56.87
253.85 55.57
253.20 49.71
262.97 51.66
255.15 14.54
279.91 21.05
280.56 14.54
268.18 34.08
268.18 44.50
272.74 37.98
257.11 24.96
249.94 23.65
242.78 26.26
239.52 16.49
231.05 18.44
224.54 19.75
218.68 19.10
219.98 13.88
259.71 26.91
266.23 24.31
247.34 34.73
255.81 41.24
260.37 30.17
238.87 42.54
246.69 49.71
241.48 50.36
238.22 55.57
244.73 56.22
238.87 61.43
230.40 55.57
226.50 49.06
218.03 52.31
216.72 63.39
223.24 62.74
221.28 40.59
218.68 33.43
225.84 34.08
220.63 28.21
201.74 15.19
206.95 10.63
210.86 16.49
205.65 20.40
209.56 28.87
207.61 31.47
206.30 39.29
201.09 33.43
205.00 43.85
203.05 50.36
198.49 60.13
202.40 67.95
208.91 62.08
211.51 54.27
186.11 12.58
175.69 10.63
184.81 15.19
185.46 21.70
194.58 22.35
191.97 32.12
192.62 38.64
191.32 43.20
192.62 52.31
185.46 58.18
188.07 52.31
181.55 46.45
179.60 42.54
182.20 37.98
182.85 31.47
180.25 59.48
175.04 105.07
165.92 98.56
188.72 101.17
182.20 94.65
113.16 122.01
120.98 126.57
153.54 136.99
143.12 140.25
248.64 91.40
260.37 83.58
279.25 85.53
259.06 92.70
444.05 80.32
436.88 84.88
451.21 77.72
440.14 227.53
491.59 225.57
449.26 249.02
294.24 245.76
262.32 233.39
256.46 221.66
257.76 242.51
251.90 239.25
172.43 217.76
166.57 206.03
164.62 200.82
178.30 201.47
175.04 194.96
184.81 193.01
146.38 198.22
369.14 277.68
345.04 282.24
339.83 273.12
311.82 308.29
625.12 164.35
610.79 153.27
608.19 140.90
634.89 74.46
650.52 172.16
391.94 9.98
378.26 11.28
371.09 19.75
524.81 40.59
299.45 130.48
302.05 90.74
318.99 84.23
167.87 11.93
161.36 9.98
155.50 9.98
166.57 18.44
173.74 18.44
174.39 26.26
169.18 23.00
176.34 34.08
168.52 34.08
163.31 34.73
160.06 32.77
150.94 39.29
168.52 40.59
174.39 41.24
162.66 44.50
161.36 52.31
162.01 60.78
151.59 19.10
156.80 17.79
141.82 13.88
136.61 11.28
128.14 11.28
150.94 25.61
135.31 26.26
134.00 15.19
125.54 14.54
128.14 16.49
118.37 15.84
121.63 11.28
113.81 9.98
106.65 13.23
99.48 9.33
92.32 9.98
79.29 10.63
96.88 45.15
102.09 37.98
102.09 29.52
95.57 28.87
104.04 23.65
106.00 20.40
89.71 20.40
94.27 18.44
89.71 15.19
92.97 14.54
86.46 15.19
78.64 17.14
76.68 17.14
79.94 22.35
68.87 14.54
80.59 29.52
85.15 34.08
85.80 39.29
83.20 64.04
145.08 39.94
147.03 47.75
143.77 31.47
143.12 36.03
137.91 33.43
128.14 36.68
131.40 42.54
125.54 43.20
131.40 49.71
125.54 49.71
117.72 36.03
121.63 30.17
115.77 30.17
112.51 24.96
117.72 22.35
123.58 24.31
113.81 43.20
107.30 47.10
102.74 51.66
115.77 49.71
111.21 54.92
171.13 47.75
66.26 23.65
70.17 23.65
51.93 22.35
42.81 21.70
59.75 21.05
11.55 100.51
430.37 22.35
405.62 41.89
535.23 92.05
596.46 5.42
605.58 3.46
390.63 65.99
319.64 2.81
384.77 4.11
485.73 6.07
179.60 6.72
192.62 6.72
203.05 2.16
218.03 4.77
226.50 5.42
233.01 8.67
244.73 4.77
266.23 3.46
297.49 2.81
57.14 10.63
57.80 155.23
