22.62 325.96
33.19 310.11
17.34 310.11
6.24 282.63
33.19 296.37
46.93 293.73
35.83 284.74
50.10 271.53
43.76 269.42
74.93 327.02
96.07 331.77
142.04 339.17
158.95 323.85
144.15 322.79
110.34 312.22
91.31 299.01
114.56 300.07
126.19 287.39
85.50 283.16
124.08 274.70
143.10 266.25
158.95 259.91
157.36 283.16
92.90 256.74
76.52 300.60
188.01 314.86
169.52 311.16
208.62 315.39
202.28 306.94
206.50 290.03
231.34 308.52
235.04 329.13
277.31 336.00
281.01 323.85
307.43 328.07
331.21 325.96
339.13 305.88
333.32 291.09
322.22 300.07
304.79 308.52
341.25 278.93
338.60 266.25
301.09 273.65
283.65 273.12
274.14 283.16
269.38 269.42
278.90 254.10
303.73 255.15
301.62 247.23
310.07 239.30
333.85 236.13
333.85 254.10
171.63 246.17
200.16 265.19
213.37 254.10
229.75 248.81
244.02 249.87
238.21 277.35
235.04 290.56
237.68 267.31
244.02 238.25
236.10 240.36
236.62 226.09
251.95 218.70
277.84 236.13
283.65 228.73
294.75 225.04
286.29 213.94
300.56 217.11
267.27 238.77
282.59 196.50
295.80 189.10
313.24 198.09
330.15 201.26
254.06 200.20
271.50 186.99
266.74 213.41
276.25 219.22
252.48 238.77
230.28 216.05
225.00 207.07
201.22 234.02
211.79 231.38
210.73 207.60
192.24 256.74
189.60 246.70
169.52 226.62
177.97 220.28
173.22 210.24
178.50 208.13
180.61 189.10
218.66 186.46
124.60 238.77
148.38 236.13
114.56 262.55
110.87 254.10
104.52 220.28
105.05 209.18
134.11 217.11
145.21 213.41
142.57 199.67
146.27 194.39
39.53 254.63
15.75 239.83
17.34 231.90
47.99 233.49
75.99 219.75
68.07 221.34
60.14 221.34
77.05 199.67
113.51 193.86
101.88 195.97
63.31 206.54
36.89 208.13
31.08 197.56
4.13 190.69
23.15 189.63
13.64 168.50
4.13 53.31
13.64 54.89
2.54 92.41
36.89 106.15
14.17 125.17
33.19 121.47
18.40 114.60
8.36 102.45
42.70 120.41
39.00 137.32
27.91 130.45
23.68 159.51
1.49 155.29
17.87 149.48
25.79 146.83
54.86 144.19
61.72 133.10
74.93 137.85
87.09 136.27
91.84 126.23
100.30 132.04
69.65 117.77
74.41 92.41
53.80 90.82
58.03 80.26
67.01 62.29
79.16 57.53
93.96 51.72
82.86 43.27
72.82 45.38
33.19 48.55
43.76 61.76
35.83 56.48
77.58 82.90
84.97 77.09
92.90 78.67
106.11 52.78
89.73 157.93
51.69 160.04
48.51 172.20
40.59 174.31
72.82 180.65
87.09 178.01
105.58 176.95
115.62 173.25
125.66 171.67
134.11 169.03
112.45 157.40
124.60 143.66
107.70 110.37
102.41 99.28
111.92 96.64
120.38 93.47
129.36 87.12
137.81 102.45
135.70 110.90
140.46 93.47
153.67 82.90
143.10 64.93
156.31 66.52
157.36 74.44
128.83 55.95
137.81 52.25
125.13 63.88
161.59 51.72
161.59 111.43
163.70 123.06
182.20 115.13
176.91 98.75
196.47 100.33
205.45 87.12
210.73 139.44
190.65 130.45
201.75 129.92
202.28 108.79
156.84 166.38
133.06 139.44
188.54 148.95
236.10 156.87
218.66 144.72
218.66 138.38
225.53 133.10
217.07 126.23
223.41 119.89
214.96 167.97
204.92 163.21
254.59 172.20
274.14 162.16
225.00 175.90
229.23 171.67
270.44 151.06
258.82 141.02
255.12 131.51
244.55 129.92
261.99 130.45
259.34 119.36
251.42 115.13
253.53 109.32
224.47 99.28
238.74 70.22
257.23 78.14
254.06 66.52
214.96 56.48
204.39 69.16
214.96 72.33
210.73 41.68
287.88 141.55
279.42 133.62
274.14 143.13
283.65 128.87
285.76 114.60
298.45 133.10
303.20 134.68
310.07 161.10
236.10 56.48
230.28 60.70
228.70 46.97
219.71 42.74
239.27 41.68
244.02 41.15
261.46 42.21
257.76 50.67
254.59 45.38
282.59 58.59
270.44 48.02
278.37 53.31
287.35 40.10
303.20 60.18
296.33 53.84
300.56 54.36
295.80 42.21
311.66 43.27
315.35 61.76
315.35 52.78
332.79 57.01
326.45 58.59
298.97 77.61
296.33 67.05
269.38 72.33
305.31 86.07
321.17 74.44
322.22 93.47
303.20 95.58
249.83 80.26
276.78 90.30
324.87 105.09
338.08 43.80
312.18 150.00
321.70 151.59
335.43 151.59
326.45 143.13
331.73 126.75
335.43 111.96
338.08 197.56
163.84 269.78
175.24 264.57
326.68 247.63
337.43 226.47
331.57 220.60
323.10 211.16
310.72 220.93
312.35 229.72
299.33 200.74
89.92 245.36
51.16 252.52
64.51 231.68
137.47 286.72
37.81 274.99
61.58 266.52
181.43 239.17
209.11 194.88
216.28 194.88
220.51 192.27
219.86 183.15
236.47 285.41
204.23 276.95
21.85 123.23
23.48 115.74
45.62 113.46
33.25 243.73
29.50 181.52
54.58 227.44
163.03 163.61
170.20 199.44
140.88 288.67
0.52 201.39
18.11 217.02
23.32 137.88
129.49 159.05
156.19 155.14
145.12 156.12
169.87 109.55
5.73 112.15
0.84 107.59
1.50 128.11
66.31 120.30
71.19 127.46
99.85 136.91
100.18 147.65
95.94 156.45
111.25 162.96
0.84 21.29
19.73 77.63
22.34 67.54
29.18 76.33
26.90 60.37
50.02 42.13
20.39 18.03
16.48 32.36
13.87 41.81
24.29 38.55
28.85 31.71
35.69 37.90
33.74 9.24
11.27 9.24
2.47 2.40
26.57 2.73
23.32 9.24
16.80 6.31
8.66 2.08
41.23 4.68
41.88 11.85
58.49 57.77
13.55 17.38
88.78 36.27
76.73 33.02
63.37 29.43
65.33 18.69
52.30 25.52
57.19 16.41
73.14 11.20
63.37 6.31
95.29 1.10
91.38 8.92
87.15 14.45
82.91 17.06
88.13 22.27
109.62 4.68
114.83 11.52
119.06 5.33
107.99 18.36
116.13 28.46
107.34 28.78
106.69 39.53
97.90 75.68
92.03 62.33
98.22 62.00
45.14 9.24
83.57 30.41
75.42 24.22
93.01 18.03
123.62 66.89
123.62 60.37
127.53 47.02
130.79 36.92
140.88 39.20
136.98 35.62
131.44 32.36
136.65 21.29
144.14 20.97
149.03 20.64
124.93 12.82
143.16 80.89
141.86 74.70
133.07 80.89
132.42 61.02
176.71 55.16
168.24 53.53
164.33 44.74
157.82 40.18
149.35 49.30
144.47 56.14
150.65 58.42
159.45 18.03
126.23 116.06
73.80 1.57
129.16 3.20
142.19 10.37
151.31 16.23
151.96 0.59
165.31 76.48
172.48 77.78
164.01 95.69
187.29 61.17
181.43 67.03
180.13 78.11
211.72 112.95
235.49 111.00
232.24 120.44
226.70 117.19
125.09 21.44
224.09 15.90
224.75 6.78
214.98 4.18
228.00 37.40
233.54 29.58
224.75 28.93
229.63 20.46
209.11 30.88
204.23 25.02
206.83 18.83
214.32 15.58
222.47 26.00
191.53 42.61
198.69 38.70
182.08 42.28
192.50 27.63
182.41 26.65
180.78 16.88
188.27 18.83
185.99 8.74
193.16 6.46
179.80 6.46
170.03 36.09
162.54 36.42
157.01 24.69
168.73 12.32
127.37 26.32
92.52 43.26
58.98 72.57
234.19 43.58
246.89 91.31
257.96 87.40
227.35 78.94
257.96 99.13
273.60 94.57
266.43 102.38
281.41 86.10
325.05 85.45
341.99 92.61
327.01 97.17
334.17 146.68
330.92 137.56
321.80 133.00
341.34 134.95
321.15 124.53
294.44 119.97
308.12 114.11
308.77 106.94
297.05 83.50
246.24 104.99
241.68 97.17
163.52 86.10
170.68 86.10
334.82 206.60
236.47 231.35
209.76 170.12
209.76 180.55
190.22 179.24
176.55 169.47
192.18 169.47
186.32 160.35
205.21 149.28
248.85 139.51
254.06 151.89
235.82 144.07
226.70 143.42
226.70 88.05
41.72 84.15
46.93 76.98
55.40 33.34
44.97 30.08
340.69 56.79
323.10 34.64
341.99 35.95
276.85 43.76
274.90 38.55
270.34 33.34
268.39 40.51
257.31 35.95
241.68 33.34
244.29 24.87
250.15 23.57
250.80 17.71
241.03 19.66
235.82 2.08
235.82 12.50
231.26 5.98
256.66 2.73
248.19 9.24
265.13 10.54
257.31 17.71
262.52 18.36
265.78 23.57
259.27 24.22
265.13 29.43
273.60 23.57
277.50 17.06
285.97 20.31
287.28 31.39
280.76 30.74
282.72 8.59
285.32 1.43
278.16 2.08
297.70 7.29
302.91 1.43
299.00 11.85
300.95 18.36
305.51 28.13
301.60 35.95
295.09 30.08
292.49 22.27
312.03 0.12
311.38 6.64
312.68 11.20
311.38 20.31
318.54 26.18
315.93 20.31
322.45 14.45
324.40 10.54
321.80 5.98
323.75 27.48
328.96 73.07
338.08 66.56
315.28 69.17
321.80 62.65
255.36 59.40
243.63 51.58
224.75 53.53
244.94 60.70
59.95 48.32
67.12 52.88
52.79 45.72
63.86 195.53
12.41 193.57
54.74 217.02
209.76 213.76
241.68 201.39
247.54 189.66
246.24 210.51
252.10 207.25
331.57 185.76
337.43 174.03
339.38 168.82
325.70 169.47
328.96 162.96
319.19 161.01
134.86 245.68
158.96 250.24
164.17 241.12
192.18 276.29
204.55 98.48
201.95 58.74
185.01 52.23
327.66 2.08
335.48 2.08
340.69 2.73
335.48 8.59
329.61 9.24
341.34 12.50
341.99 28.78
332.87 15.75
98.38 9.89
113.37 33.99
