21.95 329.85
7.15 328.79
6.10 272.25
21.95 265.91
20.36 289.16
51.01 320.86
32.52 317.16
71.62 321.39
65.28 312.94
69.50 296.03
94.34 314.52
98.04 335.13
140.31 342.00
144.01 329.85
170.43 334.07
194.21 331.96
291.43 337.24
276.64 339.36
273.47 326.68
246.52 332.49
262.90 301.84
275.05 300.26
288.26 285.99
262.37 285.46
262.90 272.25
247.05 292.33
239.12 299.73
231.19 311.35
202.13 311.88
196.32 297.09
185.22 306.07
167.79 314.52
213.23 327.20
204.25 284.93
201.60 272.25
237.01 269.61
240.70 281.76
267.65 265.38
269.24 255.34
297.24 288.63
164.09 279.65
146.65 279.12
137.14 289.16
132.38 275.42
141.90 260.10
166.73 261.15
164.62 253.23
173.07 245.30
196.85 242.13
196.85 260.10
211.11 272.78
232.25 255.87
226.97 247.94
253.39 253.76
257.09 241.60
282.98 244.25
280.33 231.04
263.95 237.38
34.63 252.17
63.16 271.19
76.37 260.10
92.75 254.81
107.02 255.87
101.21 283.35
98.04 296.56
100.68 273.31
107.02 244.25
99.10 246.36
99.62 232.09
114.95 224.70
140.84 242.13
146.65 234.73
157.75 231.04
149.29 219.94
163.56 223.11
130.27 244.77
145.59 202.50
158.80 195.10
176.24 204.09
193.15 207.26
117.06 206.20
134.50 192.99
129.74 219.41
139.25 225.22
115.48 244.77
93.28 222.05
88.00 213.07
64.22 240.02
74.79 237.38
73.73 213.60
55.24 262.74
52.60 252.70
32.52 232.62
40.97 226.28
36.22 216.24
41.50 214.13
43.61 195.10
81.66 192.46
11.38 242.13
8.21 219.41
5.57 205.67
9.27 200.39
0.81 108.45
3.46 99.47
16.67 88.90
6.10 70.93
19.31 72.52
20.36 80.44
0.81 58.25
24.59 57.72
24.59 117.43
26.70 129.06
45.20 121.13
39.91 104.75
59.47 106.33
68.45 93.12
73.73 145.44
53.65 136.45
64.75 135.92
65.28 114.79
19.84 172.38
51.54 154.95
99.10 162.87
81.66 150.72
81.66 144.38
88.53 139.10
80.07 132.23
86.41 125.89
77.96 173.97
67.92 169.21
117.59 178.20
137.14 168.16
88.00 181.90
92.23 177.67
133.44 157.06
121.82 147.02
118.12 137.51
107.55 135.92
124.99 136.45
122.34 125.36
114.42 121.13
116.53 115.32
87.47 105.28
101.74 76.22
120.23 84.14
117.06 72.52
77.96 62.48
67.39 75.16
77.96 78.33
73.73 47.68
150.88 147.55
142.42 139.62
137.14 149.13
146.65 134.87
148.76 120.60
161.45 139.10
166.20 140.68
173.07 167.10
99.10 62.48
93.28 66.70
91.70 52.97
82.71 48.74
102.27 47.68
107.02 47.15
124.46 48.21
120.76 56.67
117.59 51.38
145.59 64.59
133.44 54.02
141.37 59.31
150.35 46.10
166.20 66.18
159.33 59.84
163.56 60.36
158.80 48.21
174.66 49.27
178.35 67.76
178.35 58.78
195.79 63.01
189.45 64.59
161.97 83.61
159.33 73.05
132.38 78.33
168.31 92.07
184.17 80.44
185.22 99.47
166.20 101.58
112.83 86.26
139.78 96.30
187.87 111.09
201.08 49.80
213.23 56.14
224.32 58.25
231.19 52.44
242.82 57.19
259.73 50.85
175.18 156.00
184.70 157.59
198.43 157.59
189.45 149.13
194.73 132.75
209.00 130.64
211.64 122.19
198.43 117.96
205.83 106.33
267.65 205.67
275.58 206.20
275.05 196.69
281.39 194.05
293.54 177.14
201.08 203.56
213.76 199.86
222.21 192.99
226.44 183.48
225.91 169.74
238.59 172.91
283.50 141.21
274.52 142.79
296.19 165.51
267.65 163.93
243.35 143.32
234.89 142.79
235.95 132.23
239.65 123.24
252.33 109.50
260.26 109.50
278.75 101.58
294.60 108.45
270.30 84.67
254.44 87.84
243.35 96.82
232.25 113.73
224.32 98.94
295.13 85.20
285.09 65.12
273.47 125.36
258.67 128.53
252.33 119.54
240.18 198.80
264.48 145.96
284.56 130.11
296.19 253.23
290.90 247.94
255.50 179.78
268.18 180.84
272.94 171.86
26.84 275.78
38.24 270.57
189.68 253.63
200.43 232.47
194.57 226.60
186.10 217.16
173.72 226.93
175.35 235.72
162.33 206.74
0.47 292.72
44.43 245.17
72.11 200.88
79.28 200.88
83.51 198.27
82.86 189.15
99.47 291.41
67.23 282.95
318.32 262.75
326.14 259.50
332.65 250.38
313.11 256.89
320.93 250.38
315.72 243.21
307.25 243.86
301.39 234.09
321.58 335.05
324.84 319.42
315.72 294.67
302.69 303.14
333.30 292.72
324.19 292.72
326.79 282.29
325.49 273.83
312.46 278.39
26.03 169.61
33.20 205.44
3.88 294.67
19.19 161.14
8.12 162.12
32.87 115.55
3.88 45.20
7.14 26.97
12.03 26.64
6.16 86.89
4.86 80.70
39.71 61.16
31.24 59.53
27.33 50.74
20.82 46.18
12.35 55.30
7.47 62.14
13.65 64.42
22.45 24.03
29.61 2.36
19.19 0.08
6.82 4.64
5.19 16.37
14.31 22.23
14.96 6.59
28.31 82.48
35.48 83.78
27.01 101.69
50.29 67.17
44.43 73.03
43.13 84.11
74.72 118.95
98.49 117.00
95.24 126.44
89.70 123.19
87.09 21.90
87.75 12.78
77.98 10.18
85.79 5.29
94.58 0.41
91.00 43.40
96.54 35.58
87.75 34.93
92.63 26.46
72.11 36.88
67.23 31.02
69.83 24.83
77.32 21.58
85.47 32.00
54.53 48.61
61.69 44.70
45.08 48.28
55.50 33.63
45.41 32.65
43.78 22.88
51.27 24.83
48.99 14.74
56.16 12.46
42.80 12.46
33.03 42.09
25.54 42.42
20.01 30.69
31.73 18.32
97.19 49.58
109.89 97.31
120.96 93.40
90.35 84.94
120.96 105.13
136.60 100.57
129.43 108.38
144.41 92.10
188.05 91.45
208.25 81.68
216.71 76.47
210.20 76.47
211.50 88.84
207.59 92.75
204.99 98.61
190.01 103.17
302.69 326.59
332.00 329.84
330.05 236.05
325.49 224.32
315.72 227.58
307.90 233.44
298.13 216.51
306.60 214.55
289.66 212.60
285.76 219.76
277.94 219.11
282.50 208.69
272.73 215.21
257.10 223.02
240.81 217.16
251.89 210.65
247.98 202.18
255.14 197.62
268.17 189.15
240.81 178.08
243.42 154.63
216.06 159.19
216.06 152.02
222.57 142.25
197.17 152.68
193.92 143.56
184.80 139.00
204.34 140.95
211.50 139.00
184.15 130.53
157.44 125.97
171.12 120.11
171.77 112.94
160.05 89.50
109.24 110.99
104.68 103.17
26.52 92.10
33.68 92.10
330.05 208.04
313.76 201.53
322.23 192.41
308.55 189.80
302.04 186.55
319.63 180.03
319.63 172.22
319.63 165.05
289.66 150.72
300.09 142.25
303.99 140.30
307.25 149.42
310.51 144.86
306.60 145.51
322.88 157.89
333.30 150.07
333.30 163.75
341.12 164.40
333.30 179.38
336.56 172.22
340.47 194.36
341.77 206.09
323.53 182.64
300.74 201.53
298.13 207.39
288.36 195.01
293.57 185.24
294.87 155.28
318.97 147.47
315.72 157.24
335.26 137.04
329.40 133.14
317.67 133.79
298.78 124.02
274.68 277.73
287.06 266.01
282.50 256.89
221.92 237.35
231.69 235.40
247.98 228.88
249.93 239.31
256.45 229.53
242.12 241.26
207.59 218.46
197.82 212.60
99.47 237.35
72.76 176.12
72.76 186.55
53.22 185.24
39.55 175.47
55.18 175.47
49.32 166.35
68.21 155.28
111.85 145.51
117.06 157.89
98.82 150.07
89.70 149.42
89.70 94.05
277.94 181.99
330.05 116.20
322.88 112.94
319.63 105.13
311.16 99.92
311.16 93.40
317.67 91.45
317.67 87.54
304.64 84.94
311.81 77.77
295.53 97.31
305.30 110.99
285.10 119.46
227.79 133.14
229.09 120.76
219.32 122.71
238.21 108.38
229.74 68.00
232.35 76.47
246.67 82.98
239.51 83.63
223.88 73.86
203.69 62.79
211.50 62.79
223.88 64.74
251.89 69.95
243.42 63.44
251.89 62.79
263.61 56.28
263.61 67.35
288.36 76.47
297.48 79.72
300.74 72.56
295.53 74.51
303.99 67.35
302.69 58.88
293.57 68.65
285.76 59.53
278.59 57.58
307.90 72.56
332.65 69.30
339.82 55.62
277.94 46.51
296.18 41.95
290.32 39.99
300.09 34.78
291.62 33.48
285.76 26.97
289.01 22.41
294.22 21.75
305.30 15.89
308.55 11.33
300.74 9.38
298.78 13.94
236.25 43.90
223.23 42.60
238.21 35.43
231.04 32.83
250.58 41.30
253.84 33.48
243.42 41.95
269.47 30.22
264.26 47.81
256.45 45.20
249.28 47.81
261.00 39.99
274.68 35.43
281.20 23.06
278.59 17.20
186.10 40.64
204.99 41.95
216.71 43.90
218.67 39.34
219.97 31.52
227.13 35.43
139.85 49.76
137.90 44.55
133.34 39.34
131.39 46.51
120.31 41.95
104.68 39.34
107.29 30.87
113.15 29.57
113.80 23.71
104.03 25.66
98.82 8.08
98.82 18.50
94.26 11.98
124.22 0.26
107.29 0.91
119.66 8.73
111.19 15.24
106.63 4.17
128.13 16.54
120.31 23.71
125.52 24.36
128.78 29.57
122.27 30.22
128.13 35.43
136.60 29.57
140.50 23.06
148.97 26.31
150.28 37.39
143.76 36.74
145.72 14.59
148.32 7.43
141.16 8.08
146.37 2.21
157.44 2.87
159.39 5.47
160.70 13.29
165.91 7.43
162.00 17.85
163.95 24.36
168.51 34.13
164.60 41.95
158.09 36.08
155.49 28.27
175.03 6.12
174.38 12.64
175.68 17.20
174.38 26.31
181.54 32.18
178.93 26.31
185.45 20.45
187.40 16.54
184.80 11.98
184.15 5.47
186.75 33.48
191.96 79.07
201.08 72.56
178.28 75.17
184.80 68.65
253.84 96.01
246.02 100.57
213.46 110.99
223.88 114.25
118.36 65.40
106.63 57.58
87.75 59.53
107.94 66.70
72.76 219.76
104.68 207.39
110.54 195.66
109.24 216.51
115.10 213.25
194.57 191.76
200.43 180.03
202.38 174.82
188.70 175.47
191.96 168.96
182.19 167.01
220.62 172.22
21.96 256.24
27.17 247.12
55.18 282.29
67.55 104.48
64.95 64.74
48.01 58.23
192.61 0.26
190.66 8.08
198.48 8.08
203.69 8.73
206.94 6.77
216.06 13.29
198.48 14.59
192.61 15.24
204.34 18.50
205.64 26.31
204.99 34.78
231.69 0.26
270.12 19.15
264.91 11.98
264.91 3.52
271.43 2.87
286.41 3.52
281.85 8.08
281.20 13.29
283.80 38.04
221.92 13.94
219.97 21.75
223.23 5.47
223.88 10.03
229.09 7.43
238.86 10.68
235.60 16.54
241.46 17.20
235.60 23.71
241.46 23.71
249.28 10.03
245.37 4.17
251.23 4.17
253.19 17.20
259.70 21.10
264.26 25.66
251.23 23.71
255.79 28.92
195.87 21.75
309.20 129.23
