1021.77 262.12
1017.10 249.54
1023.57 236.96
1018.89 219.34
1010.80 219.16
1016.56 213.04
1006.13 233.18
1009.72 261.58
998.94 293.22
1010.44 291.79
1010.08 281.36
1022.67 292.87
1000.02 246.84
1005.05 250.08
996.06 267.70
998.58 252.60
994.98 223.11
989.59 226.71
982.76 229.94
981.32 241.09
980.24 250.80
976.65 262.66
972.69 269.85
989.95 253.31
969.10 220.60
975.93 210.53
970.17 231.74
961.19 237.13
953.99 238.57
951.48 254.03
966.94 257.63
956.87 271.65
954.71 260.87
1021.77 347.34
1008.83 383.29
998.76 344.46
978.62 322.89
998.40 308.15
977.54 286.57
964.60 293.04
955.97 304.55
966.76 308.15
1000.56 326.12
922.17 323.97
955.25 339.79
920.02 356.33
935.84 296.64
950.22 288.01
943.03 274.35
928.65 265.00
922.89 272.91
945.90 254.93
936.56 246.30
925.05 205.31
878.31 299.52
893.41 309.58
908.51 305.27
898.44 281.54
882.62 329.00
912.11 251.34
928.11 305.81
911.93 279.20
938.89 265.90
929.54 257.27
939.61 307.97
983.48 301.49
877.77 246.84
887.12 242.53
892.51 245.04
910.49 225.99
920.92 233.18
918.40 223.11
898.62 221.31
871.66 233.18
884.60 233.90
872.38 257.27
891.43 255.83
902.94 254.39
884.24 283.52
876.33 284.24
870.58 270.93
909.05 217.36
919.84 218.44
952.56 229.22
959.39 229.94
962.62 216.28
826.71 285.31
809.46 281.00
815.21 268.42
825.28 266.26
833.19 257.27
833.54 239.29
827.79 231.38
819.52 230.66
811.61 234.98
813.77 248.28
804.42 257.27
795.79 255.11
787.88 263.38
792.56 272.37
777.10 276.69
786.44 295.38
799.39 293.22
790.76 283.52
817.72 301.13
762.71 291.07
756.24 277.76
771.34 265.90
769.90 250.80
756.24 250.08
782.49 241.09
784.29 256.55
774.58 228.15
760.20 220.96
761.99 234.98
755.88 215.92
791.84 228.87
792.56 236.78
829.95 224.19
820.24 259.43
827.07 242.53
783.57 224.91
786.44 181.76
817.01 221.67
789.32 220.60
772.42 222.39
772.78 239.29
833.19 238.21
822.22 366.39
815.03 334.75
781.23 316.06
774.04 301.67
802.08 315.34
795.61 341.22
773.32 352.73
754.62 377.90
755.34 434.71
777.63 526.75
948.06 478.57
868.96 454.84
709.32 372.87
705.72 398.03
640.29 401.63
608.65 382.93
582.04 411.70
660.42 354.17
635.25 347.70
700.69 338.35
728.74 347.70
760.38 336.19
735.21 332.60
717.23 290.17
728.74 263.56
750.31 258.53
715.79 311.02
706.44 320.37
687.03 318.93
695.66 296.64
674.08 291.61
687.03 301.67
714.35 275.07
729.46 285.13
740.96 277.22
710.76 266.44
707.16 257.09
716.51 259.97
722.98 247.02
742.40 247.02
738.08 240.55
665.46 318.21
676.24 313.90
645.32 308.15
658.98 276.51
694.94 282.26
694.22 276.51
684.87 275.07
670.67 270.93
671.39 258.71
680.38 256.19
688.29 253.31
700.51 240.01
728.20 237.49
716.69 224.55
713.10 211.25
742.58 217.00
746.89 224.55
734.67 234.98
733.95 220.96
697.99 217.36
689.72 229.94
700.87 229.94
675.34 224.91
662.40 224.55
652.33 222.39
641.19 227.43
647.66 233.18
665.99 237.49
683.61 226.71
671.75 243.97
678.22 248.28
661.68 254.03
655.21 248.64
651.97 256.55
639.03 257.63
649.10 264.10
631.84 275.97
622.85 258.71
622.49 246.12
612.42 256.19
604.87 247.56
601.99 234.98
587.97 230.66
578.62 231.38
594.44 234.98
584.02 241.09
556.69 233.54
589.41 255.83
598.04 257.63
640.47 288.55
644.06 281.00
619.61 308.69
623.93 290.35
603.07 291.07
599.84 301.85
599.12 278.48
588.33 273.45
575.39 261.58
569.28 256.55
554.17 252.60
574.31 277.40
588.69 293.58
584.02 287.47
564.96 288.91
571.79 302.57
581.86 313.00
577.54 323.07
597.32 316.24
558.49 323.07
606.67 340.69
564.78 368.55
545.37 366.39
542.49 344.82
584.20 338.35
520.20 324.69
525.23 375.02
500.78 377.18
482.08 319.65
518.76 300.24
530.98 298.08
548.24 298.08
556.87 276.51
547.52 259.97
542.49 274.35
533.86 282.98
529.54 275.07
514.44 278.66
500.78 285.13
532.24 248.64
538.35 237.49
538.71 229.94
518.94 230.30
498.44 228.51
522.89 236.78
512.11 238.93
502.04 240.73
522.53 257.63
529.72 265.90
493.77 302.93
479.75 283.88
482.98 259.43
497.37 255.83
495.39 524.24
