993.76 462.40
1021.08 420.70
1014.07 328.47
1020.90 329.55
1018.39 345.01
1014.34 369.19
1005.89 363.26
1002.12 352.65
994.75 334.85
992.05 320.65
1004.46 338.27
1009.31 349.06
1011.65 315.80
1007.87 323.35
1000.86 318.67
986.30 333.60
969.22 334.85
966.52 324.97
980.01 324.97
986.84 348.70
975.33 353.37
969.58 359.66
982.70 365.42
974.61 367.75
970.30 384.11
984.14 382.67
992.95 380.34
1013.26 378.54
1019.38 310.04
999.96 334.85
980.90 329.82
1007.24 394.99
954.03 428.79
987.11 421.60
964.81 394.99
966.97 407.93
990.70 395.71
980.63 400.02
980.63 412.97
1016.59 387.08
956.90 291.80
1016.59 277.78
1019.83 280.29
972.37 276.34
994.30 281.73
989.62 290.00
1015.15 290.36
1007.60 292.52
986.03 307.98
972.01 307.62
997.17 286.76
988.90 280.29
976.32 285.33
963.02 280.29
996.46 296.11
993.58 307.62
1004.37 311.93
1012.99 299.35
1001.67 283.35
950.25 339.80
955.65 341.96
960.32 354.54
951.69 359.93
945.22 353.46
955.65 369.28
950.97 390.85
936.95 384.02
947.38 381.15
940.19 373.60
942.70 364.25
928.68 368.92
927.60 353.46
931.92 329.37
934.07 339.80
910.70 320.02
915.02 363.89
898.48 360.29
888.77 367.12
884.10 354.54
890.57 341.96
897.76 339.44
885.89 324.34
907.83 333.69
917.89 350.94
928.32 343.39
921.49 338.36
899.92 387.26
913.22 395.17
923.65 381.51
931.29 313.46
946.39 317.96
958.79 330.90
968.86 295.30
961.31 322.09
949.98 312.20
917.44 327.84
897.76 326.13
953.67 325.60
946.12 333.15
919.15 321.28
925.62 322.36
936.41 323.08
942.52 307.98
947.92 303.66
938.57 317.33
877.80 324.16
883.56 318.04
917.35 334.22
910.88 352.20
873.13 338.18
897.94 375.21
911.60 376.65
876.72 366.58
865.94 398.22
877.44 396.79
877.08 386.36
889.67 397.87
867.02 351.84
872.05 355.08
863.06 372.70
865.58 357.60
861.98 328.11
856.59 331.71
849.76 334.94
848.32 346.09
847.24 355.80
843.65 367.66
839.69 374.85
856.95 358.31
836.10 325.60
842.93 315.53
837.17 336.74
828.19 342.13
820.99 343.57
818.48 359.03
833.94 362.63
823.87 376.65
821.71 365.87
888.77 452.34
875.83 488.29
865.76 449.46
845.62 427.89
865.40 413.15
844.54 391.57
831.60 398.04
822.97 409.55
833.76 413.15
904.95 415.30
927.96 413.15
944.50 403.80
867.56 431.12
789.17 428.97
822.25 444.79
787.02 461.33
802.84 401.64
817.22 393.01
810.03 379.35
795.65 370.00
789.89 377.91
812.90 359.93
803.56 351.30
792.05 310.31
745.31 404.52
760.41 414.58
775.51 410.27
765.44 386.54
749.62 434.00
779.11 356.34
795.11 410.81
778.93 384.20
805.89 370.90
796.54 362.27
806.61 412.97
850.48 406.49
744.77 351.84
754.12 347.53
759.51 350.04
777.49 330.99
787.92 338.18
785.40 328.11
765.62 326.31
738.66 338.18
751.60 338.90
739.38 362.27
758.43 360.83
769.94 359.39
751.24 388.52
743.33 389.24
737.58 375.93
776.05 322.36
786.84 323.44
819.56 334.22
826.39 334.94
829.62 321.28
693.71 390.31
676.46 386.00
682.21 373.42
692.28 371.26
700.19 362.27
700.54 344.29
694.79 336.38
686.52 335.66
678.61 339.98
680.77 353.28
671.42 362.27
662.79 360.11
654.88 368.38
659.56 377.37
644.10 381.69
653.44 400.38
666.39 398.22
657.76 388.52
684.72 406.13
629.71 396.07
623.24 382.76
638.34 370.90
636.90 355.80
623.24 355.08
649.49 346.09
651.29 361.55
641.58 333.15
627.20 325.96
628.99 339.98
622.88 320.92
658.84 333.87
659.56 341.78
696.95 329.19
687.24 364.43
694.07 347.53
650.57 329.91
653.44 286.76
684.01 326.67
656.32 325.60
639.42 327.39
639.78 344.29
700.19 343.21
689.22 471.39
682.03 439.75
648.23 421.06
641.04 406.67
669.08 420.34
662.61 446.22
640.32 457.73
621.62 482.90
622.34 539.71
576.32 477.87
572.72 503.03
507.29 506.63
527.42 459.17
502.25 452.70
567.69 443.35
595.74 452.70
627.38 441.19
602.21 437.60
584.23 395.17
595.74 368.56
617.31 363.53
582.79 416.02
573.44 425.37
554.03 423.93
562.66 401.64
541.08 396.61
554.03 406.67
581.35 380.07
596.46 390.13
607.96 382.22
577.76 371.44
574.16 362.09
583.51 364.97
589.98 352.02
609.40 352.02
605.08 345.55
532.46 423.21
543.24 418.90
512.32 413.15
525.98 381.51
561.94 387.26
561.22 381.51
551.87 380.07
537.67 375.93
538.39 363.71
547.38 361.19
555.29 358.31
567.51 345.01
595.20 342.49
583.69 329.55
580.10 316.25
609.58 322.00
613.89 329.55
601.67 339.98
600.95 325.96
564.99 322.36
556.72 334.94
567.87 334.94
542.34 329.91
529.40 329.55
519.33 327.39
508.19 332.43
514.66 338.18
532.99 342.49
550.61 331.71
538.75 348.97
545.22 353.28
528.68 359.03
522.21 353.64
518.97 361.55
506.03 362.63
516.10 369.10
498.84 380.97
489.85 363.71
489.49 351.12
479.42 361.19
507.47 393.55
511.06 386.00
486.61 413.69
490.93 395.35
