16.78 239.85
19.48 229.97
5.99 229.97
10.67 258.37
16.42 264.66
3.30 270.42
11.39 272.75
15.70 289.11
1.86 287.67
5.10 234.82
31.97 333.79
21.19 299.99
19.03 312.93
5.37 305.02
5.37 317.97
29.10 196.80
13.63 181.34
13.99 212.62
9.68 190.33
22.98 185.29
35.75 244.80
30.35 246.96
25.68 259.54
34.31 264.93
40.78 258.46
30.35 274.28
35.03 295.85
49.05 289.02
38.62 286.15
45.81 278.60
43.30 269.25
57.32 273.92
58.40 258.46
54.08 234.37
51.93 244.80
75.30 225.02
70.98 268.89
87.52 265.29
97.23 272.12
101.90 259.54
95.43 246.96
88.24 244.44
100.11 229.34
78.17 238.69
68.11 255.94
57.68 248.39
64.51 243.36
86.08 292.26
72.78 300.17
62.35 286.51
54.71 218.46
39.61 222.96
27.21 235.90
17.14 200.30
24.69 227.09
36.02 217.20
68.56 232.84
88.24 231.13
32.33 230.60
39.88 238.15
66.85 226.28
60.38 227.36
49.59 228.08
43.48 212.98
38.08 208.66
47.43 222.33
108.20 229.16
102.44 223.04
68.65 239.22
75.12 257.20
112.87 243.18
88.06 280.21
74.40 281.65
109.28 271.58
120.06 303.22
108.56 301.79
108.92 291.36
96.33 302.87
118.98 256.84
113.95 260.08
122.94 277.70
120.42 262.60
124.02 233.11
129.41 236.71
136.24 239.94
137.68 251.09
138.76 260.80
142.35 272.66
146.31 279.85
129.05 263.31
149.90 230.60
143.07 220.53
148.83 241.74
157.81 247.13
165.01 248.57
167.52 264.03
152.06 267.63
162.13 281.65
164.29 270.87
97.23 357.34
110.17 393.29
120.24 354.46
140.38 332.89
120.60 318.15
141.46 296.57
154.40 303.04
163.03 314.55
152.24 318.15
81.05 320.30
58.04 318.15
41.50 308.80
118.44 336.12
196.83 333.97
163.75 349.79
198.98 366.33
183.16 306.64
168.78 298.01
175.97 284.35
190.35 275.00
196.11 282.91
173.10 264.93
182.44 256.30
193.95 215.31
240.69 309.52
225.59 319.58
210.49 315.27
220.56 291.54
236.38 339.00
206.89 261.34
190.89 315.81
207.07 289.20
180.11 275.90
189.46 267.27
179.39 317.97
135.52 311.49
241.23 256.84
231.88 252.53
226.49 255.04
208.51 235.99
198.08 243.18
200.60 233.11
220.38 231.31
247.34 243.18
234.40 243.90
246.62 267.27
227.57 265.83
216.06 264.39
234.76 293.52
242.67 294.24
248.42 280.93
209.95 227.36
199.16 228.44
166.44 239.22
159.61 239.94
156.38 226.28
292.29 295.31
309.54 291.00
303.79 278.42
293.72 276.26
285.81 267.27
285.46 249.29
291.21 241.38
299.48 240.66
307.39 244.98
305.23 258.28
314.58 267.27
323.21 265.11
331.12 273.38
326.44 282.37
341.90 286.69
332.56 305.38
319.61 303.22
328.24 293.52
301.28 311.13
356.29 301.07
362.76 287.76
347.66 275.90
349.10 260.80
362.76 260.08
336.51 251.09
334.71 266.55
344.42 238.15
358.80 230.96
357.01 244.98
363.12 225.92
327.16 238.87
326.44 246.78
289.05 234.19
298.76 269.43
291.93 252.53
335.43 234.91
332.56 191.76
301.99 231.67
329.68 230.60
346.58 232.39
346.22 249.29
285.81 248.21
296.78 376.39
303.97 344.75
337.77 326.06
344.96 311.67
316.92 325.34
323.39 351.22
345.68 362.73
364.38 387.90
363.66 444.71
341.37 536.75
170.94 488.57
250.04 464.84
409.68 382.87
413.28 408.03
478.71 411.63
510.35 392.93
536.96 421.70
458.58 364.17
483.75 357.70
418.31 348.35
390.26 357.70
358.62 346.19
383.79 342.60
401.77 300.17
390.26 273.56
368.69 268.53
403.21 321.02
412.56 330.37
431.97 328.93
423.34 306.64
444.92 301.61
431.97 311.67
404.65 285.07
389.54 295.13
378.04 287.22
408.24 276.44
411.84 267.09
402.49 269.97
396.02 257.02
376.60 257.02
380.92 250.55
453.54 328.21
442.76 323.90
473.68 318.15
460.02 286.51
424.06 292.26
424.78 286.51
434.13 285.07
448.33 280.93
447.61 268.71
438.62 266.19
430.71 263.31
418.49 250.01
390.80 247.49
402.31 234.55
405.90 221.25
376.42 227.00
372.11 234.55
384.33 244.98
385.05 230.96
421.01 227.36
429.28 239.94
418.13 239.94
443.66 234.91
456.60 234.55
466.67 232.39
477.81 237.43
471.34 243.18
453.01 247.49
435.39 236.71
447.25 253.97
440.78 258.28
457.32 264.03
463.79 258.64
467.03 266.55
479.97 267.63
469.90 274.10
487.16 285.97
496.15 268.71
496.51 256.12
506.58 266.19
514.13 257.56
517.01 244.98
531.03 240.66
540.38 241.38
524.56 244.98
534.98 251.09
529.59 265.83
520.96 267.63
478.53 298.55
474.94 291.00
499.39 318.69
495.07 300.35
515.93 301.07
519.16 311.85
519.88 288.48
530.67 283.45
543.61 271.58
544.69 287.40
530.31 303.58
534.98 297.47
547.21 312.57
537.14 323.00
541.46 333.07
521.68 326.24
512.33 350.69
534.80 348.35
