16.96 335.64
25.59 348.58
67.30 328.81
93.90 324.49
71.97 345.35
56.15 314.79
61.54 319.82
64.42 301.48
70.53 284.94
58.67 291.42
84.20 298.97
60.11 297.17
68.74 292.13
86.35 284.58
82.40 276.67
73.77 258.70
32.06 302.20
108.29 281.71
111.16 304.00
71.25 233.89
81.32 234.25
81.32 239.28
69.46 253.66
78.44 251.87
85.63 248.63
109.72 237.12
108.29 265.53
104.15 429.30
160.24 380.40
132.92 338.70
0.24 329.71
120.51 245.75
123.75 230.29
115.84 236.76
118.35 255.82
126.62 236.40
139.93 246.47
133.10 247.55
135.61 263.01
125.46 283.96
139.66 287.19
148.11 281.26
151.88 270.65
159.25 252.85
161.95 238.65
149.54 256.27
144.69 267.06
129.95 301.57
110.89 241.71
142.35 233.80
146.13 241.35
153.14 236.67
167.70 251.60
184.78 252.85
187.48 242.97
173.99 242.97
167.16 266.70
178.67 271.37
184.42 277.66
171.30 283.42
179.39 285.75
183.70 302.11
169.86 300.67
161.05 298.34
140.74 296.54
123.12 294.20
115.39 293.84
118.98 261.66
127.07 236.31
134.62 228.04
154.04 252.85
173.10 247.82
121.59 318.02
112.24 336.72
146.76 312.99
14.44 353.26
199.97 346.79
166.89 339.60
189.19 312.99
187.03 325.93
163.30 313.71
173.37 318.02
173.37 330.97
137.41 305.08
197.10 209.80
137.41 195.78
134.17 198.29
181.63 194.34
159.70 199.73
164.38 208.00
138.85 208.36
146.40 210.52
167.97 225.98
181.99 225.62
156.83 204.76
165.10 198.29
177.68 203.33
190.98 198.29
157.54 214.11
160.42 225.62
149.63 229.93
141.01 217.35
152.33 201.35
203.75 257.80
198.35 259.96
193.68 272.54
202.31 277.93
208.78 271.46
198.35 287.28
203.03 308.85
217.05 302.02
206.62 299.15
213.81 291.60
211.30 282.25
225.32 286.92
226.40 271.46
222.08 247.37
219.93 257.80
243.30 238.02
238.98 281.89
255.52 278.29
265.23 285.12
269.90 272.54
263.43 259.96
256.24 257.44
268.11 242.34
246.17 251.69
236.11 268.94
225.68 261.39
232.51 256.36
254.08 305.26
240.78 313.17
230.35 299.51
222.71 231.46
207.61 235.96
195.21 248.90
185.14 213.30
192.69 240.09
204.02 230.20
236.56 245.84
256.24 244.13
200.33 243.60
207.88 251.15
234.85 239.28
228.38 240.36
217.59 241.08
211.48 225.98
206.08 221.66
215.43 235.33
276.20 242.16
270.44 236.04
236.65 252.22
243.12 270.20
280.87 256.18
256.06 293.21
242.40 294.65
277.28 284.58
288.06 316.22
276.56 314.79
276.92 304.36
264.33 315.87
286.98 269.84
281.95 273.08
290.94 290.70
288.42 275.60
292.02 246.11
297.41 249.71
304.24 252.94
305.68 264.09
306.76 273.80
310.35 285.66
314.31 292.85
297.05 276.31
317.90 243.60
311.07 233.53
316.83 254.74
325.81 260.13
333.01 261.57
335.52 277.03
320.06 280.63
330.13 294.65
332.29 283.87
265.23 370.34
278.17 406.29
288.24 367.46
308.38 345.89
288.60 331.15
309.46 309.57
322.40 316.04
331.03 327.55
320.24 331.15
249.05 333.30
226.04 331.15
209.50 321.80
286.44 349.12
364.83 346.97
331.75 362.79
366.98 379.33
351.16 319.64
336.78 311.01
343.97 297.35
358.35 288.00
364.11 295.91
341.10 277.93
350.44 269.30
361.95 228.31
408.69 322.52
393.59 332.58
378.49 328.27
388.56 304.54
404.38 352.00
374.89 274.34
358.89 328.81
375.07 302.20
348.11 288.90
357.46 280.27
347.39 330.97
303.52 324.49
409.23 269.84
399.88 265.53
394.49 268.04
376.51 248.99
366.08 256.18
368.60 246.11
388.38 244.31
415.34 256.18
402.40 256.90
414.62 280.27
395.57 278.83
384.06 277.39
402.76 306.52
410.67 307.24
416.42 293.93
377.95 240.36
367.16 241.44
334.44 252.22
327.61 252.94
324.38 239.28
460.29 308.31
477.54 304.00
471.79 291.42
461.72 289.26
453.81 280.27
453.46 262.29
459.21 254.38
467.48 253.66
475.39 257.98
473.23 271.28
482.58 280.27
491.21 278.11
499.12 286.38
494.44 295.37
509.90 299.69
500.56 318.38
487.61 316.22
496.24 306.52
469.28 324.13
524.29 314.07
530.76 300.76
515.66 288.90
517.10 273.80
530.76 273.08
504.51 264.09
502.71 279.55
512.42 251.15
526.80 243.96
525.01 257.98
531.12 238.92
495.16 251.87
494.44 259.78
457.05 247.19
466.76 282.43
459.93 265.53
503.43 247.91
500.56 204.76
469.99 244.67
497.68 243.60
514.58 245.39
514.22 262.29
453.81 261.21
464.78 389.39
471.97 357.75
505.77 339.06
512.96 324.67
484.92 338.34
491.39 364.22
513.68 375.73
532.38 400.90
531.66 457.71
338.94 501.57
418.04 477.84
526.62 359.19
536.69 281.53
546.04 300.22
544.60 270.02
544.42 240.00
540.11 247.55
