995.99 329.16
1005.34 340.66
1010.74 368.35
1003.90 366.19
988.44 362.60
987.01 350.73
970.11 350.73
959.68 333.47
969.03 331.31
958.24 348.93
949.25 352.53
970.11 360.80
997.79 361.16
1002.11 357.56
1010.02 358.28
1004.98 375.90
996.71 370.87
985.57 379.85
989.16 369.43
966.15 371.22
943.14 369.43
947.46 383.45
964.71 378.78
966.87 400.35
932.35 410.06
938.83 423.36
923.37 378.42
934.51 383.81
928.04 397.47
912.22 415.45
938.11 401.07
914.02 350.01
941.70 347.49
953.21 335.63
951.05 304.35
923.01 426.60
911.50 428.03
892.08 428.75
899.28 410.42
883.81 405.74
864.04 422.64
855.41 435.58
914.02 370.87
922.29 360.80
930.92 333.47
922.65 333.47
912.94 333.11
910.06 323.04
914.74 322.33
916.89 332.39
925.16 318.37
943.86 335.63
916.17 405.38
912.94 390.28
813.70 415.81
787.10 411.49
809.03 432.35
824.85 401.79
819.46 406.82
816.58 388.48
810.47 371.94
822.33 378.42
796.80 385.97
820.89 384.17
812.26 379.13
794.65 371.58
798.60 363.67
807.23 345.70
848.94 389.20
772.71 368.71
769.84 391.00
809.75 320.89
799.68 321.25
799.68 326.28
811.54 340.66
802.56 338.87
795.37 335.63
771.28 324.12
772.71 352.53
983.95 458.78
776.85 516.30
720.76 467.40
748.08 425.70
880.76 416.71
760.49 332.75
757.25 317.29
765.16 323.76
762.65 342.82
754.38 323.40
741.07 333.47
747.90 334.55
745.39 350.01
755.54 370.96
741.34 374.19
732.89 368.26
729.12 357.65
721.75 339.85
719.05 325.65
731.46 343.27
736.31 354.06
751.05 388.57
770.11 328.71
738.65 320.80
734.87 328.35
727.86 323.67
713.30 338.60
696.22 339.85
693.52 329.97
707.01 329.97
713.84 353.70
702.33 358.37
696.58 364.66
709.70 370.42
701.61 372.75
697.30 389.11
711.14 387.67
719.95 385.34
740.26 383.54
757.88 381.20
765.61 380.84
762.02 348.66
753.93 323.31
746.38 315.04
726.96 339.85
707.90 334.82
759.41 405.02
768.76 423.72
734.24 399.99
888.13 446.01
866.56 440.26
681.03 433.79
714.11 426.60
691.81 399.99
693.97 412.93
717.70 400.71
707.63 405.02
707.63 417.97
743.59 392.08
683.90 296.80
743.59 282.78
746.83 285.29
699.37 281.34
721.30 286.73
716.62 295.00
742.15 295.36
734.60 297.52
713.03 312.98
699.01 312.62
724.17 291.76
715.90 285.29
703.32 290.33
690.02 285.29
723.46 301.11
720.58 312.62
731.37 316.93
739.99 304.35
728.67 288.35
677.25 344.80
682.65 346.96
687.32 359.54
678.69 364.93
672.22 358.46
682.65 374.28
677.97 395.85
663.95 389.02
674.38 386.15
667.19 378.60
669.70 369.25
655.68 373.92
654.60 358.46
658.92 334.37
661.07 344.80
637.70 325.02
642.02 368.89
625.48 365.29
615.77 372.12
611.10 359.54
617.57 346.96
624.76 344.44
612.89 329.34
634.83 338.69
644.89 355.94
655.32 348.39
648.49 343.36
626.92 392.26
640.22 400.17
650.65 386.51
658.29 318.46
673.39 322.96
685.79 335.90
695.86 300.30
688.31 327.09
676.98 317.20
644.44 332.84
624.76 331.13
680.67 330.60
673.12 338.15
646.15 326.28
652.62 327.36
663.41 328.08
669.52 312.98
674.92 308.66
665.57 322.33
604.80 329.16
610.56 323.04
644.35 339.22
637.88 357.20
600.13 343.18
624.94 380.21
638.60 381.65
603.72 371.58
592.94 403.22
604.44 401.79
604.08 391.36
616.67 402.87
594.02 356.84
599.05 360.08
590.06 377.70
592.58 362.60
588.98 333.11
583.59 336.71
576.76 339.94
575.32 351.09
574.24 360.80
570.65 372.66
566.69 379.85
583.95 363.31
563.10 330.60
569.93 320.53
564.17 341.74
555.19 347.13
547.99 348.57
545.48 364.03
560.94 367.63
550.87 381.65
548.71 370.87
615.77 457.34
602.83 493.29
592.76 454.46
572.62 432.89
592.40 418.15
571.54 396.57
558.60 403.04
549.97 414.55
560.76 418.15
631.95 420.30
654.96 418.15
671.50 408.80
594.56 436.12
516.17 433.97
549.25 449.79
514.02 466.33
529.84 406.64
544.22 398.01
537.03 384.35
522.65 375.00
516.89 382.91
539.90 364.93
530.56 356.30
519.05 315.31
472.31 409.52
487.41 419.58
502.51 415.27
492.44 391.54
476.62 439.00
506.11 361.34
522.11 415.81
505.93 389.20
532.89 375.90
523.54 367.27
533.61 417.97
577.48 411.49
471.77 356.84
481.12 352.53
486.51 355.04
504.49 335.99
514.92 343.18
512.40 333.11
492.62 331.31
465.66 343.18
478.60 343.90
466.38 367.27
485.43 365.83
496.94 364.39
478.24 393.52
470.33 394.24
464.58 380.93
503.05 327.36
513.84 328.44
546.56 339.22
553.39 339.94
556.62 326.28
420.71 395.31
403.46 391.00
409.21 378.42
419.28 376.26
427.19 367.27
427.54 349.29
421.79 341.38
413.52 340.66
405.61 344.98
407.77 358.28
398.42 367.27
389.79 365.11
381.88 373.38
386.56 382.37
371.10 386.69
380.44 405.38
393.39 403.22
384.76 393.52
411.72 411.13
356.71 401.07
350.24 387.76
365.34 375.90
363.90 360.80
350.24 360.08
376.49 351.09
378.29 366.55
368.58 338.15
354.20 330.96
355.99 344.98
349.88 325.92
385.84 338.87
386.56 346.78
423.95 334.19
414.24 369.43
421.07 352.53
377.57 334.91
380.44 291.76
411.01 331.67
383.32 330.60
366.42 332.39
366.78 349.29
427.19 348.21
416.22 476.39
409.03 444.75
375.23 426.06
368.04 411.67
396.08 425.34
389.61 451.22
367.32 462.73
348.62 487.90
349.34 544.71
371.63 636.75
542.06 588.57
462.96 564.84
303.32 482.87
299.72 508.03
234.29 511.63
202.65 492.93
176.04 521.70
254.42 464.17
229.25 457.70
294.69 448.35
322.74 457.70
354.38 446.19
329.21 442.60
311.23 400.17
322.74 373.56
344.31 368.53
309.79 421.02
300.44 430.37
281.03 428.93
289.66 406.64
268.08 401.61
281.03 411.67
308.35 385.07
323.46 395.13
334.96 387.22
304.76 376.44
301.16 367.09
310.51 369.97
316.98 357.02
336.40 357.02
332.08 350.55
259.46 428.21
270.24 423.90
239.32 418.15
252.98 386.51
288.94 392.26
288.22 386.51
278.87 385.07
264.67 380.93
265.39 368.71
274.38 366.19
282.29 363.31
294.51 350.01
322.20 347.49
310.69 334.55
307.10 321.25
336.58 327.00
340.89 334.55
328.67 344.98
327.95 330.96
291.99 327.36
283.72 339.94
294.87 339.94
269.34 334.91
256.40 334.55
246.33 332.39
235.19 337.43
241.66 343.18
259.99 347.49
277.61 336.71
265.75 353.97
272.22 358.28
255.68 364.03
249.21 358.64
245.97 366.55
233.03 367.63
243.10 374.10
225.84 385.97
216.85 368.71
216.49 356.12
206.42 366.19
198.87 357.56
195.99 344.98
181.97 340.66
172.62 341.38
188.44 344.98
178.02 351.09
150.69 343.54
183.41 365.83
192.04 367.63
234.47 398.55
238.06 391.00
213.61 418.69
217.93 400.35
197.07 401.07
193.84 411.85
193.12 388.48
182.33 383.45
169.39 371.58
163.28 366.55
148.17 362.60
168.31 387.40
182.69 403.58
178.02 397.47
158.96 398.91
165.79 412.57
175.86 423.00
171.54 433.07
191.32 426.24
152.49 433.07
200.67 450.69
158.78 478.55
139.37 476.39
136.49 454.82
178.20 448.35
114.20 434.69
119.23 485.02
94.78 487.18
64.58 451.94
76.08 429.65
112.76 410.24
124.98 408.08
142.24 408.08
150.87 386.51
141.52 369.97
136.49 384.35
127.86 392.98
123.54 385.07
108.44 388.66
94.78 395.13
39.41 444.03
4.17 467.04
14.96 424.62
126.24 358.64
132.35 347.49
132.71 339.94
112.94 340.30
92.44 338.51
116.89 346.78
106.11 348.93
96.04 350.73
116.53 367.63
123.72 375.90
87.77 412.93
49.30 399.63
73.75 393.88
62.96 375.18
76.98 369.43
91.37 365.83
38.15 355.04
53.61 360.80
55.77 353.25
65.12 344.98
68.35 353.25
37.07 371.58
48.22 373.38
14.42 370.87
15.50 361.52
22.69 364.39
17.66 384.53
4.35 381.65
28.44 406.10
33.48 396.03
35.99 388.84
42.11 423.72
89.39 634.24
732.26 652.93
