958.89 16.03
963.05 10.09
947.61 4.16
916.14 10.09
904.86 8.91
900.11 7.72
885.86 2.38
874.58 27.31
860.33 20.78
867.45 10.09
828.86 16.63
796.20 29.10
780.76 38.00
818.17 32.66
812.83 28.50
803.33 48.10
846.08 4.75
849.64 39.78
865.67 40.97
860.33 49.28
876.36 52.25
882.89 55.81
891.80 65.31
903.08 43.94
939.30 49.88
943.46 43.35
955.33 51.66
963.05 46.31
947.61 62.94
966.61 76.60
972.55 76.60
980.27 92.03
973.14 92.03
980.27 75.41
943.46 87.88
934.55 89.07
925.64 91.44
897.74 75.41
881.11 69.47
878.74 80.75
861.52 64.13
854.39 68.88
845.48 61.16
855.58 86.10
840.73 89.07
821.14 60.56
811.05 61.75
753.45 60.56
746.33 62.94
717.83 49.88
736.23 35.03
724.95 72.44
727.33 54.03
694.08 68.88
698.83 85.50
708.92 89.66
751.08 85.50
746.92 73.63
767.70 76.60
763.55 93.22
778.98 96.19
791.45 89.07
795.61 87.88
807.48 93.22
800.95 90.85
818.17 95.00
822.33 91.44
827.67 95.60
847.86 97.97
848.45 111.63
837.77 108.66
871.61 105.69
879.33 108.07
884.08 97.38
898.33 102.72
898.92 94.41
909.02 97.97
916.74 103.91
925.64 119.35
939.89 112.82
952.36 112.82
998.68 111.03
1003.43 91.44
1014.11 87.88
1015.89 87.88
1006.99 68.28
1017.08 68.28
1022.43 33.25
1005.80 36.81
1012.33 36.81
1011.14 108.66
1010.55 116.38
1019.46 147.85
1011.14 160.32
1008.77 168.63
990.96 154.38
979.67 160.32
963.05 157.94
971.36 138.94
963.05 118.75
953.55 130.63
943.46 133.00
915.55 131.22
919.70 147.85
890.02 133.00
904.86 115.19
878.14 125.28
902.49 124.10
777.80 68.88
673.29 69.47
664.98 72.44
651.92 74.81
637.67 52.25
621.04 52.25
628.76 42.16
648.36 36.81
640.04 18.41
615.70 41.56
609.76 50.47
591.36 49.28
596.70 73.63
611.54 76.60
667.36 32.66
686.36 22.56
675.67 17.22
679.23 24.94
629.36 19.00
596.70 12.47
594.32 26.72
603.82 3.56
615.70 7.72
622.82 10.09
656.08 4.16
672.70 4.16
685.17 5.94
588.39 32.66
605.01 107.47
610.36 115.19
618.67 133.00
634.11 127.07
644.20 127.07
672.70 106.88
681.01 103.91
688.14 111.03
685.76 124.10
705.95 106.28
701.79 105.69
704.76 121.13
715.45 122.32
723.76 115.19
736.23 107.47
735.05 122.32
742.76 120.53
757.61 109.85
766.51 105.69
761.76 121.13
773.05 115.78
786.11 129.44
786.70 120.53
796.80 118.75
805.11 111.63
815.20 114.60
790.86 140.13
830.64 126.47
826.48 143.10
840.73 135.97
858.55 135.38
879.92 151.41
896.55 162.69
938.71 178.13
965.42 178.13
976.11 197.72
999.86 191.19
1015.89 188.22
1014.71 207.82
975.52 224.44
958.89 203.07
942.27 203.07
912.58 201.88
900.11 184.07
906.64 215.54
883.49 194.75
873.39 203.07
850.83 173.97
843.11 164.47
835.98 159.72
827.08 176.94
815.80 154.38
808.08 162.10
776.01 167.44
809.86 201.88
834.80 201.88
852.61 228.01
780.76 203.66
783.73 187.04
738.01 173.97
740.39 144.28
758.80 137.16
730.30 137.16
742.76 131.22
696.45 140.13
679.23 141.32
669.73 141.32
657.86 141.32
652.51 153.79
626.98 155.57
615.11 153.79
609.76 165.66
597.89 151.41
575.32 149.63
543.26 153.79
546.23 176.94
576.51 182.29
618.67 181.10
612.73 192.38
616.29 210.19
654.89 179.91
669.14 169.82
684.58 162.10
685.17 173.97
689.33 183.47
703.58 179.91
714.86 193.57
725.55 191.79
746.33 216.13
704.17 223.85
717.23 239.29
726.73 238.10
726.73 263.63
760.58 253.54
764.73 230.97
777.80 254.72
755.23 279.07
746.33 267.19
792.64 294.51
828.27 265.41
818.77 265.41
838.95 248.79
885.86 232.76
895.95 245.22
901.30 249.38
953.55 250.57
977.30 250.57
990.36 211.97
1006.99 247.60
1020.64 230.97
1018.86 318.26
964.83 316.48
959.49 336.66
959.49 353.88
929.21 295.69
900.11 279.07
898.33 298.66
887.64 295.69
916.74 325.98
890.02 334.88
914.95 356.26
834.20 353.29
818.77 314.10
842.52 291.54
762.36 354.48
700.01 305.79
688.14 293.32
696.45 253.54
664.39 244.63
667.36 271.94
666.17 209.00
644.79 240.47
621.64 248.79
609.17 270.76
623.42 280.85
634.11 297.48
572.95 299.26
555.73 287.38
573.54 249.97
569.98 216.13
545.64 203.66
526.04 223.85
513.57 204.85
516.54 187.63
525.45 257.69
552.17 252.94
513.57 284.41
548.60 334.88
514.76 347.35
583.04 354.48
526.04 287.38
916.74 165.66
1016.49 51.66
648.95 23.16
401.86 3.56
382.86 35.03
397.70 45.13
406.61 43.35
429.17 45.13
406.01 55.81
395.92 60.56
379.89 60.56
388.79 57.00
374.54 75.41
384.04 81.35
411.95 81.94
418.48 90.25
401.26 106.28
368.61 97.97
414.33 128.85
425.01 122.91
427.39 130.63
427.39 147.85
438.67 157.94
475.48 171.00
490.92 176.94
476.67 186.44
483.20 203.07
498.64 244.63
485.58 247.60
465.39 238.10
442.23 207.22
433.92 198.91
430.95 178.13
438.08 164.47
376.92 168.63
376.92 152.00
378.70 145.47
388.79 135.97
378.70 127.66
366.82 131.22
351.39 145.47
359.70 155.57
347.82 111.03
336.54 109.85
344.26 92.03
348.42 79.56
344.86 72.44
330.01 74.81
324.67 61.75
299.14 72.44
286.07 84.91
295.57 100.35
325.85 99.75
339.51 97.97
329.42 127.07
318.14 131.22
312.20 141.91
318.73 147.25
311.60 147.25
302.70 154.38
312.20 164.47
322.29 157.94
325.85 166.25
347.82 181.10
365.64 192.38
379.29 195.35
391.17 197.72
407.20 208.41
407.20 222.66
430.95 235.13
400.08 254.72
375.73 244.63
370.98 233.94
343.67 247.60
369.20 257.10
401.86 268.38
417.29 272.54
442.83 291.54
472.51 284.41
713.58 264.22
464.80 280.26
483.80 343.79
404.23 340.23
395.32 323.01
387.61 362.20
368.01 357.45
353.17 315.29
343.07 280.85
313.98 301.63
302.10 339.63
332.98 266.60
293.79 275.51
296.17 257.69
286.07 238.10
300.92 216.72
303.89 199.50
328.82 217.32
294.39 181.10
293.79 168.63
273.01 152.00
283.10 143.69
273.60 140.13
278.95 127.07
292.60 119.94
251.63 126.47
252.23 143.10
249.26 139.53
239.76 149.63
232.04 150.22
243.32 164.47
226.70 175.75
228.48 206.04
223.13 223.85
252.23 223.85
262.32 228.01
279.54 193.57
197.60 219.69
173.26 222.66
161.98 197.72
167.91 160.91
177.41 152.60
193.45 153.79
200.57 157.94
215.42 135.38
208.88 130.63
190.48 135.38
195.82 120.53
191.66 111.63
196.42 102.13
208.29 106.28
208.29 97.97
205.92 91.44
231.45 90.85
245.70 81.35
259.95 78.97
271.82 83.72
259.35 93.22
256.98 104.50
249.26 108.66
161.98 150.22
176.82 134.78
162.57 133.00
158.41 119.35
168.51 112.22
134.66 122.32
132.29 114.00
103.19 114.00
110.91 127.07
112.10 119.94
121.60 116.97
126.35 137.75
136.45 131.82
151.88 135.38
145.35 141.91
131.70 156.16
126.94 143.10
102.60 153.79
106.16 171.00
129.91 176.94
142.98 219.69
132.88 222.66
213.04 78.97
99.04 236.32
135.26 239.29
148.91 238.10
181.57 247.01
184.54 265.41
189.88 269.57
215.42 268.38
229.67 283.23
256.38 267.79
234.42 318.26
215.42 324.79
166.73 311.73
150.70 304.01
142.98 319.44
147.13 258.29
175.63 359.82
260.54 358.04
254.60 339.04
5.73 66.50
35.42 112.82
46.10 115.19
75.20 120.53
88.86 125.28
89.45 111.03
100.73 127.66
109.64 141.32
82.92 160.32
74.61 152.60
101.32 139.53
65.10 139.53
52.64 135.38
26.51 127.66
6.32 120.53
8.10 133.00
0.98 141.32
15.82 151.41
18.20 138.94
33.64 156.75
17.60 166.85
57.39 159.72
72.23 173.97
88.26 188.22
82.32 203.66
36.01 192.38
37.20 206.04
19.98 198.91
0.38 178.72
0.98 159.72
23.54 222.66
-0.80 233.35
2.76 232.76
11.67 245.22
8.10 261.26
74.61 242.85
93.61 224.44
82.32 219.69
52.64 305.79
69.85 316.48
58.57 361.01
126.26 211.38
272.92 236.32
287.17 160.32
956.52 399.90
974.33 397.52
1002.83 420.09
938.71 478.28
923.27 428.40
881.70 439.09
833.02 397.52
867.45 386.84
890.02 378.52
773.64 370.21
806.89 392.77
726.14 386.84
798.58 420.09
803.33 445.02
789.08 475.90
796.20 502.03
853.20 478.28
887.64 503.21
871.02 517.46
809.27 534.09
703.58 430.77
697.64 461.65
856.77 367.84
1008.77 548.34
926.83 630.28
962.46 712.22
898.33 624.34
867.45 689.65
842.52 664.72
842.52 664.72
836.58 578.03
762.95 631.47
729.70 582.78
790.27 526.96
742.76 531.71
697.64 525.78
759.39 700.34
727.33 694.40
654.89 648.09
647.76 576.84
626.39 549.53
656.08 459.28
628.76 461.65
599.07 510.34
576.51 661.15
612.14 682.53
577.70 703.90
523.07 619.59
506.45 597.03
531.39 563.78
489.82 585.15
404.32 669.47
382.94 669.47
342.57 624.34
381.76 532.90
419.76 538.84
401.95 505.59
466.07 453.34
508.82 436.71
552.76 469.96
597.89 490.15
529.01 391.59
457.76 403.46
449.45 391.59
374.63 415.34
346.13 431.96
334.26 439.09
374.63 465.21
367.51 490.15
284.38 478.28
289.13 540.03
254.69 576.84
227.38 689.65
228.57 652.84
165.63 635.03
146.63 694.40
107.44 630.28
94.38 721.72
8.88 707.47
46.88 488.96
113.38 548.34
115.75 478.28
149.00 563.78
187.00 498.46
184.63 458.09
192.94 430.77
138.32 426.02
149.00 398.71
44.50 389.21
10.06 411.77
304.57 423.65
311.69 384.46
682.20 320.34
418.57 353.59
