142.01 509.38
200.61 518.10
236.77 500.65
426.27 555.51
53.49 443.30
159.47 404.65
284.14 448.29
377.65 445.79
506.07 445.79
403.83 378.47
506.07 367.25
458.69 289.95
377.65 293.69
356.46 319.87
243.00 369.74
211.83 329.85
123.31 306.16
180.66 274.99
156.98 270.00
140.77 237.59
134.53 215.14
107.10 203.92
135.78 183.98
89.65 218.88
8.61 356.03
63.47 297.43
47.26 293.69
14.85 152.81
37.29 127.87
63.47 124.13
9.86 92.96
48.51 70.52
46.01 89.22
51.00 82.99
77.18 81.74
103.36 101.69
110.85 104.18
132.04 107.92
132.04 149.07
190.64 157.79
171.94 117.90
153.23 96.70
583.36 362.26
559.68 248.81
456.20 236.34
406.33 237.59
406.33 195.20
334.01 200.18
310.33 171.51
213.08 170.26
246.74 147.82
228.04 135.35
233.03 112.91
199.36 112.91
191.88 95.46
224.30 86.73
265.44 107.92
246.74 112.91
285.39 104.18
317.81 140.34
355.21 119.14
370.17 140.34
391.36 157.79
353.96 97.95
324.04 73.01
309.08 73.01
310.33 64.29
582.12 208.91
579.62 174.00
554.69 182.73
559.68 152.81
574.64 142.83
607.05 136.60
488.61 197.69
448.72 156.55
524.77 107.92
457.44 125.38
422.53 125.38
396.35 105.43
382.64 91.72
423.78 100.44
458.69 86.73
594.59 89.22
598.33 73.01
550.95 78.00
554.69 58.05
539.73 61.79
589.60 64.29
506.07 66.78
604.35 32.81
570.07 52.13
568.82 34.68
572.56 28.44
578.79 22.83
587.52 15.35
593.75 25.95
604.98 19.72
504.82 46.52
530.38 31.56
540.98 31.56
554.69 21.59
539.10 17.22
530.38 19.72
572.14 14.10
556.56 12.86
549.70 6.62
545.96 2.88
531.00 6.62
527.26 15.35
477.39 50.26
462.43 67.72
443.10 41.53
440.61 32.81
425.65 22.21
411.31 11.61
416.30 6.62
436.87 8.49
448.09 14.10
451.21 5.38
461.18 6.62
454.95 1.01
468.66 15.35
479.88 17.22
483.62 0.39
502.33 5.38
499.83 13.48
499.83 24.08
509.18 24.08
519.16 24.08
512.92 10.99
431.26 67.72
400.09 63.35
396.35 50.26
392.61 38.42
375.78 57.74
367.05 63.35
359.57 39.66
332.14 54.62
361.44 22.21
399.47 4.75
392.61 8.49
376.40 15.35
365.81 13.48
358.33 4.75
343.99 15.35
327.78 8.49
315.31 17.22
305.96 11.61
299.10 11.61
309.08 28.44
294.12 13.48
295.36 41.53
284.77 24.08
8.61 21.43
5.18 3.66
71.26 4.29
19.52 3.66
23.88 16.75
26.69 8.03
38.85 13.33
55.99 22.05
78.43 22.05
79.05 32.03
55.68 49.79
46.64 44.49
37.60 56.34
91.21 68.18
95.26 49.79
118.33 37.64
121.44 55.09
138.59 55.40
174.43 67.87
177.55 28.91
158.22 28.60
161.03 15.51
153.23 18.94
146.07 11.77
134.85 22.68
124.87 24.86
136.09 14.57
123.31 1.48
113.03 9.27
102.43 12.39
136.40 3.04
130.48 3.66
178.17 17.07
183.47 14.57
206.22 14.88
210.90 31.40
204.04 44.18
227.42 45.43
228.98 32.03
76.14 1.01
269.39 17.69
249.13 11.77
269.39 42.31
277.81 60.70
259.42 52.29
249.44 42.00
255.05 99.98
373.18 0.55
396.87 80.34
110.85 82.99
248.15 186.96
210.02 8.15
335.99 6.65
254.97 10.93
474.15 123.63
414.22 1.57
276.37 103.40
508.62 1.09
490.21 16.28
580.75 16.93
