80.27 507.51
31.65 397.79
160.07 397.79
57.83 330.47
160.07 319.25
112.69 241.95
31.65 245.69
10.46 271.87
237.36 314.26
325.88 304.29
314.66 261.90
213.68 200.81
110.20 188.34
60.33 189.59
60.33 147.20
9.21 71.14
24.17 92.34
45.36 109.79
7.96 49.95
393.21 518.73
573.99 356.65
444.33 380.34
420.64 299.30
593.94 103.56
573.99 77.38
446.82 178.36
445.57 126.00
354.56 143.46
297.21 119.77
236.12 160.91
233.62 126.00
208.69 134.73
213.68 104.81
228.64 94.83
261.05 88.60
142.61 149.69
102.72 108.55
178.77 59.92
111.44 77.38
76.53 77.38
50.35 57.43
36.64 43.72
77.78 52.44
112.69 38.73
406.92 108.55
429.36 87.35
381.99 59.92
358.30 76.13
337.10 48.70
317.16 73.64
302.20 97.33
248.59 41.22
252.33 25.01
204.95 30.00
208.69 10.05
193.73 13.79
243.60 16.29
160.07 18.78
459.70 95.77
442.25 75.20
446.61 57.74
436.01 39.66
446.61 25.95
442.87 6.62
459.08 17.85
467.18 7.87
478.40 15.35
489.00 17.22
479.03 25.95
485.26 42.16
520.79 19.72
535.75 31.56
539.49 45.90
552.59 34.68
555.08 53.38
543.86 68.34
594.98 54.62
416.69 20.34
413.57 31.56
388.01 39.04
394.25 22.21
407.96 12.23
419.18 7.87
383.03 0.39
376.17 1.01
374.92 22.21
354.35 24.08
355.60 10.99
343.75 4.75
344.38 34.05
364.33 45.90
364.33 62.10
322.56 28.44
330.04 9.12
320.07 4.13
302.61 2.26
286.40 13.48
224.07 4.13
284.53 0.39
131.39 2.26
116.43 19.72
85.26 19.72
54.09 15.35
50.35 2.26
29.78 9.74
21.05 15.35
50.87 32.34
559.92 587.99
128.15 75.63
