928.31 558.00
860.99 413.38
802.39 422.10
766.23 404.65
576.73 459.51
1023.06 533.07
1016.83 405.90
949.51 347.30
843.53 308.65
718.86 352.29
625.35 349.79
496.93 349.79
599.17 282.47
496.93 271.25
544.31 193.95
625.35 197.69
646.54 223.87
760.00 273.74
791.17 233.85
879.69 210.16
822.34 178.99
846.02 174.00
862.23 141.59
868.47 119.14
895.90 107.92
867.22 87.98
913.35 122.88
1015.58 117.90
994.39 260.03
939.53 201.43
955.74 197.69
1005.61 54.31
988.15 56.81
965.71 31.87
939.53 28.13
899.64 5.69
892.15 8.18
870.96 11.92
870.96 53.07
812.36 61.79
831.06 21.90
849.77 0.70
419.64 266.26
443.32 152.81
546.80 140.34
596.67 141.59
596.67 99.20
668.99 104.18
692.67 75.51
789.92 74.26
756.26 51.82
774.96 39.35
769.97 16.91
803.64 16.91
737.56 11.92
756.26 16.91
717.61 8.18
685.19 44.34
647.79 23.14
632.83 44.34
611.64 61.79
649.04 1.95
420.88 112.91
423.38 78.00
448.31 86.73
443.32 56.81
428.36 46.83
514.39 101.69
554.28 60.55
478.23 11.92
545.56 29.38
580.47 29.38
606.65 9.43
579.22 4.44
747.95 3.98
754.85 90.96
528.85 27.63
726.63 7.40
