48.69 538.00
116.01 393.38
174.61 402.10
210.77 384.65
400.27 439.51
27.49 327.30
133.47 288.65
258.14 332.29
351.65 329.79
480.07 329.79
377.83 262.47
480.07 251.25
432.69 173.95
351.65 177.69
330.46 203.87
217.00 253.74
185.83 213.85
97.31 190.16
154.66 158.99
130.98 154.00
114.77 121.59
108.53 99.14
81.10 87.92
109.78 67.98
63.65 102.88
37.47 181.43
21.26 177.69
11.29 11.87
37.47 8.13
106.04 33.07
164.64 41.79
145.94 1.90
557.36 246.26
533.68 132.81
430.20 120.34
380.33 121.59
380.33 79.20
308.01 84.18
284.33 55.51
187.08 54.26
220.74 31.82
202.04 19.35
291.81 24.34
329.21 3.14
344.17 24.34
365.36 41.79
556.12 92.91
553.62 58.00
528.69 66.73
533.68 36.81
548.64 26.83
581.05 20.60
462.61 81.69
422.72 40.55
431.44 9.38
396.53 9.38
222.15 70.96
448.15 7.63
