186.77 553.99
102.61 578.04
83.07 729.83
25.96 663.70
30.47 522.43
108.62 436.76
126.65 336.06
159.72 259.41
140.18 217.33
219.84 224.85
257.41 280.45
281.46 339.07
276.95 424.74
207.81 447.28
328.05 627.63
442.27 606.59
493.37 406.70
340.07 259.41
123.65 169.24
101.10 161.72
74.05 146.69
74.05 121.14
63.53 118.14
538.46 330.05
461.81 256.41
550.48 206.81
625.63 220.34
633.14 202.30
606.09 172.24
675.23 287.97
717.31 262.42
723.32 337.57
789.45 342.07
769.91 394.68
941.24 322.54
1011.88 280.45
968.30 266.93
1011.88 202.30
963.79 191.78
989.34 172.24
996.85 101.61
962.29 100.10
932.23 133.17
920.20 157.21
923.21 121.14
894.65 137.68
869.10 118.14
888.64 92.59
902.17 86.58
751.88 188.78
709.79 206.81
736.85 167.73
706.79 167.73
688.75 157.21
712.80 137.68
726.33 113.63
771.41 127.15
799.97 122.65
813.50 113.63
848.06 128.66
795.46 100.10
777.42 100.10
808.99 70.04
837.54 76.06
804.48 79.06
852.57 70.04
882.63 64.03
834.54 58.02
861.59 47.50
878.12 44.49
896.16 53.51
905.17 44.49
920.20 55.01
947.26 49.00
932.23 49.00
959.28 50.51
975.81 53.51
947.26 74.55
975.81 86.58
983.33 79.06
989.34 91.08
999.86 74.55
1005.87 95.59
1008.88 80.56
1017.89 53.51
998.36 41.49
1010.38 36.98
992.34 27.96
998.36 21.95
1007.37 18.94
1019.40 15.94
986.33 20.45
978.82 27.96
974.31 41.49
987.84 38.48
969.80 26.46
972.81 15.94
959.28 23.45
944.25 32.47
936.74 26.46
929.22 26.46
924.71 15.94
917.20 12.93
917.20 23.45
905.17 23.45
906.68 15.94
941.24 15.94
953.27 21.95
839.05 38.48
846.56 38.48
864.60 41.49
852.57 23.45
854.07 15.94
864.60 12.93
864.60 26.46
875.12 5.42
863.09 5.42
863.09 5.42
843.55 17.44
836.04 18.94
787.95 39.98
796.96 42.99
775.92 71.55
754.88 71.55
742.86 64.03
747.37 5.42
845.06 106.11
724.82 76.06
700.78 95.59
676.73 110.62
702.28 53.51
699.27 36.98
690.25 36.98
672.22 42.99
679.73 33.97
675.23 29.46
709.79 18.94
700.78 5.42
681.24 5.42
714.30 49.00
618.11 50.51
654.18 164.73
526.43 89.58
594.07 0.91
594.07 17.44
607.59 23.45
604.59 12.93
606.09 2.41
568.52 9.93
570.02 2.41
514.41 74.55
517.42 137.68
476.84 107.62
476.84 91.08
457.30 64.03
421.23 124.15
272.44 131.66
270.94 100.10
288.97 100.10
296.49 101.61
427.24 53.51
407.70 50.51
376.14 58.02
279.95 49.00
266.43 49.00
269.43 64.03
248.39 85.07
206.31 106.11
192.78 95.59
203.30 95.59
168.74 106.11
176.25 100.10
165.73 124.15
144.69 128.66
135.67 112.13
132.67 70.04
81.57 49.00
77.06 80.56
60.52 92.59
83.07 91.08
104.11 85.07
105.61 107.62
72.55 103.11
12.43 91.08
7.92 44.49
34.97 53.51
74.05 36.98
86.07 36.98
116.13 38.48
126.65 36.98
162.72 29.46
269.43 15.94
281.46 5.42
293.48 5.42
313.02 15.94
316.02 11.43
331.05 2.41
314.52 30.97
293.48 39.98
413.71 26.46
379.15 38.48
430.25 36.98
436.26 32.47
446.78 32.47
478.34 33.97
431.75 17.44
493.37 36.98
499.38 26.46
487.36 17.44
520.42 2.41
89.92 109.04
33.66 98.81
252.58 33.85
263.32 37.94
256.67 33.85
261.27 13.39
321.63 14.41
314.98 37.94
367.66 44.59
409.09 3.67
396.82 14.41
428.02 6.23
460.75 20.55
452.57 31.29
287.87 191.90
299.63 183.21
170.74 360.69
138.00 38.45
121.64 48.68
108.85 67.10
275.08 25.16
280.20 18.51
302.19 20.04
292.47 14.41
183.01 8.79
467.91 12.88
381.98 55.33
400.91 44.59
179.69 30.27
183.78 26.69
168.95 43.57
185.32 19.53
351.04 18.51
367.41 21.58
378.66 23.11
384.80 23.62
387.35 37.94
395.03 37.94
398.09 26.69
410.88 18.51
338.00 10.87
338.25 4.73
362.55 4.47
368.68 12.91
379.68 7.54
376.61 15.21
391.45 3.71
396.30 3.71
978.63 118.69
851.79 144.27
807.80 46.16
813.94 38.49
819.82 23.40
802.17 30.56
811.89 19.05
804.98 17.52
800.64 14.70
792.20 21.86
785.55 18.79
773.27 20.58
768.41 34.91
750.51 18.28
760.74 19.82
768.92 10.87
756.14 9.08
745.14 10.35
735.17 12.91
718.54 4.98
736.96 7.29
719.82 28.00
726.21 25.44
733.38 33.63
750.25 34.91
843.60 9.84
828.26 8.31
807.80 3.96
807.29 10.87
802.94 8.05
789.13 8.05
910.09 3.71
927.23 8.05
938.74 1.40
881.20 24.16
888.36 21.10
881.45 8.05
889.38 11.12
891.43 2.17
918.53 5.75
845.39 2.17
832.35 2.68
342.20 194.73
383.73 219.55
206.93 165.62
254.44 148.06
232.18 125.37
179.10 138.22
110.18 127.51
374.31 117.67
415.84 139.07
377.74 191.73
60.30 38.26
202.00 32.91
207.14 44.68
222.98 41.04
227.05 55.38
239.89 47.68
233.25 55.17
145.07 63.73
160.91 87.92
237.11 93.91
100.97 92.84
90.06 82.99
48.53 104.61
22.63 72.08
3.15 53.24
148.71 37.29
124.73 25.31
138.43 25.95
317.37 311.59
361.68 94.23
374.95 99.80
358.90 48.00
189.59 5.56
197.83 1.17
212.81 4.06
236.46 14.98
255.51 14.02
286.02 21.08
301.53 47.35
314.81 47.78
339.85 37.72
345.63 33.01
351.19 37.94
357.83 30.98
301.11 82.24
526.07 15.09
530.89 20.22
538.27 51.80
542.23 8.02
547.69 7.81
556.25 13.48
580.01 86.95
587.93 76.46
602.48 64.26
557.96 89.09
608.26 58.70
624.53 144.75
527.57 154.81
496.53 151.81
454.15 94.98
371.10 344.13
538.48 233.68
610.40 74.97
620.68 109.43
654.28 105.57
663.92 80.10
383.09 127.19
566.74 66.62
573.59 13.96
581.94 7.97
380.09 157.59
441.74 7.49
461.75 28.25
477.70 6.04
537.63 95.94
542.55 101.51
501.56 12.30
514.40 4.49
508.95 12.30
498.24 4.17
490.75 2.24
487.33 7.81
526.50 4.81
533.13 7.49
519.01 19.26
507.45 42.91
461.53 6.52
427.82 40.45
411.23 34.46
422.90 10.59
420.76 2.24
400.64 8.24
359.22 11.98
336.85 20.33
327.54 29.53
481.33 31.03
496.21 8.99
624.10 14.23
637.16 14.98
642.94 5.24
648.83 5.99
649.68 33.49
632.45 50.08
700.20 21.40
693.03 9.31
655.25 2.24
667.45 5.99
673.44 6.52
786.56 1.76
779.50 90.81
761.52 64.91
772.22 58.27
