894.73 596.59
843.63 396.70
996.93 249.41
798.54 320.05
875.19 246.41
786.52 196.81
711.37 210.34
703.86 192.30
730.91 162.24
661.77 277.97
619.69 252.42
613.68 327.57
547.55 332.07
567.09 384.68
416.80 147.21
413.79 111.14
442.35 127.68
467.90 108.14
448.36 82.59
434.83 76.58
585.12 178.78
627.21 196.81
600.15 157.73
630.21 157.73
648.25 147.21
624.20 127.68
610.67 103.63
565.59 117.15
537.03 112.65
523.50 103.63
488.94 118.66
541.54 90.10
559.58 90.10
528.01 60.04
499.46 66.06
532.52 69.06
484.43 60.04
454.37 54.03
502.46 48.02
475.41 37.50
458.88 34.49
440.84 43.51
431.83 34.49
416.80 45.01
412.29 5.94
419.80 2.93
419.80 13.45
431.83 13.45
430.32 5.94
497.95 28.48
490.44 28.48
472.40 31.49
484.43 13.45
482.93 5.94
472.40 2.93
472.40 16.46
493.45 7.44
500.96 8.94
549.05 29.98
540.04 32.99
561.08 61.55
582.12 61.55
594.14 54.03
491.94 96.11
612.18 66.06
636.22 85.59
660.27 100.62
634.72 43.51
637.73 26.98
646.75 26.98
664.78 32.99
657.27 23.97
661.77 19.46
627.21 8.94
622.70 39.00
718.89 40.51
682.82 154.73
810.57 79.58
742.93 7.44
729.41 13.45
732.41 2.93
822.59 64.55
819.58 127.68
860.16 97.62
860.16 81.08
879.70 54.03
915.77 114.15
909.76 43.51
929.30 40.51
960.86 48.02
1023.98 5.94
1020.98 1.43
1022.48 20.97
923.29 16.46
957.85 28.48
906.75 26.98
900.74 22.47
890.22 22.47
858.66 23.97
905.25 7.44
843.63 26.98
837.62 16.46
849.64 7.44
1015.37 4.41
1022.02 27.94
969.34 34.59
940.18 4.41
876.25 10.55
884.43 21.29
869.09 2.88
955.02 45.33
936.09 34.59
985.96 8.51
969.59 11.58
958.34 13.11
952.20 13.62
949.65 27.94
941.97 27.94
938.91 16.69
926.12 8.51
999.00 0.87
968.32 2.91
960.39 5.21
485.21 134.27
529.20 36.16
523.06 28.49
517.18 13.40
534.83 20.56
525.11 9.05
532.02 7.52
536.36 4.70
544.80 11.86
551.45 8.79
563.73 10.58
568.59 24.91
586.49 8.28
576.26 9.82
568.08 0.87
591.86 0.35
601.83 2.91
617.18 18.00
610.79 15.44
603.62 23.63
586.75 24.91
529.71 0.87
455.80 14.16
448.64 11.10
447.62 1.12
994.80 184.73
953.27 209.55
962.69 107.67
921.16 129.07
959.26 181.73
1019.63 301.59
975.32 84.23
962.05 89.80
978.10 38.00
1022.19 37.78
997.15 27.72
991.37 23.01
985.81 27.94
979.17 20.98
810.93 5.09
806.11 10.22
798.73 41.80
780.75 3.48
756.99 76.95
749.07 66.46
734.52 54.26
779.04 79.09
728.74 48.70
712.47 134.75
809.43 144.81
840.47 141.81
882.85 84.98
965.90 334.13
798.52 223.68
726.60 64.97
716.32 99.43
682.72 95.57
673.08 70.10
953.91 117.19
770.26 56.62
763.41 3.96
956.91 147.59
875.25 18.25
799.37 85.94
794.45 91.51
835.44 2.30
828.05 2.30
817.99 9.26
829.55 32.91
909.18 30.45
925.77 24.46
914.10 0.59
977.78 1.98
1000.15 10.33
1009.46 19.53
855.67 21.03
712.90 4.23
699.84 4.98
687.32 23.49
704.55 40.08
636.80 11.40
557.50 80.81
575.48 54.91
564.78 48.27
