837.23 553.99
921.39 578.04
940.93 729.83
998.04 663.70
993.53 522.43
915.38 436.76
897.35 336.06
864.28 259.41
883.82 217.33
804.16 224.85
766.59 280.45
742.54 339.07
747.05 424.74
816.19 447.28
695.95 627.63
581.73 606.59
530.63 406.70
683.93 259.41
900.35 169.24
922.90 161.72
949.95 146.69
949.95 121.14
960.47 118.14
485.54 330.05
562.19 256.41
473.52 206.81
398.37 220.34
390.86 202.30
417.91 172.24
348.77 287.97
306.69 262.42
300.68 337.57
234.55 342.07
254.09 394.68
82.76 322.54
12.12 280.45
55.70 266.93
12.12 202.30
60.21 191.78
34.66 172.24
27.15 101.61
61.71 100.10
91.77 133.17
103.80 157.21
100.79 121.14
129.35 137.68
154.90 118.14
135.36 92.59
121.83 86.58
272.12 188.78
314.21 206.81
287.15 167.73
317.21 167.73
335.25 157.21
311.20 137.68
297.67 113.63
252.59 127.15
224.03 122.65
210.50 113.63
175.94 128.66
228.54 100.10
246.58 100.10
215.01 70.04
186.46 76.06
219.52 79.06
171.43 70.04
141.37 64.03
189.46 58.02
162.41 47.50
145.88 44.49
127.84 53.51
118.83 44.49
103.80 55.01
76.74 49.00
91.77 49.00
64.72 50.51
48.19 53.51
76.74 74.55
48.19 86.58
40.67 79.06
34.66 91.08
24.14 74.55
18.13 95.59
15.12 80.56
6.11 53.51
25.64 41.49
13.62 36.98
31.66 27.96
25.64 21.95
16.63 18.94
4.60 15.94
37.67 20.45
45.18 27.96
49.69 41.49
36.16 38.48
54.20 26.46
51.19 15.94
64.72 23.45
79.75 32.47
87.26 26.46
94.78 26.46
99.29 15.94
106.80 12.93
106.80 23.45
118.83 23.45
117.32 15.94
82.76 15.94
70.73 21.95
184.95 38.48
177.44 38.48
159.40 41.49
171.43 23.45
169.93 15.94
159.40 12.93
159.40 26.46
148.88 5.42
160.91 5.42
160.91 5.42
180.45 17.44
187.96 18.94
236.05 39.98
227.04 42.99
248.08 71.55
269.12 71.55
281.14 64.03
276.63 5.42
178.94 106.11
299.18 76.06
323.22 95.59
347.27 110.62
321.72 53.51
324.73 36.98
333.75 36.98
351.78 42.99
344.27 33.97
348.77 29.46
314.21 18.94
323.22 5.42
342.76 5.42
309.70 49.00
405.89 50.51
369.82 164.73
497.57 89.58
429.93 0.91
429.93 17.44
416.41 23.45
419.41 12.93
417.91 2.41
455.48 9.93
453.98 2.41
509.59 74.55
506.58 137.68
547.16 107.62
547.16 91.08
566.70 64.03
602.77 124.15
751.56 131.66
753.06 100.10
735.03 100.10
727.51 101.61
596.76 53.51
616.30 50.51
647.86 58.02
744.05 49.00
757.57 49.00
754.57 64.03
775.61 85.07
817.69 106.11
831.22 95.59
820.70 95.59
855.26 106.11
847.75 100.10
858.27 124.15
879.31 128.66
888.33 112.13
891.33 70.04
942.43 49.00
946.94 80.56
963.48 92.59
940.93 91.08
919.89 85.07
918.39 107.62
951.45 103.11
1011.57 91.08
1016.08 44.49
989.03 53.51
949.95 36.98
937.93 36.98
907.87 38.48
897.35 36.98
861.28 29.46
754.57 15.94
742.54 5.42
730.52 5.42
710.98 15.94
707.98 11.43
692.95 2.41
709.48 30.97
730.52 39.98
610.29 26.46
644.85 38.48
593.75 36.98
587.74 32.47
577.22 32.47
545.66 33.97
592.25 17.44
530.63 36.98
524.62 26.46
536.64 17.44
503.58 2.41
934.08 109.04
990.34 98.81
771.42 33.85
760.68 37.94
767.33 33.85
762.73 13.39
702.37 14.41
709.02 37.94
656.34 44.59
614.91 3.67
627.18 14.41
595.98 6.23
563.25 20.55
571.43 31.29
736.13 191.90
724.37 183.21
853.26 360.69
886.00 38.45
902.36 48.68
915.15 67.10
748.92 25.16
743.80 18.51
721.81 20.04
731.53 14.41
840.99 8.79
556.09 12.88
642.02 55.33
623.09 44.59
844.31 30.27
840.22 26.69
855.05 43.57
838.68 19.53
672.96 18.51
656.59 21.58
645.34 23.11
639.20 23.62
636.65 37.94
628.97 37.94
625.91 26.69
613.12 18.51
686.00 10.87
685.75 4.73
661.45 4.47
655.32 12.91
644.32 7.54
647.39 15.21
632.55 3.71
627.70 3.71
45.37 118.69
172.21 144.27
216.20 46.16
210.06 38.49
204.18 23.40
221.83 30.56
212.11 19.05
219.02 17.52
223.36 14.70
231.80 21.86
238.45 18.79
250.73 20.58
255.59 34.91
273.49 18.28
263.26 19.82
255.08 10.87
267.86 9.08
278.86 10.35
288.83 12.91
305.46 4.98
287.04 7.29
304.18 28.00
297.79 25.44
290.62 33.63
273.75 34.91
180.40 9.84
195.74 8.31
216.20 3.96
216.71 10.87
221.06 8.05
234.87 8.05
113.91 3.71
96.77 8.05
85.26 1.40
142.80 24.16
135.64 21.10
142.55 8.05
134.62 11.12
132.57 2.17
105.47 5.75
178.61 2.17
191.65 2.68
681.80 194.73
640.27 219.55
817.07 165.62
769.56 148.06
791.82 125.37
844.90 138.22
913.82 127.51
649.69 117.67
608.16 139.07
646.26 191.73
963.70 38.26
822.00 32.91
816.86 44.68
801.02 41.04
796.95 55.38
784.11 47.68
790.75 55.17
878.93 63.73
863.09 87.92
786.89 93.91
923.03 92.84
933.94 82.99
975.47 104.61
1001.37 72.08
1020.85 53.24
875.29 37.29
899.27 25.31
885.57 25.95
706.63 311.59
662.32 94.23
649.05 99.80
665.10 48.00
834.41 5.56
826.17 1.17
811.19 4.06
787.54 14.98
768.49 14.02
737.98 21.08
722.47 47.35
709.19 47.78
684.15 37.72
678.37 33.01
672.81 37.94
666.17 30.98
722.89 82.24
497.93 15.09
493.11 20.22
485.73 51.80
481.77 8.02
476.31 7.81
467.75 13.48
443.99 86.95
436.07 76.46
421.52 64.26
466.04 89.09
415.74 58.70
399.47 144.75
496.43 154.81
527.47 151.81
569.85 94.98
652.90 344.13
485.52 233.68
413.60 74.97
403.32 109.43
369.72 105.57
360.08 80.10
640.91 127.19
457.26 66.62
450.41 13.96
442.06 7.97
643.91 157.59
582.26 7.49
562.25 28.25
546.30 6.04
486.37 95.94
481.45 101.51
522.44 12.30
509.60 4.49
515.05 12.30
525.76 4.17
533.25 2.24
536.67 7.81
497.50 4.81
490.87 7.49
504.99 19.26
516.55 42.91
562.47 6.52
596.18 40.45
612.77 34.46
601.10 10.59
603.24 2.24
623.36 8.24
664.78 11.98
687.15 20.33
696.46 29.53
542.67 31.03
527.79 8.99
399.90 14.23
386.84 14.98
381.06 5.24
375.17 5.99
374.32 33.49
391.55 50.08
323.80 21.40
330.97 9.31
368.75 2.24
356.55 5.99
350.56 6.52
237.44 1.76
244.50 90.81
262.48 64.91
251.78 58.27
