307.29 600.53
293.35 557.32
300.32 479.27
569.33 416.55
422.98 293.89
505.21 317.59
570.72 284.13
542.85 220.02
501.03 239.53
499.64 194.93
421.59 252.08
421.59 225.59
411.83 197.72
375.59 226.99
300.32 225.59
284.99 207.47
335.17 178.20
427.16 171.23
434.13 148.93
428.55 136.39
441.10 114.09
466.19 134.99
462.01 180.99
538.67 200.50
541.45 180.99
572.12 171.23
601.39 178.20
604.18 126.63
562.59 142.66
547.26 148.93
209.72 59.55
215.82 58.51
220.35 56.59
229.06 65.13
225.93 57.11
229.41 54.67
245.27 76.80
239.86 85.34
257.81 83.77
268.79 78.02
275.06 72.27
306.59 49.10
318.96 46.66
319.49 60.08
313.39 71.05
330.12 82.03
347.02 66.70
325.24 60.77
340.22 45.96
365.48 53.11
354.51 49.10
356.42 42.48
359.39 45.96
364.96 42.30
366.88 44.92
375.24 45.96
370.01 60.77
367.40 69.83
377.85 85.51
390.40 61.12
385.52 48.05
399.46 46.83
403.47 49.27
409.39 48.23
411.48 43.52
404.16 38.82
410.96 59.55
421.93 64.43
416.71 65.13
426.12 59.90
430.99 66.00
440.23 63.21
440.40 73.67
446.50 68.79
450.33 77.85
397.54 80.63
391.10 87.60
388.66 76.98
421.24 50.14
410.61 27.67
409.91 19.83
404.16 20.35
404.34 11.12
413.57 13.21
420.19 15.47
420.19 9.55
424.72 14.60
424.90 8.68
430.65 11.12
434.30 13.56
430.82 24.36
436.74 20.87
435.87 31.33
420.89 18.61
419.15 21.74
419.15 31.33
422.98 28.54
426.46 32.20
429.08 40.04
417.23 43.70
423.68 41.78
465.14 83.77
446.50 17.39
439.62 15.21
436.22 13.73
454.95 20.79
451.20 16.43
460.70 30.37
465.58 27.06
467.58 19.22
460.35 16.43
462.09 8.59
455.91 10.33
472.98 8.33
468.89 7.89
472.63 4.67
480.56 30.80
469.85 33.85
488.84 24.18
492.76 15.82
500.16 13.38
521.85 1.71
524.29 3.63
531.61 7.28
522.03 16.00
508.00 25.84
512.97 29.85
522.55 28.98
502.78 17.65
507.57 15.04
510.35 17.82
513.23 19.74
516.19 11.73
529.96 18.87
541.11 25.75
548.68 28.10
550.95 22.70
549.21 12.34
553.39 9.37
556.87 13.64
561.75 7.11
566.46 18.17
570.81 14.25
575.95 13.64
588.67 10.33
593.46 7.81
581.53 1.62
577.69 18.17
579.70 24.88
575.78 33.24
570.55 22.01
590.24 36.38
597.82 24.71
547.55 43.09
483.96 102.76
478.73 65.13
495.11 51.54
500.34 44.22
506.26 45.61
523.33 59.90
534.49 46.66
499.29 81.85
501.03 67.22
522.99 80.81
544.94 70.70
551.21 60.95
551.56 88.82
541.11 98.58
565.50 96.84
587.10 84.29
591.28 110.78
572.12 59.90
574.21 51.89
580.83 48.05
591.98 48.75
594.07 52.58
612.89 39.69
607.49 34.20
610.62 26.36
612.71 30.54
610.27 9.64
474.69 17.83
388.76 103.76
399.50 100.18
429.17 97.11
303.34 74.60
272.65 83.30
338.12 100.69
446.56 28.06
299.14 49.37
295.39 52.37
337.02 58.90
341.30 126.75
369.13 115.40
385.18 39.85
394.28 40.70
452.39 28.23
442.55 11.97
511.79 4.66
488.68 31.66
494.45 24.17
490.07 20.74
479.26 21.81
462.35 23.52
