302.29 534.53
288.35 491.32
295.32 413.27
564.33 350.55
417.98 227.89
500.21 251.59
565.72 218.13
537.85 154.02
496.03 173.53
494.64 128.93
416.59 186.08
416.59 159.59
406.83 131.72
370.59 160.99
295.32 159.59
279.99 141.47
330.17 112.20
422.16 105.23
429.13 82.93
423.55 70.39
436.10 48.09
461.19 68.99
457.01 114.99
533.67 134.50
536.45 114.99
567.12 105.23
596.39 112.20
599.18 60.63
557.59 76.66
542.26 82.93
240.27 10.80
234.86 19.34
252.81 17.77
263.79 12.02
270.06 6.27
308.39 5.05
325.12 16.03
342.02 0.70
362.40 3.83
372.85 19.51
435.40 7.67
441.50 2.79
445.33 11.85
392.54 14.63
386.10 21.60
383.66 10.98
460.14 17.77
478.96 36.76
494.29 15.85
496.03 1.22
517.99 14.81
539.94 4.70
546.56 22.82
536.11 32.58
560.50 30.84
582.10 18.29
586.28 44.78
383.76 37.76
394.50 34.18
424.17 31.11
298.34 8.60
267.65 17.30
333.12 34.69
336.30 60.75
364.13 49.40
