255.29 588.53
241.35 545.32
248.32 467.27
517.33 404.55
370.98 281.89
453.21 305.59
518.72 272.13
570.30 254.01
490.85 208.02
449.03 227.53
447.64 182.93
369.59 240.08
369.59 213.59
359.83 185.72
323.59 214.99
248.32 213.59
232.99 195.47
283.17 166.20
375.16 159.23
382.13 136.93
376.55 124.39
389.10 102.09
414.19 122.99
410.01 168.99
486.67 188.50
489.45 168.99
520.12 159.23
549.39 166.20
570.30 135.54
552.18 114.63
589.81 180.14
570.53 102.78
510.59 130.66
495.26 136.93
157.72 47.55
163.82 46.51
168.35 44.59
177.06 53.13
173.93 45.11
177.41 42.67
193.27 64.80
187.86 73.34
205.81 71.77
216.79 66.02
223.06 60.27
254.59 37.10
266.96 34.66
267.49 48.08
261.39 59.05
278.12 70.03
295.02 54.70
273.24 48.77
288.22 33.96
313.48 41.11
302.51 37.10
304.42 30.48
307.39 33.96
312.96 30.30
314.88 32.92
323.24 33.96
318.01 48.77
315.40 57.83
325.85 73.51
338.40 49.12
333.52 36.05
347.46 34.83
351.47 37.27
357.39 36.23
359.48 31.52
352.16 26.82
358.96 47.55
369.93 52.43
364.71 53.13
374.12 47.90
378.99 54.00
388.23 51.21
388.40 61.67
394.50 56.79
398.33 65.85
345.54 68.63
339.10 75.60
336.66 64.98
369.24 38.14
358.61 15.67
357.91 7.83
352.16 8.35
361.57 1.21
368.19 3.47
372.72 2.60
382.30 1.56
378.82 12.36
384.74 8.87
383.87 19.33
368.89 6.61
367.15 9.74
367.15 19.33
370.98 16.54
374.46 20.20
377.08 28.04
365.23 31.70
371.68 29.78
413.14 71.77
394.50 5.39
387.62 3.21
384.22 1.73
402.95 8.79
399.20 4.43
408.70 18.37
413.58 15.06
415.58 7.22
408.35 4.43
428.56 18.80
417.85 21.85
436.84 12.18
440.76 3.82
448.16 1.38
470.03 4.00
456.00 13.84
460.97 17.85
470.55 16.98
450.78 5.65
455.57 3.04
458.35 5.82
461.23 7.74
477.96 6.87
489.11 13.75
496.68 16.10
498.95 10.70
497.21 0.34
504.87 1.64
514.46 6.17
518.81 2.25
523.95 1.64
525.69 6.17
527.70 12.88
523.78 21.24
518.55 10.01
538.24 24.38
545.82 12.71
495.55 31.09
431.96 90.76
426.73 53.13
443.11 39.54
448.34 32.22
454.26 33.61
471.33 47.90
482.49 34.66
447.29 69.85
449.03 55.22
470.99 68.81
492.94 58.70
499.21 48.95
499.56 76.82
489.11 86.58
513.50 84.84
535.10 72.29
539.28 98.78
520.12 47.90
522.21 39.89
528.83 36.05
539.98 36.75
542.07 40.58
560.89 27.69
572.21 29.43
590.51 43.55
591.55 32.22
611.24 48.42
573.08 51.56
555.49 22.20
558.62 14.36
560.71 18.54
571.52 9.83
567.86 7.39
576.74 26.21
578.31 11.23
579.88 5.65
596.61 25.86
610.89 19.76
594.69 12.97
602.53 11.40
422.69 5.83
336.76 91.76
347.50 88.18
377.17 85.11
251.34 62.60
220.65 71.30
286.12 88.69
394.56 16.06
603.52 450.48
611.23 554.08
247.14 37.37
243.39 40.37
285.02 46.90
289.30 114.75
317.13 103.40
333.18 27.85
342.28 28.70
400.39 16.23
436.68 19.66
442.45 12.17
438.07 8.74
427.26 9.81
410.35 11.52
