434.27 434.29
479.16 443.01
575.16 323.33
512.82 329.56
492.87 330.81
51.52 355.74
2.90 364.47
481.96 228.10
507.83 216.57
590.74 239.01
599.16 249.92
606.64 160.47
606.95 174.18
598.22 183.85
580.14 119.64
565.49 121.20
544.61 123.38
510.33 173.87
510.33 121.51
500.66 114.65
500.66 126.18
499.42 143.64
572.14 102.03
366.64 233.09
428.66 209.09
406.53 195.69
427.73 184.47
439.26 156.42
422.43 153.30
397.81 147.07
404.04 156.42
419.62 174.49
427.10 165.14
421.18 158.60
383.78 140.21
378.79 156.42
367.57 167.64
374.12 168.88
374.43 178.23
368.82 191.01
347.94 201.92
353.23 197.87
353.86 184.78
351.05 172.94
358.53 148.62
366.33 146.75
360.72 133.98
338.59 148.62
337.96 186.03
318.64 194.75
311.16 186.65
303.05 185.40
303.36 133.98
326.43 132.73
337.65 131.79
343.57 112.47
355.73 114.34
271.88 204.73
271.26 178.55
266.59 193.20
266.27 183.85
254.43 185.09
246.01 166.08
231.05 209.09
205.18 215.01
209.55 200.05
148.46 232.47
100.14 239.01
107.31 223.12
113.86 219.38
51.83 230.91
120.09 206.60
131.31 200.36
130.07 188.21
98.59 176.05
104.20 202.23
75.52 210.65
65.86 191.01
63.05 183.85
44.66 189.77
74.59 182.29
76.46 173.87
76.46 137.72
92.35 135.85
73.65 155.17
158.12 180.42
178.69 179.17
171.83 178.55
146.59 176.05
140.35 155.17
126.64 156.42
117.29 158.29
125.39 117.46
132.25 120.26
130.38 112.47
183.68 159.53
174.01 147.38
168.09 152.99
228.56 165.14
211.42 148.94
202.38 153.92
186.48 130.23
177.75 124.62
187.10 113.09
260.35 127.74
272.51 133.35
279.36 133.35
296.20 116.21
280.92 109.35
153.44 127.43
59.00 188.21
22.22 204.42
14.74 225.30
123.83 95.95
128.20 92.52
125.70 85.66
154.69 85.04
201.44 87.22
140.66 80.68
238.07 114.57
231.52 104.91
241.81 102.88
249.29 103.82
253.65 98.68
266.27 95.56
271.57 104.13
263.78 106.78
273.75 100.23
277.96 98.83
291.21 110.83
279.36 104.60
256.77 81.85
249.91 83.25
245.08 87.46
239.62 84.65
251.78 79.82
269.70 82.00
278.12 82.16
275.16 79.51
273.29 82.47
272.04 77.33
274.53 76.39
277.65 77.79
287.78 76.23
296.98 82.00
284.20 81.07
292.46 78.57
303.68 82.00
296.35 101.33
364.77 100.94
371.31 95.01
378.17 97.82
340.77 106.55
320.82 106.55
319.57 100.00
317.70 95.64
325.49 100.00
321.44 92.83
326.43 93.77
356.66 79.12
346.07 82.55
348.87 79.74
342.33 80.36
339.52 85.66
331.10 77.56
325.81 81.30
318.01 75.38
332.98 95.01
339.21 98.44
370.38 83.48
375.68 81.30
361.96 83.17
370.38 74.13
375.68 76.00
377.86 56.99
356.66 97.82
369.13 100.94
325.96 68.60
330.48 64.23
345.91 63.14
382.53 69.69
390.17 71.09
396.40 67.98
396.40 64.23
393.29 59.09
389.86 60.65
388.14 52.39
387.36 55.35
367.10 72.18
390.79 85.43
383.62 84.65
383.16 94.94
347.16 88.39
313.96 84.03
312.56 77.01
396.09 93.38
375.83 95.09
369.75 71.87
375.36 71.25
381.44 75.14
383.62 67.51
384.40 56.29
298.53 77.33
351.36 62.44
354.17 62.13
402.48 56.21
256.61 102.34
255.68 77.09
379.73 50.29
398.74 69.30
398.43 63.38
387.68 65.33
416.98 77.95
411.21 79.35
414.79 79.04
406.69 81.85
408.87 83.40
412.92 83.72
409.18 85.90
413.23 98.21
405.60 95.40
424.61 94.94
422.12 88.70
418.85 86.05
418.22 83.40
416.20 83.40
423.83 84.96
427.73 86.05
429.13 81.69
433.96 81.53
364.61 79.66
399.52 89.79
399.36 84.81
335.62 65.01
324.25 63.61
199.57 90.34
203.00 90.34
134.74 79.43
350.49 73.83
341.02 65.14
392.43 56.44
291.92 88.15
519.29 152.33
124.05 79.88
126.09 80.73
153.27 78.91
165.79 73.24
401.99 64.14
397.39 57.51
383.05 45.95
390.65 51.09
393.32 50.66
