106.00 531.26
258.56 523.81
52.67 477.92
87.40 382.42
109.72 417.15
146.93 454.36
362.74 430.79
479.32 419.63
439.64 382.42
455.76 345.21
504.13 342.73
530.18 288.16
376.38 336.53
318.09 368.78
408.63 322.89
404.91 286.92
363.98 296.84
277.16 310.49
299.49 308.01
251.11 278.24
112.20 321.65
149.41 399.79
55.15 345.21
3.06 325.37
16.70 295.60
102.28 270.80
135.77 238.55
151.89 310.49
227.55 249.71
196.54 262.12
287.08 237.31
330.49 245.99
356.54 228.63
391.27 253.43
448.32 234.83
515.29 253.43
533.90 241.03
491.73 226.15
522.73 205.06
541.34 188.94
4.30 249.71
27.87 223.67
70.03 232.35
101.04 214.99
146.93 214.99
166.78 192.66
196.54 188.94
179.18 234.83
207.71 228.63
236.23 232.35
232.51 188.94
289.56 201.34
313.13 185.22
344.14 201.34
397.47 217.47
416.07 206.30
9.69 179.33
25.19 188.63
33.87 198.55
24.47 138.50
57.98 149.01
48.78 175.94
75.71 189.08
74.40 168.72
84.25 168.72
98.05 177.26
90.16 139.81
56.66 122.07
72.43 117.48
93.45 123.39
12.75 134.27
29.50 127.37
70.89 132.63
100.45 144.12
61.03 108.98
45.60 109.30
40.01 95.51
48.55 99.45
52.82 91.57
79.76 100.76
70.23 101.42
77.46 85.33
89.94 79.09
95.52 89.93
101.11 107.01
94.87 67.92
88.30 59.71
95.85 56.75
89.94 50.18
95.52 46.90
102.09 52.48
83.70 52.48
76.47 52.48
78.11 62.99
73.19 73.17
66.95 63.65
59.72 73.83
53.15 81.06
63.33 83.36
69.13 86.31
68.97 94.52
65.19 70.87
61.91 53.63
70.78 45.91
62.89 48.70
62.40 44.60
57.31 58.39
53.37 55.11
46.63 58.06
45.32 65.95
40.72 80.56
41.71 86.31
18.88 94.36
24.95 104.21
7.22 110.78
3.93 84.34
24.13 76.29
20.85 67.59
27.58 59.21
34.32 61.35
32.18 73.17
32.35 54.94
22.49 52.81
33.17 50.51
34.97 45.09
40.23 47.72
45.81 45.42
46.47 51.00
48.11 48.54
45.32 39.34
27.09 46.73
17.24 42.30
17.40 49.20
10.67 51.99
18.88 59.54
12.64 58.06
9.19 60.86
7.38 68.74
4.59 46.24
10.83 45.42
11.65 39.34
18.39 34.25
11.82 33.59
17.07 32.44
16.09 29.49
0.16 26.86
3.93 26.70
0.48 31.79
4.26 37.37
2.13 38.85
5.85 100.76
344.74 26.02
408.67 48.27
413.53 46.47
415.58 50.57
422.99 49.29
428.36 51.08
422.74 56.96
435.53 56.45
444.22 61.82
436.04 64.63
436.80 74.10
441.15 79.47
449.34 74.86
448.31 64.63
462.38 74.10
459.57 63.35
465.96 63.61
456.75 57.98
455.73 54.66
454.19 48.27
450.61 48.27
446.52 48.52
462.38 52.36
468.00 92.51
467.75 78.95
456.50 92.25
439.62 94.04
447.80 99.16
415.83 89.18
416.09 104.02
409.70 112.97
427.34 110.92
425.30 122.43
441.15 118.08
459.82 119.36
459.05 132.15
431.94 138.03
394.35 127.03
388.47 111.69
393.07 98.39
404.32 92.00
407.90 80.74
419.16 77.68
416.86 66.42
407.39 69.49
405.35 62.84
416.86 59.77
392.56 45.71
390.00 52.87
387.19 49.54
391.79 42.13
386.17 46.73
379.01 43.15
373.89 51.08
374.91 48.52
380.28 59.77
374.66 62.08
367.50 63.61
364.68 54.66
369.29 46.47
365.20 45.20
366.99 41.10
358.29 39.83
358.03 46.99
348.57 47.50
344.99 34.45
338.85 38.29
342.95 44.94
344.22 51.85
339.37 47.75
336.30 46.47
347.55 71.79
343.20 65.40
357.01 68.98
353.18 59.77
360.08 61.82
357.27 56.45
367.75 73.58
361.10 77.68
365.71 85.60
357.01 83.05
371.84 86.12
377.73 87.14
373.64 75.89
386.42 74.10
393.07 67.45
391.03 64.63
424.53 67.70
426.06 65.91
426.32 77.16
378.75 99.16
368.01 119.36
364.68 132.66
354.71 127.29
355.22 112.20
338.60 108.62
340.13 125.50
330.67 112.97
316.86 121.92
304.07 109.90
293.84 116.55
315.33 100.95
328.62 94.30
340.13 93.79
340.13 84.33
343.20 79.98
349.08 78.95
330.93 78.19
321.46 80.23
330.93 72.31
339.37 63.61
331.18 56.45
329.39 53.12
326.32 42.89
325.30 39.57
321.97 44.17
318.39 38.80
308.93 45.71
310.47 42.13
317.37 54.66
322.49 58.49
315.58 61.05
312.00 58.49
313.54 68.21
269.04 123.71
252.92 130.10
234.77 136.24
218.14 123.97
217.12 108.62
218.65 98.14
225.56 92.51
216.10 86.88
229.65 67.45
224.54 62.84
218.14 60.54
217.89 53.12
214.05 53.12
242.18 59.77
235.53 59.77
232.72 57.47
235.02 45.20
237.32 41.10
234.77 36.76
240.39 25.50
229.65 25.76
220.19 19.62
262.90 31.64
256.50 40.59
252.92 49.29
264.43 51.08
267.25 48.52
255.99 60.03
247.04 60.29
249.60 70.00
271.59 64.63
267.25 72.31
275.69 74.10
260.08 83.05
245.76 85.09
247.55 75.37
254.71 98.39
237.83 106.32
253.44 111.69
278.50 120.13
281.57 112.20
270.06 100.18
273.89 86.63
266.22 83.30
296.14 88.42
293.33 80.74
292.82 71.03
298.19 67.70
302.79 67.19
298.19 61.82
290.77 60.29
286.94 52.87
278.24 58.49
273.38 51.08
264.94 59.26
273.38 43.92
276.71 43.15
281.31 44.17
284.64 44.17
284.89 40.34
281.57 37.52
279.27 32.15
272.87 35.73
278.24 24.99
267.76 24.99
281.82 27.55
290.77 26.27
289.75 30.36
289.24 36.50
297.42 36.50
294.35 32.15
296.91 47.75
293.08 47.75
279.78 49.29
296.40 53.89
304.07 46.73
300.24 45.20
306.89 38.55
305.61 28.83
301.00 22.69
304.33 96.09
307.14 72.82
312.00 77.93
329.39 64.63
317.37 45.96
266.48 44.94
107.15 123.20
119.94 107.09
106.38 98.14
106.38 88.16
113.80 97.11
123.01 82.79
128.38 81.00
121.47 68.72
115.08 73.07
109.45 52.36
105.10 58.49
118.40 58.49
125.31 52.61
136.82 54.40
145.00 52.10
147.81 55.43
146.79 64.12
149.35 69.75
147.30 81.00
135.28 84.07
151.90 95.07
143.98 90.97
143.98 108.88
138.09 127.55
125.31 134.45
116.36 164.37
138.35 148.26
131.70 152.10
156.00 156.44
166.99 146.47
182.59 153.38
186.94 165.65
199.22 145.45
191.03 126.52
182.59 115.01
165.20 122.18
154.97 109.90
170.57 108.88
183.11 93.53
174.41 82.02
160.34 73.33
163.67 53.89
167.51 47.75
171.60 62.84
186.94 68.72
196.40 71.54
198.96 89.70
192.57 98.90
206.89 98.65
210.47 128.06
209.19 61.56
202.03 72.31
205.36 80.23
200.24 56.70
192.82 60.29
182.85 60.54
180.04 59.52
186.43 56.19
215.59 73.33
224.28 72.82
277.99 148.26
247.30 156.96
214.31 157.72
163.41 136.75
155.23 62.08
163.41 63.10
171.85 68.72
136.56 67.96
236.81 53.12
284.89 89.18
112.26 46.47
378.62 181.76
338.21 162.58
358.16 167.44
362.51 153.12
393.71 158.49
393.97 142.38
443.07 158.49
420.82 149.80
439.23 182.28
421.08 183.81
416.98 197.62
462.76 193.78
485.01 190.71
484.76 173.32
470.69 157.21
482.97 134.20
511.61 128.82
498.82 122.18
483.48 110.41
470.95 111.69
502.40 109.39
494.99 104.02
499.33 88.16
490.64 82.79
485.52 77.93
480.66 70.77
472.48 56.70
478.11 55.68
482.45 47.50
492.43 58.49
487.06 58.24
498.82 51.33
503.43 55.17
487.06 54.15
511.35 77.93
515.70 70.77
500.36 67.70
506.49 66.42
509.56 72.05
517.49 83.81
509.56 95.83
520.82 101.72
529.26 88.67
532.84 96.34
545.62 101.46
543.32 96.09
540.00 116.80
541.28 153.12
527.47 140.08
499.33 178.18
533.86 80.74
528.49 74.86
539.23 73.84
530.02 60.54
522.09 55.68
511.61 60.29
543.32 57.47
544.09 68.98
363.02 104.53
365.58 96.86
272.36 179.59
295.38 167.83
292.82 156.06
303.56 148.90
313.28 159.13
328.11 138.16
515.83 158.62
475.42 79.34
255.23 410.27
453.68 310.02
