435.47 540.17
530.98 375.21
544.62 344.21
514.85 290.88
482.61 314.44
492.53 342.97
472.68 369.01
452.84 414.90
387.10 473.20
341.21 406.22
284.16 443.43
284.16 504.20
193.62 458.31
135.33 507.92
196.10 401.26
289.12 346.69
332.53 342.97
366.02 360.33
265.56 316.92
308.97 294.60
377.18 292.12
429.27 309.48
410.67 351.65
426.79 279.71
409.43 262.35
457.80 274.75
513.61 248.71
472.68 244.99
100.60 412.42
78.28 447.15
41.07 484.36
75.80 351.65
38.59 429.79
132.85 375.21
184.94 355.37
171.30 325.60
85.72 300.80
52.23 268.55
36.11 340.49
183.70 279.71
248.19 288.40
245.71 256.15
204.78 231.34
160.13 253.67
117.97 262.35
86.96 244.99
41.07 244.99
21.22 222.66
8.82 264.83
317.65 249.95
531.17 190.72
511.33 188.24
492.72 202.51
524.97 227.31
546.67 258.94
474.74 223.59
454.89 222.97
469.78 213.67
430.09 202.51
397.84 249.64
386.68 229.79
355.05 249.64
332.73 218.01
305.44 241.58
285.60 224.83
286.22 198.17
250.87 229.79
228.54 213.67
267.61 229.17
236.60 206.85
245.29 188.24
255.21 187.00
207.46 181.42
190.09 187.00
201.26 211.19
178.31 209.33
162.81 218.63
154.13 228.55
386.88 201.34
399.36 188.20
407.90 164.56
388.20 157.99
355.35 182.95
334.98 177.69
320.53 176.38
264.69 191.49
163.53 168.50
130.02 179.01
139.22 205.94
112.29 219.08
113.60 198.72
103.75 198.72
89.95 207.26
97.84 169.81
131.34 152.07
115.57 147.48
94.55 153.39
528.22 152.11
537.42 172.15
524.28 175.76
513.44 168.87
507.86 156.71
495.38 154.41
502.93 140.62
494.06 138.32
510.16 136.02
523.62 129.45
528.55 122.55
516.73 120.91
526.91 116.31
542.02 118.61
519.68 109.41
499.65 124.52
497.35 115.33
495.05 111.06
488.81 114.67
489.14 107.12
502.27 106.13
502.27 99.56
496.03 99.56
538.73 110.07
482.90 108.43
471.40 107.77
466.47 101.86
461.55 107.77
467.13 116.97
477.64 119.27
461.22 131.42
456.62 145.22
454.65 154.41
473.70 171.82
452.68 184.96
403.41 149.16
413.92 152.11
414.90 144.23
425.09 137.66
445.45 143.25
443.48 128.47
429.68 114.67
409.32 128.47
421.14 123.87
399.14 136.02
380.09 137.01
360.05 152.44
365.63 136.02
373.85 124.52
373.85 116.97
364.32 110.73
384.36 123.21
382.71 109.41
382.39 100.22
372.86 104.16
379.76 92.99
370.89 89.71
363.99 90.69
359.39 96.28
393.88 101.86
400.12 116.31
407.02 104.82
402.09 97.26
395.85 92.99
406.69 91.68
413.26 106.46
416.87 111.39
423.44 109.41
419.17 103.17
415.23 90.69
420.82 95.29
443.15 101.86
453.01 97.92
457.28 107.12
443.48 115.33
456.62 117.63
471.07 96.60
462.86 93.98
444.14 91.35
436.58 94.96
289.55 146.86
286.27 161.31
293.50 170.51
285.61 179.05
342.77 160.33
323.39 139.96
334.88 130.76
340.47 123.21
348.02 116.31
347.69 100.22
347.36 95.95
354.26 90.69
340.79 90.36
343.75 89.05
333.57 91.35
338.50 98.58
332.91 101.53
324.04 108.43
313.86 117.63
299.41 126.17
304.66 118.28
291.53 136.02
289.55 113.03
298.75 110.73
302.04 104.16
308.61 98.58
316.82 103.83
245.54 157.04
232.40 158.03
237.33 147.52
253.10 138.32
269.19 137.01
270.50 126.17
252.11 127.15
258.35 119.93
270.83 116.31
269.52 106.13
258.35 110.07
251.12 115.98
248.17 108.43
234.70 111.71
235.36 121.57
220.58 130.76
208.75 164.92
202.84 155.40
191.34 157.70
175.25 164.27
158.50 157.37
117.11 162.63
87.55 174.12
126.97 138.98
142.40 139.30
147.99 125.51
139.45 129.45
135.18 121.57
108.24 130.76
117.77 131.42
110.54 115.33
98.06 109.09
92.48 119.93
86.89 137.01
93.13 97.92
99.70 89.71
92.15 86.75
98.06 80.18
92.48 76.90
85.91 82.48
104.30 82.48
111.53 82.48
109.89 92.99
114.81 103.17
121.05 93.65
128.28 103.83
134.85 111.06
124.67 113.36
118.87 116.31
119.03 124.52
122.81 100.87
126.09 83.63
117.22 75.91
125.11 78.70
125.60 74.60
130.69 88.39
134.63 85.11
141.37 88.06
142.68 95.95
147.28 110.56
146.29 116.31
169.12 124.36
163.05 134.21
180.78 140.78
201.31 141.44
216.75 129.62
184.07 114.34
188.99 124.36
200.65 113.19
163.87 106.29
167.15 97.59
160.42 89.21
153.68 91.35
155.82 103.17
155.65 84.94
165.51 82.81
154.83 80.51
153.03 75.09
147.77 77.72
142.19 75.42
141.53 81.00
139.89 78.54
142.68 69.34
160.91 76.73
170.76 72.30
170.60 79.20
177.33 81.99
169.12 89.54
175.36 88.06
178.81 90.86
180.62 98.74
188.67 107.77
193.59 98.25
189.81 103.34
213.46 112.54
213.30 96.77
218.88 99.40
201.97 90.04
200.98 82.32
193.92 83.79
183.41 76.24
177.17 75.42
176.35 69.34
169.61 64.25
176.18 63.59
170.93 62.44
171.91 59.49
195.40 65.56
200.65 67.54
209.52 73.94
203.45 74.76
195.56 74.76
191.46 71.81
197.53 70.00
201.64 69.34
211.33 69.01
214.94 73.12
215.11 66.55
214.78 62.94
212.31 57.52
206.07 56.04
207.06 64.09
203.77 60.64
201.80 58.34
199.50 56.04
191.13 62.12
189.98 58.34
187.84 56.86
184.07 56.70
187.52 61.79
183.74 67.37
185.87 68.85
210.02 84.62
207.06 81.33
197.04 87.41
182.15 130.76
334.47 77.55
323.14 78.05
326.42 80.35
314.76 78.70
293.25 82.97
271.41 80.18
265.17 92.50
274.86 92.01
282.90 91.84
279.45 88.72
286.68 96.28
280.77 108.10
284.55 112.37
302.78 92.83
294.40 100.22
326.42 90.20
233.63 101.37
230.84 99.73
235.28 93.98
227.39 94.31
242.99 82.65
243.32 93.98
252.52 98.25
256.13 91.68
257.12 85.93
253.01 80.18
292.43 92.17
316.73 89.05
312.46 90.53
236.92 87.57
229.04 79.85
239.38 80.18
237.25 76.90
279.15 26.60
271.92 34.48
465.55 86.71
469.49 92.62
479.02 97.22
486.90 91.96
488.21 98.21
499.71 95.91
509.56 83.42
503.32 83.42
495.11 75.54
491.83 79.81
484.93 78.83
474.42 76.20
472.45 88.68
426.46 77.51
431.39 76.86
440.26 78.83
416.61 76.20
419.24 72.26
412.99 79.81
427.78 88.02
436.32 88.68
415.62 87.37
404.45 77.51
403.80 83.75
485.67 83.10
495.85 90.65
506.69 70.29
496.18 69.30
498.48 63.39
501.10 60.76
492.40 69.14
483.70 64.54
449.54 80.30
459.72 83.10
411.11 71.11
411.93 89.34
443.95 66.51
448.39 62.24
450.52 59.61
459.06 56.49
477.13 59.28
481.56 56.16
481.56 48.94
472.36 64.70
451.84 68.64
454.30 75.05
466.29 68.81
462.51 67.00
454.46 57.15
425.07 54.19
426.22 50.09
429.34 62.90
401.91 52.06
391.40 50.25
391.73 49.59
385.81 49.10
383.68 53.70
398.46 49.59
398.79 47.95
396.33 45.65
411.27 53.04
408.81 53.04
405.03 51.89
396.65 60.76
397.47 57.64
401.25 57.80
404.37 59.12
406.18 67.66
425.56 68.64
433.28 67.33
436.89 64.21
432.46 61.58
435.41 58.46
441.82 62.24
444.61 55.51
448.71 57.64
494.70 55.51
493.06 51.56
499.79 51.24
508.17 54.19
506.03 57.15
500.45 55.01
495.19 60.10
492.07 57.64
472.53 57.15
466.12 62.40
461.69 58.79
465.14 53.04
466.12 57.80
470.89 60.76
409.79 45.49
415.87 44.67
417.68 44.99
418.00 47.46
386.14 46.64
393.04 44.34
378.26 49.59
375.47 46.14
420.80 55.51
414.23 53.53
411.76 55.83
431.31 57.64
427.69 59.61
422.60 57.31
483.20 47.29
482.05 68.64
468.09 81.95
463.17 80.80
479.59 72.09
484.19 72.59
488.95 75.05
471.87 70.29
455.78 59.61
457.42 64.05
460.54 62.24
465.71 183.61
236.04 63.72
235.71 73.41
231.27 75.54
231.44 70.45
222.24 74.56
221.25 79.81
221.75 89.50
216.98 90.98
233.57 89.99
250.00 75.54
253.61 72.26
259.19 75.71
247.37 64.05
253.77 65.36
251.31 63.39
246.05 51.40
215.51 53.70
216.98 57.80
221.42 61.75
224.87 63.55
221.91 65.52
224.54 69.47
220.93 72.26
235.87 60.10
241.95 64.05
239.32 59.61
235.38 57.31
236.53 54.19
227.17 60.60
227.82 64.37
230.45 60.76
224.21 54.03
221.58 53.70
228.97 57.15
228.48 54.36
253.44 59.94
249.50 60.60
250.65 57.48
259.36 61.09
260.01 55.51
262.31 53.70
262.81 57.15
268.39 54.85
265.76 53.21
259.03 80.47
407.49 61.75
407.66 56.98
437.88 49.76
441.65 51.89
471.71 50.09
473.68 55.34
469.41 55.34
443.79 50.25
454.13 51.56
446.42 71.27
445.43 59.45
443.95 57.15
416.36 81.29
435.74 103.13
515.31 62.40
516.62 52.22
432.46 48.28
384.34 43.52
374.32 43.19
367.42 41.22
455.94 50.09
447.24 54.68
516.30 277.55
383.60 278.86
371.77 275.58
316.59 279.52
250.90 279.52
531.22 26.99
80.85 153.20
68.06 137.09
81.62 128.14
81.62 118.16
74.20 127.11
64.99 112.79
59.62 111.00
66.53 98.72
72.92 103.07
78.55 82.36
82.90 88.49
69.60 88.49
62.69 82.61
51.18 84.40
43.00 82.10
40.19 85.43
41.21 94.12
38.65 99.75
40.70 111.00
52.72 114.07
36.10 125.07
44.02 120.97
44.02 138.88
49.91 157.55
62.69 164.45
71.64 194.37
49.65 178.26
56.30 182.10
32.00 186.44
21.01 176.47
5.41 183.38
1.06 195.65
5.41 145.01
22.80 152.18
33.03 139.90
17.43 138.88
4.89 123.53
13.59 112.02
27.66 103.33
24.33 83.89
20.49 77.75
16.40 92.84
1.06 98.72
5.15 90.54
7.96 89.52
1.57 86.19
24.59 166.75
32.77 92.08
24.59 93.10
16.15 98.72
51.44 97.96
75.74 76.47
