81.93 503.85
119.01 519.87
81.09 460.87
86.14 440.64
62.54 412.83
47.37 395.13
39.79 374.06
54.12 364.79
11.98 315.07
4.39 300.74
124.70 421.05
129.34 442.96
125.54 384.81
108.27 364.58
82.14 338.03
59.81 316.12
109.53 325.39
131.87 331.29
168.11 329.18
168.11 365.84
189.18 414.73
177.80 440.85
155.46 504.06
186.23 528.93
189.60 480.04
257.86 483.84
253.65 466.98
297.47 536.51
307.17 491.42
286.10 440.43
236.37 435.80
258.71 402.08
216.99 386.91
232.16 379.75
164.31 408.83
173.16 392.81
167.68 303.06
134.81 299.68
69.50 291.68
28.62 284.51
195.07 306.01
232.58 319.49
237.64 349.83
200.55 336.35
215.30 306.43
267.56 305.16
256.60 346.04
274.30 347.72
285.68 370.06
294.10 389.02
317.70 397.03
344.67 415.57
346.78 390.29
364.06 456.45
348.46 473.72
356.89 526.82
396.50 522.60
391.03 414.31
402.40 403.35
381.33 358.68
396.93 339.30
336.67 346.46
356.47 335.50
361.11 321.18
349.31 302.21
306.75 307.27
302.95 287.89
319.39 339.30
95.20 278.19
148.72 274.40
136.08 261.76
83.83 261.34
109.53 238.16
69.50 243.64
65.71 265.97
37.05 255.02
36.21 263.87
1.65 174.53
16.40 193.91
36.63 199.81
27.78 215.83
4.60 224.25
77.93 221.30
99.00 210.35
83.83 200.66
71.18 192.23
85.93 180.01
42.11 166.94
21.04 166.94
1.23 160.62
104.05 185.49
129.76 184.22
147.88 221.73
147.88 244.90
176.95 236.05
179.90 220.88
198.45 231.42
190.02 253.75
209.40 268.92
223.31 236.47
229.21 298.00
230.47 221.30
200.97 204.45
255.76 239.00
259.55 270.19
284.83 276.09
276.40 253.75
275.14 231.42
244.80 206.98
306.75 266.82
330.77 269.77
334.14 289.99
392.71 286.62
386.39 270.19
334.98 258.39
359.00 244.48
332.03 233.53
373.33 214.98
349.31 201.08
378.80 201.92
362.37 189.70
313.49 190.12
299.58 183.38
286.10 192.23
291.58 221.30
360.26 176.64
355.63 159.78
281.04 168.63
248.59 166.10
257.44 154.72
222.47 169.05
182.85 182.54
191.70 171.16
180.33 170.32
166.00 157.67
121.75 236.05
401.56 259.65
399.03 233.95
45.90 132.39
37.05 150.09
25.67 150.09
46.74 145.03
52.22 156.83
92.67 141.66
107.00 161.47
82.56 136.60
76.66 128.18
58.96 116.38
78.77 107.11
40.42 106.68
21.46 108.37
7.55 103.31
34.94 92.78
20.62 88.56
5.87 85.19
4.18 17.77
2.50 25.78
48.43 19.03
47.59 11.03
44.64 33.78
40.00 44.74
54.75 38.84
66.97 25.78
80.03 42.63
48.85 57.80
30.31 65.81
13.45 63.28
65.28 62.02
64.86 85.19
50.11 87.30
76.24 76.76
88.04 75.92
104.47 79.29
104.90 54.43
115.43 54.43
95.62 40.52
82.56 32.52
106.16 23.25
112.48 33.36
108.27 2.18
139.87 57.38
128.92 37.57
155.88 19.45
150.41 11.03
161.36 35.05
120.07 63.28
125.54 84.35
114.17 94.46
139.45 75.50
163.05 83.51
152.51 109.21
130.60 132.39
157.99 127.33
140.71 118.90
149.14 142.50
177.80 157.25
202.24 135.76
185.80 137.45
225.84 147.98
220.36 157.67
356.05 142.08
334.98 131.55
317.28 134.50
315.17 116.38
249.01 124.38
250.28 112.58
293.68 98.68
301.27 90.25
324.44 72.13
256.60 94.88
236.37 95.31
228.79 84.77
202.24 97.83
181.17 102.89
196.76 115.11
181.17 83.51
206.45 67.49
223.73 68.76
234.27 80.98
246.49 57.80
225.42 55.69
187.49 35.89
186.23 0.07
202.66 5.97
233.84 11.87
222.04 33.36
234.69 45.16
252.39 30.83
246.49 41.37
237.64 26.20
318.97 0.07
305.90 6.39
295.37 6.81
280.20 9.34
267.56 6.81
266.71 15.66
269.24 26.20
283.57 38.84
270.51 55.69
300.85 30.41
335.82 35.89
341.72 3.44
395.66 27.04
401.98 27.88
376.28 39.26
364.90 57.80
371.64 51.06
358.58 58.64
340.04 62.86
474.04 526.82
506.49 506.59
464.35 447.17
465.61 350.67
472.78 328.34
473.20 316.12
502.70 292.94
503.96 310.22
503.54 327.92
531.77 351.52
523.77 391.13
515.76 402.08
493.85 386.91
541.89 323.70
432.53 425.68
439.70 462.77
443.91 487.21
425.79 378.49
414.41 344.77
434.22 344.77
431.27 318.23
459.50 295.47
439.28 300.95
449.81 281.99
445.60 260.07
462.87 245.32
440.54 226.36
438.01 211.19
416.52 207.40
410.20 181.27
413.99 162.31
394.61 147.56
451.50 192.23
468.35 168.21
432.53 168.21
482.68 177.90
476.78 202.34
482.26 230.58
530.30 186.33
541.68 278.61
436.75 89.41
505.86 90.25
472.57 1.76
446.44 5.13
433.38 6.81
376.49 5.55
