26.68 648.67
51.96 604.84
36.79 590.51
28.37 556.80
24.99 510.45
158.16 674.79
137.93 620.85
175.01 636.87
137.09 577.87
142.14 557.64
118.54 529.83
103.37 512.13
95.79 491.06
110.12 481.79
49.44 487.69
30.89 476.73
3.92 443.02
67.98 432.07
60.39 417.74
180.70 538.05
185.34 559.96
181.54 501.81
164.27 481.58
138.14 455.03
115.81 433.12
165.53 442.39
187.87 448.29
224.11 446.18
224.11 482.84
245.18 531.73
233.80 557.85
211.46 621.06
242.23 645.93
245.60 597.04
313.86 600.84
309.65 583.98
353.47 653.51
363.17 608.42
342.10 557.43
292.37 552.80
314.71 519.08
272.99 503.91
288.16 496.75
220.31 525.83
229.16 509.81
223.68 420.06
190.81 416.68
125.50 408.68
84.62 401.51
251.07 423.01
288.58 436.49
293.64 466.83
256.55 453.35
271.30 423.43
323.56 422.16
312.60 463.04
330.30 464.72
341.68 487.06
350.10 506.02
373.70 514.03
400.67 532.57
402.78 507.29
420.06 573.45
404.46 590.72
412.89 643.82
452.50 639.60
447.03 531.31
458.40 520.35
437.33 475.68
452.93 456.30
392.67 463.46
412.47 452.50
417.11 438.18
405.31 419.21
362.75 424.27
358.95 404.89
375.39 456.30
151.20 395.19
204.72 391.40
192.08 378.76
139.83 378.34
165.53 355.16
125.50 360.64
121.71 382.97
93.05 372.02
92.21 380.87
55.12 363.59
14.67 374.54
15.09 361.06
3.71 343.78
35.32 335.78
40.38 351.37
14.25 407.84
31.95 401.51
37.00 309.65
22.26 301.22
25.20 280.15
57.65 291.53
72.40 310.91
92.63 316.81
83.78 332.83
60.60 341.25
133.93 338.30
155.00 327.35
139.83 317.66
127.18 309.23
141.93 297.01
98.11 283.94
77.04 283.94
57.23 277.62
37.43 274.25
160.05 302.49
185.76 301.22
203.88 338.73
203.88 361.90
232.95 353.05
235.90 337.88
254.45 348.42
246.02 370.75
265.40 385.92
279.31 353.47
285.21 415.00
286.47 338.30
256.97 321.45
311.76 356.00
315.55 387.19
340.83 393.09
332.40 370.75
331.14 348.42
300.80 323.98
362.75 383.82
386.77 386.77
390.14 406.99
448.71 403.62
442.39 387.19
390.98 375.39
415.00 361.48
388.03 350.53
429.33 331.98
405.31 318.08
434.80 318.92
418.37 306.70
369.49 307.12
355.58 300.38
342.10 309.23
347.58 338.30
416.26 293.64
411.63 276.78
337.04 285.63
304.59 283.10
313.44 271.72
278.47 286.05
238.85 299.54
247.70 288.16
236.33 287.32
222.00 274.67
177.75 353.05
457.56 376.65
455.03 350.95
5.82 263.30
6.24 248.97
8.35 240.96
13.83 235.06
31.10 223.68
54.28 243.49
37.85 242.23
101.90 249.39
93.05 267.09
81.67 267.09
102.74 262.03
108.22 273.83
148.67 258.66
163.00 278.47
138.56 253.60
132.66 245.18
114.96 233.38
134.77 224.11
96.42 223.68
77.46 225.37
63.55 220.31
90.94 209.78
76.62 205.56
61.87 202.19
35.74 207.67
19.73 194.61
35.32 189.13
20.15 179.02
23.94 159.63
9.61 156.26
2.45 143.62
22.26 140.67
26.89 120.44
10.88 106.53
43.33 112.86
70.29 109.48
59.34 94.31
100.64 102.74
60.18 134.77
58.50 142.78
104.43 136.03
103.59 128.03
100.64 150.78
96.00 161.74
110.75 155.84
122.97 142.78
136.03 159.63
104.85 174.80
86.31 182.81
69.45 180.28
52.60 175.22
121.28 179.02
120.86 202.19
106.11 204.30
132.24 193.76
144.04 192.92
160.47 196.29
160.90 171.43
171.43 171.43
151.62 157.52
138.56 149.52
162.16 140.25
168.48 150.36
164.27 119.18
155.84 109.48
178.59 115.81
150.78 97.69
147.41 92.21
195.87 174.38
184.92 154.57
211.88 136.45
206.41 128.03
197.56 105.27
190.81 90.52
217.36 152.05
176.07 180.28
181.54 201.35
170.17 211.46
195.45 192.50
219.05 200.51
208.51 226.21
186.60 249.39
213.99 244.33
196.71 235.90
205.14 259.50
233.80 274.25
258.24 252.76
241.80 254.45
281.84 264.98
276.36 274.67
412.05 259.08
390.98 248.55
373.28 251.50
371.17 233.38
305.01 241.38
306.28 229.58
349.68 215.68
357.27 207.25
380.44 189.13
312.60 211.88
292.37 212.31
284.79 201.77
258.24 214.83
237.17 219.89
252.76 232.11
237.17 200.51
262.45 184.49
279.73 185.76
290.27 197.98
302.49 174.80
281.42 172.69
243.49 152.89
227.06 112.86
248.55 87.99
237.59 102.74
242.23 117.07
272.57 110.75
258.66 122.97
254.45 108.22
281.84 94.74
291.11 112.01
289.84 128.87
278.04 150.36
290.69 162.16
308.39 147.83
302.49 158.37
293.64 143.20
320.18 90.94
312.18 107.80
344.63 101.06
335.78 89.26
347.58 88.41
374.97 117.07
361.90 123.39
351.37 123.81
336.20 126.34
323.56 123.81
322.71 132.66
325.24 143.20
339.57 155.84
326.51 172.69
356.85 147.41
391.82 152.89
397.72 120.44
423.85 105.27
415.42 101.06
425.11 89.68
453.77 101.06
457.56 116.23
451.66 144.04
457.98 144.88
432.28 156.26
420.90 174.80
427.64 168.06
414.58 175.64
396.04 179.86
4.13 198.82
374.12 84.62
530.04 643.82
562.49 623.59
520.35 564.17
521.61 467.67
528.78 445.34
529.20 433.12
558.70 409.94
559.96 427.22
559.54 444.92
587.77 468.52
579.77 508.13
571.76 519.08
549.85 503.91
605.47 538.89
621.06 568.39
604.63 658.57
634.13 597.47
681.74 645.50
667.00 562.07
628.65 507.71
609.69 500.12
642.55 490.01
653.09 461.77
638.34 447.45
613.90 443.23
597.89 440.70
604.63 414.16
656.04 409.10
674.16 455.45
675.00 470.20
712.93 478.21
708.29 506.86
693.97 537.20
639.18 541.00
723.88 592.41
725.99 521.61
746.22 648.03
734.84 628.23
792.15 640.03
814.06 666.57
890.34 634.55
870.11 581.87
953.55 561.22
873.90 555.33
836.82 566.28
800.16 554.90
825.44 532.99
764.34 534.68
774.03 511.50
811.96 515.29
779.09 488.74
742.43 493.80
760.13 471.05
802.27 481.58
845.25 482.42
869.27 480.74
894.97 530.46
877.70 529.62
900.03 503.91
905.51 490.85
914.36 528.36
950.60 506.86
952.70 478.63
913.09 476.52
919.84 453.35
964.50 461.77
969.56 433.96
952.28 440.70
918.15 406.99
917.73 430.17
903.40 453.35
873.06 461.77
857.05 421.32
815.75 430.59
795.10 435.23
779.51 436.49
758.02 423.43
741.58 446.60
702.39 411.63
488.53 542.68
495.70 579.77
499.91 604.21
481.79 495.49
470.41 461.77
490.22 461.77
487.27 435.23
515.50 412.47
495.28 417.95
505.81 398.99
501.60 377.07
518.87 362.32
496.54 343.36
494.01 328.19
472.52 324.40
466.20 298.27
469.99 279.31
450.61 264.56
507.50 309.23
524.35 285.21
488.53 285.21
538.68 294.90
532.78 319.34
538.26 347.58
586.30 303.33
650.35 346.73
634.76 314.28
659.20 387.61
724.52 353.05
597.68 395.61
740.74 390.98
752.54 377.07
766.02 367.80
783.72 378.76
799.74 365.27
806.48 378.76
808.59 392.67
846.09 350.53
833.45 389.72
876.01 381.71
902.56 377.07
918.57 375.81
879.80 290.27
952.70 375.39
963.66 408.68
633.71 339.57
492.75 206.41
561.86 207.25
607.37 173.96
812.17 138.14
864.42 135.61
831.55 121.71
806.27 115.81
812.17 94.74
772.56 83.36
733.79 107.80
742.64 77.04
749.80 61.87
725.78 74.93
715.25 62.29
710.19 77.04
701.34 84.20
691.65 66.92
679.43 66.92
674.37 74.93
680.27 100.64
692.91 107.80
657.09 103.16
625.49 108.64
612.42 112.01
600.20 87.99
604.00 98.11
606.10 78.72
601.47 63.13
585.03 75.77
581.66 93.89
585.03 105.69
572.39 109.48
566.07 96.42
557.64 101.48
559.33 115.38
541.63 95.16
547.11 87.57
547.11 72.82
528.57 118.76
521.82 101.48
523.51 77.04
512.13 64.82
505.39 96.42
512.13 90.52
502.44 122.13
503.70 112.86
489.38 123.81
475.05 114.54
472.10 101.06
484.74 94.31
477.58 78.30
481.37 61.02
464.93 66.92
427.43 58.50
431.64 79.57
432.49 122.55
733.79 117.70
553.05 -76.93
926.18 132.95
963.01 134.99
966.08 129.88
989.61 145.22
1010.58 160.06
1017.23 128.34
1003.93 131.41
1019.78 113.51
1009.55 104.82
975.80 108.40
949.20 94.08
937.95 93.56
922.09 78.22
898.05 80.26
898.05 61.34
935.90 75.15
960.96 81.80
958.92 66.45
957.89 49.58
846.39 36.79
854.06 16.84
905.72 50.09
906.75 43.44
939.48 51.11
930.79 60.32
1004.95 30.14
1015.69 25.02
734.88 50.09
759.95 29.63
751.25 29.63
773.76 25.54
791.66 21.96
813.65 18.89
542.05 14.79
641.28 22.47
620.31 28.60
619.29 43.44
641.79 43.44
648.95 36.28
664.81 22.47
682.20 19.40
696.01 38.83
681.18 39.35
907.26 121.18
918.51 104.82
998.30 89.47
1016.46 577.77
997.02 528.67
1011.34 495.93
992.93 486.73
1011.34 446.83
1000.09 434.56
985.77 400.80
1000.09 367.04
977.59 367.04
983.72 661.66
10.62 53.16
20.34 41.90
41.82 12.24
46.93 46.00
86.83 63.90
99.10 62.87
117.52 48.55
128.77 57.76
162.53 55.20
177.36 48.55
207.03 42.93
231.58 65.94
229.53 54.69
229.53 43.95
206.01 17.86
173.78 17.86
262.27 34.23
271.99 64.92
308.82 64.41
324.16 46.00
366.10 26.05
402.93 31.16
426.97 15.31
434.13 47.02
469.93 53.16
503.18 12.24
547.42 40.37
723.89 21.44
725.42 13.26
320.83 9.00
794.47 7.97
96.80 10.02
131.58 3.88
