17.70 484.05
22.34 505.96
18.54 447.81
1.27 427.58
2.53 388.39
24.87 394.29
61.11 392.18
61.11 428.84
82.18 477.73
70.80 503.85
82.60 543.04
146.65 529.98
179.10 503.43
129.37 498.80
151.71 465.08
109.99 449.91
125.16 442.75
57.31 471.83
66.16 455.81
60.68 366.06
27.81 362.68
88.07 369.01
125.58 382.49
130.64 412.83
93.55 399.35
108.30 369.43
160.56 368.16
149.60 409.04
167.30 410.72
178.68 433.06
187.10 452.02
210.70 460.03
237.67 478.57
239.78 453.29
257.06 519.45
241.46 536.72
284.03 477.31
295.40 466.35
274.33 421.68
289.93 402.30
229.67 409.46
249.47 398.50
254.11 384.18
242.31 365.21
199.75 370.27
195.95 350.89
212.39 402.30
41.72 337.40
29.08 324.76
2.53 301.16
22.76 247.22
40.88 284.73
40.88 307.90
69.95 299.05
72.90 283.88
91.45 294.42
83.02 316.75
102.40 331.92
116.31 299.47
122.21 361.00
123.47 284.30
93.97 267.45
148.76 302.00
152.55 333.19
177.83 339.09
169.40 316.75
168.14 294.42
137.80 269.98
199.75 329.82
223.77 332.77
227.14 352.99
285.71 349.62
279.39 333.19
227.98 321.39
252.00 307.48
225.03 296.53
266.33 277.98
242.31 264.08
271.80 264.92
255.37 252.70
206.49 253.12
192.58 246.38
179.10 255.23
184.58 284.30
253.26 239.64
248.63 222.78
174.04 231.63
141.59 229.10
150.44 217.72
115.47 232.05
75.85 245.54
84.70 234.16
73.33 233.32
59.00 220.67
14.75 299.05
294.56 322.65
292.03 296.95
0.00 224.47
8.43 117.43
5.48 96.36
1.27 65.18
15.59 61.81
32.87 120.38
21.92 100.57
48.88 82.45
43.41 74.03
34.56 51.27
27.81 36.52
54.36 98.05
13.07 126.28
18.54 147.35
7.17 157.46
32.45 138.50
56.05 146.51
45.51 172.21
23.60 195.39
50.99 190.33
33.71 181.90
42.14 205.50
70.80 220.25
95.24 198.76
78.80 200.45
118.84 210.98
113.36 220.67
249.05 205.08
227.98 194.55
210.28 197.50
208.17 179.38
142.01 187.38
143.28 175.58
186.68 161.68
194.27 153.25
217.44 135.13
149.60 157.88
129.37 158.31
121.79 147.77
95.24 160.83
74.17 165.89
89.76 178.11
74.17 146.51
99.45 130.49
116.73 131.76
127.27 143.98
139.49 120.80
118.42 118.69
80.49 98.89
64.06 58.86
85.55 33.99
74.59 48.74
79.23 63.07
109.57 56.75
95.66 68.97
91.45 54.22
118.84 40.74
128.11 58.01
126.84 74.87
115.04 96.36
127.69 108.16
145.39 93.83
139.49 104.37
130.64 89.20
157.18 36.94
149.18 53.80
181.63 47.06
172.78 35.26
184.58 34.41
211.97 63.07
198.90 69.39
188.37 69.81
173.20 72.34
160.56 69.81
159.71 78.66
162.24 89.20
176.57 101.84
163.51 118.69
193.85 93.41
228.82 98.89
234.72 66.44
260.85 51.27
252.42 47.06
262.11 35.68
290.77 47.06
294.56 62.23
288.66 90.04
294.98 90.88
269.28 102.26
257.90 120.80
264.64 114.06
251.58 121.64
233.04 125.86
211.12 30.62
357.35 510.17
358.61 413.67
365.78 391.34
366.20 379.12
395.70 355.94
396.96 373.22
396.54 390.92
424.77 414.52
416.77 454.13
408.76 465.08
386.85 449.91
442.47 484.89
458.06 514.39
471.13 543.47
504.00 508.07
465.65 453.71
446.69 446.12
479.55 436.01
490.09 407.77
475.34 393.45
450.90 389.23
434.89 386.70
441.63 360.16
493.04 355.10
511.16 401.45
512.00 416.20
545.29 452.86
530.97 483.20
476.18 487.00
539.39 357.63
325.53 488.68
332.70 525.77
318.79 441.49
307.41 407.77
327.22 407.77
324.27 381.23
352.50 358.47
332.28 363.95
342.81 344.99
338.60 323.07
355.87 308.32
333.54 289.36
331.01 274.19
309.52 270.40
303.20 244.27
306.99 225.31
287.61 210.56
344.50 255.23
361.35 231.21
325.53 231.21
375.68 240.90
369.78 265.34
375.26 293.58
423.30 249.33
487.35 292.73
471.76 260.28
496.20 333.61
434.68 341.61
470.71 285.57
329.75 152.41
398.86 153.25
444.37 119.96
538.34 30.20
528.65 12.92
516.43 12.92
511.37 20.93
517.27 46.64
529.91 53.80
494.09 49.16
462.49 54.64
449.42 58.01
437.20 33.99
441.00 44.11
443.10 24.72
438.47 9.13
422.03 21.77
418.66 39.89
422.03 51.69
409.39 55.48
403.07 42.42
394.64 47.48
396.33 61.38
378.63 41.16
384.11 33.57
384.11 18.82
365.57 64.76
358.82 47.48
360.51 23.04
349.13 10.82
342.39 42.42
349.13 36.52
339.44 68.13
340.70 58.86
326.38 69.81
312.05 60.54
309.10 47.06
321.74 40.31
314.58 24.30
318.37 7.02
301.93 12.92
264.43 4.50
268.64 25.57
269.49 68.55
68.58 11.94
66.53 0.69
108.99 10.92
145.82 10.41
