545.66 481.96
543.13 370.29
506.89 368.18
506.89 404.84
485.82 453.73
497.20 479.85
519.54 543.06
485.40 519.04
417.14 522.84
421.35 505.98
367.83 530.42
388.90 479.43
438.63 474.80
416.29 441.08
458.01 425.91
442.84 418.75
510.69 447.83
501.84 431.81
507.32 342.06
540.19 338.68
479.93 345.01
442.42 358.49
437.36 388.83
474.45 375.35
459.70 345.43
407.44 344.16
418.40 385.04
400.70 386.72
389.32 409.06
380.90 428.02
357.30 436.03
330.33 454.57
328.22 429.29
310.94 495.45
326.54 512.72
283.97 453.31
272.60 442.35
293.67 397.68
278.07 378.30
338.33 385.46
318.53 374.50
313.89 360.18
325.69 341.21
368.25 346.27
372.05 326.89
355.61 378.30
526.28 313.40
538.92 300.76
545.24 223.22
527.12 260.73
527.12 283.90
498.05 275.05
495.10 259.88
476.55 270.42
484.98 292.75
465.60 307.92
451.69 275.47
445.79 337.00
444.53 260.30
474.03 243.45
419.24 278.00
415.45 309.19
390.17 315.09
398.60 292.75
399.86 270.42
430.20 245.98
368.25 305.82
344.23 308.77
340.86 328.99
282.29 325.62
288.61 309.19
340.02 297.39
316.00 283.48
342.97 272.53
301.67 253.98
325.69 240.08
296.20 240.92
312.63 228.70
361.51 229.12
375.42 222.38
388.90 231.23
383.42 260.30
314.74 215.64
319.37 198.78
393.96 207.63
426.41 205.10
417.56 193.72
452.53 208.05
492.15 221.54
483.30 210.16
494.67 209.32
509.00 196.67
273.44 298.65
275.97 272.95
535.13 96.38
519.12 58.45
524.59 50.03
533.44 27.27
540.19 12.52
513.64 74.05
535.55 114.50
511.95 122.51
522.49 148.21
544.40 171.39
517.01 166.33
534.29 157.90
525.86 181.50
497.20 196.25
472.76 174.76
489.20 176.45
449.16 186.98
454.64 196.67
318.95 181.08
340.02 170.55
357.72 173.50
359.83 155.38
425.99 163.38
424.72 151.58
381.32 137.68
373.73 129.25
350.56 111.13
418.40 133.88
438.63 134.31
446.21 123.77
472.76 136.83
493.83 141.89
478.24 154.11
493.83 122.51
468.55 106.49
451.27 107.76
440.73 119.98
428.51 96.80
449.58 94.69
487.51 74.89
503.94 34.86
482.45 9.99
493.41 24.74
488.77 39.07
458.43 32.75
472.34 44.97
476.55 30.22
449.16 16.74
439.89 34.01
441.16 50.87
452.96 72.36
440.31 84.16
422.61 69.83
428.51 80.37
437.36 65.20
410.82 12.94
418.82 29.80
386.37 23.06
395.22 11.26
383.42 10.41
356.03 39.07
369.10 45.39
379.63 45.81
394.80 48.34
407.44 45.81
408.29 54.66
405.76 65.20
391.43 77.84
404.49 94.69
374.15 69.41
339.18 74.89
333.28 42.44
307.15 27.27
315.58 23.06
305.89 11.68
277.23 23.06
273.44 38.23
279.34 66.04
273.02 66.88
298.72 78.26
310.10 96.80
303.36 90.06
316.42 97.64
334.96 101.86
356.88 6.62
168.51 545.59
210.65 486.17
209.39 389.67
202.22 367.34
201.80 355.12
172.30 331.94
171.04 349.22
171.46 366.92
143.23 390.52
151.23 430.13
159.24 441.08
181.15 425.91
125.53 460.89
109.94 490.39
96.87 519.47
64.00 484.07
102.35 429.71
121.31 422.12
88.45 412.01
77.91 383.77
92.66 369.45
117.10 365.23
133.11 362.70
126.37 336.16
74.96 331.10
56.84 377.45
56.00 392.20
18.07 400.21
22.71 428.86
37.03 459.20
91.82 463.00
7.12 514.41
5.01 443.61
28.61 333.63
242.47 464.68
235.30 501.77
231.09 526.21
249.21 417.49
260.59 383.77
240.78 383.77
243.73 357.23
215.50 334.47
235.72 339.95
225.19 320.99
229.40 299.07
212.13 284.32
234.46 265.36
236.99 250.19
258.48 246.40
264.80 220.27
261.01 201.31
280.39 186.56
223.50 231.23
206.65 207.21
242.47 207.21
192.32 216.90
198.22 241.34
192.74 269.58
144.70 225.33
80.65 268.73
96.24 236.28
71.80 309.61
6.48 275.05
133.32 317.61
97.29 261.57
238.25 128.41
169.14 129.25
123.63 95.96
29.66 6.20
50.73 22.64
38.09 29.80
73.91 25.16
105.51 30.64
118.58 34.01
130.80 9.99
127.00 20.11
124.90 0.72
149.34 15.89
145.97 27.69
158.61 31.48
164.93 18.42
173.36 23.48
171.67 37.38
189.37 17.16
183.89 9.57
202.43 40.76
209.18 23.48
225.61 18.42
218.87 12.52
228.56 44.13
227.30 34.86
241.62 45.81
255.95 36.54
258.90 23.06
246.26 16.31
253.42 0.30
299.36 1.57
298.51 44.55
