13.20 388.68
27.22 428.74
284.63 498.85
231.54 467.80
146.41 419.73
164.44 420.73
175.46 383.67
104.35 374.66
45.25 376.66
468.91 479.82
390.79 389.68
238.55 407.71
310.67 409.71
278.62 379.66
314.67 369.65
267.60 351.62
226.54 365.64
190.48 326.58
178.46 333.59
156.43 334.59
133.39 335.60
115.36 325.58
104.35 325.58
88.32 337.60
60.28 355.63
44.25 346.61
62.28 316.57
84.31 311.56
99.34 309.55
97.33 290.53
27.22 313.56
16.46 301.54
18.96 267.99
42.50 287.02
42.00 308.05
23.97 257.47
44.50 245.96
56.52 258.98
26.97 229.93
11.45 220.42
5.94 42.64
2.44 30.62
3.94 60.17
23.97 65.67
26.47 80.70
12.45 91.21
10.45 107.74
28.48 117.25
16.46 124.27
16.96 140.29
1.43 155.81
32.48 153.31
38.99 143.80
63.03 129.27
61.53 111.75
76.05 100.73
66.04 144.80
56.52 152.31
44.50 160.82
49.51 178.35
42.50 174.84
56.52 183.36
75.05 178.35
61.53 199.38
48.51 214.41
81.06 222.42
91.07 263.98
77.05 252.97
120.62 289.02
138.65 262.48
172.20 301.04
197.24 293.53
180.71 271.50
185.72 258.47
165.19 273.00
156.18 249.96
146.66 239.95
122.62 244.45
135.64 238.94
112.61 225.92
110.10 204.39
91.58 198.38
98.59 182.86
101.59 169.34
136.14 192.37
129.13 181.86
180.71 192.37
159.68 209.90
148.16 215.41
131.14 218.41
133.64 202.89
198.74 229.43
171.20 222.42
168.19 239.45
184.22 179.35
185.72 169.84
174.71 158.82
169.70 144.80
151.17 144.80
135.64 152.31
132.14 133.78
100.09 146.30
95.08 117.25
113.61 88.71
98.09 60.17
75.55 45.14
53.01 51.65
44.50 35.63
70.04 71.18
140.65 86.71
152.67 101.23
165.19 113.75
135.64 124.27
179.71 125.27
174.71 133.78
163.69 200.88
191.73 108.74
182.72 98.73
190.73 83.20
185.22 63.67
172.20 76.19
200.24 57.16
186.22 46.14
167.69 36.63
149.67 48.15
154.67 63.67
140.65 60.17
133.64 30.62
124.63 30.62
158.18 28.62
178.21 30.62
188.73 27.61
200.75 38.13
4.44 199.38
76.55 10.34
100.59 3.33
115.61 13.34
119.62 8.83
134.64 14.84
156.68 18.35
166.19 6.83
176.71 6.83
198.74 19.35
9.95 24.86
27.47 17.35
28.98 31.37
51.01 23.86
52.51 12.34
44.50 6.83
297.15 350.12
291.64 326.58
252.58 332.59
257.08 320.57
237.55 300.04
203.50 275.50
220.53 263.98
204.00 247.96
182.97 235.94
179.96 213.91
206.00 235.94
220.03 209.40
209.51 198.38
226.04 182.36
210.01 184.86
242.56 202.39
254.58 196.38
245.06 187.36
265.10 203.39
283.63 185.86
279.12 217.41
285.13 208.40
302.15 204.89
308.66 194.88
318.18 199.88
337.21 191.37
353.23 184.36
339.21 177.85
377.77 175.85
378.77 192.87
363.25 225.42
378.77 223.42
386.79 211.90
350.73 228.93
336.21 210.40
347.73 214.41
328.19 227.93
309.17 221.42
297.15 224.42
281.62 238.44
248.57 243.45
246.07 220.92
250.07 208.40
221.03 241.95
255.08 264.48
266.10 248.96
292.64 263.48
302.65 259.48
342.72 247.96
366.25 242.45
381.28 250.46
354.24 260.48
376.77 285.02
344.22 273.50
321.68 284.01
306.16 281.01
321.68 314.06
317.68 298.54
358.74 305.55
349.23 333.59
368.76 338.60
391.79 312.06
210.51 310.56
484.69 351.12
444.13 327.58
413.58 332.59
404.56 344.11
401.06 286.52
412.08 273.00
407.07 241.45
415.08 230.93
414.58 216.41
423.59 209.90
434.61 230.93
445.13 244.45
427.60 252.97
439.62 265.49
457.15 266.49
463.16 233.94
480.18 241.45
479.18 228.43
505.72 212.90
489.20 200.38
503.22 187.36
444.13 209.90
424.09 208.40
411.07 200.88
397.55 189.87
494.20 318.57
507.73 313.06
452.64 303.04
469.67 290.02
450.14 277.00
476.18 265.49
495.71 264.48
490.70 253.97
501.22 244.95
204.00 151.81
220.03 160.32
186.97 137.79
204.50 131.28
226.54 112.25
227.04 101.23
218.02 85.71
242.56 80.70
272.61 96.22
279.62 94.22
269.60 83.70
286.63 74.69
255.08 60.67
226.54 71.18
243.06 115.75
249.57 131.78
238.55 137.79
212.51 140.29
258.59 162.32
229.04 169.34
300.15 170.34
291.14 152.31
281.12 153.31
284.13 129.27
313.67 136.78
328.70 152.31
339.21 162.32
349.23 148.30
340.21 125.77
358.74 169.34
393.30 122.76
387.29 110.24
386.79 94.22
385.28 88.71
357.24 104.73
352.73 94.22
328.70 101.73
322.69 88.21
315.17 83.70
310.67 78.19
322.19 115.75
313.67 116.25
259.59 110.74
229.04 54.66
209.01 71.68
193.48 71.68
213.52 24.11
229.04 17.60
206.50 10.09
226.54 1.07
237.05 11.59
243.06 10.59
258.59 31.12
251.07 29.12
248.07 43.64
284.63 40.13
280.12 15.09
269.10 3.08
275.61 1.07
306.66 0.07
318.68 24.11
335.71 17.10
327.69 3.58
307.66 49.15
328.70 59.16
337.71 54.66
347.22 69.68
356.74 64.67
371.26 75.19
377.77 66.17
405.32 59.66
398.30 50.65
388.29 39.13
396.80 30.12
376.27 28.12
392.29 21.10
376.77 15.09
402.31 3.08
380.28 5.58
373.77 4.58
358.24 6.58
352.23 19.60
349.73 31.12
403.31 153.31
372.76 155.81
249.07 17.10
288.13 59.66
364.25 46.14
465.66 210.90
478.68 178.35
480.18 163.33
502.72 153.31
509.23 127.27
501.22 127.77
489.20 128.77
481.18 130.78
470.67 134.78
458.15 147.30
447.63 141.29
400.56 153.81
392.04 123.76
420.59 125.27
422.59 111.24
422.09 92.72
442.62 105.74
454.14 115.25
446.63 89.21
465.16 83.20
475.17 96.22
485.19 111.24
476.68 115.25
502.22 67.18
496.71 62.17
484.19 66.17
460.65 62.67
445.13 67.68
438.12 70.68
419.59 71.18
419.59 52.15
412.08 39.63
412.58 18.60
432.11 39.13
427.60 34.12
449.63 18.60
441.62 51.65
459.15 37.63
482.19 23.61
505.22 19.10
485.69 50.15
383.53 146.30
435.86 184.36
455.89 198.38
469.67 3.33
421.59 6.83
218.27 41.39
139.90 308.05
171.95 347.11
180.96 364.14
279.12 308.05
34.74 250.46
344.47 351.62
347.98 382.67
260.84 289.52
415.58 299.04
56.02 341.10
176.71 283.51
319.93 257.97
325.94 210.40
224.28 143.80
496.71 206.89
412.08 194.88
275.36 260.98
