63.10 457.71
7.01 444.69
32.05 397.62
71.11 399.62
86.13 437.68
130.20 434.68
144.22 474.74
47.07 572.89
79.12 594.93
293.46 558.87
270.42 601.94
401.63 544.85
348.54 513.80
263.41 465.73
281.44 466.73
292.46 429.67
221.35 420.66
162.25 422.66
519.81 564.88
585.91 525.82
507.79 435.68
355.55 453.71
427.67 455.71
395.62 425.66
431.67 415.65
384.60 397.62
343.54 411.64
307.48 372.58
295.46 379.59
273.43 380.59
250.39 381.60
232.36 371.58
221.35 371.58
205.32 383.60
177.28 401.63
161.25 392.61
179.28 362.57
201.31 357.56
216.34 355.55
214.33 336.53
144.22 359.56
112.17 378.59
100.16 381.60
78.12 380.59
71.11 358.56
43.07 358.56
3.00 386.60
21.03 351.55
25.04 327.51
7.01 303.47
39.06 304.47
33.05 295.46
21.03 281.44
13.02 264.41
28.04 257.40
4.01 278.43
13.02 232.36
33.05 195.30
20.03 176.27
22.03 161.25
36.06 161.25
27.04 158.25
5.01 165.26
7.01 142.22
26.04 131.20
45.07 116.18
27.04 79.12
12.02 77.12
6.01 95.15
37.06 60.09
47.07 57.09
55.09 57.09
80.12 105.16
73.11 88.14
40.06 46.07
41.06 32.05
21.03 43.07
9.01 60.09
13.02 42.06
19.03 30.05
27.04 28.04
66.10 39.06
75.12 32.05
87.14 37.06
89.14 50.08
99.15 46.07
104.16 36.06
59.09 140.22
77.12 134.21
108.17 127.20
78.12 155.24
62.85 274.43
78.37 292.46
86.88 305.98
107.42 295.46
83.38 316.49
79.87 345.04
63.85 333.02
104.91 362.57
133.46 347.54
135.96 313.99
159.50 333.02
159.00 354.05
140.97 303.47
161.50 291.96
173.52 304.98
143.97 275.93
128.45 266.42
105.41 277.93
86.88 270.92
83.88 255.90
48.32 257.90
59.84 257.40
56.34 234.87
46.82 237.37
34.30 217.34
55.34 219.34
80.88 208.83
75.87 194.30
62.85 179.78
78.37 178.28
89.89 177.28
96.40 90.64
103.91 101.16
122.94 88.64
119.44 76.62
120.94 106.17
109.42 111.67
140.97 111.67
143.47 126.70
129.45 137.21
127.45 153.74
104.91 158.75
145.48 163.25
133.46 170.27
133.96 186.29
118.43 201.81
110.42 224.35
106.42 245.38
149.48 199.31
155.99 189.80
180.03 175.27
178.53 157.75
193.05 146.73
183.04 190.80
173.52 198.31
161.50 206.82
166.51 224.35
159.50 220.84
173.52 229.36
192.05 224.35
178.53 245.38
165.51 260.41
198.06 268.42
208.07 309.98
194.05 298.97
237.62 335.02
255.65 308.48
289.20 347.04
314.24 339.53
297.71 317.50
302.72 304.47
282.19 319.00
273.18 295.96
263.66 285.95
239.62 290.45
252.64 284.94
229.61 271.92
227.10 250.39
208.58 244.38
215.59 228.86
218.59 215.34
253.14 238.37
246.13 227.86
297.71 238.37
276.68 255.90
265.16 261.41
248.14 264.41
250.64 248.89
315.74 275.43
288.20 268.42
285.19 285.45
301.22 225.35
302.72 215.84
291.71 204.82
286.70 190.80
268.17 190.80
252.64 198.31
249.14 179.78
217.09 192.30
212.08 163.25
230.61 134.71
215.09 106.17
192.55 91.14
170.01 97.65
161.50 81.63
187.04 117.18
257.65 132.71
269.67 147.23
282.19 159.75
252.64 170.27
296.71 171.27
291.71 179.78
280.69 246.88
308.73 154.74
299.72 144.73
307.73 129.20
302.22 109.67
289.20 122.19
317.24 103.16
303.22 92.14
284.69 82.63
266.67 94.15
271.67 109.67
257.65 106.17
250.64 76.62
241.63 76.62
275.18 74.62
295.21 76.62
305.73 73.61
317.75 84.13
121.44 245.38
48.83 294.46
193.55 56.34
187.04 31.80
174.02 27.29
172.02 16.78
198.06 16.78
190.05 17.78
214.08 29.29
217.59 49.33
231.61 37.31
220.59 21.78
232.61 59.34
236.62 54.83
251.64 60.84
273.68 64.35
283.19 52.83
293.71 52.83
293.71 41.31
298.22 37.31
309.73 42.32
315.74 39.81
315.74 65.35
307.73 29.29
312.74 18.28
300.72 15.27
284.69 10.77
265.66 25.29
271.17 35.30
276.68 39.81
280.69 30.30
288.20 29.29
295.21 21.28
239.62 12.77
255.65 10.77
126.45 30.80
114.43 44.82
112.93 56.34
104.91 68.86
126.95 70.86
144.47 63.35
135.46 45.82
145.98 77.37
168.01 69.86
169.51 58.34
161.50 52.83
159.50 28.79
152.49 23.79
142.97 23.29
133.96 24.79
134.46 17.78
113.43 35.30
57.84 17.78
151.99 12.77
414.15 396.12
408.64 372.58
369.58 378.59
374.08 366.57
354.55 346.04
320.50 321.50
337.53 309.98
321.00 293.96
299.97 281.94
296.96 259.91
323.00 281.94
337.03 255.40
326.51 244.38
343.04 228.36
327.01 230.86
359.56 248.39
371.58 242.38
362.06 233.36
382.10 249.39
400.63 231.86
396.12 263.41
402.13 254.40
419.15 250.89
425.66 240.88
435.18 245.88
454.21 237.37
470.23 230.36
456.21 223.85
494.77 221.85
495.77 238.87
480.25 271.42
495.77 269.42
503.79 257.90
467.73 274.93
453.21 256.40
464.73 260.41
445.19 273.93
426.17 267.42
414.15 270.42
398.62 284.44
365.57 289.45
363.07 266.92
367.07 254.40
338.03 287.95
372.08 310.48
383.10 294.96
409.64 309.48
419.65 305.48
459.72 293.96
483.25 288.45
498.28 296.46
471.24 306.48
493.77 331.02
461.22 319.50
438.68 330.01
423.16 327.01
438.68 360.06
434.68 344.54
475.74 351.55
466.23 379.59
485.76 384.60
508.79 358.06
327.51 356.56
601.69 397.12
561.13 373.58
530.58 378.59
521.56 390.11
518.06 332.52
529.08 319.00
524.07 287.45
532.08 276.93
531.58 262.41
540.59 255.90
551.61 276.93
562.13 290.45
544.60 298.97
556.62 311.49
574.15 312.49
580.16 279.94
597.18 287.45
596.18 274.43
622.72 258.90
606.20 246.38
620.22 233.36
637.75 243.38
561.13 255.90
541.09 254.40
528.07 246.88
514.55 235.87
611.20 364.57
624.73 359.06
569.64 349.04
586.67 336.02
567.14 323.00
593.18 311.49
612.71 310.48
607.70 299.97
618.22 290.95
632.24 288.45
321.00 197.81
337.03 206.32
303.97 183.79
321.50 177.28
343.54 158.25
344.04 147.23
335.02 131.71
359.56 126.70
389.61 142.22
396.62 140.22
386.60 129.70
403.63 120.69
372.08 106.67
343.54 117.18
360.06 161.75
366.57 177.78
355.55 183.79
329.51 186.29
375.59 208.32
346.04 215.34
417.15 216.34
408.14 198.31
398.12 199.31
401.13 175.27
430.67 182.78
445.70 198.31
456.21 208.32
466.23 194.30
457.21 171.77
475.74 215.34
510.30 168.76
504.29 156.24
503.79 140.22
502.28 134.71
474.24 150.73
469.73 140.22
445.70 147.73
439.69 134.21
432.17 129.70
427.67 124.19
439.19 161.75
430.67 162.25
376.59 156.74
346.04 100.66
326.01 117.68
310.48 117.68
330.52 70.11
346.04 63.60
323.50 56.09
327.51 40.06
335.02 40.06
343.54 47.07
355.55 45.57
354.05 57.59
360.06 56.59
375.59 77.12
368.07 75.12
365.07 89.64
401.63 86.13
397.12 61.09
386.10 49.08
392.61 47.07
386.10 37.56
423.66 46.07
435.68 70.11
452.71 63.10
444.69 49.58
424.66 95.15
445.70 105.16
454.71 100.66
464.22 115.68
473.74 110.67
488.26 121.19
494.77 112.17
522.32 105.66
515.30 96.65
505.29 85.13
513.80 76.12
493.27 74.12
509.29 67.10
493.77 61.09
519.31 49.08
497.28 51.58
490.77 50.58
521.31 42.06
475.24 52.58
467.23 43.57
469.23 65.60
466.73 77.12
520.31 199.31
489.76 201.81
366.07 63.10
405.13 105.66
481.25 92.14
582.66 256.90
595.68 224.35
597.18 209.33
619.72 199.31
630.73 202.32
626.23 173.27
618.22 173.77
636.74 163.25
606.20 174.77
598.18 176.78
587.67 180.78
575.15 193.30
564.63 187.29
517.56 199.81
509.04 169.76
537.59 171.27
539.59 157.24
539.09 138.72
559.62 151.74
571.14 161.25
563.63 135.21
582.16 129.20
592.17 142.22
602.19 157.24
593.68 161.25
629.73 143.22
632.74 128.20
619.22 113.18
636.74 108.17
636.74 90.64
613.71 108.17
601.19 112.17
577.65 108.67
562.13 113.68
555.12 116.68
536.59 117.18
536.59 98.15
529.08 85.63
529.58 64.60
549.11 85.13
544.60 80.12
566.63 64.60
558.62 97.65
576.15 83.63
599.19 69.61
622.22 65.10
602.69 96.15
500.53 192.30
552.86 230.36
572.89 244.38
631.74 42.82
613.71 45.82
603.69 41.31
610.20 30.30
592.17 36.31
582.66 40.81
586.67 49.33
563.13 40.81
550.11 38.81
538.59 52.83
537.59 35.30
531.08 29.29
549.11 23.29
532.08 14.77
495.02 26.79
492.02 35.81
479.50 22.28
474.49 31.80
465.98 21.78
442.44 33.80
432.42 24.79
418.40 13.27
405.38 16.78
405.38 27.29
387.35 23.29
372.33 15.27
364.82 31.80
357.31 30.30
341.28 25.79
341.78 16.27
324.76 18.78
335.27 87.39
514.55 32.30
495.02 15.27
479.00 15.27
461.47 10.77
561.13 12.77
571.14 28.29
566.63 20.28
593.68 21.78
631.24 13.27
585.16 10.77
614.21 14.27
599.69 12.77
623.22 13.27
256.90 354.05
288.95 393.11
297.96 410.14
396.12 354.05
151.74 296.46
461.47 397.62
464.98 428.67
377.84 335.52
532.58 345.04
173.02 387.10
293.71 329.51
436.93 303.97
442.94 256.40
341.28 189.80
613.71 252.89
529.08 240.88
392.36 306.98
21.31 9.54
40.24 4.07
51.59 5.34
49.07 13.33
72.20 7.86
91.12 6.60
115.93 6.18
127.70 4.07
138.63 7.44
143.68 13.33
157.56 5.76
144.94 3.23
178.58 10.38
194.14 3.23
197.92 7.44
209.28 16.69
212.22 4.07
230.72 11.22
237.45 2.81
251.33 3.23
393.67 5.34
411.33 10.80
439.50 9.12
455.90 3.23
468.52 9.12
479.45 7.02
503.00 7.44
515.19 5.76
519.82 12.06
524.02 9.12
534.11 5.76
540.42 7.44
570.28 8.28
615.69 4.49
