3.11 291.62
18.13 329.68
62.20 326.68
76.22 366.74
11.12 486.93
225.46 450.87
202.42 493.94
333.63 436.85
280.54 405.80
195.41 357.73
213.44 358.73
224.46 321.67
153.35 312.66
94.25 314.66
451.81 456.88
439.79 327.68
287.55 345.71
359.67 347.71
327.62 317.66
363.67 307.65
316.60 289.62
275.54 303.64
239.48 264.58
227.46 271.59
205.43 272.59
182.39 273.60
164.36 263.58
153.35 263.58
137.32 275.60
109.28 293.63
93.25 284.61
111.28 254.57
133.31 249.56
148.34 247.55
146.33 228.53
76.22 251.56
44.17 270.59
32.16 273.60
10.12 272.59
3.11 250.56
9.12 26.21
40.17 19.20
10.12 47.24
10.37 184.46
18.88 197.98
39.42 187.46
15.38 208.49
11.87 237.04
36.91 254.57
65.46 239.54
67.96 205.99
91.50 225.02
91.00 246.05
72.97 195.47
93.50 183.96
105.52 196.98
75.97 167.93
60.45 158.42
37.41 169.93
18.88 162.92
15.88 147.90
12.88 100.83
7.87 86.30
10.37 70.28
21.89 69.28
41.42 3.67
72.97 3.67
75.47 18.70
61.45 29.21
59.45 45.74
36.91 50.75
77.48 55.25
65.46 62.27
65.96 78.29
50.43 93.81
42.42 116.35
38.42 137.38
81.48 91.31
87.99 81.80
112.03 67.27
110.53 49.75
125.05 38.73
115.04 82.80
105.52 90.31
93.50 98.82
98.51 116.35
91.50 112.84
105.52 121.36
124.05 116.35
110.53 137.38
97.51 152.41
130.06 160.42
140.07 201.98
126.05 190.97
169.62 227.02
187.65 200.48
221.20 239.04
246.24 231.53
229.71 209.50
234.72 196.47
214.19 211.00
205.18 187.96
195.66 177.95
171.62 182.45
184.64 176.94
161.61 163.92
159.10 142.39
140.58 136.38
147.59 120.86
150.59 107.34
185.14 130.37
178.13 119.86
229.71 130.37
208.68 147.90
197.16 153.41
180.14 156.41
182.64 140.89
247.74 167.43
220.20 160.42
217.19 177.45
233.22 117.35
234.72 107.84
223.71 96.82
218.70 82.80
200.17 82.80
184.64 90.31
181.14 71.78
149.09 84.30
144.08 55.25
162.61 26.71
119.04 9.18
189.65 24.71
201.67 39.23
214.19 51.75
184.64 62.27
228.71 63.27
223.71 71.78
212.69 138.88
240.73 46.74
231.72 36.73
239.73 21.20
234.22 1.67
221.20 14.19
203.67 1.67
53.44 137.38
346.15 288.12
340.64 264.58
301.58 270.59
306.08 258.57
286.55 238.04
252.50 213.50
269.53 201.98
253.00 185.96
231.97 173.94
228.96 151.91
255.00 173.94
269.03 147.40
258.51 136.38
275.04 120.36
259.01 122.86
291.56 140.39
303.58 134.38
294.06 125.36
314.10 141.39
332.63 123.86
328.12 155.41
334.13 146.40
351.15 142.89
357.66 132.88
367.18 137.88
386.21 129.37
402.23 122.36
388.21 115.85
426.77 113.85
427.77 130.87
412.25 163.42
427.77 161.42
435.79 149.90
399.73 166.93
385.21 148.40
396.73 152.41
377.19 165.93
358.17 159.42
346.15 162.42
330.62 176.44
297.57 181.45
295.07 158.92
299.07 146.40
270.03 179.95
304.08 202.48
315.10 186.96
341.64 201.48
351.65 197.48
391.72 185.96
415.25 180.45
430.28 188.46
403.24 198.48
425.77 223.02
393.22 211.50
370.68 222.01
355.16 219.01
370.68 252.06
366.68 236.54
407.74 243.55
398.23 271.59
417.76 276.60
440.79 250.06
259.51 248.56
493.13 265.58
462.58 270.59
453.56 282.11
450.06 224.52
461.08 211.00
456.07 179.45
464.08 168.93
463.58 154.41
472.59 147.90
483.61 168.93
494.13 182.45
476.60 190.97
488.62 203.49
506.15 204.49
493.13 147.90
473.09 146.40
460.07 138.88
446.55 127.87
501.64 241.04
499.14 215.00
253.00 89.81
269.03 98.32
235.97 75.79
253.50 69.28
275.54 50.25
276.04 39.23
267.02 23.71
291.56 18.70
321.61 34.22
328.62 32.22
318.60 21.70
335.63 12.69
275.54 9.18
292.06 53.75
298.57 69.78
287.55 75.79
261.51 78.29
307.59 100.32
278.04 107.34
349.15 108.34
340.14 90.31
330.12 91.31
333.13 67.27
362.67 74.78
377.70 90.31
388.21 100.32
398.23 86.30
389.21 63.77
407.74 107.34
442.30 60.76
436.29 48.24
435.79 32.22
434.28 26.71
406.24 42.73
401.73 32.22
377.70 39.73
371.69 26.21
364.17 21.70
359.67 16.19
371.19 53.75
362.67 54.25
308.59 48.74
258.01 9.68
242.48 9.68
396.22 7.68
405.74 2.67
420.26 13.19
426.77 4.17
452.31 91.31
421.76 93.81
507.15 85.30
496.63 79.29
449.56 91.81
441.04 61.76
469.59 63.27
471.59 49.24
471.09 30.72
491.62 43.74
503.14 53.25
495.63 27.21
509.65 0.67
494.13 5.68
487.12 8.68
468.59 9.18
432.53 84.30
484.86 122.36
504.89 136.38
188.90 246.05
220.95 285.11
229.96 302.14
328.12 246.05
83.74 188.46
393.47 289.62
396.98 320.67
309.84 227.52
464.58 237.04
105.02 279.10
225.71 221.51
368.93 195.97
374.94 148.40
273.28 81.80
461.08 132.88
324.36 198.98
