3.10 374.71
11.11 316.62
26.13 354.68
70.20 351.68
84.22 391.74
19.12 511.93
233.46 475.87
341.63 461.85
288.54 430.80
203.41 382.73
221.44 383.73
232.46 346.67
161.35 337.66
102.25 339.66
459.81 481.88
447.79 352.68
295.55 370.71
367.67 372.71
335.62 342.66
371.67 332.65
324.60 314.62
283.54 328.64
247.48 289.58
235.46 296.59
213.43 297.59
190.39 298.60
172.36 288.58
161.35 288.58
145.32 300.60
117.28 318.63
101.25 309.61
119.28 279.57
141.31 274.56
156.34 272.55
154.33 253.53
84.22 276.56
52.17 295.59
40.16 298.60
18.12 297.59
11.11 275.56
20.12 22.16
13.11 5.14
17.12 51.21
48.17 44.20
18.12 72.24
2.85 191.43
18.37 209.46
26.88 222.98
47.42 212.46
23.38 233.49
19.87 262.04
3.85 250.02
44.91 279.57
73.46 264.54
75.96 230.99
99.50 250.02
99.00 271.05
80.97 220.47
101.50 208.96
113.52 221.98
83.97 192.93
68.45 183.42
45.41 194.93
26.88 187.92
23.88 172.90
20.88 125.83
15.87 111.30
2.85 96.78
18.37 95.28
29.89 94.28
36.40 7.64
43.91 18.16
62.94 5.64
60.94 23.17
49.42 28.67
80.97 28.67
83.47 43.70
69.45 54.21
67.45 70.74
44.91 75.75
85.48 80.25
73.46 87.27
73.96 103.29
58.43 118.81
50.42 141.35
46.42 162.38
89.48 116.31
95.99 106.80
120.03 92.27
118.53 74.75
133.05 63.73
123.04 107.80
113.52 115.31
101.50 123.82
106.51 141.35
99.50 137.84
113.52 146.36
132.05 141.35
118.53 162.38
105.51 177.41
138.06 185.42
148.07 226.98
134.05 215.97
177.62 252.02
195.65 225.48
229.20 264.04
254.24 256.53
237.71 234.50
242.72 221.47
222.19 236.00
213.18 212.96
203.66 202.95
179.62 207.45
192.64 201.94
169.61 188.92
167.10 167.39
148.58 161.38
155.59 145.86
158.59 132.34
193.14 155.37
186.13 144.86
237.71 155.37
216.68 172.90
205.16 178.41
188.14 181.41
190.64 165.89
255.74 192.43
228.20 185.42
225.19 202.45
241.22 142.35
242.72 132.84
231.71 121.82
226.70 107.80
208.17 107.80
192.64 115.31
189.14 96.78
157.09 109.30
152.08 80.25
170.61 51.71
155.09 23.17
132.55 8.14
110.01 14.65
127.04 34.18
197.65 49.71
209.67 64.23
222.19 76.75
192.64 87.27
236.71 88.27
231.71 96.78
220.69 163.88
248.73 71.74
239.72 61.73
247.73 46.20
242.22 26.67
229.20 39.19
257.24 20.16
243.22 9.14
206.67 11.15
211.67 26.67
197.65 23.17
257.75 1.13
61.44 162.38
354.15 313.12
348.64 289.58
309.58 295.59
314.08 283.57
294.55 263.04
260.50 238.50
277.53 226.98
261.00 210.96
239.97 198.94
236.96 176.91
263.00 198.94
277.03 172.40
266.51 161.38
283.04 145.36
267.01 147.86
299.56 165.39
311.58 159.38
302.06 150.36
322.10 166.39
340.63 148.86
336.12 180.41
342.13 171.40
359.15 167.89
365.66 157.88
375.18 162.88
394.21 154.37
410.23 147.36
396.21 140.85
434.77 138.85
435.77 155.87
420.25 188.42
435.77 186.42
443.79 174.90
407.73 191.93
393.21 173.40
404.73 177.41
385.19 190.93
366.17 184.42
354.15 187.42
338.62 201.44
305.57 206.45
303.07 183.92
307.07 171.40
278.03 204.95
312.08 227.48
323.10 211.96
349.64 226.48
359.65 222.48
399.72 210.96
423.25 205.45
438.28 213.46
411.24 223.48
433.77 248.02
401.22 236.50
378.68 247.01
363.16 244.01
378.68 277.06
374.68 261.54
415.74 268.55
406.23 296.59
425.76 301.60
448.79 275.06
267.51 273.56
501.13 290.58
470.58 295.59
461.56 307.11
458.06 249.52
469.08 236.00
464.07 204.45
472.08 193.93
471.58 179.41
480.59 172.90
491.61 193.93
502.13 207.45
484.60 215.97
496.62 228.49
501.13 172.90
481.09 171.40
468.07 163.88
454.55 152.87
509.64 266.04
507.14 240.00
261.00 114.81
277.03 123.32
243.97 100.79
261.50 94.28
283.54 75.25
284.04 64.23
275.02 48.71
299.56 43.70
329.61 59.22
336.62 57.22
326.60 46.70
343.63 37.69
312.08 23.67
283.54 34.18
300.06 78.75
306.57 94.78
295.55 100.79
269.51 103.29
315.59 125.32
286.04 132.34
357.15 133.34
348.14 115.31
338.12 116.31
341.13 92.27
370.67 99.78
385.70 115.31
396.21 125.32
406.23 111.30
397.21 88.77
415.74 132.34
450.30 85.76
444.29 73.24
443.79 57.22
442.28 51.71
414.24 67.73
409.73 57.22
385.70 64.73
379.69 51.21
372.17 46.70
367.67 41.19
379.19 78.75
370.67 79.25
316.59 73.74
286.04 17.66
266.01 34.68
250.48 34.68
305.07 6.64
341.63 3.13
364.66 12.15
385.70 22.16
394.71 17.66
404.22 32.68
413.74 27.67
428.26 38.19
434.77 29.17
462.32 22.66
455.30 13.65
445.29 2.13
460.31 116.31
429.76 118.81
345.13 22.66
421.25 9.14
504.63 104.29
457.56 116.81
449.04 86.76
477.59 88.27
479.59 74.24
479.09 55.72
499.62 68.74
511.14 78.25
503.63 52.21
502.13 30.68
495.12 33.68
476.59 34.18
476.59 15.15
469.08 2.63
489.11 2.13
498.62 14.65
440.53 109.30
492.86 147.36
275.27 4.39
196.90 271.05
228.95 310.11
237.96 327.14
336.12 271.05
91.74 213.46
401.47 314.62
404.98 345.67
317.84 252.52
472.58 262.04
113.02 304.10
233.71 246.51
376.93 220.97
382.94 173.40
281.28 106.80
469.08 157.88
332.36 223.98
