13.10 387.71
21.11 329.62
36.13 367.68
80.20 364.68
94.22 404.74
243.46 488.87
351.63 474.85
298.54 443.80
213.41 395.73
231.44 396.73
242.46 359.67
171.35 350.66
112.25 352.66
469.81 494.88
457.79 365.68
305.55 383.71
377.67 385.71
345.62 355.66
381.67 345.65
334.60 327.62
293.54 341.64
257.48 302.58
245.46 309.59
223.43 310.59
200.39 311.60
182.36 301.58
171.35 301.58
155.32 313.60
127.28 331.63
111.25 322.61
129.28 292.57
151.31 287.56
166.34 285.55
164.33 266.53
94.22 289.56
62.17 308.59
50.16 311.60
28.12 310.59
21.11 288.56
30.12 35.16
23.11 18.14
9.09 70.22
27.12 64.21
58.17 57.20
28.12 85.24
12.85 204.43
28.37 222.46
36.88 235.98
57.42 225.46
33.38 246.49
29.87 275.04
13.85 263.02
54.91 292.57
83.46 277.54
85.96 243.99
109.50 263.02
109.00 284.05
90.97 233.47
111.50 221.96
123.52 234.98
93.97 205.93
78.45 196.42
55.41 207.93
36.88 200.92
33.88 185.90
9.84 187.40
6.34 164.87
5.34 149.34
30.88 138.83
25.87 124.30
12.85 109.78
28.37 108.28
39.89 107.28
46.40 20.64
53.91 31.16
72.94 18.64
69.44 6.62
70.94 36.17
59.42 41.67
90.97 41.67
93.47 56.70
79.45 67.21
77.45 83.74
54.91 88.75
95.48 93.25
83.46 100.27
83.96 116.29
68.43 131.81
60.42 154.35
56.42 175.38
99.48 129.31
105.99 119.80
130.03 105.27
128.53 87.75
143.05 76.73
133.04 120.80
123.52 128.31
111.50 136.82
116.51 154.35
109.50 150.84
123.52 159.36
142.05 154.35
128.53 175.38
115.51 190.41
148.06 198.42
158.07 239.98
144.05 228.97
187.62 265.02
205.65 238.48
239.20 277.04
264.24 269.53
247.71 247.50
252.72 234.47
232.19 249.00
223.18 225.96
213.66 215.95
189.62 220.45
202.64 214.94
179.61 201.92
177.10 180.39
158.58 174.38
165.59 158.86
168.59 145.34
203.14 168.37
196.13 157.86
247.71 168.37
226.68 185.90
215.16 191.41
198.14 194.41
200.64 178.89
265.74 205.43
238.20 198.42
235.19 215.45
251.22 155.35
252.72 145.84
241.71 134.82
236.70 120.80
218.17 120.80
202.64 128.31
199.14 109.78
167.09 122.30
162.08 93.25
180.61 64.71
165.09 36.17
142.55 21.14
120.01 27.65
111.50 11.63
137.04 47.18
207.65 62.71
219.67 77.23
232.19 89.75
202.64 100.27
246.71 101.27
241.71 109.78
230.69 176.88
258.73 84.74
249.72 74.73
257.73 59.20
252.22 39.67
239.20 52.19
267.24 33.16
253.22 22.14
234.69 12.63
216.67 24.15
221.67 39.67
207.65 36.17
200.64 6.62
191.63 6.62
225.18 4.62
245.21 6.62
255.73 3.61
267.75 14.13
71.44 175.38
76.95 0.86
95.98 7.37
364.15 326.12
358.64 302.58
319.58 308.59
324.08 296.57
304.55 276.04
270.50 251.50
287.53 239.98
271.00 223.96
249.97 211.94
246.96 189.91
273.00 211.94
287.03 185.40
276.51 174.38
293.04 158.36
277.01 160.86
309.56 178.39
321.58 172.38
312.06 163.36
332.10 179.39
350.63 161.86
346.12 193.41
352.13 184.40
369.15 180.89
375.66 170.88
385.18 175.88
404.21 167.37
420.23 160.36
406.21 153.85
444.77 151.85
445.77 168.87
430.25 201.42
445.77 199.42
453.79 187.90
417.73 204.93
403.21 186.40
414.73 190.41
395.19 203.93
376.17 197.42
364.15 200.42
348.62 214.44
315.57 219.45
313.07 196.92
317.07 184.40
288.03 217.95
322.08 240.48
333.10 224.96
359.64 239.48
369.65 235.48
409.72 223.96
433.25 218.45
448.28 226.46
421.24 236.48
443.77 261.02
411.22 249.50
388.68 260.01
373.16 257.01
388.68 290.06
384.68 274.54
425.74 281.55
416.23 309.59
435.76 314.60
458.79 288.06
277.51 286.56
511.13 303.58
480.58 308.59
471.56 320.11
468.06 262.52
479.08 249.00
474.07 217.45
482.08 206.93
481.58 192.41
490.59 185.90
501.61 206.93
494.60 228.97
506.62 241.49
511.13 185.90
491.09 184.40
478.07 176.88
464.55 165.87
271.00 127.81
287.03 136.32
253.97 113.79
271.50 107.28
293.54 88.25
294.04 77.23
285.02 61.71
309.56 56.70
339.61 72.22
346.62 70.22
336.60 59.70
353.63 50.69
322.08 36.67
293.54 47.18
310.06 91.75
316.57 107.78
305.55 113.79
279.51 116.29
325.59 138.32
296.04 145.34
367.15 146.34
358.14 128.31
348.12 129.31
351.13 105.27
380.67 112.78
395.70 128.31
406.21 138.32
416.23 124.30
407.21 101.77
425.74 145.34
460.30 98.76
454.29 86.24
453.79 70.22
452.28 64.71
424.24 80.73
419.73 70.22
395.70 77.73
389.69 64.21
382.17 59.70
377.67 54.19
389.19 91.75
380.67 92.25
326.59 86.74
296.04 30.66
276.01 47.68
260.48 47.68
280.52 0.11
325.59 7.12
318.07 5.12
315.07 19.64
351.63 16.13
385.68 0.11
374.66 25.15
395.70 35.16
404.71 30.66
414.22 45.68
423.74 40.67
438.26 51.19
444.77 42.17
472.32 35.66
465.30 26.65
455.29 15.13
463.80 6.12
443.27 4.12
416.73 7.12
470.31 129.31
439.76 131.81
355.13 35.66
431.25 22.14
467.56 129.81
459.04 99.76
487.59 101.27
489.59 87.24
489.09 68.72
509.62 81.74
505.12 46.68
486.59 47.18
486.59 28.15
479.08 15.63
499.11 15.13
494.60 10.12
508.62 27.65
450.53 122.30
502.86 160.36
285.27 17.39
206.90 284.05
238.95 323.11
247.96 340.14
346.12 284.05
101.74 226.46
411.47 327.62
414.98 358.67
327.84 265.52
482.58 275.04
123.02 317.10
243.71 259.51
386.93 233.97
392.94 186.40
291.28 119.80
479.08 170.88
342.36 236.98
