7.20 429.68
21.22 469.74
225.54 508.80
140.41 460.73
158.44 461.73
169.46 424.67
98.35 415.66
39.25 417.66
384.79 430.68
232.55 448.71
304.67 450.71
272.62 420.66
308.67 410.65
261.60 392.62
220.54 406.64
184.48 367.58
172.46 374.59
150.43 375.59
127.39 376.60
109.36 366.58
98.35 366.58
82.32 378.60
54.28 396.63
38.25 387.61
56.28 357.57
78.31 352.56
93.34 350.55
91.33 331.53
21.22 354.56
10.46 342.54
12.96 308.99
36.50 328.02
36.00 349.05
17.97 298.47
38.50 286.96
50.52 299.98
20.97 270.93
5.45 261.42
17.97 106.67
20.47 121.70
6.45 132.21
4.45 148.74
22.48 158.25
10.46 165.27
10.96 181.29
26.48 194.31
32.99 184.80
57.03 170.27
55.53 152.75
70.05 141.73
60.04 185.80
50.52 193.31
38.50 201.82
43.51 219.35
36.50 215.84
50.52 224.36
69.05 219.35
55.53 240.38
42.51 255.41
75.06 263.42
85.07 304.98
71.05 293.97
114.62 330.02
132.65 303.48
166.20 342.04
191.24 334.53
174.71 312.50
179.72 299.47
159.19 314.00
150.18 290.96
140.66 280.95
116.62 285.45
129.64 279.94
106.61 266.92
104.10 245.39
85.58 239.38
92.59 223.86
95.59 210.34
130.14 233.37
123.13 222.86
174.71 233.37
153.68 250.90
142.16 256.41
125.14 259.41
127.64 243.89
192.74 270.43
165.20 263.42
162.19 280.45
178.22 220.35
179.72 210.84
168.71 199.82
163.70 185.80
145.17 185.80
129.64 193.31
126.14 174.78
94.09 187.30
89.08 158.25
107.61 129.71
92.09 101.17
69.55 86.14
47.01 92.65
38.50 76.63
64.04 112.18
134.65 127.71
146.67 142.23
159.19 154.75
129.64 165.27
173.71 166.27
168.71 174.78
157.69 241.88
185.73 149.74
176.72 139.73
184.73 124.20
179.22 104.67
166.20 117.19
194.24 98.16
180.22 87.14
161.69 77.63
143.67 89.15
148.67 104.67
134.65 101.17
127.64 71.62
118.63 71.62
152.18 69.62
172.21 71.62
182.73 68.61
194.75 79.13
70.55 51.34
64.04 26.80
51.02 22.29
49.02 11.78
75.06 11.78
67.05 12.78
91.08 24.29
94.59 44.33
108.61 32.31
97.59 16.78
109.61 54.34
113.62 49.83
128.64 55.84
150.68 59.35
160.19 47.83
170.71 47.83
170.71 36.31
175.22 32.31
186.73 37.32
192.74 34.81
192.74 60.35
184.73 24.29
189.74 13.28
177.72 10.27
161.69 5.77
142.66 20.29
148.17 30.30
153.68 34.81
157.69 25.30
165.20 24.29
172.21 16.28
116.62 7.77
132.65 5.77
3.45 25.80
3.95 65.86
21.47 58.35
12.46 40.82
22.98 72.37
45.01 64.86
46.51 53.34
38.50 47.83
36.50 23.79
29.49 18.79
19.97 18.29
10.96 19.79
11.46 12.78
28.99 7.77
291.15 391.12
285.64 367.58
246.58 373.59
251.08 361.57
231.55 341.04
197.50 316.50
214.53 304.98
198.00 288.96
176.97 276.94
173.96 254.91
200.00 276.94
214.03 250.40
203.51 239.38
220.04 223.36
204.01 225.86
236.56 243.39
248.58 237.38
239.06 228.36
259.10 244.39
277.63 226.86
273.12 258.41
279.13 249.40
296.15 245.89
302.66 235.88
312.18 240.88
331.21 232.37
347.23 225.36
333.21 218.85
371.77 216.85
372.77 233.87
357.25 266.42
372.77 264.42
380.79 252.90
344.73 269.93
330.21 251.40
341.73 255.41
322.19 268.93
303.17 262.42
291.15 265.42
275.62 279.44
242.57 284.45
240.07 261.92
244.07 249.40
215.03 282.95
249.08 305.48
260.10 289.96
286.64 304.48
296.65 300.48
336.72 288.96
360.25 283.45
375.28 291.46
348.24 301.48
370.77 326.02
338.22 314.50
315.68 325.01
300.16 322.01
315.68 355.06
311.68 339.54
352.74 346.55
343.23 374.59
362.76 379.60
385.79 353.06
204.51 351.56
478.69 392.12
438.13 368.58
407.58 373.59
398.56 385.11
395.06 327.52
406.08 314.00
401.07 282.45
409.08 271.93
408.58 257.41
417.59 250.90
428.61 271.93
439.13 285.45
421.60 293.97
433.62 306.49
451.15 307.49
457.16 274.94
474.18 282.45
473.18 269.43
499.72 253.90
483.20 241.38
497.22 228.36
438.13 250.90
418.09 249.40
405.07 241.88
391.55 230.87
488.20 359.57
501.73 354.06
446.64 344.04
463.67 331.02
444.14 318.00
470.18 306.49
489.71 305.48
484.70 294.97
495.22 285.95
509.24 283.45
198.00 192.81
214.03 201.32
180.97 178.79
198.50 172.28
220.54 153.25
221.04 142.23
212.02 126.71
236.56 121.70
266.61 137.22
273.62 135.22
263.60 124.70
280.63 115.69
249.08 101.67
220.54 112.18
237.06 156.75
243.57 172.78
232.55 178.79
206.51 181.29
252.59 203.32
223.04 210.34
294.15 211.34
285.14 193.31
275.12 194.31
278.13 170.27
307.67 177.78
322.70 193.31
333.21 203.32
343.23 189.30
334.21 166.77
352.74 210.34
387.30 163.76
381.29 151.24
380.79 135.22
379.28 129.71
351.24 145.73
346.73 135.22
322.70 142.73
316.69 129.21
309.17 124.70
304.67 119.19
316.19 156.75
307.67 157.25
253.59 151.74
223.04 95.66
203.01 112.68
187.48 112.68
207.52 65.11
223.04 58.60
200.50 51.09
204.51 35.06
212.02 35.06
220.54 42.07
232.55 40.57
231.05 52.59
237.06 51.59
252.59 72.12
245.07 70.12
242.07 84.64
278.63 81.13
274.12 56.09
263.10 44.08
269.61 42.07
263.10 32.56
300.66 41.07
312.68 65.11
329.71 58.10
321.69 44.58
301.66 90.15
322.70 100.16
331.71 95.66
341.22 110.68
350.74 105.67
365.26 116.19
371.77 107.17
399.32 100.66
392.30 91.65
382.29 80.13
390.80 71.12
370.27 69.12
386.29 62.10
370.77 56.09
396.31 44.08
374.28 46.58
367.77 45.58
398.31 37.06
352.24 47.58
344.23 38.57
346.23 60.60
343.73 72.12
397.31 194.31
366.76 196.81
243.07 58.10
282.13 100.66
358.25 87.14
459.66 251.90
472.68 219.35
474.18 204.33
496.72 194.31
507.73 197.32
503.23 168.27
495.22 168.77
483.20 169.77
475.18 171.78
464.67 175.78
452.15 188.30
441.63 182.29
394.56 194.81
386.04 164.76
414.59 166.27
416.59 152.24
416.09 133.72
436.62 146.74
448.14 156.25
440.63 130.21
459.16 124.20
469.17 137.22
479.19 152.24
470.68 156.25
506.73 138.22
509.74 123.20
496.22 108.18
490.71 103.17
478.19 107.17
454.65 103.67
439.13 108.68
432.12 111.68
413.59 112.18
413.59 93.15
406.08 80.63
406.58 59.60
426.11 80.13
421.60 75.12
443.63 59.60
435.62 92.65
453.15 78.63
476.19 64.61
499.22 60.10
479.69 91.15
377.53 187.30
429.86 225.36
449.89 239.38
508.74 37.82
490.71 40.82
480.69 36.31
487.20 25.30
469.17 31.31
459.66 35.81
463.67 44.33
440.13 35.81
427.11 33.81
415.59 47.83
414.59 30.30
408.08 24.29
426.11 18.29
409.08 9.77
372.02 21.79
369.02 30.81
356.50 17.28
351.49 26.80
342.98 16.78
319.44 28.80
309.42 19.79
295.40 8.27
282.38 11.78
282.38 22.29
264.35 18.29
249.33 10.27
241.82 26.80
234.31 25.30
218.28 20.79
218.78 11.27
201.76 13.78
212.27 82.39
391.55 27.30
372.02 10.27
356.00 10.27
338.47 5.77
438.13 7.77
448.14 23.29
443.63 15.28
470.68 16.78
508.24 8.27
462.16 5.77
491.21 9.27
476.69 7.77
500.22 8.27
133.90 349.05
165.95 388.11
174.96 405.14
273.12 349.05
28.74 291.46
338.47 392.62
341.98 423.67
254.84 330.52
409.58 340.04
50.02 382.10
170.71 324.51
313.93 298.97
319.94 251.40
218.28 184.80
490.71 247.89
406.08 235.88
269.36 301.98
15.63 2.44
20.68 8.33
34.56 0.76
55.58 5.38
74.92 2.44
86.28 11.69
107.72 6.22
270.67 0.34
288.33 5.80
316.50 4.12
345.52 4.12
356.45 2.02
380.00 2.44
392.19 0.76
396.82 7.06
401.02 4.12
411.11 0.76
417.42 2.44
447.28 3.28
