45.91 605.87
84.14 607.11
92.15 584.29
140.86 600.32
2.75 496.74
5.21 552.85
18.16 547.30
28.03 540.51
40.98 548.53
53.31 573.19
8.91 579.98
116.82 588.61
126.07 566.41
143.33 550.38
143.33 527.57
589.36 564.56
601.07 551.61
604.77 546.06
549.28 588.61
563.46 551.00
520.91 591.69
480.22 592.93
470.97 594.16
402.53 602.79
187.33 598.47
202.75 589.84
226.80 588.61
303.87 591.69
346.42 577.51
313.74 567.64
387.11 576.28
417.32 578.74
404.99 566.41
403.14 583.06
384.03 559.63
268.11 583.06
234.20 570.73
208.91 563.33
245.91 549.76
300.79 525.72
329.77 534.35
356.90 531.27
394.51 521.40
410.54 526.95
453.09 535.58
435.82 552.85
445.07 548.53
453.09 563.95
459.25 544.21
477.75 528.18
497.48 558.40
500.57 547.30
444.45 584.29
148.49 598.47
159.59 602.79
152.19 549.76
158.97 575.66
157.74 536.20
147.87 530.03
157.12 515.23
190.42 505.37
200.28 495.50
241.59 499.82
277.36 495.50
298.32 505.37
334.08 502.29
369.85 509.68
393.28 502.90
440.14 508.45
453.70 497.35
485.15 505.37
516.60 509.68
541.88 506.60
581.34 502.29
552.36 493.65
603.54 508.45
598.60 475.16
581.96 478.24
537.56 471.46
543.11 478.24
528.93 483.79
514.13 488.10
496.87 488.72
484.53 473.92
493.78 480.09
561.61 478.24
550.51 465.29
569.62 467.14
593.67 460.36
250.11 605.57
94.00 496.89
43.13 503.06
23.40 470.68
5.83 453.73
16.31 441.09
32.96 453.73
40.98 462.05
42.52 472.23
64.41 476.54
101.71 481.78
106.64 485.79
112.19 461.44
116.51 469.45
121.75 474.38
128.53 483.63
129.46 498.12
152.89 498.12
162.75 486.10
175.70 484.25
153.81 480.24
146.11 479.32
141.79 475.00
172.62 464.83
184.33 471.61
200.67 475.62
221.02 490.42
212.08 502.13
227.50 492.27
226.88 547.45
223.80 563.79
113.73 560.09
91.85 563.48
43.75 563.17
25.56 560.71
224.72 478.70
213.93 470.68
193.89 463.59
203.45 466.99
200.98 454.96
216.40 459.28
226.57 457.43
223.80 448.18
217.01 439.86
200.37 442.94
195.74 452.80
189.58 446.02
176.63 452.80
159.36 447.56
152.27 454.96
132.85 455.89
95.54 453.73
89.69 460.20
66.26 458.04
74.58 448.49
65.64 442.01
50.84 454.04
29.88 425.36
34.50 432.15
43.13 429.99
45.29 416.42
50.22 427.21
61.63 430.91
63.17 409.33
67.49 429.06
62.56 420.43
73.04 418.58
119.90 431.84
176.63 442.01
187.42 434.00
182.48 441.09
1.51 421.05
411.09 504.19
423.57 504.78
385.55 543.10
380.50 551.12
308.32 549.34
546.83 587.80
546.24 545.03
428.02 556.91
310.70 492.31
298.22 490.82
298.52 480.73
280.10 479.83
256.93 483.99
240.00 476.27
234.36 470.03
229.31 470.63
236.44 464.69
255.45 467.36
270.30 463.80
278.91 460.53
308.91 467.95
333.57 477.76
345.15 489.04
372.18 484.88
392.38 488.15
415.25 490.82
417.62 479.83
436.93 475.68
417.33 462.01
409.61 463.80
412.87 454.59
400.69 455.78
398.62 447.46
411.68 447.46
440.20 466.47
432.48 452.81
441.68 449.84
437.82 440.33
424.16 446.27
407.53 443.60
406.04 433.20
416.73 436.17
429.51 428.15
437.82 425.48
426.54 419.84
415.55 424.29
396.24 420.73
394.75 434.39
387.33 429.64
380.50 431.72
387.33 424.29
407.82 417.46
409.61 410.92
433.96 406.17
379.31 472.41
368.62 465.87
382.87 462.61
383.76 452.81
368.91 455.78
357.03 446.86
347.53 454.88
358.52 460.53
354.95 468.84
344.26 471.52
329.71 457.85
323.17 467.36
318.72 465.28
313.37 463.80
317.23 453.70
319.61 445.38
302.38 452.51
297.03 440.63
297.03 438.25
297.33 434.39
307.73 437.95
326.44 444.19
338.32 444.19
348.72 437.36
365.05 438.85
337.13 433.20
328.22 434.39
320.79 434.09
315.15 432.90
302.68 431.72
282.78 432.90
286.04 441.22
285.15 444.49
284.56 450.73
267.63 444.49
272.97 441.22
276.54 437.95
266.74 435.28
270.00 433.20
261.98 428.45
248.02 431.12
243.27 439.44
249.21 440.63
255.75 441.22
231.39 438.85
227.23 432.90
216.84 431.72
210.60 430.83
204.96 435.87
203.47 421.32
213.27 423.99
221.89 421.32
233.17 425.78
235.85 415.68
246.24 422.21
268.82 415.08
280.70 419.24
271.49 425.48
253.67 418.35
233.17 410.92
245.35 409.74
289.31 426.67
285.75 415.08
301.79 417.76
308.02 415.08
305.05 407.95
311.29 407.66
317.23 421.32
332.68 419.54
323.47 417.46
357.03 428.45
370.10 434.09
372.48 424.59
377.82 422.81
385.25 418.35
371.88 410.33
360.60 411.82
365.35 405.88
371.88 403.50
372.18 398.45
355.84 402.61
347.82 415.38
334.46 411.52
327.63 413.30
322.28 408.25
322.87 404.69
309.51 398.75
326.14 401.42
338.32 408.25
331.78 404.98
457.43 468.25
453.56 478.35
471.39 485.48
480.30 484.29
520.99 477.16
498.42 475.38
501.98 477.16
495.74 466.17
482.97 457.26
466.04 464.98
464.55 458.75
464.55 453.70
457.72 448.94
448.81 459.93
468.42 446.57
456.83 437.95
448.81 439.74
473.47 438.55
474.65 432.90
461.58 431.72
447.33 428.75
453.86 421.32
444.36 413.30
464.85 411.82
482.67 430.83
473.76 415.97
460.69 418.05
482.67 414.49
488.61 417.46
500.49 425.78
493.66 428.75
490.69 425.48
512.97 438.25
512.38 443.30
506.44 450.73
512.97 455.18
524.26 460.53
542.67 451.62
533.46 440.63
525.15 444.19
538.51 431.12
529.60 429.64
519.80 429.04
511.19 422.51
512.38 407.66
508.22 413.90
529.90 417.16
543.86 422.81
546.83 418.05
554.26 424.59
551.58 435.28
555.15 459.34
564.65 456.37
564.36 449.54
557.52 441.22
569.11 440.33
559.01 430.83
571.48 433.80
570.59 454.29
589.01 447.46
605.64 446.86
607.42 435.28
595.54 422.51
583.96 420.13
579.50 424.59
575.64 426.96
565.84 426.67
559.60 410.92
549.80 411.82
540.00 409.74
536.43 405.58
558.71 395.18
573.56 399.34
575.34 393.10
584.85 404.09
579.80 407.66
599.70 406.77
590.79 408.55
600.00 417.16
585.44 436.77
576.53 431.12
575.64 413.90
593.76 415.97
527.23 399.93
503.76 396.37
494.55 407.95
491.29 382.11
474.06 385.08
430.40 375.58
420.89 397.56
431.88 397.26
411.09 393.70
447.62 401.72
440.20 400.53
439.90 405.58
452.67 396.07
450.89 379.44
472.57 374.39
461.58 374.39
504.36 380.63
515.05 385.68
523.66 388.35
585.30 373.95
176.60 426.52
161.45 424.14
150.76 420.88
143.63 422.06
134.42 430.38
124.62 426.82
129.67 417.31
139.47 420.28
141.85 411.67
124.92 411.07
116.90 409.59
109.47 407.51
99.08 411.67
94.03 403.35
88.68 406.91
77.99 401.27
40.26 405.43
37.89 397.41
28.09 394.44
25.12 405.73
34.62 386.12
44.42 393.55
56.30 393.25
55.71 387.01
70.26 390.28
62.24 393.25
63.14 386.12
59.27 383.75
52.44 380.78
40.26 386.12
31.95 374.24
45.61 374.24
36.40 374.84
185.21 422.06
178.08 415.83
177.79 411.67
162.64 411.96
155.51 411.67
155.81 404.84
153.43 400.68
143.63 396.52
130.26 405.43
121.35 402.76
114.52 400.68
101.45 401.87
108.88 396.52
109.17 392.36
130.56 395.33
161.45 393.55
175.41 392.36
179.87 401.87
188.78 402.16
198.88 401.87
201.55 396.52
208.97 415.23
212.24 406.32
201.85 404.84
194.72 407.81
189.07 411.67
184.92 408.99
219.37 404.84
215.51 401.27
211.05 397.41
206.30 396.82
221.75 396.52
209.87 393.25
214.32 389.98
230.06 394.14
259.77 403.94
268.68 396.52
263.03 391.17
256.80 395.33
255.90 392.06
252.93 387.01
246.40 397.41
237.19 389.09
246.99 390.28
243.43 384.04
224.72 386.12
216.40 384.34
207.49 386.12
206.00 383.15
203.93 387.31
195.01 387.01
189.37 384.04
183.73 388.50
182.84 386.42
179.27 382.86
150.16 386.42
155.21 385.83
144.52 387.91
132.64 384.04
130.86 384.04
119.87 380.18
127.00 376.62
111.55 380.78
104.12 376.62
96.70 373.95
258.58 378.99
269.57 376.62
258.28 369.49
251.75 372.46
85.71 393.55
85.12 384.94
77.10 384.04
75.91 377.51
82.14 379.59
98.48 390.13
101.45 383.00
94.92 383.60
90.76 378.25
88.38 378.25
1.65 394.74
4.62 386.12
13.53 394.44
16.80 387.61
12.94 381.96
4.92 363.25
18.88 360.28
22.15 365.33
24.23 367.71
29.87 364.44
21.25 378.10
41.16 365.63
17.39 373.65
53.63 373.65
55.71 367.71
69.37 377.21
75.61 372.16
70.86 368.60
64.62 371.57
75.02 360.58
0.46 362.51
7.18 599.40
55.27 593.23
92.27 541.44
394.71 380.97
409.50 376.65
375.59 392.99
366.34 379.12
374.05 378.20
379.60 376.96
382.07 372.95
359.87 380.97
353.39 380.97
345.69 376.96
334.28 382.51
340.14 389.60
331.81 392.38
332.43 401.01
331.20 393.92
314.55 394.84
315.47 389.60
298.83 392.38
288.65 392.99
286.80 397.62
286.19 402.86
283.10 406.87
275.40 397.31
277.55 393.92
276.94 388.06
279.71 383.74
237.17 395.15
267.07 382.51
296.05 382.51
324.11 378.81
329.66 372.65
308.38 376.65
305.61 378.20
302.53 370.18
231.31 369.56
415.67 372.34
424.61 378.20
437.56 371.72
449.28 370.18
422.15 368.33
403.96 376.04
398.41 378.20
378.06 401.01
381.14 415.81
395.63 405.94
418.75 404.71
410.43 402.86
404.88 401.01
399.33 398.85
385.15 399.47
387.31 408.10
294.20 404.71
303.76 402.55
147.14 373.11
153.93 373.11
186.61 371.88
195.85 371.88
202.02 370.64
173.04 368.79
165.02 379.27
167.49 369.41
141.59 366.33
133.58 366.33
128.03 368.79
118.78 370.64
115.70 374.96
107.68 368.79
89.18 369.41
94.12 363.86
97.20 366.33
79.93 366.33
86.10 362.01
81.17 357.69
85.48 354.61
95.35 357.69
99.66 353.38
96.58 352.14
105.83 350.91
110.15 350.29
113.23 357.69
123.10 356.46
124.33 349.06
132.96 356.46
144.68 358.93
149.61 354.61
139.74 351.53
140.98 346.59
157.63 353.38
158.86 364.48
165.64 362.01
172.42 354.61
182.91 353.38
182.29 365.09
184.14 368.79
179.21 360.78
530.67 372.49
546.70 382.36
547.93 371.88
572.59 365.09
579.38 367.56
559.03 363.86
551.01 363.86
553.48 374.96
562.11 373.72
542.38 363.24
539.92 367.56
526.35 366.33
522.65 367.56
515.87 368.18
510.94 374.96
508.47 366.33
501.69 366.33
496.14 370.64
485.04 368.18
489.35 358.93
497.37 358.93
516.48 358.93
527.58 360.16
523.27 360.16
507.24 356.46
513.40 354.61
459.14 363.24
464.07 367.56
469.01 355.84
469.62 365.09
446.81 356.46
473.32 363.86
441.26 366.33
427.08 362.01
410.43 363.24
364.18 371.88
370.35 368.79
354.94 370.64
361.72 367.56
359.87 367.56
350.00 367.56
341.99 367.56
338.29 374.96
333.36 373.11
332.12 366.33
333.97 362.01
338.90 362.01
324.11 367.56
316.09 372.49
311.16 370.64
306.84 363.86
313.01 360.16
311.77 363.24
322.26 358.93
326.57 363.24
318.56 365.09
309.92 366.33
292.04 371.88
279.09 374.96
277.24 366.33
269.85 366.33
286.49 366.33
282.18 357.69
270.46 360.78
264.91 363.86
259.36 363.86
250.11 365.09
240.25 364.48
240.87 357.69
241.48 360.78
235.32 363.24
231.00 360.16
226.07 363.24
219.90 358.93
216.20 360.16
201.40 360.16
193.39 360.16
190.92 364.48
189.69 360.78
177.97 346.59
185.37 349.06
174.27 347.21
165.64 344.74
160.09 343.51
156.39 344.74
73.15 351.53
237.78 342.28
245.80 345.98
252.58 345.98
227.92 350.91
221.13 350.29
213.74 349.06
210.04 355.23
205.10 350.29
196.47 353.38
303.14 354.61
297.59 355.84
294.51 342.90
280.33 343.51
274.16 350.91
324.11 342.28
318.56 346.59
317.94 349.06
304.38 350.91
316.71 353.38
309.92 354.61
357.40 349.06
357.40 353.38
354.32 360.16
346.92 359.54
342.60 355.84
337.67 354.61
327.81 350.91
332.12 353.38
385.77 347.21
406.73 345.98
419.06 357.69
407.96 357.69
412.90 358.93
397.48 363.24
403.65 367.56
395.01 366.33
385.77 364.48
378.98 363.24
375.28 363.24
370.97 363.24
370.35 358.93
363.57 362.01
366.03 353.38
371.58 352.14
377.75 354.61
356.79 358.93
351.85 354.61
349.39 349.06
340.75 349.06
334.59 345.98
354.32 342.90
295.74 350.29
288.34 350.29
287.73 354.61
283.41 350.91
271.08 347.83
268.00 346.59
262.45 357.69
245.80 357.69
254.43 354.61
251.35 351.53
242.72 351.53
258.13 349.06
263.06 349.06
231.00 354.61
226.07 354.61
197.09 347.83
387.00 357.69
391.32 354.61
380.83 360.16
390.70 359.54
396.86 359.54
401.80 358.93
399.95 351.53
396.86 351.53
393.78 355.23
420.91 352.14
409.81 351.53
418.45 353.38
430.78 355.23
424.61 354.61
426.46 350.29
469.01 345.98
308.69 344.74
161.94 505.06
95.97 421.20
85.48 416.89
91.65 428.60
104.60 432.30
111.38 415.04
103.36 413.80
25.60 351.80
3.61 355.89
22.02 355.89
36.86 356.40
48.11 358.45
52.71 357.43
61.92 352.82
66.52 356.91
64.48 361.01
48.62 346.69
48.11 352.82
