886.75 593.81
867.02 564.22
839.27 563.60
831.25 553.74
837.42 605.53
815.84 604.30
805.97 597.51
793.02 605.53
690.67 607.38
690.67 584.57
1011.30 545.10
973.07 550.65
1014.38 567.92
1000.82 580.25
987.87 605.53
950.26 583.95
963.20 584.57
930.53 532.16
588.09 606.76
533.21 582.72
504.23 591.35
477.10 588.27
439.49 578.40
423.46 583.95
681.81 606.76
676.26 593.20
686.13 587.03
676.88 572.23
643.58 562.37
633.72 552.50
592.41 556.82
556.64 552.50
535.68 562.37
499.92 559.29
464.15 566.68
440.72 559.90
1011.05 512.89
967.89 527.99
992.24 538.78
954.32 536.93
952.47 485.14
920.97 523.06
859.62 546.80
878.73 518.74
862.70 516.59
880.58 531.69
879.96 539.40
857.77 534.78
854.38 537.55
931.45 508.57
953.34 524.29
961.36 522.44
963.51 516.59
953.03 513.50
936.38 497.78
919.73 508.57
976.46 510.11
1008.52 526.45
1016.85 480.82
989.41 486.37
999.28 502.71
974.61 493.77
923.43 472.50
925.90 488.53
922.20 463.87
933.30 455.85
955.81 458.32
740.00 553.89
790.87 560.06
810.60 527.68
845.13 519.05
828.17 510.73
838.04 501.17
817.69 498.09
801.04 510.73
793.02 519.05
791.48 529.23
769.59 533.54
732.29 538.78
727.36 542.79
721.81 518.44
717.49 526.45
712.25 531.38
705.47 540.63
704.54 555.12
681.11 555.12
671.25 543.10
658.30 541.25
680.19 537.24
687.89 536.32
692.21 532.00
661.38 521.83
649.67 528.61
633.33 532.62
612.98 547.42
621.92 559.13
606.50 549.27
607.12 604.45
609.28 535.70
620.07 527.68
640.11 520.59
630.55 523.99
633.02 511.96
617.60 516.28
607.43 514.43
610.20 505.18
616.99 496.86
633.63 499.94
638.26 509.80
644.42 503.02
657.37 509.80
674.64 504.56
681.73 511.96
701.15 512.89
738.46 510.73
744.31 517.20
767.74 515.04
759.42 505.49
768.36 499.01
783.16 511.04
804.12 482.36
799.50 489.15
790.87 486.99
788.71 473.42
783.78 484.21
772.37 487.91
770.83 466.33
766.51 486.06
771.44 477.43
760.96 475.58
714.10 488.84
657.37 499.01
646.58 491.00
651.52 498.09
832.49 478.05
845.74 491.00
843.59 480.52
422.91 561.19
448.45 600.10
525.68 606.34
523.30 549.31
535.78 547.82
535.48 537.73
553.90 536.83
577.07 540.99
594.00 533.27
599.64 527.03
604.69 527.63
597.56 521.69
578.55 524.36
563.70 520.80
555.09 517.53
525.09 524.95
500.43 534.76
488.85 546.04
461.82 541.88
441.62 545.15
418.75 547.82
416.38 536.83
416.67 519.01
424.39 520.80
421.13 511.59
433.31 512.78
435.38 504.46
422.32 504.46
426.47 500.60
427.96 490.20
417.27 493.17
418.45 481.29
437.76 477.73
439.25 491.39
446.67 486.64
453.50 488.72
446.67 481.29
426.18 474.46
424.39 467.92
454.69 529.41
465.38 522.87
451.13 519.61
450.24 509.81
465.09 512.78
476.97 503.86
486.47 511.88
475.48 517.53
479.05 525.84
489.74 528.52
504.29 514.85
510.83 524.36
515.28 522.28
520.63 520.80
516.77 510.70
514.39 502.38
531.62 509.51
536.97 497.63
536.97 495.25
536.67 491.39
526.27 494.95
507.56 501.19
495.68 501.19
485.28 494.36
468.95 495.85
496.87 490.20
505.78 491.39
513.21 491.09
518.85 489.90
531.32 488.72
551.22 489.90
547.96 498.22
548.85 501.49
549.44 507.73
566.37 501.49
561.03 498.22
557.46 494.95
567.26 492.28
564.00 490.20
572.02 485.45
585.98 488.12
590.73 496.44
584.79 497.63
578.25 498.22
602.61 495.85
606.77 489.90
617.16 488.72
623.40 487.83
629.04 492.87
630.53 478.32
620.73 480.99
612.11 478.32
600.83 482.78
598.15 472.68
587.76 479.21
565.18 472.08
553.30 476.24
562.51 482.48
580.33 475.35
600.83 467.92
588.65 466.74
544.69 483.67
548.25 472.08
532.21 474.76
525.98 472.08
528.95 464.95
522.71 464.66
516.77 478.32
501.32 476.54
510.53 474.46
476.97 485.45
463.90 491.09
461.52 481.59
456.18 479.81
448.75 475.35
462.12 467.33
473.40 468.82
468.65 462.88
462.12 460.50
461.82 455.45
478.16 459.61
486.18 472.38
499.54 468.52
506.37 470.30
511.72 465.25
511.13 461.69
524.49 455.75
507.86 458.42
495.68 465.25
502.22 461.98
422.91 450.70
657.40 483.52
672.55 481.14
683.24 477.88
690.37 479.06
699.58 487.38
709.38 483.82
704.33 474.31
694.53 477.28
692.15 468.67
709.08 468.07
717.10 466.59
724.53 464.51
734.92 468.67
739.97 460.35
745.32 463.91
756.01 458.27
793.74 462.43
796.11 454.41
805.91 451.44
808.88 462.73
799.38 443.12
789.58 450.55
777.70 450.25
778.29 444.01
763.74 447.28
771.76 450.25
770.86 443.12
774.73 440.75
781.56 437.78
793.74 443.12
802.05 431.24
788.39 431.24
797.60 431.84
648.79 479.06
655.92 472.83
656.21 468.67
671.36 468.96
678.49 468.67
678.19 461.84
680.57 457.68
690.37 453.52
703.74 462.43
712.65 459.76
719.48 457.68
732.55 458.87
725.12 453.52
724.83 449.36
703.44 452.33
672.55 450.55
658.59 449.36
654.13 458.87
645.22 459.16
635.12 458.87
632.45 453.52
625.03 472.23
621.76 463.32
632.15 461.84
639.28 464.81
644.93 468.67
649.08 465.99
614.63 461.84
618.49 458.27
622.95 454.41
627.70 453.82
612.25 453.52
624.13 450.25
619.68 446.98
603.94 451.14
574.23 460.94
565.32 453.52
570.97 448.17
577.20 452.33
578.10 449.06
581.07 444.01
587.60 454.41
596.81 446.09
587.01 447.28
590.57 441.04
609.28 443.12
617.60 441.34
626.51 443.12
628.00 440.15
630.07 444.31
638.99 444.01
644.63 441.04
650.27 445.50
651.16 443.42
654.73 439.86
683.84 443.42
678.79 442.83
689.48 444.91
701.36 441.04
703.14 441.04
714.13 437.18
707.00 433.62
722.45 437.78
729.88 433.62
737.30 430.95
575.42 435.99
564.43 433.62
575.72 426.49
582.25 429.46
748.29 450.55
748.88 441.94
756.90 441.04
758.09 434.51
751.86 436.59
735.52 447.13
732.55 440.00
739.08 440.60
743.24 435.25
745.62 435.25
837.99 456.49
844.82 440.15
832.35 451.74
829.38 443.12
820.47 451.44
817.20 444.61
821.06 438.96
884.03 461.54
886.70 448.47
891.75 448.77
886.70 440.45
892.64 435.40
884.92 431.24
838.59 433.92
846.90 421.44
829.08 420.25
815.12 417.28
811.85 422.33
809.77 424.71
804.13 421.44
812.75 435.10
792.84 422.63
816.61 430.65
780.37 430.65
778.29 424.71
764.63 434.21
758.39 429.16
763.14 425.60
769.38 428.57
758.98 417.58
888.78 443.27
884.03 436.14
892.35 424.26
884.63 421.29
884.03 415.35
890.57 410.60
893.54 415.35
892.35 417.73
841.26 414.76
833.54 419.51
838.29 423.67
841.26 419.51
846.01 431.98
741.73 598.44
439.29 437.97
424.50 433.65
458.41 449.99
467.66 436.12
459.95 435.20
454.40 433.96
451.93 429.95
474.13 437.97
480.61 437.97
488.31 433.96
499.72 439.51
493.86 446.60
502.19 449.38
501.57 458.01
502.80 450.92
519.45 451.84
518.53 446.60
535.17 449.38
545.35 449.99
547.20 454.62
547.81 459.86
550.90 463.87
558.60 454.31
556.45 450.92
557.06 445.06
554.29 440.74
596.83 452.15
566.93 439.51
537.95 439.51
509.89 435.81
504.34 429.65
525.62 433.65
528.39 435.20
531.47 427.18
602.69 426.56
418.33 429.34
430.04 433.04
435.59 435.20
455.94 458.01
452.86 472.81
438.37 462.94
423.57 459.86
429.12 458.01
434.67 455.85
448.85 456.47
446.69 465.10
539.80 461.71
530.24 459.55
686.86 430.11
680.07 430.11
647.39 428.88
638.15 428.88
631.98 427.64
660.96 425.79
668.98 436.27
666.51 426.41
692.41 423.33
700.42 423.33
705.97 425.79
715.22 427.64
718.30 431.96
726.32 425.79
744.82 426.41
739.88 420.86
736.80 423.33
754.07 423.33
747.90 419.01
752.83 414.69
748.52 411.61
738.65 414.69
734.34 410.38
737.42 409.14
728.17 407.91
723.85 407.29
720.77 414.69
710.90 413.46
709.67 406.06
701.04 413.46
689.32 415.93
684.39 411.61
694.26 408.53
693.02 403.59
676.37 410.38
675.14 421.48
668.36 419.01
661.58 411.61
651.09 410.38
651.71 422.09
649.86 425.79
654.79 417.78
423.57 420.24
469.82 428.88
463.65 425.79
479.06 427.64
472.28 424.56
474.13 424.56
484.00 424.56
492.01 424.56
495.71 431.96
500.64 430.11
501.88 423.33
500.03 419.01
495.10 419.01
509.89 424.56
517.91 429.49
522.84 427.64
527.16 420.86
520.99 417.16
522.23 420.24
511.74 415.93
507.43 420.24
515.44 422.09
524.08 423.33
541.96 428.88
554.91 431.96
556.76 423.33
564.15 423.33
547.51 423.33
551.82 414.69
563.54 417.78
569.09 420.86
574.64 420.86
583.89 422.09
593.75 421.48
593.13 414.69
592.52 417.78
598.68 420.24
603.00 417.16
607.93 420.24
614.10 415.93
617.80 417.16
632.60 417.16
640.61 417.16
643.08 421.48
644.31 417.78
656.03 403.59
648.63 406.06
659.73 404.21
668.36 401.74
673.91 400.51
677.61 401.74
760.85 408.53
596.22 399.28
588.20 402.98
581.42 402.98
606.08 407.91
612.87 407.29
620.26 406.06
623.96 412.23
628.90 407.29
637.53 410.38
530.86 411.61
536.41 412.84
539.49 399.90
553.67 400.51
559.84 407.91
509.89 399.28
515.44 403.59
516.06 406.06
529.62 407.91
517.29 410.38
524.08 411.61
476.60 406.06
476.60 410.38
479.68 417.16
487.08 416.54
491.40 412.84
496.33 411.61
506.19 407.91
501.88 410.38
448.23 404.21
427.27 402.98
426.04 414.69
421.10 415.93
436.52 420.24
430.35 424.56
438.99 423.33
448.23 421.48
455.02 420.24
458.72 420.24
463.03 420.24
463.65 415.93
470.43 419.01
467.97 410.38
462.42 409.14
456.25 411.61
477.21 415.93
482.15 411.61
484.61 406.06
493.25 406.06
499.41 402.98
479.68 399.90
538.26 407.29
545.66 407.29
546.27 411.61
550.59 407.91
562.92 404.83
566.00 403.59
571.55 414.69
588.20 414.69
579.57 411.61
582.65 408.53
591.28 408.53
575.87 406.06
570.94 406.06
603.00 411.61
607.93 411.61
636.91 404.83
447.00 414.69
442.68 411.61
453.17 417.16
443.30 416.54
437.14 416.54
432.20 415.93
434.05 408.53
437.14 408.53
440.22 412.23
424.19 408.53
525.31 401.74
672.06 562.06
738.03 478.20
748.52 473.89
742.35 485.60
729.40 489.30
722.62 472.04
730.64 470.80
808.40 408.80
830.39 412.89
811.98 412.89
797.14 413.40
785.89 415.45
781.29 414.43
772.08 409.82
767.48 413.91
769.52 418.01
785.38 403.69
785.89 409.82
