31.36 582.19
154.68 596.99
155.91 577.87
173.79 600.69
227.43 596.99
194.14 579.11
202.15 556.29
250.86 572.32
61.57 588.97
81.30 566.16
58.49 532.25
80.07 537.79
88.70 566.77
57.25 508.81
76.98 479.22
104.73 478.60
112.75 468.74
94.25 524.85
115.21 524.85
106.58 520.53
128.16 519.30
138.03 512.51
150.98 520.53
163.31 545.19
118.91 551.98
226.82 560.61
236.07 538.41
253.33 522.38
253.33 499.57
13.47 447.16
583.43 599.45
577.27 599.45
598.23 588.36
590.22 564.93
580.97 566.16
512.53 574.79
297.33 592.67
297.33 570.47
312.75 561.84
336.80 560.61
384.89 588.36
402.77 583.42
413.87 563.69
434.84 584.04
456.42 549.51
423.74 539.64
497.11 548.28
527.32 550.74
514.99 538.41
513.14 555.06
494.03 531.63
378.11 555.06
344.20 542.73
318.91 535.33
355.91 521.76
410.79 497.72
439.77 506.35
466.90 503.27
504.51 493.40
520.54 498.95
563.09 507.58
545.82 524.85
555.07 520.53
563.09 535.95
569.25 516.21
587.75 500.18
607.48 530.40
554.45 556.29
258.49 570.47
269.59 574.79
262.19 521.76
268.97 547.66
267.74 508.20
257.87 502.03
267.12 487.23
300.42 477.37
310.28 467.50
351.59 471.82
387.36 467.50
408.32 477.37
444.08 474.29
479.85 481.68
503.28 474.90
550.14 480.45
563.70 469.35
595.15 477.37
606.87 460.72
594.53 445.92
603.78 452.09
350.25 596.06
360.11 577.57
23.03 438.06
84.38 461.80
65.27 433.74
81.30 431.59
63.42 446.69
64.04 454.40
86.23 449.78
89.62 452.55
12.55 423.57
7.62 412.78
24.27 423.57
20.57 387.50
18.10 403.53
21.80 378.87
10.70 370.85
204.00 468.89
153.13 475.06
133.40 442.68
98.87 434.05
115.83 425.73
105.96 416.17
126.31 413.09
142.96 425.73
150.98 434.05
152.52 444.23
174.41 448.54
211.71 453.78
216.64 457.79
222.19 433.44
226.51 441.45
231.75 446.38
238.53 455.63
239.46 470.12
262.89 470.12
272.75 458.10
285.70 456.25
263.81 452.24
256.11 451.32
251.79 447.00
282.62 436.83
294.33 443.61
310.67 447.62
331.02 462.42
322.08 474.13
337.50 464.27
336.88 519.45
333.80 535.79
223.73 532.09
201.85 535.48
153.75 535.17
135.56 532.71
334.72 450.70
323.93 442.68
303.89 435.59
313.45 438.99
310.98 426.96
326.40 431.28
336.57 429.43
333.80 420.18
327.01 411.86
310.37 414.94
305.74 424.80
299.58 418.02
286.63 424.80
269.36 419.56
262.27 426.96
242.85 427.89
205.54 425.73
199.69 432.20
176.26 430.04
184.58 420.49
175.64 414.01
160.84 426.04
139.88 397.36
144.50 404.15
153.13 401.99
155.29 388.42
160.22 399.21
171.63 402.91
173.17 381.33
177.49 401.06
172.56 392.43
183.04 390.58
229.90 403.84
286.63 414.01
297.42 406.00
292.48 413.09
111.51 393.05
98.26 406.00
100.41 395.52
521.09 476.19
533.57 476.78
495.55 515.10
490.50 523.12
418.32 521.34
538.02 528.91
420.70 464.31
408.22 462.82
408.52 452.73
390.10 451.83
366.93 455.99
350.00 448.27
344.36 442.03
339.31 442.63
346.44 436.69
365.45 439.36
380.30 435.80
388.91 432.53
418.91 439.95
443.57 449.76
455.15 461.04
482.18 456.88
502.38 460.15
525.25 462.82
527.62 451.83
546.93 447.68
527.33 434.01
519.61 435.80
522.87 426.59
510.69 427.78
508.62 419.46
521.68 419.46
550.20 438.47
542.48 424.81
551.68 421.84
547.82 412.33
534.16 418.27
517.53 415.60
516.04 405.20
526.73 408.17
539.51 400.15
547.82 397.48
536.54 391.84
525.55 396.29
506.24 392.73
504.75 406.39
497.33 401.64
490.50 403.72
497.33 396.29
517.82 389.46
519.61 382.92
543.96 378.17
489.31 444.41
478.62 437.87
492.87 434.61
493.76 424.81
478.91 427.78
467.03 418.86
457.53 426.88
468.52 432.53
464.95 440.84
454.26 443.52
439.71 429.85
433.17 439.36
428.72 437.28
423.37 435.80
427.23 425.70
429.61 417.38
412.38 424.51
407.03 412.63
407.03 410.25
407.33 406.39
417.73 409.95
436.44 416.19
448.32 416.19
458.72 409.36
475.05 410.85
447.13 405.20
438.22 406.39
430.79 406.09
425.15 404.90
412.68 403.72
392.78 404.90
396.04 413.22
395.15 416.49
394.56 422.73
377.63 416.49
382.97 413.22
386.54 409.95
376.74 407.28
380.00 405.20
371.98 400.45
358.02 403.12
353.27 411.44
359.21 412.63
365.75 413.22
341.39 410.85
337.23 404.90
326.84 403.72
320.60 402.83
314.96 407.87
313.47 393.32
323.27 395.99
331.89 393.32
343.17 397.78
345.85 387.68
356.24 394.21
378.82 387.08
390.70 391.24
381.49 397.48
363.67 390.35
343.17 382.92
355.35 381.74
399.31 398.67
395.75 387.08
411.79 389.76
418.02 387.08
415.05 379.95
421.29 379.66
427.23 393.32
442.68 391.54
433.47 389.46
467.03 400.45
480.10 406.09
482.48 396.59
487.82 394.81
495.25 390.35
481.88 382.33
470.60 383.82
475.35 377.88
481.88 375.50
482.18 370.45
465.84 374.61
457.82 387.38
444.46 383.52
437.63 385.30
432.28 380.25
432.87 376.69
419.51 370.75
436.14 373.42
448.32 380.25
441.78 376.98
567.43 440.25
563.56 450.35
581.39 457.48
590.30 456.29
605.74 438.17
592.97 429.26
576.04 436.98
574.55 430.75
574.55 425.70
567.72 420.94
558.81 431.93
578.42 418.57
566.83 409.95
558.81 411.74
583.47 410.55
584.65 404.90
571.58 403.72
557.33 400.75
563.86 393.32
554.36 385.30
574.85 383.82
592.67 402.83
583.76 387.97
570.69 390.05
592.67 386.49
598.61 389.46
603.66 400.75
600.69 397.48
604.55 379.95
601.29 354.11
584.06 357.08
540.40 347.58
530.89 369.56
541.88 369.26
521.09 365.70
557.62 373.72
550.20 372.53
549.90 377.58
562.67 368.07
560.89 351.44
582.57 346.39
571.58 346.39
286.60 398.52
271.45 396.14
260.76 392.88
253.63 394.06
244.42 402.38
234.62 398.82
239.67 389.31
249.47 392.28
251.85 383.67
234.92 383.07
226.90 381.59
219.47 379.51
209.08 383.67
204.03 375.35
198.68 378.91
187.99 373.27
150.26 377.43
147.89 369.41
138.09 366.44
135.12 377.73
144.62 358.12
154.42 365.55
166.30 365.25
165.71 359.01
180.26 362.28
172.24 365.25
173.14 358.12
169.27 355.75
162.44 352.78
150.26 358.12
141.95 346.24
155.61 346.24
146.40 346.84
295.21 394.06
288.08 387.83
287.79 383.67
272.64 383.96
265.51 383.67
265.81 376.84
263.43 372.68
253.63 368.52
240.26 377.43
231.35 374.76
224.52 372.68
211.45 373.87
218.88 368.52
219.17 364.36
240.56 367.33
271.45 365.55
285.41 364.36
289.87 373.87
298.78 374.16
308.88 373.87
311.55 368.52
318.97 387.23
322.24 378.32
311.85 376.84
304.72 379.81
299.07 383.67
294.92 380.99
329.37 376.84
325.51 373.27
321.05 369.41
316.30 368.82
331.75 368.52
319.87 365.25
324.32 361.98
340.06 366.14
369.77 375.94
378.68 368.52
373.03 363.17
366.80 367.33
365.90 364.06
362.93 359.01
356.40 369.41
347.19 361.09
356.99 362.28
353.43 356.04
334.72 358.12
326.40 356.34
317.49 358.12
316.00 355.15
313.93 359.31
305.01 359.01
299.37 356.04
293.73 360.50
292.84 358.42
289.27 354.86
260.16 358.42
265.21 357.83
254.52 359.91
242.64 356.04
240.86 356.04
229.87 352.18
237.00 348.62
221.55 352.78
214.12 348.62
206.70 345.95
368.58 350.99
379.57 348.62
368.28 341.49
361.75 344.46
195.71 365.55
195.12 356.94
187.10 356.04
185.91 349.51
192.14 351.59
208.48 362.13
211.45 355.00
204.92 355.60
200.76 350.25
198.38 350.25
106.01 371.49
99.18 355.15
111.65 366.74
114.62 358.12
123.53 366.44
126.80 359.61
122.94 353.96
59.97 376.54
57.30 363.47
52.25 363.77
57.30 355.45
51.36 350.40
59.08 346.24
105.41 348.92
97.10 336.44
114.92 335.25
128.88 332.28
132.15 337.33
134.23 339.71
139.87 336.44
131.25 350.10
151.16 337.63
127.39 345.65
163.63 345.65
165.71 339.71
179.37 349.21
185.61 344.16
180.86 340.60
174.62 343.57
185.02 332.58
55.22 358.27
59.97 351.14
51.65 339.26
59.37 336.29
59.97 330.35
53.43 325.60
50.46 330.35
51.65 332.73
102.74 329.76
110.46 334.51
105.71 338.67
102.74 334.51
97.99 346.98
117.18 571.40
165.27 565.23
202.27 513.44
498.23 594.83
479.73 587.43
520.43 584.96
196.10 598.53
504.71 352.97
519.50 348.65
485.59 364.99
476.34 351.12
484.05 350.20
489.60 348.96
492.07 344.95
469.87 352.97
463.39 352.97
455.69 348.96
444.28 354.51
450.14 361.60
441.81 364.38
442.43 373.01
441.20 365.92
424.55 366.84
425.47 361.60
408.83 364.38
398.65 364.99
396.80 369.62
396.19 374.86
393.10 378.87
385.40 369.31
387.55 365.92
386.94 360.06
389.71 355.74
347.17 367.15
377.07 354.51
406.05 354.51
434.11 350.81
439.66 344.65
418.38 348.65
415.61 350.20
412.53 342.18
341.31 341.56
525.67 344.34
534.61 350.20
547.56 343.72
559.28 342.18
532.15 340.33
513.96 348.04
508.41 350.20
488.06 373.01
491.14 387.81
505.63 377.94
528.75 376.71
520.43 374.86
514.88 373.01
509.33 370.85
495.15 371.47
497.31 380.10
404.20 376.71
413.76 374.55
257.14 345.11
263.93 345.11
296.61 343.88
305.85 343.88
312.02 342.64
283.04 340.79
275.02 351.27
277.49 341.41
251.59 338.33
243.58 338.33
238.03 340.79
228.78 342.64
225.70 346.96
217.68 340.79
199.18 341.41
204.12 335.86
207.20 338.33
189.93 338.33
196.10 334.01
191.17 329.69
195.48 326.61
205.35 329.69
209.66 325.38
206.58 324.14
215.83 322.91
220.15 322.29
223.23 329.69
233.10 328.46
234.33 321.06
242.96 328.46
254.68 330.93
259.61 326.61
249.74 323.53
250.98 318.59
267.63 325.38
268.86 336.48
275.64 334.01
282.42 326.61
292.91 325.38
292.29 337.09
294.14 340.79
289.21 332.78
606.14 342.64
595.04 340.18
599.35 330.93
607.37 330.93
569.14 335.24
574.07 339.56
579.01 327.84
579.62 337.09
556.81 328.46
583.32 335.86
551.26 338.33
537.08 334.01
520.43 335.24
474.18 343.88
480.35 340.79
464.94 342.64
471.72 339.56
469.87 339.56
460.00 339.56
451.99 339.56
448.29 346.96
443.36 345.11
442.12 338.33
443.97 334.01
448.90 334.01
434.11 339.56
426.09 344.49
421.16 342.64
416.84 335.86
423.01 332.16
421.77 335.24
432.26 330.93
436.57 335.24
428.56 337.09
419.92 338.33
402.04 343.88
389.09 346.96
387.24 338.33
379.85 338.33
396.49 338.33
392.18 329.69
380.46 332.78
374.91 335.86
369.36 335.86
360.11 337.09
350.25 336.48
350.87 329.69
351.48 332.78
345.32 335.24
341.00 332.16
336.07 335.24
329.90 330.93
326.20 332.16
311.40 332.16
303.39 332.16
300.92 336.48
299.69 332.78
287.97 318.59
295.37 321.06
284.27 319.21
275.64 316.74
270.09 315.51
266.39 316.74
183.15 323.53
347.78 314.28
355.80 317.98
362.58 317.98
337.92 322.91
331.13 322.29
323.74 321.06
320.04 327.23
315.10 322.29
306.47 325.38
413.14 326.61
407.59 327.84
404.51 314.90
390.33 315.51
384.16 322.91
434.11 314.28
428.56 318.59
427.94 321.06
414.38 322.91
426.71 325.38
419.92 326.61
467.40 321.06
467.40 325.38
464.32 332.16
456.92 331.54
452.60 327.84
447.67 326.61
437.81 322.91
442.12 325.38
495.77 319.21
516.73 317.98
529.06 329.69
517.96 329.69
522.90 330.93
507.48 335.24
513.65 339.56
505.01 338.33
495.77 336.48
488.98 335.24
485.28 335.24
480.97 335.24
480.35 330.93
473.57 334.01
476.03 325.38
481.58 324.14
487.75 326.61
466.79 330.93
461.85 326.61
459.39 321.06
450.75 321.06
444.59 317.98
464.32 314.90
405.74 322.29
398.34 322.29
397.73 326.61
393.41 322.91
381.08 319.83
378.00 318.59
372.45 329.69
355.80 329.69
364.43 326.61
361.35 323.53
352.72 323.53
368.13 321.06
373.06 321.06
341.00 326.61
336.07 326.61
307.09 319.83
497.00 329.69
501.32 326.61
490.83 332.16
500.70 331.54
506.86 331.54
511.80 330.93
509.95 323.53
506.86 323.53
503.78 327.23
530.91 324.14
519.81 323.53
528.45 325.38
540.78 327.23
534.61 326.61
536.46 322.29
579.01 317.98
418.69 316.74
271.94 477.06
205.97 393.20
195.48 388.89
201.65 400.60
214.60 404.30
221.38 387.04
213.36 385.80
135.60 323.80
113.61 327.89
132.02 327.89
146.86 328.40
158.11 330.45
162.71 329.43
171.92 324.82
176.52 328.91
174.48 333.01
158.62 318.69
158.11 324.82
