4.20 589.92
22.70 581.29
33.80 590.53
54.15 588.68
38.73 574.50
47.98 561.55
20.24 549.84
8.52 549.84
14.69 541.82
4.82 515.93
31.33 541.82
46.13 542.44
52.91 538.12
56.61 564.02
63.40 565.87
70.80 560.32
89.91 563.40
322.98 586.22
350.73 585.60
358.75 575.74
499.33 606.57
139.24 567.10
109.64 572.65
113.34 551.69
129.99 546.14
150.95 561.55
178.70 567.10
216.93 572.65
175.62 589.92
189.18 602.25
239.74 605.95
226.80 606.57
259.47 554.16
513.12 594.23
546.42 584.37
556.28 574.50
597.59 578.82
31.28 519.78
27.27 524.40
18.95 500.67
60.26 511.76
71.36 500.36
97.25 513.92
96.64 496.04
107.43 510.53
111.44 524.10
103.11 528.41
98.18 541.36
83.07 542.59
66.12 531.50
58.10 526.56
84.61 529.95
133.63 536.43
142.88 515.46
178.95 534.89
222.11 549.99
197.76 560.78
235.68 558.93
237.53 507.14
269.03 545.06
330.38 568.80
311.27 540.74
327.30 538.59
309.42 553.69
310.04 561.40
332.23 556.78
335.62 559.55
258.55 530.57
236.66 546.29
228.64 544.44
226.49 538.59
236.97 535.50
253.62 519.78
270.27 530.57
213.54 532.11
181.48 548.45
158.04 547.22
142.63 554.62
160.20 518.24
173.15 502.82
200.59 508.37
190.72 524.71
215.39 515.77
266.57 494.50
264.10 510.53
267.80 485.87
256.70 477.85
234.19 480.32
150.34 504.98
129.37 495.12
115.81 510.22
142.32 491.72
21.72 468.29
6.00 480.32
1.37 490.49
51.93 485.25
39.60 480.32
63.96 471.07
78.14 470.45
73.21 466.44
72.28 459.97
61.49 460.89
47.00 462.44
39.91 466.14
31.89 472.92
0.45 468.60
71.66 478.16
64.88 476.62
52.24 469.53
46.08 471.07
50.70 475.38
55.02 474.46
33.74 467.99
35.29 458.43
22.95 455.04
5.69 447.64
10.93 430.07
25.11 433.46
29.12 446.40
27.89 451.95
36.52 439.31
32.82 441.47
42.38 439.93
75.98 444.86
69.51 445.48
66.12 447.33
82.15 439.01
88.00 447.33
146.27 472.30
150.28 465.83
139.80 462.44
132.40 460.28
129.93 460.59
115.75 457.81
122.84 457.20
141.34 457.20
152.13 453.50
143.81 449.80
133.32 442.09
124.38 453.80
119.76 442.71
115.13 437.77
123.15 435.92
136.41 433.76
126.85 442.71
149.66 435.31
144.42 440.55
138.87 443.32
135.17 455.04
111.74 433.46
152.44 440.86
450.00 575.89
399.13 582.06
379.40 549.68
344.87 541.05
361.83 532.73
351.96 523.17
372.31 520.09
388.96 532.73
396.98 541.05
398.52 551.23
420.41 555.54
457.71 560.78
462.64 564.79
468.19 540.44
472.51 548.45
477.75 553.38
484.53 562.63
485.46 577.12
508.89 577.12
518.75 565.10
531.70 563.25
509.81 559.24
502.11 558.32
497.79 554.00
528.62 543.83
540.33 550.61
556.67 554.62
577.02 569.42
568.08 581.13
583.50 571.27
580.72 557.70
569.93 549.68
549.89 542.59
559.45 545.99
556.98 533.96
572.40 538.28
582.57 536.43
579.80 527.18
573.01 518.86
556.37 521.94
551.74 531.80
545.58 525.02
532.63 531.80
515.36 526.56
508.27 533.96
488.85 534.89
451.54 532.73
445.69 539.20
422.26 537.04
430.58 527.49
421.64 521.01
406.84 533.04
385.88 504.36
390.50 511.15
399.13 508.99
401.29 495.42
406.22 506.21
417.63 509.91
419.17 488.33
423.49 508.06
418.56 499.43
429.04 497.58
475.90 510.84
532.63 521.01
543.42 513.00
538.48 520.09
357.51 500.05
344.26 513.00
346.41 502.52
596.00 555.27
590.36 549.03
585.31 549.63
592.44 543.69
604.02 510.12
599.27 518.44
605.21 519.63
587.39 517.85
583.23 511.90
572.84 510.72
566.60 509.83
560.96 514.87
559.47 500.32
569.27 502.99
577.89 500.32
589.17 504.78
591.85 494.68
602.24 501.21
589.17 489.92
601.35 488.74
532.60 505.52
517.45 503.14
506.76 499.88
499.63 501.06
490.42 509.38
480.62 505.82
485.67 496.31
495.47 499.28
497.85 490.67
480.92 490.07
472.90 488.59
465.47 486.51
455.08 490.67
450.03 482.35
444.68 485.91
433.99 480.27
396.26 484.43
393.89 476.41
384.09 473.44
381.12 484.73
390.62 465.12
400.42 472.55
412.30 472.25
411.71 466.01
426.26 469.28
418.24 472.25
419.14 465.12
415.27 462.75
408.44 459.78
396.26 465.12
387.95 453.24
401.61 453.24
392.40 453.84
541.21 501.06
534.08 494.83
533.79 490.67
518.64 490.96
511.51 490.67
511.81 483.84
509.43 479.68
499.63 475.52
486.26 484.43
477.35 481.76
470.52 479.68
457.45 480.87
464.88 475.52
465.17 471.36
486.56 474.33
517.45 472.55
531.41 471.36
535.87 480.87
544.78 481.16
554.88 480.87
557.55 475.52
564.97 494.23
568.24 485.32
557.85 483.84
550.72 486.81
545.07 490.67
540.92 487.99
575.37 483.84
571.51 480.27
567.05 476.41
562.30 475.82
577.75 475.52
565.87 472.25
570.32 468.98
586.06 473.14
602.40 476.41
593.19 468.09
602.99 469.28
599.43 463.04
580.72 465.12
572.40 463.34
563.49 465.12
562.00 462.15
559.93 466.31
551.01 466.01
545.37 463.04
539.73 467.50
538.84 465.42
535.27 461.86
506.16 465.42
511.21 464.83
500.52 466.91
488.64 463.04
486.86 463.04
475.87 459.18
483.00 455.62
467.55 459.78
460.12 455.62
452.70 452.95
607.75 451.46
441.71 472.55
441.12 463.94
433.10 463.04
431.91 456.51
438.14 458.59
454.48 469.13
457.45 462.00
450.92 462.60
446.76 457.25
444.38 457.25
352.01 478.49
345.18 462.15
357.65 473.74
360.62 465.12
369.53 473.44
372.80 466.61
368.94 460.96
305.97 483.54
303.30 470.47
298.25 470.77
303.30 462.45
297.36 457.40
305.08 453.24
351.41 455.92
343.10 443.44
360.92 442.25
374.88 439.28
378.15 444.33
380.23 446.71
385.87 443.44
377.25 457.10
397.16 444.63
373.39 452.65
409.63 452.65
411.71 446.71
425.37 456.21
431.61 451.16
426.86 447.60
420.62 450.57
431.02 439.58
301.22 465.27
305.97 458.14
297.65 446.26
305.37 443.29
305.97 437.35
299.43 432.60
296.46 437.35
297.65 439.73
348.74 436.76
356.46 441.51
351.71 445.67
348.74 441.51
343.99 453.98
593.17 474.15
587.31 448.56
503.14 452.11
509.93 452.11
542.61 450.88
551.85 450.88
558.02 449.64
529.04 447.79
521.02 458.27
523.49 448.41
497.59 445.33
489.58 445.33
484.03 447.79
474.78 449.64
471.70 453.96
463.68 447.79
445.18 448.41
450.12 442.86
453.20 445.33
435.93 445.33
442.10 441.01
437.17 436.69
441.48 433.61
451.35 436.69
455.66 432.38
452.58 431.14
461.83 429.91
466.15 429.29
469.23 436.69
479.10 435.46
480.33 428.06
488.96 435.46
500.68 437.93
505.61 433.61
495.74 430.53
496.98 425.59
513.63 432.38
514.86 443.48
521.64 441.01
528.42 433.61
538.91 432.38
538.29 444.09
540.14 447.79
535.21 439.78
606.11 444.09
596.25 443.48
596.87 436.69
597.48 439.78
591.32 442.24
587.00 439.16
582.07 442.24
575.90 437.93
572.20 439.16
557.40 439.16
549.39 439.16
546.92 443.48
545.69 439.78
533.97 425.59
541.37 428.06
530.27 426.21
521.64 423.74
516.09 422.51
512.39 423.74
429.15 430.53
593.78 421.28
601.80 424.98
583.92 429.91
577.13 429.29
569.74 428.06
566.04 434.23
561.10 429.29
552.47 432.38
601.80 436.69
607.35 430.53
598.72 430.53
587.00 433.61
582.07 433.61
553.09 426.83
517.94 584.06
451.97 500.20
441.48 495.89
447.65 507.60
460.60 511.30
467.38 494.04
459.36 492.80
381.60 430.80
359.61 434.89
378.02 434.89
392.86 435.40
404.11 437.45
408.71 436.43
417.92 431.82
422.52 435.91
420.48 440.01
404.62 425.69
404.11 431.82
