14.59 749.77
60.83 750.38
69.46 728.80
45.42 725.72
155.17 754.70
168.74 730.65
159.49 714.62
79.33 710.30
50.35 693.04
18.29 697.97
68.23 678.24
23.84 664.68
1.64 626.45
15.20 591.92
33.70 583.29
44.80 592.53
65.15 590.68
49.73 576.50
58.98 563.55
31.24 551.84
19.52 551.84
9.65 556.16
25.69 543.82
8.42 535.81
15.82 517.93
42.33 543.82
57.13 544.44
63.91 540.12
67.61 566.02
74.40 567.87
81.80 562.32
100.91 565.40
92.28 656.04
121.87 631.38
213.75 754.70
211.90 725.72
184.15 703.52
208.20 702.29
230.40 706.60
206.35 669.61
150.86 689.34
163.19 664.68
179.22 654.19
254.44 690.57
288.36 691.19
259.99 728.80
277.87 733.74
305.00 755.32
254.44 755.32
312.40 731.89
326.59 759.02
345.70 741.13
345.08 718.32
385.78 752.23
406.13 749.15
382.70 723.87
411.68 705.99
412.91 686.87
430.79 709.69
433.87 751.00
460.39 754.08
465.94 733.74
502.32 754.70
484.43 726.95
484.43 705.99
451.14 688.11
459.15 665.29
507.86 681.32
318.57 697.97
338.30 675.16
315.49 641.25
337.07 646.79
345.70 675.77
314.25 617.81
333.98 588.22
361.73 587.60
369.75 577.74
351.25 633.85
372.21 633.85
363.58 629.53
385.16 628.30
395.03 621.51
407.98 629.53
420.31 654.19
375.91 660.98
506.63 720.17
483.82 669.61
493.07 647.41
510.33 631.38
510.33 608.57
124.96 736.20
150.24 569.10
120.64 574.65
124.34 553.69
140.99 548.14
161.95 563.55
189.70 569.10
227.93 574.65
186.62 591.92
200.18 604.25
213.13 629.53
218.06 655.43
239.03 655.43
248.89 657.28
252.59 654.19
243.96 634.46
250.74 607.95
237.80 608.57
270.47 556.16
953.89 710.30
985.95 675.16
995.82 682.56
1010.00 664.06
956.36 645.56
1005.07 638.16
1011.23 592.53
968.07 632.61
971.77 627.06
916.28 669.61
930.46 632.00
887.91 672.69
930.46 715.85
895.93 715.24
891.61 724.49
866.33 724.49
840.43 708.45
834.27 708.45
817.62 718.94
810.22 737.43
807.14 749.15
774.46 747.30
827.49 755.93
860.17 754.70
855.23 697.36
847.22 673.93
837.97 675.16
767.06 723.87
769.53 683.79
711.57 742.37
667.17 751.62
672.10 734.97
650.52 727.57
603.66 746.07
582.08 717.09
535.84 718.32
521.04 750.38
554.33 701.67
554.33 679.47
569.75 670.84
593.80 669.61
641.89 697.36
659.77 692.42
670.87 672.69
691.84 693.04
722.05 718.32
712.18 719.55
701.70 722.64
713.42 658.51
680.74 648.64
754.11 657.28
784.32 659.74
771.99 647.41
770.14 664.06
751.03 640.63
635.11 664.06
601.20 651.73
575.91 644.33
612.91 630.76
667.79 606.72
696.77 615.35
723.90 612.27
761.51 602.40
777.54 607.95
820.09 616.58
802.82 633.85
812.07 629.53
820.09 644.95
826.25 625.21
844.75 609.18
864.48 639.40
867.57 628.30
811.45 665.29
515.49 679.47
526.59 683.79
519.19 630.76
525.97 656.66
524.74 617.20
514.87 611.03
524.12 596.23
557.42 586.37
567.28 576.50
608.59 580.82
644.36 576.50
665.32 586.37
701.08 583.29
736.85 590.68
760.28 583.90
807.14 589.45
820.70 578.35
852.15 586.37
883.60 590.68
908.88 587.60
948.34 583.29
919.36 574.65
970.54 589.45
989.65 583.90
1021.71 589.45
1007.53 564.79
979.17 566.02
965.60 556.16
948.96 559.24
904.56 552.46
910.11 559.24
895.93 564.79
881.13 569.10
863.87 569.72
851.53 554.92
860.78 561.09
928.61 559.24
917.51 546.29
936.62 548.14
960.67 541.36
978.55 543.82
1002.60 549.37
1018.01 548.14
607.25 705.06
617.11 686.57
42.28 521.78
38.27 526.40
29.95 502.67
71.26 513.76
82.36 502.36
108.25 515.92
107.64 498.04
118.43 512.53
122.44 526.10
114.11 530.41
109.18 543.36
94.07 544.59
77.12 533.50
69.10 528.56
95.61 531.95
144.63 538.43
153.88 517.46
189.95 536.89
233.11 551.99
208.76 562.78
246.68 560.93
248.53 509.14
280.03 547.06
341.38 570.80
322.27 542.74
338.30 540.59
320.42 555.69
321.04 563.40
343.23 558.78
346.62 561.55
269.55 532.57
247.66 548.29
239.64 546.44
237.49 540.59
247.97 537.50
264.62 521.78
281.27 532.57
224.54 534.11
192.48 550.45
169.04 549.22
153.63 556.62
171.20 520.24
184.15 504.82
211.59 510.37
201.72 526.71
226.39 517.77
277.57 496.50
275.10 512.53
278.80 487.87
267.70 479.85
245.19 482.32
161.34 506.98
140.37 497.12
126.81 512.22
153.32 493.72
32.72 470.29
17.00 482.32
12.37 492.49
1.89 484.48
1.89 493.11
1.58 505.44
6.82 500.20
62.93 487.25
50.60 482.32
74.96 473.07
89.14 472.45
84.21 468.44
83.28 461.97
72.49 462.89
58.00 464.44
50.91 468.14
42.89 474.92
11.45 470.60
82.66 480.16
75.88 478.62
63.24 471.53
57.08 473.07
61.70 477.38
66.02 476.46
44.74 469.99
46.29 460.43
33.95 457.04
16.69 449.64
3.43 455.50
21.93 432.07
36.11 435.46
40.12 448.40
38.89 453.95
47.52 441.31
43.82 443.47
53.38 441.93
86.98 446.86
80.51 447.48
77.12 449.33
93.15 441.01
99.00 449.33
157.27 474.30
161.28 467.83
150.80 464.44
143.40 462.28
140.93 462.59
126.75 459.81
133.84 459.20
152.34 459.20
163.13 455.50
154.81 451.80
144.32 444.09
135.38 455.80
130.76 444.71
126.13 439.77
134.15 437.92
147.41 435.76
137.85 444.71
160.66 437.31
155.42 442.55
149.87 445.32
146.17 457.04
122.74 435.46
163.44 442.86
461.00 577.89
410.13 584.06
390.40 551.68
355.87 543.05
372.83 534.73
362.96 525.17
383.31 522.09
399.96 534.73
407.98 543.05
409.52 553.23
431.41 557.54
468.71 562.78
473.64 566.79
479.19 542.44
483.51 550.45
488.75 555.38
495.53 564.63
496.46 579.12
519.89 579.12
529.75 567.10
542.70 565.25
520.81 561.24
513.11 560.32
508.79 556.00
539.62 545.83
551.33 552.61
567.67 556.62
588.02 571.42
579.08 583.13
594.50 573.27
593.88 628.45
590.80 644.79
480.73 641.09
458.85 644.48
410.75 644.17
392.56 641.71
591.72 559.70
580.93 551.68
560.89 544.59
570.45 547.99
567.98 535.96
583.40 540.28
593.57 538.43
590.80 529.18
584.01 520.86
567.37 523.94
562.74 533.80
556.58 527.02
543.63 533.80
526.36 528.56
519.27 535.96
499.85 536.89
462.54 534.73
456.69 541.20
433.26 539.04
441.58 529.49
432.64 523.01
417.84 535.04
396.88 506.36
401.50 513.15
410.13 510.99
412.29 497.42
417.22 508.21
428.63 511.91
430.17 490.33
434.49 510.06
429.56 501.43
440.04 499.58
486.90 512.84
543.63 523.01
554.42 515.00
549.48 522.09
368.51 502.05
355.26 515.00
357.41 504.52
778.09 585.19
790.57 585.78
752.55 624.10
747.50 632.12
675.32 630.34
908.48 719.30
903.14 702.07
913.24 696.13
913.83 668.80
913.24 626.03
795.02 637.91
677.70 573.31
665.22 571.82
665.52 561.73
647.10 560.83
623.93 564.99
607.00 557.27
601.36 551.03
596.31 551.63
603.44 545.69
622.45 548.36
637.30 544.80
645.91 541.53
675.91 548.95
700.57 558.76
712.15 570.04
739.18 565.88
759.38 569.15
782.25 571.82
784.62 560.83
803.93 556.68
784.33 543.01
776.61 544.80
779.87 535.59
767.69 536.78
765.62 528.46
778.68 528.46
807.20 547.47
799.48 533.81
808.68 530.84
804.82 521.33
791.16 527.27
774.53 524.60
773.04 514.20
783.73 517.17
796.51 509.15
804.82 506.48
793.54 500.84
782.55 505.29
763.24 501.73
761.75 515.39
754.33 510.64
747.50 512.72
754.33 505.29
774.82 498.46
776.61 491.92
800.96 487.17
746.31 553.41
735.62 546.87
749.87 543.61
750.76 533.81
735.91 536.78
724.03 527.86
714.53 535.88
725.52 541.53
721.95 549.84
711.26 552.52
696.71 538.85
690.17 548.36
685.72 546.28
680.37 544.80
684.23 534.70
686.61 526.38
669.38 533.51
664.03 521.63
664.03 519.25
664.33 515.39
674.73 518.95
693.44 525.19
705.32 525.19
715.72 518.36
732.05 519.85
704.13 514.20
695.22 515.39
687.79 515.09
682.15 513.90
669.68 512.72
649.78 513.90
653.04 522.22
652.15 525.49
651.56 531.73
634.63 525.49
639.97 522.22
643.54 518.95
633.74 516.28
637.00 514.20
628.98 509.45
615.02 512.12
610.27 520.44
616.21 521.63
622.75 522.22
598.39 519.85
594.23 513.90
583.84 512.72
577.60 511.83
571.96 516.87
570.47 502.32
580.27 504.99
588.89 502.32
600.17 506.78
602.85 496.68
613.24 503.21
635.82 496.08
647.70 500.24
638.49 506.48
620.67 499.35
600.17 491.92
612.35 490.74
656.31 507.67
652.75 496.08
668.79 498.76
675.02 496.08
672.05 488.95
678.29 488.66
684.23 502.32
699.68 500.54
690.47 498.46
724.03 509.45
737.10 515.09
739.48 505.59
744.82 503.81
752.25 499.35
738.88 491.33
727.60 492.82
732.35 486.88
738.88 484.50
739.18 479.45
722.84 483.61
714.82 496.38
701.46 492.52
694.63 494.30
689.28 489.25
689.87 485.69
676.51 479.75
693.14 482.42
705.32 489.25
698.78 485.98
824.43 549.25
820.56 559.35
838.39 566.48
847.30 565.29
887.99 558.16
865.42 556.38
868.98 558.16
862.74 547.17
849.97 538.26
833.04 545.98
831.55 539.75
831.55 534.70
824.72 529.94
815.81 540.93
835.42 527.57
823.83 518.95
815.81 520.74
840.47 519.55
841.65 513.90
828.58 512.72
814.33 509.75
820.86 502.32
811.36 494.30
831.85 492.82
849.67 511.83
840.76 496.97
827.69 499.05
849.67 495.49
855.61 498.46
867.49 506.78
860.66 509.75
857.69 506.48
879.97 519.25
879.38 524.30
873.44 531.73
879.97 536.18
891.26 541.53
909.67 532.62
900.46 521.63
892.15 525.19
905.51 512.12
896.60 510.64
886.80 510.04
878.19 503.51
879.38 488.66
875.22 494.90
896.90 498.16
910.86 503.81
913.83 499.05
921.26 505.59
918.58 516.28
922.15 540.34
931.65 537.37
931.36 530.54
924.52 522.22
936.11 521.33
926.01 511.83
938.48 514.80
937.59 535.29
956.01 528.46
972.64 527.86
979.18 533.21
994.32 533.21
983.04 523.71
1009.18 538.26
999.37 540.93
989.27 538.85
1012.44 535.59
1000.56 526.38
1003.53 522.82
989.87 518.36
974.42 516.28
979.47 512.72
980.96 508.86
962.54 503.51
950.96 501.13
946.50 505.59
942.64 507.96
932.84 507.67
926.60 491.92
916.80 492.82
907.00 490.74
903.43 486.58
925.71 476.18
940.56 480.34
942.34 474.10
951.85 485.09
946.80 488.66
966.70 487.77
957.79 489.55
967.00 498.16
986.90 499.05
1001.75 501.43
1018.68 502.62
1009.77 498.16
1012.44 490.74
1006.80 484.50
998.48 486.58
986.90 486.58
988.09 492.22
1000.56 491.33
1008.28 509.45
1018.68 489.85
998.48 477.37
1005.31 464.60
991.35 472.92
977.10 474.40
991.95 510.93
1011.55 524.89
1017.20 529.65
1020.76 522.22
1017.79 571.53
1017.79 558.76
952.44 517.77
943.53 512.12
942.64 494.90
960.76 496.97
894.23 480.93
870.76 477.37
861.55 488.95
858.29 463.11
841.06 466.08
797.40 456.58
787.89 478.56
798.88 478.26
778.09 474.70
814.62 482.72
807.20 481.53
806.90 486.58
819.67 477.07
817.89 460.44
839.57 455.39
828.58 455.39
871.36 461.63
882.05 466.68
890.66 469.35
977.39 485.69
1023.00 506.63
977.85 463.26
952.30 454.95
543.60 507.52
528.45 505.14
517.76 501.88
510.63 503.06
501.42 511.38
491.62 507.82
496.67 498.31
506.47 501.28
508.85 492.67
491.92 492.07
483.90 490.59
476.47 488.51
466.08 492.67
461.03 484.35
455.68 487.91
444.99 482.27
407.26 486.43
404.89 478.41
395.09 475.44
392.12 486.73
401.62 467.12
411.42 474.55
423.30 474.25
422.71 468.01
437.26 471.28
429.24 474.25
430.14 467.12
426.27 464.75
419.44 461.78
407.26 467.12
398.95 455.24
412.61 455.24
403.40 455.84
552.21 503.06
545.08 496.83
544.79 492.67
529.64 492.96
522.51 492.67
522.81 485.84
520.43 481.68
510.63 477.52
497.26 486.43
488.35 483.76
481.52 481.68
468.45 482.87
475.88 477.52
476.17 473.36
497.56 476.33
528.45 474.55
542.41 473.36
546.87 482.87
555.78 483.16
565.88 482.87
568.55 477.52
575.97 496.23
579.24 487.32
568.85 485.84
561.72 488.81
556.07 492.67
551.92 489.99
586.37 485.84
582.51 482.27
578.05 478.41
573.30 477.82
588.75 477.52
576.87 474.25
581.32 470.98
597.06 475.14
626.77 484.94
635.68 477.52
630.03 472.17
623.80 476.33
622.90 473.06
619.93 468.01
613.40 478.41
604.19 470.09
613.99 471.28
610.43 465.04
591.72 467.12
583.40 465.34
574.49 467.12
573.00 464.15
570.93 468.31
562.01 468.01
556.37 465.04
550.73 469.50
549.84 467.42
546.27 463.86
517.16 467.42
522.21 466.83
511.52 468.91
499.64 465.04
497.86 465.04
486.87 461.18
494.00 457.62
478.55 461.78
471.12 457.62
463.70 454.95
625.58 459.99
636.57 457.62
625.28 450.49
618.75 453.46
452.71 474.55
452.12 465.94
444.10 465.04
442.91 458.51
449.14 460.59
465.48 471.13
468.45 464.00
461.92 464.60
457.76 459.25
455.38 459.25
363.01 480.49
356.18 464.15
368.65 475.74
371.62 467.12
380.53 475.44
383.80 468.61
379.94 462.96
316.97 485.54
314.30 472.47
309.25 472.77
314.30 464.45
308.36 459.40
316.08 455.24
362.41 457.92
354.10 445.44
371.92 444.25
385.88 441.28
389.15 446.33
391.23 448.71
396.87 445.44
388.25 459.10
408.16 446.63
384.39 454.65
420.63 454.65
422.71 448.71
436.37 458.21
442.61 453.16
437.86 449.60
431.62 452.57
442.02 441.58
312.22 467.27
316.97 460.14
308.65 448.26
316.37 445.29
316.97 439.35
310.43 434.60
307.46 439.35
308.65 441.73
359.74 438.76
367.46 443.51
362.71 447.67
359.74 443.51
354.99 455.98
374.18 680.40
422.27 674.23
459.27 622.44
755.23 703.83
736.73 696.43
777.43 693.96
453.10 707.53
761.71 461.97
776.50 457.65
742.59 473.99
733.34 460.12
741.05 459.20
746.60 457.96
749.07 453.95
726.87 461.97
720.39 461.97
712.69 457.96
701.28 463.51
707.14 470.60
698.81 473.38
699.43 482.01
698.20 474.92
681.55 475.84
682.47 470.60
665.83 473.38
655.65 473.99
653.80 478.62
653.19 483.86
650.10 487.87
642.40 478.31
644.55 474.92
643.94 469.06
646.71 464.74
604.17 476.15
634.07 463.51
663.05 463.51
691.11 459.81
696.66 453.65
675.38 457.65
672.61 459.20
669.53 451.18
598.31 450.56
782.67 453.34
791.61 459.20
804.56 452.72
816.28 451.18
789.15 449.33
770.96 457.04
765.41 459.20
745.06 482.01
748.14 496.81
762.63 486.94
785.75 485.71
777.43 483.86
771.88 482.01
766.33 479.85
752.15 480.47
754.31 489.10
661.20 485.71
670.76 483.55
514.14 454.11
520.93 454.11
553.61 452.88
562.85 452.88
569.02 451.64
540.04 449.79
532.02 460.27
534.49 450.41
508.59 447.33
500.58 447.33
495.03 449.79
485.78 451.64
482.70 455.96
474.68 449.79
456.18 450.41
461.12 444.86
464.20 447.33
446.93 447.33
453.10 443.01
448.17 438.69
452.48 435.61
462.35 438.69
466.66 434.38
463.58 433.14
472.83 431.91
477.15 431.29
480.23 438.69
490.10 437.46
491.33 430.06
499.96 437.46
511.68 439.93
516.61 435.61
506.74 432.53
507.98 427.59
524.63 434.38
525.86 445.48
532.64 443.01
539.42 435.61
549.91 434.38
549.29 446.09
551.14 449.79
546.21 441.78
897.67 453.49
913.70 463.36
914.93 452.88
939.59 446.09
946.38 448.56
926.03 444.86
918.01 444.86
920.48 455.96
929.11 454.72
909.38 444.24
906.92 448.56
893.35 447.33
889.65 448.56
882.87 449.18
877.94 455.96
875.47 447.33
868.69 447.33
863.14 451.64
852.04 449.18
856.35 439.93
864.37 439.93
883.48 439.93
894.58 441.16
890.27 441.16
874.24 437.46
880.40 435.61
826.14 444.24
831.07 448.56
836.01 436.84
836.62 446.09
813.81 437.46
840.32 444.86
808.26 447.33
794.08 443.01
777.43 444.24
731.18 452.88
737.35 449.79
721.94 451.64
728.72 448.56
726.87 448.56
717.00 448.56
708.99 448.56
705.29 455.96
700.36 454.11
699.12 447.33
700.97 443.01
705.90 443.01
691.11 448.56
683.09 453.49
678.16 451.64
673.84 444.86
680.01 441.16
678.77 444.24
689.26 439.93
693.57 444.24
685.56 446.09
676.92 447.33
659.04 452.88
646.09 455.96
644.24 447.33
636.85 447.33
653.49 447.33
649.18 438.69
637.46 441.78
631.91 444.86
626.36 444.86
617.11 446.09
607.25 445.48
607.87 438.69
608.48 441.78
602.32 444.24
598.00 441.16
593.07 444.24
586.90 439.93
583.20 441.16
568.40 441.16
560.39 441.16
557.92 445.48
556.69 441.78
544.97 427.59
552.37 430.06
541.27 428.21
532.64 425.74
527.09 424.51
523.39 425.74
440.15 432.53
604.78 423.28
612.80 426.98
619.58 426.98
594.92 431.91
588.13 431.29
580.74 430.06
577.04 436.23
572.10 431.29
563.47 434.38
670.14 435.61
664.59 436.84
661.51 423.90
647.33 424.51
641.16 431.91
691.11 423.28
685.56 427.59
684.94 430.06
671.38 431.91
683.71 434.38
676.92 435.61
724.40 430.06
724.40 434.38
721.32 441.16
713.92 440.54
709.60 436.84
704.67 435.61
694.81 431.91
699.12 434.38
752.77 428.21
773.73 426.98
786.06 438.69
774.96 438.69
779.90 439.93
764.48 444.24
770.65 448.56
762.01 447.33
752.77 445.48
745.98 444.24
742.28 444.24
737.97 444.24
737.35 439.93
730.57 443.01
733.03 434.38
738.58 433.14
744.75 435.61
723.79 439.93
718.85 435.61
716.39 430.06
707.75 430.06
701.59 426.98
721.32 423.90
662.74 431.29
655.34 431.29
654.73 435.61
650.41 431.91
638.08 428.83
635.00 427.59
629.45 438.69
612.80 438.69
621.43 435.61
618.35 432.53
609.72 432.53
625.13 430.06
630.06 430.06
598.00 435.61
593.07 435.61
564.09 428.83
754.00 438.69
758.32 435.61
747.83 441.16
757.70 440.54
763.86 440.54
768.80 439.93
766.95 432.53
763.86 432.53
760.78 436.23
787.91 433.14
776.81 432.53
785.45 434.38
797.78 436.23
791.61 435.61
793.46 431.29
836.01 426.98
675.69 425.74
528.94 586.06
462.97 502.20
452.48 497.89
458.65 509.60
471.60 513.30
478.38 496.04
470.36 494.80
392.60 432.80
370.61 436.89
389.02 436.89
403.86 437.40
415.11 439.45
419.71 438.43
428.92 433.82
433.52 437.91
431.48 442.01
415.62 427.69
415.11 433.82
