421.26 279.45
434.60 265.63
406.97 282.78
395.54 289.45
417.93 236.09
437.46 223.23
417.93 206.55
402.68 218.46
423.64 193.69
388.39 199.41
361.23 215.60
369.81 236.09
351.23 261.34
372.19 260.39
371.24 273.73
328.84 279.45
304.54 286.12
299.77 267.06
278.81 252.29
268.33 248.95
254.51 282.78
199.25 276.59
187.82 282.78
165.42 284.69
122.55 287.07
126.83 262.77
194.01 241.81
162.57 241.81
128.74 215.13
155.90 216.56
122.07 232.76
99.68 232.28
74.90 242.76
62.99 246.10
40.12 247.05
49.65 261.34
56.80 277.06
69.66 290.40
31.55 287.07
10.11 260.87
2.96 243.71
5.82 231.80
40.12 227.04
65.85 222.75
32.03 214.65
34.41 203.22
10.11 202.27
2.49 183.21
22.97 166.06
52.51 180.83
42.03 193.69
68.23 189.88
75.38 184.64
60.61 206.08
101.58 188.45
87.29 201.31
121.59 194.17
143.51 197.50
173.52 207.51
156.85 189.88
130.17 179.87
113.97 166.53
102.54 167.01
84.43 171.77
86.81 152.72
69.66 150.33
51.08 147.95
60.61 160.82
42.98 159.86
31.55 152.24
39.65 141.76
26.78 133.18
33.93 122.70
52.51 131.75
26.78 116.99
17.26 125.56
6.77 125.56
2.49 135.57
6.30 99.83
15.83 96.50
16.30 104.12
6.30 90.31
6.77 82.68
14.40 82.68
10.59 77.44
15.83 74.11
6.30 56.96
4.39 66.48
11.54 57.91
7.73 44.57
6.30 37.90
10.59 36.47
13.92 42.19
13.92 47.43
15.83 54.10
26.31 51.72
23.45 46.95
38.70 61.72
21.54 70.77
27.26 66.01
32.03 104.12
38.22 114.60
50.61 110.79
36.31 95.55
36.31 83.64
30.12 81.73
45.37 83.64
53.46 81.73
48.70 92.21
53.46 96.50
62.99 95.55
65.85 86.97
73.47 95.55
65.37 105.55
74.90 117.94
66.80 117.94
86.34 122.23
80.14 115.08
71.57 126.99
77.29 139.38
98.25 127.47
109.68 135.09
133.98 110.79
116.83 117.94
103.49 114.60
97.30 106.03
91.10 95.55
81.10 85.07
76.81 86.97
83.48 76.49
82.05 60.29
80.14 67.91
75.38 68.87
68.71 77.44
86.34 66.01
63.47 37.42
214.02 224.66
228.79 203.22
244.51 209.41
192.58 210.36
189.72 189.40
180.19 177.01
188.29 178.44
181.62 160.82
194.49 165.58
158.28 165.10
143.03 159.86
128.74 165.10
159.23 143.67
180.19 149.38
178.76 139.38
158.28 120.32
142.08 105.55
157.80 108.41
150.18 104.12
174.48 110.79
189.72 122.23
174.48 123.18
182.57 130.80
191.63 136.04
200.20 149.38
214.97 161.77
232.12 172.73
228.31 156.53
226.88 144.14
205.44 133.18
201.63 120.32
203.06 109.84
193.53 109.84
202.11 97.93
224.50 117.94
227.83 106.03
222.12 125.56
240.22 117.94
239.27 128.90
252.13 115.08
260.71 105.55
244.99 113.65
247.37 97.93
240.22 99.83
260.71 126.51
273.10 117.94
282.15 114.13
277.38 126.51
275.48 138.42
268.33 151.29
254.51 159.86
249.27 168.44
245.94 179.40
248.32 195.12
273.10 203.69
265.95 218.46
255.47 227.52
213.07 183.68
285.01 157.96
296.44 150.33
284.53 179.87
298.35 190.35
317.40 197.50
313.11 218.94
297.39 229.90
335.51 193.21
315.50 176.06
318.83 164.15
301.20 177.01
380.77 178.92
395.06 172.73
408.40 165.10
437.94 155.58
440.32 147.95
423.17 167.01
428.41 137.47
424.12 136.04
412.21 138.42
414.12 102.22
379.34 116.99
388.87 132.23
394.58 146.05
365.52 135.09
365.52 152.24
328.84 152.72
319.31 147.95
308.83 140.81
301.20 132.23
318.83 131.75
310.73 125.56
307.40 111.74
292.15 134.14
286.91 140.33
287.86 109.36
279.29 103.17
269.76 108.41
326.45 125.56
325.50 117.94
310.73 105.07
335.98 116.03
333.60 107.46
344.08 106.03
362.66 106.50
385.53 101.26
375.53 107.46
368.38 94.59
379.81 91.26
375.53 85.07
392.68 75.54
416.50 53.14
420.31 86.97
444.13 79.35
439.84 86.02
436.03 127.94
438.89 110.32
423.64 100.79
409.83 91.26
378.38 75.54
363.62 76.49
368.38 80.78
350.75 95.55
329.79 89.35
325.50 81.73
335.03 80.78
317.40 94.59
307.87 85.07
308.83 93.64
299.30 97.93
289.29 97.93
297.39 85.07
292.63 75.54
277.86 77.44
273.57 88.40
285.01 74.11
282.62 83.64
326.93 66.01
312.16 65.53
334.55 52.19
316.93 51.72
324.55 53.14
332.17 62.67
340.27 63.63
343.13 58.39
341.22 54.57
351.23 64.58
345.99 70.77
305.49 56.00
308.35 50.29
294.06 59.81
233.08 87.92
241.65 83.64
219.26 96.98
214.02 87.92
218.78 82.68
214.97 76.49
207.83 73.15
217.35 68.87
227.36 65.53
253.56 78.40
247.37 73.15
266.43 77.44
241.65 60.77
235.46 53.14
252.13 37.42
252.13 46.95
254.51 55.53
259.28 58.86
273.10 53.14
280.72 66.96
272.62 68.87
287.86 63.63
189.24 94.59
181.15 96.50
196.39 85.07
189.72 80.78
192.10 69.82
199.73 69.82
174.95 77.44
164.47 75.54
167.81 87.92
147.32 82.68
125.40 86.02
126.36 95.55
105.87 91.26
97.77 89.35
104.44 80.78
97.30 81.73
98.72 70.77
94.44 63.63
106.35 64.10
110.63 66.01
98.72 59.34
115.88 79.35
119.69 66.48
124.93 64.10
132.07 68.87
124.45 49.81
143.03 62.67
152.56 56.96
156.37 67.91
150.18 64.58
146.84 50.76
140.17 54.57
134.46 56.00
157.80 62.20
161.14 57.91
171.62 56.00
170.66 64.10
173.05 69.82
117.78 107.46
193.53 56.00
202.11 58.86
203.54 51.24
203.06 43.62
206.40 46.00
230.69 46.00
223.07 49.81
218.78 45.05
151.61 35.99
151.61 29.80
159.23 31.71
154.47 27.42
160.18 24.56
146.84 28.37
213.54 301.36
218.31 57.91
224.02 57.91
230.22 60.29
252.13 68.87
165.42 53.14
161.14 48.86
159.23 43.14
162.57 43.14
168.76 36.47
169.23 43.14
172.57 40.76
171.62 49.81
174.95 46.00
178.76 40.76
177.81 52.19
183.05 47.43
179.72 56.96
187.82 51.72
187.34 59.81
185.91 35.99
188.29 35.99
181.62 42.66
187.34 40.28
194.01 44.09
192.58 47.90
201.16 32.18
197.82 31.71
187.34 20.27
205.44 13.13
170.66 15.03
165.42 11.70
162.09 6.46
166.38 8.36
171.62 21.70
172.09 27.42
175.90 28.37
179.72 34.09
175.43 34.56
219.26 25.99
210.68 35.99
207.83 35.04
123.50 38.85
119.21 35.99
113.97 34.09
129.69 37.90
125.88 34.56
121.59 30.75
143.51 41.71
142.08 31.71
137.79 33.13
133.50 30.28
143.03 23.13
142.56 16.94
133.98 17.41
129.22 18.84
134.93 12.65
146.84 45.05
151.61 46.47
133.03 41.23
125.40 43.14
120.16 45.05
113.02 41.71
112.06 47.43
116.35 48.38
110.16 58.86
93.48 46.95
76.81 46.47
73.47 49.33
83.00 47.90
81.57 39.80
74.43 38.38
90.15 35.99
100.15 34.56
57.75 58.86
52.03 58.86
44.41 54.57
38.70 44.57
45.84 44.57
49.18 44.57
299.77 46.00
296.92 40.76
294.06 38.85
287.86 36.47
285.48 30.75
281.67 35.99
276.43 32.18
277.86 26.47
274.05 23.13
272.14 20.27
274.52 15.51
247.84 31.71
252.61 31.71
243.56 34.09
237.36 37.90
243.08 21.70
244.99 27.89
257.37 29.80
260.23 25.51
256.42 21.22
285.96 54.10
337.41 43.62
328.84 37.90
325.03 34.09
316.45 40.76
326.45 42.66
329.79 25.51
325.98 21.70
318.83 23.13
323.60 29.80
319.31 30.75
315.02 25.51
310.73 27.42
312.16 22.18
309.78 18.84
313.59 13.13
318.36 15.03
295.49 23.13
299.77 20.27
296.92 18.84
293.10 17.89
289.29 22.18
296.44 27.89
300.25 30.28
291.20 28.85
286.43 24.56
285.48 17.89
281.67 11.70
354.56 45.52
345.51 47.90
345.51 42.66
360.28 50.29
356.95 54.10
367.43 61.72
366.00 56.96
364.09 52.19
400.30 70.77
498.44 231.33
154.55 85.30
