13.61 164.41
40.77 180.60
32.19 201.09
50.77 226.34
29.81 225.39
102.23 232.06
123.19 217.29
133.67 213.95
207.99 206.81
228.48 172.51
187.98 189.66
173.21 168.22
157.49 174.41
209.42 175.36
212.28 154.40
221.81 142.01
213.71 143.44
220.38 125.82
207.51 130.58
221.81 114.38
223.24 104.38
227.52 75.79
212.28 87.23
227.52 88.18
219.43 95.80
210.37 101.04
201.80 114.38
187.03 126.77
169.88 137.73
173.69 121.53
175.12 109.14
196.56 98.18
200.37 85.32
198.94 74.84
208.47 74.84
199.89 62.93
177.50 82.94
174.17 71.03
179.88 90.56
161.78 82.94
162.73 93.90
149.87 80.08
141.29 70.55
157.01 78.65
154.63 62.93
161.78 64.83
141.29 91.51
128.90 82.94
119.85 79.13
124.62 91.51
126.52 103.42
133.67 116.29
147.49 124.86
152.73 133.44
156.06 144.40
153.68 160.12
128.90 168.69
136.05 183.46
146.53 192.52
188.93 148.68
116.99 122.96
105.56 115.33
117.47 144.87
103.65 155.35
84.60 162.50
88.89 183.94
104.61 194.90
66.49 158.21
86.50 141.06
83.17 129.15
100.80 142.01
21.23 143.92
6.94 137.73
22.66 81.99
13.13 97.23
7.42 111.05
36.48 100.09
36.48 117.24
73.16 117.72
82.69 112.95
93.17 105.81
100.80 97.23
83.17 96.75
91.27 90.56
94.60 76.74
109.85 99.14
115.09 105.33
114.14 74.36
122.71 68.17
132.24 73.41
75.55 90.56
76.50 82.94
91.27 70.07
66.02 81.03
68.40 72.46
57.92 71.03
39.34 71.50
16.47 66.26
26.47 72.46
33.62 59.59
22.19 56.26
26.47 50.07
9.32 40.54
23.62 40.54
38.38 41.49
33.62 45.78
51.25 60.55
72.21 54.35
76.50 46.73
66.97 45.78
84.60 59.59
94.13 50.07
93.17 58.64
102.70 62.93
112.71 62.93
104.61 50.07
109.37 40.54
124.14 42.44
128.43 53.40
116.99 39.11
119.38 48.64
75.07 31.01
89.84 30.53
67.45 17.19
85.07 16.72
77.45 18.14
69.83 27.67
61.73 28.63
58.87 23.39
60.78 19.57
50.77 29.58
56.01 35.77
96.51 21.00
93.65 15.29
107.94 24.81
168.92 52.92
160.35 48.64
182.74 61.98
187.98 52.92
183.22 47.68
187.03 41.49
194.17 38.15
184.65 33.87
174.64 30.53
148.44 43.40
154.63 38.15
135.57 42.44
160.35 25.77
166.54 18.14
149.87 2.42
149.87 11.95
147.49 20.53
142.72 23.86
128.90 18.14
121.28 31.96
129.38 33.87
114.14 28.63
212.76 59.59
220.85 61.50
205.61 50.07
212.28 45.78
209.90 34.82
202.27 34.82
227.05 42.44
230.38 21.00
231.34 29.10
228.95 34.82
208.47 21.00
199.89 23.86
198.46 16.24
198.94 8.62
195.60 11.00
171.31 11.00
178.93 14.81
183.22 10.05
183.69 22.91
177.98 22.91
171.78 25.29
149.87 33.87
233.24 1.47
232.77 8.14
229.43 5.76
230.38 14.81
227.05 11.00
223.24 5.76
224.19 17.19
218.95 12.43
222.28 21.96
214.18 16.72
214.66 24.81
216.09 0.99
213.71 0.99
220.38 7.66
214.66 5.28
207.99 9.09
209.42 12.90
191.32 0.99
194.17 0.04
102.23 11.00
105.08 5.76
107.94 3.85
114.14 1.47
120.33 0.99
164.64 2.90
116.04 19.10
64.59 8.62
73.16 2.90
85.55 5.76
75.55 7.66
47.44 10.52
56.49 12.90
56.49 7.66
41.72 15.29
45.05 19.10
34.57 26.72
36.00 21.96
37.91 17.19
1.70 35.77
