421.93 214.09
441.46 201.23
421.93 184.55
406.68 196.46
427.64 171.69
392.39 177.41
365.23 193.60
373.81 214.09
282.81 230.29
272.33 226.95
218.02 202.66
232.79 181.22
248.51 187.41
218.97 139.77
236.12 150.73
232.31 134.53
230.88 122.14
228.50 95.94
231.83 84.03
226.12 103.56
244.22 95.94
243.27 106.90
256.13 93.08
264.71 83.55
248.99 91.65
251.37 75.93
244.22 77.83
264.71 104.51
277.10 95.94
286.15 92.13
281.38 104.51
279.48 116.42
272.33 129.29
258.51 137.86
253.27 146.44
249.94 157.40
252.32 173.12
277.10 181.69
269.95 196.46
259.47 205.52
217.07 161.68
289.01 135.96
300.44 128.33
288.53 157.87
302.35 168.35
321.40 175.50
317.11 196.94
301.39 207.90
339.51 171.21
319.50 154.06
322.83 142.15
305.20 155.01
384.77 156.92
399.06 150.73
412.40 143.10
441.94 133.58
444.32 125.95
427.17 145.01
432.41 115.47
428.12 114.04
416.21 116.42
418.12 80.22
383.34 94.99
392.87 110.23
398.58 124.05
369.52 113.09
369.52 130.24
332.84 130.72
323.31 125.95
312.83 118.81
305.20 110.23
322.83 109.75
314.73 103.56
311.40 89.74
296.15 112.14
290.91 118.33
291.86 87.36
283.29 81.17
273.76 86.41
330.45 103.56
329.50 95.94
314.73 83.07
339.98 94.03
337.60 85.46
348.08 84.03
366.66 84.50
389.53 79.26
379.53 85.46
372.38 72.59
383.81 69.26
379.53 63.07
396.68 53.54
420.50 31.14
424.31 64.97
448.13 57.35
443.84 64.02
440.03 105.94
442.89 88.32
427.64 78.79
413.83 69.26
382.38 53.54
367.62 54.49
372.38 58.78
354.75 73.55
333.79 67.35
329.50 59.73
339.03 58.78
321.40 72.59
311.87 63.07
312.83 71.64
303.30 75.93
293.29 75.93
301.39 63.07
296.63 53.54
281.86 55.44
277.57 66.40
289.01 52.11
286.62 61.64
330.93 44.01
316.16 43.53
338.55 30.19
320.93 29.72
328.55 31.14
336.17 40.67
344.27 41.63
347.13 36.39
345.22 32.57
355.23 42.58
349.99 48.77
309.49 34.00
312.35 28.29
298.06 37.81
237.08 65.92
245.65 61.64
223.26 74.98
218.02 65.92
222.78 60.68
218.97 54.49
221.35 46.87
231.36 43.53
257.56 56.40
251.37 51.15
270.43 55.44
245.65 38.77
239.46 31.14
256.13 15.42
256.13 24.95
258.51 33.53
263.28 36.86
277.10 31.14
284.72 44.96
276.62 46.87
291.86 41.63
234.69 24.00
227.07 27.81
222.78 23.05
222.31 35.91
228.02 35.91
234.22 38.29
256.13 46.87
223.26 3.99
303.77 24.00
300.92 18.76
298.06 16.85
291.86 14.47
289.48 8.75
285.67 13.99
280.43 10.18
281.86 4.47
278.05 1.13
251.84 9.71
256.61 9.71
247.56 12.09
241.36 15.90
248.99 5.89
261.37 7.80
264.23 3.51
289.96 32.10
341.41 21.62
332.84 15.90
329.03 12.09
320.45 18.76
330.45 20.66
333.79 3.51
322.83 1.13
327.60 7.80
323.31 8.75
319.02 3.51
314.73 5.42
316.16 0.18
299.49 1.13
293.29 0.18
300.44 5.89
304.25 8.28
295.20 6.85
290.43 2.56
358.56 23.52
349.51 25.90
349.51 20.66
364.28 28.29
360.95 32.10
371.43 39.72
370.00 34.96
368.09 30.19
404.30 48.77
