327.74 211.13
354.90 212.56
321.07 228.76
298.68 228.28
239.12 223.04
264.85 218.75
231.03 210.65
233.41 199.22
221.97 162.06
251.51 176.83
241.03 189.69
267.23 185.88
274.38 180.64
259.61 202.08
300.58 184.45
286.29 197.31
320.59 190.17
342.51 193.50
372.52 203.51
355.85 185.88
329.17 175.87
312.97 162.53
301.54 163.01
283.43 167.77
285.81 148.72
268.66 146.33
250.08 143.95
259.61 156.82
241.98 155.86
230.55 148.24
238.65 137.76
225.78 129.18
232.93 118.70
251.51 127.75
225.78 112.99
216.26 121.56
225.31 47.72
222.45 42.95
237.70 57.72
220.54 66.77
226.26 62.01
231.03 100.12
237.22 110.60
249.61 106.79
235.31 91.55
235.31 79.64
229.12 77.73
244.37 79.64
252.46 77.73
247.70 88.21
252.46 92.50
261.99 91.55
264.85 82.97
272.47 91.55
264.37 101.55
273.90 113.94
265.80 113.94
285.34 118.23
279.14 111.08
270.57 122.99
276.29 135.38
297.25 123.47
308.68 131.09
332.98 106.79
315.83 113.94
302.49 110.60
296.30 102.03
290.10 91.55
280.10 81.07
275.81 82.97
282.48 72.49
281.05 56.29
279.14 63.91
274.38 64.87
267.71 73.44
285.34 62.01
262.47 33.42
413.02 220.66
427.79 199.22
443.51 205.41
391.58 206.36
388.72 185.40
379.19 173.01
387.29 174.44
380.62 156.82
393.49 161.58
357.28 161.10
342.03 155.86
327.74 161.10
358.23 139.67
379.19 145.38
377.76 135.38
357.28 116.32
341.08 101.55
356.80 104.41
349.18 100.12
373.48 106.79
388.72 118.23
373.48 119.18
381.57 126.80
390.63 132.04
399.20 145.38
413.97 157.77
431.12 168.73
427.31 152.53
425.88 140.14
404.44 129.18
400.63 116.32
402.06 105.84
392.53 105.84
401.11 93.93
423.50 113.94
426.83 102.03
421.12 121.56
439.22 113.94
438.27 124.90
443.99 109.65
446.37 93.93
439.22 95.83
448.27 164.44
444.94 175.40
447.32 191.12
412.07 179.68
432.08 83.92
440.65 79.64
418.26 92.98
413.02 83.92
417.78 78.68
413.97 72.49
406.83 69.15
416.35 64.87
426.36 61.53
446.37 69.15
440.65 56.77
434.46 49.14
388.24 90.59
380.15 92.50
395.39 81.07
388.72 76.78
391.10 65.82
398.73 65.82
373.95 73.44
363.47 71.54
366.81 83.92
346.32 78.68
324.40 82.02
325.36 91.55
304.87 87.26
296.77 85.35
303.44 76.78
296.30 77.73
297.72 66.77
293.44 59.63
305.35 60.10
309.63 62.01
297.72 55.34
314.88 75.35
318.69 62.48
323.93 60.10
331.07 64.87
323.45 45.81
342.03 58.67
351.56 52.96
355.37 63.91
349.18 60.58
345.84 46.76
339.17 50.57
333.46 52.00
356.80 58.20
360.14 53.91
370.62 52.00
369.66 60.10
372.05 65.82
316.78 103.46
392.53 52.00
401.11 54.86
402.54 47.24
402.06 39.62
405.40 42.00
429.69 42.00
422.07 45.81
417.78 41.05
350.61 31.99
350.61 25.80
358.23 27.71
353.47 23.42
359.18 20.56
345.84 24.37
417.31 53.91
423.02 53.91
429.22 56.29
364.42 49.14
360.14 44.86
358.23 39.14
361.57 39.14
367.76 32.47
368.23 39.14
371.57 36.76
370.62 45.81
373.95 42.00
377.76 36.76
376.81 48.19
382.05 43.43
378.72 52.96
386.82 47.72
386.34 55.81
384.91 31.99
387.29 31.99
380.62 38.66
386.34 36.28
393.01 40.09
391.58 43.90
400.16 28.18
396.82 27.71
386.34 16.27
404.44 9.13
369.66 11.03
364.42 7.70
361.09 2.46
365.38 4.36
370.62 17.70
371.09 23.42
374.90 24.37
378.72 30.09
374.43 30.56
418.26 21.99
409.68 31.99
406.83 31.04
322.50 34.85
318.21 31.99
312.97 30.09
328.69 33.90
324.88 30.56
320.59 26.75
342.51 37.71
341.08 27.71
336.79 29.13
332.50 26.28
342.03 19.13
341.56 12.94
332.98 13.41
328.22 14.84
333.93 8.65
345.84 41.05
350.61 42.47
332.03 37.23
324.40 39.14
319.16 41.05
312.02 37.71
311.06 43.43
315.35 44.38
309.16 54.86
292.48 42.95
275.81 42.47
272.47 45.33
282.00 43.90
280.57 35.80
273.43 34.38
289.15 31.99
299.15 30.56
256.75 54.86
251.03 54.86
243.41 50.57
237.70 40.57
244.84 40.57
248.18 40.57
446.84 27.71
442.56 30.09
436.36 33.90
442.08 17.70
443.99 23.89
353.55 81.30
