158.26 209.13
131.10 210.56
164.93 226.76
187.32 226.28
221.15 216.75
218.77 183.88
211.62 178.64
226.39 200.08
185.42 182.45
199.71 195.31
165.41 188.17
143.49 191.50
113.48 201.51
130.15 183.88
156.83 173.87
173.03 160.53
184.46 161.01
202.57 165.77
200.19 146.72
217.34 144.33
226.39 154.82
233.54 75.73
233.54 90.50
224.01 89.55
221.15 80.97
213.53 89.55
221.63 99.55
212.10 111.94
220.20 111.94
200.66 116.23
206.86 109.08
215.43 120.99
209.71 133.38
188.75 121.47
177.32 129.09
153.02 104.79
170.17 111.94
183.51 108.60
189.70 100.03
195.90 89.55
205.90 79.07
210.19 80.97
203.52 70.49
204.95 54.29
206.86 61.91
211.62 62.87
218.29 71.44
200.66 60.01
223.53 31.42
72.98 218.66
58.21 197.22
42.49 203.41
94.42 204.36
97.28 183.40
106.81 171.01
98.71 172.44
105.38 154.82
92.51 159.58
128.72 159.10
143.97 153.86
158.26 159.10
127.77 137.67
106.81 143.38
108.24 133.38
128.72 114.32
144.92 99.55
129.20 102.41
136.82 98.12
112.52 104.79
97.28 116.23
112.52 117.18
104.43 124.80
95.37 130.04
86.80 143.38
72.03 155.77
54.88 166.73
58.69 150.53
60.12 138.14
81.56 127.18
85.37 114.32
83.94 103.84
93.47 103.84
84.89 91.93
62.50 111.94
59.17 100.03
64.88 119.56
46.78 111.94
47.73 122.90
34.87 109.08
26.29 99.55
42.01 107.65
39.63 91.93
46.78 93.83
26.29 120.51
13.90 111.94
4.85 108.13
9.62 120.51
11.52 132.42
18.67 145.29
32.49 153.86
37.73 162.44
41.06 173.40
38.68 189.12
13.90 197.69
21.05 212.46
31.53 221.52
73.93 177.68
1.99 151.96
2.47 173.87
0.09 134.33
7.71 97.17
17.24 102.41
9.14 71.44
13.43 82.40
1.99 68.11
4.38 77.64
53.92 81.92
45.35 77.64
67.74 90.98
72.98 81.92
68.22 76.68
72.03 70.49
79.17 67.15
69.65 62.87
59.64 59.53
33.44 72.40
39.63 67.15
20.57 71.44
45.35 54.77
51.54 47.14
34.87 31.42
34.87 40.95
32.49 49.53
27.72 52.86
13.90 47.14
6.28 60.96
14.38 62.87
97.76 88.59
105.85 90.50
90.61 79.07
97.28 74.78
94.90 63.82
87.27 63.82
112.05 71.44
122.53 69.54
119.19 81.92
139.68 76.68
161.60 80.02
160.64 89.55
181.13 85.26
189.23 83.35
182.56 74.78
189.70 75.73
188.28 64.77
192.56 57.63
180.65 58.10
176.37 60.01
188.28 53.34
171.12 73.35
167.31 60.48
162.07 58.10
154.93 62.87
162.55 43.81
143.97 56.67
134.44 50.96
130.63 61.91
136.82 58.58
140.16 44.76
146.83 48.57
152.54 50.00
129.20 56.20
125.86 51.91
115.38 50.00
116.34 58.10
113.95 63.82
169.22 101.46
93.47 50.00
84.89 52.86
83.46 45.24
83.94 37.62
80.60 40.00
56.31 40.00
63.93 43.81
68.22 39.05
135.39 29.99
135.39 23.80
127.77 25.71
132.53 21.42
126.82 18.56
140.16 22.37
68.69 51.91
62.98 51.91
56.78 54.29
34.87 62.87
121.58 47.14
125.86 42.86
127.77 37.14
124.43 37.14
118.24 30.47
117.77 37.14
114.43 34.76
115.38 43.81
112.05 40.00
108.24 34.76
109.19 46.19
103.95 41.43
107.28 50.96
99.18 45.72
99.66 53.81
101.09 29.99
98.71 29.99
105.38 36.66
99.66 34.28
92.99 38.09
94.42 41.90
85.84 26.18
89.18 25.71
99.66 14.27
81.56 7.13
116.34 9.03
121.58 5.70
124.91 0.46
120.62 2.36
115.38 15.70
114.91 21.42
111.10 22.37
107.28 28.09
111.57 28.56
67.74 19.99
76.32 29.99
79.17 29.04
163.50 32.85
167.79 29.99
173.03 28.09
157.31 31.90
161.12 28.56
165.41 24.75
143.49 35.71
144.92 25.71
149.21 27.13
153.50 24.28
143.97 17.13
144.44 10.94
153.02 11.41
157.78 12.84
152.07 6.65
140.16 39.05
135.39 40.47
153.97 35.23
161.60 37.14
166.84 39.05
173.98 35.71
174.94 41.43
170.65 42.38
176.84 52.86
193.52 40.95
210.19 40.47
213.53 43.33
204.00 41.90
205.43 33.80
212.57 32.38
196.85 29.99
186.85 28.56
229.25 52.86
1.52 24.75
5.33 29.99
10.57 26.18
9.14 20.47
12.95 17.13
14.86 14.27
12.48 9.51
39.16 25.71
34.39 25.71
43.44 28.09
49.64 31.90
43.92 15.70
42.01 21.89
29.63 23.80
26.77 19.51
30.58 15.22
1.04 48.10
0.57 18.56
1.52 11.89
5.33 5.70
132.45 79.30
