5.26 418.22
25.40 416.54
42.75 412.06
58.41 412.62
69.05 412.06
90.31 418.22
117.73 403.11
143.47 417.66
169.76 424.37
188.23 419.34
178.16 405.91
175.36 394.16
200.54 396.96
210.05 409.27
219.56 395.28
236.35 399.75
232.99 415.98
241.95 415.98
253.14 424.37
262.65 426.05
266.01 408.71
251.46 396.96
241.95 379.61
262.65 384.09
282.79 403.11
273.84 395.28
291.75 403.11
293.99 423.81
308.53 416.54
323.08 423.81
318.61 401.43
303.50 398.07
298.46 391.36
289.51 393.60
280.56 382.41
286.15 373.45
300.14 375.13
319.72 374.57
333.15 375.69
305.74 382.41
352.74 421.58
335.39 408.71
346.02 399.19
367.29 418.22
389.67 423.81
379.04 406.47
395.26 412.62
380.16 393.60
360.57 393.04
348.82 379.61
344.34 368.98
356.10 369.54
374.00 382.97
380.16 362.26
398.06 339.88
428.84 317.50
457.93 310.23
460.73 299.03
471.92 300.71
481.99 290.08
495.42 299.03
512.21 300.71
540.19 314.70
542.99 296.80
531.24 291.76
430.52 368.98
416.53 402.55
398.06 399.19
425.48 414.86
436.67 418.78
437.23 408.71
459.05 413.18
475.84 418.22
490.39 411.50
519.48 415.98
495.98 381.29
526.20 384.09
544.66 420.46
559.21 414.86
568.17 409.27
577.68 426.05
603.42 417.10
618.53 423.25
595.02 406.47
611.25 403.67
614.05 403.67
597.82 393.60
601.74 382.41
603.42 364.50
565.37 349.39
578.80 340.44
615.73 342.12
603.98 341.56
612.37 351.63
612.37 357.79
620.20 365.06
590.55 356.67
598.38 353.31
489.83 191.60
475.28 189.36
480.32 189.36
490.39 258.19
495.42 249.23
479.20 252.03
473.04 252.03
463.53 252.03
454.58 252.03
456.81 251.47
508.85 260.98
543.55 270.50
507.17 283.93
488.15 274.97
478.64 274.41
474.72 281.69
467.45 286.72
455.14 280.01
440.59 283.37
436.67 278.33
432.19 294.00
426.60 302.95
398.06 326.45
417.65 301.27
412.61 313.58
401.42 314.14
380.72 324.77
389.67 318.62
380.72 341.56
371.76 336.52
372.32 344.36
1.90 389.12
13.65 366.18
4.14 357.79
7.49 342.68
19.25 394.16
28.20 381.85
28.76 371.78
47.78 369.54
53.94 354.43
58.41 345.48
64.57 339.32
44.98 336.52
31.00 334.85
21.48 332.05
8.61 332.61
19.25 320.86
10.29 321.98
8.61 307.99
92.55 384.09
80.24 378.49
65.69 386.32
78.56 400.87
90.31 400.87
122.76 382.41
152.98 395.84
142.91 390.80
166.97 390.24
160.81 380.73
155.78 358.35
114.37 371.22
97.02 353.87
105.98 361.14
119.96 348.27
131.16 348.27
138.99 340.44
142.35 328.13
137.87 353.87
179.28 363.94
191.59 359.47
199.98 368.42
5.26 300.15
6.93 289.52
12.53 300.15
31.56 319.18
25.40 316.38
28.76 307.99
42.75 326.45
58.41 327.57
61.21 318.06
44.42 313.02
62.89 306.31
54.50 302.95
136.19 369.54
180.40 380.73
211.73 372.34
228.52 375.13
219.56 382.97
188.79 389.68
267.13 376.81
252.58 374.57
31.56 296.80
55.06 291.76
67.37 294.00
74.08 299.03
81.36 307.99
75.20 314.70
70.16 327.57
80.80 327.01
80.80 334.85
88.07 343.80
93.11 332.05
105.98 332.61
105.42 342.12
119.40 322.54
127.80 314.70
112.69 305.75
104.30 314.14
115.49 315.82
102.06 320.86
91.99 316.94
95.90 306.87
83.59 300.15
87.51 288.96
90.87 277.21
91.43 268.82
83.59 273.85
76.32 274.97
103.18 272.74
106.54 293.44
119.40 297.91
122.20 291.20
113.81 276.65
155.22 349.95
154.10 335.40
154.10 328.13
158.57 333.17
175.36 329.25
166.97 333.73
174.80 337.08
178.16 347.16
177.60 359.47
195.50 348.27
201.10 339.32
214.53 339.32
202.78 348.83
234.67 358.35
231.32 345.48
220.12 349.39
221.24 363.94
209.49 363.94
261.53 357.79
248.10 354.43
254.82 346.04
247.54 346.04
254.82 339.32
270.48 342.68
274.96 351.07
276.08 367.30
285.59 355.55
301.26 348.83
300.14 363.94
321.96 361.70
325.88 354.99
327.00 344.36
316.37 344.92
323.08 336.52
311.89 332.05
302.38 338.76
339.31 332.61
348.26 332.61
354.42 343.24
345.46 350.51
361.69 350.51
343.23 356.67
357.21 328.13
365.61 329.81
361.13 324.21
359.45 320.30
362.25 313.02
368.97 313.58
390.23 306.87
380.72 301.83
374.56 307.43
360.57 306.31
356.66 305.19
344.34 305.75
343.79 311.34
332.59 311.34
332.03 302.95
324.76 302.39
323.64 327.57
318.61 320.30
350.50 318.06
294.54 330.37
304.62 331.49
310.77 323.09
314.13 309.67
285.03 334.29
281.12 324.77
285.59 313.02
294.54 307.43
295.10 319.74
292.87 342.12
269.36 315.26
256.50 328.13
247.54 332.05
235.79 333.73
252.02 319.18
227.40 321.42
237.47 316.38
230.20 312.46
273.84 308.55
289.51 302.95
299.58 301.83
312.45 297.91
328.12 292.32
343.23 296.24
335.39 292.88
360.57 297.36
348.82 294.00
405.34 283.37
410.37 290.64
416.53 291.20
400.86 296.24
386.31 297.91
389.67 290.08
359.45 286.16
133.95 300.71
142.35 300.71
152.42 302.95
156.34 309.67
164.73 311.90
175.36 315.82
185.99 313.58
195.50 316.94
204.46 317.50
197.18 306.31
158.57 318.06
148.50 324.77
121.64 270.50
135.63 280.57
143.47 293.44
160.25 294.56
171.44 302.39
176.48 292.32
207.81 310.78
209.49 301.83
223.48 306.87
214.53 306.87
218.45 299.03
133.95 273.85
74.64 213.98
53.38 207.83
69.60 233.57
79.68 234.69
63.45 215.10
83.03 216.78
155.78 227.97
155.78 252.03
183.19 234.13
181.52 211.74
169.76 271.62
216.77 271.06
227.96 269.38
226.28 278.33
229.08 287.28
238.59 285.60
245.86 277.21
252.58 277.21
251.46 290.08
249.22 267.70
241.95 270.50
254.26 273.29
259.85 270.50
386.31 245.88
316.37 173.13
326.44 170.90
334.83 172.02
349.94 171.46
356.10 172.02
363.37 173.69
370.64 171.46
376.80 171.46
418.77 174.25
469.68 169.22
466.33 177.61
460.17 177.05
306.30 233.01
571.52 331.49
583.27 320.30
576.56 313.58
582.15 305.75
594.46 316.94
617.97 311.34
619.64 330.37
613.49 332.61
602.86 329.25
605.66 314.14
601.18 301.27
588.31 301.27
616.29 295.68
614.05 287.84
598.38 278.89
603.42 276.09
607.33 276.09
592.23 291.20
366.73 245.88
372.32 247.56
436.11 244.20
334.83 233.57
192.15 267.70
177.04 267.70
202.22 280.57
217.89 286.72
202.22 291.76
191.59 290.64
212.85 293.44
259.85 306.31
383.51 229.09
408.69 235.25
397.50 231.89
401.98 235.80
314.69 285.05
319.72 286.72
325.32 286.16
282.23 296.24
263.77 291.76
242.51 297.91
283.91 290.64
296.78 288.96
262.09 283.37
291.19 277.77
534.03 245.32
541.31 245.32
290.63 249.79
282.79 251.47
267.69 253.15
385.75 235.80
301.82 272.74
302.94 248.11
67.98 359.86
81.27 366.85
84.07 356.36
42.11 394.12
26.02 398.32
19.73 345.87
26.72 356.36
30.22 345.17
204.35 384.33
265.88 371.05
258.89 371.05
246.30 368.25
246.30 361.95
381.27 368.95
372.88 376.64
310.64 403.91
582.67 414.40
586.16 424.89
154.00 280.84
154.00 285.03
160.99 282.23
170.08 282.23
183.37 275.24
174.98 277.34
175.67 282.93
182.67 291.33
185.47 301.12
186.86 295.52
98.05 293.42
98.75 286.43
108.54 280.84
100.85 278.74
136.51 287.13
135.12 294.82
129.52 291.33
126.72 301.12
119.03 285.03
126.72 280.84
142.11 274.54
147.70 274.54
163.09 271.74
144.91 282.93
228.12 382.23
240.01 373.14
67.98 350.07
78.47 345.87
60.99 400.42
137.21 381.53
126.02 422.09
16.93 291.33
19.03 305.31
39.31 308.11
74.98 286.43
142.81 311.60
142.11 317.90
130.92 324.19
128.82 334.68
117.63 331.88
121.13 340.98
126.72 343.07
155.40 342.37
192.46 330.49
195.95 324.89
202.25 325.59
213.44 329.09
229.52 331.19
243.51 323.49
272.88 318.60
269.38 326.99
263.09 335.38
278.47 336.78
46.30 380.84
93.86 368.95
104.35 371.05
117.63 363.35
222.53 356.36
218.33 317.90
212.74 315.10
235.81 308.11
240.71 306.01
246.30 306.01
230.22 304.61
235.12 296.22
229.52 294.12
231.62 275.24
233.02 280.14
203.65 276.64
195.95 281.53
190.36 279.44
590.36 374.54
592.46 368.95
586.86 341.67
558.89 314.40
502.95 301.81
502.25 293.42
491.76 240.28
441.41 303.91
467.28 274.54
584.77 334.68
578.47 325.59
569.38 320.70
588.26 326.99
592.46 333.28
622.53 337.48
632.32 341.67
640.71 338.18
628.82 336.08
630.92 328.39
628.12 320.70
635.81 325.59
638.61 318.60
619.73 323.49
612.04 325.59
605.74 325.59
605.05 320.70
589.66 313.70
591.76 308.11
598.05 305.31
626.72 304.61
630.22 299.72
608.54 303.21
616.23 302.51
645.60 329.09
639.31 328.39
639.31 333.98
634.42 313.00
630.22 311.60
624.63 311.60
633.02 306.71
639.31 303.21
646.30 306.71
642.81 315.80
654.70 317.20
667.98 319.30
674.98 319.30
683.37 315.10
680.57 308.81
690.36 310.91
681.97 296.92
688.26 296.22
692.46 299.02
695.26 310.21
688.26 304.61
678.47 303.21
669.38 311.60
674.28 308.11
666.58 307.41
669.38 303.91
666.58 298.32
665.19 303.91
655.40 301.81
659.59 296.92
653.30 294.82
648.40 294.12
654.70 308.11
649.80 304.61
664.49 310.91
663.09 314.40
652.60 313.00
642.11 298.32
635.12 296.92
698.75 292.02
692.46 291.33
688.96 285.73
690.36 282.23
676.37 293.42
677.77 287.83
669.38 282.93
674.98 280.14
681.97 276.64
682.67 280.84
645.60 282.93
647.00 275.94
640.01 275.24
654.00 275.24
638.61 281.53
636.51 288.53
661.69 284.33
667.28 289.23
654.70 289.23
650.50 289.23
677.07 233.28
681.97 227.69
686.16 224.89
688.26 237.48
683.37 234.68
680.57 244.47
665.88 246.57
668.68 244.47
672.18 241.67
674.98 246.57
612.04 318.60
621.13 316.50
653.30 322.79
660.99 324.19
568.68 305.31
574.28 301.81
574.98 299.72
577.07 296.22
571.48 294.82
575.67 291.33
584.07 297.62
590.36 297.62
581.27 294.12
581.97 287.83
593.16 298.32
603.65 295.52
598.75 291.33
605.05 292.02
604.35 285.03
594.56 285.03
588.96 285.03
591.76 280.14
600.85 275.24
612.04 281.53
605.74 281.53
612.04 275.94
614.84 272.44
619.03 272.44
619.73 285.73
621.83 280.84
616.23 280.14
596.65 336.08
380.57 175.24
387.56 175.24
391.76 174.54
402.25 173.84
409.24 171.05
412.74 171.05
429.52 175.24
433.02 175.94
440.71 177.34
445.60 179.44
455.40 178.74
520.43 248.67
526.02 247.97
519.03 253.56
523.93 252.16
529.52 250.77
538.61 249.37
519.03 261.26
523.23 260.56
530.22 260.56
537.21 258.46
546.30 257.06
544.21 251.47
547.00 248.67
549.80 245.87
552.60 249.37
554.70 248.67
558.19 248.67
560.99 248.67
561.69 248.67
564.49 248.67
550.50 253.56
555.40 254.26
557.49 257.06
560.29 254.26
563.09 252.16
567.28 252.86
571.48 251.47
573.58 249.37
577.07 250.77
580.57 249.37
582.67 246.57
595.26 247.27
590.36 247.27
596.65 250.77
600.85 251.47
588.26 252.16
584.77 253.56
580.57 253.56
577.07 255.66
573.58 255.66
570.08 256.36
565.19 257.76
537.21 264.05
541.41 261.95
547.00 262.65
549.80 262.65
552.60 261.26
556.09 261.26
562.39 261.26
566.58 259.16
570.78 259.86
574.98 261.26
579.87 259.16
582.67 257.06
586.86 259.16
589.66 257.06
591.76 254.96
595.95 256.36
551.20 265.45
557.49 265.45
561.69 266.15
566.58 266.15
570.08 266.85
574.28 262.65
580.57 263.35
585.47 262.65
592.46 259.86
573.58 268.25
577.77 271.05
581.97 270.35
584.77 269.65
586.86 268.95
591.06 266.15
592.46 264.05
559.59 275.94
554.70 275.94
551.90 271.05
557.49 271.05
565.88 273.84
568.68 272.44
558.19 279.44
563.09 283.63
558.19 285.73
558.19 289.23
560.29 292.72
567.28 289.23
571.48 287.83
570.08 282.23
572.88 282.23
575.67 278.04
579.87 275.94
584.07 275.94
589.66 273.84
603.65 305.31
698.05 257.06
693.86 253.56
690.36 256.36
686.16 254.96
680.57 253.56
698.05 260.56
698.05 265.45
694.56 272.44
690.36 271.74
687.56 267.55
699.45 283.63
698.75 279.44
698.05 275.24
695.26 276.64
690.36 278.74
656.09 284.33
660.99 276.64
665.88 278.04
662.39 280.84
669.38 273.84
671.48 271.74
670.08 269.65
663.79 269.65
651.90 269.65
646.30 270.35
661.69 266.15
656.79 268.25
657.49 260.56
664.49 263.35
667.98 261.95
674.28 261.95
678.47 263.35
684.77 261.26
690.36 261.95
674.98 272.44
678.47 272.44
684.77 271.74
673.58 266.15
679.87 268.25
671.48 266.15
644.21 241.67
651.20 241.67
658.89 245.17
640.01 247.97
645.60 246.57
653.30 246.57
639.31 254.96
643.51 252.86
647.70 250.07
651.90 250.77
657.49 250.77
663.09 254.26
641.41 261.95
646.30 261.26
649.80 259.16
655.40 256.36
672.18 247.27
638.61 267.55
643.51 267.55
647.00 265.45
653.30 263.35
668.68 254.96
268.68 266.15
264.49 268.95
262.39 259.86
261.69 251.47
273.58 253.56
277.07 250.77
273.58 296.92
277.77 300.42
282.67 300.42
268.68 290.63
272.88 291.33
267.98 284.33
269.38 284.33
266.58 277.34
270.08 277.34
275.67 270.35
277.77 269.65
275.67 289.23
278.47 287.13
281.27 282.23
282.67 274.54
285.47 274.54
290.36 262.65
285.47 261.95
295.26 261.26
286.86 257.76
292.46 257.76
300.15 264.05
305.74 260.56
307.84 262.65
314.14 253.56
317.63 231.19
323.93 235.38
322.53 264.05
325.33 259.16
321.13 256.36
315.53 261.26
306.44 254.26
342.81 257.76
347.70 261.95
354.00 251.47
347.00 271.74
342.11 273.14
337.91 270.35
339.31 264.05
341.41 264.05
344.91 264.75
347.00 264.75
351.90 266.85
354.00 261.95
354.00 273.84
350.50 276.64
348.40 282.23
344.91 287.13
383.37 285.03
388.26 282.93
392.46 286.43
411.34 299.72
407.14 305.31
390.36 331.88
398.05 242.37
426.02 213.00
430.92 210.91
434.42 209.51
438.61 209.51
438.61 212.30
441.41 212.30
442.11 208.81
447.00 213.00
449.80 208.11
459.59 210.21
463.79 210.21
466.58 213.00
454.70 210.91
485.47 286.43
448.40 271.74
430.92 282.93
416.93 322.79
360.99 233.28
366.58 232.58
371.48 239.58
372.88 236.78
372.88 233.98
352.60 234.68
356.79 236.78
383.37 238.18
379.87 245.87
379.87 236.78
394.56 237.48
388.96 233.98
391.76 229.79
389.66 229.79
409.24 248.67
403.65 242.37
417.63 232.58
308.54 264.75
309.94 264.75
316.93 272.44
323.23 270.35
328.82 269.65
333.02 266.15
330.92 263.35
298.05 280.14
302.95 283.63
302.95 277.34
308.54 278.04
312.74 278.74
308.54 272.44
307.84 288.53
302.95 289.93
302.95 297.62
321.13 294.12
312.04 294.82
335.81 389.93
336.51 381.53
323.23 385.03
312.74 389.23
272.88 413.70
272.88 384.33
286.86 347.27
90.36 303.21
163.79 326.29
163.79 320.00
221.83 326.99
370.08 282.93
378.47 281.53
364.49 285.03
371.48 296.22
375.67 296.92
374.28 290.63
380.57 289.93
367.98 303.21
354.00 295.52
366.58 292.02
349.80 288.53
351.20 302.51
303.65 308.11
311.34 315.80
321.13 313.00
330.92 318.60
178.47 324.19
134.42 310.91
159.59 303.91
489.66 426.29
460.29 428.39
451.90 418.60
321.83 395.52
270.08 302.51
261.69 298.32
251.20 294.82
222.53 295.52
205.74 277.34
210.64 277.34
209.24 282.93
216.93 278.04
221.83 273.84
223.23 271.05
330.92 327.69
338.61 324.89
379.87 310.91
260.29 345.87
84.07 312.30
123.93 306.01
111.34 338.88
267.28 259.86
343.51 275.94
