694.74 418.22
674.60 416.54
657.25 412.06
641.59 412.62
630.95 412.06
609.69 418.22
582.27 403.11
556.53 417.66
530.24 424.37
511.77 419.34
521.84 405.91
524.64 394.16
499.46 396.96
489.95 409.27
480.44 395.28
463.65 399.75
467.01 415.98
458.05 415.98
446.86 424.37
437.35 426.05
433.99 408.71
448.54 396.96
458.05 379.61
437.35 384.09
417.21 403.11
426.16 395.28
408.25 403.11
406.01 423.81
391.47 416.54
376.92 423.81
381.39 401.43
396.50 398.07
401.54 391.36
410.49 393.60
419.44 382.41
413.85 373.45
399.86 375.13
380.28 374.57
366.85 375.69
394.26 382.41
347.26 421.58
364.61 408.71
353.98 399.19
332.71 418.22
310.33 423.81
320.96 406.47
304.74 412.62
319.84 393.60
339.43 393.04
351.18 379.61
355.66 368.98
343.90 369.54
326.00 382.97
319.84 362.26
301.94 339.88
271.16 317.50
242.07 310.23
239.27 299.03
228.08 300.71
218.01 290.08
204.58 299.03
187.79 300.71
159.81 314.70
157.01 296.80
168.76 291.76
269.48 368.98
283.47 402.55
301.94 399.19
274.52 414.86
263.33 418.78
262.77 408.71
240.95 413.18
224.16 418.22
209.61 411.50
180.52 415.98
204.02 381.29
173.80 384.09
155.34 420.46
140.79 414.86
131.83 409.27
122.32 426.05
96.58 417.10
81.47 423.25
104.98 406.47
88.75 403.67
85.95 403.67
102.18 393.60
98.26 382.41
96.58 364.50
134.63 349.39
121.20 340.44
84.27 342.12
96.02 341.56
87.63 351.63
87.63 357.79
79.80 365.06
109.45 356.67
101.62 353.31
210.17 191.60
224.72 189.36
219.68 189.36
209.61 258.19
204.58 249.23
220.80 252.03
226.96 252.03
236.47 252.03
245.42 252.03
243.19 251.47
191.15 260.98
156.45 270.50
192.83 283.93
211.85 274.97
221.36 274.41
225.28 281.69
232.55 286.72
244.86 280.01
259.41 283.37
263.33 278.33
267.81 294.00
273.40 302.95
301.94 326.45
282.35 301.27
287.39 313.58
298.58 314.14
319.28 324.77
310.33 318.62
319.28 341.56
328.24 336.52
327.68 344.36
698.10 389.12
686.35 366.18
695.86 357.79
692.51 342.68
680.75 394.16
671.80 381.85
671.24 371.78
652.22 369.54
646.06 354.43
641.59 345.48
635.43 339.32
655.02 336.52
669.00 334.85
678.52 332.05
691.39 332.61
680.75 320.86
689.71 321.98
691.39 307.99
607.45 384.09
619.76 378.49
634.31 386.32
621.44 400.87
609.69 400.87
577.24 382.41
547.02 395.84
557.09 390.80
533.03 390.24
539.19 380.73
544.22 358.35
585.63 371.22
602.98 353.87
594.02 361.14
580.04 348.27
568.84 348.27
561.01 340.44
557.65 328.13
562.13 353.87
520.72 363.94
508.41 359.47
500.02 368.42
694.74 300.15
693.07 289.52
687.47 300.15
668.44 319.18
674.60 316.38
671.24 307.99
657.25 326.45
641.59 327.57
638.79 318.06
655.58 313.02
637.11 306.31
645.50 302.95
563.81 369.54
519.60 380.73
488.27 372.34
471.48 375.13
480.44 382.97
511.21 389.68
432.87 376.81
447.42 374.57
668.44 296.80
644.94 291.76
632.63 294.00
625.92 299.03
618.64 307.99
624.80 314.70
629.84 327.57
619.20 327.01
619.20 334.85
611.93 343.80
606.89 332.05
594.02 332.61
594.58 342.12
580.60 322.54
572.20 314.70
587.31 305.75
595.70 314.14
584.51 315.82
597.94 320.86
608.01 316.94
604.10 306.87
616.41 300.15
612.49 288.96
609.13 277.21
608.57 268.82
616.41 273.85
623.68 274.97
596.82 272.74
593.46 293.44
580.60 297.91
577.80 291.20
586.19 276.65
544.78 349.95
545.90 335.40
545.90 328.13
541.43 333.17
524.64 329.25
533.03 333.73
525.20 337.08
521.84 347.16
522.40 359.47
504.50 348.27
498.90 339.32
485.47 339.32
497.22 348.83
465.33 358.35
468.68 345.48
479.88 349.39
478.76 363.94
490.51 363.94
438.47 357.79
451.90 354.43
445.18 346.04
452.46 346.04
445.18 339.32
429.52 342.68
425.04 351.07
423.92 367.30
414.41 355.55
398.74 348.83
399.86 363.94
378.04 361.70
374.12 354.99
373.00 344.36
383.63 344.92
376.92 336.52
388.11 332.05
397.62 338.76
360.69 332.61
351.74 332.61
345.58 343.24
354.54 350.51
338.31 350.51
356.77 356.67
342.79 328.13
334.39 329.81
338.87 324.21
340.55 320.30
337.75 313.02
331.03 313.58
309.77 306.87
319.28 301.83
325.44 307.43
339.43 306.31
343.34 305.19
355.66 305.75
356.21 311.34
367.41 311.34
367.97 302.95
375.24 302.39
376.36 327.57
381.39 320.30
349.50 318.06
405.46 330.37
395.38 331.49
389.23 323.09
385.87 309.67
414.97 334.29
418.88 324.77
414.41 313.02
405.46 307.43
404.90 319.74
407.13 342.12
430.64 315.26
443.50 328.13
452.46 332.05
464.21 333.73
447.98 319.18
472.60 321.42
462.53 316.38
469.80 312.46
426.16 308.55
410.49 302.95
400.42 301.83
387.55 297.91
371.88 292.32
356.77 296.24
364.61 292.88
339.43 297.36
351.18 294.00
294.66 283.37
289.63 290.64
283.47 291.20
299.14 296.24
313.69 297.91
310.33 290.08
340.55 286.16
566.05 300.71
557.65 300.71
547.58 302.95
543.66 309.67
535.27 311.90
524.64 315.82
514.01 313.58
504.50 316.94
495.54 317.50
502.82 306.31
541.43 318.06
551.50 324.77
578.36 270.50
564.37 280.57
556.53 293.44
539.75 294.56
528.56 302.39
523.52 292.32
492.19 310.78
490.51 301.83
476.52 306.87
485.47 306.87
481.55 299.03
566.05 273.85
625.36 213.98
646.62 207.83
630.40 233.57
620.32 234.69
636.55 215.10
616.97 216.78
544.22 227.97
544.22 252.03
516.81 234.13
518.48 211.74
530.24 271.62
483.23 271.06
472.04 269.38
473.72 278.33
470.92 287.28
461.41 285.60
454.14 277.21
447.42 277.21
448.54 290.08
450.78 267.70
458.05 270.50
445.74 273.29
440.15 270.50
313.69 245.88
383.63 173.13
373.56 170.90
365.17 172.02
350.06 171.46
343.90 172.02
336.63 173.69
329.36 171.46
323.20 171.46
281.23 174.25
230.32 169.22
233.67 177.61
239.83 177.05
393.70 233.01
128.48 331.49
116.73 320.30
123.44 313.58
117.85 305.75
105.54 316.94
82.03 311.34
80.36 330.37
86.51 332.61
97.14 329.25
94.34 314.14
98.82 301.27
111.69 301.27
83.71 295.68
85.95 287.84
101.62 278.89
96.58 276.09
92.67 276.09
107.77 291.20
333.27 245.88
327.68 247.56
263.89 244.20
365.17 233.57
507.85 267.70
522.96 267.70
497.78 280.57
482.11 286.72
497.78 291.76
508.41 290.64
487.15 293.44
440.15 306.31
316.49 229.09
291.31 235.25
302.50 231.89
298.02 235.80
385.31 285.05
380.28 286.72
374.68 286.16
417.77 296.24
436.23 291.76
457.49 297.91
416.09 290.64
403.22 288.96
437.91 283.37
408.81 277.77
165.97 245.32
158.69 245.32
409.37 249.79
417.21 251.47
432.31 253.15
314.25 235.80
398.18 272.74
397.06 248.11
632.02 359.86
618.73 366.85
615.93 356.36
657.89 394.12
673.98 398.32
680.27 345.87
673.28 356.36
669.78 345.17
495.65 384.33
434.12 371.05
441.11 371.05
453.70 368.25
453.70 361.95
318.73 368.95
327.12 376.64
389.36 403.91
117.33 414.40
113.84 424.89
546.00 280.84
546.00 285.03
539.01 282.23
529.92 282.23
516.63 275.24
525.02 277.34
524.33 282.93
517.33 291.33
514.53 301.12
513.14 295.52
601.95 293.42
601.25 286.43
591.46 280.84
599.15 278.74
563.49 287.13
564.88 294.82
570.48 291.33
573.28 301.12
580.97 285.03
573.28 280.84
557.89 274.54
552.30 274.54
536.91 271.74
555.09 282.93
471.88 382.23
459.99 373.14
632.02 350.07
621.53 345.87
639.01 400.42
562.79 381.53
573.98 422.09
683.07 291.33
680.97 305.31
660.69 308.11
625.02 286.43
557.19 311.60
557.89 317.90
569.08 324.19
571.18 334.68
582.37 331.88
578.87 340.98
573.28 343.07
544.60 342.37
507.54 330.49
504.05 324.89
497.75 325.59
486.56 329.09
470.48 331.19
456.49 323.49
427.12 318.60
430.62 326.99
436.91 335.38
421.53 336.78
653.70 380.84
606.14 368.95
595.65 371.05
582.37 363.35
477.47 356.36
481.67 317.90
487.26 315.10
464.19 308.11
459.29 306.01
453.70 306.01
469.78 304.61
464.88 296.22
470.48 294.12
468.38 275.24
466.98 280.14
496.35 276.64
504.05 281.53
509.64 279.44
109.64 374.54
107.54 368.95
113.14 341.67
141.11 314.40
197.05 301.81
197.75 293.42
208.24 240.28
258.59 303.91
232.72 274.54
115.23 334.68
121.53 325.59
130.62 320.70
111.74 326.99
107.54 333.28
77.47 337.48
67.68 341.67
59.29 338.18
71.18 336.08
69.08 328.39
71.88 320.70
64.19 325.59
61.39 318.60
80.27 323.49
87.96 325.59
94.26 325.59
94.95 320.70
110.34 313.70
108.24 308.11
101.95 305.31
73.28 304.61
69.78 299.72
91.46 303.21
83.77 302.51
54.40 329.09
60.69 328.39
60.69 333.98
65.58 313.00
69.78 311.60
75.37 311.60
66.98 306.71
60.69 303.21
53.70 306.71
57.19 315.80
45.30 317.20
32.02 319.30
25.02 319.30
16.63 315.10
19.43 308.81
9.64 310.91
18.03 296.92
11.74 296.22
7.54 299.02
4.74 310.21
11.74 304.61
21.53 303.21
30.62 311.60
25.72 308.11
33.42 307.41
30.62 303.91
33.42 298.32
34.81 303.91
44.60 301.81
40.41 296.92
46.70 294.82
51.60 294.12
45.30 308.11
50.20 304.61
35.51 310.91
36.91 314.40
47.40 313.00
57.89 298.32
64.88 296.92
1.25 292.02
7.54 291.33
11.04 285.73
9.64 282.23
23.63 293.42
22.23 287.83
30.62 282.93
25.02 280.14
18.03 276.64
17.33 280.84
54.40 282.93
53.00 275.94
59.99 275.24
46.00 275.24
61.39 281.53
63.49 288.53
38.31 284.33
32.72 289.23
45.30 289.23
49.50 289.23
22.93 233.28
18.03 227.69
13.84 224.89
11.74 237.48
16.63 234.68
19.43 244.47
34.12 246.57
31.32 244.47
27.82 241.67
25.02 246.57
87.96 318.60
78.87 316.50
46.70 322.79
39.01 324.19
131.32 305.31
125.72 301.81
125.02 299.72
122.93 296.22
128.52 294.82
124.33 291.33
115.93 297.62
109.64 297.62
118.73 294.12
118.03 287.83
106.84 298.32
96.35 295.52
101.25 291.33
94.95 292.02
95.65 285.03
105.44 285.03
111.04 285.03
108.24 280.14
99.15 275.24
87.96 281.53
94.26 281.53
87.96 275.94
85.16 272.44
80.97 272.44
80.27 285.73
78.17 280.84
83.77 280.14
103.35 336.08
319.43 175.24
312.44 175.24
308.24 174.54
297.75 173.84
290.76 171.05
287.26 171.05
270.48 175.24
266.98 175.94
259.29 177.34
254.40 179.44
244.60 178.74
179.57 248.67
173.98 247.97
180.97 253.56
176.07 252.16
170.48 250.77
161.39 249.37
180.97 261.26
176.77 260.56
169.78 260.56
162.79 258.46
153.70 257.06
155.79 251.47
153.00 248.67
150.20 245.87
147.40 249.37
145.30 248.67
141.81 248.67
139.01 248.67
138.31 248.67
135.51 248.67
149.50 253.56
144.60 254.26
142.51 257.06
139.71 254.26
136.91 252.16
132.72 252.86
128.52 251.47
126.42 249.37
122.93 250.77
119.43 249.37
117.33 246.57
104.74 247.27
109.64 247.27
103.35 250.77
99.15 251.47
111.74 252.16
115.23 253.56
119.43 253.56
122.93 255.66
126.42 255.66
129.92 256.36
134.81 257.76
162.79 264.05
158.59 261.95
153.00 262.65
150.20 262.65
147.40 261.26
143.91 261.26
137.61 261.26
133.42 259.16
129.22 259.86
125.02 261.26
120.13 259.16
117.33 257.06
113.14 259.16
110.34 257.06
108.24 254.96
104.05 256.36
148.80 265.45
142.51 265.45
138.31 266.15
133.42 266.15
129.92 266.85
125.72 262.65
119.43 263.35
114.53 262.65
107.54 259.86
126.42 268.25
122.23 271.05
118.03 270.35
115.23 269.65
113.14 268.95
108.94 266.15
107.54 264.05
140.41 275.94
145.30 275.94
148.10 271.05
142.51 271.05
134.12 273.84
131.32 272.44
141.81 279.44
136.91 283.63
141.81 285.73
141.81 289.23
139.71 292.72
132.72 289.23
128.52 287.83
129.92 282.23
127.12 282.23
124.33 278.04
120.13 275.94
115.93 275.94
110.34 273.84
96.35 305.31
1.95 257.06
6.14 253.56
9.64 256.36
13.84 254.96
19.43 253.56
1.95 260.56
1.95 265.45
5.44 272.44
9.64 271.74
12.44 267.55
0.55 283.63
1.25 279.44
1.95 275.24
4.74 276.64
9.64 278.74
43.91 284.33
39.01 276.64
34.12 278.04
37.61 280.84
30.62 273.84
28.52 271.74
29.92 269.65
36.21 269.65
48.10 269.65
53.70 270.35
38.31 266.15
43.21 268.25
42.51 260.56
35.51 263.35
32.02 261.95
25.72 261.95
21.53 263.35
15.23 261.26
9.64 261.95
25.02 272.44
21.53 272.44
15.23 271.74
26.42 266.15
20.13 268.25
28.52 266.15
55.79 241.67
48.80 241.67
41.11 245.17
59.99 247.97
54.40 246.57
46.70 246.57
60.69 254.96
56.49 252.86
52.30 250.07
48.10 250.77
42.51 250.77
36.91 254.26
58.59 261.95
53.70 261.26
50.20 259.16
44.60 256.36
27.82 247.27
61.39 267.55
56.49 267.55
53.00 265.45
46.70 263.35
31.32 254.96
431.32 266.15
435.51 268.95
437.61 259.86
438.31 251.47
426.42 253.56
422.93 250.77
426.42 296.92
422.23 300.42
417.33 300.42
431.32 290.63
427.12 291.33
432.02 284.33
430.62 284.33
433.42 277.34
429.92 277.34
424.33 270.35
422.23 269.65
424.33 289.23
421.53 287.13
418.73 282.23
417.33 274.54
414.53 274.54
409.64 262.65
414.53 261.95
404.74 261.26
413.14 257.76
407.54 257.76
399.85 264.05
394.26 260.56
392.16 262.65
385.86 253.56
382.37 231.19
376.07 235.38
377.47 264.05
374.67 259.16
378.87 256.36
384.47 261.26
393.56 254.26
357.19 257.76
352.30 261.95
346.00 251.47
353.00 271.74
357.89 273.14
362.09 270.35
360.69 264.05
358.59 264.05
355.09 264.75
353.00 264.75
348.10 266.85
346.00 261.95
346.00 273.84
349.50 276.64
351.60 282.23
355.09 287.13
316.63 285.03
311.74 282.93
307.54 286.43
288.66 299.72
292.86 305.31
309.64 331.88
301.95 242.37
273.98 213.00
269.08 210.91
265.58 209.51
261.39 209.51
261.39 212.30
258.59 212.30
257.89 208.81
253.00 213.00
250.20 208.11
240.41 210.21
236.21 210.21
233.42 213.00
245.30 210.91
214.53 286.43
251.60 271.74
269.08 282.93
283.07 322.79
339.01 233.28
333.42 232.58
328.52 239.58
327.12 236.78
327.12 233.98
347.40 234.68
343.21 236.78
316.63 238.18
320.13 245.87
320.13 236.78
305.44 237.48
311.04 233.98
308.24 229.79
310.34 229.79
290.76 248.67
296.35 242.37
282.37 232.58
391.46 264.75
390.06 264.75
383.07 272.44
376.77 270.35
371.18 269.65
366.98 266.15
369.08 263.35
401.95 280.14
397.05 283.63
397.05 277.34
391.46 278.04
387.26 278.74
391.46 272.44
392.16 288.53
397.05 289.93
397.05 297.62
378.87 294.12
387.96 294.82
364.19 389.93
363.49 381.53
376.77 385.03
387.26 389.23
427.12 413.70
427.12 384.33
413.14 347.27
609.64 303.21
536.21 326.29
536.21 320.00
478.17 326.99
329.92 282.93
321.53 281.53
335.51 285.03
328.52 296.22
324.33 296.92
325.72 290.63
319.43 289.93
332.02 303.21
346.00 295.52
333.42 292.02
350.20 288.53
348.80 302.51
396.35 308.11
388.66 315.80
378.87 313.00
369.08 318.60
521.53 324.19
565.58 310.91
540.41 303.91
210.34 426.29
239.71 428.39
248.10 418.60
378.17 395.52
429.92 302.51
438.31 298.32
448.80 294.82
477.47 295.52
494.26 277.34
489.36 277.34
490.76 282.93
483.07 278.04
478.17 273.84
476.77 271.05
369.08 327.69
361.39 324.89
320.13 310.91
439.71 345.87
615.93 312.30
576.07 306.01
588.66 338.88
432.72 259.86
356.49 275.94
