220.34 343.98
232.10 344.54
256.16 337.26
274.06 314.88
304.84 292.50
333.93 285.23
336.73 274.03
306.52 343.98
339.53 227.03
330.58 227.03
332.81 226.47
343.45 261.72
331.14 255.01
316.59 258.37
312.67 253.33
308.19 269.00
302.60 277.95
274.06 301.45
293.65 276.27
288.61 288.58
277.42 289.14
256.72 299.77
265.67 293.62
256.72 316.56
247.76 311.52
248.32 319.36
31.78 333.35
7.16 323.27
14.99 315.44
18.35 303.13
13.87 328.87
55.28 338.94
67.59 334.47
75.98 343.42
12.19 344.54
3.80 289.70
31.22 324.95
30.10 310.40
30.10 303.13
34.57 308.17
51.36 304.25
42.97 308.73
50.80 312.08
54.16 322.16
53.60 334.47
71.50 323.27
77.10 314.32
90.53 314.32
78.78 323.83
110.67 333.35
107.32 320.48
96.12 324.39
97.24 338.94
85.49 338.94
137.53 332.79
124.10 329.43
130.82 321.04
123.54 321.04
130.82 314.32
146.48 317.68
150.96 326.07
152.08 342.30
161.59 330.55
177.26 323.83
176.14 338.94
197.96 336.70
201.88 329.99
203.00 319.36
192.37 319.92
199.08 311.52
187.89 307.05
178.38 313.76
215.31 307.61
224.26 307.61
230.42 318.24
221.46 325.51
237.69 325.51
219.23 331.67
233.21 303.13
241.61 304.81
237.13 299.21
235.45 295.30
238.25 288.02
244.97 288.58
266.23 281.87
256.72 276.83
250.56 282.43
236.57 281.31
232.66 280.19
220.34 280.75
219.79 286.34
208.59 286.34
208.03 277.95
200.76 277.39
199.64 302.57
194.61 295.30
226.50 293.06
170.54 305.37
180.62 306.49
186.77 298.09
190.13 284.67
161.03 309.29
157.12 299.77
161.59 288.02
170.54 282.43
171.10 294.74
168.87 317.12
145.36 290.26
132.50 303.13
123.54 307.05
111.79 308.73
128.02 294.18
103.40 296.42
113.47 291.38
106.20 287.46
149.84 283.55
165.51 277.95
175.58 276.83
188.45 272.91
204.12 267.32
219.23 271.24
211.39 267.88
236.57 272.36
224.82 269.00
281.34 258.37
286.37 265.64
292.53 266.20
276.86 271.24
262.31 272.91
265.67 265.08
235.45 261.16
9.95 275.71
18.35 275.71
28.42 277.95
32.34 284.67
40.73 286.90
51.36 290.82
61.99 288.58
71.50 291.94
80.46 292.50
73.18 281.31
34.57 293.06
24.50 299.77
11.63 255.57
19.47 268.44
36.25 269.56
47.44 277.39
52.48 267.32
83.81 285.78
85.49 276.83
99.48 281.87
90.53 281.87
94.45 274.03
9.95 248.85
31.78 202.97
31.78 227.03
59.19 209.13
57.52 186.74
45.76 246.62
92.77 246.06
103.96 244.38
102.28 253.33
105.08 262.28
114.59 260.60
121.86 252.21
128.58 252.21
127.46 265.08
125.22 242.70
117.95 245.50
130.26 248.29
135.85 245.50
262.31 220.88
192.37 148.13
202.44 145.90
210.83 147.02
225.94 146.46
232.10 147.02
239.37 148.69
246.64 146.46
252.80 146.46
294.77 149.25
342.33 152.61
336.17 152.05
182.30 208.01
242.73 220.88
248.32 222.56
312.11 219.20
210.83 208.57
68.15 242.70
53.04 242.70
78.22 255.57
93.89 261.72
78.22 266.76
67.59 265.64
88.85 268.44
135.85 281.31
259.51 204.09
284.69 210.25
273.50 206.89
277.98 210.80
190.69 260.05
195.72 261.72
201.32 261.16
158.23 271.24
139.77 266.76
118.51 272.91
159.91 265.64
172.78 263.96
138.09 258.37
167.19 252.77
166.63 224.79
158.79 226.47
143.69 228.15
261.75 210.80
177.82 247.74
178.94 223.11
122.30 343.25
122.30 336.95
257.27 343.95
30.00 255.84
30.00 260.03
36.99 257.23
46.08 257.23
59.37 250.24
50.98 252.34
51.67 257.93
58.67 266.33
61.47 276.12
62.86 270.52
12.51 262.13
11.12 269.82
5.52 266.33
2.72 276.12
2.72 255.84
18.11 249.54
23.70 249.54
39.09 246.74
20.91 257.93
18.81 286.60
18.11 292.90
6.92 299.19
4.82 309.68
2.72 318.07
31.40 317.37
68.46 305.49
71.95 299.89
78.25 300.59
89.44 304.09
105.52 306.19
119.51 298.49
148.88 293.60
145.38 301.99
139.09 310.38
154.47 311.78
98.53 331.36
94.33 292.90
88.74 290.10
111.81 283.11
116.71 281.01
122.30 281.01
106.22 279.61
111.12 271.22
105.52 269.12
107.62 250.24
109.02 255.14
79.65 251.64
71.95 256.53
66.36 254.44
317.41 278.91
343.28 249.54
256.57 150.24
263.56 150.24
267.76 149.54
278.25 148.84
285.24 146.05
288.74 146.05
305.52 150.24
309.02 150.94
316.71 152.34
321.60 154.44
331.40 153.74
144.68 241.15
140.49 243.95
138.39 234.86
137.69 226.47
149.58 228.56
153.07 225.77
149.58 271.92
153.77 275.42
158.67 275.42
144.68 265.63
148.88 266.33
143.98 259.33
145.38 259.33
142.58 252.34
146.08 252.34
151.67 245.35
153.77 244.65
151.67 264.23
154.47 262.13
157.27 257.23
158.67 249.54
161.47 249.54
166.36 237.65
161.47 236.95
171.26 236.26
162.86 232.76
168.46 232.76
176.15 239.05
181.74 235.56
183.84 237.65
190.14 228.56
193.63 206.19
199.93 210.38
198.53 239.05
201.33 234.16
197.13 231.36
191.53 236.26
182.44 229.26
218.81 232.76
223.70 236.95
230.00 226.47
223.00 246.74
218.11 248.14
213.91 245.35
215.31 239.05
217.41 239.05
220.91 239.75
223.00 239.75
227.90 241.85
230.00 236.95
230.00 248.84
226.50 251.64
224.40 257.23
220.91 262.13
259.37 260.03
264.26 257.93
268.46 261.43
287.34 274.72
283.14 280.31
266.36 306.88
274.05 217.37
302.02 188.00
306.92 185.91
310.42 184.51
314.61 184.51
314.61 187.30
317.41 187.30
318.11 183.81
323.00 188.00
325.80 183.11
335.59 185.21
339.79 185.21
342.58 188.00
330.70 185.91
324.40 246.74
306.92 257.93
292.93 297.79
236.99 208.28
242.58 207.58
247.48 214.58
248.88 211.78
248.88 208.98
228.60 209.68
232.79 211.78
259.37 213.18
255.87 220.87
255.87 211.78
270.56 212.48
264.96 208.98
267.76 204.79
265.66 204.79
285.24 223.67
279.65 217.37
293.63 207.58
184.54 239.75
185.94 239.75
192.93 247.44
199.23 245.35
204.82 244.65
209.02 241.15
206.92 238.35
174.05 255.14
178.95 258.63
178.95 252.34
184.54 253.04
188.74 253.74
184.54 247.44
183.84 263.53
178.95 264.93
178.95 272.62
197.13 269.12
188.04 269.82
162.86 322.27
39.79 301.29
39.79 295.00
97.83 301.99
246.08 257.93
254.47 256.53
240.49 260.03
247.48 271.22
251.67 271.92
250.28 265.63
256.57 264.93
243.98 278.21
230.00 270.52
242.58 267.02
225.80 263.53
227.20 277.51
179.65 283.11
187.34 290.80
197.13 288.00
206.92 293.60
54.47 299.19
10.42 285.91
35.59 278.91
146.08 277.51
137.69 273.32
127.20 269.82
98.53 270.52
81.74 252.34
86.64 252.34
85.24 257.93
92.93 253.04
97.83 248.84
99.23 246.05
206.92 302.69
214.61 299.89
255.87 285.91
136.29 320.87
143.28 234.86
219.51 250.94
