464.93 360.82
473.10 313.59
462.43 310.54
454.95 321.62
467.14 329.66
498.45 345.03
488.06 337.27
484.74 360.13
481.27 373.71
502.33 359.16
519.92 341.15
512.72 329.93
523.66 321.62
530.87 309.98
490.00 300.29
452.60 304.86
30.23 592.65
38.04 189.64
51.71 186.36
19.99 198.94
6.32 203.31
48.43 220.81
40.78 211.52
45.70 204.95
21.09 207.69
23.82 219.72
10.15 231.75
4.68 221.91
16.71 223.55
37.50 233.94
29.84 236.13
58.28 256.36
63.20 245.42
54.45 237.77
40.78 244.88
35.31 247.06
10.70 259.10
27.10 257.46
30.93 268.39
3.59 256.91
18.35 272.22
78.51 244.88
69.22 233.39
89.45 183.62
69.22 191.28
54.45 196.20
116.25 181.43
99.30 190.19
114.06 192.92
128.28 183.62
132.66 191.28
155.08 183.62
166.57 187.45
190.63 176.51
214.15 175.97
230.01 157.37
249.70 164.48
240.40 164.48
250.79 187.45
251.89 175.97
227.82 162.29
225.09 187.45
22.68 237.27
8.62 249.20
16.07 242.17
21.61 260.49
46.54 247.71
55.28 245.15
75.10 250.69
75.10 224.27
63.16 227.46
80.42 229.81
77.23 189.75
107.06 186.34
125.39 193.16
125.60 200.19
135.40 203.39
140.94 197.42
135.19 195.71
146.27 191.24
164.81 196.35
117.29 205.30
111.32 201.04
109.62 220.65
118.35 227.46
124.75 224.27
136.68 222.99
134.12 212.55
128.16 207.65
107.91 229.38
113.24 233.64
91.08 239.18
87.67 248.56
107.49 247.28
128.58 245.15
161.18 233.64
159.05 242.81
146.27 247.07
150.96 259.00
131.78 259.00
123.89 257.94
27.58 283.93
38.23 284.57
41.43 284.57
53.15 291.39
45.27 291.39
42.50 298.42
76.16 292.03
74.46 282.65
75.31 272.85
81.28 265.61
90.01 264.54
110.90 256.23
119.63 253.03
98.75 247.07
178.66 209.14
179.51 204.03
173.54 212.97
194.21 200.62
192.93 184.63
179.51 178.46
185.05 199.76
188.46 212.34
186.54 224.91
181.64 235.14
179.08 245.58
182.49 254.10
189.10 268.80
180.15 284.78
184.41 296.93
189.95 280.95
169.28 274.98
170.35 294.80
155.86 272.43
169.07 259.00
163.31 253.03
176.74 227.89
140.94 261.98
135.19 270.93
143.71 271.79
139.02 292.46
126.66 293.52
131.78 299.49
151.38 297.57
123.68 283.29
116.22 270.29
111.53 263.90
101.95 297.78
79.15 298.85
92.36 281.80
103.86 283.29
109.83 277.33
102.80 272.43
93.21 272.43
78.29 257.72
60.61 298.42
61.89 293.31
170.99 242.17
17.96 307.98
29.55 307.98
34.24 306.87
57.41 307.98
4.44 322.87
12.44 318.18
22.65 322.60
24.58 317.35
31.20 321.22
83.89 320.11
101.82 318.46
118.65 317.35
127.75 309.91
130.79 318.73
140.99 315.42
138.23 324.80
148.99 333.63
148.44 325.35
91.61 325.08
99.61 330.60
105.41 337.49
60.44 329.77
58.51 315.70
24.30 335.01
2.51 339.70
6.65 360.94
33.13 366.73
44.44 365.91
42.24 355.15
33.96 357.08
21.27 365.35
28.99 362.04
13.82 357.91
11.61 377.77
2.79 376.94
16.86 387.42
26.51 406.18
23.20 400.66
32.86 415.01
64.03 408.11
56.86 408.66
63.20 394.87
60.99 388.80
53.55 366.73
34.24 439.01
33.68 445.08
22.10 432.39
24.03 427.70
22.10 440.11
44.99 447.83
72.03 419.42
81.41 443.97
90.51 445.90
82.51 427.42
86.10 432.66
96.85 430.18
112.03 448.94
56.86 454.18
50.79 401.49
39.20 409.77
99.34 401.21
91.34 384.11
90.23 347.42
87.20 338.60
59.89 345.49
111.20 362.32
101.82 361.77
123.89 339.97
110.92 335.56
130.23 346.32
122.23 347.42
115.89 343.56
131.06 337.49
159.47 336.11
168.85 337.77
154.78 347.42
152.30 361.77
176.03 362.87
122.51 362.87
120.85 373.08
124.72 381.63
116.99 386.59
108.72 378.87
115.34 396.53
110.65 387.97
95.48 391.28
137.13 434.59
168.58 442.87
171.89 447.83
162.78 453.63
170.78 432.94
161.13 438.46
155.34 428.80
162.78 412.25
187.89 420.52
194.78 433.21
224.02 442.59
206.65 442.04
221.54 434.32
238.92 442.04
216.02 427.70
165.54 315.15
160.03 300.80
196.71 301.08
208.85 303.84
190.37 316.80
213.82 323.42
211.06 349.35
219.06 366.73
223.47 355.15
231.75 368.66
208.03 377.49
204.44 392.66
230.65 387.97
218.51 405.35
188.99 402.59
184.58 404.25
162.51 400.39
251.61 427.15
239.75 410.32
204.16 286.73
9.17 476.29
7.21 462.92
20.34 484.69
28.63 479.85
26.21 462.92
33.12 462.23
42.79 460.85
49.70 479.16
38.30 482.27
39.68 490.90
37.26 495.39
29.67 511.97
51.08 545.13
52.46 536.84
41.41 542.37
21.72 552.73
45.90 502.99
65.59 516.81
66.28 507.83
53.15 505.76
59.37 468.45
73.88 458.78
84.93 457.40
91.84 465.69
96.33 498.50
97.71 483.30
83.90 485.72
116.02 493.32
111.53 488.83
114.64 468.11
103.24 508.86
75.95 508.86
77.33 522.68
90.46 526.48
112.91 523.37
104.28 527.52
131.22 504.37
136.06 490.90
124.66 516.12
117.06 548.24
112.91 546.86
97.71 539.26
95.99 545.13
99.44 552.73
68.70 551.01
160.93 497.47
171.98 494.70
160.58 478.47
152.29 477.43
136.40 474.32
118.09 464.65
137.78 545.48
153.67 535.81
163.69 535.12
173.36 537.19
143.65 527.52
172.67 479.85
181.65 462.23
192.70 467.76
198.58 480.89
211.01 487.10
206.18 518.19
196.85 516.81
176.47 517.85
181.31 537.88
191.32 539.61
199.96 546.17
188.56 552.73
225.52 552.39
139.51 556.19
241.41 524.06
255.57 530.63
273.88 546.86
301.17 523.03
220.34 458.78
214.47 451.53
229.66 454.98
225.17 475.01
239.34 476.05
253.15 490.21
289.42 495.74
290.46 486.41
301.86 492.28
302.55 507.14
299.78 502.30
307.73 514.39
317.40 511.97
245.21 499.19
248.32 454.98
248.32 441.51
273.88 461.54
263.86 459.12
270.08 447.73
286.31 447.03
300.13 442.20
310.15 443.58
306.69 461.20
289.08 468.45
297.02 463.27
272.50 407.31
255.23 406.27
258.33 393.15
228.63 386.24
222.06 381.40
223.10 394.53
249.01 508.17
286.66 435.98
277.68 435.98
269.39 429.42
216.54 394.88
284.59 423.89
304.97 399.71
313.26 396.95
297.37 391.77
283.90 392.80
283.90 385.55
284.93 374.84
314.64 371.73
300.13 352.04
274.91 356.88
254.88 370.01
254.88 370.01
17.55 595.79
45.29 577.86
58.14 566.70
57.13 559.26
72.68 596.12
47.32 592.06
84.86 603.23
82.49 590.37
65.58 587.33
66.93 573.12
86.21 555.20
87.57 515.63
130.18 538.63
106.85 569.40
111.92 577.52
116.65 601.20
135.59 607.96
152.51 605.93
141.68 592.74
146.76 582.59
98.73 571.77
185.99 557.57
175.51 555.87
160.28 585.64
148.79 570.08
134.58 571.09
183.62 589.02
187.34 593.76
176.18 582.59
188.36 568.39
196.14 560.95
243.83 569.07
247.55 597.48
289.15 591.39
289.82 598.83
294.22 603.90
293.21 623.86
310.46 603.23
220.49 612.36
276.30 504.13
250.93 488.57
197.49 595.45
225.56 567.71
215.42 562.98
290.50 575.15
215.49 239.49
216.23 222.19
247.61 245.17
259.97 235.04
248.11 233.56
254.53 229.85
253.29 220.46
259.47 215.28
252.80 208.11
244.15 210.58
267.62 210.58
276.52 223.68
269.85 230.10
262.19 224.42
269.60 217.50
215.99 224.91
198.69 238.50
209.81 258.51
214.26 245.42
208.08 243.94
196.22 244.43
214.26 265.68
203.88 279.27
236.99 241.96
238.96 227.13
231.80 221.20
223.40 270.62
233.28 277.54
267.62 266.42
278.50 260.98
286.15 248.88
281.21 243.19
287.64 236.28
298.01 243.94
320.99 221.95
328.16 214.04
321.73 212.31
341.50 214.29
348.17 207.62
357.06 207.12
276.27 231.83
222.66 208.11
215.74 204.65
309.13 256.54
278.25 251.35
275.53 255.05
245.64 290.88
240.20 272.35
269.85 280.50
262.44 272.35
256.51 278.03
266.14 314.35
264.17 322.50
275.28 323.99
288.13 312.13
235.01 326.46
235.75 338.81
288.87 344.25
298.01 335.35
289.37 328.43
306.41 324.73
303.94 316.08
283.93 277.04
296.28 281.49
300.98 251.84
313.58 271.36
297.52 223.92
287.64 216.26
279.98 216.26
289.37 205.89
262.68 205.39
294.31 208.11
294.56 215.03
309.63 206.38
302.21 208.36
315.80 206.38
324.45 207.12
324.70 241.71
305.67 231.33
352.37 219.23
358.30 215.03
207.59 199.83
242.18 198.35
226.86 198.84
289.12 174.14
306.91 174.14
313.83 181.06
306.41 181.55
337.05 172.66
333.10 174.14
286.65 296.69
262.44 282.85
229.33 247.27
224.39 261.11
973.33 671.34
993.27 661.36
978.87 632.55
964.46 651.39
981.08 597.08
1008.79 605.95
1012.11 579.35
1018.76 574.92
999.92 571.59
973.33 579.35
985.52 563.84
1013.22 543.89
1003.25 541.67
1018.76 513.97
975.54 528.37
977.76 549.43
973.33 562.73
948.95 663.58
920.13 648.06
947.84 649.17
951.16 595.98
957.81 572.70
923.46 601.52
927.89 588.22
900.18 651.39
903.51 620.36
926.78 617.03
936.75 558.30
947.84 553.86
948.95 512.86
981.08 513.97
977.76 487.37
1006.57 466.31
1006.57 448.58
1015.44 496.24
1005.46 410.90
1017.66 373.22
1013.22 357.71
1013.22 349.95
1017.66 325.57
1012.11 316.70
1012.11 298.97
998.82 297.86
1015.44 235.80
1019.87 184.82
1022.09 200.34
1013.22 175.96
1003.25 173.74
1016.55 154.90
1011.01 144.93
1018.76 88.41
951.16 129.41
958.92 189.26
976.65 150.47
975.54 160.44
994.38 187.04
989.95 197.01
993.27 210.31
986.63 204.77
1006.57 208.10
262.85 190.61
279.85 183.05
256.37 191.42
329.51 195.47
323.03 194.39
315.74 196.28
361.08 182.24
394.54 172.80
402.91 169.56
436.37 169.56
445.28 170.64
426.38 179.00
408.03 181.97
388.60 193.31
386.45 173.61
380.24 171.45
384.02 181.43
374.84 181.97
376.73 195.47
384.83 187.91
388.06 206.80
393.46 205.72
394.27 198.16
401.29 205.18
408.03 213.28
359.73 192.50
353.25 180.89
359.73 230.28
357.84 225.69
362.70 221.10
373.22 217.59
370.25 197.35
369.71 184.13
390.22 214.90
401.02 213.82
405.34 239.99
378.08 234.06
370.25 234.60
378.08 224.88
349.20 232.44
340.84 241.34
334.09 242.15
336.25 253.76
342.73 256.45
344.08 266.44
361.89 258.34
374.84 244.58
383.48 253.49
381.86 247.01
389.68 243.23
370.25 190.07
458.23 180.08
455.80 195.74
464.71 190.61
473.61 186.02
480.09 179.27
476.31 168.75
483.87 168.75
493.58 167.94
489.26 180.89
490.34 192.77
479.28 190.07
483.60 201.13
472.26 198.97
462.55 204.91
473.61 213.82
489.80 210.04
453.37 207.88
436.37 184.67
443.66 198.16
438.53 194.66
430.43 187.64
418.83 191.42
416.13 179.27
421.53 197.35
430.97 208.15
426.92 203.02
410.19 204.64
412.62 249.98
431.24 249.71
448.51 241.34
464.17 234.60
455.26 234.60
456.88 220.56
477.12 241.34
495.47 227.58
494.66 217.05
473.88 178.46
453.10 178.73
471.18 267.25
481.44 272.92
471.45 257.53
465.24 251.60
457.96 238.91
494.93 236.48
489.26 229.47
442.04 265.90
432.59 265.90
421.26 266.44
419.10 286.14
389.95 269.68
391.57 254.57
379.70 280.47
365.94 270.22
350.28 243.77
344.62 273.73
352.98 284.79
349.20 291.00
351.63 295.58
365.67 280.47
374.03 272.92
395.35 282.90
403.18 287.49
390.76 294.77
384.29 289.92
373.49 291.27
454.18 291.81
462.55 262.66
462.82 271.03
490.88 294.23
491.15 279.66
445.01 294.23
435.83 288.30
325.10 308.36
320.23 310.45
331.35 304.43
359.35 337.99
352.18 321.33
378.80 314.84
383.89 309.29
395.70 311.60
380.88 327.81
345.00 356.51
337.36 353.04
330.88 351.65
344.54 334.75
337.36 398.41
328.80 378.50
337.59 372.25
347.78 364.15
359.35 363.46
349.17 376.88
361.90 380.82
352.64 385.68
354.26 423.64
371.85 422.25
364.45 424.57
371.85 408.36
373.71 401.19
332.04 425.49
327.18 419.70
378.80 354.20
367.92 352.34
360.51 324.34
388.98 327.58
405.65 314.84
417.69 331.97
412.59 318.55
430.42 302.34
441.53 311.84
434.35 322.25
440.84 324.57
444.77 341.93
433.20 344.24
413.52 330.35
397.32 357.21
385.28 360.45
422.55 376.88
418.61 379.89
439.21 389.84
436.44 378.04
456.58 395.17
469.77 369.94
475.79 341.93
424.86 389.38
441.76 409.98
394.08 413.46
392.92 394.71
376.25 396.56
411.21 396.33
423.71 407.67
399.17 429.89
391.53 421.56
433.43 427.11
382.04 413.22
399.40 327.11
384.35 339.61
508.41 169.12
503.25 168.54
525.90 167.68
527.91 173.70
550.27 169.98
560.01 158.51
572.62 163.67
579.50 167.68
596.99 162.52
600.72 169.69
575.78 181.73
566.32 178.86
559.15 176.57
545.68 176.00
519.31 180.87
514.43 192.05
518.73 209.82
538.23 200.65
546.54 202.65
572.91 192.05
572.91 200.36
555.14 213.83
546.54 212.97
537.65 224.44
531.06 223.29
524.47 221.29
521.03 228.17
515.29 224.44
500.96 228.45
506.41 244.79
504.69 250.24
510.99 238.77
517.30 255.11
531.63 294.10
520.45 290.94
529.05 264.86
544.53 271.45
552.84 305.28
537.65 329.35
536.22 323.33
550.27 330.79
565.74 313.30
571.48 298.40
564.88 294.96
548.83 287.22
557.14 272.31
553.70 267.44
532.78 233.04
557.14 223.01
546.83 222.43
564.60 225.01
578.36 224.44
585.81 210.39
591.83 212.69
577.78 210.68
584.95 201.79
600.72 187.18
610.46 188.90
616.77 173.70
618.77 161.09
625.94 169.12
612.18 166.54
633.39 168.83
647.44 167.68
660.34 168.54
649.73 159.66
679.26 165.68
672.67 161.66
666.36 161.66
697.03 162.52
705.34 172.56
710.50 170.55
689.58 190.33
677.25 194.34
670.09 198.36
657.47 197.78
663.78 175.14
659.19 188.61
641.13 190.04
635.69 186.60
607.31 202.37
600.43 199.79
625.94 200.65
637.12 204.95
616.48 213.83
596.13 208.10
631.67 214.41
648.30 219.28
657.19 215.84
647.73 200.07
678.97 213.26
696.74 208.39
705.34 223.29
699.90 214.12
693.30 229.03
711.36 236.77
721.68 225.87
721.40 238.20
720.25 263.71
714.52 277.47
719.68 285.50
696.74 267.72
708.78 269.73
697.89 253.11
692.73 242.21
683.84 239.63
655.75 232.47
660.91 241.07
670.09 214.98
664.35 257.69
672.09 248.23
685.28 272.31
670.37 284.92
673.53 302.41
702.76 304.99
707.35 283.20
717.96 325.91
704.77 328.78
694.45 318.75
684.42 327.35
679.26 320.47
664.93 320.47
659.77 317.03
658.05 305.56
636.55 313.02
632.53 329.35
645.72 302.70
623.07 314.16
613.33 319.04
629.09 301.26
599.00 315.02
578.93 318.18
588.39 311.01
601.00 301.55
570.90 322.76
613.90 284.35
601.29 284.92
588.39 280.91
581.80 283.20
575.20 284.92
571.48 273.46
584.66 256.83
592.69 262.28
597.56 258.27
612.47 270.88
608.46 263.42
628.81 269.16
644.86 269.16
633.68 254.83
643.71 251.67
627.09 250.24
616.48 242.79
566.32 239.06
586.96 240.21
605.30 240.78
627.09 208.10
536.22 284.92
312.03 635.12
320.78 625.82
330.08 628.55
353.05 636.76
260.62 654.81
204.29 620.35
193.35 603.94
322.42 594.10
330.63 606.68
348.68 604.49
354.15 615.97
386.96 623.63
371.65 617.07
356.33 593.00
341.57 596.83
338.28 577.69
328.44 580.42
327.35 537.77
316.41 534.48
336.64 550.89
351.41 554.72
360.71 560.74
367.82 556.91
359.07 578.78
359.61 571.13
411.57 673.95
423.60 678.32
459.15 678.32
470.09 669.57
494.16 667.93
514.39 664.10
523.69 669.57
541.19 665.74
563.07 674.49
574.01 662.46
561.97 650.43
508.92 647.15
499.08 636.76
460.25 619.80
458.61 598.47
421.96 595.19
420.32 585.35
407.20 586.44
386.41 562.38
376.57 563.47
398.99 564.02
343.75 530.66
330.08 511.51
322.42 514.79
336.10 503.86
349.22 506.04
356.33 503.31
372.19 490.18
361.26 489.64
331.72 463.38
341.57 465.03
339.93 452.99
350.86 452.99
363.44 434.40
374.38 449.16
372.19 461.20
390.24 469.95
398.99 471.04
406.10 472.14
368.91 506.04
379.85 514.25
392.98 514.79
390.79 531.75
412.12 631.83
538.46 621.44
565.80 626.91
566.90 608.32
576.19 602.85
567.44 598.47
580.02 590.82
572.36 585.35
620.49 590.27
606.27 614.33
602.45 649.88
575.65 638.94
539.55 598.47
530.25 604.49
525.33 603.94
516.03 576.05
508.38 566.20
500.17 572.22
476.65 572.77
475.56 618.16
465.17 563.47
444.93 559.64
435.09 562.38
417.59 561.28
441.10 514.25
428.53 530.66
418.68 490.18
339.93 501.12
437.82 450.81
440.01 436.59
533.53 368.22
525.33 357.28
548.30 366.58
542.83 370.41
565.80 353.45
496.34 437.68
495.80 427.83
489.23 451.90
476.65 448.07
481.03 434.40
473.92 428.38
462.98 466.67
481.03 463.38
487.59 477.60
476.11 478.15
458.06 493.46
450.95 487.45
440.56 489.64
438.37 475.96
447.67 473.78
430.17 473.78
450.40 530.11
465.17 539.41
483.76 495.11
501.27 501.12
491.97 498.39
534.08 506.04
535.17 497.29
549.94 462.84
575.10 422.37
616.12 403.77
628.15 391.19
622.68 349.63
596.98 355.64
651.12 361.66
662.61 353.45
660.97 384.63
650.03 417.44
659.32 407.60
619.95 426.19
601.35 435.49
586.58 444.79
607.91 465.03
599.71 472.14
602.99 485.81
610.10 479.79
616.67 466.12
639.09 443.15
668.62 424.01
670.26 358.92
651.67 389.55
645.65 401.04
592.60 376.42
584.94 351.81
577.29 358.92
560.88 488.00
593.69 474.32
580.57 513.70
612.29 507.68
618.31 493.46
605.18 498.93
646.20 452.99
653.86 459.01
661.51 462.84
669.17 468.85
662.61 481.43
659.87 491.28
644.56 506.04
633.07 462.84
640.18 524.09
650.57 516.44
648.39 550.89
658.78 574.96
661.51 563.47
662.61 584.80
647.29 607.77
656.04 617.07
653.86 638.40
622.68 617.07
604.63 582.61
611.74 564.56
630.88 556.36
624.87 544.33
607.91 539.41
594.79 529.01
585.49 535.58
565.25 530.66
558.69 530.11
568.54 544.33
558.69 547.06
551.04 572.22
523.69 544.33
526.97 530.66
538.46 524.09
485.41 516.44
500.72 550.89
431.26 537.22
505.66 368.51
508.98 380.70
494.57 394.00
620.36 335.82
574.92 337.48
587.11 335.82
566.05 331.94
740.05 248.82
732.29 243.84
738.38 266.56
751.68 262.12
736.17 289.83
755.01 283.73
525.60 144.93
517.85 142.71
707.35 139.39
745.03 152.69
828.15 150.47
722.73 169.81
729.45 173.17
738.18 169.81
757.66 169.14
737.51 179.22
711.32 201.38
763.03 183.92
779.15 178.54
730.79 196.68
722.73 199.37
769.08 197.35
775.79 209.44
767.73 208.10
746.91 220.86
756.99 208.77
757.66 222.87
798.63 159.07
806.02 178.54
793.93 169.14
818.11 194.66
808.70 206.08
828.85 169.14
859.08 147.65
873.18 159.07
898.03 151.68
932.96 140.26
943.03 177.87
971.24 220.19
992.07 217.50
995.42 232.95
986.02 229.59
1000.13 263.17
991.39 255.78
982.66 319.59
964.53 302.13
959.83 257.80
933.63 258.47
949.08 229.59
958.48 220.19
946.39 216.16
941.69 210.78
930.95 216.83
934.30 202.72
951.77 183.92
915.50 191.98
906.77 179.89
910.80 173.84
906.77 164.44
897.36 161.75
894.00 176.53
879.23 162.42
871.84 147.65
846.32 155.04
846.99 165.11
854.38 166.45
876.54 175.19
881.91 176.53
837.59 182.57
852.36 182.57
829.53 207.43
841.62 208.10
848.33 207.43
857.74 214.14
875.20 202.05
872.51 215.49
891.99 222.87
904.75 216.16
901.39 209.44
885.27 206.75
881.24 204.07
789.90 202.72
830.87 232.95
837.59 216.16
850.35 236.31
814.75 239.66
773.78 238.99
773.11 255.78
779.82 246.38
789.23 251.75
789.23 261.16
778.48 265.19
770.42 282.65
793.93 277.28
801.32 267.87
814.75 283.99
804.67 286.68
798.63 294.07
724.75 314.89
750.94 308.84
789.23 299.44
763.03 320.93
713.33 343.10
757.66 351.16
766.39 331.01
785.20 331.68
792.58 335.71
801.32 333.70
820.79 316.90
834.23 333.70
854.38 265.19
859.08 251.75
904.08 232.95
910.12 251.08
909.45 237.65
918.18 238.99
939.01 298.77
891.32 297.43
882.59 288.70
896.02 288.02
895.35 262.50
878.56 260.49
861.09 306.83
869.82 320.93
901.39 331.01
905.42 312.20
912.14 319.59
933.63 318.25
968.56 333.70
968.56 326.31
954.45 333.70
931.62 350.49
914.83 333.70
920.87 349.14
900.72 351.16
981.99 338.40
962.51 349.14
972.59 382.73
980.65 394.14
956.47 427.06
954.45 408.92
933.63 390.11
932.96 372.65
957.81 376.01
955.80 467.35
946.39 474.74
932.96 474.74
939.68 504.97
967.21 487.50
921.54 486.16
917.51 504.30
923.56 464.67
913.48 459.97
938.33 437.13
935.65 410.26
943.03 403.55
946.39 389.44
963.86 392.13
902.74 451.23
889.30 444.52
884.60 456.61
898.03 458.62
902.06 480.79
846.99 481.46
846.32 466.01
875.20 441.16
863.11 443.18
858.41 427.73
916.84 417.65
922.21 407.58
914.15 398.17
902.06 396.16
908.11 384.74
885.27 414.97
877.88 405.56
872.51 394.82
883.26 391.46
882.59 374.67
879.90 343.10
871.17 335.04
852.36 359.22
844.30 333.70
852.36 312.20
832.88 274.59
834.23 255.78
827.51 258.47
824.15 251.75
847.66 246.38
666.99 335.71
685.12 336.38
703.26 366.61
683.78 386.76
687.14 408.92
667.66 397.50
676.39 443.85
695.87 451.91
699.90 437.80
701.91 411.61
681.76 470.71
705.94 472.06
698.55 466.01
723.40 479.44
725.42 449.22
710.64 441.83
728.78 437.13
740.87 433.77
757.66 429.07
752.96 452.58
744.23 459.97
736.17 448.55
736.84 477.43
751.61 471.38
758.33 476.09
774.45 468.03
782.51 480.12
771.09 492.21
732.81 504.30
796.61 457.95
790.57 450.56
821.47 457.28
833.56 455.94
818.78 430.41
847.66 503.62
752.29 399.52
751.61 386.76
740.20 393.47
733.48 382.73
721.39 377.35
716.69 367.95
740.20 359.89
766.39 339.74
766.39 372.65
799.30 371.31
786.54 378.02
790.57 365.26
792.58 353.85
781.84 349.82
822.81 350.49
849.68 406.23
867.81 388.10
853.03 417.65
772.44 430.41
797.96 416.31
829.53 357.20
710.64 388.10
690.02 625.02
694.26 589.35
686.62 596.99
698.08 557.93
692.14 544.77
699.78 537.98
688.74 532.46
683.22 520.57
760.50 515.47
758.37 522.27
741.82 517.60
732.90 529.91
711.25 529.91
749.03 553.69
758.37 551.56
741.39 543.92
774.51 540.95
788.09 544.77
806.35 552.84
795.74 569.82
800.41 581.28
776.63 594.87
749.88 584.26
757.95 603.79
741.39 613.13
725.68 586.38
702.75 577.46
716.34 575.34
712.09 625.87
711.67 645.40
702.75 652.19
690.44 654.74
774.51 618.22
771.96 629.69
767.71 655.59
788.09 660.26
801.68 667.90
715.92 656.44
835.65 637.75
815.69 613.98
802.95 605.49
825.88 587.23
814.42 580.44
826.31 562.60
818.66 555.39
811.02 504.44
873.44 553.69
873.86 539.68
835.65 556.66
867.07 570.67
885.75 566.42
887.02 575.34
898.49 596.57
909.95 577.46
853.48 608.46
872.16 613.98
860.70 616.95
855.60 641.15
776.63 516.32
790.22 498.07
792.76 636.90
808.90 632.66
782.15 452.64
958.92 624.79
873.42 594.31
