1.93 276.82
10.10 229.59
4.14 245.66
35.45 261.03
25.06 253.27
21.74 276.13
18.27 289.71
39.33 275.16
56.92 257.15
49.72 245.93
60.66 237.62
67.87 225.98
27.00 216.29
518.08 513.08
545.79 521.95
536.92 487.59
510.33 495.35
522.52 479.84
540.25 457.67
512.54 444.37
514.76 465.43
510.33 478.73
488.16 511.98
494.81 488.70
460.46 517.52
464.89 504.22
440.51 536.36
463.78 533.03
473.75 474.30
484.84 469.86
485.95 428.86
518.08 429.97
514.76 403.37
543.57 382.31
543.57 364.58
542.46 326.90
535.82 213.86
540.25 89.74
488.16 45.41
495.92 105.26
513.65 66.47
512.54 76.44
531.38 103.04
526.95 113.01
530.27 126.31
523.63 120.77
543.57 124.10
1.71 106.61
10.61 102.02
17.09 95.27
13.31 84.75
20.87 84.75
30.58 83.94
26.26 96.89
27.34 108.77
16.28 106.07
20.60 117.13
9.26 114.97
10.61 129.82
26.80 126.04
1.17 150.60
14.12 157.34
32.47 143.58
31.66 133.05
10.88 94.46
8.18 183.25
18.44 188.92
8.45 173.53
2.24 167.60
31.93 152.48
26.26 145.47
27.88 210.23
28.15 195.66
6.77 285.94
12.79 257.93
45.41 85.12
40.25 84.54
62.90 83.68
64.91 89.70
87.27 85.98
97.01 74.51
109.62 79.67
116.50 83.68
133.99 78.52
137.72 85.69
112.78 97.73
103.32 94.86
96.15 92.57
82.68 92.00
56.31 96.87
51.43 108.05
55.73 125.82
75.23 116.65
83.54 118.65
109.91 108.05
109.91 116.36
92.14 129.83
83.54 128.97
74.65 140.44
68.06 139.29
61.47 137.29
58.03 144.17
52.29 140.44
37.96 144.45
43.41 160.79
41.69 166.24
47.99 154.77
54.30 171.11
68.63 210.10
57.45 206.94
66.05 180.86
81.53 187.45
89.84 221.28
74.65 245.35
73.22 239.33
87.27 246.79
102.74 229.30
108.48 214.40
101.88 210.96
85.83 203.22
94.14 188.31
90.70 183.44
69.78 149.04
94.14 139.01
83.83 138.43
101.60 141.01
115.36 140.44
122.81 126.39
128.83 128.69
114.78 126.68
121.95 117.79
137.72 103.18
147.46 104.90
153.77 89.70
155.77 77.09
162.94 85.12
149.18 82.54
170.39 84.83
184.44 83.68
197.34 84.54
186.73 75.66
216.26 81.68
209.67 77.66
203.36 77.66
234.03 78.52
242.34 88.56
247.50 86.55
226.58 106.33
214.25 110.34
207.09 114.36
194.47 113.78
200.78 91.14
196.19 104.61
178.13 106.04
172.69 102.60
144.31 118.37
137.43 115.79
162.94 116.65
174.12 120.95
153.48 129.83
133.13 124.10
168.67 130.41
185.30 135.28
194.19 131.84
184.73 116.07
215.97 129.26
233.74 124.39
242.34 139.29
236.90 130.12
230.30 145.03
248.36 152.77
258.68 141.87
258.40 154.20
257.25 179.71
251.52 193.47
256.68 201.50
233.74 183.72
245.78 185.73
234.89 169.11
229.73 158.21
220.84 155.63
192.75 148.47
197.91 157.07
207.09 130.98
201.35 173.69
209.09 164.23
222.28 188.31
207.37 200.92
210.53 218.41
239.76 220.99
244.35 199.20
254.96 241.91
241.77 244.78
231.45 234.75
221.42 243.35
216.26 236.47
201.93 236.47
196.77 233.03
195.05 221.56
173.55 229.02
169.53 245.35
182.72 218.70
160.07 230.16
150.33 235.04
166.09 217.26
136.00 231.02
115.93 234.18
125.39 227.01
138.00 217.55
107.90 238.76
150.90 200.35
138.29 200.92
125.39 196.91
118.80 199.20
112.20 200.92
108.48 189.46
121.66 172.83
129.69 178.28
134.56 174.27
149.47 186.88
145.46 179.42
165.81 185.16
181.86 185.16
170.68 170.83
180.71 167.67
164.09 166.24
153.48 158.79
103.32 155.06
123.96 156.21
142.30 156.78
164.09 124.10
73.22 200.92
75.46 537.44
102.80 542.91
103.90 524.32
113.19 518.85
104.44 514.47
117.02 506.82
109.36 501.35
157.49 506.27
143.27 530.33
76.55 514.47
67.25 520.49
62.33 519.94
53.03 492.05
45.38 482.20
37.17 488.22
13.65 488.77
12.56 534.16
2.17 479.47
70.53 284.22
62.33 273.28
85.30 282.58
79.83 286.41
102.80 269.45
33.34 353.68
32.80 343.83
26.23 367.90
13.65 364.07
18.03 350.40
10.92 344.38
18.03 379.38
24.59 393.60
13.11 394.15
2.17 455.41
20.76 411.11
38.27 417.12
28.97 414.39
71.08 422.04
72.17 413.29
86.94 378.84
112.10 338.37
153.12 319.77
165.15 307.19
159.68 265.63
133.98 271.64
188.12 277.66
199.61 269.45
197.97 300.63
187.03 333.44
196.32 323.60
156.95 342.19
138.35 351.49
123.58 360.79
144.91 381.03
136.71 388.14
139.99 401.81
147.10 395.79
153.67 382.12
176.09 359.15
205.62 340.01
207.26 274.92
188.67 305.55
182.65 317.04
129.60 292.42
121.94 267.81
114.29 274.92
97.88 404.00
130.69 390.32
117.57 429.70
149.29 423.68
155.31 409.46
142.18 414.93
183.20 368.99
190.86 375.01
198.51 378.84
206.17 384.85
199.61 397.43
196.87 407.28
181.56 422.04
170.07 378.84
177.18 440.09
187.57 432.44
185.39 466.89
195.78 490.96
198.51 479.47
199.61 500.80
184.29 523.77
193.04 533.07
159.68 533.07
141.63 498.61
148.74 480.56
167.88 472.36
161.87 460.33
144.91 455.41
131.79 445.01
122.49 451.58
102.25 446.66
95.69 446.11
105.54 460.33
95.69 463.06
88.04 488.22
60.69 460.33
63.97 446.66
75.46 440.09
22.41 432.44
37.72 466.89
42.66 284.51
45.98 296.70
31.57 310.00
157.36 251.82
111.92 253.48
124.11 251.82
103.05 247.94
277.05 164.82
269.29 159.84
275.38 182.56
288.68 178.12
273.17 205.83
292.01 199.73
62.60 60.93
54.85 58.71
244.35 55.39
282.03 68.69
365.15 66.47
259.73 85.81
266.45 89.17
275.18 85.81
294.66 85.14
274.51 95.22
248.32 117.38
300.03 99.92
316.15 94.54
267.79 112.68
259.73 115.37
306.08 113.35
312.79 125.44
304.73 124.10
283.91 136.86
293.99 124.77
294.66 138.87
335.63 75.07
343.02 94.54
330.93 85.14
355.11 110.66
345.70 122.08
365.85 85.14
396.08 63.65
410.18 75.07
435.03 67.68
469.96 56.26
480.03 93.87
508.24 136.19
529.07 133.50
532.42 148.95
523.02 145.59
537.13 179.17
528.39 171.78
519.66 235.59
501.53 218.13
496.83 173.80
470.63 174.47
486.08 145.59
495.48 136.19
483.39 132.16
478.69 126.78
467.95 132.83
471.30 118.72
488.77 99.92
452.50 107.98
443.77 95.89
447.80 89.84
443.77 80.44
434.36 77.75
431.00 92.53
416.23 78.42
408.84 63.65
383.32 71.04
383.99 81.11
391.38 82.45
413.54 91.19
418.91 92.53
374.59 98.57
389.36 98.57
366.53 123.43
378.62 124.10
385.33 123.43
394.74 130.14
412.20 118.05
409.51 131.49
428.99 138.87
441.75 132.16
438.39 125.44
422.27 122.75
418.24 120.07
326.90 118.72
367.87 148.95
374.59 132.16
387.35 152.31
351.75 155.66
310.78 154.99
310.11 171.78
316.82 162.38
326.23 167.75
326.23 177.16
315.48 181.19
307.42 198.65
330.93 193.28
338.32 183.87
351.75 199.99
341.67 202.68
335.63 210.07
261.75 230.89
287.94 224.84
326.23 215.44
300.03 236.93
250.33 259.10
294.66 267.16
303.39 247.01
322.20 247.68
329.58 251.71
338.32 249.70
357.79 232.90
371.23 249.70
391.38 181.19
396.08 167.75
441.08 148.95
447.12 167.08
446.45 153.65
455.18 154.99
476.01 214.77
428.32 213.43
419.59 204.70
433.02 204.02
432.35 178.50
415.56 176.49
398.09 222.83
406.82 236.93
438.39 247.01
442.42 228.20
449.14 235.59
470.63 234.25
505.56 249.70
505.56 242.31
491.45 249.70
468.62 266.49
451.83 249.70
457.87 265.14
437.72 267.16
518.99 254.40
499.51 265.14
509.59 298.73
517.65 310.14
493.47 343.06
491.45 324.92
470.63 306.11
469.96 288.65
494.81 292.01
492.80 383.35
483.39 390.74
469.96 390.74
476.68 420.97
504.21 403.50
458.54 402.16
454.51 420.30
460.56 380.67
450.48 375.97
475.33 353.13
472.65 326.26
480.03 319.55
483.39 305.44
500.86 308.13
439.74 367.23
426.30 360.52
421.60 372.61
435.03 374.62
439.06 396.79
383.99 397.46
383.32 382.01
412.20 357.16
400.11 359.18
395.41 343.73
453.84 333.65
459.21 323.58
451.15 314.17
439.06 312.16
445.11 300.74
422.27 330.97
414.88 321.56
409.51 310.82
420.26 307.46
419.59 290.67
416.90 259.10
408.17 251.04
389.36 275.22
381.30 249.70
389.36 228.20
369.88 190.59
371.23 171.78
364.51 174.47
361.15 167.75
384.66 162.38
203.99 251.71
222.12 252.38
240.26 282.61
220.78 302.76
224.14 324.92
204.66 313.50
213.39 359.85
232.87 367.91
236.90 353.80
238.91 327.61
218.76 386.71
242.94 388.06
235.55 382.01
260.40 395.44
262.42 365.22
247.64 357.83
265.78 353.13
277.87 349.77
294.66 345.07
289.96 368.58
281.23 375.97
273.17 364.55
273.84 393.43
288.61 387.38
295.33 392.09
311.45 384.03
319.51 396.12
308.09 408.21
269.81 420.30
333.61 373.95
327.57 366.56
358.47 373.28
370.56 371.94
355.78 346.41
384.66 419.62
289.29 315.52
288.61 302.76
277.20 309.47
270.48 298.73
258.39 293.35
253.69 283.95
277.20 275.89
303.39 255.74
303.39 288.65
336.30 287.31
323.54 294.02
327.57 281.26
329.58 269.85
318.84 265.82
359.81 266.49
386.68 322.23
404.81 304.10
390.03 333.65
309.44 346.41
334.96 332.31
366.53 273.20
247.64 304.10
227.02 541.02
231.26 505.35
223.62 512.99
235.08 473.93
229.14 460.77
236.78 453.98
225.74 448.46
220.22 436.57
297.50 431.47
295.37 438.27
278.82 433.60
269.90 445.91
248.25 445.91
286.03 469.69
295.37 467.56
278.39 459.92
311.51 456.95
325.09 460.77
343.35 468.84
332.74 485.82
337.41 497.28
313.63 510.87
286.88 500.26
294.95 519.79
278.39 529.13
262.68 502.38
239.75 493.46
253.34 491.34
249.09 541.87
311.51 534.22
308.96 545.69
352.69 529.98
339.95 521.49
362.88 503.23
351.42 496.44
363.31 478.60
355.66 471.39
348.02 420.44
410.44 469.69
410.86 455.68
372.65 472.66
404.07 486.67
422.75 482.42
424.02 491.34
435.49 512.57
446.95 493.46
390.48 524.46
409.16 529.98
397.70 532.95
313.63 432.32
327.22 414.07
319.15 368.64
495.92 540.79
410.42 510.31
