398.60 490.18
433.04 476.19
491.16 448.20
12.21 506.32
96.16 486.95
120.92 465.42
174.73 448.20
210.25 455.74
294.20 476.19
340.48 437.44
528.83 452.51
41.27 414.84
99.39 406.23
77.86 381.47
64.95 363.18
28.35 342.73
17.59 320.12
57.41 317.97
101.54 335.19
86.47 330.89
86.47 314.74
89.70 306.13
77.86 299.67
86.47 292.14
116.61 295.37
117.69 317.97
132.75 305.06
120.92 333.04
141.37 317.97
127.37 365.33
135.98 348.11
102.62 357.79
159.66 380.40
183.34 412.69
203.79 365.33
190.88 370.71
191.95 348.11
180.11 333.04
207.02 333.04
227.47 361.02
241.46 398.69
210.25 320.12
196.26 330.89
200.56 310.44
194.10 305.06
284.51 397.62
301.73 383.63
296.35 366.41
270.52 368.56
266.22 344.88
245.77 348.11
335.10 398.69
405.06 375.02
421.20 358.87
434.12 338.42
401.83 328.73
391.07 333.04
368.46 342.73
360.93 370.71
336.18 359.95
334.02 343.80
317.88 343.80
302.81 340.57
284.51 325.51
269.44 320.12
279.13 313.67
265.14 328.73
244.69 320.12
5.80 310.71
32.17 313.40
26.79 315.01
27.33 299.94
36.48 298.33
36.48 289.72
35.94 280.57
25.72 283.26
17.64 289.72
11.19 291.87
0.42 280.03
18.72 277.34
12.26 273.04
47.78 281.11
46.70 292.41
53.16 291.87
47.78 287.57
52.62 282.18
60.16 297.25
66.62 303.71
54.78 309.63
81.15 287.03
73.61 283.26
68.23 283.26
65.00 284.34
67.69 278.42
84.37 281.11
96.21 287.57
91.37 282.18
105.90 291.87
99.98 290.80
108.59 319.86
106.44 323.08
160.79 312.32
143.57 307.48
189.85 320.93
171.02 304.79
172.63 296.18
185.55 298.87
155.95 296.18
180.70 291.87
175.32 288.64
167.25 288.64
158.10 287.03
145.72 290.80
136.04 289.72
116.12 288.10
112.90 291.87
129.04 280.57
177.47 276.27
167.25 274.65
196.85 290.80
207.07 296.18
212.45 290.80
211.92 283.26
198.46 283.26
238.28 302.10
239.36 314.47
250.66 311.24
251.20 295.64
244.20 295.64
247.43 290.80
252.81 287.03
237.21 287.57
241.51 283.26
223.75 280.57
216.76 279.49
269.50 276.27
228.06 339.77
271.11 306.40
279.72 294.56
292.64 297.25
290.49 288.10
298.02 288.10
295.87 280.57
317.93 288.64
310.40 291.33
315.24 304.79
325.47 304.79
328.69 287.57
336.77 284.34
329.23 282.18
333.54 276.80
342.69 274.65
362.60 283.26
370.67 295.64
300.17 299.41
299.10 306.94
293.71 313.40
303.94 316.09
323.31 316.09
334.61 320.93
334.08 309.63
351.83 301.02
345.38 296.18
351.83 291.33
363.14 294.56
371.21 287.03
380.89 293.49
395.96 287.03
391.66 302.10
335.69 329.00
351.83 322.01
363.14 329.00
375.51 318.78
376.05 306.40
360.98 304.79
298.02 275.73
291.56 277.34
281.34 285.95
259.81 287.03
356.68 288.64
404.03 305.86
418.03 302.10
411.57 292.41
414.80 281.11
405.65 283.80
429.87 291.33
436.86 296.18
426.64 303.71
421.79 313.94
428.79 325.77
431.48 418.87
300.17 278.96
225.91 275.19
231.83 272.50
195.23 271.96
204.38 279.49
204.38 275.73
207.07 275.73
195.23 276.80
161.33 271.42
126.89 269.27
125.27 275.19
344.84 289.18
369.59 278.96
399.19 275.19
435.19 387.93
445.96 370.71
471.79 357.79
450.26 340.57
448.11 348.11
480.40 337.34
498.70 320.12
511.61 350.26
500.85 395.47
475.02 396.54
467.48 422.37
510.54 412.69
529.91 372.86
509.46 323.35
454.57 315.82
436.27 310.44
442.73 302.90
457.80 302.90
468.56 310.44
471.79 300.75
478.25 299.67
492.24 305.06
518.07 306.13
310.34 365.33
301.73 357.79
499.77 289.99
525.60 305.06
505.69 334.39
512.69 305.86
503.00 298.33
509.46 289.72
518.07 288.10
198.41 299.41
285.59 290.26
441.65 291.87
427.12 281.65
435.19 280.57
454.57 289.72
438.42 284.34
442.73 281.65
443.81 310.71
465.87 283.26
468.02 288.10
501.39 284.34
477.17 273.04
527.76 289.18
511.61 282.72
484.17 287.03
488.47 287.03
494.39 284.34
476.63 289.72
461.56 276.80
106.02 280.53
117.55 277.65
103.14 273.81
96.41 276.69
57.97 275.73
47.40 272.84
240.56 274.77
245.37 274.77
251.14 274.77
254.02 276.69
30.82 276.69
31.30 272.84
24.57 278.13
21.69 272.84
51.48 275.73
52.92 269.48
58.21 271.40
66.38 271.88
63.97 275.73
70.22 273.81
77.91 275.73
75.03 270.92
79.35 274.29
85.12 273.32
90.88 271.40
95.69 272.84
92.81 274.29
110.58 274.29
113.47 275.25
113.95 270.44
109.62 270.44
120.68 273.81
121.16 278.13
133.17 272.36
135.09 276.69
136.53 281.01
141.34 274.77
145.18 275.73
143.26 280.53
148.06 281.01
151.43 278.61
151.43 273.32
156.23 278.13
161.52 278.13
169.21 280.53
165.84 281.01
176.42 281.97
172.57 276.69
172.57 270.92
176.42 269.96
181.22 270.92
184.58 269.96
182.66 277.17
182.18 282.94
186.51 283.42
188.91 277.65
190.35 285.82
194.19 281.97
209.09 271.40
215.34 274.29
220.14 272.36
227.35 270.44
234.56 269.48
237.92 271.88
233.12 286.78
229.75 292.06
224.47 294.95
225.43 301.68
242.25 277.65
247.53 281.01
253.30 279.09
257.62 272.84
248.97 272.84
261.47 275.73
265.31 273.32
270.12 270.44
274.44 271.88
278.29 272.84
277.81 279.57
272.04 285.34
285.01 278.61
284.05 272.84
292.22 272.36
299.43 272.84
307.60 274.77
307.60 278.61
307.60 285.34
313.36 284.86
318.65 283.42
316.73 280.05
316.25 272.36
313.36 275.73
321.05 274.77
324.42 278.61
323.45 284.38
352.29 278.61
349.40 274.29
346.52 282.45
354.69 281.97
358.53 277.17
364.30 279.57
374.87 281.97
382.08 280.05
376.79 284.86
378.71 275.73
381.60 275.73
389.29 282.94
384.48 285.82
391.69 281.01
395.05 278.13
397.45 278.61
401.30 279.57
408.03 275.25
408.51 280.53
414.75 276.21
420.28 276.21
425.08 274.29
431.33 276.21
441.90 276.69
439.50 273.32
446.71 272.84
451.99 275.25
458.24 276.69
455.36 280.53
457.76 286.78
469.77 277.65
473.62 280.53
478.42 277.17
483.71 277.17
490.44 277.65
495.72 275.25
498.12 272.84
499.56 277.17
505.33 274.29
509.66 274.77
515.90 275.25
522.15 275.73
521.67 280.05
527.44 275.73
