440.60 553.18
475.04 539.19
533.16 511.20
54.21 569.32
90.80 609.15
138.16 549.95
162.92 528.42
216.73 511.20
252.25 518.74
336.20 539.19
382.48 500.44
570.83 515.51
613.88 499.36
669.85 473.53
715.06 450.93
726.90 455.24
719.36 490.75
750.57 468.15
777.48 443.40
788.25 467.08
803.31 453.08
838.83 439.09
807.62 435.86
879.73 493.98
865.74 452.01
880.81 435.86
905.56 429.41
923.86 433.71
905.56 414.34
881.88 415.41
922.78 392.81
915.25 405.73
882.96 396.04
845.29 398.19
833.45 421.87
789.32 420.79
766.72 421.87
736.58 436.94
730.12 411.11
716.13 411.11
704.29 422.95
670.93 438.02
659.09 424.02
668.78 420.79
690.30 411.11
675.23 405.73
646.17 408.96
83.27 477.84
141.39 469.23
119.86 444.47
106.95 426.18
70.35 405.73
40.22 390.66
59.59 383.12
99.41 380.97
143.54 398.19
128.47 393.89
128.47 377.74
131.70 369.13
119.86 362.67
128.47 355.14
158.61 358.37
159.69 380.97
174.75 368.06
162.92 396.04
183.37 380.97
169.37 428.33
177.98 411.11
144.62 420.79
201.66 443.40
225.34 475.69
245.79 428.33
232.88 433.71
233.95 411.11
222.11 396.04
249.02 396.04
269.47 424.02
283.46 461.69
252.25 383.12
238.26 393.89
242.56 373.44
236.10 368.06
326.51 460.62
343.73 446.63
338.35 429.41
312.52 431.56
308.22 407.88
287.77 411.11
377.10 461.69
447.06 438.02
463.20 421.87
476.12 401.42
443.83 391.73
433.07 396.04
410.46 405.73
402.93 433.71
378.18 422.95
376.02 406.80
359.88 406.80
344.81 403.57
326.51 388.51
311.44 383.12
321.13 376.67
307.14 391.73
286.69 383.12
39.19 379.09
47.80 373.71
74.17 376.40
68.79 378.01
69.33 362.94
78.48 361.33
78.48 352.72
77.94 343.57
67.72 346.26
59.64 352.72
53.19 354.87
39.19 354.87
39.19 348.95
41.88 346.26
42.42 343.03
60.72 340.34
54.26 336.04
89.78 344.11
88.70 355.41
95.16 354.87
89.78 350.57
94.62 345.18
102.16 360.25
108.62 366.71
96.78 372.63
123.15 350.03
115.61 346.26
110.23 346.26
107.00 347.34
109.69 341.42
126.37 344.11
138.21 350.57
133.37 345.18
147.90 354.87
141.98 353.80
150.59 382.86
148.44 386.08
202.79 375.32
185.57 370.48
231.85 383.93
213.02 367.79
214.63 359.18
227.55 361.87
197.95 359.18
222.70 354.87
217.32 351.64
209.25 351.64
200.10 350.03
187.72 353.80
178.04 352.72
158.12 351.10
154.90 354.87
171.04 343.57
219.47 339.27
209.25 337.65
238.85 353.80
249.07 359.18
254.45 353.80
253.92 346.26
240.46 346.26
280.28 365.10
281.36 377.47
292.66 374.24
293.20 358.64
286.20 358.64
289.43 353.80
294.81 350.03
279.21 350.57
283.51 346.26
265.75 343.57
258.76 342.49
311.50 339.27
270.06 402.77
313.11 369.40
321.72 357.56
334.64 360.25
332.49 351.10
340.02 351.10
337.87 343.57
359.93 351.64
352.40 354.33
357.24 367.79
367.47 367.79
370.69 350.57
378.77 347.34
371.23 345.18
375.54 339.80
384.69 337.65
404.60 346.26
412.67 358.64
342.17 362.41
341.10 369.94
335.71 376.40
345.94 379.09
365.31 379.09
376.61 383.93
376.08 372.63
393.83 364.02
387.38 359.18
393.83 354.33
405.14 357.56
413.21 350.03
422.89 356.49
437.96 350.03
433.66 365.10
377.69 392.00
393.83 385.01
405.14 392.00
417.51 381.78
418.05 369.40
402.98 367.79
340.02 338.73
333.56 340.34
323.34 348.95
301.81 350.03
398.68 351.64
446.03 368.86
460.03 365.10
453.57 355.41
456.80 344.11
447.65 346.80
471.87 354.33
478.86 359.18
468.64 366.71
463.79 376.94
470.79 388.77
473.48 481.87
342.17 341.96
267.91 338.19
273.83 335.50
237.23 334.96
246.38 342.49
246.38 338.73
249.07 338.73
237.23 339.80
203.33 334.42
168.89 332.27
167.27 338.19
386.84 352.18
411.59 341.96
441.19 338.19
477.19 450.93
487.96 433.71
513.79 420.79
492.26 403.57
490.11 411.11
522.40 400.34
540.70 383.12
553.61 413.26
542.85 458.47
517.02 459.54
509.48 485.37
552.54 475.69
585.90 462.77
594.51 441.24
599.89 436.94
571.91 435.86
577.29 420.79
600.97 411.11
586.98 400.34
577.29 396.04
595.59 386.35
603.12 390.66
585.90 380.97
580.52 370.21
594.51 375.59
654.78 373.44
623.57 396.04
654.78 396.04
551.46 386.35
627.88 433.71
614.96 418.64
633.26 468.15
614.96 467.08
640.79 444.47
680.62 450.93
732.28 388.51
688.15 385.28
682.77 396.04
702.14 390.66
701.06 375.59
713.98 371.28
701.06 368.06
674.16 362.67
669.85 352.99
678.46 352.99
660.17 362.67
496.57 378.82
478.27 373.44
484.73 365.90
499.80 365.90
510.56 373.44
513.79 363.75
520.25 362.67
534.24 368.06
560.07 369.13
748.42 390.66
743.04 407.88
769.95 391.73
792.55 393.89
804.39 392.81
811.92 407.88
822.69 400.34
817.31 383.12
838.83 377.74
888.34 383.12
898.03 380.97
910.94 384.20
914.17 368.06
907.71 373.44
893.72 368.06
896.95 356.22
905.56 352.99
907.71 345.45
920.63 346.53
877.58 343.30
859.28 343.30
849.59 345.45
844.21 350.84
829.14 365.90
872.20 373.44
859.28 385.28
864.66 390.66
852.82 391.73
352.34 428.33
343.73 420.79
222.11 616.68
541.77 352.99
567.60 368.06
604.20 373.44
619.27 369.13
624.65 358.37
547.69 397.39
554.69 368.86
545.00 361.33
551.46 352.72
560.07 351.10
577.83 358.64
590.74 357.02
590.74 345.72
590.21 348.95
240.41 362.41
327.59 353.26
483.65 354.87
469.12 344.65
477.19 343.57
496.57 352.72
480.42 347.34
484.73 344.65
485.81 373.71
507.87 346.26
510.02 351.10
543.39 347.34
519.17 336.04
569.76 352.18
553.61 345.72
617.11 352.18
625.19 348.41
610.66 360.25
651.02 367.25
642.41 362.41
635.41 355.95
644.02 351.10
640.25 352.72
640.25 347.34
633.80 346.26
526.17 350.03
530.47 350.03
536.39 347.34
518.63 352.72
503.56 339.80
576.21 342.49
631.64 338.19
653.71 350.03
645.64 348.41
655.86 343.57
666.09 345.18
704.29 349.49
715.59 359.71
724.21 361.33
724.74 367.79
734.97 376.40
717.75 383.39
669.85 375.86
632.72 383.39
711.29 347.34
734.43 355.95
741.96 356.49
726.90 349.49
719.36 351.10
718.82 347.34
729.59 345.72
733.35 341.96
730.66 338.73
582.13 337.11
591.28 340.88
656.94 353.80
688.15 352.18
693.53 360.25
694.07 367.25
727.97 396.31
752.19 372.09
767.80 369.94
741.43 364.02
750.04 364.56
751.65 359.71
751.11 353.26
757.03 349.49
743.58 345.72
739.81 346.26
757.57 337.11
783.94 338.19
803.85 344.65
817.84 340.88
872.20 364.02
867.35 360.25
829.68 358.64
820.00 361.33
818.92 369.94
799.01 353.80
785.55 360.79
792.01 379.09
784.48 367.79
782.33 380.16
789.86 385.01
762.41 355.95
768.33 341.42
763.49 339.80
722.59 338.19
892.11 348.41
879.73 362.41
851.75 369.94
799.55 366.17
810.31 369.94
773.18 373.71
801.70 381.24
877.58 347.34
866.28 414.61
859.82 399.54
657.47 409.22
804.93 351.64
917.35 375.32
927.57 367.79
918.42 357.56
849.00 358.10
826.40 346.26
788.19 341.42
781.73 350.57
774.20 342.49
808.10 347.34
733.84 366.71
763.98 380.16
683.79 361.33
641.28 334.96
643.97 334.96
637.51 334.96
653.66 325.27
148.02 343.53
159.55 340.65
145.14 336.81
138.41 339.69
99.97 338.73
89.40 335.84
282.56 337.77
287.37 337.77
293.14 337.77
296.02 339.69
72.82 339.69
73.30 335.84
66.57 341.13
63.69 335.84
93.48 338.73
94.92 332.48
100.21 334.40
108.38 334.88
105.97 338.73
112.22 336.81
119.91 338.73
117.03 333.92
121.35 337.29
127.12 336.32
132.88 334.40
137.69 335.84
134.81 337.29
152.58 337.29
155.47 338.25
155.95 333.44
151.62 333.44
162.68 336.81
163.16 341.13
175.17 335.36
177.09 339.69
178.53 344.01
183.34 337.77
187.18 338.73
185.26 343.53
190.06 344.01
193.43 341.61
193.43 336.32
198.23 341.13
203.52 341.13
211.21 343.53
207.84 344.01
218.42 344.97
214.57 339.69
214.57 333.92
218.42 332.96
223.22 333.92
226.58 332.96
224.66 340.17
224.18 345.94
228.51 346.42
230.91 340.65
232.35 348.82
236.19 344.97
251.09 334.40
257.34 337.29
262.14 335.36
269.35 333.44
276.56 332.48
279.92 334.88
275.12 349.78
271.75 355.06
266.47 357.95
267.43 364.68
284.25 340.65
289.53 344.01
295.30 342.09
299.62 335.84
290.97 335.84
303.47 338.73
307.31 336.32
312.12 333.44
316.44 334.88
320.29 335.84
319.81 342.57
314.04 348.34
327.01 341.61
326.05 335.84
334.22 335.36
341.43 335.84
349.60 337.77
349.60 341.61
349.60 348.34
355.36 347.86
360.65 346.42
358.73 343.05
358.25 335.36
355.36 338.73
363.05 337.77
366.42 341.61
365.45 347.38
394.29 341.61
391.40 337.29
388.52 345.45
396.69 344.97
400.53 340.17
406.30 342.57
416.87 344.97
424.08 343.05
418.79 347.86
420.71 338.73
423.60 338.73
431.29 345.94
426.48 348.82
433.69 344.01
437.05 341.13
439.45 341.61
443.30 342.57
450.03 338.25
450.51 343.53
456.75 339.21
462.28 339.21
467.08 337.29
473.33 339.21
483.90 339.69
481.50 336.32
488.71 335.84
493.99 338.25
500.24 339.69
497.36 343.53
499.76 349.78
511.77 340.65
515.62 343.53
520.42 340.17
525.71 340.17
532.44 340.65
537.72 338.25
540.12 335.84
541.56 340.17
547.33 337.29
551.66 337.77
557.90 338.25
564.15 338.73
563.67 343.05
569.44 338.73
576.16 336.81
580.97 339.69
597.31 339.69
608.84 338.73
613.64 338.73
618.93 338.73
619.89 334.88
623.25 339.21
621.33 345.94
639.11 341.61
644.40 339.21
653.53 337.29
658.81 329.12
665.06 334.88
672.27 338.73
675.15 344.49
682.36 340.65
686.68 337.77
692.93 338.25
695.33 344.97
699.66 340.65
707.34 339.69
715.51 339.69
765.97 349.30
774.62 348.82
754.44 346.42
750.59 340.65
743.38 341.13
