24.43 7.36
63.96 21.74
29.22 64.85
14.85 86.41
89.11 31.32
86.71 60.06
57.97 76.83
71.14 51.68
10.06 118.75
6.47 160.66
36.41 166.65
49.58 127.13
138.21 10.96
175.34 1.38
135.81 55.27
115.45 78.03
110.66 111.56
99.89 101.98
78.33 152.28
59.16 169.05
50.78 181.02
20.84 204.98
10.06 219.35
7.67 237.31
12.46 263.66
13.65 250.49
29.22 237.31
49.58 232.52
40.00 216.95
55.57 206.18
218.45 18.14
198.09 57.67
169.35 64.85
152.58 118.75
152.58 140.30
137.01 149.89
116.65 163.06
89.11 203.78
73.54 224.14
44.79 263.66
25.63 294.80
12.46 279.23
5.27 325.94
4.07 348.70
31.62 379.84
45.99 348.70
68.75 307.98
103.48 287.62
109.47 262.47
77.13 266.06
115.45 237.31
110.66 212.16
141.80 185.81
162.16 163.06
180.13 122.34
196.90 87.61
237.62 36.11
251.99 7.36
285.52 13.35
308.28 7.36
272.35 39.70
267.56 81.62
241.21 119.94
230.43 115.15
225.64 85.21
232.83 152.28
219.65 171.44
178.93 183.42
154.98 237.31
165.76 266.06
141.80 287.62
134.62 272.05
137.01 315.16
107.07 305.58
102.28 340.31
79.52 340.31
101.08 360.67
66.35 366.66
61.56 407.38
41.20 430.14
13.65 460.08
30.42 443.31
7.67 434.93
8.86 552.30
63.96 602.60
127.43 597.81
121.44 549.90
131.02 519.96
148.99 497.21
156.18 468.46
159.77 451.70
140.61 463.67
159.77 425.35
195.70 373.85
182.52 334.32
162.16 312.77
188.51 310.37
177.73 279.23
206.48 261.27
207.67 282.83
217.26 309.17
234.02 274.44
234.02 262.47
243.60 236.12
230.43 216.95
263.96 212.16
254.38 181.02
286.72 195.40
315.46 157.07
298.70 152.28
299.89 131.92
295.10 118.75
290.31 97.19
298.70 85.21
289.12 91.20
301.09 68.44
286.72 64.85
315.46 51.68
333.43 27.72
353.79 38.50
359.78 4.97
400.50 27.72
372.95 43.29
389.72 2.57
350.20 85.21
383.73 80.42
383.73 91.20
365.77 99.58
360.98 118.75
334.63 129.52
366.96 133.12
340.61 173.84
333.43 203.78
338.22 228.93
295.10 258.87
329.84 257.67
326.24 270.85
317.86 284.02
295.10 282.83
261.57 358.28
291.51 359.48
304.69 335.52
250.79 312.77
261.57 274.44
194.50 594.22
157.37 575.05
229.23 549.90
218.45 507.99
247.20 552.30
263.96 524.75
272.35 491.22
280.73 458.88
286.72 563.08
311.87 569.07
271.15 546.31
289.12 537.93
298.70 524.75
335.82 499.60
340.61 455.29
364.57 373.85
341.81 352.29
360.98 333.13
360.98 315.16
339.42 304.38
370.56 274.44
374.15 245.70
404.09 254.08
393.31 231.33
414.87 233.72
417.27 210.97
431.64 187.01
374.15 190.61
412.47 169.05
418.46 136.71
406.49 129.52
412.47 110.36
407.68 93.59
419.66 80.42
426.85 30.12
435.23 80.42
452.00 76.83
448.40 48.08
473.56 39.70
478.35 9.76
460.38 7.36
503.50 48.08
498.71 31.32
375.35 566.67
394.51 527.15
364.57 509.18
399.30 497.21
387.32 482.83
364.57 478.04
390.92 466.07
418.46 399.00
423.25 354.69
410.08 357.08
438.82 312.77
420.86 291.21
454.39 242.10
449.60 212.16
455.59 171.44
441.22 160.66
425.65 552.30
423.25 518.76
434.03 499.60
444.81 457.68
492.72 379.84
475.95 360.67
460.38 541.52
517.87 325.94
501.10 297.20
467.57 315.16
493.92 270.85
487.93 232.52
534.64 255.28
541.82 215.76
525.05 190.61
538.23 173.84
507.09 165.45
514.28 143.90
557.39 194.20
578.95 157.07
564.58 137.91
594.52 175.04
607.69 145.09
605.30 104.37
602.90 52.87
590.93 21.74
606.50 2.57
650.81 18.14
652.01 57.67
710.69 4.97
733.45 13.35
710.69 38.50
722.67 64.85
726.26 39.70
738.24 52.87
673.56 63.65
679.55 80.42
697.52 76.83
660.39 148.69
669.97 153.48
681.95 172.64
703.51 169.05
698.72 148.69
715.48 129.52
696.32 208.57
643.62 225.34
631.65 185.81
654.40 194.20
613.68 213.36
601.70 195.40
612.48 282.83
598.11 304.38
547.81 297.20
543.02 317.56
606.50 337.92
614.88 315.16
623.26 346.30
534.64 363.07
552.60 413.37
504.69 451.70
507.09 494.81
547.81 487.63
485.53 528.35
558.59 546.31
600.51 543.92
613.68 507.99
589.73 478.04
631.65 415.77
607.69 388.22
638.83 375.05
649.61 349.89
673.56 323.55
648.41 312.77
667.58 291.21
689.13 292.41
717.88 231.33
747.82 173.84
758.60 110.36
780.16 133.12
795.73 133.12
813.69 101.98
806.50 60.06
804.11 46.89
820.88 38.50
802.91 10.96
835.25 2.57
832.85 52.87
823.27 80.42
854.41 80.42
863.99 48.08
883.16 34.91
884.35 18.14
880.76 88.80
873.57 90.00
859.20 107.97
847.23 139.11
844.83 163.06
813.69 158.27
794.53 189.41
772.97 207.37
780.16 219.35
765.78 245.70
745.42 238.51
787.34 270.85
825.67 257.67
835.25 212.16
822.07 198.99
768.18 317.56
781.35 316.36
787.34 333.13
743.03 337.92
752.61 363.07
725.06 382.23
702.31 348.70
702.31 388.22
679.55 446.90
704.70 457.68
711.89 499.60
702.31 472.06
738.24 450.50
756.20 591.82
811.30 516.37
787.34 499.60
794.53 480.44
816.09 492.42
834.05 478.04
793.33 438.52
772.97 460.08
852.02 442.11
873.57 384.63
913.10 352.29
917.89 317.56
855.61 299.59
884.35 288.81
850.82 274.44
872.38 246.90
865.19 210.97
892.74 190.61
916.69 210.97
934.65 225.34
974.18 189.41
886.75 149.89
895.13 135.51
879.56 118.75
895.13 101.98
916.69 88.80
921.48 72.04
917.89 44.49
927.47 9.76
952.62 26.53
984.96 19.34
958.61 69.64
969.39 80.42
970.58 106.77
952.62 123.54
963.40 146.29
1002.92 158.27
1011.30 179.83
1011.30 88.80
1020.89 51.68
1020.89 39.70
1022.08 195.40
1007.71 222.94
994.54 227.73
987.35 257.67
999.33 324.74
957.41 415.77
1020.89 563.08
1012.50 536.73
1000.53 525.95
933.46 502.00
909.50 482.83
875.97 492.42
860.40 524.75
856.81 577.45
