340.98 505.61
441.26 514.49
607.56 570.35
559.32 325.35
453.96 310.12
395.56 308.85
344.79 423.10
131.52 475.14
177.22 426.90
228.00 429.44
139.14 409.13
101.06 426.90
56.63 426.90
19.81 388.82
5.85 326.62
33.78 322.81
70.59 305.04
113.75 343.12
136.60 344.39
160.72 326.62
220.38 326.62
263.54 329.16
315.59 343.12
135.01 131.76
149.93 129.86
130.25 158.42
130.25 144.14
139.77 151.44
149.30 152.07
158.50 145.73
168.97 147.00
180.40 149.53
204.20 140.65
192.14 141.92
230.22 130.49
218.48 128.91
237.20 138.74
270.21 114.63
233.71 118.43
244.18 123.83
250.85 120.97
260.37 111.13
288.61 106.69
309.24 104.79
334.95 104.15
365.41 86.06
323.84 96.54
335.58 87.97
330.19 75.59
351.45 82.89
335.27 136.52
139.77 200.63
161.67 221.57
134.70 242.20
146.44 223.80
171.19 200.95
156.91 201.26
193.72 203.17
178.81 237.12
169.29 253.63
203.25 242.84
205.78 216.81
233.39 196.19
216.89 201.26
215.62 183.81
232.44 178.41
245.77 174.92
266.08 177.78
268.62 163.18
281.00 167.31
259.73 127.32
253.07 192.38
268.30 190.47
281.31 196.19
260.05 220.94
236.25 233.95
228.32 221.89
245.45 215.86
120.73 222.53
110.58 242.20
8.39 272.03
26.80 289.17
33.78 276.48
54.09 280.29
66.15 280.92
89.63 283.46
101.69 287.90
137.24 282.82
121.37 286.00
186.74 268.86
198.80 272.67
214.67 246.65
246.41 268.86
259.10 244.74
278.14 264.42
282.58 232.05
299.72 268.86
309.24 218.72
292.10 208.56
318.76 227.60
363.19 254.26
393.66 246.01
484.42 256.80
458.40 247.91
462.84 206.66
420.32 217.45
354.94 214.91
330.82 186.35
312.42 189.52
297.18 173.02
283.22 177.46
347.32 191.43
356.21 181.27
370.81 179.37
389.85 193.96
423.49 185.71
493.94 193.33
499.66 164.13
443.80 164.77
480.61 155.25
417.14 163.50
400.01 162.23
382.87 159.06
357.48 155.25
332.73 164.77
322.57 171.11
314.32 158.42
295.28 157.15
347.96 147.63
355.58 141.28
370.17 147.63
379.70 138.11
360.65 141.92
388.58 129.22
396.83 132.40
392.39 147.00
410.16 141.28
420.95 145.09
431.74 140.65
442.53 143.19
452.05 143.19
415.87 125.42
433.01 122.24
441.90 127.95
450.15 128.59
459.67 131.76
472.36 124.78
475.54 136.84
498.39 133.03
457.13 115.90
468.55 80.99
478.08 63.85
501.56 54.96
472.36 46.08
495.21 43.54
485.69 47.98
464.75 62.58
453.32 56.23
441.26 64.48
424.76 67.66
412.70 73.37
398.10 79.08
384.14 84.16
389.85 70.20
69.96 240.93
47.11 247.91
20.45 253.63
6.49 251.72
26.80 238.39
13.47 235.22
2.68 232.05
28.70 228.87
38.22 234.59
49.01 231.41
51.55 224.43
60.44 221.89
74.40 220.62
94.08 238.39
104.23 232.68
102.96 214.28
116.29 211.74
109.31 201.58
121.37 195.23
117.56 202.22
84.55 205.39
58.53 213.64
59.80 206.66
40.12 211.10
24.89 186.35
5.22 183.17
15.37 190.16
31.24 181.27
47.74 180.00
112.48 164.77
116.92 154.61
120.73 148.90
3.95 133.98
19.50 136.21
87.73 165.40
77.57 154.93
163.26 129.86
181.98 134.94
99.79 133.35
90.58 136.52
81.38 136.84
63.93 133.98
52.82 133.98
42.35 136.84
32.51 134.94
23.94 131.45
47.11 168.58
53.14 166.67
64.24 164.13
58.85 159.06
50.91 159.06
17.59 173.02
12.83 150.80
9.34 135.25
174.68 137.79
181.35 189.52
130.89 201.58
2.68 171.11
98.52 156.83
103.91 162.86
69.74 128.59
91.32 218.08
83.07 223.16
18.97 145.73
126.23 162.86
214.46 136.21
183.36 126.69
191.61 128.59
109.73 136.84
100.85 140.65
79.90 259.34
95.77 261.88
165.59 239.03
554.97 260.56
531.44 220.66
579.52 186.90
529.40 177.70
557.02 152.12
612.26 239.08
607.14 140.87
563.15 126.55
542.69 134.73
527.35 129.62
515.07 120.41
541.67 48.80
515.07 44.71
554.97 31.41
538.60 113.25
579.52 34.48
569.29 22.20
591.80 22.20
606.12 18.11
605.10 34.48
603.05 116.32
574.41 107.11
613.54 86.97
511.49 145.28
521.98 152.95
524.28 180.06
536.81 32.50
268.79 117.41
124.04 131.73
191.30 130.83
64.84 173.03
116.11 263.63
