363.98 587.61
464.26 596.49
648.33 750.09
630.56 652.35
748.61 633.31
767.65 484.78
1008.84 681.54
979.65 480.98
843.82 394.66
749.88 414.97
650.87 421.31
582.32 407.35
476.96 392.12
418.56 390.85
367.79 505.10
154.52 557.14
200.22 508.90
251.00 511.44
162.14 491.13
124.06 508.90
79.63 508.90
42.81 470.82
28.85 408.62
56.78 404.81
93.59 387.04
136.75 425.12
159.60 426.39
183.72 408.62
243.38 408.62
286.54 411.16
338.59 425.12
158.01 213.76
172.93 211.86
153.25 240.42
153.25 226.14
162.77 233.44
172.30 234.07
181.50 227.73
191.97 229.00
203.40 231.53
227.20 222.65
215.14 223.92
253.22 212.49
241.48 210.91
260.20 220.74
293.21 196.63
256.71 200.43
267.18 205.83
273.85 202.97
283.37 193.13
311.61 188.69
332.24 186.79
357.95 186.15
388.41 168.06
346.84 178.54
358.58 169.97
353.19 157.59
374.45 164.89
358.27 218.52
162.77 282.63
184.67 303.57
157.70 324.20
169.44 305.80
194.19 282.95
179.91 283.26
216.72 285.17
201.81 319.12
192.29 335.63
226.25 324.84
228.78 298.81
256.39 278.19
239.89 283.26
238.62 265.81
255.44 260.41
268.77 256.92
289.08 259.78
291.62 245.18
304.00 249.31
282.73 209.32
276.07 274.38
291.30 272.47
304.31 278.19
283.05 302.94
259.25 315.95
251.32 303.89
268.45 297.86
143.73 304.53
133.58 324.20
31.39 354.03
49.80 371.17
56.78 358.48
77.09 362.29
89.15 362.92
112.63 365.46
124.69 369.90
160.24 364.82
144.37 368.00
209.74 350.86
221.80 354.67
237.67 328.65
269.41 350.86
282.10 326.74
301.14 346.42
305.58 314.05
322.72 350.86
332.24 300.72
315.10 290.56
341.76 309.60
386.19 336.26
416.66 328.01
507.42 338.80
481.40 329.91
485.84 288.66
443.32 299.45
377.94 296.91
353.82 268.35
335.42 271.52
320.18 255.02
306.22 259.46
370.32 273.43
379.21 263.27
393.81 261.37
412.85 275.96
446.49 267.71
516.94 275.33
522.66 246.13
466.80 246.77
503.61 237.25
440.14 245.50
423.01 244.23
405.87 241.06
380.48 237.25
355.73 246.77
345.57 253.11
337.32 240.42
318.28 239.15
370.96 229.63
378.58 223.28
393.17 229.63
402.70 220.11
383.65 223.92
411.58 211.22
419.83 214.40
415.39 229.00
433.16 223.28
443.95 227.09
454.74 222.65
465.53 225.19
475.05 225.19
438.87 207.42
456.01 204.24
464.90 209.95
473.15 210.59
482.67 213.76
495.36 206.78
498.54 218.84
521.39 215.03
480.13 197.90
491.55 162.99
501.08 145.85
524.56 136.96
495.36 128.08
518.21 125.54
508.69 129.98
487.75 144.58
476.32 138.23
464.26 146.48
447.76 149.66
435.70 155.37
421.10 161.08
407.14 166.16
412.85 152.20
92.96 322.93
70.11 329.91
43.45 335.63
29.49 333.72
49.80 320.39
36.47 317.22
25.68 314.05
51.70 310.87
61.22 316.59
72.01 313.41
74.55 306.43
83.44 303.89
97.40 302.62
117.08 320.39
127.23 314.68
125.96 296.28
139.29 293.74
132.31 283.58
144.37 277.23
140.56 284.22
107.55 287.39
81.53 295.64
82.80 288.66
63.12 293.10
47.89 268.35
22.50 273.43
28.22 265.17
38.37 272.16
54.24 263.27
70.74 262.00
135.48 246.77
139.92 236.61
143.73 230.90
2.51 266.44
8.86 218.52
19.65 217.25
26.95 215.98
42.50 218.21
16.47 262.00
6.00 248.67
110.73 247.40
100.57 236.93
186.26 211.86
204.98 216.94
122.79 215.35
113.58 218.52
104.38 218.84
86.93 215.98
75.82 215.98
65.35 218.84
55.51 216.94
46.94 213.45
2.19 217.57
70.11 250.58
76.14 248.67
87.24 246.13
81.85 241.06
73.91 241.06
40.59 255.02
14.25 250.89
35.83 232.80
32.34 217.25
197.68 219.79
204.35 271.52
153.89 283.58
17.74 242.96
15.20 215.67
25.68 253.11
121.52 238.83
126.91 244.86
92.74 210.59
114.32 300.08
106.07 305.16
41.97 227.73
149.23 244.86
237.46 218.21
206.36 208.69
214.61 210.59
132.73 218.84
123.85 222.65
102.90 341.34
118.77 343.88
10.23 341.97
7.69 319.76
16.58 326.11
10.87 307.70
188.59 321.03
577.97 342.56
554.44 302.66
602.52 268.90
552.40 259.70
580.02 234.12
635.26 321.08
718.12 328.24
701.75 306.75
804.05 302.66
872.59 298.57
972.84 326.19
680.27 257.65
651.62 263.79
630.14 222.87
586.15 208.55
565.69 216.73
550.35 211.62
538.07 202.41
564.67 130.80
538.07 126.71
577.97 113.41
561.60 195.25
602.52 116.48
592.29 104.20
614.80 104.20
629.12 100.11
628.10 116.48
641.40 123.64
626.05 198.32
597.41 189.11
658.79 223.89
759.04 241.28
798.93 226.96
848.04 258.67
946.24 238.21
1011.71 211.62
933.97 197.30
858.27 194.23
788.70 200.36
735.51 241.28
761.08 210.59
766.20 185.02
816.32 177.86
853.15 165.58
906.35 174.79
939.08 160.47
993.30 145.12
737.55 187.07
767.48 296.33
636.54 168.97
652.39 158.74
671.83 196.08
642.67 198.64
807.37 126.01
871.31 142.89
720.42 175.62
930.13 36.50
980.77 67.19
957.24 83.04
994.58 39.05
890.75 82.53
657.25 101.71
674.39 115.01
733.72 131.38
759.29 117.31
780.26 142.63
706.35 85.34
724.26 109.64
702.26 109.89
742.41 167.31
770.16 162.96
917.98 106.06
936.40 134.45
1017.72 116.03
911.84 140.84
890.36 146.21
848.16 132.40
852.26 118.59
534.49 227.28
544.98 234.95
547.28 262.06
559.81 114.50
660.83 167.69
669.53 180.35
694.46 173.06
699.70 193.65
291.79 199.41
147.04 213.73
214.30 212.83
87.84 255.03
795.86 93.97
903.28 68.40
822.46 140.01
833.71 144.10
851.11 146.15
139.11 345.63
675.15 97.04
685.38 97.04
