660.02 587.61
559.74 596.49
375.67 750.09
393.44 652.35
275.39 633.31
256.35 484.78
15.16 681.54
44.35 480.98
180.18 394.66
274.12 414.97
373.13 421.31
441.68 407.35
547.04 392.12
605.44 390.85
656.21 505.10
869.48 557.14
823.78 508.90
773.00 511.44
861.86 491.13
899.94 508.90
944.37 508.90
981.19 470.82
995.15 408.62
967.22 404.81
930.41 387.04
887.25 425.12
864.40 426.39
840.28 408.62
780.62 408.62
737.46 411.16
685.41 425.12
865.99 213.76
851.07 211.86
870.75 240.42
870.75 226.14
861.23 233.44
851.70 234.07
842.50 227.73
832.03 229.00
820.60 231.53
796.80 222.65
808.86 223.92
770.78 212.49
782.52 210.91
763.80 220.74
730.79 196.63
767.29 200.43
756.82 205.83
750.15 202.97
740.63 193.13
712.39 188.69
691.76 186.79
666.05 186.15
635.59 168.06
677.16 178.54
665.42 169.97
670.81 157.59
649.55 164.89
665.73 218.52
861.23 282.63
839.33 303.57
866.30 324.20
854.56 305.80
829.81 282.95
844.09 283.26
807.28 285.17
822.19 319.12
831.71 335.63
797.75 324.84
795.22 298.81
767.61 278.19
784.11 283.26
785.38 265.81
768.56 260.41
755.23 256.92
734.92 259.78
732.38 245.18
720.00 249.31
741.27 209.32
747.93 274.38
732.70 272.47
719.69 278.19
740.95 302.94
764.75 315.95
772.68 303.89
755.55 297.86
880.27 304.53
890.42 324.20
992.61 354.03
974.20 371.17
967.22 358.48
946.91 362.29
934.85 362.92
911.37 365.46
899.31 369.90
863.76 364.82
879.63 368.00
814.26 350.86
802.20 354.67
786.33 328.65
754.59 350.86
741.90 326.74
722.86 346.42
718.42 314.05
701.28 350.86
691.76 300.72
708.90 290.56
682.24 309.60
637.81 336.26
607.34 328.01
516.58 338.80
542.60 329.91
538.16 288.66
580.68 299.45
646.06 296.91
670.18 268.35
688.58 271.52
703.82 255.02
717.78 259.46
653.68 273.43
644.79 263.27
630.19 261.37
611.15 275.96
577.51 267.71
507.06 275.33
501.34 246.13
557.20 246.77
520.39 237.25
583.86 245.50
600.99 244.23
618.13 241.06
643.52 237.25
668.27 246.77
678.43 253.11
686.68 240.42
705.72 239.15
653.04 229.63
645.42 223.28
630.83 229.63
621.30 220.11
640.35 223.92
612.42 211.22
604.17 214.40
608.61 229.00
590.84 223.28
580.05 227.09
569.26 222.65
558.47 225.19
548.95 225.19
585.13 207.42
567.99 204.24
559.10 209.95
550.85 210.59
541.33 213.76
528.64 206.78
525.46 218.84
502.61 215.03
543.87 197.90
532.45 162.99
522.92 145.85
499.44 136.96
528.64 128.08
505.79 125.54
515.31 129.98
536.25 144.58
547.68 138.23
559.74 146.48
576.24 149.66
588.30 155.37
602.90 161.08
616.86 166.16
611.15 152.20
931.04 322.93
953.89 329.91
980.55 335.63
994.51 333.72
974.20 320.39
987.53 317.22
998.32 314.05
972.30 310.87
962.78 316.59
951.99 313.41
949.45 306.43
940.56 303.89
926.60 302.62
906.92 320.39
896.77 314.68
898.04 296.28
884.71 293.74
891.69 283.58
879.63 277.23
883.44 284.22
916.45 287.39
942.47 295.64
941.20 288.66
960.88 293.10
976.11 268.35
1001.50 273.43
995.78 265.17
985.63 272.16
969.76 263.27
953.26 262.00
888.52 246.77
884.08 236.61
880.27 230.90
1021.49 266.44
1015.14 218.52
1004.35 217.25
997.05 215.98
981.50 218.21
1007.53 262.00
1018.00 248.67
913.27 247.40
923.43 236.93
837.74 211.86
819.02 216.94
901.21 215.35
910.42 218.52
919.62 218.84
937.07 215.98
948.18 215.98
958.65 218.84
968.49 216.94
977.06 213.45
1021.81 217.57
953.89 250.58
947.86 248.67
936.76 246.13
942.15 241.06
950.09 241.06
983.41 255.02
1009.75 250.89
988.17 232.80
991.66 217.25
826.32 219.79
819.65 271.52
870.11 283.58
1006.26 242.96
1008.80 215.67
998.32 253.11
902.48 238.83
897.09 244.86
931.26 210.59
909.68 300.08
917.93 305.16
982.03 227.73
874.77 244.86
786.54 218.21
817.64 208.69
809.39 210.59
891.27 218.84
900.15 222.65
921.10 341.34
905.23 343.88
1013.77 341.97
1016.31 319.76
1007.42 326.11
1013.13 307.70
835.41 321.03
446.03 342.56
469.56 302.66
421.48 268.90
471.60 259.70
443.98 234.12
388.74 321.08
305.88 328.24
322.25 306.75
219.95 302.66
151.41 298.57
51.16 326.19
343.73 257.65
372.38 263.79
393.86 222.87
437.85 208.55
458.31 216.73
473.65 211.62
485.93 202.41
459.33 130.80
485.93 126.71
446.03 113.41
462.40 195.25
421.48 116.48
431.71 104.20
409.20 104.20
394.88 100.11
395.90 116.48
382.60 123.64
397.95 198.32
426.59 189.11
365.21 223.89
264.96 241.28
225.07 226.96
175.96 258.67
77.76 238.21
12.29 211.62
90.03 197.30
165.73 194.23
235.30 200.36
288.49 241.28
262.92 210.59
257.80 185.02
207.68 177.86
170.85 165.58
117.65 174.79
84.92 160.47
30.70 145.12
286.45 187.07
256.52 296.33
387.46 168.97
371.61 158.74
352.17 196.08
381.33 198.64
216.63 126.01
152.69 142.89
303.58 175.62
93.87 36.50
43.23 67.19
66.76 83.04
29.42 39.05
133.25 82.53
366.75 101.71
349.61 115.01
290.28 131.38
264.71 117.31
243.74 142.63
317.65 85.34
299.74 109.64
321.74 109.89
281.59 167.31
253.84 162.96
106.02 106.06
87.60 134.45
6.28 116.03
112.16 140.84
133.64 146.21
175.84 132.40
171.74 118.59
489.51 227.28
479.02 234.95
476.72 262.06
464.19 114.50
363.17 167.69
354.47 180.35
329.54 173.06
324.30 193.65
732.21 199.41
876.96 213.73
809.70 212.83
936.16 255.03
228.14 93.97
120.72 68.40
201.54 140.01
190.29 144.10
172.89 146.15
884.89 345.63
348.85 97.04
338.62 97.04
