744.05 648.67
407.39 611.10
227.04 472.83
55.70 560.00
6.11 599.08
126.34 737.35
93.28 436.76
171.43 375.14
321.72 444.27
344.27 352.60
202.99 318.03
163.91 301.50
82.76 316.52
169.93 214.33
257.10 188.78
335.25 224.85
383.34 221.84
368.31 193.28
431.44 188.78
490.05 181.26
526.12 185.77
541.15 307.51
674.91 361.61
859.77 275.95
915.38 357.10
964.98 301.50
1010.07 269.93
998.04 251.90
1002.55 212.82
961.97 188.78
939.43 172.24
924.40 193.28
907.87 227.85
877.81 245.89
847.75 178.25
853.76 82.07
877.81 92.59
888.33 71.55
919.89 64.03
925.90 49.00
927.40 50.51
940.93 47.50
974.00 50.51
946.94 47.50
975.50 92.59
1016.08 106.11
969.49 157.21
939.43 146.69
766.59 172.24
739.54 161.72
730.52 157.21
729.02 134.67
721.50 121.14
674.91 154.21
698.96 199.30
739.54 214.33
617.80 169.24
619.30 158.72
736.53 64.03
814.68 36.98
808.67 55.01
801.16 53.51
664.39 49.00
653.87 49.00
650.86 71.55
629.82 71.55
532.13 42.99
581.73 80.56
450.97 137.68
438.95 137.68
475.02 95.59
9.11 164.73
40.67 133.17
66.22 122.65
112.81 146.69
136.86 76.06
201.49 100.10
230.04 118.14
248.08 139.18
276.63 143.69
324.73 124.15
344.27 124.15
368.31 80.56
381.84 80.56
399.87 82.07
452.48 49.00
432.94 23.45
419.41 17.44
411.90 17.44
392.36 33.97
402.88 59.52
374.32 26.46
344.27 59.52
312.70 59.52
317.21 44.49
311.20 33.97
327.73 27.96
317.21 11.43
317.21 18.94
308.20 8.42
297.67 5.42
315.71 5.42
282.65 39.98
263.11 5.42
252.59 5.42
252.59 20.45
249.58 11.43
219.52 11.43
219.52 5.42
204.49 12.93
196.98 15.94
177.44 5.42
166.92 2.41
159.40 2.41
138.36 5.42
148.88 26.46
174.43 36.98
142.87 49.00
165.42 61.03
151.89 64.03
133.85 64.03
209.00 70.04
124.84 64.03
120.33 38.48
117.32 30.97
87.26 12.93
97.78 8.42
63.22 8.42
73.74 15.94
81.25 15.94
67.73 39.98
34.66 65.53
78.25 97.10
52.70 38.48
40.67 8.42
48.19 0.91
33.16 0.91
30.15 9.93
13.62 15.94
4.60 17.44
4.60 36.98
22.64 29.46
9.11 143.69
812.60 244.52
950.70 96.19
959.91 100.28
437.68 45.10
437.17 50.73
455.07 23.11
460.18 12.37
461.21 2.14
452.00 3.67
470.92 10.83
528.21 55.85
539.46 45.62
559.92 38.45
538.44 108.02
536.91 83.98
359.42 46.64
367.09 39.99
374.76 48.68
326.17 39.48
376.30 63.52
203.93 23.62
184.49 10.83
212.62 1.63
200.35 1.63
160.96 43.06
94.47 44.59
106.23 49.20
125.67 50.22
108.28 26.69
112.37 35.90
101.63 28.74
106.74 5.21
121.58 4.18
133.34 5.21
153.29 82.44
186.54 31.29
191.14 32.32
248.94 47.15
152.78 12.88
138.97 33.85
439.72 14.41
127.20 18.51
285.77 11.35
274.51 12.37
88.59 23.11
54.32 11.35
61.48 13.39
50.74 60.96
67.62 279.37
366.84 138.19
371.95 118.76
66.59 49.20
239.48 5.21
303.41 15.73
309.55 17.52
736.16 337.92
795.67 37.51
775.33 36.01
762.71 14.82
786.04 15.89
710.48 12.04
704.06 30.87
682.87 31.51
670.02 40.50
694.64 56.99
690.14 55.49
686.93 48.00
674.73 60.20
738.09 104.93
697.85 114.78
766.77 88.45
763.56 106.00
821.78 132.97
750.29 143.35
708.77 132.65
930.09 215.70
977.18 185.74
723.32 748.04
603.88 276.49
571.78 286.34
568.78 223.84
559.79 206.71
556.79 174.18
678.80 171.18
716.90 189.16
611.80 104.61
604.10 75.93
612.87 77.64
570.06 79.78
621.44 77.86
546.95 77.21
513.34 90.48
525.33 65.87
508.85 61.80
506.28 82.35
497.07 83.85
478.88 84.49
591.47 22.85
585.90 41.90
581.62 48.32
576.70 48.32
586.55 54.95
599.17 45.32
650.12 30.98
482.30 21.99
475.67 45.96
461.11 36.54
475.03 26.06
473.96 70.15
456.19 80.21
459.83 54.95
731.24 174.39
454.05 123.02
304.86 67.47
331.62 69.62
388.12 93.80
388.98 72.18
413.81 64.26
408.03 64.26
420.45 87.59
423.23 54.85
426.22 43.07
411.35 45.75
396.79 50.46
401.39 36.65
386.09 55.92
380.85 46.93
420.87 25.63
429.65 29.91
413.49 31.09
440.24 3.80
396.04 22.42
375.17 18.35
371.96 14.93
366.40 14.18
350.88 23.17
363.94 30.34
355.05 34.30
375.60 35.58
442.81 41.90
337.18 16.05
330.55 8.99
331.51 18.30
333.65 31.89
317.81 33.17
309.89 44.63
300.04 41.31
280.03 20.54
291.27 18.30
417.66 58.86
299.29 13.05
328.83 55.22
367.25 55.86
208.54 120.77
153.10 131.90
196.98 41.79
167.66 55.27
229.09 38.42
216.99 41.95
238.83 84.33
175.04 16.48
164.55 15.84
141.54 16.48
134.59 19.58
183.07 7.81
207.36 10.59
232.51 10.81
223.84 11.98
238.93 19.58
268.69 20.54
274.47 44.30
258.30 42.70
240.65 70.95
299.29 88.83
287.74 81.01
313.96 91.29
296.73 31.78
331.72 44.79
157.38 31.57
88.99 37.45
76.69 25.57
67.70 15.89
70.48 158.34
15.68 22.04
