279.95 648.67
616.61 611.10
796.96 472.83
968.30 560.00
1017.89 599.08
897.66 737.35
930.72 436.76
852.57 375.14
702.28 444.27
679.73 352.60
821.01 318.03
860.09 301.50
941.24 316.52
854.07 214.33
766.90 188.78
688.75 224.85
640.66 221.84
655.69 193.28
592.56 188.78
533.95 181.26
497.88 185.77
482.85 307.51
349.09 361.61
164.23 275.95
108.62 357.10
59.02 301.50
13.93 269.93
25.96 251.90
21.45 212.82
62.03 188.78
84.57 172.24
99.60 193.28
116.13 227.85
146.19 245.89
176.25 178.25
170.24 82.07
146.19 92.59
135.67 71.55
104.11 64.03
98.10 49.00
96.60 50.51
83.07 47.50
50.00 50.51
77.06 47.50
48.50 92.59
7.92 106.11
54.51 157.21
84.57 146.69
257.41 172.24
284.46 161.72
293.48 157.21
294.98 134.67
302.50 121.14
349.09 154.21
325.04 199.30
284.46 214.33
406.20 169.24
404.70 158.72
287.47 64.03
209.32 36.98
215.33 55.01
222.84 53.51
359.61 49.00
370.13 49.00
373.14 71.55
394.18 71.55
491.87 42.99
442.27 80.56
573.03 137.68
585.05 137.68
548.98 95.59
1014.89 164.73
983.33 133.17
957.78 122.65
911.19 146.69
887.14 76.06
822.51 100.10
793.96 118.14
775.92 139.18
747.37 143.69
699.27 124.15
679.73 124.15
655.69 80.56
642.16 80.56
624.13 82.07
571.52 49.00
591.06 23.45
604.59 17.44
612.10 17.44
631.64 33.97
621.12 59.52
649.68 26.46
679.73 59.52
711.30 59.52
706.79 44.49
712.80 33.97
696.27 27.96
706.79 11.43
706.79 18.94
715.80 8.42
726.33 5.42
708.29 5.42
741.35 39.98
760.89 5.42
771.41 5.42
771.41 20.45
774.42 11.43
804.48 11.43
804.48 5.42
819.51 12.93
827.02 15.94
846.56 5.42
857.08 2.41
864.60 2.41
885.64 5.42
875.12 26.46
849.57 36.98
881.13 49.00
858.58 61.03
872.11 64.03
890.15 64.03
815.00 70.04
899.16 64.03
903.67 38.48
906.68 30.97
936.74 12.93
926.22 8.42
960.78 8.42
950.26 15.94
942.75 15.94
956.27 39.98
989.34 65.53
945.75 97.10
971.30 38.48
983.33 8.42
975.81 0.91
990.84 0.91
993.85 9.93
1010.38 15.94
1019.40 17.44
1019.40 36.98
1001.36 29.46
1014.89 143.69
211.40 244.52
73.30 96.19
64.09 100.28
586.32 45.10
586.83 50.73
568.93 23.11
563.82 12.37
562.79 2.14
572.00 3.67
553.08 10.83
495.79 55.85
484.54 45.62
464.08 38.45
485.56 108.02
487.09 83.98
664.58 46.64
656.91 39.99
649.24 48.68
697.83 39.48
647.70 63.52
820.07 23.62
839.51 10.83
811.38 1.63
823.65 1.63
863.04 43.06
929.53 44.59
917.77 49.20
898.33 50.22
915.72 26.69
911.63 35.90
922.37 28.74
917.26 5.21
902.42 4.18
890.66 5.21
870.71 82.44
837.46 31.29
832.86 32.32
775.06 47.15
871.22 12.88
885.03 33.85
584.28 14.41
896.80 18.51
738.23 11.35
749.49 12.37
935.41 23.11
969.68 11.35
962.52 13.39
973.26 60.96
956.38 279.37
657.16 138.19
652.05 118.76
957.41 49.20
784.52 5.21
720.59 15.73
714.45 17.52
287.84 337.92
228.33 37.51
248.67 36.01
261.29 14.82
237.96 15.89
313.52 12.04
319.94 30.87
341.13 31.51
353.98 40.50
329.36 56.99
333.86 55.49
337.07 48.00
349.27 60.20
285.91 104.93
326.15 114.78
257.23 88.45
260.44 106.00
202.22 132.97
273.71 143.35
315.23 132.65
93.91 215.70
46.82 185.74
300.68 748.04
420.12 276.49
452.22 286.34
455.22 223.84
464.21 206.71
467.21 174.18
345.20 171.18
307.10 189.16
412.20 104.61
419.90 75.93
411.13 77.64
453.94 79.78
402.56 77.86
477.05 77.21
510.66 90.48
498.67 65.87
515.15 61.80
517.72 82.35
526.93 83.85
545.12 84.49
432.53 22.85
438.10 41.90
442.38 48.32
447.30 48.32
437.45 54.95
424.83 45.32
373.88 30.98
541.70 21.99
548.33 45.96
562.89 36.54
548.97 26.06
550.04 70.15
567.81 80.21
564.17 54.95
292.76 174.39
569.95 123.02
719.14 67.47
692.38 69.62
635.88 93.80
635.02 72.18
610.19 64.26
615.97 64.26
603.55 87.59
600.77 54.85
597.78 43.07
612.65 45.75
627.21 50.46
622.61 36.65
637.91 55.92
643.15 46.93
603.13 25.63
594.35 29.91
610.51 31.09
583.76 3.80
627.96 22.42
648.83 18.35
652.04 14.93
657.60 14.18
673.12 23.17
660.06 30.34
668.95 34.30
648.40 35.58
581.19 41.90
686.82 16.05
693.45 8.99
692.49 18.30
690.35 31.89
706.19 33.17
714.11 44.63
723.96 41.31
743.97 20.54
732.73 18.30
606.34 58.86
724.71 13.05
695.17 55.22
656.75 55.86
815.46 120.77
870.90 131.90
827.02 41.79
856.34 55.27
794.91 38.42
807.01 41.95
785.17 84.33
848.96 16.48
859.45 15.84
882.46 16.48
889.41 19.58
840.93 7.81
816.64 10.59
791.49 10.81
800.16 11.98
785.07 19.58
755.31 20.54
749.53 44.30
765.70 42.70
783.35 70.95
724.71 88.83
736.26 81.01
710.04 91.29
727.27 31.78
692.28 44.79
866.62 31.57
935.01 37.45
947.31 25.57
956.30 15.89
953.52 158.34
1008.32 22.04
