404.09 402.05
394.91 385.31
418.13 388.55
430.01 371.26
394.91 366.94
420.83 336.70
392.20 334.00
374.92 344.80
354.40 385.31
369.52 380.45
343.06 396.65
324.16 343.18
334.42 326.44
319.83 317.80
333.34 300.51
363.04 307.53
401.93 303.75
422.45 316.18
426.77 301.59
422.99 269.19
434.87 264.87
411.65 245.97
428.93 234.08
395.45 274.05
383.56 262.71
376.00 249.21
358.18 256.77
363.04 285.39
334.96 275.67
330.64 258.39
341.44 236.78
367.36 212.48
376.54 212.48
397.61 228.68
412.73 222.20
421.37 211.40
435.41 208.70
428.93 204.38
420.29 195.20
399.23 200.06
398.69 191.42
404.09 183.32
424.61 177.38
422.99 161.71
432.17 158.47
426.77 151.45
438.65 151.99
437.57 136.33
420.29 141.73
419.21 122.29
406.79 130.93
411.65 147.13
408.95 165.49
399.77 163.33
406.25 154.69
388.96 153.07
397.61 174.68
385.18 180.62
371.14 183.86
357.64 178.46
360.88 199.52
354.40 195.20
343.06 204.38
342.52 186.02
346.30 165.49
331.72 149.29
339.82 141.73
350.08 147.67
364.66 146.59
374.92 158.47
393.29 142.81
401.93 140.11
377.62 124.45
365.74 133.09
393.83 123.37
400.31 115.81
412.73 117.43
405.17 107.17
405.17 98.52
414.89 94.20
425.69 94.20
430.55 115.81
428.39 79.08
420.83 82.32
413.27 77.46
424.07 68.28
437.57 69.90
431.09 57.48
420.83 57.48
407.33 70.98
401.39 80.16
407.87 92.04
396.53 94.20
390.58 93.66
381.94 83.40
391.12 81.78
393.29 72.06
389.50 66.66
395.99 61.80
407.87 58.56
417.59 47.22
426.23 47.76
396.53 54.78
401.93 48.30
401.39 40.74
407.33 36.42
411.65 31.55
417.05 29.39
427.85 31.55
439.19 36.96
438.11 31.55
427.85 21.29
438.11 18.59
427.31 12.11
433.79 9.41
413.27 13.19
419.21 22.37
400.85 26.15
406.25 18.59
401.93 14.81
398.15 18.59
392.20 27.23
395.99 38.04
382.48 46.68
388.42 53.70
380.32 58.02
380.32 73.14
375.46 83.40
383.02 100.68
382.48 113.11
373.84 105.55
364.12 117.97
362.50 110.95
353.86 107.71
361.96 99.06
367.90 89.88
361.42 91.50
354.40 88.80
358.18 81.24
367.36 73.68
356.56 70.98
367.36 57.48
358.72 56.94
360.88 53.16
372.22 47.76
365.74 45.06
372.76 34.80
378.16 37.50
380.86 31.55
373.84 28.31
380.32 18.59
384.64 10.49
390.58 13.73
394.91 5.63
388.96 3.47
402.47 7.79
407.33 4.01
373.30 14.27
366.28 9.41
354.40 7.25
360.88 18.59
366.28 25.07
359.80 33.17
352.78 33.71
350.08 21.29
351.70 15.35
344.68 9.41
339.82 14.27
341.98 27.23
345.76 38.04
339.28 47.22
340.90 57.48
331.18 53.16
330.64 61.26
335.50 63.42
341.44 66.12
347.92 68.82
346.30 78.54
339.82 82.32
332.80 84.48
339.82 96.36
345.22 100.14
353.32 98.52
347.92 125.53
329.56 120.13
327.40 134.17
323.07 139.57
311.19 127.15
314.97 115.81
323.07 113.65
320.37 103.93
325.78 99.60
318.75 94.74
324.16 88.26
318.75 80.70
313.89 72.06
319.83 62.88
312.81 55.32
318.75 50.46
319.29 41.28
313.35 42.36
320.91 28.85
319.83 19.67
314.43 20.75
314.43 26.69
328.48 190.88
319.83 190.88
316.05 173.06
329.02 168.73
307.41 168.19
312.81 207.62
326.32 205.46
317.67 225.98
314.43 262.71
302.55 243.27
291.21 269.73
299.31 285.39
290.13 309.16
300.93 370.18
276.63 357.76
269.61 339.94
248.54 334.00
274.47 269.19
262.59 262.17
265.29 234.62
291.75 233.00
282.57 216.80
293.91 200.60
305.79 185.48
296.07 175.76
278.79 186.02
266.91 171.98
273.93 176.30
288.51 163.87
287.43 151.99
299.85 153.07
297.15 139.03
281.49 143.35
285.27 134.17
294.99 124.45
282.57 122.29
287.43 109.87
303.63 109.33
308.49 100.68
301.47 84.48
286.89 81.78
283.11 93.12
280.95 102.84
267.45 89.88
269.07 101.22
261.51 135.79
257.73 115.81
251.24 127.15
250.70 108.79
251.78 94.74
259.89 81.24
272.31 80.16
273.93 72.06
285.27 70.44
293.91 66.12
285.81 56.94
297.69 53.70
298.23 42.36
307.41 43.44
303.09 33.71
311.19 33.71
306.33 26.69
302.55 21.29
302.01 16.43
307.41 16.43
314.97 13.73
317.67 8.33
330.64 16.43
331.72 7.25
323.61 4.55
311.73 5.63
306.33 5.63
298.23 6.17
294.99 20.75
287.43 18.05
292.29 12.11
285.81 8.33
277.71 7.79
278.25 21.29
278.79 15.89
276.63 29.39
280.95 34.80
283.11 40.20
290.67 42.36
291.75 34.80
289.59 27.23
296.07 28.31
278.79 48.84
268.53 44.52
259.89 41.28
266.37 37.50
266.37 33.71
257.19 31.55
265.83 25.61
264.75 20.21
261.51 13.19
267.99 7.79
263.13 3.47
255.02 5.63
252.32 7.79
246.38 15.35
252.32 22.91
248.54 33.17
253.40 60.72
263.67 57.48
272.31 63.42
256.65 72.60
264.21 71.52
250.70 82.32
242.06 88.80
233.42 87.72
237.74 76.38
241.52 66.12
245.30 58.02
242.06 49.38
235.04 43.98
232.88 38.04
237.74 29.93
232.88 21.83
238.82 18.59
231.26 14.27
223.16 8.33
239.90 5.63
220.46 28.85
223.16 20.75
213.98 12.11
212.90 21.29
210.74 31.55
205.88 25.07
217.22 43.98
209.66 48.84
214.52 56.94
226.94 54.78
230.18 60.18
217.22 66.12
216.14 74.76
225.86 80.70
215.60 87.72
216.68 103.39
226.40 109.87
237.74 105.55
242.06 97.44
234.50 119.59
237.20 130.39
228.56 123.91
219.92 122.29
228.02 143.89
217.76 136.33
232.34 155.23
246.92 161.17
250.16 152.53
257.19 161.71
263.67 150.37
270.15 158.47
253.94 139.03
235.58 176.30
248.00 195.74
241.52 192.50
248.00 207.08
255.57 221.66
245.84 230.84
244.22 256.23
250.70 280.53
228.02 262.17
236.66 299.43
208.58 286.47
201.02 310.24
196.16 327.52
210.74 373.42
248.54 372.88
252.86 359.92
186.43 359.38
188.06 389.63
216.14 391.25
146.47 394.49
153.49 375.58
143.77 343.72
160.51 322.66
178.87 327.52
166.45 271.35
180.49 244.89
192.38 232.46
216.68 241.11
203.18 202.22
222.62 220.58
217.76 193.58
197.24 187.10
205.88 153.07
218.30 163.33
205.88 140.65
216.14 150.37
196.70 126.61
202.10 131.47
203.72 124.45
209.12 110.95
204.26 102.84
199.94 93.66
186.43 97.44
188.60 109.87
170.77 116.89
179.41 143.89
170.77 146.59
177.79 133.63
174.55 167.65
178.87 178.46
181.57 193.58
170.77 180.62
194.00 213.56
162.67 211.94
170.77 226.52
135.67 285.93
140.53 252.45
132.43 216.26
150.79 188.72
132.43 169.27
124.87 181.16
135.67 159.01
163.21 155.23
155.65 148.21
138.37 141.19
125.95 147.67
114.06 139.03
133.51 127.69
124.87 113.65
153.49 116.35
159.43 108.25
134.05 105.01
149.17 95.82
131.89 87.72
155.11 83.40
167.53 82.86
174.55 88.26
183.73 86.64
185.35 76.38
176.17 65.04
191.84 61.26
199.94 57.48
190.76 49.92
197.24 46.14
191.30 39.12
188.06 30.47
196.70 29.39
188.60 20.75
199.94 4.55
191.84 7.79
188.06 12.65
181.03 18.05
177.25 28.31
181.57 40.74
172.93 46.14
161.59 45.60
165.37 38.04
157.27 32.09
169.15 21.83
159.43 9.41
171.31 6.17
152.95 6.71
144.31 39.66
156.19 57.48
171.31 53.16
165.37 68.28
152.95 70.98
142.69 68.28
142.69 60.18
134.59 41.82
139.99 31.01
132.43 14.27
145.93 12.11
124.87 25.61
132.97 24.53
121.09 9.95
116.76 21.83
109.74 34.80
121.09 47.76
116.76 42.90
103.26 43.98
108.66 55.32
120.01 57.48
129.73 63.42
131.35 68.28
123.25 68.28
121.09 76.92
106.50 78.00
108.12 102.84
116.22 94.74
103.80 121.75
90.30 120.67
90.30 106.63
90.84 95.28
81.66 88.80
85.44 81.24
93.00 61.26
82.74 51.00
69.24 46.14
69.24 38.58
71.40 29.39
77.88 30.47
89.76 34.25
83.28 20.75
101.10 20.75
95.16 14.81
98.40 7.25
89.22 12.11
139.45 4.01
374.38 5.09
378.16 7.79
82.20 3.47
78.42 8.33
91.38 3.47
70.86 10.49
52.50 4.55
62.76 5.63
54.12 14.81
40.07 8.33
34.67 9.41
36.83 14.27
26.03 12.11
26.57 5.09
19.55 7.79
10.91 8.33
2.27 14.27
81.09 125.93
77.31 118.64
78.66 105.14
68.93 80.84
58.40 78.68
57.32 53.56
51.65 135.65
75.95 143.49
78.39 154.29
89.73 148.62
100.80 164.82
92.70 176.16
72.98 195.87
54.89 198.84
35.18 200.19
35.99 181.29
50.57 164.01
47.87 149.43
61.64 116.48
51.65 97.58
44.90 62.47
31.94 59.50
40.58 40.87
55.97 32.23
37.07 26.83
6.55 48.16
10.61 36.55
18.71 30.88
26.27 26.83
23.57 18.46
16.55 23.32
8.18 27.10
1.96 23.32
20.06 48.70
18.71 58.42
7.91 70.31
23.84 81.65
41.93 72.20
22.49 96.23
27.35 105.95
12.23 100.28
6.28 110.81
1.69 85.70
3.04 78.68
19.25 70.58
29.78 121.34
28.43 135.11
28.97 147.81
45.71 129.71
12.50 132.68
1.96 129.98
7.91 149.97
3.31 168.33
6.28 197.49
8.75 18.05
44.93 230.30
64.92 240.57
77.88 232.46
84.36 219.50
99.48 207.62
111.36 213.02
107.58 241.65
111.90 252.99
118.39 274.59
99.48 284.85
118.93 307.53
93.00 318.88
102.72 340.48
90.84 361.54
53.04 364.78
29.81 386.39
21.71 305.91
53.58 327.52
76.80 312.40
52.50 276.21
82.20 256.23
27.65 260.55
10.91 282.15
7.67 250.83
11.45 221.12
