428.91 322.94
426.20 290.00
408.92 300.80
358.16 299.18
368.42 282.44
353.83 273.80
367.34 256.51
397.04 263.53
435.93 259.75
429.45 230.05
417.56 218.71
410.00 205.21
392.18 212.77
397.04 241.39
368.96 231.67
364.64 214.39
375.44 192.78
401.36 168.48
410.54 168.48
431.61 184.68
433.23 156.06
432.69 147.42
438.09 139.32
440.79 86.93
442.95 121.49
433.77 119.33
440.25 110.69
422.96 109.07
431.61 130.68
419.18 136.62
405.14 139.86
391.64 134.46
394.88 155.52
388.40 151.20
377.06 160.38
376.52 142.02
380.30 121.49
365.72 105.29
373.82 97.73
384.08 103.67
398.66 102.59
408.92 114.47
427.29 98.81
435.93 96.11
411.62 80.45
399.74 89.09
427.83 79.37
434.31 71.81
439.17 63.17
439.17 54.52
441.33 26.98
435.39 36.16
441.87 48.04
430.53 50.20
424.58 49.66
415.94 39.40
425.12 37.78
427.29 28.06
423.50 22.66
429.99 17.80
441.87 14.56
430.53 10.78
435.93 4.30
416.48 2.68
422.42 9.70
414.32 14.02
414.32 29.14
409.46 39.40
417.02 56.68
416.48 69.11
407.84 61.55
398.12 73.97
396.50 66.95
387.86 63.71
395.96 55.06
401.90 45.88
395.42 47.50
388.40 44.80
392.18 37.24
401.36 29.68
390.56 26.98
401.36 13.48
392.72 12.94
394.88 9.16
406.22 3.76
399.74 1.06
373.28 3.22
374.90 13.48
365.18 9.16
364.64 17.26
369.50 19.42
375.44 22.12
381.92 24.82
380.30 34.54
373.82 38.32
366.80 40.48
373.82 52.36
379.22 56.14
387.32 54.52
381.92 81.53
363.56 76.13
361.40 90.17
357.07 95.57
345.19 83.15
348.97 71.81
357.07 69.65
354.37 59.93
359.78 55.60
352.75 50.74
358.16 44.26
352.75 36.70
347.89 28.06
353.83 18.88
346.81 11.32
352.75 6.46
362.48 146.88
353.83 146.88
350.05 129.06
363.02 124.73
341.41 124.19
346.81 163.62
360.32 161.46
351.67 181.98
348.43 218.71
336.55 199.27
325.21 225.73
333.31 241.39
324.13 265.16
334.93 326.18
310.63 313.76
303.61 295.94
282.54 290.00
308.47 225.19
296.59 218.17
299.29 190.62
325.75 189.00
316.57 172.80
327.91 156.60
339.79 141.48
330.07 131.76
312.79 142.02
300.91 127.98
307.93 132.30
322.51 119.87
321.43 107.99
333.85 109.07
331.15 95.03
315.49 99.35
319.27 90.17
328.99 80.45
316.57 78.29
321.43 65.87
337.63 65.33
342.49 56.68
335.47 40.48
320.89 37.78
317.11 49.12
314.95 58.84
301.45 45.88
303.07 57.22
295.51 91.79
291.73 71.81
285.24 83.15
284.70 64.79
285.78 50.74
293.89 37.24
306.31 36.16
307.93 28.06
319.27 26.44
327.91 22.12
319.81 12.94
331.69 9.70
312.79 4.84
302.53 0.52
287.40 16.72
297.67 13.48
306.31 19.42
290.65 28.60
298.21 27.52
284.70 38.32
276.06 44.80
267.42 43.72
271.74 32.38
275.52 22.12
279.30 14.02
276.06 5.38
243.66 4.84
248.52 12.94
260.94 10.78
264.18 16.18
251.22 22.12
250.14 30.76
259.86 36.70
249.60 43.72
250.68 59.39
260.40 65.87
271.74 61.55
276.06 53.44
268.50 75.59
271.20 86.39
262.56 79.91
253.92 78.29
262.02 99.89
251.76 92.33
266.34 111.23
280.92 117.17
284.16 108.53
291.19 117.71
297.67 106.37
304.15 114.47
287.94 95.03
269.58 132.30
282.00 151.74
275.52 148.50
282.00 163.08
289.57 177.66
279.84 186.84
278.22 212.23
284.70 236.53
262.02 218.17
270.66 255.43
242.58 242.47
235.02 266.24
230.16 283.52
286.86 315.92
220.43 315.38
177.77 299.72
194.51 278.66
212.87 283.52
200.45 227.35
214.49 200.89
226.38 188.46
250.68 197.11
237.18 158.22
256.62 176.58
251.76 149.58
231.24 143.10
239.88 109.07
252.30 119.33
239.88 96.65
250.14 106.37
230.70 82.61
236.10 87.47
237.72 80.45
243.12 66.95
238.26 58.84
233.94 49.66
220.43 53.44
222.60 65.87
204.77 72.89
213.41 99.89
204.77 102.59
211.79 89.63
208.55 123.65
212.87 134.46
215.57 149.58
204.77 136.62
228.00 169.56
196.67 167.94
204.77 182.52
169.67 241.93
174.53 208.45
166.43 172.26
184.79 144.72
166.43 125.27
158.87 137.16
169.67 115.01
197.21 111.23
189.65 104.21
172.37 97.19
159.95 103.67
148.06 95.03
167.51 83.69
158.87 69.65
187.49 72.35
193.43 64.25
168.05 61.01
183.17 51.82
165.89 43.72
189.11 39.40
201.53 38.86
208.55 44.26
217.73 42.64
219.35 32.38
210.17 21.04
225.84 17.26
233.94 13.48
224.76 5.92
231.24 2.14
206.93 2.14
195.59 1.60
190.19 13.48
205.31 9.16
199.37 24.28
186.95 26.98
176.69 24.28
176.69 16.18
155.09 3.76
142.66 11.32
154.01 13.48
163.73 19.42
165.35 24.28
157.25 24.28
155.09 32.92
140.50 34.00
142.12 58.84
150.22 50.74
137.80 77.75
124.30 76.67
124.30 62.63
124.84 51.28
115.66 44.80
119.44 37.24
127.00 17.26
116.74 7.00
115.09 81.93
123.73 104.62
134.80 120.82
126.70 132.16
118.36 175.50
133.48 163.62
145.36 169.02
141.58 197.65
145.90 208.99
152.39 230.59
133.48 240.85
152.93 263.53
127.00 274.88
136.72 296.48
124.84 317.54
116.20 212.23
