289.16 309.18
299.42 292.44
284.83 283.80
298.34 266.51
323.18 222.77
299.96 241.67
295.64 224.39
306.44 202.78
322.64 144.46
325.88 165.52
319.40 161.20
308.06 170.38
307.52 152.02
311.30 131.49
296.72 115.29
304.82 107.73
315.08 113.67
327.50 76.95
318.86 73.71
326.96 65.06
326.42 57.50
319.40 54.80
323.18 47.24
321.56 36.98
323.72 22.94
325.88 19.16
310.76 4.04
304.28 13.22
305.90 23.48
296.18 19.16
295.64 27.26
300.50 29.42
306.44 32.12
312.92 34.82
311.30 44.54
304.82 48.32
297.80 50.48
304.82 62.36
310.22 66.14
318.32 64.52
312.92 91.53
294.56 86.13
292.40 100.17
288.07 105.57
276.19 93.15
279.97 81.81
288.07 79.65
285.37 69.93
290.78 65.60
283.75 60.74
289.16 54.26
283.75 46.70
278.89 38.06
284.83 28.88
277.81 21.32
283.75 16.46
284.29 7.28
278.35 8.36
293.48 156.88
284.83 156.88
281.05 139.06
294.02 134.73
272.41 134.19
277.81 173.62
291.32 171.46
282.67 191.98
279.43 228.71
267.55 209.27
256.21 235.73
264.31 251.39
255.13 275.16
241.63 323.76
234.61 305.94
213.54 300.00
239.47 235.19
227.59 228.17
230.29 200.62
256.75 199.00
247.57 182.80
258.91 166.60
270.79 151.48
261.07 141.76
243.79 152.02
231.91 137.98
238.93 142.30
253.51 129.87
252.43 117.99
264.85 119.07
262.15 105.03
246.49 109.35
250.27 100.17
259.99 90.45
247.57 88.29
252.43 75.87
268.63 75.33
273.49 66.68
266.47 50.48
251.89 47.78
248.11 59.12
245.95 68.84
232.45 55.88
234.07 67.22
226.51 101.79
222.73 81.81
216.24 93.15
215.70 74.79
216.78 60.74
224.89 47.24
237.31 46.16
238.93 38.06
250.27 36.44
258.91 32.12
250.81 22.94
262.69 19.70
263.23 8.36
272.41 9.44
245.95 0.80
248.11 6.20
255.67 8.36
256.75 0.80
243.79 14.84
233.53 10.52
224.89 7.28
231.37 3.50
218.40 26.72
228.67 23.48
237.31 29.42
221.65 38.60
229.21 37.52
215.70 48.32
207.06 54.80
198.42 53.72
202.74 42.38
206.52 32.12
210.30 24.02
207.06 15.38
200.04 9.98
197.88 4.04
182.22 9.98
174.66 14.84
179.52 22.94
191.94 20.78
195.18 26.18
182.22 32.12
181.14 40.76
190.86 46.70
180.60 53.72
181.68 69.39
191.40 75.87
202.74 71.55
207.06 63.44
199.50 85.59
202.20 96.39
193.56 89.91
184.92 88.29
193.02 109.89
182.76 102.33
197.34 121.23
211.92 127.17
215.16 118.53
222.19 127.71
228.67 116.37
235.15 124.47
218.94 105.03
200.58 142.30
213.00 161.74
206.52 158.50
213.00 173.08
220.57 187.66
210.84 196.84
209.22 222.23
215.70 246.53
193.02 228.17
201.66 265.43
173.58 252.47
166.02 276.24
161.16 293.52
217.86 325.92
151.43 325.38
108.77 309.72
125.51 288.66
143.87 293.52
131.45 237.35
145.49 210.89
157.38 198.46
181.68 207.11
168.18 168.22
187.62 186.58
182.76 159.58
162.24 153.10
170.88 119.07
183.30 129.33
170.88 106.65
181.14 116.37
161.70 92.61
167.10 97.47
168.72 90.45
174.12 76.95
169.26 68.84
164.94 59.66
151.43 63.44
153.60 75.87
135.77 82.89
144.41 109.89
135.77 112.59
142.79 99.63
139.55 133.65
143.87 144.46
146.57 159.58
135.77 146.62
159.00 179.56
127.67 177.94
135.77 192.52
100.67 251.93
105.53 218.45
97.43 182.26
115.79 154.72
97.43 135.27
89.87 147.16
100.67 125.01
128.21 121.23
120.65 114.21
103.37 107.19
90.95 113.67
79.06 105.03
98.51 93.69
89.87 79.65
118.49 82.35
124.43 74.25
99.05 71.01
114.17 61.82
96.89 53.72
120.11 49.40
132.53 48.86
139.55 54.26
148.73 52.64
150.35 42.38
141.17 31.04
156.84 27.26
164.94 23.48
155.76 15.92
162.24 12.14
156.30 5.12
146.57 6.74
137.93 12.14
126.59 11.60
130.37 4.04
109.31 5.66
121.19 23.48
136.31 19.16
130.37 34.28
117.95 36.98
107.69 34.28
107.69 26.18
99.59 7.82
74.74 0.80
86.09 13.76
81.76 8.90
68.26 9.98
73.66 21.32
85.01 23.48
94.73 29.42
96.35 34.28
88.25 34.28
86.09 42.92
71.50 44.00
73.12 68.84
81.22 60.74
68.80 87.75
55.30 86.67
55.30 72.63
55.84 61.28
46.66 54.80
50.44 47.24
58.00 27.26
47.74 17.00
34.24 12.14
34.24 4.58
54.76 0.25
46.09 91.93
42.31 84.64
43.66 71.14
33.93 46.84
23.40 44.68
22.32 19.56
16.65 101.65
40.95 109.49
43.39 120.29
54.73 114.62
65.80 130.82
57.70 142.16
37.98 161.87
19.89 164.84
0.18 166.19
0.99 147.29
15.57 130.01
12.87 115.43
26.64 82.48
16.65 63.58
9.90 28.47
5.58 6.87
6.93 38.20
10.71 95.71
9.93 196.30
29.92 206.57
42.88 198.46
49.36 185.50
64.48 173.62
76.36 179.02
72.58 207.65
76.90 218.99
83.39 240.59
64.48 250.85
83.93 273.53
58.00 284.88
67.72 306.48
55.84 327.54
18.58 293.52
41.80 278.40
17.50 242.21
47.20 222.23
