441.42 433.58
460.65 408.96
494.50 430.50
492.19 402.81
562.96 410.50
538.35 435.12
598.35 418.96
627.58 440.50
653.73 423.58
684.50 427.42
725.27 432.81
671.42 385.88
628.35 378.96
599.88 360.50
561.42 385.12
541.42 362.04
505.27 362.04
475.27 349.73
440.65 367.42
415.27 387.42
361.42 395.12
402.96 358.96
321.42 369.73
288.35 399.73
314.50 434.35
339.12 445.12
234.50 388.96
252.96 358.96
230.65 328.19
179.12 421.27
197.58 374.35
166.81 371.27
127.58 400.50
119.88 358.96
131.42 344.35
110.65 317.42
60.65 322.04
46.04 326.65
101.42 303.58
90.65 292.81
95.27 271.27
118.35 260.50
150.65 263.58
152.96 298.19
228.35 300.50
288.35 288.96
317.58 311.27
346.04 302.04
381.42 280.50
350.65 278.96
327.58 272.81
222.19 267.42
192.19 268.19
32.19 267.42
42.19 294.35
25.27 337.42
8.35 248.19
63.73 230.50
265.27 285.88
277.58 247.42
261.42 271.27
262.19 218.96
320.65 235.88
359.88 242.04
406.81 248.19
429.12 248.19
458.35 257.42
433.73 299.73
431.42 333.58
473.73 318.19
289.12 251.27
288.35 192.81
201.42 221.27
225.27 245.88
244.50 235.12
226.04 206.65
215.27 185.88
347.58 212.04
325.27 208.19
368.35 228.19
393.73 238.96
409.12 195.12
462.19 224.35
522.96 268.96
534.50 287.42
573.73 291.27
576.04 272.81
635.27 299.73
622.96 349.73
658.35 362.81
659.88 345.88
652.96 326.65
718.35 352.04
713.73 321.27
745.27 325.12
704.50 302.81
750.65 303.58
749.12 360.50
762.96 395.12
726.81 410.50
492.96 288.96
472.19 284.35
458.35 287.42
501.42 312.81
681.23 368.19
560.08 333.19
582.00 316.27
546.62 311.27
520.85 335.50
505.46 334.73
542.00 244.73
562.77 274.35
609.69 243.96
637.77 239.35
664.31 278.19
653.15 282.81
668.15 309.73
686.23 327.42
671.23 293.19
600.65 288.96
612.19 314.35
625.27 328.96
689.12 229.73
708.35 218.96
724.50 245.88
742.96 245.88
756.04 268.96
727.58 278.19
699.88 268.96
576.04 238.96
347.58 337.42
389.12 334.35
296.04 355.12
257.58 337.42
152.19 245.88
181.42 231.27
489.88 238.96
491.42 219.73
499.88 189.73
567.58 221.27
652.00 233.77
675.08 224.54
748.92 220.31
699.69 206.08
614.31 225.69
608.54 210.31
622.00 198.77
585.46 191.08
673.92 198.00
705.46 180.31
718.92 202.62
738.15 209.54
523.54 223.77
540.08 210.31
514.69 189.54
533.92 168.77
550.85 198.77
435.85 205.31
449.69 191.85
464.69 197.62
478.92 204.15
421.23 177.62
407.77 161.46
426.23 164.54
447.38 164.54
446.23 136.46
481.62 179.92
530.08 253.38
690.85 252.23
732.00 188.00
758.15 194.54
756.23 178.77
763.54 174.54
747.77 153.38
737.77 125.69
723.92 142.23
714.69 144.54
705.46 144.92
704.31 160.69
722.38 173.00
690.85 174.15
661.62 186.46
675.08 174.92
663.92 170.31
668.92 146.46
640.08 163.77
644.31 151.46
624.69 153.38
610.85 177.23
595.85 178.77
630.08 183.77
588.54 172.23
567.77 172.23
560.85 161.85
570.85 159.54
566.23 149.92
585.85 149.92
600.46 142.62
584.31 118.00
612.77 126.08
647.38 110.69
618.54 101.46
740.85 102.62
718.92 104.15
703.92 105.69
686.62 107.23
673.15 103.00
663.54 101.46
650.08 100.69
548.54 105.69
539.69 106.85
547.38 124.92
532.38 129.92
565.85 137.23
508.15 141.08
491.62 143.38
491.23 166.08
458.15 169.54
435.08 190.69
442.38 181.46
420.46 187.62
431.62 228.38
466.23 239.92
477.00 249.54
408.92 303.77
400.46 263.38
385.85 277.62
416.62 279.54
389.69 197.62
392.38 187.62
408.92 146.08
388.15 149.15
397.38 141.85
401.62 124.54
410.46 124.92
416.62 129.92
427.77 113.77
421.23 111.08
415.46 104.15
446.62 117.62
464.69 114.92
447.77 104.15
487.00 111.46
502.00 111.46
507.77 104.15
520.85 106.08
575.08 98.77
656.62 123.00
634.69 118.77
674.31 163.77
758.15 85.12
758.15 63.58
760.08 52.04
750.08 26.65
737.38 15.88
728.15 37.42
740.85 53.58
731.23 60.12
720.08 56.65
717.00 31.65
713.54 31.27
800.08 149.35
702.00 55.50
701.62 83.19
731.62 77.81
682.38 58.58
688.15 35.88
688.92 29.73
685.08 4.73
715.46 4.73
735.08 3.96
670.08 15.50
667.77 27.81
649.69 7.81
637.77 17.42
634.69 8.96
628.54 10.88
613.15 10.88
617.38 10.50
625.85 30.50
614.31 29.35
601.23 29.35
607.00 30.88
615.08 35.88
635.46 36.27
652.00 41.27
665.08 58.58
648.15 66.65
703.15 130.50
693.15 188.19
612.00 151.65
598.54 91.65
603.54 78.19
605.08 73.96
626.62 72.42
592.00 74.35
577.38 74.35
593.54 58.58
589.31 38.96
590.08 17.04
575.08 11.65
578.54 6.27
557.38 7.81
557.00 29.35
559.31 25.50
565.08 30.50
555.85 45.88
570.46 62.81
558.15 64.73
559.31 58.58
570.08 52.04
546.62 56.65
539.69 60.12
550.46 75.12
557.77 78.96
546.23 81.65
555.85 92.42
529.69 93.96
521.23 95.50
531.23 82.04
515.46 63.19
512.77 82.04
498.54 71.65
530.08 52.81
521.62 48.58
510.08 44.73
509.31 37.81
515.46 17.04
532.77 7.42
539.69 5.50
510.08 5.12
495.85 6.27
498.15 22.42
478.15 20.12
473.92 12.04
462.77 14.35
484.31 31.65
492.00 46.65
498.15 41.65
490.08 55.12
493.54 63.58
483.92 75.12
489.31 89.73
490.85 96.65
518.54 116.27
495.08 125.88
470.46 89.73
455.85 93.96
466.62 76.27
455.85 73.58
448.92 77.04
437.77 76.65
430.46 80.50
437.77 68.19
452.77 64.35
471.23 64.35
475.85 71.65
467.00 55.12
443.92 54.73
451.23 35.88
460.85 33.58
472.77 31.65
443.54 21.65
443.15 14.73
428.54 11.65
418.92 20.88
402.00 23.96
409.31 7.81
422.00 32.42
408.54 37.81
413.54 42.42
436.23 39.35
430.46 48.19
436.62 57.81
416.62 68.19
415.46 85.88
437.38 93.96
426.62 93.96
388.15 99.73
386.62 110.50
387.00 87.81
400.46 89.73
401.62 61.65
386.23 73.58
386.62 64.35
398.54 50.12
385.46 49.73
387.38 20.88
436.62 17.42
550.46 37.42
578.92 39.73
637.00 73.96
378.73 40.50
362.19 29.73
361.42 18.58
369.88 20.88
376.42 9.35
380.27 10.50
343.35 11.65
341.81 26.27
332.58 22.42
351.42 23.96
355.65 65.50
362.96 72.42
375.65 67.04
377.58 59.35
379.12 80.88
367.58 82.04
356.81 81.65
342.96 79.35
351.04 73.58
345.65 69.73
346.81 85.88
342.19 113.19
359.88 120.50
376.04 123.19
346.42 175.12
370.65 187.04
348.35 168.19
336.04 172.81
354.50 167.81
332.58 132.42
343.35 99.73
331.42 44.73
332.19 35.12
336.42 8.19
328.35 187.81
326.81 200.88
313.35 215.12
289.88 210.88
492.19 158.58
279.50 211.27
269.50 190.50
264.50 198.96
256.04 181.27
289.12 163.58
310.65 166.27
304.50 152.81
323.73 145.12
322.58 125.88
314.88 118.58
311.81 123.19
295.65 120.50
286.04 101.65
297.58 96.65
330.27 80.50
311.04 75.50
295.27 80.88
286.81 85.12
279.12 77.81
266.42 100.12
261.04 112.42
257.58 101.65
257.96 66.65
259.50 29.35
274.88 35.88
284.12 27.81
288.73 21.27
283.73 16.27
316.81 48.19
321.04 36.65
319.12 28.58
311.81 28.58
303.73 20.12
324.12 7.42
314.50 7.42
299.50 3.96
254.50 4.73
240.65 35.88
232.58 35.88
226.42 35.88
237.96 59.35
249.12 59.35
225.27 73.58
236.04 85.12
249.12 123.19
245.65 145.12
270.27 132.42
249.12 167.81
214.12 174.35
221.04 145.12
207.19 138.58
191.81 139.73
171.81 159.35
157.19 155.88
188.73 175.88
156.81 187.81
139.12 187.04
168.73 197.42
144.88 203.58
147.19 130.50
151.42 137.42
159.50 142.04
161.81 128.58
169.50 93.96
128.73 95.50
179.50 48.19
192.19 49.73
204.50 55.88
187.96 38.96
185.65 35.12
205.65 14.35
198.73 10.88
179.50 11.65
174.50 11.65
168.35 14.35
160.65 8.96
166.81 7.42
161.04 46.65
140.27 62.04
142.19 52.42
138.73 45.88
150.65 50.12
133.35 35.88
144.12 33.96
138.73 33.58
142.58 23.96
136.04 22.42
133.73 26.27
137.96 8.96
146.81 7.81
98.73 11.65
114.88 7.81
106.42 144.73
107.19 177.04
124.50 179.73
98.35 187.04
96.04 215.88
93.35 160.88
92.58 132.42
104.88 165.12
92.58 170.88
111.04 18.19
168.35 37.04
209.12 41.65
352.96 50.88
261.04 87.04
181.81 143.19
299.69 183.19
279.69 175.12
55.46 67.04
54.69 60.50
83.15 53.19
77.77 45.88
69.69 58.19
49.31 46.65
42.38 48.19
25.46 47.04
16.23 46.65
5.46 36.65
3.92 62.04
6.62 68.19
4.69 78.96
64.31 85.88
82.77 118.19
42.00 133.19
76.62 141.27
74.69 153.58
62.00 169.73
66.23 137.81
25.46 209.35
74.69 207.42
67.00 220.50
22.77 223.58
4.31 222.04
7.00 193.58
10.46 166.27
24.69 152.04
17.00 118.19
5.46 119.73
32.77 164.73
75.08 176.27
423.15 166.65
65.85 13.19
48.54 16.27
24.31 17.04
112.38 42.04
104.31 38.58
59.31 6.27
15.08 18.19
73.92 8.19
158.15 19.73
307.38 65.88
298.54 64.73
38.92 4.73
46.23 3.58
9.60 4.35
189.88 294.54
208.35 254.15
209.88 295.69
184.88 215.31
165.65 217.23
152.96 222.62
138.73 226.08
136.04 222.62
129.12 217.23
107.96 199.15
102.96 253.77
312.00 287.23
67.00 259.15
47.00 243.00
327.58 174.92
367.19 176.85
242.96 202.62
228.73 181.08
528.73 183.77
532.58 233.00
543.35 229.15
747.38 214.92
760.08 213.77
729.31 154.92
733.54 163.00
655.46 165.69
590.08 227.62
90.65 395.12
60.65 432.81
19.88 418.19
27.58 190.12
251.42 310.12
255.27 317.04
185.85 92.13
225.46 97.33
211.04 102.90
126.81 77.71
