1.73 352.04
31.73 339.73
66.35 357.42
104.04 348.96
185.58 359.73
254.04 348.96
276.35 318.19
356.35 253.58
354.04 288.19
278.65 290.50
218.65 278.96
189.42 301.27
160.96 292.04
125.58 270.50
156.35 268.96
179.42 262.81
284.81 257.42
314.81 258.19
241.73 275.88
229.42 237.42
245.58 261.27
244.81 208.96
186.35 225.88
147.12 232.04
100.19 238.19
77.88 238.19
48.65 247.42
73.27 289.73
75.58 323.58
33.27 308.19
217.88 241.27
218.65 182.81
305.58 211.27
281.73 235.88
262.50 225.12
280.96 196.65
291.73 175.88
159.42 202.04
181.73 198.19
138.65 218.19
113.27 228.96
97.88 185.12
44.81 214.35
14.04 278.96
34.81 274.35
48.65 277.42
5.58 302.81
1.54 324.73
159.42 327.42
117.88 324.35
210.96 345.12
249.42 327.42
354.81 235.88
325.58 221.27
17.12 228.96
15.58 209.73
7.12 179.73
71.15 195.31
57.31 181.85
42.31 187.62
28.08 194.15
85.77 167.62
99.23 151.46
80.77 154.54
59.62 154.54
60.77 126.46
25.38 169.92
15.38 133.38
15.77 156.08
48.85 159.54
71.92 180.69
64.62 171.46
86.54 177.62
75.38 218.38
40.77 229.92
30.00 239.54
98.08 293.77
106.54 253.38
121.15 267.62
90.38 269.54
117.31 187.62
114.62 177.62
98.08 136.08
118.85 139.15
109.62 131.85
105.38 114.54
96.54 114.92
90.38 119.92
79.23 103.77
85.77 101.08
91.54 94.15
60.38 107.62
42.31 104.92
59.23 94.15
20.00 101.46
5.00 101.46
8.46 61.65
8.85 12.42
28.85 10.12
33.08 2.04
44.23 4.35
22.69 21.65
15.00 36.65
8.85 31.65
16.92 45.12
13.46 53.58
23.08 65.12
17.69 79.73
16.15 86.65
11.92 115.88
36.54 79.73
51.15 83.96
40.38 66.27
51.15 63.58
58.08 67.04
69.23 66.65
76.54 70.50
69.23 58.19
54.23 54.35
35.77 54.35
31.15 61.65
40.00 45.12
63.08 44.73
55.77 25.88
46.15 23.58
34.23 21.65
63.46 11.65
63.85 4.73
78.46 1.65
88.08 10.88
105.00 13.96
85.00 22.42
98.46 27.81
93.46 32.42
70.77 29.35
76.54 38.19
70.38 47.81
90.38 58.19
91.54 75.88
69.62 83.96
80.38 83.96
118.85 89.73
120.38 100.50
120.00 77.81
106.54 79.73
105.38 51.65
120.77 63.58
120.38 54.35
108.46 40.12
121.54 39.73
119.62 10.88
70.38 7.42
128.27 30.50
144.81 19.73
145.58 8.58
137.12 10.88
126.73 0.50
163.65 1.65
165.19 16.27
174.42 12.42
155.58 13.96
151.35 55.50
144.04 62.42
131.35 57.04
129.42 49.35
127.88 70.88
139.42 72.04
150.19 71.65
164.04 69.35
155.96 63.58
161.35 59.73
160.19 75.88
164.81 103.19
147.12 110.50
130.96 113.19
160.58 165.12
136.35 177.04
158.65 158.19
170.96 162.81
152.50 157.81
174.42 122.42
163.65 89.73
175.58 34.73
174.81 25.12
178.65 177.81
180.19 190.88
193.65 205.12
217.12 200.88
14.81 148.58
227.50 201.27
237.50 180.50
242.50 188.96
250.96 171.27
217.88 153.58
196.35 156.27
202.50 142.81
183.27 135.12
184.42 115.88
192.12 108.58
195.19 113.19
211.35 110.50
220.96 91.65
209.42 86.65
176.73 70.50
195.96 65.50
211.73 70.88
220.19 75.12
227.88 67.81
240.58 90.12
245.96 102.42
249.42 91.65
249.04 56.65
247.50 19.35
232.12 25.88
222.88 17.81
218.27 11.27
223.27 6.27
190.19 38.19
185.96 26.65
187.88 18.58
195.19 18.58
203.27 10.12
266.35 25.88
274.42 25.88
280.58 25.88
269.04 49.35
257.88 49.35
281.73 63.58
270.96 75.12
257.88 113.19
261.35 135.12
236.73 122.42
257.88 157.81
292.88 164.35
285.96 135.12
299.81 128.58
315.19 129.73
335.19 149.35
349.81 145.88
318.27 165.88
350.19 177.81
338.27 187.42
359.81 120.50
355.58 127.42
347.50 132.04
345.19 118.58
337.50 83.96
327.50 38.19
314.81 39.73
302.50 45.88
319.04 28.96
321.35 25.12
301.35 4.35
308.27 0.88
327.50 1.65
332.50 1.65
338.65 4.35
345.96 36.65
356.35 40.12
338.65 27.04
297.88 31.65
154.04 40.88
245.96 77.04
325.19 133.19
207.31 173.19
227.31 165.12
83.85 156.65
348.85 9.73
199.62 55.88
208.46 54.73
317.12 284.54
298.65 244.15
297.12 285.69
322.12 205.31
341.35 207.23
354.04 212.62
195.00 277.23
179.42 164.92
139.81 166.85
264.04 192.62
278.27 171.08
255.58 300.12
251.73 307.04
321.15 82.13
281.54 87.33
295.96 92.90
