1.56 62.72
4.12 94.95
17.42 143.54
19.97 173.21
49.13 195.20
87.49 158.88
98.23 191.62
68.57 136.89
64.47 110.29
43.50 118.48
36.85 79.60
61.41 54.54
15.37 53.01
18.95 25.39
44.53 30.50
47.08 6.97
100.28 82.16
103.35 49.42
116.65 72.44
95.67 128.19
90.05 108.25
115.11 150.70
141.71 166.04
139.15 130.75
166.26 144.05
170.86 180.88
156.54 201.34
134.04 193.66
221.50 202.36
195.93 148.14
184.67 125.13
192.86 109.27
220.48 109.27
215.36 82.67
181.09 89.83
184.67 77.05
151.94 79.09
173.42 51.98
136.08 30.50
135.83 1.86
128.15 12.60
162.42 5.95
175.72 35.61
201.81 2.37
221.76 33.36
234.03 58.43
237.61 20.58
272.91 45.64
300.53 18.53
297.46 27.23
296.43 43.59
311.27 71.21
285.18 83.49
252.96 97.81
294.39 106.51
326.10 102.41
347.58 102.41
380.32 120.32
373.67 147.94
351.67 138.73
304.11 147.94
299.50 192.95
300.53 167.88
275.46 195.50
318.94 221.59
385.43 221.08
446.81 152.54
428.40 151.52
464.20 138.73
451.42 110.09
477.50 127.48
466.25 195.50
481.59 219.54
523.02 213.92
539.39 90.65
466.76 63.54
498.47 45.64
485.68 69.17
473.92 29.78
447.83 30.81
426.86 26.20
355.26 32.85
329.17 25.69
309.22 8.30
358.32 7.79
411.52 18.53
466.76 3.19
529.42 61.11
535.30 22.49
509.21 21.22
488.50 23.52
485.68 334.89
510.24 381.94
500.01 364.55
472.39 381.94
434.54 379.90
472.39 405.47
443.74 453.55
460.11 508.79
409.98 521.07
366.00 458.67
374.18 407.52
409.98 364.55
379.30 301.13
402.82 315.45
414.08 296.01
409.98 279.64
347.58 274.53
323.03 319.54
264.72 260.21
252.45 281.69
243.24 333.86
254.49 397.29
267.79 362.51
297.46 472.99
290.30 531.30
249.38 450.48
190.04 382.97
168.56 419.79
117.41 526.18
92.86 472.99
121.50 407.52
14.09 211.11
13.07 254.07
51.94 267.37
94.91 283.74
36.60 315.45
56.03 356.37
63.20 336.93
136.85 351.25
129.69 310.33
169.58 311.36
156.29 265.32
151.17 229.52
287.23 336.93
