168.73 640.93
77.68 637.86
32.67 641.95
64.38 569.32
51.08 497.71
10.16 453.72
26.53 395.41
78.70 374.96
42.90 360.63
10.16 353.47
41.88 312.55
73.59 337.11
82.80 266.52
82.80 211.28
53.13 211.28
45.97 180.59
106.32 250.15
122.69 275.73
175.89 270.61
156.45 251.18
66.43 143.76
29.60 161.15
54.15 93.64
80.75 108.98
25.76 139.11
6.84 105.86
39.57 69.04
61.06 60.85
50.83 59.32
56.97 41.93
64.64 31.19
40.60 27.09
34.46 35.79
23.72 78.75
12.98 73.64
93.28 82.85
71.29 85.40
112.21 80.80
108.11 104.33
105.56 64.94
87.14 36.81
108.63 45.51
105.05 28.63
130.11 14.31
114.25 19.93
102.49 4.08
112.21 4.59
100.44 161.61
118.34 153.43
115.79 193.84
82.03 172.36
139.83 140.64
166.42 116.60
139.32 116.60
148.01 99.72
154.15 93.59
168.47 97.68
139.32 82.85
148.01 72.10
126.53 74.15
129.09 50.62
149.54 40.39
167.45 40.39
150.06 7.66
179.72 10.73
171.54 22.49
184.33 2.54
185.35 23.51
199.67 4.59
206.32 16.35
223.71 8.17
206.32 37.83
200.69 53.69
185.86 53.69
183.30 70.06
166.94 70.06
150.06 60.85
154.66 56.25
209.39 75.17
213.99 94.10
224.22 79.27
211.44 64.43
226.78 53.69
215.02 38.35
227.80 36.81
250.31 22.49
244.68 46.53
262.58 32.72
255.42 53.69
259.00 71.59
268.72 70.06
263.61 96.14
228.83 102.79
236.50 103.31
237.01 123.76
255.93 138.60
208.88 152.92
228.31 165.71
196.60 163.66
190.46 177.98
177.17 149.34
166.42 172.36
157.22 186.68
174.10 195.88
160.80 213.79
192.00 219.92
177.68 243.45
195.58 251.13
207.85 211.74
237.01 192.30
261.56 188.72
264.12 220.95
246.73 229.13
235.99 266.47
222.69 281.81
249.80 274.14
277.42 269.54
279.97 299.21
243.66 325.29
309.13 321.20
347.49 284.88
358.23 317.62
328.57 262.89
324.47 236.29
303.50 244.48
296.85 205.60
321.41 180.54
275.37 179.01
259.00 160.08
278.95 151.39
304.53 156.50
274.35 122.23
307.08 132.97
307.08 107.40
360.28 208.16
363.35 175.42
376.65 198.44
355.67 254.19
350.05 234.25
375.11 276.70
401.71 292.04
399.15 256.75
426.26 270.05
430.86 306.88
416.54 327.34
394.04 319.66
481.50 328.36
455.93 274.14
444.67 251.13
452.86 235.27
480.48 235.27
475.36 208.67
441.09 215.83
444.67 203.05
411.94 205.09
433.42 177.98
396.08 156.50
346.98 109.95
331.12 103.31
330.10 84.89
350.56 81.31
306.06 80.80
358.23 65.45
340.33 55.74
313.22 60.85
294.81 68.52
297.37 48.58
270.77 57.27
282.53 41.41
292.25 27.60
285.60 17.89
303.50 30.67
273.58 2.54
290.97 3.56
310.41 15.33
333.94 11.75
336.49 20.44
344.68 29.65
360.02 30.67
364.11 43.46
364.11 7.66
375.37 19.93
352.86 9.19
385.09 3.56
391.73 13.28
397.87 17.89
383.55 27.09
376.90 34.25
374.86 43.46
392.76 45.51
372.30 57.27
366.67 88.98
379.46 75.17
396.85 78.75
408.10 68.01
412.19 55.74
422.42 66.48
434.70 70.06
412.71 82.33
403.50 102.79
390.20 106.89
362.07 97.68
372.30 115.58
362.58 113.02
395.83 127.86
388.15 138.60
422.42 131.95
437.26 124.28
435.72 161.61
461.81 128.37
450.04 112.00
456.69 100.24
436.23 85.91
413.73 2.54
426.00 7.66
430.61 21.47
419.87 18.40
412.71 35.79
427.54 43.46
453.11 17.89
448.00 39.88
452.60 45.00
463.34 54.20
467.44 36.81
458.23 73.64
446.46 59.32
476.13 48.58
477.15 56.25
474.60 66.48
474.08 79.27
471.53 88.98
474.60 100.24
487.38 116.60
493.52 90.01
498.64 71.59
513.98 59.83
488.92 56.25
491.47 11.24
511.42 23.51
496.08 42.95
518.07 41.93
502.73 41.41
515.51 9.19
524.21 15.33
503.75 3.56
542.62 23.51
565.13 15.33
544.67 10.73
557.46 43.97
537.51 45.51
550.81 57.78
533.42 75.68
546.20 79.27
519.61 78.75
513.47 92.56
519.61 113.02
535.46 107.40
481.76 159.36
494.03 184.43
497.61 146.58
532.91 171.64
560.53 144.53
557.46 153.23
556.43 169.59
571.27 197.21
545.18 209.49
512.96 223.81
554.39 232.51
586.10 228.41
607.58 228.41
640.32 246.32
633.67 273.94
611.67 264.73
564.11 273.94
559.50 318.95
560.53 293.88
535.46 321.50
578.94 347.59
645.43 347.08
706.81 278.54
688.40 277.52
724.20 264.73
711.42 236.09
737.50 253.48
726.25 321.50
741.59 345.54
783.02 339.92
828.03 285.70
799.39 216.65
726.76 189.54
758.47 171.64
745.68 195.17
733.92 155.78
707.83 156.81
686.86 152.20
615.26 158.85
589.17 151.69
595.82 123.05
569.22 134.30
586.61 100.03
572.29 101.56
564.62 94.40
574.34 83.66
563.59 68.32
577.92 63.71
592.24 65.76
589.17 82.13
616.79 77.01
612.70 107.70
622.42 109.24
610.65 85.71
627.53 91.34
637.76 109.24
618.32 133.79
664.36 123.05
671.52 144.53
697.60 125.60
726.76 129.19
755.91 120.87
733.92 109.36
722.41 116.27
697.60 107.57
675.61 100.41
679.19 121.13
662.82 90.70
679.96 81.74
651.57 76.63
662.06 71.77
665.13 61.03
665.13 47.47
650.80 55.15
685.58 47.99
693.77 66.40
681.49 65.63
705.28 61.03
718.83 61.80
710.39 51.31
722.67 54.12
738.52 47.47
746.71 61.80
719.34 77.40
731.87 83.28
699.91 81.23
696.07 89.67
706.56 103.99
732.13 99.65
743.13 99.90
767.93 96.83
766.14 67.68
768.96 52.08
778.68 52.08
788.39 64.61
788.65 73.82
778.93 79.19
807.57 97.60
794.02 88.65
792.23 105.02
814.74 117.55
836.99 99.65
845.17 136.47
822.92 128.03
830.59 150.80
817.55 168.44
789.42 187.11
795.30 148.49
769.21 147.22
748.50 149.52
850.54 119.08
840.31 188.39
799.39 42.36
812.69 57.45
820.11 73.56
850.80 61.80
850.54 51.31
833.66 37.76
811.67 34.18
721.90 33.15
701.95 40.57
665.89 34.43
641.09 34.18
620.88 61.36
604.00 52.67
575.87 27.09
628.30 19.14
602.98 25.28
605.54 3.80
617.81 3.80
634.44 6.86
652.34 21.95
655.92 9.68
668.19 4.82
691.21 11.98
683.03 25.28
600.42 39.09
618.84 33.46
702.46 23.49
731.87 14.54
713.72 16.58
723.44 3.28
746.20 14.03
745.68 36.02
757.45 29.88
735.45 28.09
780.47 22.72
773.05 15.56
756.68 9.42
789.42 9.17
802.97 17.35
790.70 29.88
839.29 17.61
840.57 8.65
831.61 22.72
852.07 26.30
864.09 16.33
858.72 7.63
823.94 13.00
814.99 19.91
877.39 9.17
890.44 29.37
899.90 20.93
920.36 20.16
890.69 9.17
927.52 6.10
931.61 15.56
953.35 11.21
916.27 39.09
932.12 37.04
895.55 64.41
882.76 71.31
869.72 56.22
866.14 45.23
854.38 41.65
868.44 86.91
857.96 90.24
884.55 100.47
890.18 115.30
893.50 125.53
876.63 132.69
862.56 130.39
856.42 108.14
903.22 105.33
917.80 109.42
894.02 93.56
920.36 70.29
933.40 121.44
915.24 144.71
899.39 155.96
864.61 158.01
943.63 159.03
945.93 141.13
955.14 103.54
963.58 117.86
985.06 117.86
969.97 100.72
979.69 98.68
979.69 85.63
968.95 75.15
966.90 62.11
979.69 60.83
973.55 50.09
975.60 40.62
950.79 41.13
943.89 62.62
936.21 70.54
944.91 77.45
940.82 84.87
938.26 97.65
975.85 23.74
961.53 34.74
949.26 27.07
975.09 15.05
968.18 9.17
989.41 20.93
999.77 35.25
1017.67 55.46
1006.16 46.25
997.98 9.68
1018.44 26.56
1020.74 37.81
1019.97 44.20
1018.95 69.52
1006.93 72.85
996.70 104.05
1010.51 105.84
996.19 82.82
1006.16 90.49
1017.16 85.63
996.44 138.57
998.23 161.59
1019.59 118.65
905.27 185.70
919.59 185.70
910.38 168.31
930.84 208.21
995.29 221.51
974.83 247.08
944.14 242.99
834.68 228.67
877.65 275.73
896.06 264.47
887.88 308.46
930.84 299.26
908.34 298.23
955.40 290.05
973.81 316.65
966.65 268.57
1019.84 268.57
952.33 393.37
966.65 427.13
952.33 493.62
1015.75 526.36
980.97 539.65
956.42 609.22
999.38 637.86
851.05 644.00
800.93 633.77
820.36 587.73
835.71 572.39
872.53 552.95
891.97 555.00
911.41 502.83
899.13 468.05
899.13 446.56
869.46 486.46
825.48 483.39
805.02 462.93
805.02 412.81
858.21 369.84
745.68 460.89
770.24 507.94
760.01 490.55
732.39 507.94
694.54 505.90
732.39 531.47
703.74 579.55
720.11 634.79
669.98 647.07
626.00 584.67
634.18 533.52
669.98 490.55
639.30 427.13
662.82 441.45
674.08 422.01
669.98 405.64
607.58 400.53
583.03 445.54
524.72 386.21
512.45 407.69
503.24 459.86
514.49 523.29
527.79 488.51
557.46 598.99
550.30 657.30
509.38 576.48
450.04 508.97
428.56 545.79
377.41 652.18
352.86 598.99
381.50 533.52
257.72 550.91
203.51 533.52
126.78 541.70
126.78 453.72
144.17 412.81
199.42 369.84
274.09 337.11
273.07 380.07
311.94 393.37
354.91 409.74
296.60 441.45
316.03 482.37
246.47 416.90
220.90 419.97
234.20 464.98
184.07 470.09
323.20 462.93
396.85 477.25
389.69 436.33
429.58 437.36
416.29 391.32
411.17 355.52
547.23 462.93
975.85 461.40
949.26 203.61
