1404.18 820.86
760.85 980.24
713.89 956.97
679.40 970.68
621.63 1018.06
629.11 931.62
686.88 925.80
725.53 928.71
653.21 907.93
681.47 880.50
654.88 879.25
731.76 887.98
743.81 860.14
730.93 845.59
701.42 821.90
681.89 845.59
632.85 857.23
603.76 839.36
588.38 872.19
616.64 804.45
640.75 800.71
726.36 816.50
762.51 822.32
746.31 796.97
696.85 768.08
755.03 752.29
732.59 714.06
710.98 709.90
682.72 724.03
652.80 773.07
685.21 755.62
601.27 765.59
582.98 791.36
569.68 771.41
549.73 785.54
530.62 832.08
523.97 817.95
484.90 847.05
488.23 810.47
484.90 825.44
460.80 911.05
443.34 901.07
435.86 951.77
468.28 1005.80
543.08 962.58
531.45 881.12
549.73 880.29
563.03 928.50
517.32 752.29
529.79 736.50
557.21 748.14
565.53 731.51
578.82 727.36
597.94 722.37
607.08 706.58
637.84 736.50
490.72 790.53
481.58 773.07
449.99 796.34
449.99 746.47
431.71 733.18
431.71 709.90
471.60 709.90
461.63 704.08
481.58 695.77
470.77 680.81
474.10 662.53
497.37 679.98
509.84 671.67
545.58 706.58
540.59 695.77
541.42 643.41
563.03 668.34
567.19 704.92
586.31 690.79
602.93 684.97
511.50 731.51
494.05 716.55
666.10 709.69
624.54 708.86
634.51 695.15
629.94 656.08
650.31 662.73
677.73 658.99
705.99 658.99
726.36 665.23
721.37 685.59
721.79 697.23
676.90 692.66
741.32 693.49
763.34 717.80
762.51 652.97
763.34 678.73
738.41 638.01
709.32 635.51
686.88 639.67
646.15 642.99
651.55 629.49
664.02 617.02
674.41 602.89
671.08 592.50
678.98 582.53
687.29 593.75
698.51 593.75
702.25 601.23
711.81 605.38
724.28 619.51
755.45 624.50
750.46 590.42
733.84 582.53
741.73 570.47
757.53 581.69
760.02 573.38
754.20 563.82
739.24 557.18
723.03 557.59
727.60 572.14
727.19 565.90
710.56 560.50
703.08 567.56
709.32 579.62
696.44 580.86
691.03 571.72
697.27 572.14
687.29 556.34
681.89 549.28
655.29 565.90
656.12 556.34
661.11 546.37
668.18 530.99
688.12 517.69
730.93 531.82
761.68 545.54
749.63 503.98
738.82 492.34
725.53 494.42
711.40 476.97
630.77 480.71
626.20 502.32
612.07 504.81
578.82 491.51
617.47 518.11
627.03 525.18
634.51 522.27
640.75 528.50
646.15 538.06
638.25 540.97
619.55 542.63
622.46 535.15
641.99 572.55
633.68 570.47
655.71 577.95
618.31 573.38
624.12 591.67
649.47 588.76
654.05 597.49
688.12 615.77
696.02 615.77
695.60 624.50
673.58 636.97
616.64 634.89
622.05 649.02
617.89 610.79
628.28 607.05
586.72 644.86
580.49 659.41
585.06 617.85
591.71 607.88
593.37 590.42
598.77 561.75
609.99 557.18
605.01 534.73
629.11 561.75
637.01 555.10
629.11 550.11
577.58 582.94
563.03 584.60
560.54 576.71
567.60 597.90
552.23 599.98
547.24 613.69
538.93 606.21
534.77 590.42
543.92 573.80
552.23 583.36
550.56 566.73
550.56 557.59
566.36 557.59
559.71 550.94
558.46 543.88
563.03 535.15
573.01 548.86
579.66 540.14
586.31 552.60
589.63 539.31
597.11 534.32
592.54 516.03
584.64 516.03
573.84 514.79
579.66 524.76
588.38 523.93
576.75 531.82
553.47 530.58
547.66 520.19
557.63 516.86
548.90 511.46
545.99 502.32
554.72 508.97
537.68 511.88
538.93 526.42
574.25 573.80
581.32 572.97
590.46 572.97
587.55 581.69
519.81 562.58
535.60 555.93
545.99 548.86
515.24 575.05
519.81 579.62
510.67 583.77
514.41 597.07
520.64 607.05
524.80 592.50
499.86 600.40
499.86 586.27
501.94 580.86
496.95 573.80
503.60 567.98
509.42 616.19
521.47 623.67
489.47 619.93
478.67 590.01
481.16 570.89
491.55 565.07
496.95 552.19
510.25 516.03
501.94 515.20
514.82 510.21
525.63 516.03
500.69 528.50
491.97 531.82
477.84 526.42
481.16 534.73
474.93 543.46
473.27 534.32
486.98 543.05
472.44 551.77
525.21 547.20
521.06 541.80
484.07 518.11
486.15 505.23
496.95 503.98
513.16 500.24
491.14 489.44
479.08 488.60
499.45 471.15
510.67 471.56
533.53 485.28
539.34 479.46
551.81 479.05
483.24 465.33
477.84 473.23
461.21 513.54
464.12 503.98
470.36 496.92
477.01 496.92
472.02 515.20
460.38 485.28
455.40 476.55
450.82 528.08
467.03 526.01
461.63 526.01
453.73 518.11
454.56 514.37
445.42 556.76
450.82 585.02
447.92 573.38
459.97 575.46
460.38 540.55
454.56 600.40
449.99 609.95
447.92 622.01
461.21 617.44
477.01 631.56
478.67 602.06
464.54 601.64
451.66 550.11
461.21 553.02
489.47 525.18
356.07 921.85
323.66 911.05
375.19 906.89
277.94 912.71
237.21 957.59
202.31 911.05
198.98 847.05
279.60 857.02
283.76 831.25
336.95 837.07
405.94 848.71
439.19 860.34
456.64 813.80
402.62 816.29
396.80 791.36
396.80 767.25
394.31 755.62
418.41 771.41
366.88 773.90
295.40 758.11
249.68 759.77
214.77 781.38
217.27 800.50
198.98 755.62
250.51 807.98
186.51 748.14
223.08 729.85
278.77 715.72
268.80 698.27
228.90 692.45
211.45 704.08
203.97 681.64
213.94 664.19
229.73 674.99
265.47 680.81
275.45 670.01
262.98 650.89
312.02 684.14
348.59 730.68
368.54 709.90
399.29 715.72
391.81 695.77
363.55 692.45
380.18 670.01
416.75 670.01
406.77 657.54
430.05 660.03
322.82 666.68
343.60 660.03
306.20 663.36
219.76 645.90
243.03 638.42
198.15 654.21
180.69 655.05
195.66 637.59
284.59 648.40
309.53 640.08
172.38 725.69
391.81 624.92
405.11 623.25
411.76 604.55
379.76 616.60
363.55 623.25
356.49 644.45
375.19 583.77
393.06 578.37
340.69 576.29
353.16 600.81
352.33 615.36
343.19 614.53
336.12 622.42
339.45 639.05
334.05 649.44
345.68 655.25
314.10 615.36
328.23 602.89
338.20 589.59
327.40 577.95
321.58 576.71
311.60 571.31
378.10 648.60
373.53 662.32
385.58 564.66
388.49 547.20
373.53 550.94
402.20 550.11
415.92 550.11
430.05 562.99
434.20 572.55
427.14 582.53
443.34 598.32
440.85 587.93
440.85 535.56
433.79 552.19
419.66 533.07
331.97 557.18
324.90 555.93
334.05 542.21
331.55 532.66
353.99 539.72
373.11 532.66
387.66 526.84
410.51 526.84
372.69 563.82
324.49 615.77
400.12 518.11
416.33 506.89
62.67 913.95
27.76 872.40
75.97 807.56
9.47 780.97
6.15 757.69
17.79 736.08
143.29 775.77
147.03 807.36
146.20 830.21
83.45 759.56
99.66 739.20
112.95 718.84
103.81 691.41
76.80 683.10
60.59 696.81
41.06 678.11
33.16 694.32
39.40 715.10
139.55 743.77
170.31 723.41
140.38 705.54
164.07 693.90
133.73 671.88
115.45 656.08
87.60 656.08
106.72 671.88
74.31 638.01
47.71 628.03
53.53 608.08
85.94 604.76
88.44 622.21
119.19 631.36
68.90 597.49
69.73 584.60
50.20 581.28
51.86 564.24
56.85 577.12
75.55 577.12
81.79 590.01
101.73 582.11
96.75 572.97
64.33 547.62
68.90 533.49
122.10 584.60
122.10 601.23
108.80 569.23
96.75 559.67
93.84 545.12
105.89 549.28
114.20 547.62
118.77 559.67
97.99 533.49
100.49 523.51
100.90 513.95
81.79 501.90
74.72 512.71
83.86 492.34
146.62 590.01
143.71 580.86
139.14 572.97
138.31 567.15
138.31 559.67
145.79 554.68
137.06 545.12
151.19 566.73
161.99 587.93
181.53 608.29
179.03 618.68
166.15 631.15
141.21 616.60
157.84 612.03
189.01 627.41
195.66 603.31
168.64 571.31
156.18 545.12
143.29 540.55
120.85 535.98
117.53 524.34
123.76 500.24
134.15 516.03
147.86 518.53
149.11 528.92
181.53 534.73
188.18 531.82
183.19 516.45
150.36 505.23
140.80 501.49
147.03 496.92
153.68 490.27
145.37 485.28
142.05 476.55
133.32 475.31
123.34 479.05
129.58 488.60
140.80 468.24
117.53 473.64
117.11 459.10
113.37 459.51
107.14 460.76
108.38 455.77
112.95 454.53
110.46 447.46
96.33 449.95
99.24 460.76
106.31 466.16
83.86 469.07
103.40 486.94
103.40 479.88
104.23 469.49
113.79 493.18
155.76 975.46
234.72 620.14
268.80 605.18
281.27 616.81
274.62 625.95
302.05 606.84
286.25 593.54
296.23 587.72
301.21 576.08
281.27 564.45
263.81 558.63
251.34 562.79
218.10 570.27
210.62 581.90
223.08 583.56
225.58 595.20
243.86 585.23
254.67 581.90
258.82 590.21
208.12 593.54
198.15 576.08
179.86 553.02
157.84 539.72
198.56 545.95
211.86 548.45
207.29 542.63
203.55 533.90
211.03 529.75
223.92 528.08
225.58 535.15
245.94 533.90
242.20 548.03
219.76 518.94
201.89 514.79
202.31 506.47
213.53 513.12
159.92 507.31
143.71 512.29
245.94 518.94
233.47 520.60
236.80 510.21
234.31 503.56
247.60 500.24
241.37 501.49
240.12 493.18
202.72 494.01
189.42 479.88
173.63 488.19
181.94 490.27
192.75 495.67
86.77 523.10
79.29 525.18
85.11 568.81
221.21 491.41
211.45 489.33
217.27 498.06
213.94 506.79
211.86 511.98
204.18 488.92
276.49 486.42
277.11 480.60
276.69 473.54
273.58 466.89
297.47 791.56
317.01 807.77
351.92 806.94
287.08 546.37
286.67 526.01
286.25 514.37
274.20 512.29
277.11 525.18
277.94 536.81
304.12 540.55
305.37 527.25
304.54 518.53
317.84 523.10
330.31 517.28
338.20 520.19
342.36 520.19
344.02 514.37
349.84 506.06
358.15 506.06
373.11 510.63
376.02 507.72
383.50 512.71
385.16 504.81
358.15 523.51
353.58 532.66
343.60 530.99
325.73 529.33
318.25 510.63
313.27 505.64
271.71 497.75
284.59 496.50
289.16 502.73
298.72 509.80
322.82 501.90
328.64 505.64
368.12 451.20
360.23 452.45
362.31 449.12
238.05 430.84
244.28 436.24
248.85 431.67
295.81 483.20
299.14 481.95
296.64 475.31
286.67 475.31
284.18 478.63
271.29 476.97
269.21 484.45
317.01 485.69
321.58 491.51
324.07 493.59
325.32 484.45
330.72 484.45
330.72 489.02
359.40 484.45
311.60 469.49
344.44 454.94
366.88 494.42
366.88 499.82
370.62 491.51
385.16 478.63
371.03 476.97
327.81 471.56
322.82 475.31
335.29 472.81
346.51 481.95
351.08 493.18
298.72 493.18
230.98 469.49
231.40 465.33
228.90 467.41
238.05 467.41
245.11 466.58
224.75 477.38
230.15 477.38
241.79 479.05
236.38 475.31
250.51 471.56
236.80 488.60
253.84 486.94
242.20 449.12
229.73 442.06
269.21 453.28
331.97 456.60
326.56 452.86
332.38 446.21
299.55 465.75
307.45 481.54
307.03 507.72
303.71 503.56
299.97 503.15
342.36 498.99
339.03 485.69
353.58 457.02
347.76 460.76
360.64 469.49
382.25 468.66
397.63 472.40
403.03 469.49
400.95 465.75
303.29 461.18
238.46 532.24
152.02 470.73
149.11 468.66
147.03 469.07
152.44 480.71
156.59 483.20
165.32 482.37
173.21 477.38
176.12 471.98
174.05 456.19
171.55 457.02
181.94 459.93
190.67 470.73
196.07 474.47
205.63 473.64
216.02 462.01
217.27 452.03
202.31 455.36
206.88 453.28
212.69 450.37
220.18 445.38
227.24 443.72
226.41 450.37
226.82 461.18
235.97 456.19
238.88 445.80
247.60 443.72
245.94 459.93
194.41 509.38
186.93 505.64
155.76 518.53
127.50 524.76
100.49 509.38
97.99 489.02
92.18 483.20
92.18 477.38
90.51 489.02
133.73 464.92
139.97 453.28
127.92 451.20
131.24 454.94
134.15 451.20
134.15 445.80
149.11 448.29
150.77 444.55
161.58 446.63
149.53 457.02
153.68 460.34
151.19 463.25
160.33 462.84
178.20 440.40
168.64 438.73
154.93 432.92
121.68 437.49
110.46 439.98
115.03 439.98
107.14 437.07
103.81 437.07
100.90 435.41
95.50 438.32
98.41 442.89
107.97 450.37
102.15 455.36
124.59 442.47
127.50 444.55
133.32 439.98
140.38 438.73
146.62 427.10
150.36 431.25
176.54 449.54
201.06 432.92
206.46 432.92
216.85 438.32
198.98 445.38
193.99 452.45
197.32 456.19
206.88 464.92
219.34 431.67
203.97 415.46
172.38 431.25
164.49 429.59
118.36 432.92
120.44 430.01
123.34 430.42
127.50 434.16
156.18 430.01
158.25 442.47
133.32 481.12
199.40 479.46
112.54 466.99
121.27 466.99
166.56 457.44
256.33 445.38
269.63 428.34
273.79 433.33
277.94 463.67
250.51 492.76
266.72 519.36
270.88 528.50
265.06 540.14
276.69 561.33
218.93 471.98
216.02 471.56
115.86 482.37
125.84 454.94
179.03 500.66
115.03 435.82
287.50 488.81
299.14 446.84
321.99 462.94
353.37 467.72
317.21 444.45
322.20 449.23
315.14 456.29
287.50 434.68
304.33 431.77
309.53 435.31
305.58 440.08
317.63 429.69
322.41 430.94
323.66 435.31
328.64 439.25
342.56 433.23
348.59 467.93
311.60 478.32
293.94 451.93
287.71 464.40
266.93 457.75
336.95 465.75
339.45 469.49
344.44 475.31
282.93 503.98
299.14 449.95
302.46 449.95
307.03 447.88
312.44 449.95
343.60 447.05
393.47 453.28
402.62 452.03
368.12 433.75
273.37 438.32
335.71 481.12
338.62 478.21
368.12 462.42
373.94 459.51
383.08 463.67
398.46 481.95
395.55 484.86
402.20 482.37
399.29 487.77
401.37 494.84
406.36 499.41
405.94 516.03
405.53 511.05
398.05 505.64
376.02 499.41
365.21 506.06
382.67 487.77
366.46 484.86
362.72 489.02
374.36 470.73
408.44 473.23
413.01 469.49
408.02 467.82
410.51 479.05
413.42 485.28
303.71 491.93
316.59 493.59
318.25 500.24
288.33 557.59
298.72 550.53
317.84 561.33
319.92 571.31
340.69 572.14
342.36 553.02
351.92 545.12
345.27 542.21
381.42 541.80
392.64 536.40
403.86 536.81
398.05 526.01
415.50 533.49
233.06 541.80
228.90 545.54
228.49 535.15
226.82 527.67
337.79 503.98
341.11 503.98
391.40 506.06
388.49 497.33
392.23 495.25
388.07 483.20
391.40 473.23
329.47 477.38
319.08 468.24
269.21 502.32
274.20 502.73
322.82 518.53
323.24 511.88
371.45 542.21
394.31 557.18
397.63 568.40
407.60 565.49
432.54 528.92
439.60 515.62
433.79 513.54
447.50 514.37
443.34 506.47
434.20 501.07
452.07 500.24
449.16 496.08
447.50 492.34
439.60 494.84
437.11 494.84
435.45 490.27
434.20 486.11
437.94 479.88
442.93 479.88
422.56 496.08
420.49 508.55
423.40 513.54
426.72 509.38
429.63 520.19
420.07 522.27
412.18 583.36
405.94 580.03
418.82 581.28
415.50 573.38
422.56 562.16
422.98 553.85
425.06 542.63
528.12 502.73
444.18 464.08
426.31 456.60
419.66 480.29
425.47 486.94
457.47 503.15
491.55 535.56
514.82 531.82
516.90 526.84
511.50 523.10
516.07 519.36
512.75 552.60
490.72 555.10
399.71 597.90
379.34 600.40
344.44 575.46
427.14 609.12
445.84 523.51
479.50 512.29
494.05 510.63
494.88 496.92
499.03 487.77
512.75 490.27
572.18 641.75
589.63 633.44
598.77 630.94
596.28 641.75
628.69 649.23
587.14 601.02
520.64 643.41
463.29 649.23
442.51 688.29
250.51 752.29
414.25 635.93
560.54 494.63
564.69 504.60
373.53 523.72
384.33 520.40
380.18 520.40
317.84 532.86
248.02 581.90
479.92 503.77
469.11 506.27
360.23 433.95
363.55 343.98
366.46 342.32
384.33 241.75
246.36 471.56
131.24 537.23
134.15 527.25
169.89 535.56
180.28 563.41
185.27 555.51
152.02 624.92
41.89 666.68
245.53 739.82
370.20 571.93
401.79 930.58
558.05 623.05
561.37 611.41
155.34 446.21
93.01 445.80
80.95 382.63
88.02 483.62
201.47 526.42
519.40 663.15
484.49 747.10
465.79 587.10
575.92 614.94
213.67 625.98
423.77 605.07
215.23 556.99
430.64 604.13
176.83 575.10
269.55 586.65
