-636.18 820.86
7.15 980.24
54.11 956.97
88.60 970.68
146.37 1018.06
138.89 931.62
81.12 925.80
42.47 928.71
114.79 907.93
86.53 880.50
113.12 879.25
36.24 887.98
24.19 860.14
37.07 845.59
66.58 821.90
86.11 845.59
135.15 857.23
164.24 839.36
179.62 872.19
151.36 804.45
127.25 800.71
41.64 816.50
5.49 822.32
21.69 796.97
71.15 768.08
12.97 752.29
35.41 714.06
57.02 709.90
85.28 724.03
115.20 773.07
82.79 755.62
166.73 765.59
185.02 791.36
198.32 771.41
218.27 785.54
237.38 832.08
244.03 817.95
283.10 847.05
279.77 810.47
283.10 825.44
307.20 911.05
324.66 901.07
332.14 951.77
299.72 1005.80
224.92 962.58
236.55 881.12
218.27 880.29
204.97 928.50
250.68 752.29
238.21 736.50
210.79 748.14
202.47 731.51
189.18 727.36
170.06 722.37
160.92 706.58
130.16 736.50
277.28 790.53
286.42 773.07
318.01 796.34
318.01 746.47
336.29 733.18
336.29 709.90
296.40 709.90
306.37 704.08
286.42 695.77
297.23 680.81
293.90 662.53
270.63 679.98
258.16 671.67
222.42 706.58
227.41 695.77
226.58 643.41
204.97 668.34
200.81 704.92
181.69 690.79
165.07 684.97
256.50 731.51
273.95 716.55
101.90 709.69
143.46 708.86
133.49 695.15
138.06 656.08
117.69 662.73
90.27 658.99
62.01 658.99
41.64 665.23
46.63 685.59
46.21 697.23
91.10 692.66
26.68 693.49
4.66 717.80
5.49 652.97
4.66 678.73
29.59 638.01
58.68 635.51
81.12 639.67
121.85 642.99
116.45 629.49
103.98 617.02
93.59 602.89
96.92 592.50
89.02 582.53
80.71 593.75
69.49 593.75
65.75 601.23
56.19 605.38
43.72 619.51
12.55 624.50
17.54 590.42
34.16 582.53
26.27 570.47
10.47 581.69
7.98 573.38
13.80 563.82
28.76 557.18
44.97 557.59
40.40 572.14
40.81 565.90
57.44 560.50
64.92 567.56
58.68 579.62
71.56 580.86
76.97 571.72
70.73 572.14
80.71 556.34
86.11 549.28
112.71 565.90
111.88 556.34
106.89 546.37
99.82 530.99
79.88 517.69
37.07 531.82
6.32 545.54
18.37 503.98
29.18 492.34
42.47 494.42
56.60 476.97
137.23 480.71
141.80 502.32
155.93 504.81
189.18 491.51
150.53 518.11
140.97 525.18
133.49 522.27
127.25 528.50
121.85 538.06
129.75 540.97
148.45 542.63
145.54 535.15
126.01 572.55
134.32 570.47
112.29 577.95
149.69 573.38
143.88 591.67
118.53 588.76
113.95 597.49
79.88 615.77
71.98 615.77
72.40 624.50
94.42 636.97
151.36 634.89
145.95 649.02
150.11 610.79
139.72 607.05
181.28 644.86
187.51 659.41
182.94 617.85
176.29 607.88
174.63 590.42
169.23 561.75
158.01 557.18
162.99 534.73
138.89 561.75
130.99 555.10
138.89 550.11
190.42 582.94
204.97 584.60
207.46 576.71
200.40 597.90
215.77 599.98
220.76 613.69
229.07 606.21
233.23 590.42
224.08 573.80
215.77 583.36
217.44 566.73
217.44 557.59
201.64 557.59
208.29 550.94
209.54 543.88
204.97 535.15
194.99 548.86
188.34 540.14
181.69 552.60
178.37 539.31
170.89 534.32
175.46 516.03
183.36 516.03
194.16 514.79
188.34 524.76
179.62 523.93
191.25 531.82
214.53 530.58
220.34 520.19
210.37 516.86
219.10 511.46
222.01 502.32
213.28 508.97
230.32 511.88
229.07 526.42
193.75 573.80
186.68 572.97
177.54 572.97
180.45 581.69
248.19 562.58
232.40 555.93
222.01 548.86
252.76 575.05
248.19 579.62
257.33 583.77
253.59 597.07
247.36 607.05
243.20 592.50
268.14 600.40
268.14 586.27
266.06 580.86
271.05 573.80
264.40 567.98
258.58 616.19
246.53 623.67
278.53 619.93
289.33 590.01
286.84 570.89
276.45 565.07
271.05 552.19
257.75 516.03
266.06 515.20
253.18 510.21
242.37 516.03
267.31 528.50
276.03 531.82
290.16 526.42
286.84 534.73
293.07 543.46
294.73 534.32
281.02 543.05
295.56 551.77
242.79 547.20
246.94 541.80
283.93 518.11
281.85 505.23
271.05 503.98
254.84 500.24
276.86 489.44
288.92 488.60
268.55 471.15
257.33 471.56
234.47 485.28
228.66 479.46
216.19 479.05
284.76 465.33
290.16 473.23
306.79 513.54
303.88 503.98
297.64 496.92
290.99 496.92
295.98 515.20
307.62 485.28
312.60 476.55
317.18 528.08
300.97 526.01
306.37 526.01
314.27 518.11
313.44 514.37
322.58 556.76
317.18 585.02
320.08 573.38
308.03 575.46
307.62 540.55
313.44 600.40
318.01 609.95
320.08 622.01
306.79 617.44
290.99 631.56
289.33 602.06
303.46 601.64
316.34 550.11
306.79 553.02
278.53 525.18
411.93 921.85
444.34 911.05
392.81 906.89
490.06 912.71
530.79 957.59
565.69 911.05
569.02 847.05
488.40 857.02
484.24 831.25
431.05 837.07
362.06 848.71
328.81 860.34
311.36 813.80
365.38 816.29
371.20 791.36
371.20 767.25
373.69 755.62
349.59 771.41
401.12 773.90
472.60 758.11
518.32 759.77
553.23 781.38
550.73 800.50
569.02 755.62
517.49 807.98
581.49 748.14
544.92 729.85
489.23 715.72
499.20 698.27
539.10 692.45
556.55 704.08
564.03 681.64
554.06 664.19
538.27 674.99
502.53 680.81
492.55 670.01
505.02 650.89
455.98 684.14
419.41 730.68
399.46 709.90
368.71 715.72
376.19 695.77
404.45 692.45
387.82 670.01
351.25 670.01
361.23 657.54
337.95 660.03
445.18 666.68
424.40 660.03
461.80 663.36
548.24 645.90
524.97 638.42
569.85 654.21
587.31 655.05
572.34 637.59
483.41 648.40
458.47 640.08
595.62 725.69
376.19 624.92
362.89 623.25
356.24 604.55
388.24 616.60
404.45 623.25
411.51 644.45
392.81 583.77
374.94 578.37
427.31 576.29
414.84 600.81
415.67 615.36
424.81 614.53
431.88 622.42
428.55 639.05
433.95 649.44
422.32 655.25
453.90 615.36
439.77 602.89
429.80 589.59
440.60 577.95
446.42 576.71
456.40 571.31
389.90 648.60
394.47 662.32
382.42 564.66
379.51 547.20
394.47 550.94
365.80 550.11
352.08 550.11
337.95 562.99
333.80 572.55
340.86 582.53
324.66 598.32
327.15 587.93
327.15 535.56
334.21 552.19
348.34 533.07
436.03 557.18
443.10 555.93
433.95 542.21
436.45 532.66
414.01 539.72
394.89 532.66
380.34 526.84
357.49 526.84
395.31 563.82
443.51 615.77
367.88 518.11
351.67 506.89
705.33 913.95
740.24 872.40
692.03 807.56
758.53 780.97
761.85 757.69
750.21 736.08
624.71 775.77
620.97 807.36
621.80 830.21
684.55 759.56
668.34 739.20
655.05 718.84
664.19 691.41
691.20 683.10
707.41 696.81
726.94 678.11
734.84 694.32
728.60 715.10
628.45 743.77
597.69 723.41
627.62 705.54
603.93 693.90
634.27 671.88
652.55 656.08
680.40 656.08
661.28 671.88
693.69 638.01
720.29 628.03
714.47 608.08
682.06 604.76
679.56 622.21
648.81 631.36
699.10 597.49
698.27 584.60
717.80 581.28
716.14 564.24
711.15 577.12
692.45 577.12
686.21 590.01
666.27 582.11
671.25 572.97
703.67 547.62
699.10 533.49
645.90 584.60
645.90 601.23
659.20 569.23
671.25 559.67
674.16 545.12
662.11 549.28
653.80 547.62
649.23 559.67
670.01 533.49
667.51 523.51
667.10 513.95
686.21 501.90
693.28 512.71
684.14 492.34
621.38 590.01
624.29 580.86
628.86 572.97
629.69 567.15
629.69 559.67
622.21 554.68
630.94 545.12
616.81 566.73
606.01 587.93
586.47 608.29
588.97 618.68
601.85 631.15
626.79 616.60
610.16 612.03
578.99 627.41
572.34 603.31
599.36 571.31
611.82 545.12
624.71 540.55
647.15 535.98
650.47 524.34
644.24 500.24
633.85 516.03
620.14 518.53
618.89 528.92
586.47 534.73
579.82 531.82
584.81 516.45
617.64 505.23
627.20 501.49
620.97 496.92
614.32 490.27
622.63 485.28
625.95 476.55
634.68 475.31
644.66 479.05
638.42 488.60
627.20 468.24
650.47 473.64
650.89 459.10
654.63 459.51
660.86 460.76
659.62 455.77
655.05 454.53
657.54 447.46
671.67 449.95
668.76 460.76
661.69 466.16
684.14 469.07
664.60 486.94
664.60 479.88
663.77 469.49
654.21 493.18
612.24 975.46
533.28 620.14
499.20 605.18
486.73 616.81
493.38 625.95
465.95 606.84
481.75 593.54
471.77 587.72
466.79 576.08
486.73 564.45
504.19 558.63
516.66 562.79
549.90 570.27
557.38 581.90
544.92 583.56
542.42 595.20
524.14 585.23
513.33 581.90
509.18 590.21
559.88 593.54
569.85 576.08
588.14 553.02
610.16 539.72
569.44 545.95
556.14 548.45
560.71 542.63
564.45 533.90
556.97 529.75
544.08 528.08
542.42 535.15
522.06 533.90
525.80 548.03
548.24 518.94
566.11 514.79
565.69 506.47
554.47 513.12
608.08 507.31
624.29 512.29
522.06 518.94
534.53 520.60
531.20 510.21
533.69 503.56
520.40 500.24
526.63 501.49
527.88 493.18
565.28 494.01
578.58 479.88
594.37 488.19
586.06 490.27
575.25 495.67
681.23 523.10
688.71 525.18
682.89 568.81
546.79 491.41
556.55 489.33
550.73 498.06
554.06 506.79
556.14 511.98
563.82 488.92
491.51 486.42
490.89 480.60
491.31 473.54
494.42 466.89
470.53 791.56
450.99 807.77
416.08 806.94
480.92 546.37
481.33 526.01
481.75 514.37
493.80 512.29
490.89 525.18
490.06 536.81
463.88 540.55
462.63 527.25
463.46 518.53
450.16 523.10
437.69 517.28
429.80 520.19
425.64 520.19
423.98 514.37
418.16 506.06
409.85 506.06
394.89 510.63
391.98 507.72
384.50 512.71
382.84 504.81
409.85 523.51
414.42 532.66
424.40 530.99
442.27 529.33
449.75 510.63
454.73 505.64
496.29 497.75
483.41 496.50
478.84 502.73
469.28 509.80
445.18 501.90
439.36 505.64
399.88 451.20
407.77 452.45
405.69 449.12
529.95 430.84
523.72 436.24
519.15 431.67
472.19 483.20
468.86 481.95
471.36 475.31
481.33 475.31
483.82 478.63
496.71 476.97
498.79 484.45
450.99 485.69
446.42 491.51
443.93 493.59
442.68 484.45
437.28 484.45
437.28 489.02
408.60 484.45
456.40 469.49
423.56 454.94
401.12 494.42
401.12 499.82
397.38 491.51
382.84 478.63
396.97 476.97
440.19 471.56
445.18 475.31
432.71 472.81
421.49 481.95
416.92 493.18
469.28 493.18
537.02 469.49
536.60 465.33
539.10 467.41
529.95 467.41
522.89 466.58
543.25 477.38
537.85 477.38
526.21 479.05
531.62 475.31
517.49 471.56
531.20 488.60
514.16 486.94
525.80 449.12
538.27 442.06
498.79 453.28
436.03 456.60
441.44 452.86
435.62 446.21
468.45 465.75
460.55 481.54
460.97 507.72
464.29 503.56
468.03 503.15
425.64 498.99
428.97 485.69
414.42 457.02
420.24 460.76
407.36 469.49
385.75 468.66
370.37 472.40
364.97 469.49
367.05 465.75
464.71 461.18
529.54 532.24
615.98 470.73
618.89 468.66
620.97 469.07
615.56 480.71
611.41 483.20
602.68 482.37
594.79 477.38
591.88 471.98
593.95 456.19
596.45 457.02
586.06 459.93
577.33 470.73
571.93 474.47
562.37 473.64
551.98 462.01
550.73 452.03
565.69 455.36
561.12 453.28
555.31 450.37
547.82 445.38
540.76 443.72
541.59 450.37
541.18 461.18
532.03 456.19
529.12 445.80
520.40 443.72
522.06 459.93
573.59 509.38
581.07 505.64
612.24 518.53
640.50 524.76
667.51 509.38
670.01 489.02
675.82 483.20
675.82 477.38
677.49 489.02
634.27 464.92
628.03 453.28
640.08 451.20
636.76 454.94
633.85 451.20
633.85 445.80
618.89 448.29
617.23 444.55
606.42 446.63
618.47 457.02
614.32 460.34
616.81 463.25
607.67 462.84
589.80 440.40
599.36 438.73
613.07 432.92
646.32 437.49
657.54 439.98
652.97 439.98
660.86 437.07
664.19 437.07
667.10 435.41
672.50 438.32
669.59 442.89
660.03 450.37
665.85 455.36
643.41 442.47
640.50 444.55
634.68 439.98
627.62 438.73
621.38 427.10
617.64 431.25
591.46 449.54
566.94 432.92
561.54 432.92
551.15 438.32
569.02 445.38
574.01 452.45
570.68 456.19
561.12 464.92
548.66 431.67
564.03 415.46
595.62 431.25
603.51 429.59
649.64 432.92
647.56 430.01
644.66 430.42
640.50 434.16
611.82 430.01
609.75 442.47
634.68 481.12
568.60 479.46
655.46 466.99
646.73 466.99
601.44 457.44
511.67 445.38
498.37 428.34
494.21 433.33
490.06 463.67
517.49 492.76
501.28 519.36
497.12 528.50
502.94 540.14
491.31 561.33
549.07 471.98
551.98 471.56
652.14 482.37
642.16 454.94
588.97 500.66
652.97 435.82
480.50 488.81
468.86 446.84
446.01 462.94
414.63 467.72
450.79 444.45
445.80 449.23
452.86 456.29
480.50 434.68
463.67 431.77
458.47 435.31
462.42 440.08
450.37 429.69
445.59 430.94
444.34 435.31
439.36 439.25
425.44 433.23
419.41 467.93
456.40 478.32
474.06 451.93
480.29 464.40
501.07 457.75
431.05 465.75
428.55 469.49
423.56 475.31
485.07 503.98
468.86 449.95
465.54 449.95
460.97 447.88
455.56 449.95
424.40 447.05
374.53 453.28
365.38 452.03
399.88 433.75
494.63 438.32
432.29 481.12
429.38 478.21
399.88 462.42
394.06 459.51
384.92 463.67
369.54 481.95
372.45 484.86
365.80 482.37
368.71 487.77
366.63 494.84
361.64 499.41
362.06 516.03
362.47 511.05
369.95 505.64
391.98 499.41
402.79 506.06
385.33 487.77
401.54 484.86
405.28 489.02
393.64 470.73
359.56 473.23
354.99 469.49
359.98 467.82
357.49 479.05
354.58 485.28
464.29 491.93
451.41 493.59
449.75 500.24
479.67 557.59
469.28 550.53
450.16 561.33
448.08 571.31
427.31 572.14
425.64 553.02
416.08 545.12
422.73 542.21
386.58 541.80
375.36 536.40
364.14 536.81
369.95 526.01
352.50 533.49
534.94 541.80
539.10 545.54
539.51 535.15
541.18 527.67
430.21 503.98
426.89 503.98
376.60 506.06
379.51 497.33
375.77 495.25
379.93 483.20
376.60 473.23
438.53 477.38
448.92 468.24
498.79 502.32
493.80 502.73
445.18 518.53
444.76 511.88
396.55 542.21
373.69 557.18
370.37 568.40
360.40 565.49
335.46 528.92
328.40 515.62
334.21 513.54
320.50 514.37
324.66 506.47
333.80 501.07
315.93 500.24
318.84 496.08
320.50 492.34
328.40 494.84
330.89 494.84
332.55 490.27
333.80 486.11
330.06 479.88
325.07 479.88
345.44 496.08
347.51 508.55
344.60 513.54
341.28 509.38
338.37 520.19
347.93 522.27
355.82 583.36
362.06 580.03
349.18 581.28
352.50 573.38
345.44 562.16
345.02 553.85
342.94 542.63
239.88 502.73
323.82 464.08
341.69 456.60
348.34 480.29
342.53 486.94
310.53 503.15
276.45 535.56
253.18 531.82
251.10 526.84
256.50 523.10
251.93 519.36
255.25 552.60
277.28 555.10
368.29 597.90
388.66 600.40
423.56 575.46
340.86 609.12
322.16 523.51
288.50 512.29
273.95 510.63
273.12 496.92
268.97 487.77
255.25 490.27
195.82 641.75
178.37 633.44
169.23 630.94
171.72 641.75
139.31 649.23
180.86 601.02
247.36 643.41
304.71 649.23
325.49 688.29
517.49 752.29
353.75 635.93
207.46 494.63
203.31 504.60
394.47 523.72
383.67 520.40
387.82 520.40
450.16 532.86
519.98 581.90
288.08 503.77
298.89 506.27
407.77 433.95
404.45 343.98
401.54 342.32
383.67 241.75
521.64 471.56
636.76 537.23
633.85 527.25
598.11 535.56
587.72 563.41
582.73 555.51
615.98 624.92
726.11 666.68
522.47 739.82
397.80 571.93
366.21 930.58
209.95 623.05
206.63 611.41
612.66 446.21
674.99 445.80
687.05 382.63
679.98 483.62
566.53 526.42
248.60 663.15
283.51 747.10
302.21 587.10
192.08 614.94
554.33 625.98
344.23 605.07
552.77 556.99
337.36 604.13
591.17 575.10
498.45 586.65
