510.29 15.06
531.77 34.50
505.18 55.98
517.45 78.49
529.73 140.89
525.64 167.49
530.75 185.90
525.64 214.55
493.92 210.45
496.99 316.84
480.63 360.83
487.79 410.96
521.54 446.76
538.93 479.50
513.36 520.42
410.04 539.85
461.19 506.09
447.89 471.31
423.34 387.43
398.79 496.89
374.24 440.62
382.42 417.09
353.78 386.41
386.51 342.42
424.36 314.80
368.10 304.57
352.75 346.51
374.24 220.68
376.28 194.09
414.13 204.32
418.22 178.74
450.96 149.07
469.37 174.65
496.99 153.17
498.02 129.64
506.20 116.34
476.53 104.06
461.19 114.29
437.66 90.76
451.98 79.51
472.44 61.10
482.67 51.89
484.72 38.59
486.76 13.02
468.35 6.88
451.98 9.95
444.82 26.32
430.50 63.14
415.15 47.80
411.06 19.16
435.61 1.77
369.12 23.25
382.42 26.32
347.64 48.82
369.12 50.87
400.83 80.54
395.72 108.16
355.82 74.40
364.01 167.49
346.62 147.03
331.27 187.95
278.08 233.98
280.12 194.09
320.02 153.17
294.44 120.43
324.11 102.02
297.51 238.07
304.67 337.30
233.06 273.88
263.75 364.92
312.86 406.86
284.21 425.28
316.95 468.24
342.52 511.21
260.69 539.85
268.87 518.37
238.18 480.52
258.64 443.69
247.39 379.24
171.69 377.20
187.03 413.00
201.35 444.71
173.73 525.53
153.27 451.88
100.08 517.35
128.72 494.84
95.99 443.69
81.66 416.07
126.68 399.70
57.11 472.34
15.17 509.16
10.06 373.11
35.63 388.45
100.08 256.49
173.73 252.40
218.74 243.19
238.18 214.55
204.42 189.99
256.59 174.65
291.37 148.05
149.18 218.64
172.71 209.43
161.46 180.79
175.78 172.60
156.34 129.64
226.93 118.39
247.39 102.02
263.75 114.29
295.47 68.26
293.42 27.34
271.94 38.59
308.76 18.13
280.12 0.74
273.98 8.93
247.39 37.57
225.90 5.86
210.56 39.62
237.16 69.28
197.26 110.20
200.33 87.70
193.17 58.03
204.42 51.89
199.31 37.57
159.41 18.13
132.81 30.41
114.40 26.32
95.99 24.27
50.97 13.02
65.30 27.34
68.37 77.47
84.73 107.13
128.72 108.16
145.09 105.09
154.30 76.44
128.72 89.74
112.35 81.56
120.54 65.19
128.72 182.83
126.68 157.26
108.26 167.49
106.22 210.45
63.25 196.13
83.71 170.56
63.25 153.17
37.68 120.43
22.33 96.90
39.72 61.10
31.54 21.20
10.06 46.78
15.17 22.23
34.61 165.44
31.54 198.18
23.35 230.91
63.25 242.17
88.82 63.78
65.30 57.65
68.88 114.93
174.24 31.05
193.68 14.68
156.85 242.80
190.10 232.06
215.16 173.75
277.56 80.15
