1023.27 115.95
970.08 161.98
972.12 122.09
1012.02 81.17
986.44 48.43
1016.11 30.02
989.51 166.07
996.67 265.30
925.06 201.88
955.75 292.92
1004.86 334.86
976.21 353.28
1008.95 396.24
1021.22 486.27
975.19 525.14
952.69 467.85
960.87 446.37
930.18 408.52
950.64 371.69
939.39 307.24
863.69 305.20
879.03 341.00
893.35 372.71
865.73 453.53
845.27 379.88
898.47 545.60
866.76 502.63
849.36 500.59
781.85 517.98
763.43 490.36
792.08 445.35
820.72 422.84
787.99 371.69
773.66 344.07
818.68 327.70
749.11 400.34
707.17 437.16
645.79 516.95
646.81 538.44
655.00 486.27
655.00 486.27
593.62 458.64
613.06 416.70
634.54 369.65
661.14 349.19
644.77 332.82
651.93 307.24
702.06 301.11
727.63 316.45
792.08 184.49
865.73 180.40
910.74 171.19
930.18 142.55
896.42 117.99
948.59 102.65
983.37 76.05
841.18 146.64
864.71 137.43
853.46 108.79
867.78 100.60
848.34 57.64
918.93 46.39
939.39 30.02
955.75 42.29
889.26 38.20
892.33 15.70
760.37 5.47
776.73 35.13
820.72 36.16
837.09 33.09
846.30 4.44
820.72 17.74
804.35 9.56
820.72 110.83
818.68 85.26
800.26 95.49
798.22 138.45
755.25 124.13
775.71 98.56
755.25 81.17
729.68 48.43
714.33 24.90
675.46 22.86
659.09 4.44
672.39 61.73
726.61 93.44
723.54 126.18
715.35 158.91
755.25 170.17
653.98 146.64
683.64 117.99
673.41 97.53
571.11 514.91
515.87 535.37
541.45 445.35
515.87 423.86
490.30 457.62
535.31 370.67
569.07 310.31
587.48 338.96
558.84 324.64
509.74 224.38
523.03 204.95
531.22 184.49
567.02 179.37
617.15 156.87
611.01 114.92
636.59 89.35
623.29 56.62
639.65 43.32
620.22 27.97
616.13 1.37
579.30 19.79
595.67 68.89
562.93 52.52
551.68 35.13
542.47 56.62
546.56 121.06
515.87 103.67
489.28 93.44
485.18 75.03
513.83 63.78
530.20 44.34
538.38 4.44
496.44 28.99
481.09 183.46
528.15 159.94
485.18 254.05
760.88 42.93
848.85 170.80
882.10 160.06
907.16 101.75
969.56 8.15
