13.96 544.85
0.66 392.43
25.21 501.89
49.76 445.62
41.58 422.09
70.22 391.41
37.49 347.42
55.90 309.57
71.25 351.51
49.76 225.68
47.72 199.09
9.87 209.32
5.78 183.74
8.85 52.80
12.94 24.16
41.58 2.67
54.88 28.25
41.58 31.32
76.36 53.82
54.88 55.87
23.17 85.54
28.28 113.16
68.18 79.40
59.99 172.49
77.38 152.03
92.73 192.95
145.92 238.98
143.88 199.09
103.98 158.17
129.56 125.43
99.89 107.02
126.49 243.07
119.33 342.30
190.94 278.88
160.25 369.92
111.14 411.86
139.79 430.28
107.05 473.24
81.48 516.21
163.31 544.85
155.13 523.37
185.82 485.52
165.36 448.69
176.61 384.24
252.31 382.20
236.97 418.00
222.65 449.71
250.27 530.53
270.73 456.88
323.92 522.35
295.28 499.84
328.01 448.69
342.34 421.07
297.32 404.70
366.89 477.34
408.83 514.16
522.38 535.64
502.94 493.70
481.46 446.65
454.86 426.19
471.23 409.82
464.07 384.24
413.94 378.11
388.37 393.45
323.92 261.49
250.27 257.40
205.26 248.19
185.82 219.55
219.58 194.99
167.41 179.65
132.63 153.05
274.82 223.64
251.29 214.43
262.54 185.79
248.22 177.60
267.66 134.64
197.07 123.39
176.61 107.02
160.25 119.29
128.53 73.26
130.58 32.34
152.06 43.59
115.24 23.13
143.88 5.74
150.02 13.93
176.61 42.57
198.10 10.86
177.64 3.70
213.44 4.72
213.44 44.62
186.84 74.28
226.74 115.20
223.67 92.70
230.83 63.03
219.58 56.89
224.69 42.57
264.59 1.65
264.59 23.13
291.19 35.41
309.60 31.32
297.32 1.65
332.11 1.65
328.01 29.27
373.03 18.02
368.93 2.67
358.70 32.34
355.63 82.47
339.27 112.13
295.28 113.16
278.91 110.09
269.70 81.44
295.28 94.74
311.65 86.56
303.46 70.19
295.28 187.83
297.32 162.26
315.74 172.49
317.78 215.45
360.75 201.13
340.29 175.56
360.75 158.17
386.32 125.43
401.67 101.90
384.28 66.10
392.46 26.20
413.94 51.78
408.83 27.23
426.22 11.88
439.52 74.28
440.54 99.86
456.91 81.44
443.61 138.73
389.39 170.44
392.46 203.18
400.65 235.91
360.75 247.17
462.02 223.64
432.36 194.99
442.59 174.53
546.93 387.31
528.52 415.96
498.85 233.87
504.99 191.92
479.41 166.35
492.71 133.62
476.35 120.32
495.78 104.97
475.32 65.08
499.87 78.37
502.94 55.87
495.78 31.32
470.21 33.36
449.75 47.68
457.93 63.03
450.77 3.70
513.17 17.00
532.61 76.33
536.70 96.79
520.33 145.89
335.18 68.78
358.70 62.65
355.12 119.93
249.76 36.05
230.32 19.68
544.89 1.78
519.31 9.45
267.15 247.80
233.90 237.06
208.84 178.75
146.44 85.15
