2.73 100.95
55.92 146.98
53.88 107.09
13.98 66.17
39.56 33.43
9.89 15.02
36.49 151.07
29.33 250.30
100.94 186.88
70.25 277.92
21.14 319.86
49.79 338.28
17.05 381.24
4.78 471.27
20.12 536.74
50.81 510.14
73.31 452.85
65.13 431.37
95.82 393.52
75.36 356.69
86.61 292.24
162.31 290.20
146.97 326.00
132.65 357.71
160.27 438.53
180.73 364.88
127.53 530.60
159.24 487.63
176.64 485.59
244.15 502.98
262.57 475.36
233.92 430.35
205.28 407.84
238.01 356.69
252.34 329.07
207.32 312.70
276.89 385.34
318.83 422.16
380.21 501.95
379.19 523.44
371.00 471.27
371.00 471.27
432.38 443.64
412.94 401.70
391.46 354.65
364.86 334.19
381.23 317.82
374.07 292.24
323.94 286.11
298.37 301.45
233.92 169.49
160.27 165.40
115.26 156.19
95.82 127.55
129.58 102.99
77.41 87.65
42.63 61.05
184.82 131.64
161.29 122.43
172.54 93.79
158.22 85.60
177.66 42.64
107.07 31.39
86.61 15.02
70.25 27.29
136.74 23.20
133.67 0.70
249.27 20.13
205.28 21.16
188.91 18.09
205.28 2.74
205.28 95.83
207.32 70.26
225.74 80.49
227.78 123.45
270.75 109.13
250.29 83.56
270.75 66.17
296.32 33.43
311.67 9.90
350.54 7.86
353.61 46.73
299.39 78.44
302.46 111.18
310.65 143.91
270.75 155.17
372.02 131.64
342.36 102.99
352.59 82.53
454.89 499.91
510.13 520.37
484.55 430.35
510.13 408.86
535.70 442.62
490.69 355.67
456.93 295.31
438.52 323.96
467.16 309.64
516.26 209.38
502.97 189.95
494.78 169.49
458.98 164.37
408.85 141.87
414.99 99.92
389.41 74.35
402.71 41.62
386.35 28.32
405.78 12.97
446.70 4.79
430.33 53.89
463.07 37.52
474.32 20.13
483.53 41.62
479.44 106.06
510.13 88.67
536.72 78.44
540.82 60.03
512.17 48.78
495.80 29.34
529.56 13.99
544.91 168.46
497.85 144.94
540.82 239.05
265.12 27.93
177.15 155.80
143.90 145.06
118.84 86.75
