45.92 248.98
43.88 209.09
3.98 168.17
29.56 135.43
26.49 253.07
19.33 352.30
90.94 288.88
60.25 379.92
11.14 421.86
39.79 440.28
7.05 483.24
55.13 533.37
85.82 495.52
65.36 458.69
76.61 394.24
152.31 392.20
136.97 428.00
122.65 459.71
150.27 540.53
170.73 466.88
223.92 532.35
195.28 509.84
228.01 458.69
242.34 431.07
197.32 414.70
266.89 487.34
308.83 524.16
422.38 545.64
402.94 503.70
381.46 456.65
354.86 436.19
371.23 419.82
364.07 394.24
313.94 388.11
288.37 403.45
223.92 271.49
150.27 267.40
105.26 258.19
85.82 229.55
119.58 204.99
67.41 189.65
32.63 163.05
174.82 233.64
151.29 224.43
162.54 195.79
148.22 187.60
167.66 144.64
97.07 133.39
76.61 117.02
60.25 129.29
28.53 83.26
30.58 42.34
52.06 53.59
15.24 33.13
2.96 7.56
43.88 15.74
50.02 23.93
76.61 52.57
98.10 20.86
77.64 13.70
113.44 14.72
113.44 54.62
86.84 84.28
126.74 125.20
123.67 102.70
130.83 73.03
119.58 66.89
124.69 52.57
128.79 0.40
151.29 2.44
164.59 11.65
164.59 33.13
191.19 45.41
209.60 41.32
197.32 11.65
232.11 11.65
228.01 39.27
273.03 28.02
268.93 12.67
258.70 42.34
255.63 92.47
239.27 122.13
195.28 123.16
178.91 120.09
169.70 91.44
195.28 104.74
211.65 96.56
203.46 80.19
195.28 197.83
197.32 172.26
215.74 182.49
217.78 225.45
260.75 211.13
240.29 185.56
260.75 168.17
286.32 135.43
301.67 111.90
284.28 76.10
292.46 36.20
313.94 61.78
308.83 37.23
326.22 21.88
339.52 84.28
340.54 109.86
356.91 91.44
343.61 148.73
289.39 180.44
292.46 213.18
300.65 245.91
260.75 257.17
362.02 233.64
332.36 204.99
342.59 184.53
474.55 532.35
500.13 510.86
525.70 544.62
480.69 457.67
446.93 397.31
428.52 425.96
457.16 411.64
506.26 311.38
492.97 291.95
484.78 271.49
448.98 266.37
398.85 243.87
404.99 201.92
379.41 176.35
392.71 143.62
376.35 130.32
395.78 114.97
375.32 75.08
399.87 88.37
402.94 65.87
395.78 41.32
370.21 43.36
349.75 57.68
357.93 73.03
371.23 8.58
350.77 13.70
413.17 27.00
455.12 24.95
448.98 41.32
451.02 72.01
432.61 86.33
436.70 106.79
420.33 155.89
453.07 139.52
464.32 122.13
473.53 143.62
469.44 208.06
500.13 190.67
526.72 180.44
530.82 162.03
502.17 150.78
485.80 131.34
522.63 86.33
477.62 91.44
488.87 51.55
474.55 64.85
521.61 59.73
501.15 35.18
499.10 15.74
467.39 6.54
526.72 19.83
547.18 12.67
530.82 1.42
540.02 52.57
519.56 115.99
543.09 150.78
534.91 270.46
487.85 246.94
544.11 358.44
530.82 341.05
235.18 78.78
258.70 72.65
255.12 129.93
149.76 46.05
130.32 29.68
444.89 11.78
419.31 19.45
416.75 6.15
167.15 257.80
133.90 247.06
108.84 188.75
46.44 95.15
