34.42 573.21
6.43 638.27
98.65 643.21
128.30 625.92
94.54 600.39
158.77 646.50
188.41 620.15
224.64 577.33
291.34 651.44
312.75 635.80
288.05 625.09
262.52 607.80
301.22 588.86
360.51 598.74
390.98 639.91
386.04 596.27
423.10 552.63
459.33 629.21
462.62 658.03
439.56 657.21
519.44 617.68
504.62 563.33
531.79 554.27
563.91 581.45
606.73 570.74
613.31 619.33
573.79 646.50
642.13 584.74
661.07 565.80
691.54 568.27
713.78 583.92
694.84 602.86
675.07 637.44
774.71 610.27
788.71 645.68
865.29 644.85
880.11 618.50
887.52 569.92
828.24 562.51
795.30 535.34
732.71 527.10
716.25 544.39
647.90 541.92
815.88 520.51
885.88 513.10
829.06 494.16
785.42 474.40
764.01 483.46
768.95 466.99
759.07 446.40
809.30 443.11
838.94 453.81
876.82 448.05
857.88 397.82
710.48 469.46
710.48 440.64
689.90 445.58
648.72 445.58
647.08 476.87
642.13 513.93
610.02 504.87
598.49 486.75
599.31 454.64
572.14 492.52
582.02 522.16
523.56 521.34
505.44 497.46
521.09 484.28
433.80 504.04
442.03 471.93
465.91 458.75
448.62 527.10
457.68 556.75
423.92 524.63
390.98 532.86
393.45 494.16
383.57 482.63
379.45 460.40
413.21 448.87
395.10 448.05
399.21 430.76
421.45 425.82
442.03 420.05
460.15 432.40
507.91 434.05
522.73 433.23
532.61 410.99
552.38 415.11
572.14 410.99
569.67 437.34
591.08 415.11
633.08 415.93
361.34 539.45
329.22 550.98
300.40 555.92
250.99 549.33
246.05 519.69
290.52 525.45
274.87 522.16
278.99 489.22
260.05 490.05
311.10 504.87
322.63 472.75
319.34 453.81
325.93 427.46
365.45 435.70
351.45 423.35
372.04 406.05
310.28 405.23
298.75 395.35
304.52 428.29
279.81 429.93
261.70 405.23
287.22 457.93
255.93 462.05
236.99 452.99
219.70 427.46
210.64 407.70
201.59 488.40
210.64 519.69
184.29 560.04
126.65 564.16
151.35 592.98
79.71 554.27
72.30 509.81
150.53 498.28
173.59 485.10
190.06 457.93
155.47 445.58
117.59 490.87
114.30 523.81
100.30 524.63
3.13 480.16
17.95 459.58
15.48 434.87
49.25 438.17
49.25 476.05
88.77 447.23
83.01 471.11
116.77 445.58
95.36 480.16
124.18 426.64
156.30 421.70
138.18 392.88
104.42 377.23
97.01 410.99
73.95 389.58
87.12 370.64
69.83 364.06
47.60 378.88
7.25 354.17
19.60 406.88
41.01 410.99
41.83 356.65
51.72 335.24
22.07 309.71
79.71 331.12
86.30 313.00
108.53 323.71
125.83 317.12
157.12 304.77
176.88 316.30
194.17 321.24
201.59 343.47
190.06 358.29
164.53 359.12
142.30 355.00
139.00 339.35
115.95 343.47
145.59 324.53
219.70 315.47
213.11 329.47
235.35 318.77
243.58 335.24
232.88 374.76
223.00 368.17
211.47 380.53
187.59 387.94
267.46 364.06
277.34 383.00
308.63 348.41
336.63 345.12
339.10 360.76
371.22 363.23
370.39 345.12
317.69 380.53
323.46 368.17
388.51 337.71
405.80 331.94
423.10 331.94
416.51 369.00
423.10 385.47
416.51 410.99
460.97 404.41
478.27 387.11
462.62 387.94
468.39 370.64
483.21 346.76
464.27 331.12
480.74 323.71
446.15 345.12
455.21 354.17
496.38 375.58
507.91 356.65
521.91 333.59
544.14 336.88
542.50 355.82
529.32 383.00
529.32 371.47
568.02 339.35
580.38 345.12
586.14 332.76
599.31 345.94
590.26 367.35
594.37 384.64
607.55 387.11
630.61 362.41
617.43 345.94
633.90 345.12
610.84 331.94
612.49 317.94
638.02 324.53
664.37 327.00
652.02 330.29
654.49 376.41
666.84 387.94
639.66 377.23
657.78 417.58
648.72 405.23
683.31 414.29
692.37 361.59
680.84 357.47
676.72 335.24
685.78 335.24
724.48 365.70
708.83 360.76
698.13 388.76
713.78 380.53
732.71 408.52
776.36 422.52
790.36 410.99
815.88 405.23
782.12 390.41
807.65 379.70
838.12 369.00
894.94 345.12
871.06 377.23
864.47 338.53
820.00 336.06
804.36 342.65
793.65 353.35
824.94 353.35
852.12 331.94
860.35 312.18
796.94 321.24
780.48 333.59
762.36 343.47
754.12 364.88
761.54 383.82
747.54 405.23
750.01 332.76
735.19 329.47
714.60 328.65
876.82 266.06
884.23 245.48
875.17 229.01
859.53 230.66
842.23 253.71
843.88 289.12
829.88 295.71
824.94 284.18
830.71 275.12
816.71 315.47
787.89 308.06
771.42 317.12
776.36 290.77
801.89 276.77
740.13 307.24
726.95 297.36
741.77 276.77
759.07 270.18
755.77 252.07
773.89 259.48
771.42 273.48
813.41 233.95
826.59 239.71
828.24 255.36
871.88 206.78
858.70 211.72
877.64 191.95
864.47 196.89
862.82 188.66
872.70 182.90
862.82 174.66
852.94 168.90
843.88 183.72
810.94 199.36
810.94 187.01
824.94 170.54
814.24 167.25
819.18 156.55
708.01 261.12
714.60 250.42
699.78 249.60
702.25 236.42
694.84 279.24
705.54 308.06
690.72 308.06
698.95 296.53
682.48 286.65
640.49 301.47
663.54 292.42
641.31 269.36
670.13 273.48
684.95 234.77
670.13 235.60
667.66 219.95
681.66 212.54
701.42 208.42
718.72 208.42
733.54 243.01
734.36 215.01
747.54 200.19
766.48 185.37
775.53 177.95
559.79 316.30
570.49 298.18
590.26 281.71
612.49 282.53
616.61 295.71
643.78 238.07
632.25 257.01
605.90 265.24
621.55 235.60
635.55 211.72
607.55 219.13
603.43 201.01
579.55 228.19
572.14 242.18
562.26 233.95
545.79 239.71
559.79 270.18
558.97 282.53
563.08 295.71
549.91 297.36
538.38 295.71
530.14 308.88
530.97 319.59
497.21 297.36
508.73 292.42
515.32 282.53
500.50 269.36
515.32 242.18
523.56 186.19
566.38 177.13
534.26 147.49
504.62 179.60
613.31 174.66
610.84 154.90
659.43 171.37
644.60 182.90
633.90 165.60
643.78 154.07
651.19 149.96
749.18 146.66
758.24 148.31
754.12 123.61
709.66 138.43
701.42 142.55
664.37 160.66
672.60 149.96
688.25 155.72
679.19 165.60
694.84 157.37
694.84 126.08
724.48 120.31
635.55 149.13
645.43 135.14
622.37 138.43
629.78 120.31
605.90 140.08
538.38 126.08
560.61 131.84
567.20 160.66
494.74 241.36
487.32 275.12
473.33 275.12
479.09 298.18
460.15 298.18
441.21 286.65
451.92 273.48
459.33 264.42
451.09 255.36
449.45 239.71
470.86 226.54
477.44 243.83
482.38 227.36
498.85 227.36
487.32 162.31
479.91 143.37
486.50 135.14
499.68 131.84
505.44 131.02
501.32 117.84
362.16 306.41
344.04 322.88
386.86 309.71
409.10 297.36
396.74 277.59
371.22 297.36
366.28 280.89
377.80 262.77
394.27 251.24
407.45 261.12
429.68 255.36
432.15 272.65
438.74 301.47
423.92 238.07
395.92 237.24
393.45 226.54
391.80 199.36
412.39 189.48
425.57 201.84
430.51 210.07
456.03 199.36
390.16 174.66
401.69 160.66
395.10 119.49
405.80 130.19
409.92 118.67
418.15 129.37
408.27 141.72
397.57 142.55
388.51 131.02
439.56 125.25
446.98 120.31
434.62 117.02
377.80 140.90
367.10 140.08
366.28 131.84
540.03 274.30
295.46 337.71
302.87 329.47
327.57 302.30
339.93 303.94
338.28 285.83
330.04 266.89
318.52 291.59
302.87 298.18
302.87 313.83
280.64 306.41
283.11 322.88
265.81 322.88
260.87 303.94
260.87 279.24
276.52 273.48
297.93 280.89
312.75 278.42
315.22 260.30
330.87 249.60
353.92 239.71
363.81 237.24
381.10 232.30
359.69 263.59
347.34 231.48
334.16 225.72
300.40 245.48
291.34 261.95
269.93 259.48
274.87 243.83
250.99 227.36
256.76 248.77
251.82 265.24
237.82 271.01
226.29 242.18
211.47 257.83
218.05 276.77
227.94 298.18
238.64 299.00
251.82 317.94
202.41 297.36
185.94 298.18
170.29 294.06
150.53 289.12
167.82 273.48
180.18 263.59
185.94 252.07
207.35 248.77
200.76 238.89
204.06 224.07
213.94 215.01
223.82 215.83
229.58 191.13
235.35 174.66
238.64 145.84
253.46 202.66
243.58 189.48
290.52 161.49
197.47 166.43
195.00 151.60
209.00 148.31
213.94 149.96
222.17 149.96
218.88 131.84
276.52 128.55
288.87 139.25
293.81 140.90
42.66 294.06
15.48 280.89
8.07 268.54
28.66 272.65
57.48 272.65
76.42 272.65
92.89 280.06
104.42 279.24
111.83 271.01
125.83 269.36
125.83 246.30
116.77 245.48
152.18 252.07
137.36 249.60
160.41 241.36
172.76 236.42
87.12 248.77
44.30 241.36
41.83 224.89
40.19 205.13
68.19 209.25
87.95 219.13
92.07 205.13
104.42 205.95
111.83 193.60
104.42 233.13
100.30 249.60
92.89 188.66
74.77 195.25
70.66 184.54
79.71 178.78
89.60 182.07
95.36 176.31
88.77 167.25
83.01 155.72
64.07 170.54
53.36 184.54
1.49 207.60
134.89 172.19
131.59 159.84
115.12 170.54
60.77 159.84
173.59 123.61
160.41 124.43
188.41 141.72
195.00 134.31
167.00 138.43
157.12 133.49
105.24 126.90
92.07 127.72
89.60 140.08
74.77 141.72
67.36 147.49
83.01 121.96
143.94 116.20
148.06 112.90
910.09 546.79
962.04 467.87
998.00 572.76
964.04 572.76
962.04 615.72
935.07 628.71
917.08 595.74
942.06 656.68
905.10 659.67
945.06 574.76
922.08 330.00
974.03 334.00
44.96 519.81
128.87 499.83
146.85 467.87
117.88 463.87
71.93 413.92
78.92 425.91
68.93 571.76
215.78 656.68
319.68 533.80
339.66 529.80
357.64 506.83
342.66 487.85
479.52 548.79
581.42 632.70
577.42 551.78
568.43 556.78
632.37 442.89
679.32 430.90
820.18 382.95
802.20 595.74
736.26 558.78
798.20 435.90
811.19 419.91
834.17 393.94
851.15 377.96
857.14 367.97
868.13 350.98
851.15 345.99
843.16 317.02
963.04 548.79
202.55 597.15
447.80 402.35
443.31 391.36
428.32 372.88
451.30 365.39
88.16 349.90
122.63 359.39
203.05 389.86
196.05 405.35
180.07 416.83
194.56 429.82
223.03 388.36
264.99 402.85
244.01 417.83
34.22 394.36
336.91 385.86
275.48 349.90
228.02 352.90
238.51 360.89
212.54 354.40
283.97 351.90
299.95 353.40
144.61 552.20
291.46 539.21
391.86 509.24
58.69 491.76
94.66 491.76
108.14 420.91
160.09 402.43
290.96 419.91
493.26 410.92
478.27 418.92
7.74 334.50
40.21 366.47
22.73 293.04
42.21 276.56
37.21 265.57
63.69 259.57
60.69 250.08
89.66 264.07
106.64 259.57
83.67 297.54
116.63 318.02
119.13 304.03
149.10 309.02
175.08 281.55
202.05 280.55
255.99 291.54
286.96 248.09
314.44 245.59
305.94 261.57
323.43 243.59
345.41 240.09
379.37 249.08
410.84 231.60
407.84 241.59
430.32 227.61
455.79 239.59
419.33 268.07
399.85 184.65
403.85 198.64
387.36 193.64
470.78 206.63
49.20 203.13
85.66 196.64
101.15 225.61
93.66 231.60
97.65 238.10
88.66 237.60
10.74 257.08
12.74 265.57
52.70 261.07
88.66 274.56
134.62 265.07
132.12 332.50
281.47 411.42
386.86 406.43
104.65 163.67
116.63 158.18
92.66 148.69
116.63 139.69
132.62 145.19
138.61 134.70
174.58 165.17
182.57 164.67
207.04 162.17
196.55 159.67
231.02 141.19
305.45 159.67
299.45 150.68
309.44 143.69
318.43 139.19
316.43 154.18
339.91 161.17
350.40 157.18
351.90 163.17
359.89 149.68
342.91 145.69
348.40 132.20
373.38 129.70
411.34 151.68
416.83 157.68
398.35 150.68
388.86 154.18
400.35 175.66
104.15 350.98
99.65 317.52
162.59 325.01
162.59 342.99
186.56 344.99
251.00 354.48
288.96 295.54
198.55 261.16
232.02 229.69
251.00 240.68
261.49 242.18
272.48 297.62
311.94 285.13
335.91 276.64
415.83 309.61
470.28 259.66
51.20 327.59
33.22 212.70
36.71 215.70
106.64 190.23
134.12 183.73
128.62 171.75
101.65 155.76
9.24 194.22
23.73 201.22
20.23 209.21
33.22 195.72
45.21 188.23
15.24 137.28
6.74 154.76
2.25 144.27
2.75 163.25
365.39 120.30
354.90 122.29
338.91 116.80
345.41 109.81
342.91 129.79
335.91 123.29
329.92 128.29
326.92 137.28
336.91 136.78
347.90 142.77
337.41 139.78
326.42 101.82
323.93 89.33
343.91 96.32
354.90 98.82
327.92 112.30
283.97 158.26
273.48 154.26
282.97 141.28
273.48 140.28
258.49 173.74
251.50 191.73
259.49 188.73
272.48 168.25
275.97 182.73
281.97 171.75
292.96 171.25
331.92 192.23
121.63 147.77
122.13 141.28
92.16 118.80
104.15 119.80
96.15 112.30
104.15 112.30
93.66 99.82
98.65 99.82
101.65 88.33
110.64 91.33
124.63 89.33
130.12 96.32
140.11 96.82
121.63 106.31
111.64 110.31
132.62 113.30
139.61 105.31
152.10 101.32
158.59 108.81
167.08 107.81
169.58 95.82
162.09 98.82
162.09 90.33
147.60 92.82
153.10 87.83
147.10 75.84
133.12 85.33
127.62 81.34
168.58 120.30
203.55 144.77
204.55 135.78
202.05 127.29
206.54 121.30
212.54 117.30
218.03 106.81
210.04 104.81
196.55 107.31
201.55 98.82
207.04 89.83
206.54 80.34
186.56 88.83
185.56 96.32
185.07 110.31
175.57 107.81
197.05 76.34
189.06 81.34
207.04 173.24
216.53 168.25
232.02 136.78
232.02 124.29
240.01 130.29
230.02 129.79
223.53 136.28
179.07 147.77
169.08 150.27
170.58 130.79
182.07 138.28
163.59 115.30
114.64 120.30
120.63 128.29
129.12 128.29
139.11 124.79
139.11 116.30
121.13 114.30
108.14 154.26
79.17 164.75
135.61 92.32
145.11 87.33
121.13 64.35
118.13 79.84
107.64 80.84
33.22 81.34
37.71 85.33
36.71 95.82
28.22 92.32
39.21 52.86
49.20 84.33
45.70 70.85
55.20 111.31
58.69 122.79
57.19 142.27
70.68 136.28
62.69 136.78
22.23 123.29
188.56 57.86
215.04 66.85
207.54 72.34
219.03 80.34
231.52 75.34
130.62 70.85
128.12 60.86
20.23 133.28
29.22 130.29
73.68 166.25
107.14 144.27
149.60 126.79
153.60 121.80
188.56 122.29
217.53 176.24
211.54 185.23
379.87 120.80
381.87 135.28
309.44 235.18
418.83 170.75
447.30 289.13
282.97 67.35
283.47 77.84
304.45 77.34
311.94 76.34
316.93 68.35
310.94 63.85
295.46 49.37
258.99 33.88
247.00 32.88
206.04 11.91
288.96 22.39
331.92 16.40
326.92 11.41
337.41 10.91
343.91 13.90
387.86 18.40
378.87 17.90
369.38 12.40
366.88 19.90
359.89 10.91
404.85 13.90
404.85 25.39
396.85 20.40
389.86 29.39
492.76 51.87
486.76 46.87
482.77 48.87
475.28 55.36
486.26 65.85
477.27 67.35
474.28 66.85
464.79 78.34
470.78 74.84
478.27 73.84
467.28 86.33
474.28 17.90
461.29 116.30
460.29 123.79
469.28 127.29
468.28 113.30
484.27 123.29
497.75 122.29
350.40 118.80
353.40 86.83
360.89 81.84
354.40 76.84
341.41 84.33
345.41 79.34
328.92 79.34
323.43 83.83
312.44 86.83
294.96 60.36
315.44 54.36
313.94 43.87
293.46 72.84
419.33 109.81
414.34 100.82
424.33 95.82
422.33 88.33
411.34 90.33
399.35 94.32
400.85 103.81
386.36 93.32
389.36 88.83
391.86 95.32
381.37 86.33
369.88 85.33
360.89 86.83
430.32 109.81
431.32 102.81
419.33 118.30
425.82 125.29
435.81 106.31
437.31 96.82
445.80 96.32
448.30 81.34
451.80 72.84
447.80 74.84
443.81 70.35
449.80 62.85
495.26 35.38
485.76 26.39
470.28 93.32
412.84 169.25
414.84 178.74
404.85 183.23
421.33 191.23
491.76 59.86
487.76 55.36
478.77 60.36
343.91 218.70
346.40 208.21
203.55 310.61
350.40 283.63
383.37 273.64
411.84 274.14
405.84 280.64
418.83 253.66
393.86 215.20
327.42 238.68
414.34 58.86
379.87 96.32
363.89 91.83
355.40 87.33
345.41 86.33
345.90 86.33
345.90 86.33
345.90 86.33
349.40 112.30
349.40 117.30
346.40 90.83
350.40 83.33
351.90 82.33
353.40 81.34
353.40 81.34
353.90 81.34
353.40 90.83
351.90 107.31
359.89 147.77
377.87 175.24
382.37 146.77
403.60 312.11
530.97 269.65
534.97 258.66
523.98 260.16
511.49 262.65
513.99 249.67
592.41 243.17
609.89 239.68
603.90 233.68
635.37 238.18
657.84 239.18
650.85 228.19
650.85 264.65
655.84 275.14
630.37 314.60
657.84 315.10
675.82 311.11
518.48 307.61
454.55 121.30
551.95 127.29
559.44 116.80
543.96 111.81
546.95 102.31
517.48 24.39
511.49 29.39
506.49 25.89
506.99 37.88
503.50 34.38
510.49 47.87
514.99 46.87
510.99 58.86
499.50 51.87
495.01 39.88
495.01 48.37
540.96 59.36
546.45 58.36
543.96 46.87
539.96 37.38
536.46 24.39
531.97 32.38
527.47 24.39
531.47 17.90
519.98 11.41
535.96 14.40
524.98 31.89
520.98 54.36
526.97 51.87
532.97 47.37
527.97 46.87
552.45 47.87
528.97 93.32
524.48 71.35
538.46 68.35
530.97 61.36
553.95 139.78
543.96 141.28
557.94 150.27
561.44 124.79
567.93 121.80
571.93 155.76
583.92 159.26
581.42 149.77
588.41 141.28
597.40 128.79
592.41 123.29
610.89 120.80
614.39 127.79
634.87 135.78
657.34 131.79
660.34 122.79
673.33 133.78
674.33 126.29
679.32 121.30
663.84 146.77
654.85 142.77
661.84 137.28
666.33 152.76
651.85 164.25
641.36 164.25
627.37 181.24
629.37 172.74
620.38 169.75
607.89 164.25
580.92 213.20
593.41 258.16
578.42 268.15
599.90 275.14
552.95 255.16
572.43 281.14
578.42 302.61
582.42 320.10
619.38 264.65
694.31 220.70
689.31 212.70
734.27 259.16
727.77 273.14
757.74 261.16
805.20 218.20
780.22 205.71
780.72 193.22
796.20 197.22
789.21 191.23
822.68 194.22
831.67 187.73
829.67 145.77
834.17 254.66
820.68 249.67
647.35 128.79
645.85 118.80
552.45 20.90
565.44 18.40
578.42 19.90
580.42 31.39
573.93 23.89
595.90 16.90
602.90 20.90
607.89 25.89
595.41 28.39
597.90 36.38
587.91 36.38
606.39 33.88
614.39 32.38
623.38 33.88
639.86 20.90
632.37 22.39
643.36 30.89
638.86 37.88
635.37 34.38
588.41 46.87
567.93 82.83
574.43 79.84
581.42 78.84
569.93 73.34
576.42 70.35
586.91 82.83
594.41 82.33
596.90 87.83
602.40 90.33
608.39 85.33
602.90 76.84
615.39 79.34
615.39 85.83
625.87 81.34
631.87 80.84
634.87 78.84
645.85 91.83
653.85 95.82
657.34 88.33
666.33 87.83
670.33 91.33
684.32 90.83
690.31 99.32
675.33 103.31
676.82 110.31
699.80 113.80
663.34 115.30
650.85 105.31
656.34 104.81
662.34 107.81
612.89 105.81
623.88 109.31
627.87 90.33
634.87 87.83
612.39 93.82
620.88 91.83
625.38 21.90
628.87 26.39
666.83 70.35
659.84 67.35
721.78 130.29
721.78 140.78
727.27 142.27
733.27 130.79
740.76 136.28
742.76 140.28
759.24 137.28
770.23 143.27
779.22 153.26
784.22 143.27
774.23 159.26
800.70 138.78
797.20 130.29
812.69 153.26
808.69 163.25
801.70 186.23
694.31 188.73
692.81 176.24
700.30 171.25
704.30 163.25
680.82 144.77
681.32 152.26
715.78 184.23
707.79 178.74
699.80 88.33
711.79 90.33
715.78 83.83
723.28 80.84
713.29 77.34
720.78 71.85
712.29 66.85
704.30 77.84
697.80 76.84
703.30 71.35
703.80 63.35
697.30 62.35
694.81 54.36
686.81 53.36
682.82 45.37
692.31 45.37
654.85 70.35
663.84 22.89
692.81 19.90
703.30 16.90
697.80 12.40
700.30 23.89
693.81 26.89
685.32 25.89
674.83 26.89
682.32 22.39
681.82 15.40
688.31 32.88
695.80 34.38
741.26 62.35
765.24 53.86
757.74 53.36
755.25 47.87
749.25 52.86
749.25 63.35
755.25 65.35
761.74 62.35
767.73 67.85
776.72 66.85
782.72 53.36
779.72 39.38
785.71 39.38
789.71 52.86
787.21 48.37
798.70 33.88
799.20 42.37
809.69 36.38
810.19 48.37
797.70 54.36
824.18 60.86
810.19 60.86
803.70 60.86
804.20 70.35
832.67 83.83
810.19 87.33
796.70 95.82
797.20 83.33
824.18 102.31
757.74 112.80
756.24 106.81
762.24 98.82
756.74 90.83
720.78 109.81
673.33 184.23
636.86 172.25
778.72 24.89
775.72 14.40
787.21 9.41
783.22 10.91
736.76 17.90
710.79 18.40
675.82 28.39
707.79 57.36
731.27 57.86
727.27 64.85
741.76 76.34
762.24 72.34
732.77 71.35
743.76 91.83
740.26 86.33
731.77 125.29
740.76 123.29
741.76 114.30
653.35 179.24
688.31 142.27
796.70 291.13
615.39 527.81
592.41 549.78
499.50 466.87
500.50 421.91
514.49 399.93
511.49 377.96
503.50 341.99
505.50 337.00
510.49 327.01
495.50 355.98
942.06 319.01
947.05 295.04
911.84 258.66
913.34 245.67
914.84 271.15
902.35 271.15
892.86 268.15
870.38 276.14
873.88 318.60
850.40 309.11
926.82 276.64
931.82 263.65
918.33 171.25
906.34 169.75
901.35 159.76
913.34 158.76
921.83 153.76
924.33 144.77
930.82 154.76
935.81 166.75
927.82 168.25
924.33 183.23
931.82 181.24
940.31 184.73
924.83 193.22
916.33 187.23
904.85 179.74
907.84 187.23
878.37 178.74
850.40 196.22
848.90 184.73
832.42 166.75
833.92 200.22
833.42 192.23
891.86 204.71
903.35 208.71
901.35 221.70
881.37 221.20
865.39 219.20
876.37 224.69
922.83 212.21
912.84 219.70
913.84 204.21
905.84 197.22
947.30 169.75
950.80 159.76
944.81 149.77
955.79 152.76
963.29 138.28
957.29 141.78
953.80 133.78
958.79 125.29
967.78 118.30
972.28 124.79
975.77 136.28
977.77 130.79
971.28 151.77
978.27 166.75
969.28 166.75
965.29 156.76
967.28 158.26
961.79 158.76
962.29 165.75
956.79 169.75
972.28 178.24
967.28 193.72
979.77 193.22
986.26 196.72
990.76 191.23
997.75 196.22
997.75 206.71
966.78 206.71
947.80 203.71
943.81 191.73
955.79 186.73
959.29 178.24
933.82 191.23
937.31 195.72
939.31 204.21
956.29 196.22
982.77 210.21
992.26 224.69
993.26 242.18
986.76 256.16
965.78 250.17
962.29 241.18
967.28 238.18
955.30 228.19
949.30 244.67
998.25 265.65
942.81 283.13
947.80 256.16
957.29 255.16
866.38 240.68
797.45 260.16
789.46 260.66
719.53 236.18
713.04 222.20
728.52 220.70
978.27 118.30
972.28 112.30
967.28 89.33
959.29 92.32
968.78 76.34
969.78 53.86
968.28 65.35
965.78 63.35
977.27 21.90
983.27 11.91
970.28 13.40
967.78 23.89
963.79 18.90
973.28 30.89
979.27 40.88
973.28 42.87
969.78 36.38
962.79 39.88
970.78 52.36
963.29 52.36
953.30 51.37
946.80 53.86
946.80 46.87
952.30 42.37
960.29 46.37
947.80 39.88
951.30 34.38
956.29 35.88
943.81 32.38
947.80 29.39
946.30 25.89
933.32 19.40
925.33 20.90
919.33 18.90
916.33 24.39
906.34 17.40
907.84 26.39
903.35 34.88
907.34 31.89
910.84 35.88
913.34 29.39
922.33 31.39
929.32 28.39
935.32 28.89
931.82 33.88
928.82 39.88
929.82 48.87
936.31 41.88
937.81 33.88
925.33 50.87
940.81 50.87
938.81 46.37
939.81 58.86
942.81 62.35
961.79 57.36
907.34 57.36
910.84 52.86
902.85 49.37
896.85 46.37
896.35 41.88
898.35 29.39
884.87 33.38
879.37 29.89
860.89 14.90
854.40 22.39
847.90 18.90
840.91 15.40
849.90 12.90
865.88 24.89
862.39 22.39
858.39 30.89
853.40 29.89
849.90 27.39
848.90 33.38
846.90 45.37
838.41 41.88
842.41 39.88
836.91 51.87
858.89 50.37
865.39 50.87
874.88 51.87
883.87 47.37
884.87 43.37
879.37 58.36
873.38 62.85
865.88 60.36
860.39 60.36
849.90 54.36
849.40 63.85
856.39 62.35
870.88 75.34
880.87 84.83
887.86 82.83
889.36 109.81
821.93 33.88
819.93 11.91
826.92 13.40
819.93 22.89
807.44 80.84
819.93 83.33
839.41 84.83
844.91 84.83
852.90 86.83
855.40 80.34
862.39 77.84
852.90 70.85
856.39 43.87
866.88 87.33
859.89 85.33
849.90 96.32
855.40 93.32
841.41 106.31
844.91 119.30
836.91 113.80
854.40 115.30
860.39 103.81
870.38 98.82
873.88 88.83
879.87 92.32
885.86 100.82
892.36 96.82
891.86 87.83
897.35 109.31
904.35 113.80
914.84 116.80
919.83 109.81
920.83 104.31
930.82 97.32
936.81 91.83
928.32 118.30
943.31 121.80
935.81 131.29
932.32 138.28
931.32 145.27
924.33 130.29
909.34 125.79
915.83 128.79
965.29 218.20
765.49 122.29
762.49 172.74
744.51 163.25
747.00 156.76
878.87 208.71
728.27 9.32
720.28 6.33
707.29 6.33
878.12 9.32
871.13 3.33
864.14 4.33
856.14 6.33
317.68 12.32
289.00 370.50
132.50 191.00
95.00 73.50
79.00 70.50
