71.05 603.59
0.41 653.18
19.95 490.87
75.55 405.20
200.30 405.20
237.87 402.19
249.89 468.32
388.16 465.32
443.77 427.74
464.81 535.95
548.98 486.36
550.48 420.23
777.42 441.27
833.03 375.14
733.84 328.55
996.85 364.62
1014.89 537.46
941.24 244.38
903.67 214.33
845.06 227.85
1017.89 179.76
1023.91 118.14
938.24 65.53
887.14 33.97
866.10 5.42
834.54 9.93
805.98 15.94
879.62 133.17
703.78 158.72
693.26 27.96
550.48 8.42
529.44 79.06
497.88 118.14
505.39 112.13
425.74 116.63
464.81 127.15
391.17 82.07
362.61 80.56
350.59 97.10
322.04 148.20
231.86 280.45
276.95 301.50
322.04 348.09
364.12 367.62
421.23 280.45
479.84 280.45
576.03 227.85
625.63 220.34
236.37 139.18
275.44 100.10
269.43 64.03
245.39 80.56
200.30 185.77
153.71 188.78
207.81 238.37
144.69 149.70
110.12 175.25
45.50 206.81
31.97 245.89
15.44 253.40
10.93 283.46
9.42 157.21
37.98 133.17
62.03 118.14
16.94 118.14
34.97 74.55
86.07 2.41
120.64 76.06
92.09 95.59
114.63 64.03
126.65 20.45
168.74 26.46
156.71 50.51
165.73 39.98
194.29 70.04
212.32 55.01
234.87 42.99
251.40 53.51
269.43 36.98
275.44 5.42
263.42 5.42
314.52 15.94
323.54 21.95
343.08 26.46
404.70 27.96
439.26 15.94
475.33 18.94
285.97 161.72
173.24 112.13
17.29 72.21
81.74 176.04
127.77 127.45
187.62 163.77
302.70 14.41
365.10 21.58
376.36 20.55
385.56 25.16
392.21 4.18
410.11 4.18
461.78 12.37
940.53 7.77
899.10 30.27
778.39 34.87
756.39 7.25
21.35 59.13
44.25 41.79
77.00 74.32
96.91 56.77
7.22 27.45
73.15 11.18
164.33 74.97
191.73 31.51
189.37 103.33
524.14 34.51
456.29 86.10
470.85 50.78
489.68 18.03
572.73 12.04
361.04 38.36
295.97 17.82
813.53 76.57
619.18 31.30
634.16 16.32
651.07 68.76
665.20 50.78
656.00 18.67
759.59 43.93
826.38 59.45
845.21 37.19
986.06 20.49
1018.16 31.62
956.95 8.50
1015.59 3.80
964.65 159.19
891.88 288.48
772.87 139.07
243.00 336.94
220.65 328.00
205.00 298.20
237.78 299.69
226.61 269.89
228.10 240.09
172.97 252.76
103.68 301.18
75.37 292.24
25.46 295.22
52.28 242.33
42.59 216.25
69.41 214.02
70.16 200.61
101.45 214.02
81.33 229.66
110.39 250.52
96.98 257.97
132.74 226.68
166.26 216.25
187.12 218.49
199.79 200.61
156.58 182.73
127.52 195.39
133.48 184.96
115.60 179.75
99.21 170.06
91.02 164.10
73.88 169.32
68.67 179.75
43.34 180.49
20.99 200.61
20.24 184.96
20.99 161.87
37.38 157.40
25.46 146.97
32.91 140.26
35.89 130.58
44.08 129.83
53.77 131.32
51.53 141.01
67.92 143.99
48.55 152.18
47.06 164.85
69.41 156.65
86.55 154.42
79.10 149.20
-25.95 187.94
223.63 214.76
211.71 183.47
217.67 171.55
189.36 175.28
154.34 169.32
137.21 170.06
123.80 161.12
110.39 152.18
111.88 140.26
127.52 148.46
136.46 148.46
148.38 143.24
137.95 135.05
109.64 123.13
119.33 109.72
124.54 110.46
125.29 117.91
163.28 135.05
164.77 122.38
171.48 132.81
179.67 135.05
177.44 126.11
182.65 126.11
196.06 132.81
187.12 145.48
175.95 153.67
176.69 174.53
202.77 159.63
217.67 155.91
208.73 145.48
216.92 140.26
-71.39 380.90
242.25 155.91
228.10 183.47
269.82 249.03
276.52 214.02
263.86 200.61
259.39 176.77
271.31 171.55
272.80 159.63
278.01 159.63
287.70 159.63
297.38 195.39
312.28 183.47
322.71 179.75
322.71 159.63
339.85 164.10
335.38 201.35
342.83 216.25
323.46 226.68
336.12 237.86
304.83 244.56
273.54 305.65
324.20 292.24
340.59 343.65
359.22 314.59
409.88 359.29
467.99 333.96
387.53 264.68
440.42 273.62
453.83 271.38
527.59 370.47
517.91 282.56
521.63 231.90
494.81 204.33
450.11 228.17
376.35 208.06
424.78 207.31
411.37 195.39
400.19 197.63
364.43 188.69
361.45 176.02
354.75 162.61
-52.02 380.15
316.01 140.26
341.34 138.77
331.65 141.01
324.95 141.75
336.87 153.67
356.24 149.20
365.92 138.77
310.79 105.25
305.58 103.76
296.64 103.76
288.44 101.52
284.72 104.50
284.72 109.72
260.88 103.76
260.88 108.97
252.68 117.17
262.37 127.60
260.13 146.22
248.96 143.99
229.59 128.34
222.14 124.62
221.39 120.15
226.61 120.15
320.48 105.25
337.61 103.76
346.55 103.76
352.51 103.76
360.71 103.76
368.90 100.03
346.55 120.15
338.36 120.15
377.10 127.60
385.29 111.95
384.55 106.74
375.61 105.25
377.10 97.05
377.84 88.86
395.72 105.25
413.60 105.25
429.99 102.27
444.89 108.97
446.38 110.46
433.72 114.19
415.09 114.19
405.41 120.15
388.27 132.81
395.72 130.58
373.37 150.69
390.51 141.75
397.96 148.46
405.41 140.26
411.37 140.26
421.05 123.13
406.90 158.89
382.31 162.61
394.23 181.98
421.80 167.83
425.52 150.69
430.74 148.46
436.70 154.42
446.38 161.12
444.89 186.45
457.56 179.75
464.26 161.87
465.01 148.46
451.60 140.26
450.11 130.58
444.15 130.58
463.52 120.15
470.97 114.19
474.70 120.89
488.85 131.32
499.28 124.62
510.46 130.58
508.97 141.75
500.03 141.75
491.09 146.22
483.64 148.46
493.32 155.91
478.42 176.02
492.58 176.77
512.69 190.92
530.57 175.28
511.20 156.65
516.42 151.44
517.16 138.03
526.10 143.99
520.89 125.36
537.28 127.60
542.49 151.44
540.26 140.26
553.67 140.26
567.08 135.05
593.90 279.58
637.11 306.40
609.54 333.22
668.40 363.02
722.78 269.15
758.54 292.99
805.48 334.71
769.72 451.67
890.41 378.66
903.07 316.08
895.62 266.17
904.56 237.11
903.07 221.47
912.01 202.10
906.80 187.94
868.06 187.20
853.16 200.61
856.88 217.74
888.92 138.77
912.01 145.48
882.21 143.24
902.33 129.83
894.88 91.84
885.19 91.09
870.29 97.05
868.06 89.60
803.24 73.96
848.69 135.79
821.87 159.63
816.65 174.53
795.79 132.81
789.83 146.97
785.36 158.89
774.19 193.16
786.11 217.74
786.11 217.74
792.07 240.84
759.29 240.09
775.68 217.74
742.90 187.94
757.80 167.08
739.92 169.32
748.11 153.67
723.53 226.68
703.41 203.59
698.94 187.94
674.36 202.84
681.06 260.95
654.99 231.90
640.09 193.16
616.99 190.18
599.86 184.96
588.68 237.11
605.07 221.47
558.14 176.77
570.06 176.02
544.73 190.18
465.01 201.35
245.98 231.90
484.38 120.89
597.62 146.97
605.82 140.26
583.47 132.81
610.29 122.38
622.21 129.83
615.50 111.95
624.44 114.19
652.75 106.74
643.07 119.40
658.71 122.38
640.83 131.32
667.65 149.20
675.85 148.46
699.69 155.91
724.27 124.62
689.26 117.17
677.34 120.89
674.36 78.43
668.40 85.88
664.67 82.90
686.28 82.90
687.02 91.09
675.85 91.84
664.67 94.82
671.38 102.27
651.26 176.77
627.42 175.28
602.84 171.55
686.28 181.24
724.27 145.48
734.70 88.11
726.51 82.90
796.54 100.03
790.58 88.11
756.31 114.93
283.23 127.60
269.82 128.34
279.50 143.24
269.07 145.48
257.90 133.56
263.86 133.56
268.33 135.05
-41.59 319.06
660.95 108.97
559.63 105.25
491.09 110.46
484.38 109.72
