236.00 521.50
239.50 440.50
188.00 373.00
208.00 269.50
125.50 324.50
188.50 200.50
219.50 195.00
189.50 172.50
84.50 182.50
89.50 100.00
70.00 79.00
136.00 85.00
35.06 349.63
30.16 330.06
14.26 319.05
17.32 303.76
5.09 291.52
7.53 273.79
3.86 255.44
8.76 214.46
3.86 230.97
3.25 190.00
11.20 184.49
15.48 164.92
4.48 158.80
25.88 153.30
13.65 122.72
3.25 130.67
8.15 111.10
3.86 96.42
9.98 84.19
19.15 97.03
24.66 101.31
25.88 116.60
19.77 56.66
11.20 49.93
7.53 21.19
23.44 37.09
22.82 19.35
37.50 13.85
32.61 30.97
47.29 32.20
57.07 15.07
63.80 26.08
72.98 21.19
57.69 45.04
49.74 47.49
41.78 46.88
42.40 62.17
32.00 64.00
44.23 79.90
38.11 89.08
44.23 109.26
54.63 98.86
65.03 98.25
33.83 136.78
52.79 135.56
65.03 150.24
38.11 154.52
41.78 167.37
48.51 173.48
37.50 184.49
32.00 197.33
43.62 197.95
61.36 199.78
71.14 194.28
41.78 223.02
50.35 239.54
25.88 223.63
30.16 253.60
34.44 265.22
59.52 253.60
74.20 242.59
79.70 221.19
66.25 218.13
69.31 256.66
67.47 273.79
87.66 262.17
90.71 244.43
83.37 287.24
57.69 288.47
60.74 306.20
61.97 333.11
109.06 329.44
79.70 337.40
90.71 328.83
89.49 367.98
90.10 386.94
115.79 382.04
128.02 365.53
106.62 361.86
129.25 347.18
138.42 338.01
145.76 317.82
146.37 297.03
104.17 300.70
111.51 283.57
94.38 283.57
133.53 275.01
146.98 264.00
107.23 252.38
131.08 239.54
139.03 230.97
110.90 219.35
126.80 210.18
118.85 202.23
102.95 191.22
88.88 183.27
144.54 201.62
149.43 189.38
150.04 173.48
134.75 172.26
126.80 190.00
115.79 172.26
95.61 174.09
96.22 161.25
79.09 158.80
87.04 148.41
109.06 135.56
99.89 145.35
90.71 126.39
77.87 120.88
90.71 100.70
109.06 123.33
118.24 118.44
111.51 105.59
99.89 85.41
85.82 78.07
71.14 77.46
60.13 62.78
70.53 66.45
71.75 52.38
81.54 35.26
90.10 46.88
94.38 54.22
93.77 64.00
104.78 54.22
110.90 75.62
123.13 94.58
136.59 89.08
146.37 98.86
143.31 108.04
145.76 117.82
137.20 126.39
129.25 145.96
122.52 155.13
134.14 155.13
145.76 139.84
175.73 150.24
108.45 30.36
124.96 19.35
120.07 53.60
113.96 45.04
125.58 34.03
125.58 62.17
138.42 65.22
139.03 30.36
145.76 13.85
150.65 34.03
160.44 42.59
149.43 46.88
154.93 57.89
146.37 75.01
156.16 90.91
167.17 65.22
170.84 26.69
167.78 19.35
193.47 16.91
180.62 12.63
191.02 34.03
181.23 37.09
186.74 46.88
206.31 34.64
198.97 46.88
180.01 52.38
184.90 66.45
175.12 75.01
183.68 83.57
180.62 95.19
172.06 99.48
157.38 107.43
167.17 134.95
179.40 139.23
194.08 140.45
198.36 130.67
170.84 113.54
194.08 159.41
189.80 178.37
198.97 178.99
213.65 152.69
211.20 186.94
195.91 197.33
182.46 191.22
175.12 205.29
188.57 213.85
159.83 218.13
159.22 239.54
161.05 264.00
195.30 240.15
207.53 238.31
172.67 268.28
180.62 280.52
202.03 269.51
213.65 265.84
207.53 292.14
193.47 315.38
175.73 328.22
167.78 341.68
165.33 377.15
177.56 369.81
180.62 384.49
203.86 364.31
216.71 384.49
235.06 375.32
246.68 350.24
271.75 366.75
265.03 381.43
305.39 375.93
302.33 357.58
284.60 336.17
270.53 323.33
230.16 342.29
220.99 328.83
233.22 306.81
240.56 274.40
255.24 278.68
266.86 296.42
225.88 287.85
274.81 274.40
298.05 278.07
287.04 246.88
272.37 252.38
258.30 248.10
243.01 248.10
233.83 243.82
239.34 221.19
173.28 246.88
225.88 212.63
225.88 195.50
230.78 178.99
240.56 178.99
253.41 178.99
265.03 167.37
280.32 174.09
265.64 190.00
258.30 209.57
270.53 219.35
298.67 223.02
288.88 231.59
313.96 229.75
326.19 226.69
339.03 234.03
291.94 204.06
324.96 207.12
298.05 185.10
319.46 177.76
337.20 185.10
225.27 164.92
236.89 154.52
236.28 140.45
225.27 134.95
210.59 136.17
210.59 122.11
216.10 105.59
231.39 101.31
194.69 106.20
219.15 83.57
207.53 72.56
211.81 53.60
224.05 47.49
221.60 13.24
227.72 24.25
248.51 30.97
251.57 13.85
238.73 41.37
252.79 38.31
264.41 28.53
239.95 54.22
242.40 66.45
254.63 64.61
266.25 82.35
274.20 64.00
269.31 43.82
282.76 43.82
293.77 36.48
280.93 26.08
302.95 37.09
312.12 18.13
321.91 32.20
302.95 55.44
293.16 64.00
310.90 73.79
286.43 81.13
299.89 89.69
296.83 100.70
291.33 109.87
275.42 103.15
250.35 104.98
245.45 115.99
264.41 124.55
253.41 135.56
281.54 127.00
271.14 152.07
299.28 154.52
307.23 132.50
315.79 112.32
323.13 106.20
335.97 103.15
331.69 87.85
312.73 96.42
347.59 70.73
332.92 68.28
324.35 51.77
339.64 51.16
333.53 40.76
313.96 62.78
343.31 19.35
370.84 16.91
380.62 19.35
367.78 29.75
345.15 29.75
351.88 35.26
354.32 56.05
367.78 51.16
375.73 38.31
386.74 38.31
376.34 58.50
398.36 38.31
393.47 64.00
364.11 76.23
350.04 92.75
352.49 103.76
373.28 92.14
375.12 109.26
356.77 117.82
347.59 130.67
340.87 137.40
319.46 141.68
326.19 163.70
337.81 167.98
353.71 150.85
366.56 152.07
377.56 143.51
372.06 126.39
389.19 122.11
397.75 137.40
401.42 103.76
391.63 84.80
383.68 103.76
391.02 148.41
409.98 169.81
403.25 152.69
419.77 147.79
421.60 163.70
356.16 171.65
369.00 188.16
385.52 180.21
359.83 212.63
348.82 202.23
355.55 229.75
386.74 215.68
396.52 201.00
373.28 213.85
407.53 216.91
428.94 202.23
433.83 193.67
447.29 205.90
427.72 227.92
398.97 242.59
384.29 238.31
346.37 255.44
324.96 266.45
345.76 292.14
337.81 310.48
315.79 338.01
309.06 319.05
301.11 302.53
286.43 311.10
323.74 353.91
337.20 362.47
355.55 377.76
344.54 344.74
389.19 353.91
353.71 332.50
378.18 314.77
397.75 299.48
392.85 330.67
428.94 376.54
438.73 379.60
390.41 369.81
433.22 341.07
455.85 353.91
480.32 369.81
517.01 369.81
553.10 372.26
571.45 374.09
546.37 350.85
500.50 358.80
497.44 334.95
477.87 319.05
447.29 320.88
428.94 311.10
421.60 287.85
424.05 271.95
443.62 279.90
458.30 284.80
475.42 289.08
490.71 295.19
506.00 280.52
508.45 309.26
527.41 317.82
556.16 319.05
567.17 328.22
586.74 331.89
561.05 295.19
595.30 289.69
569.00 274.40
540.26 275.62
521.30 265.84
501.11 264.00
458.91 256.66
458.91 242.59
432.61 238.31
452.18 221.19
468.08 222.41
483.37 218.13
499.28 211.40
505.39 229.75
496.83 244.43
540.87 210.79
523.74 205.29
551.88 199.78
556.16 183.27
573.28 188.77
595.91 186.94
580.01 170.42
567.17 163.08
558.60 150.85
586.74 158.80
578.18 149.02
593.47 146.57
534.75 163.08
513.96 175.93
496.83 177.76
487.66 169.81
506.00 156.97
521.30 163.08
528.02 150.85
515.79 139.23
535.36 141.07
553.10 130.67
542.70 120.27
521.91 119.66
504.17 122.11
570.22 105.59
580.01 120.88
586.13 136.17
597.14 106.20
468.08 188.77
449.74 178.37
461.97 167.37
449.12 165.53
436.89 155.13
476.04 143.51
458.91 140.45
432.61 134.95
419.15 128.22
432.61 119.05
415.48 105.59
417.32 92.14
407.53 89.08
421.60 81.13
430.16 75.01
436.28 87.85
441.17 101.92
443.01 114.15
455.24 112.32
449.74 92.14
466.86 117.82
484.60 117.82
503.56 104.98
518.24 99.48
528.63 89.08
547.59 99.48
559.22 85.41
575.12 75.62
537.81 77.46
512.73 83.57
495.00 89.08
482.15 98.86
468.70 82.35
453.41 70.73
439.95 58.50
413.65 60.33
417.32 42.59
436.28 30.97
452.18 24.25
437.50 15.07
448.51 45.04
471.75 43.21
475.42 35.26
461.36 13.24
476.65 15.07
483.99 23.63
501.11 22.41
501.11 38.31
493.16 25.47
489.49 42.59
496.83 53.60
485.82 75.01
499.28 71.34
523.13 66.45
521.91 37.09
524.96 23.63
540.87 21.80
575.12 17.52
572.67 43.82
556.16 43.82
585.52 51.16
555.55 75.01
540.26 43.82
249.74 81.13
386.13 80.52
406.92 386.33
536.59 244.43
554.93 240.76
575.12 230.97
589.19 218.13
577.56 252.38
477.87 130.67
485.21 152.69
596.52 126.39
83.99 208.34
112.29 10.88
102.70 19.88
75.13 13.88
45.75 23.47
132.07 292.60
567.23 25.27
586.41 4.89
548.05 9.69
524.68 6.09
513.89 17.48
431.17 7.89
414.99 6.69
401.20 6.09
401.80 15.08
380.22 6.69
365.83 6.09
333.47 23.47
328.67 3.69
300.50 6.09
168.03 6.69
196.20 6.09
374.23 255.99
376.32 272.17
