42.69 633.29
195.25 669.26
96.02 669.26
191.53 617.17
408.57 669.26
545.00 638.26
697.56 630.81
58.82 532.83
57.58 469.58
96.02 452.21
82.38 421.21
67.50 400.12
10.45 377.80
31.53 351.75
25.33 317.03
60.06 324.47
61.30 350.51
112.15 367.88
144.39 391.44
134.47 419.97
154.32 446.01
174.16 491.90
239.90 550.20
285.79 483.22
342.84 520.43
342.84 581.20
433.38 535.31
491.67 584.92
430.90 478.26
337.88 423.69
294.47 419.97
260.98 437.33
361.44 393.92
318.03 371.60
249.82 369.12
197.73 386.48
216.33 428.65
200.21 356.71
217.57 339.35
169.20 351.75
113.39 325.71
154.32 321.99
526.40 489.42
548.72 524.15
585.93 561.36
801.74 537.79
918.32 526.63
878.64 489.42
894.76 452.21
943.13 449.73
969.18 395.16
815.38 443.53
757.09 475.78
847.63 429.89
843.91 393.92
802.98 403.84
716.16 417.49
738.49 415.01
690.11 385.24
551.20 428.65
588.41 506.79
494.15 452.21
442.06 432.37
455.70 402.60
541.28 377.80
574.77 345.55
590.89 417.49
666.55 356.71
635.54 369.12
726.08 344.31
769.49 352.99
795.54 335.63
830.27 360.43
887.32 341.83
954.29 360.43
972.90 348.03
930.73 333.15
961.73 312.06
987.78 321.99
980.34 295.94
1017.55 308.34
443.30 356.71
378.81 365.40
381.29 333.15
422.22 308.34
466.87 330.67
509.03 339.35
540.04 321.99
585.93 321.99
605.78 299.66
635.54 295.94
618.18 341.83
646.71 335.63
675.23 339.35
671.51 295.94
728.56 308.34
752.13 292.22
783.14 308.34
836.47 324.47
855.07 313.30
309.35 326.95
13.97 270.82
17.69 246.02
51.80 273.31
72.27 293.77
73.51 268.34
95.83 267.72
115.67 265.24
134.28 279.51
102.03 304.31
80.33 335.94
152.26 300.59
172.11 299.97
157.22 290.67
196.91 279.51
229.16 326.64
240.32 306.79
271.95 326.64
294.27 295.01
321.56 318.58
341.40 301.83
340.78 275.17
376.13 306.79
398.46 290.67
359.39 306.17
390.40 283.85
381.71 265.24
371.79 264.00
419.54 258.42
436.91 264.00
425.74 288.19
448.69 286.33
464.19 295.63
472.87 305.55
240.12 278.34
227.64 265.20
219.10 241.56
238.80 234.99
271.65 259.95
292.02 254.69
306.47 253.38
362.31 268.49
463.47 245.50
496.98 256.01
487.78 282.94
514.71 296.08
513.40 275.72
523.25 275.72
537.05 284.26
529.16 246.81
495.66 229.07
511.43 224.48
532.45 230.39
14.69 229.77
43.27 238.31
65.27 240.61
44.25 224.52
40.64 207.76
16.99 220.25
8.12 213.02
4.18 205.47
16.00 190.03
18.63 205.47
28.49 195.28
30.46 181.16
18.96 110.87
51.48 109.55
75.78 112.51
63.96 216.96
71.19 215.32
73.49 229.44
98.78 229.11
89.58 249.15
102.72 252.76
113.56 245.87
119.14 233.71
131.62 231.41
124.07 217.62
132.94 215.32
116.84 213.02
103.38 206.45
98.45 199.55
110.27 197.91
100.09 193.31
84.98 195.61
76.11 187.07
54.11 183.79
56.73 193.97
56.08 200.87
44.25 197.25
66.59 199.88
107.32 186.41
127.35 201.52
129.65 192.33
131.95 188.06
138.19 191.67
137.86 184.12
124.73 183.13
124.73 176.56
130.97 176.56
88.27 187.07
144.10 185.43
155.60 184.77
160.53 178.86
165.45 184.77
159.87 193.97
149.36 196.27
165.78 208.42
170.38 222.22
172.35 231.41
153.30 248.82
174.32 261.96
223.59 226.16
213.08 229.11
212.10 221.23
201.91 214.66
181.55 220.25
183.52 205.47
197.32 191.67
217.68 205.47
205.86 200.87
227.86 213.02
246.91 214.01
266.95 229.44
261.37 213.02
253.15 201.52
253.15 193.97
262.68 187.73
242.64 200.21
244.29 186.41
244.61 177.22
254.14 181.16
247.24 169.99
256.11 166.71
263.01 167.69
267.61 173.28
233.12 178.86
226.88 193.31
219.98 181.82
224.91 174.26
231.15 169.99
220.31 168.68
213.74 183.46
210.13 188.39
203.56 186.41
207.83 180.17
211.77 167.69
206.18 172.29
183.85 178.86
173.99 174.92
169.72 184.12
183.52 192.33
170.38 194.63
155.93 173.60
164.14 170.98
182.86 168.35
190.42 171.96
337.45 223.86
340.73 238.31
333.50 247.51
341.39 256.05
284.23 237.33
303.61 216.96
292.12 207.76
286.53 200.21
278.98 193.31
279.31 177.22
279.64 172.95
272.74 167.69
286.21 167.36
283.25 166.05
293.43 168.35
288.50 175.58
294.09 178.53
302.96 185.43
313.14 194.63
327.59 203.17
322.34 195.28
335.47 213.02
337.45 190.03
328.25 187.73
324.96 181.16
318.39 175.58
310.18 180.83
381.46 234.04
394.60 235.03
389.67 224.52
373.90 215.32
357.81 214.01
356.50 203.17
374.89 204.15
368.65 196.93
356.17 193.31
357.48 183.13
368.65 187.07
375.88 192.98
378.83 185.43
392.30 188.71
391.64 198.57
406.42 207.76
418.25 241.92
424.16 232.40
435.66 234.70
451.75 241.27
468.50 234.37
509.89 239.63
539.45 251.12
500.03 215.98
484.60 216.30
479.01 202.51
487.55 206.45
491.82 198.57
518.76 207.76
509.23 208.42
516.46 192.33
528.94 186.09
534.52 196.93
540.11 214.01
533.87 174.92
527.30 166.71
534.85 163.75
528.94 157.18
534.52 153.90
541.09 159.48
522.70 159.48
515.47 159.48
517.11 169.99
512.19 180.17
505.95 170.65
498.72 180.83
492.15 188.06
502.33 190.36
508.13 193.31
507.97 201.52
504.19 177.87
500.91 160.63
509.78 152.91
501.89 155.70
501.40 151.60
496.31 165.39
492.37 162.11
485.63 165.06
484.32 172.95
479.72 187.56
480.71 193.31
457.88 201.36
463.95 211.21
446.22 217.78
425.69 218.44
410.25 206.62
442.93 191.34
438.01 201.36
426.35 190.19
463.13 183.29
459.85 174.59
466.58 166.21
473.32 168.35
471.18 180.17
471.35 161.94
461.49 159.81
472.17 157.51
473.97 152.09
479.23 154.72
484.81 152.42
485.47 158.00
487.11 155.54
484.32 146.34
466.09 153.73
456.24 149.30
456.40 156.20
449.67 158.99
457.88 166.54
451.64 165.06
448.19 167.86
446.38 175.74
438.33 184.77
433.41 175.25
437.19 180.34
413.54 189.54
413.70 173.77
408.12 176.40
425.03 167.04
426.02 159.32
433.08 160.79
443.59 153.24
449.83 152.42
450.65 146.34
457.39 141.25
450.82 140.59
456.07 139.44
455.09 136.49
431.60 142.56
426.35 144.54
417.48 150.94
423.55 151.76
431.44 151.76
435.54 148.81
429.47 147.00
425.36 146.34
415.67 146.01
412.06 150.12
411.89 143.55
412.22 139.94
414.69 134.52
420.93 133.04
419.94 141.09
423.23 137.64
425.20 135.34
427.50 133.04
435.87 139.12
437.02 135.34
439.16 133.86
442.93 133.70
439.48 138.79
443.26 144.37
441.13 145.85
416.98 161.62
419.94 158.33
429.96 164.41
444.85 207.76
292.53 154.55
303.86 155.05
300.58 157.35
312.24 155.70
333.75 159.97
355.59 157.18
361.83 169.50
352.14 169.01
344.10 168.84
347.55 165.72
340.32 173.28
346.23 185.10
342.45 189.37
324.22 169.83
332.60 177.22
300.58 167.20
393.37 178.37
396.16 176.73
391.72 170.98
399.61 171.31
384.01 159.65
383.68 170.98
374.48 175.25
370.87 168.68
369.88 162.93
373.99 157.18
334.57 169.17
310.27 166.05
314.54 167.53
390.08 164.57
397.96 156.85
387.62 157.18
389.75 153.90
347.85 103.60
355.08 111.48
161.45 163.71
157.51 169.62
147.98 174.22
140.10 168.96
138.79 175.21
127.29 172.91
117.44 160.42
123.68 160.42
131.89 152.54
135.17 156.81
142.07 155.83
152.58 153.20
154.55 165.68
200.54 154.51
195.61 153.86
186.74 155.83
210.39 153.20
207.76 149.26
214.01 156.81
199.22 165.02
190.68 165.68
211.38 164.37
222.55 154.51
223.20 160.75
141.33 160.10
131.15 167.65
120.31 147.29
130.82 146.30
128.52 140.39
125.90 137.76
134.60 146.14
143.30 141.54
177.46 157.30
167.28 160.10
215.89 148.11
215.07 166.34
183.05 143.51
178.61 139.24
176.48 136.61
167.94 133.49
149.87 136.28
145.44 133.16
145.44 125.94
154.64 141.70
175.16 145.64
172.70 152.05
160.71 145.81
164.49 144.00
172.54 134.15
201.93 131.19
200.78 127.09
197.66 139.90
225.09 129.06
235.60 127.25
235.27 126.59
241.19 126.10
243.32 130.70
228.54 126.59
228.21 124.95
230.67 122.65
215.73 130.04
218.19 130.04
221.97 128.89
230.35 137.76
229.53 134.64
225.75 134.80
222.63 136.12
220.82 144.66
201.44 145.64
193.72 144.33
190.11 141.21
194.54 138.58
191.59 135.46
185.18 139.24
182.39 132.51
178.29 134.64
132.30 132.51
133.94 128.56
127.21 128.24
118.83 131.19
120.97 134.15
126.55 132.01
131.81 137.10
134.93 134.64
154.47 134.15
160.88 139.40
165.31 135.79
161.86 130.04
160.88 134.80
156.11 137.76
217.21 122.49
211.13 121.67
209.32 121.99
209.00 124.46
240.86 123.64
233.96 121.34
248.74 126.59
251.53 123.14
206.20 132.51
212.77 130.53
215.24 132.83
195.69 134.64
199.31 136.61
204.40 134.31
143.80 124.29
144.95 145.64
158.91 158.95
163.83 157.80
147.41 149.09
142.81 149.59
138.05 152.05
155.13 147.29
171.22 136.61
169.58 141.05
166.46 139.24
161.29 260.61
390.96 140.72
391.29 150.41
395.73 152.54
395.56 147.45
404.76 151.56
405.75 156.81
405.25 166.50
410.02 167.98
393.43 166.99
377.00 152.54
373.39 149.26
367.81 152.71
379.63 141.05
373.23 142.36
375.69 140.39
380.95 128.40
411.49 130.70
410.02 134.80
405.58 138.75
402.13 140.55
405.09 142.52
402.46 146.47
406.07 149.26
391.13 137.10
385.05 141.05
387.68 136.61
391.62 134.31
390.47 131.19
399.83 137.60
399.18 141.37
396.55 137.76
402.79 131.03
405.42 130.70
398.03 134.15
398.52 131.36
373.56 136.94
377.50 137.60
376.35 134.48
367.64 138.09
366.99 132.51
364.69 130.70
364.19 134.15
358.61 131.85
361.24 130.21
367.97 157.47
219.51 138.75
219.34 133.98
189.12 126.76
185.35 128.89
155.29 127.09
153.32 132.34
157.59 132.34
183.21 127.25
172.87 128.56
180.58 148.27
181.57 136.45
183.05 134.15
210.64 158.29
191.26 180.13
111.69 139.40
110.38 129.22
194.54 125.28
242.66 120.52
252.68 120.19
259.58 118.22
171.06 127.09
179.76 131.68
5.60 326.30
110.70 354.55
243.40 355.86
255.23 352.58
310.41 356.52
376.10 356.52
288.10 -38.21
288.10 -38.21
95.78 103.99
783.74 133.02
847.67 155.27
852.53 153.47
854.58 157.57
861.99 156.29
867.36 158.08
861.74 163.96
874.53 163.45
883.22 168.82
875.04 171.63
875.80 181.10
880.15 186.47
888.34 181.86
887.31 171.63
901.38 181.10
898.57 170.35
904.96 170.61
895.75 164.98
894.73 161.66
893.19 155.27
889.61 155.27
885.52 155.52
901.38 159.36
907.00 199.51
906.75 185.95
895.50 199.25
878.62 201.04
886.80 206.16
854.83 196.18
855.09 211.02
848.70 219.97
866.34 217.92
864.30 229.43
880.15 225.08
898.82 226.36
898.05 239.15
870.94 245.03
833.35 234.03
827.47 218.69
832.07 205.39
843.32 199.00
846.90 187.74
858.16 184.68
855.86 173.42
846.39 176.49
844.35 169.84
855.86 166.77
831.56 152.71
829.00 159.87
826.19 156.54
830.79 149.13
825.17 153.73
818.01 150.15
812.89 158.08
813.91 155.52
819.28 166.77
813.66 169.08
806.50 170.61
803.68 161.66
808.29 153.47
804.20 152.20
805.99 148.10
797.29 146.83
797.03 153.99
787.57 154.50
783.99 141.45
777.85 145.29
781.95 151.94
783.22 158.85
778.37 154.75
775.30 153.47
786.55 178.79
782.20 172.40
796.01 175.98
792.18 166.77
799.08 168.82
796.27 163.45
806.75 180.58
800.10 184.68
804.71 192.60
796.01 190.05
810.84 193.12
816.73 194.14
812.64 182.89
825.42 181.10
832.07 174.45
830.03 171.63
863.53 174.70
865.06 172.91
865.32 184.16
817.75 206.16
807.01 226.36
803.68 239.66
793.71 234.29
794.22 219.20
777.60 215.62
779.13 232.50
769.67 219.97
755.86 228.92
743.07 216.90
732.84 223.55
754.33 207.95
767.62 201.30
779.13 200.79
779.13 191.33
782.20 186.98
788.08 185.95
769.93 185.19
760.46 187.23
769.93 179.31
778.37 170.61
770.18 163.45
768.39 160.12
765.32 149.89
764.30 146.57
760.97 151.17
757.39 145.80
747.93 152.71
749.47 149.13
756.37 161.66
761.49 165.49
754.58 168.05
751.00 165.49
752.54 175.21
708.04 230.71
691.92 237.10
673.77 243.24
657.14 230.97
656.12 215.62
657.65 205.14
664.56 199.51
655.10 193.88
668.65 174.45
663.54 169.84
657.14 167.54
656.89 160.12
653.05 160.12
681.18 166.77
674.53 166.77
671.72 164.47
674.02 152.20
676.32 148.10
673.77 143.76
679.39 132.50
668.65 132.76
659.19 126.62
701.90 138.64
695.50 147.59
691.92 156.29
703.43 158.08
706.25 155.52
694.99 167.03
686.04 167.29
688.60 177.00
710.59 171.63
706.25 179.31
714.69 181.10
699.08 190.05
684.76 192.09
686.55 182.37
693.71 205.39
676.83 213.32
692.44 218.69
717.50 227.13
720.57 219.20
709.06 207.18
712.89 193.63
705.22 190.30
735.14 195.42
732.33 187.74
731.82 178.03
737.19 174.70
741.79 174.19
737.19 168.82
729.77 167.29
725.94 159.87
717.24 165.49
712.38 158.08
703.94 166.26
712.38 150.92
715.71 150.15
720.31 151.17
723.64 151.17
723.89 147.34
720.57 144.52
718.27 139.15
711.87 142.73
717.24 131.99
706.76 131.99
720.82 134.55
729.77 133.27
728.75 137.36
728.24 143.50
736.42 143.50
733.35 139.15
735.91 154.75
732.08 154.75
718.78 156.29
735.40 160.89
743.07 153.73
739.24 152.20
745.89 145.55
744.61 135.83
740.00 129.69
743.33 203.09
746.14 179.82
751.00 184.93
768.39 171.63
756.37 152.96
705.48 151.94
546.15 230.20
558.94 214.09
545.38 205.14
545.38 195.16
552.80 204.11
562.01 189.79
567.38 188.00
560.47 175.72
554.08 180.07
548.45 159.36
544.10 165.49
557.40 165.49
564.31 159.61
575.82 161.40
584.00 159.10
586.81 162.43
585.79 171.12
588.35 176.75
586.30 188.00
574.28 191.07
590.90 202.07
582.98 197.97
582.98 215.88
577.09 234.55
564.31 241.45
555.36 271.37
577.35 255.26
570.70 259.10
595.00 263.44
605.99 253.47
621.59 260.38
625.94 272.65
638.22 252.45
630.03 233.52
621.59 222.01
604.20 229.18
593.97 216.90
609.57 215.88
622.11 200.53
613.41 189.02
599.34 180.33
602.67 160.89
606.51 154.75
610.60 169.84
625.94 175.72
635.40 178.54
637.96 196.70
631.57 205.90
645.89 205.65
649.47 235.06
648.19 168.56
641.03 179.31
644.36 187.23
639.24 163.70
631.82 167.29
621.85 167.54
619.04 166.52
625.43 163.19
654.59 180.33
663.28 179.82
716.99 255.26
686.30 263.96
653.31 264.72
602.41 243.75
594.23 169.08
602.41 170.10
610.85 175.72
575.56 174.96
675.81 160.12
723.89 196.18
551.26 153.47
817.62 288.76
777.21 269.58
797.16 274.44
801.51 260.12
832.71 265.49
832.97 249.38
882.07 265.49
859.82 256.80
878.23 289.28
860.08 290.81
855.98 304.62
901.76 300.78
924.01 297.71
923.76 280.32
909.69 264.21
921.97 241.20
950.61 235.82
937.82 229.18
922.48 217.41
909.95 218.69
941.40 216.39
933.99 211.02
938.33 195.16
929.64 189.79
924.52 184.93
919.66 177.77
911.48 163.70
917.11 162.68
921.45 154.50
931.43 165.49
926.06 165.24
937.82 158.33
942.43 162.17
926.06 161.15
950.35 184.93
954.70 177.77
939.36 174.70
945.49 173.42
948.56 179.05
956.49 190.81
948.56 202.83
959.82 208.72
968.26 195.67
971.84 203.34
984.62 208.46
982.32 203.09
1006.87 231.48
999.46 220.99
993.32 213.83
979.00 223.80
980.28 260.12
966.47 247.08
1000.73 240.94
1012.75 251.17
1019.40 257.82
1011.99 277.26
938.33 285.18
1006.87 205.65
1022.22 203.34
1004.83 195.16
999.71 186.98
986.16 191.84
972.86 187.74
967.49 181.86
978.23 180.84
969.02 167.54
961.09 162.68
950.61 167.29
982.32 164.47
997.15 173.42
983.09 175.98
989.74 182.37
1005.08 178.79
1011.99 177.77
1019.66 192.09
1006.87 160.12
999.97 160.38
1020.68 168.82
1022.22 183.14
1013.01 220.99
802.02 211.53
804.58 203.86
711.36 286.59
734.38 274.83
731.82 263.06
742.56 255.90
752.28 266.13
767.11 245.16
954.83 265.62
914.42 186.34
1022.35 222.65
1016.21 357.18
998.31 373.54
694.23 517.27
892.68 417.02
161.50 285.50
89.00 208.50
45.50 190.50
118.50 169.00
125.50 98.50
152.50 82.00
90.50 43.00
