123.75 370.51
43.61 345.84
105.26 151.20
23.35 130.07
136.96 110.69
371.24 108.93
428.49 118.62
428.49 98.36
484.85 112.45
576.45 115.09
668.93 129.18
672.45 233.99
786.95 254.25
934.91 280.67
71.25 85.96
99.90 86.98
92.74 97.21
128.54 91.07
143.89 86.98
111.15 74.71
361.78 40.95
538.75 24.58
538.75 17.42
542.85 8.21
515.23 4.12
555.12 78.80
703.45 72.66
729.03 60.38
822.12 57.32
849.74 60.38
906.00 47.09
835.42 17.42
814.96 17.42
771.99 17.42
766.88 7.19
732.10 17.42
716.75 17.42
670.72 46.06
643.10 50.15
608.32 61.41
639.01 40.95
-11.61 276.23
662.53 1.05
664.58 29.70
675.83 24.58
736.19 3.10
746.42 4.12
796.54 3.10
786.31 1.05
951.01 12.30
981.70 14.35
1012.39 3.10
1012.39 17.42
654.35 3.10
636.96 3.10
226.75 365.23
337.23 396.94
26.24 611.77
20.10 144.27
101.18 97.82
160.51 98.84
584.53 56.39
551.54 95.26
594.76 68.66
526.22 72.76
402.19 59.20
342.34 129.28
418.55 104.98
383.77 115.72
518.55 35.56
995.90 12.66
1002.80 11.12
654.09 25.46
628.52 28.27
685.17 40.80
526.86 3.85
518.81 17.79
533.00 24.05
508.06 24.31
502.05 36.20
499.88 29.68
494.77 29.42
488.37 27.51
482.75 16.00
482.75 33.26
341.83 76.08
377.38 39.51
385.31 35.16
389.91 30.56
509.09 42.34
508.96 17.53
736.83 8.32
738.75 26.99
755.11 18.68
772.25 30.56
805.50 12.66
783.25 59.71
857.03 10.35
872.12 5.50
131.00 465.50
53.50 135.50
62.00 111.00
62.00 49.50
