206.21 718.68
266.15 697.77
266.15 559.78
444.56 605.78
261.96 858.06
597.88 437.12
670.36 432.94
702.41 391.13
710.78 346.52
843.19 366.04
924.03 375.79
1007.66 469.18
997.91 378.58
951.91 356.28
859.92 303.31
929.61 308.89
1006.27 293.56
968.64 223.87
130.94 403.67
185.30 400.88
295.42 381.37
386.02 350.70
433.41 338.16
445.95 283.80
500.31 268.47
542.12 307.50
570.00 297.74
567.21 388.34
603.45 343.74
611.82 293.56
664.78 297.74
705.20 301.92
779.08 301.92
794.41 209.93
976.19 150.69
1007.55 174.39
993.61 168.11
985.25 180.66
951.10 186.23
921.83 207.84
902.31 204.35
893.95 192.51
915.55 173.69
873.74 192.51
850.74 171.60
814.50 159.05
801.26 155.57
825.65 202.96
834.02 183.45
849.35 211.32
861.89 204.35
850.04 190.41
852.66 148.60
1019.34 184.49
718.97 241.29
765.19 197.04
758.92 178.57
733.49 213.41
593.41 185.54
583.30 158.01
606.30 160.80
642.19 176.82
675.99 195.64
695.16 197.73
659.26 219.68
654.73 235.02
541.83 190.41
337.99 176.82
316.38 169.86
404.89 163.23
434.16 162.19
444.61 175.43
314.64 185.88
326.14 180.31
347.05 178.57
372.14 170.20
463.08 183.45
480.16 195.29
481.55 224.21
534.17 213.76
410.81 240.59
402.10 273.00
378.06 257.32
350.53 263.24
315.68 265.68
340.08 227.35
318.12 214.46
342.86 216.20
350.18 212.02
357.15 204.00
338.68 194.60
381.19 207.84
364.47 219.68
392.35 230.84
427.89 216.20
443.57 202.96
485.04 325.62
411.86 201.22
413.25 183.10
417.09 171.95
397.22 182.05
392.17 172.29
431.20 202.96
440.96 193.55
248.78 280.67
270.39 238.15
290.60 212.37
281.54 187.98
262.02 187.98
243.90 224.91
291.99 255.58
383.29 319.00
63.46 337.46
98.31 318.65
95.52 297.04
123.39 294.25
155.45 294.95
186.81 304.01
225.14 294.95
209.81 248.96
234.20 252.44
243.26 251.05
196.57 223.17
180.54 246.17
148.48 231.53
179.84 214.81
205.63 200.87
237.69 191.11
190.30 187.63
166.60 156.96
154.76 152.08
145.00 156.96
129.67 156.96
103.18 163.23
114.33 179.96
21.70 322.13
52.37 290.42
8.81 287.29
55.16 263.24
118.92 232.23
135.65 238.15
155.86 228.40
175.37 209.23
168.40 251.74
238.10 236.06
102.20 223.52
100.45 205.40
130.07 202.96
137.74 205.75
153.07 190.41
215.45 201.57
103.24 187.98
102.55 179.61
94.53 193.20
85.82 192.16
71.53 191.11
89.65 207.49
88.61 222.12
58.64 205.05
49.58 210.63
368.77 176.48
588.82 222.82
780.57 95.33
825.92 89.37
618.69 128.43
619.36 119.83
592.87 161.87
177.50 519.00
325.00 479.50
345.50 441.50
102.00 448.00
149.50 434.50
236.00 336.50
101.50 259.00
71.00 195.00
135.50 178.00
210.50 184.50
197.50 167.00
96.00 126.00
77.50 82.00
70.00 77.00
72.00 45.50
74.00 39.00
