116.00 496.00
128.00 403.00
38.00 408.50
193.00 535.00
207.50 460.00
203.50 373.00
196.00 183.00
215.00 196.50
212.50 174.00
215.00 153.00
251.50 158.50
248.50 138.00
246.50 112.50
245.00 98.50
230.50 80.50
254.00 80.50
7.08 505.44
72.56 567.65
99.57 465.34
189.61 503.81
269.01 470.25
282.93 408.04
354.14 428.50
454.82 470.25
506.39 570.93
620.17 553.74
671.74 487.44
808.43 554.56
806.80 483.34
845.27 427.68
801.07 327.82
728.22 392.49
796.97 304.08
670.92 275.43
607.07 315.54
548.14 333.55
534.22 411.31
492.48 408.86
474.47 310.63
417.99 319.64
389.34 344.19
339.41 317.18
291.11 322.09
205.99 309.81
180.61 347.47
141.32 363.84
54.55 381.84
1.35 353.20
76.66 272.98
2.99 250.06
57.83 236.14
48.01 200.13
84.84 218.14
122.49 237.78
147.05 191.12
164.24 221.41
169.15 268.89
197.80 245.15
214.17 196.85
225.63 160.84
185.52 76.53
91.39 76.53
371.33 90.44
454.00 110.91
332.04 124.82
342.68 146.92
363.15 133.83
338.59 98.63
406.53 88.81
408.98 184.58
434.36 164.93
414.71 143.65
373.79 227.14
323.04 218.14
266.56 227.14
273.92 181.30
242.82 261.52
306.67 257.43
399.16 285.26
416.35 248.42
444.18 223.05
474.47 209.95
484.29 178.03
462.19 141.19
570.24 93.72
526.04 140.37
509.67 160.84
541.59 151.83
575.15 151.01
620.99 138.74
642.27 113.36
652.91 100.27
787.97 78.16
837.08 102.72
889.47 107.63
904.20 180.48
864.10 187.03
825.62 204.22
824.81 154.29
801.07 175.57
750.32 162.47
711.85 197.67
724.12 218.14
666.01 191.12
630.81 182.94
623.44 204.22
577.60 206.68
580.06 173.12
535.86 245.15
561.23 242.69
598.07 257.43
452.37 270.52
947.91 137.74
970.41 182.75
932.56 217.54
979.62 214.47
987.81 176.62
986.78 163.32
1008.27 107.05
