178.50 574.50
137.50 446.00
110.00 385.50
208.50 366.00
206.50 326.50
220.00 133.50
240.50 130.50
116.50 144.00
281.00 125.00
270.50 114.00
261.00 96.00
164.50 89.50
282.00 57.50
258.00 60.00
155.33 476.52
149.07 390.92
292.07 237.48
20.67 230.17
14.41 148.75
40.51 186.33
86.44 161.28
130.28 139.36
166.81 167.54
7.10 105.95
34.24 105.95
67.65 104.91
113.58 94.47
136.54 102.82
127.15 72.55
162.64 79.86
196.04 80.90
212.74 66.29
222.13 79.86
210.65 119.52
245.10 142.49
512.32 470.25
687.68 395.10
794.15 292.80
891.23 275.06
1009.18 322.03
981.00 72.55
966.39 4.70
1006.05 3.66
924.63 28.71
911.06 7.83
858.87 14.10
887.06 4.70
825.47 10.97
831.73 50.63
880.79 51.68
918.37 58.98
867.22 94.47
833.82 79.86
779.54 88.21
750.31 94.47
707.52 136.23
605.22 266.71
512.32 206.16
437.16 169.63
349.48 205.12
479.96 168.58
492.49 145.62
530.07 107.00
564.51 103.87
613.57 117.44
688.73 81.95
613.57 75.68
657.41 66.29
732.57 58.98
774.32 45.41
750.31 26.62
785.80 10.97
746.14 14.10
713.78 19.32
675.16 10.97
656.37 25.58
668.89 31.84
701.25 33.93
640.71 9.92
604.18 21.40
612.53 10.97
618.79 21.40
601.05 43.32
569.73 43.32
632.36 51.68
670.98 47.50
522.76 70.46
496.66 102.82
472.65 70.46
443.43 74.64
398.54 76.73
428.81 111.17
356.79 88.21
310.86 67.33
335.91 84.03
299.38 97.60
262.84 81.95
25.89 79.86
37.38 74.64
61.38 72.55
90.61 80.90
89.57 63.16
111.49 60.03
192.91 45.41
212.74 44.37
226.31 21.40
472.65 10.97
511.28 15.14
540.50 26.62
561.38 15.14
346.87 57.31
363.57 48.44
346.35 41.66
380.28 29.13
382.88 49.48
372.97 73.49
415.77 47.40
435.60 54.70
440.82 35.39
420.98 25.48
409.50 10.86
432.99 7.21
453.34 18.17
488.31 14.52
529.54 12.95
520.67 5.12
561.38 3.56
597.91 3.56
576.52 14.52
534.76 56.27
497.18 71.40
516.50 57.31
473.70 49.48
495.62 47.92
21.46 60.44
11.54 54.70
20.41 45.83
31.37 42.70
28.24 34.35
17.80 35.39
10.50 36.96
45.99 44.79
38.68 45.83
59.04 30.70
50.16 34.35
42.86 36.44
67.91 36.96
75.22 46.35
69.47 54.70
51.21 60.44
97.14 51.57
104.96 45.31
89.31 44.79
78.87 39.05
91.92 18.69
104.96 31.74
126.36 30.70
120.62 23.39
134.71 20.78
137.84 42.70
144.63 51.05
168.12 50.01
167.59 38.00
156.11 36.44
145.67 30.17
155.07 26.52
168.12 19.21
156.63 20.78
147.24 18.69
150.89 7.73
173.86 12.43
242.75 70.88
233.36 58.36
228.66 42.18
246.93 34.35
263.63 31.74
296.51 33.30
264.15 53.66
290.77 48.44
342.96 26.00
319.47 15.04
340.87 12.95
366.44 7.73
363.83 26.00
372.71 22.34
380.01 7.73
382.62 14.52
416.03 5.64
329.91 7.73
356.01 7.73
271.98 8.77
259.45 12.43
250.06 22.87
269.89 20.78
285.55 14.52
296.51 7.21
301.20 7.21
312.17 5.12
214.04 18.17
203.61 8.77
198.91 21.82
198.91 15.04
187.43 15.04
185.34 22.87
180.12 29.13
178.03 19.21
161.85 29.13
171.25 28.09
75.22 21.82
68.43 21.82
53.29 20.78
75.35 63.78
13.76 21.25
22.11 22.81
84.74 16.55
119.19 10.29
127.28 14.72
136.15 10.03
142.93 4.55
159.11 6.37
183.12 4.55
170.86 3.76
167.46 6.37
183.12 9.77
191.21 6.37
223.05 5.59
211.30 5.59
238.18 8.20
250.97 9.77
252.01 5.59
170.60 60.65
179.73 55.96
45.07 8.72
59.17 12.38
110.71 12.43
97.14 14.52
102.88 10.86
79.91 12.43
68.95 8.77
205.69 30.17
40.25 18.17
45.47 14.52
