136.00 571.50
161.50 477.50
107.50 447.00
59.00 305.00
82.00 312.00
65.00 280.50
41.00 252.00
130.00 301.50
106.00 266.00
135.50 246.00
116.50 216.00
177.50 212.00
251.00 197.00
190.00 127.50
45.50 157.50
59.50 132.00
54.50 124.50
57.50 117.00
77.50 127.50
80.00 112.50
67.00 112.50
98.00 75.00
83.50 73.50
74.50 77.00
63.50 89.00
55.00 87.00
158.50 572.00
86.50 524.50
119.00 458.50
173.00 403.00
186.50 501.50
321.50 603.50
332.00 418.00
353.50 434.00
210.50 271.00
245.00 215.50
207.50 190.50
215.00 171.00
179.50 199.50
176.50 233.50
130.00 224.50
89.00 226.00
90.50 188.50
148.00 169.00
167.50 123.00
88.00 79.50
102.50 74.50
89.50 67.50
73.00 76.50
80.00 40.00
74.50 28.50
69.50 46.00
130.00 193.00
