233.36 526.94
347.59 399.19
449.79 298.49
669.21 567.51
666.21 756.88
790.95 322.54
745.86 254.90
687.25 265.42
995.35 224.85
861.59 148.20
854.07 97.10
839.05 29.46
799.97 42.99
553.49 80.56
545.97 38.48
457.30 89.58
464.81 161.72
216.83 220.34
176.25 172.24
213.82 127.15
258.91 53.51
276.95 64.03
257.41 29.46
231.86 26.46
185.27 53.51
101.10 85.07
138.68 74.55
147.70 0.91
101.10 42.99
59.02 27.96
10.93 53.51
69.54 160.22
48.50 220.34
1021.16 35.47
555.82 8.50
-142.86 170.89
64.05 415.89
140.22 401.93
145.29 710.40
24.70 762.44
262.08 509.83
344.59 551.72
441.07 423.51
635.29 624.08
584.51 761.18
815.55 733.25
284.93 348.61
267.16 299.11
295.09 241.98
376.33 292.76
604.82 296.57
618.79 276.26
835.86 309.26
894.25 285.14
934.87 320.69
876.48 255.95
108.48 196.28
179.57 239.44
202.42 153.12
163.07 109.96
270.97 130.27
293.82 118.85
324.28 94.73
309.05 76.96
350.94 75.69
359.83 59.18
382.68 65.53
321.74 41.41
30.83 51.25
35.91 30.31
52.41 40.46
80.34 49.35
14.97 1.74
43.53 7.46
75.26 9.36
141.91 22.05
157.14 22.69
205.38 10.63
230.77 20.15
221.25 39.19
357.08 11.26
385.00 26.50
408.49 11.90
438.32 50.62
454.82 48.08
476.40 22.69
491.00 22.05
541.99 133.13
569.28 145.82
703.20 216.91
726.69 162.33
581.98 36.02
606.09 48.08
618.79 51.25
641.00 68.39
580.07 1.74
594.67 1.11
517.23 3.65
644.81 15.07
639.73 56.33
637.83 36.02
665.76 39.19
660.04 56.33
669.57 67.12
674.01 74.10
688.61 58.87
669.57 6.82
677.18 4.92
695.59 48.71
711.46 60.77
731.77 63.31
779.37 88.06
788.26 93.14
765.41 60.77
739.38 47.44
749.54 34.75
724.15 16.34
783.18 55.69
812.38 50.62
786.99 30.31
816.18 26.50
826.34 29.67
832.69 48.71
877.12 119.80
892.98 110.91
908.85 98.22
896.79 85.53
891.08 64.58
880.92 61.41
908.85 53.79
920.28 58.23
824.43 41.57
822.85 3.17
846.65 0.63
886.64 5.08
832.05 2.54
919.32 4.12
947.25 8.57
928.84 6.35
957.41 3.81
980.26 11.74
983.11 2.85
1002.79 3.49
998.98 19.67
975.50 44.11
959.31 51.73
901.87 57.12
993.58 85.68
1000.88 145.98
945.98 61.57
1022.46 21.10
1016.12 129.00
1010.73 92.67
947.31 9.04
926.08 10.32
919.94 9.81
699.23 13.53
780.14 47.78
