61.45 688.23
297.02 655.78
414.80 485.11
536.19 414.20
646.77 400.98
741.72 596.89
783.78 541.60
861.90 455.07
962.86 465.88
936.42 426.22
881.13 351.71
763.35 313.25
822.24 152.19
877.53 134.17
980.89 138.97
1002.52 176.23
995.31 224.31
10.97 457.47
107.12 328.87
155.20 328.87
162.41 290.41
230.92 254.35
260.96 292.81
327.07 351.71
430.43 342.09
407.59 260.36
341.49 256.76
210.49 189.45
259.76 138.97
218.90 144.98
180.44 150.99
120.34 199.07
169.62 203.88
63.86 256.76
134.77 260.36
25.40 320.46
18.19 206.28
15.78 113.73
8.57 94.50
21.79 71.67
68.66 21.19
108.33 26.00
47.03 113.73
109.53 110.13
98.71 101.72
151.59 111.33
172.03 22.39
317.45 80.08
347.50 77.68
329.47 60.85
454.47 66.86
478.50 72.87
497.73 52.44
526.58 29.60
526.58 46.43
502.54 80.08
538.60 63.26
567.44 66.86
565.04 27.20
608.31 29.60
568.65 96.91
539.80 113.73
757.34 46.43
721.28 21.19
792.19 33.21
828.25 39.22
852.29 26.00
847.48 41.62
866.71 41.62
885.94 33.21
909.98 44.03
966.47 33.21
998.92 42.82
984.49 108.93
1009.73 113.73
1020.55 68.06
308.44 65.06
272.38 37.42
336.08 62.65
339.09 53.04
191.86 197.87
572.25 16.68
592.68 13.68
604.10 13.68
556.03 12.48
518.77 19.69
830.05 20.89
838.47 11.27
941.23 10.67
923.20 52.74
1020.55 335.78
124.55 12.48
446.65 20.89
97.85 5.14
187.87 4.12
326.13 76.68
315.77 74.38
315.77 55.95
327.28 39.25
350.32 1.81
372.78 11.60
375.09 2.96
392.94 4.69
401.58 4.69
423.46 7.57
451.11 11.60
468.96 6.42
539.23 19.09
553.62 16.79
557.66 30.03
581.27 43.86
570.90 103.18
537.50 105.48
504.09 87.63
505.25 73.23
506.40 52.49
480.48 55.37
475.30 74.38
447.65 108.36
398.12 120.45
397.55 91.08
377.97 117.00
296.18 107.21
297.91 91.66
289.27 142.92
315.19 172.86
279.48 257.52
269.12 258.10
372.21 317.42
403.88 198.78
451.68 193.60
468.96 235.06
474.15 156.16
523.68 171.14
599.70 187.84
607.18 182.08
663.05 184.96
661.90 200.51
657.29 218.94
592.21 324.33
755.20 353.13
752.32 207.42
727.55 162.50
750.02 145.79
727.55 126.21
689.54 86.47
729.28 69.20
740.80 61.71
754.05 58.25
716.04 42.13
714.88 15.06
707.40 25.43
680.90 23.12
690.12 10.45
665.93 26.00
647.50 32.91
646.35 40.40
597.97 20.82
583.57 11.60
819.99 142.34
836.12 195.32
831.51 206.84
829.78 237.94
876.43 256.37
871.25 294.38
977.79 338.15
911.56 23.12
951.88 83.59
140.11 595.52
156.23 677.30
103.25 474.58
145.87 302.95
172.36 262.64
168.90 238.45
216.13 207.35
311.73 512.59
244.93 506.83
367.02 431.96
296.76 410.07
79.35 229.88
139.82 204.54
172.65 196.48
226.78 67.47
278.04 58.83
290.14 45.58
237.73 17.94
223.90 23.12
223.90 13.91
204.32 4.69
183.59 14.48
164.01 24.85
179.56 44.43
119.09 26.00
105.84 58.83
71.86 65.74
180.13 85.32
11.39 221.24
39.90 228.08
774.78 430.81
610.36 37.08
602.43 41.94
609.60 80.04
521.36 352.96
298.87 14.41
216.01 45.62
258.97 39.48
302.96 76.82
390.93 30.27
384.28 12.37
86.63 64.26
135.43 93.59
142.07 64.26
151.49 38.36
153.20 24.67
110.61 18.46
201.57 23.22
209.17 25.04
186.81 24.72
187.23 60.36
202.22 75.45
233.57 35.21
190.23 160.37
225.76 181.35
453.08 475.77
73.79 420.97
576.69 66.24
600.45 54.58
582.90 30.18
609.01 16.91
630.20 30.71
521.90 80.26
468.28 81.82
429.75 91.13
443.66 87.27
431.89 50.46
393.57 64.80
417.33 66.73
364.04 58.81
374.31 53.67
444.73 168.40
404.06 163.26
327.01 138.65
377.95 240.53
480.69 109.53
629.88 8.83
473.84 17.55
493.64 20.22
503.59 21.40
516.76 22.26
496.32 1.76
512.16 0.48
520.08 0.91
416.48 7.54
642.73 313.52
628.17 261.72
780.36 56.13
805.83 58.91
699.23 64.48
30.98 112.53
10.43 182.74
312.02 22.26
324.65 12.73
346.06 18.30
351.51 12.41
340.17 61.75
368.96 27.07
377.09 19.80
203.93 218.91
376.02 166.04
438.10 147.21
379.23 191.30
298.11 130.08
320.80 98.40
233.25 117.88
262.36 133.94
200.08 55.38
225.12 56.88
82.35 179.74
