987.76 565.16
309.16 631.12
131.82 534.39
118.63 298.42
71.73 252.98
18.97 134.26
29.23 116.68
65.87 132.80
36.55 140.13
105.44 144.52
102.63 128.77
130.48 136.83
143.67 123.64
182.51 134.63
200.83 125.84
235.27 131.70
260.19 140.49
278.51 157.35
277.04 204.98
277.04 258.48
242.60 270.20
210.36 308.31
337.87 202.05
395.03 232.10
336.40 311.24
403.82 288.52
545.74 279.00
532.55 301.71
516.43 258.48
520.83 201.32
583.12 177.87
641.01 195.45
631.49 319.30
658.60 308.31
479.18 204.61
482.11 160.65
568.58 124.00
577.38 104.95
546.60 107.88
582.14 63.55
607.06 56.95
599.73 23.24
612.19 22.51
670.08 70.14
645.16 72.34
620.98 57.68
629.04 59.88
545.50 61.35
536.71 90.66
568.22 81.87
606.32 130.23
623.91 123.64
634.90 145.62
687.67 154.42
697.93 139.03
774.14 133.90
771.94 191.79
741.16 332.49
813.71 250.42
856.95 234.29
834.23 196.92
834.97 178.60
840.10 161.01
897.26 128.77
851.82 122.17
841.56 108.98
841.56 63.55
868.68 72.34
889.20 79.67
876.00 114.11
892.13 107.52
899.45 111.18
891.39 119.97
838.26 329.20
899.82 342.39
892.49 406.87
861.71 439.12
958.45 395.15
1000.95 405.41
1008.28 512.40
933.41 90.66
971.52 74.54
941.47 79.67
921.68 118.51
940.74 152.95
978.11 139.76
1002.29 138.29
1012.55 133.90
1021.35 152.22
909.23 113.38
28.01 329.16
18.66 340.66
13.26 368.35
20.10 366.19
35.56 362.60
36.99 350.73
53.89 350.73
64.32 333.47
54.97 331.31
65.76 348.93
74.75 352.53
53.89 360.80
26.21 361.16
21.89 357.56
13.98 358.28
19.02 375.90
27.29 370.87
38.43 379.85
34.84 369.43
57.85 371.22
80.86 369.43
76.54 383.45
59.29 378.78
57.13 400.35
91.65 410.06
85.17 423.36
100.63 378.42
89.49 383.81
95.96 397.47
111.78 415.45
85.89 401.07
109.98 350.01
82.30 347.49
70.79 335.63
72.95 304.35
100.99 426.60
112.50 428.03
131.92 428.75
124.72 410.42
140.19 405.74
159.96 422.64
168.59 435.58
109.98 370.87
101.71 360.80
93.08 333.47
101.35 333.47
111.06 333.11
113.94 323.04
109.26 322.33
107.11 332.39
98.84 318.37
80.14 335.63
107.83 405.38
111.06 390.28
210.30 415.81
236.90 411.49
214.97 432.35
199.15 401.79
204.54 406.82
207.42 388.48
213.53 371.94
201.67 378.42
227.20 385.97
203.11 384.17
211.74 379.13
229.35 371.58
225.40 363.67
216.77 345.70
175.06 389.20
251.29 368.71
254.16 391.00
214.25 320.89
224.32 321.25
224.32 326.28
212.46 340.66
221.44 338.87
228.63 335.63
252.72 324.12
251.29 352.53
40.05 458.78
247.15 516.30
303.24 467.40
275.92 425.70
143.24 416.71
263.51 332.75
266.75 317.29
258.84 323.76
261.35 342.82
269.62 323.40
282.93 333.47
276.10 334.55
278.61 350.01
268.46 370.96
282.66 374.19
291.11 368.26
294.88 357.65
302.25 339.85
304.95 325.65
292.54 343.27
287.69 354.06
272.95 388.57
253.89 328.71
285.35 320.80
289.13 328.35
296.14 323.67
310.70 338.60
327.78 339.85
330.48 329.97
316.99 329.97
310.16 353.70
321.67 358.37
327.42 364.66
314.30 370.42
322.39 372.75
326.70 389.11
312.86 387.67
304.05 385.34
283.74 383.54
266.12 381.20
258.39 380.84
261.98 348.66
270.07 323.31
277.62 315.04
297.04 339.85
316.10 334.82
264.59 405.02
255.24 423.72
289.76 399.99
135.87 446.01
157.44 440.26
342.97 433.79
309.89 426.60
332.19 399.99
330.03 412.93
306.30 400.71
316.37 405.02
316.37 417.97
280.41 392.08
340.10 296.80
280.41 282.78
277.17 285.29
324.63 281.34
302.70 286.73
307.38 295.00
281.85 295.36
289.40 297.52
310.97 312.98
324.99 312.62
299.83 291.76
308.10 285.29
320.68 290.33
333.98 285.29
300.54 301.11
303.42 312.62
292.63 316.93
284.01 304.35
295.33 288.35
346.75 344.80
341.35 346.96
336.68 359.54
345.31 364.93
351.78 358.46
341.35 374.28
346.03 395.85
360.05 389.02
349.62 386.15
356.81 378.60
354.30 369.25
368.32 373.92
369.40 358.46
365.08 334.37
362.93 344.80
386.30 325.02
381.98 368.89
398.52 365.29
408.23 372.12
412.90 359.54
406.43 346.96
399.24 344.44
411.11 329.34
389.17 338.69
379.11 355.94
368.68 348.39
375.51 343.36
397.08 392.26
383.78 400.17
373.35 386.51
365.71 318.46
350.61 322.96
338.21 335.90
328.14 300.30
335.69 327.09
347.02 317.20
379.56 332.84
399.24 331.13
343.33 330.60
350.88 338.15
377.85 326.28
371.38 327.36
360.59 328.08
354.48 312.98
349.08 308.66
358.43 322.33
419.20 329.16
413.44 323.04
379.65 339.22
386.12 357.20
423.87 343.18
399.06 380.21
385.40 381.65
420.28 371.58
431.06 403.22
419.56 401.79
419.92 391.36
407.33 402.87
429.98 356.84
424.95 360.08
433.94 377.70
431.42 362.60
435.02 333.11
440.41 336.71
447.24 339.94
448.68 351.09
449.76 360.80
453.35 372.66
457.31 379.85
440.05 363.31
460.90 330.60
454.07 320.53
459.83 341.74
468.81 347.13
476.01 348.57
478.52 364.03
463.06 367.63
473.13 381.65
475.29 370.87
408.23 457.34
421.17 493.29
431.24 454.46
451.38 432.89
431.60 418.15
452.46 396.57
465.40 403.04
474.03 414.55
463.24 418.15
392.05 420.30
369.04 418.15
352.50 408.80
429.44 436.12
507.83 433.97
474.75 449.79
509.98 466.33
494.16 406.64
479.78 398.01
486.97 384.35
501.35 375.00
507.11 382.91
484.10 364.93
493.44 356.30
504.95 315.31
551.69 409.52
536.59 419.58
521.49 415.27
531.56 391.54
547.38 439.00
517.89 361.34
501.89 415.81
518.07 389.20
491.11 375.90
500.46 367.27
490.39 417.97
446.52 411.49
552.23 356.84
542.88 352.53
537.49 355.04
519.51 335.99
509.08 343.18
511.60 333.11
531.38 331.31
558.34 343.18
545.40 343.90
557.62 367.27
538.57 365.83
527.06 364.39
545.76 393.52
553.67 394.24
559.42 380.93
520.95 327.36
510.16 328.44
477.44 339.22
470.61 339.94
467.38 326.28
603.29 395.31
620.54 391.00
614.79 378.42
604.72 376.26
596.81 367.27
596.46 349.29
602.21 341.38
610.48 340.66
618.39 344.98
616.23 358.28
625.58 367.27
634.21 365.11
642.12 373.38
637.44 382.37
652.90 386.69
643.56 405.38
630.61 403.22
639.24 393.52
612.28 411.13
667.29 401.07
673.76 387.76
658.66 375.90
660.10 360.80
673.76 360.08
647.51 351.09
645.71 366.55
655.42 338.15
669.80 330.96
668.01 344.98
674.12 325.92
638.16 338.87
637.44 346.78
600.05 334.19
609.76 369.43
602.93 352.53
646.43 334.91
643.56 291.76
612.99 331.67
640.68 330.60
657.58 332.39
657.22 349.29
596.81 348.21
607.78 476.39
614.97 444.75
648.77 426.06
655.96 411.67
627.92 425.34
634.39 451.22
656.68 462.73
675.38 487.90
674.66 544.71
652.37 636.75
481.94 588.57
561.04 564.84
720.68 482.87
724.28 508.03
789.71 511.63
821.35 492.93
847.96 521.70
769.58 464.17
794.75 457.70
729.31 448.35
701.26 457.70
669.62 446.19
694.79 442.60
712.77 400.17
701.26 373.56
679.69 368.53
714.21 421.02
723.56 430.37
742.97 428.93
734.34 406.64
755.92 401.61
742.97 411.67
715.65 385.07
700.54 395.13
689.04 387.22
719.24 376.44
722.84 367.09
713.49 369.97
707.02 357.02
687.60 357.02
691.92 350.55
764.54 428.21
753.76 423.90
784.68 418.15
771.02 386.51
735.06 392.26
735.78 386.51
745.13 385.07
759.33 380.93
758.61 368.71
749.62 366.19
741.71 363.31
729.49 350.01
701.80 347.49
713.31 334.55
716.90 321.25
687.42 327.00
683.11 334.55
695.33 344.98
696.05 330.96
732.01 327.36
740.28 339.94
729.13 339.94
754.66 334.91
767.60 334.55
777.67 332.39
788.81 337.43
782.34 343.18
764.01 347.49
746.39 336.71
758.25 353.97
751.78 358.28
768.32 364.03
774.79 358.64
778.03 366.55
790.97 367.63
780.90 374.10
798.16 385.97
807.15 368.71
807.51 356.12
817.58 366.19
825.13 357.56
828.01 344.98
842.03 340.66
851.38 341.38
835.56 344.98
845.98 351.09
873.31 343.54
840.59 365.83
831.96 367.63
789.53 398.55
785.94 391.00
810.39 418.69
806.07 400.35
826.93 401.07
830.16 411.85
830.88 388.48
841.67 383.45
854.61 371.58
860.72 366.55
875.83 362.60
855.69 387.40
841.31 403.58
845.98 397.47
865.04 398.91
858.21 412.57
848.14 423.00
852.46 433.07
832.68 426.24
871.51 433.07
823.33 450.69
865.22 478.55
884.63 476.39
887.51 454.82
845.80 448.35
909.80 434.69
904.77 485.02
929.22 487.18
959.42 451.94
947.92 429.65
911.24 410.24
899.02 408.08
881.76 408.08
873.13 386.51
882.48 369.97
887.51 384.35
896.14 392.98
900.46 385.07
915.56 388.66
929.22 395.13
984.59 444.03
1019.83 467.04
1009.04 424.62
897.76 358.64
891.65 347.49
891.29 339.94
911.06 340.30
931.56 338.51
907.11 346.78
917.89 348.93
927.96 350.73
907.47 367.63
900.28 375.90
936.23 412.93
974.70 399.63
950.25 393.88
961.04 375.18
947.02 369.43
932.63 365.83
985.85 355.04
970.39 360.80
968.23 353.25
958.88 344.98
955.65 353.25
986.93 371.58
975.78 373.38
1009.58 370.87
1008.50 361.52
1001.31 364.39
1006.34 384.53
1019.65 381.65
995.56 406.10
990.52 396.03
988.01 388.84
981.89 423.72
934.61 634.24
291.74 652.93
