694.18 711.43
365.04 740.10
256.57 680.26
170.55 499.48
671.74 414.70
596.94 408.47
544.57 311.22
492.21 331.17
668.00 266.34
709.14 258.86
756.52 265.09
767.74 292.52
726.60 114.23
712.88 99.27
35.76 107.82
77.85 59.37
52.03 165.12
143.28 134.70
211.19 157.34
238.78 153.45
265.30 162.64
222.51 44.16
212.60 45.93
214.37 39.21
297.13 45.93
403.04 165.51
366.97 116.05
340.57 103.41
279.57 17.87
288.87 21.96
323.46 4.11
337.22 4.11
337.59 19.73
357.30 30.88
357.67 69.56
336.85 66.22
378.50 72.91
399.33 90.02
413.83 49.48
467.01 101.92
483.75 90.39
514.61 86.30
526.52 75.14
497.88 68.82
518.71 15.64
501.60 7.83
464.78 6.34
449.16 4.11
443.58 5.22
432.82 2.59
420.85 2.59
494.43 2.59
545.40 3.48
561.36 5.70
614.99 2.59
661.97 2.59
599.03 16.78
577.76 10.57
587.51 21.21
603.02 25.20
630.95 22.10
570.22 30.96
555.59 44.70
843.64 78.77
798.12 65.38
792.38 25.59
726.20 3.03
857.03 4.94
839.43 15.65
823.36 29.80
852.82 41.66
914.02 15.65
901.02 14.50
238.67 746.30
282.38 501.54
402.26 537.76
510.91 479.06
590.83 683.86
850.58 446.60
931.75 465.33
372.29 221.82
346.07 151.88
274.89 196.84
231.18 184.35
167.49 184.35
60.10 188.10
17.64 201.83
5.15 184.35
58.85 139.40
75.08 105.68
121.29 93.19
115.04 63.22
188.72 37.00
232.43 61.97
209.95 60.72
193.72 93.19
319.84 85.70
327.34 78.21
353.56 78.21
290.50 22.95
281.76 19.83
301.74 7.34
339.83 18.58
362.30 7.34
367.92 5.46
405.39 34.19
411.63 29.82
427.24 31.06
432.86 4.84
448.47 11.08
444.10 38.56
454.09 51.67
467.83 27.32
473.44 41.68
501.54 54.17
508.41 38.56
490.93 14.83
500.29 2.34
529.02 1.72
542.75 19.83
572.72 16.08
585.21 7.34
563.98 31.06
590.21 47.92
578.97 81.64
598.32 76.02
685.74 165.62
731.94 171.86
886.79 131.90
967.96 93.19
1011.67 93.19
940.49 18.26
620.80 70.71
668.25 60.72
710.71 99.43
743.18 88.20
795.63 84.45
838.09 76.96
-144.70 632.66
620.18 2.34
712.59 4.84
748.80 4.84
777.52 39.18
790.01 32.94
795.63 7.34
879.92 24.20
352.69 2.78
920.99 175.46
