548.31 566.81
664.26 536.88
801.40 443.38
883.69 318.70
936.05 291.27
707.90 243.90
666.75 187.79
695.43 174.08
726.60 165.35
746.55 94.29
767.74 38.18
800.16 79.33
858.75 94.29
850.03 166.60
871.22 48.16
605.66 3.27
510.91 55.64
499.69 25.72
466.03 3.27
431.12 12.00
418.65 29.46
407.43 43.17
376.26 34.44
386.23 60.62
381.25 90.55
276.52 90.55
153.09 140.42
84.52 240.16
60.83 134.18
65.82 108.00
108.21 79.33
136.88 79.33
221.66 65.61
252.21 36.62
259.69 26.03
292.10 14.81
300.21 17.92
321.40 7.95
183.64 6.08
217.92 19.79
158.70 9.20
138.75 10.44
103.22 3.59
71.43 12.94
58.96 54.08
44.00 65.30
9.30 219.27
10.55 185.61
8.68 72.16
26.13 60.94
264.92 483.35
547.48 693.76
418.22 262.42
273.94 8.42
194.29 8.42
116.13 38.48
167.23 74.55
237.87 112.13
663.20 122.65
783.44 118.14
831.53 68.54
885.64 29.46
962.29 101.61
1010.38 42.99
990.84 575.03
776.08 93.12
132.01 3.80
311.81 4.65
363.61 134.36
437.67 99.69
514.73 34.19
516.44 3.80
603.34 2.94
424.40 54.74
564.38 215.49
