173.50 634.00
303.50 602.50
209.00 421.00
91.00 429.50
154.00 352.00
194.50 288.00
212.00 208.50
123.50 213.00
78.50 235.00
79.00 190.00
119.50 169.00
172.00 171.00
99.50 148.50
68.00 143.50
67.00 131.50
71.00 121.00
116.00 100.50
123.50 91.50
146.00 83.50
156.50 83.50
89.50 76.50
79.00 90.00
74.50 77.50
72.50 48.00
70.00 40.00
84.50 49.00
93.50 55.50
259.38 616.85
420.62 612.45
398.63 578.74
233.00 555.29
57.11 530.37
84.96 599.26
87.89 693.07
476.32 649.10
617.03 622.71
678.59 679.88
820.77 631.51
844.22 575.81
766.53 518.64
663.93 525.97
611.16 514.25
517.36 550.89
486.58 561.15
389.84 427.77
341.47 479.07
298.96 461.48
269.64 464.41
234.47 483.47
167.04 480.53
26.33 423.37
96.68 385.26
58.58 353.01
42.45 353.01
26.33 329.56
46.85 314.90
98.15 348.62
83.49 322.23
21.93 134.62
48.32 130.22
70.30 156.60
77.63 124.36
90.82 125.82
114.27 103.84
104.01 140.48
118.67 163.93
139.19 177.12
143.59 130.22
32.19 222.56
65.90 256.27
58.58 291.45
32.19 284.12
49.78 263.60
105.48 246.01
95.22 263.60
93.75 294.38
187.56 212.30
140.66 197.64
156.78 228.42
95.22 235.75
127.47 263.60
109.88 284.12
92.29 279.73
149.45 370.60
136.26 386.73
145.05 311.97
121.60 325.16
171.44 328.10
197.82 331.03
228.60 369.14
262.32 373.53
300.42 369.14
254.99 328.10
241.79 310.51
218.34 307.58
187.56 161.00
181.70 140.48
186.10 119.96
203.68 124.36
178.77 108.23
193.42 95.04
152.38 73.05
230.07 111.16
244.73 109.70
288.70 121.42
271.11 130.22
313.62 97.97
250.59 222.56
222.74 253.34
194.89 270.93
171.44 263.60
158.25 256.27
278.44 276.79
291.63 232.82
275.51 250.41
271.11 235.75
315.08 259.21
300.42 240.15
369.32 247.48
361.99 281.19
322.41 307.58
274.04 301.71
296.03 335.42
315.08 339.82
351.73 314.90
369.32 309.04
394.23 301.71
398.63 278.26
411.82 256.27
423.55 153.67
448.47 147.81
442.60 185.92
476.32 143.41
518.82 119.96
515.89 143.41
543.74 143.41
558.40 137.55
597.97 64.26
646.34 93.58
586.25 118.49
580.38 137.55
405.96 235.75
479.25 218.16
328.27 278.26
411.82 304.64
419.15 273.86
454.33 263.60
471.92 278.26
449.93 297.32
351.73 344.22
332.67 358.88
337.07 383.79
394.23 379.40
410.36 348.62
385.44 354.48
441.14 372.07
476.32 332.49
480.71 366.21
512.96 298.78
523.22 268.00
534.95 225.49
546.67 202.04
581.85 228.42
599.44 253.34
559.86 270.93
539.34 253.34
586.25 300.25
551.07 301.71
599.44 287.05
612.63 309.04
640.48 298.78
621.42 278.26
622.89 243.08
647.81 268.00
672.73 228.42
649.27 225.49
622.89 143.41
599.44 143.41
658.07 150.74
647.81 118.49
669.79 114.10
699.11 130.22
719.63 108.23
724.03 130.22
693.25 109.70
750.41 130.22
778.26 73.05
835.42 59.86
825.16 11.49
800.25 10.03
784.12 15.89
817.84 137.55
839.82 140.48
858.88 147.81
863.27 207.90
804.64 194.71
775.33 185.92
718.16 181.52
678.59 188.85
738.68 222.56
791.45 222.56
833.96 260.67
768.00 269.47
738.68 246.01
709.37 250.41
699.11 266.53
674.19 301.71
682.99 329.56
619.96 361.81
590.64 360.34
555.47 355.95
518.82 358.88
488.04 402.85
514.42 410.18
599.44 402.85
567.19 426.30
650.74 433.63
646.34 380.86
697.64 407.25
694.71 379.40
743.08 361.81
737.22 328.10
719.63 317.84
779.73 331.03
806.11 309.04
775.33 430.70
756.27 399.92
804.64 383.79
817.84 389.66
848.62 395.52
842.75 423.37
839.82 317.84
879.40 309.04
891.12 273.86
873.53 246.01
970.27 304.64
964.41 273.86
987.86 288.52
980.53 240.15
998.12 202.04
980.53 202.04
908.71 325.16
943.89 344.22
986.40 399.92
924.84 430.70
905.78 410.18
918.97 380.86
870.60 509.85
-38.16 348.62
979.07 738.51
807.58 99.44
211.01 328.10
467.80 295.41
95.64 87.35
138.14 152.57
245.88 280.09
222.42 273.50
146.20 277.16
357.27 249.31
123.48 213.03
2.56 227.69
18.68 213.77
352.88 279.73
782.97 145.24
764.65 123.26
802.03 280.83
734.60 284.49
843.07 111.53
975.72 29.45
977.92 113.00
951.54 206.80
909.03 260.30
994.04 255.17
756.59 273.42
865.79 318.86
608.32 122.89
