114.50 440.50
167.00 363.50
222.50 210.00
133.00 217.50
89.00 234.00
89.00 215.50
71.50 181.50
93.50 172.50
119.00 187.50
144.50 167.50
174.50 134.50
160.00 104.50
110.00 80.50
78.50 98.50
80.00 81.00
83.50 67.50
79.00 37.50
82.00 49.00
45.50 47.50
48.50 66.00
62.32 354.06
136.73 377.85
177.22 296.86
285.54 383.93
339.20 358.62
419.68 359.12
495.10 390.00
518.38 280.67
499.65 279.15
410.06 272.06
314.40 324.20
304.27 289.78
234.93 283.70
135.72 268.52
68.40 277.12
9.17 263.46
74.98 232.58
143.81 226.51
209.11 243.21
277.44 246.25
322.49 197.15
430.81 214.86
488.52 241.19
523.44 224.48
453.09 203.22
525.47 154.12
511.30 146.02
494.09 138.94
389.81 182.47
355.40 216.89
401.46 150.58
424.74 151.09
437.90 151.09
337.68 150.58
285.54 167.79
294.15 173.36
246.57 137.93
246.06 165.26
232.90 194.62
226.32 164.75
165.58 175.89
110.91 217.40
77.51 193.60
40.56 168.30
0.57 156.65
17.78 118.69
41.57 113.12
65.36 150.58
26.89 103.00
124.07 101.48
130.15 123.25
116.48 132.86
87.63 85.28
91.68 76.17
112.94 72.63
131.67 70.60
121.04 82.75
144.83 75.67
156.98 86.80
181.27 97.43
156.47 120.21
168.62 127.80
195.44 126.79
207.59 131.85
221.77 107.56
195.44 83.77
181.78 81.23
216.20 82.25
262.26 97.94
317.43 86.80
316.93 111.60
339.20 111.60
353.88 81.23
381.72 77.69
379.19 85.28
390.83 86.80
379.69 98.44
420.69 93.38
413.60 88.83
454.10 83.77
477.89 88.32
479.41 80.22
495.60 75.67
510.79 73.64
521.93 103.51
512.81 92.37
525.98 89.33
487.00 106.54
524.46 125.78
479.41 117.68
456.12 108.06
443.98 115.15
410.57 129.83
202.53 116.16
544.10 332.05
53.09 84.01
21.03 43.52
33.40 50.27
58.71 49.70
310.12 62.08
292.12 36.77
274.69 71.08
246.00 63.20
259.50 58.70
273.56 59.83
269.63 51.95
266.81 48.02
255.00 43.52
260.63 35.64
272.44 45.21
341.62 36.77
373.68 52.52
388.30 41.83
383.80 37.33
397.30 40.14
408.55 32.27
415.30 40.14
484.48 41.27
432.17 69.39
551.41 75.58
531.72 77.83
521.60 60.39
504.73 58.70
508.10 49.70
517.10 42.96
494.60 49.70
559.84 50.27
537.35 38.46
556.47 139.69
542.41 124.51
122.27 57.02
89.65 62.64
100.90 50.83
101.46 45.77
73.34 41.83
47.46 46.33
96.40 33.96
102.58 32.83
101.46 40.14
126.77 40.71
134.64 41.83
121.14 36.21
159.95 36.21
149.26 38.46
183.01 39.58
176.26 46.33
201.01 50.83
217.88 40.14
37.62 23.98
232.79 15.54
246.00 27.07
238.97 28.48
258.94 17.23
288.19 22.85
280.59 19.48
271.31 27.91
292.97 18.63
87.40 29.88
72.21 34.38
120.58 23.98
123.67 28.48
115.24 29.60
139.14 35.23
81.49 21.17
50.28 21.17
151.23 19.48
164.73 19.76
157.42 30.45
171.48 31.85
164.45 31.29
208.04 34.10
201.01 30.16
186.95 21.73
192.57 18.35
182.17 27.91
269.63 18.07
215.35 26.23
207.76 18.07
234.47 51.54
228.57 64.47
434.81 168.22
468.88 47.69
456.24 42.74
330.13 44.47
326.42 40.51
307.34 35.80
329.39 18.46
317.00 23.66
456.98 17.72
465.16 32.58
482.75 31.34
455.00 59.34
347.72 62.56
337.81 45.71
347.72 22.92
378.69 24.65
406.94 16.48
420.32 14.74
425.52 20.94
429.73 17.47
284.30 100.71
399.75 30.60
470.11 14.49
346.11 343.13
430.35 351.06
26.51 46.82
214.51 5.83
174.57 8.65
135.20 9.21
129.02 10.90
119.46 14.27
31.72 17.08
9.78 14.27
69.96 13.71
59.84 23.83
90.21 9.77
94.71 18.21
104.83 17.08
113.27 9.21
120.02 9.21
312.93 12.58
276.38 5.27
262.31 3.58
242.07 4.71
177.39 13.15
434.98 8.65
420.92 9.77
414.17 11.46
483.92 10.90
490.66 19.33
497.98 13.71
512.04 19.90
534.53 10.90
519.91 7.52
526.66 27.77
547.47 29.46
544.66 11.46
549.72 15.96
560.41 12.58
355.68 4.71
331.49 4.71
325.87 6.96
314.06 5.27
304.50 10.33
293.25 8.65
