371.27 535.64
549.56 523.17
906.13 510.70
220.42 419.69
195.48 394.75
181.77 394.75
154.34 327.43
15.95 384.78
206.70 297.51
355.07 283.79
353.82 266.34
397.46 270.08
466.03 247.64
424.88 304.99
463.53 297.51
488.47 301.25
529.61 292.52
543.33 300.00
579.48 251.38
593.20 256.36
604.42 262.60
630.60 291.27
1017.09 304.99
1020.83 247.64
997.14 270.08
941.04 287.53
979.69 215.22
956.00 206.49
926.08 233.92
931.07 212.73
921.09 207.74
856.26 238.91
821.35 225.20
800.16 225.20
767.74 242.65
730.34 243.90
712.88 222.70
711.64 205.25
715.38 189.04
682.96 212.73
660.52 217.72
640.57 206.49
628.10 213.98
894.29 194.49
874.03 197.30
859.69 195.74
817.61 178.29
789.25 183.59
1018.96 138.08
995.90 118.44
995.59 125.61
984.36 132.16
1003.07 139.33
979.07 141.51
974.08 117.82
982.49 116.88
978.75 118.44
962.86 122.18
963.48 145.87
966.91 165.51
959.12 163.95
934.49 166.75
939.79 136.21
933.25 118.44
912.68 129.35
904.57 128.42
891.79 137.14
908.62 151.48
898.65 166.13
892.73 154.29
882.75 165.20
866.86 158.65
877.14 142.75
876.83 129.66
877.46 114.08
872.47 115.01
863.74 112.52
864.05 117.20
866.55 121.25
858.75 131.53
867.79 134.03
846.60 160.21
846.91 140.57
852.83 119.38
844.42 108.47
843.79 117.20
840.05 121.87
836.00 123.12
831.33 115.64
824.78 110.03
817.30 111.27
816.68 116.26
806.08 119.38
800.16 117.51
777.72 129.66
772.42 145.87
789.25 153.66
799.85 156.47
812.31 158.96
812.94 146.18
829.14 145.87
835.38 152.73
841.92 139.33
834.44 138.39
822.91 139.33
814.18 137.46
801.40 135.27
812.31 124.36
826.96 118.44
821.66 120.94
881.04 127.87
952.83 107.46
958.75 105.27
966.91 104.26
970.96 102.39
970.03 93.66
965.04 97.09
961.61 78.39
1008.05 74.96
997.77 80.57
954.44 125.46
1018.65 114.55
697.09 123.43
693.35 131.85
585.20 173.30
588.00 167.07
603.27 174.55
580.52 155.22
590.49 154.29
592.05 149.30
596.42 138.70
618.55 145.25
634.44 142.75
639.43 166.75
658.75 151.48
656.26 144.94
660.94 146.49
659.07 136.21
679.64 160.83
688.99 153.04
721.40 160.21
719.85 131.85
725.46 133.40
734.49 134.65
733.25 141.51
744.78 136.21
750.08 134.96
753.51 130.29
754.13 140.57
761.92 124.68
766.91 127.48
763.79 143.38
761.30 148.68
750.39 153.66
662.81 153.66
645.98 130.60
386.34 178.60
399.12 212.57
412.83 210.70
421.56 200.42
440.57 199.48
429.98 212.88
446.49 196.05
454.60 210.39
464.88 196.68
459.27 188.57
466.13 172.05
459.90 167.69
473.30 174.23
472.68 168.62
477.66 161.14
471.43 143.69
482.34 145.87
484.83 150.23
494.81 139.64
500.42 144.62
508.21 139.01
516.94 138.70
531.90 143.07
541.87 153.04
548.73 159.27
540.94 161.77
566.18 175.79
559.95 172.99
538.13 174.23
539.38 195.12
522.86 187.33
509.77 186.39
494.49 162.08
507.90 150.86
501.04 195.43
496.05 196.05
484.83 198.23
484.52 171.43
476.10 199.79
582.39 352.05
520.68 161.30
192.78 172.99
194.34 175.17
208.99 182.65
188.10 203.85
213.98 202.29
250.75 195.43
241.40 192.62
264.47 195.43
271.33 193.25
300.31 160.52
303.74 172.36
307.17 170.81
315.27 171.12
313.09 176.73
307.17 178.91
316.83 188.88
324.94 192.00
330.86 170.81
355.48 171.12
360.78 173.30
371.38 171.12
367.64 181.09
382.60 180.16
232.36 166.44
354.23 185.46
112.36 210.39
132.62 187.01
150.70 209.46
144.16 213.20
156.00 200.10
181.87 203.85
151.33 185.77
144.78 203.22
157.25 207.59
153.82 207.27
141.43 176.53
587.07 150.42
1012.60 112.53
120.50 581.00
74.50 320.00
173.50 326.00
179.50 174.50
209.50 194.00
244.00 150.00
213.50 116.00
226.00 72.00
244.00 78.50
300.50 79.50
