50.90 531.73
30.88 516.71
8.86 529.72
13.86 457.65
31.88 463.66
50.90 477.67
57.90 452.65
103.95 448.65
83.93 478.68
78.93 500.70
104.95 485.68
103.95 527.72
147.99 524.72
169.01 480.68
165.01 456.65
144.99 468.67
127.97 389.59
212.06 466.66
235.08 513.71
214.06 523.72
238.08 541.74
298.14 522.72
315.16 552.75
309.15 508.70
328.17 491.69
345.19 527.72
366.21 550.75
385.22 520.72
350.19 509.71
376.22 482.68
408.25 466.66
453.29 470.67
442.28 509.71
462.30 527.72
518.35 520.72
527.36 548.74
492.33 562.76
597.43 495.69
572.41 533.73
441.28 382.58
508.34 398.60
518.35 345.55
543.38 341.54
534.37 324.52
549.38 398.60
596.43 425.62
601.44 403.60
587.42 382.58
566.40 338.54
684.52 485.68
668.50 464.66
644.48 459.66
633.47 447.64
641.47 418.62
703.54 410.61
678.51 376.58
657.49 383.58
641.47 359.56
654.49 349.55
673.51 338.54
748.58 422.62
757.59 448.65
747.58 470.67
736.57 505.70
714.55 526.72
724.56 548.74
794.62 566.76
800.63 527.72
772.60 507.70
821.65 501.70
838.67 516.71
861.69 516.71
372.21 291.49
339.18 282.48
354.19 264.47
302.14 258.46
236.08 264.47
235.08 285.49
222.07 305.51
231.07 329.53
196.04 335.54
166.01 319.52
170.01 291.49
125.97 253.46
100.95 291.49
21.87 285.49
36.88 253.46
41.89 222.42
107.95 333.53
132.98 338.54
146.99 356.56
69.92 398.60
32.88 368.57
7.86 361.56
12.86 401.60
39.89 415.61
63.91 335.54
82.93 225.43
97.94 230.43
130.98 222.42
195.04 219.42
199.04 265.47
608.44 319.52
647.48 277.48
616.45 270.47
735.57 265.47
751.58 241.44
760.59 220.42
729.56 197.40
854.68 244.45
842.67 271.47
837.67 299.50
824.65 324.52
791.62 312.51
773.60 326.53
757.59 348.55
724.56 350.55
728.56 317.52
709.54 289.49
693.53 271.47
695.53 219.42
839.67 361.56
837.67 392.59
817.65 384.58
778.61 369.57
784.61 400.60
729.56 382.58
893.72 377.58
923.75 438.64
887.72 471.67
887.72 506.70
936.76 489.69
957.78 510.71
938.76 533.73
989.81 498.69
1014.84 470.67
990.82 445.64
987.81 411.61
465.30 307.51
483.32 287.49
467.30 273.47
511.35 268.47
538.37 239.44
532.37 219.42
575.41 216.42
581.42 179.38
566.40 176.38
540.38 456.65
556.39 456.65
551.39 475.67
477.31 453.65
449.29 433.63
421.26 411.61
353.19 394.59
328.17 349.55
311.15 335.54
323.16 315.52
279.12 340.54
261.10 338.54
261.10 364.56
299.14 359.56
192.04 406.60
212.06 387.59
424.26 247.45
437.28 208.41
452.29 202.41
462.30 178.38
462.30 178.38
464.30 162.37
384.22 166.37
520.36 171.37
528.36 150.35
544.38 138.34
569.40 132.34
584.42 99.30
609.44 115.32
604.44 88.29
624.46 72.28
688.52 75.28
701.53 65.27
771.60 67.27
813.64 53.26
825.65 25.23
849.68 25.23
896.72 18.23
961.79 29.24
993.82 34.24
1015.84 54.26
1001.83 54.26
973.80 53.26
957.78 67.27
942.77 58.26
973.80 107.31
990.82 114.32
950.78 114.32
950.78 101.31
924.75 76.28
936.76 134.34
924.75 127.33
898.73 130.33
888.72 111.32
900.73 100.31
1018.84 158.36
990.82 157.36
971.80 169.37
920.75 169.37
914.74 213.42
942.77 204.41
934.76 234.44
914.74 240.44
894.72 229.43
872.70 211.41
966.79 258.46
1007.83 261.46
970.80 213.42
984.81 205.41
877.71 146.35
851.68 123.33
840.67 155.36
794.62 132.34
778.61 152.36
810.64 190.39
827.66 208.41
838.67 222.42
805.63 213.42
824.65 255.46
780.61 282.48
939.77 320.52
921.75 287.49
901.73 310.51
903.73 278.48
759.59 174.38
743.57 169.37
751.58 106.31
786.62 90.30
801.63 107.31
728.56 141.35
692.52 164.37
660.49 125.33
645.48 97.30
653.49 80.29
523.36 69.28
653.49 222.42
615.45 234.44
631.46 257.46
607.44 258.46
577.41 270.47
583.42 286.49
536.37 264.47
484.32 222.42
875.70 352.55
118.96 144.35
112.96 103.31
112.96 103.31
125.97 90.30
108.95 71.28
171.02 60.27
185.03 47.25
299.14 85.29
319.16 67.27
218.06 67.27
212.06 89.29
243.09 118.32
241.08 146.35
332.17 225.43
365.20 199.40
338.18 197.40
336.18 169.37
351.19 150.35
375.21 141.35
315.16 142.35
287.13 120.33
299.14 433.63
334.17 439.64
360.20 434.63
373.21 454.65
340.18 464.66
279.12 446.64
255.10 439.64
235.08 431.63
66.91 206.41
73.92 183.39
108.95 184.39
130.98 187.39
140.99 172.38
129.98 122.33
153.00 141.35
190.03 127.33
194.04 104.31
126.97 30.24
126.97 30.24
166.01 22.23
85.93 20.23
43.89 34.24
55.90 69.28
39.89 100.31
18.87 116.32
31.88 138.34
15.86 208.41
212.06 29.24
246.09 22.23
270.11 22.23
253.10 92.30
155.00 6.21
361.20 41.25
529.37 125.33
505.34 100.31
478.32 82.29
435.27 118.32
406.24 115.32
475.31 120.33
677.51 195.40
668.50 183.39
632.47 179.38
856.68 43.25
856.68 76.28
871.70 92.30
892.72 87.29
895.72 57.26
712.54 389.59
706.54 361.56
813.64 419.62
426.26 305.51
426.26 289.49
408.25 268.47
384.22 289.49
311.15 293.49
427.27 352.55
546.38 103.31
717.55 183.39
691.52 452.65
474.31 250.45
436.27 223.43
113.96 537.73
412.25 447.64
259.10 261.46
240.08 237.44
260.10 211.41
213.06 208.41
207.05 176.38
204.05 152.36
493.33 137.34
440.28 142.35
415.25 167.37
260.10 509.71
76.92 110.32
398.24 209.41
578.41 65.27
787.62 218.42
507.34 46.25
108.95 394.59
1011.84 219.42
476.54 341.48
279.11 224.34
287.29 199.79
348.67 312.32
424.37 151.71
425.40 110.79
533.83 500.55
512.35 492.36
510.30 332.78
532.81 184.45
571.68 79.08
636.13 163.99
635.11 81.13
817.20 95.45
1012.58 143.53
112.89 426.96
15.49 707.93
75.43 665.48
107.90 724.17
46.70 566.82
177.83 585.55
230.28 757.89
129.12 493.14
155.35 469.42
26.72 486.90
4.25 357.03
177.83 414.47
216.54 559.33
210.30 505.63
235.27 629.26
61.69 263.37
3.00 289.59
59.19 230.90
22.98 227.15
31.72 188.44
5.50 204.68
57.94 167.21
4.25 94.78
86.67 202.18
62.94 143.49
86.67 124.75
62.94 82.30
101.65 94.78
132.87 93.53
74.18 52.32
25.48 49.83
11.74 29.85
14.24 6.12
51.08 22.04
69.81 20.17
113.51 24.54
107.90 47.64
127.25 51.39
152.23 35.78
134.12 27.66
166.59 8.93
166.59 44.52
196.56 18.92
164.09 65.75
193.44 90.10
185.32 113.83
179.08 147.54
138.49 143.80
145.36 186.88
143.49 228.71
185.32 200.62
200.30 140.68
227.15 24.54
229.03 45.14
219.04 58.88
219.66 82.61
251.50 146.30
236.52 178.14
234.02 211.23
271.49 203.74
273.98 98.22
250.26 278.67
254.63 246.20
292.71 241.83
315.19 198.12
220.29 328.30
195.31 364.52
247.76 348.29
231.52 400.73
256.50 435.70
295.21 544.34
318.94 506.88
370.14 601.79
338.92 722.92
405.10 664.23
336.42 458.18
292.71 424.46
342.67 373.26
311.45 333.30
276.48 319.56
327.68 305.83
336.42 244.64
361.40 215.91
395.11 317.07
390.12 446.94
448.81 479.41
488.77 551.84
549.96 746.65
503.76 624.27
651.11 641.75
727.29 625.51
790.98 664.23
943.33 623.02
1005.77 590.55
848.42 560.58
833.44 504.38
717.30 565.57
637.38 513.12
588.68 545.59
521.24 495.64
532.48 395.74
634.88 431.95
718.55 393.24
748.52 455.68
869.65 461.92
920.85 474.41
875.90 418.22
933.34 409.48
1013.26 483.15
1012.01 544.34
999.52 332.05
1013.26 294.59
1003.27 252.13
977.05 244.64
950.82 227.15
945.83 274.61
923.35 350.78
808.46 350.78
840.93 323.31
830.94 285.85
857.16 255.88
920.85 272.11
741.03 319.56
762.26 375.76
667.35 348.29
599.91 337.05
587.43 384.50
475.04 365.77
487.52 320.81
511.25 288.34
457.55 294.59
490.02 267.11
367.02 300.21
390.12 235.27
402.61 255.88
431.95 215.29
468.17 235.27
513.12 192.19
599.91 303.33
602.41 270.86
639.25 285.22
654.24 250.88
690.45 273.98
609.90 214.67
665.48 214.67
494.39 170.96
515.00 148.48
531.23 88.54
441.94 190.31
318.31 144.11
328.93 104.77
284.60 61.69
268.99 37.34
285.85 44.83
387.00 59.82
395.74 93.53
377.63 118.51
361.40 149.73
390.74 31.10
425.71 36.71
448.19 48.58
463.80 67.31
492.52 47.95
441.94 117.26
538.10 51.70
611.15 68.56
607.41 44.83
627.39 46.70
657.36 51.08
676.09 63.56
689.83 67.93
723.54 45.46
714.80 89.79
616.15 89.79
629.26 82.92
624.27 122.88
656.11 141.61
629.89 142.86
648.62 109.77
655.49 118.51
661.10 169.09
614.28 169.09
716.68 186.57
718.55 163.47
724.17 121.63
252.75 9.87
312.70 14.86
341.42 7.37
460.05 18.61
547.47 33.28
606.78 3.31
682.33 5.18
707.31 13.30
742.28 19.54
719.80 25.79
754.14 84.48
770.37 70.74
794.72 82.61
782.86 32.03
790.98 6.43
833.44 44.52
822.20 95.72
789.73 115.08
794.72 188.75
807.21 161.28
814.70 140.68
823.45 226.22
797.22 266.80
771.00 293.65
850.30 113.83
867.15 160.03
842.80 203.74
897.75 228.09
995.15 208.11
950.20 193.75
915.23 194.37
928.34 164.40
983.91 174.39
928.34 136.30
955.19 129.44
913.36 119.45
870.28 116.95
887.13 98.84
871.52 75.74
887.13 48.27
850.92 44.52
854.04 12.05
877.14 5.18
912.11 10.80
947.08 22.04
928.34 76.99
974.55 82.61
1005.14 42.65
1017.63 17.05
994.53 2.69
1022.00 134.74
612.75 685.26
