216.00 504.50
129.00 471.00
132.50 415.50
222.50 361.50
297.50 300.50
252.50 163.00
226.00 190.50
193.50 175.50
172.00 215.00
149.50 138.00
102.00 148.50
103.50 162.50
98.00 191.00
161.50 84.50
87.50 67.00
112.50 39.00
20.07 437.73
60.84 392.22
36.19 549.61
4.90 594.17
73.16 605.55
99.71 543.92
94.97 505.99
151.86 483.24
138.59 566.68
122.47 353.34
131.95 301.19
164.19 354.29
124.36 305.93
141.43 212.07
331.06 487.98
387.00 527.80
421.13 576.16
496.99 465.22
684.72 626.41
746.35 607.45
933.13 487.98
194.53 250.23
200.69 268.72
226.29 273.46
213.02 222.26
196.90 218.47
244.78 167.74
243.83 150.68
248.10 143.56
279.86 149.25
293.61 117.49
268.48 103.74
272.28 103.74
290.76 95.68
299.30 97.58
301.19 91.42
314.94 97.11
330.59 96.16
344.33 92.36
273.70 238.38
268.48 238.85
285.08 232.22
296.45 231.27
286.97 277.73
328.22 306.17
321.11 269.19
329.64 236.01
319.68 232.22
323.00 223.21
336.28 214.68
350.97 212.31
345.76 212.78
361.40 192.39
368.04 205.67
383.21 214.20
387.00 202.82
398.85 232.22
414.50 227.48
354.29 243.59
332.96 231.27
352.87 238.38
405.49 290.53
436.31 285.31
436.78 295.27
382.73 348.36
469.49 257.82
486.08 249.76
487.51 228.90
475.65 214.20
458.59 207.56
473.76 207.56
435.83 200.45
420.66 211.83
414.50 193.82
432.99 189.08
450.05 187.18
483.71 168.69
494.62 172.96
505.99 178.17
524.01 180.54
537.28 174.38
540.13 168.69
556.96 165.96
561.22 163.12
555.06 155.53
565.02 161.22
574.02 157.43
577.58 160.99
577.82 157.43
570.47 155.77
586.11 157.43
590.14 157.91
605.55 154.35
608.39 158.14
612.42 160.75
627.36 157.43
632.81 166.68
607.92 165.02
593.46 169.28
590.38 167.15
589.43 161.93
586.11 172.84
578.05 179.24
574.02 175.92
578.76 188.01
592.04 178.05
599.62 185.40
592.75 195.12
583.03 223.56
578.76 231.86
594.88 159.80
594.17 156.25
603.18 267.30
580.42 273.46
562.41 266.82
611.24 304.75
553.88 342.68
507.89 329.40
654.85 267.30
643.95 260.19
665.76 224.16
691.36 162.53
697.05 169.64
707.00 208.51
698.94 239.80
706.53 235.06
710.79 243.59
715.53 235.53
685.19 256.87
683.77 283.89
729.76 255.45
741.61 227.00
745.40 176.75
768.63 177.70
774.32 177.70
782.85 160.16
802.29 161.11
787.12 207.09
790.44 205.19
779.53 210.88
771.48 216.10
772.90 227.00
785.22 227.48
804.19 229.85
829.79 168.69
811.77 235.53
835.00 236.96
842.11 258.76
895.68 307.59
257.69 154.31
