28.58 309.71
45.12 318.34
61.66 313.31
79.64 301.80
12.04 311.15
5.57 324.81
43.68 419.01
18.51 431.96
49.44 454.97
80.36 439.15
115.59 415.42
106.96 380.18
92.58 398.88
88.99 360.05
122.06 318.34
158.74 338.47
167.37 355.01
196.13 328.41
206.20 304.68
196.85 385.93
181.03 383.78
200.45 410.38
188.22 454.97
173.84 410.38
134.29 434.11
147.23 460.72
99.77 454.25
98.33 483.01
44.40 494.52
9.17 452.09
6.29 472.23
15.28 540.18
164.85 581.89
251.14 494.16
254.02 430.88
241.08 383.42
238.20 337.40
242.87 300.36
233.53 324.09
245.03 321.22
257.26 316.90
277.39 315.46
284.58 303.96
301.84 305.40
311.91 312.59
296.81 324.09
303.28 336.32
277.39 353.58
300.40 375.87
292.49 417.58
335.64 394.56
329.17 444.90
355.05 434.83
288.90 449.22
344.27 364.36
362.24 356.45
373.75 315.46
344.99 325.53
321.26 303.96
344.99 301.80
358.65 315.46
368.72 300.36
402.51 326.25
393.17 314.02
405.39 307.55
418.33 305.40
408.27 315.46
422.65 329.13
403.23 356.45
429.84 365.80
414.74 376.59
399.64 396.00
396.04 420.45
416.90 435.55
450.69 425.49
464.36 397.44
363.68 486.61
457.88 337.04
443.50 313.31
445.66 329.13
433.44 303.96
449.97 301.80
476.58 298.92
463.64 319.06
465.08 301.80
488.81 301.80
498.15 296.77
488.09 318.34
474.42 318.34
501.03 324.09
509.66 391.69
506.78 304.68
537.70 337.04
521.17 329.84
490.24 467.91
476.58 506.02
526.92 504.59
571.50 333.44
597.39 407.51
530.33 310.61
517.75 313.84
519.19 300.54
537.53 294.79
526.74 299.82
497.97 304.50
559.46 303.06
547.95 294.43
545.08 300.54
546.51 309.53
540.76 315.64
554.42 322.47
569.53 317.08
573.12 304.50
572.40 297.31
593.26 302.70
596.13 314.56
590.02 324.63
584.99 332.18
583.91 299.82
587.14 307.01
613.39 317.08
627.77 340.81
619.50 361.31
601.17 398.34
633.53 332.18
632.81 322.83
625.26 303.78
610.51 297.67
609.08 307.73
640.72 300.54
651.14 301.98
658.69 317.08
650.42 332.18
636.40 299.82
661.57 377.13
678.11 333.62
667.68 307.01
668.76 296.95
685.30 303.78
686.38 317.80
674.51 302.70
660.13 303.78
712.45 504.59
655.64 564.99
579.41 567.15
715.32 395.28
734.74 375.87
718.20 340.63
708.13 317.62
700.22 303.24
754.87 348.54
749.84 325.53
744.09 309.71
743.37 299.64
724.67 300.36
721.79 322.65
730.42 326.25
770.69 320.50
792.99 319.78
791.55 336.32
803.77 317.62
819.59 335.60
834.69 326.25
854.83 317.62
845.48 370.83
796.58 415.42
808.09 494.52
888.63 498.83
907.32 554.92
869.93 352.86
908.76 362.92
872.81 333.44
880.72 308.99
892.94 313.31
908.04 304.68
920.27 303.24
936.81 306.11
968.45 386.65
965.57 484.45
1011.59 352.86
974.92 298.20
993.61 303.24
1013.03 295.33
952.63 310.43
949.75 299.64
872.81 310.43
859.14 304.68
734.92 305.22
716.22 304.86
823.73 297.67
775.19 303.42
765.84 307.01
752.18 300.90
790.29 305.93
833.79 301.98
815.46 302.70
879.28 219.82
456.94 560.74
159.25 176.10
212.94 498.23
80.78 458.34
361.30 353.61
365.04 258.86
953.51 275.07
1014.60 213.98
973.46 100.52
1020.83 90.55
908.62 64.36
863.74 116.73
838.81 122.96
856.26 20.73
749.04 15.74
695.43 8.26
754.03 154.13
739.07 206.49
699.17 151.64
620.62 186.55
630.60 50.65
630.60 4.52
615.64 7.01
451.07 53.14
469.77 103.01
538.34 116.73
523.38 165.35
389.98 104.26
388.73 180.31
261.56 100.52
207.95 81.82
374.39 1.72
317.04 10.44
302.08 8.57
275.90 23.53
287.12 23.53
300.83 38.49
261.56 34.13
249.09 36.62
247.85 44.10
238.49 49.72
205.46 19.17
194.23 8.57
171.79 23.53
146.86 30.39
159.95 26.65
126.29 32.88
116.31 32.88
153.09 61.56
49.20 155.07
83.48 125.77
8.68 97.72
41.09 86.49
83.48 36.62
53.56 88.99
162.03 15.43
73.51 21.04
1009.61 654.08
183.81 16.96
