89.51 626.65
232.88 606.70
303.95 666.55
562.03 715.17
441.09 510.70
200.47 434.65
78.29 453.35
124.42 359.85
23.43 337.40
134.39 291.27
467.27 382.29
610.65 278.81
513.40 258.86
-23.95 833.61
317.66 302.49
327.64 275.07
219.17 260.10
204.21 217.72
94.49 200.26
57.09 230.18
14.70 256.36
25.92 155.38
72.05 161.61
98.23 142.91
111.95 129.20
138.13 152.88
190.49 147.90
199.22 108.00
146.86 109.25
269.04 127.95
279.01 146.65
277.77 96.78
335.12 95.53
365.04 116.73
413.66 127.95
408.68 201.51
503.43 191.53
666.75 248.88
641.82 175.33
716.62 177.82
664.26 127.95
785.20 204.00
833.82 266.34
871.22 341.14
1014.60 556.83
1024.57 271.33
1003.38 271.33
965.98 154.13
1018.34 112.99
995.90 109.25
972.21 88.05
963.48 74.34
937.30 142.91
924.83 59.38
860.00 94.29
874.96 59.38
841.30 111.74
793.92 117.98
805.14 162.86
802.65 94.29
810.13 68.10
831.33 70.60
772.73 94.29
750.29 88.05
721.61 95.53
717.87 73.09
725.35 55.64
685.46 64.36
702.91 38.18
672.99 64.36
658.03 38.18
633.09 50.65
615.64 48.16
594.44 90.55
576.99 121.72
564.52 99.27
586.96 59.38
583.22 34.44
568.26 46.91
538.34 94.29
532.10 73.09
542.08 38.18
524.62 48.16
527.12 41.92
499.69 51.90
492.21 38.18
488.47 29.46
471.01 51.90
461.04 18.23
437.35 29.46
418.65 24.47
432.36 99.27
418.65 81.82
408.68 76.83
402.44 68.10
408.68 38.18
391.22 26.96
386.23 33.20
386.23 46.91
346.34 50.65
380.00 73.09
279.01 68.10
276.52 55.64
295.22 43.17
311.43 70.60
310.18 55.64
316.42 35.69
337.61 29.46
348.83 29.46
402.44 7.01
-230.91 580.52
-230.91 580.52
3.07 109.56
24.88 107.69
54.81 100.83
41.09 81.51
15.53 68.42
3.69 34.13
39.85 51.59
33.61 26.65
8.68 6.08
33.61 4.21
42.96 11.07
62.29 45.35
85.35 58.44
70.39 34.13
79.74 12.94
63.53 9.20
93.46 17.30
91.59 6.08
122.75 12.31
142.08 45.98
132.10 40.99
130.86 61.56
183.22 39.74
190.70 51.59
186.34 65.30
229.98 34.13
253.66 42.86
276.73 23.53
259.90 19.79
261.14 6.08
292.31 6.08
318.49 12.94
329.72 8.57
350.29 7.95
379.59 3.59
224.99 14.81
155.17 12.94
155.17 29.77
132.10 2.34
280.47 6.70
589.46 41.92
550.81 41.92
676.86 448.09
400.64 21.45
426.11 17.82
430.39 41.36
444.52 66.83
469.78 32.80
386.30 288.26
263.86 379.88
189.59 9.47
292.97 27.88
784.00 74.75
334.00 370.00
374.00 109.50
444.00 355.00
143.00 179.50
1560.50 588.50
972.50 263.50
114.50 259.00
1804.50 494.50
1368.50 39.00
1480.00 45.50
1224.00 46.00
345.00 29.00
130.00 88.00
377.00 149.50
420.50 33.50
259.50 28.50
1025.00 75.50
701.00 181.00
1266.50 142.50
74.00 82.50
945.50 31.50
1115.00 33.00
964.50 84.00
605.00 26.00
378.50 24.00
463.50 34.00
302.50 24.00
1907.50 103.00
122.00 27.00
148.00 31.50
411.00 989.00
434.50 779.50
12.00 307.00
49.50 23.50
1513.50 44.50
1065.00 347.50
438.00 141.50
1510.00 155.50
623.00 105.00
647.50 108.00
