630.60 473.30
497.20 331.17
464.78 347.38
468.52 318.70
391.22 374.81
371.27 339.90
357.56 397.25
259.07 371.07
235.38 364.83
266.55 341.14
934.81 594.23
887.43 440.88
999.64 373.56
1015.85 302.49
1020.83 200.26
1020.83 174.08
1000.88 177.82
1013.35 165.35
938.55 226.44
919.85 215.22
893.66 221.46
881.20 217.72
904.88 200.26
884.94 195.27
866.23 195.27
882.44 181.56
861.25 184.05
777.72 296.26
788.94 291.27
766.49 278.81
664.26 297.51
624.36 251.38
614.39 238.91
606.91 262.60
581.98 230.18
528.36 247.64
482.23 297.51
451.07 260.10
75.38 244.21
99.69 234.23
114.65 250.44
135.85 238.60
137.72 241.09
168.88 229.87
182.60 239.85
187.59 239.85
208.78 228.62
107.79 219.27
117.77 216.78
111.53 213.66
89.09 199.33
101.56 188.10
156.42 184.99
150.18 194.96
165.77 194.96
100.31 174.39
107.17 178.75
175.74 191.85
156.42 213.66
242.44 202.44
233.72 200.57
229.35 198.08
219.38 198.08
218.13 200.57
223.12 206.18
228.10 205.56
296.68 199.33
302.29 192.47
324.10 188.73
276.10 183.12
268.62 181.87
266.13 180.62
263.01 171.27
286.70 178.75
292.31 177.51
296.68 175.64
262.81 266.65
255.33 261.04
250.34 269.77
285.25 257.92
331.38 252.31
323.90 249.20
363.79 244.83
389.35 240.47
404.31 243.59
416.16 231.12
432.36 249.20
350.70 246.55
495.64 212.57
466.34 206.34
473.82 207.90
458.86 180.47
455.43 177.04
448.26 171.12
451.38 168.31
456.05 166.75
454.49 154.60
450.75 153.04
465.72 149.92
465.09 157.09
476.31 164.57
468.52 168.31
471.33 152.73
475.38 152.42
481.61 153.66
485.66 150.23
493.46 147.74
497.20 153.66
496.26 163.33
491.90 170.18
503.43 169.87
511.85 166.75
517.77 166.75
514.03 161.77
557.35 167.38
546.75 161.46
545.51 168.94
545.82 163.95
560.16 163.01
567.33 155.22
577.30 159.59
572.62 163.33
604.10 160.83
605.04 152.42
611.27 152.10
613.14 163.33
624.05 159.59
622.18 154.91
616.57 158.03
543.95 176.88
514.03 220.52
525.25 218.65
546.44 214.29
557.04 211.79
586.96 216.16
620.62 207.43
614.39 204.31
600.68 210.55
639.33 201.82
633.09 152.10
631.22 148.99
633.09 161.46
637.14 155.53
641.82 154.91
643.69 148.36
641.20 144.94
654.29 144.00
712.26 143.38
807.95 131.22
806.39 135.59
793.61 136.52
797.04 132.16
793.30 129.04
778.96 125.92
782.39 132.47
778.34 134.96
776.47 130.29
778.65 130.29
772.42 131.22
772.42 138.70
763.07 132.16
748.10 137.77
741.25 138.70
738.13 133.40
737.82 143.38
722.55 143.38
726.91 145.56
705.09 147.74
707.59 146.18
700.73 145.56
695.43 149.30
684.21 147.74
678.29 146.49
681.09 139.95
677.04 133.40
664.26 150.86
806.08 106.29
801.72 106.29
796.73 106.29
781.14 108.47
815.43 132.78
819.48 132.78
823.53 132.78
825.72 127.48
836.62 122.18
838.18 129.66
829.46 132.78
828.83 125.30
821.04 142.75
845.35 141.20
853.77 144.94
860.00 140.57
860.31 147.74
872.47 136.21
890.86 133.40
892.42 138.39
898.34 153.66
906.44 153.04
875.27 176.10
924.21 149.92
928.57 141.51
924.21 134.03
921.40 129.98
912.99 116.57
922.34 110.65
927.33 116.57
922.96 99.74
960.68 90.39
965.35 93.82
936.99 133.40
937.30 128.42
944.16 139.95
943.53 134.65
974.39 131.85
986.86 127.79
984.05 123.12
977.82 123.12
1016.16 134.03
1013.04 137.14
952.26 210.08
914.55 133.40
968.16 126.23
925.14 94.75
922.03 105.04
949.46 98.18
954.13 98.18
962.23 97.56
918.29 100.68
1022.70 143.07
1022.08 151.79
1022.70 166.44
679.64 222.39
658.44 213.66
699.59 204.31
729.51 207.43
749.46 206.18
758.18 210.55
778.75 193.09
770.65 186.23
782.49 207.43
796.83 203.07
813.04 211.79
816.78 223.64
831.12 210.55
779.38 226.13
773.14 254.18
628.60 506.59
250.16 397.00
389.72 355.47
97.33 338.78
155.55 179.96
135.43 187.45
134.58 176.32
91.98 194.51
110.18 195.15
99.26 180.38
899.15 244.38
805.40 274.35
980.92 294.47
767.94 132.65
887.38 141.21
7.37 689.43
73.47 411.80
364.33 415.41
673.21 285.60
639.56 245.94
700.85 224.31
208.08 94.50
9.77 141.68
42.82 67.16
73.47 48.53
83.09 59.35
128.76 79.78
191.26 49.13
190.65 29.90
132.36 30.50
120.34 22.09
32.61 19.09
11.57 12.48
233.92 17.88
269.98 41.92
351.11 29.30
429.83 50.94
454.47 44.93
118.24 7.52
129.36 6.32
196.66 7.52
804.21 751.63
22.69 73.92
83.42 3.90
