264.92 483.35
547.48 693.76
418.22 262.42
273.94 8.42
194.29 8.42
116.13 38.48
167.23 74.55
237.87 112.13
663.20 122.65
783.44 118.14
831.53 68.54
885.64 29.46
962.29 101.61
1010.38 42.99
990.84 575.03
776.08 93.12
132.01 3.80
311.81 4.65
363.61 134.36
437.67 99.69
514.73 34.19
516.44 3.80
603.34 2.94
424.40 54.74
564.38 215.49
111.50 594.00
50.00 503.00
160.00 482.00
80.00 344.00
59.00 295.50
100.00 276.50
77.50 234.50
48.50 208.50
155.50 271.50
127.00 246.00
110.00 230.00
193.00 222.50
169.00 217.50
281.00 169.50
202.00 136.50
193.00 117.00
80.50 131.00
95.00 117.50
85.00 113.00
107.00 103.50
104.50 92.00
78.50 80.00
52.00 135.50
54.50 126.00
60.50 87.50
