213.50 588.50
153.50 391.00
248.50 317.50
258.50 235.50
219.50 178.00
146.00 183.00
152.50 223.50
114.50 280.50
78.50 215.50
86.00 173.50
99.50 202.50
68.50 41.50
74.50 71.50
86.00 86.50
28.22 175.43
29.42 129.57
14.44 107.39
30.92 79.52
24.63 65.44
7.54 33.37
4.55 45.06
49.50 35.47
33.62 28.87
31.82 11.49
66.88 21.68
67.78 42.66
79.77 60.64
70.48 62.74
83.37 81.62
56.69 62.14
63.29 117.88
50.40 142.16
61.79 148.75
78.57 134.07
95.95 129.87
84.87 175.13
122.93 167.33
132.52 144.26
151.10 138.26
131.92 111.29
141.81 89.71
116.93 75.62
108.84 96.00
95.36 80.42
88.46 39.06
82.47 19.58
115.44 29.47
108.54 42.36
132.22 44.76
141.81 54.05
153.50 68.13
163.09 64.54
157.69 41.16
161.29 21.98
184.97 18.38
204.75 16.58
189.16 28.57
206.24 35.47
199.05 54.35
193.66 69.03
175.38 55.25
189.46 90.31
194.26 105.00
169.98 93.01
195.46 132.57
167.58 181.12
198.15 172.73
230.82 180.82
260.49 187.11
258.99 120.88
226.32 128.07
229.62 109.19
231.12 87.01
241.31 67.53
240.11 46.25
217.63 42.06
225.43 27.97
223.63 17.18
226.92 1.90
256.89 28.57
257.79 49.55
286.86 41.76
283.57 20.78
292.56 13.59
295.26 24.98
293.16 51.05
298.85 70.23
298.55 90.31
290.76 123.28
293.16 152.65
115.73 5.50
104.65 5.20
75.57 12.69
42.01 4.90
281.47 8.79
276.97 77.72
270.68 91.51
263.19 108.29
104.95 194.01
52.20 195.80
58.49 167.33
140.73 10.45
258.99 90.16
