112.00 533.00
67.50 497.00
78.50 443.00
95.00 403.50
82.50 348.00
162.50 621.50
172.00 566.00
165.50 500.00
135.50 444.50
135.50 377.00
131.50 326.00
183.50 431.50
261.00 576.00
241.50 489.50
236.00 436.50
199.00 384.50
186.00 325.50
252.00 310.50
279.50 392.00
352.50 354.00
220.00 275.00
123.50 276.00
174.00 274.00
81.00 251.50
76.50 219.00
56.50 195.50
66.00 154.00
82.00 201.00
106.50 219.00
108.00 144.00
118.50 173.50
131.50 190.50
142.00 217.00
191.00 212.00
227.50 212.50
213.00 180.00
237.50 178.50
216.00 137.00
151.00 153.00
170.00 134.50
141.00 137.50
126.00 156.50
107.50 144.00
198.00 98.50
186.00 93.00
58.50 52.00
281.00 461.50
271.00 225.00
184.00 159.00
196.50 171.50
179.50 175.50
179.00 242.00
154.00 182.00
103.50 184.00
90.50 182.00
88.50 163.50
92.50 145.50
71.00 175.50
175.00 69.00
79.00 57.50
231.45 612.00
239.95 501.42
395.50 520.87
376.06 410.28
328.66 350.74
220.51 359.25
255.75 344.66
250.89 296.06
277.63 271.75
150.03 359.25
193.78 343.45
117.22 330.08
107.50 373.83
105.07 217.07
107.50 159.95
146.38 119.85
184.06 118.64
186.49 100.41
169.47 59.09
160.97 59.09
134.23 67.60
428.31 321.57
547.40 506.28
587.50 433.37
611.80 373.83
718.74 393.27
685.93 334.94
665.27 315.50
682.28 296.06
784.36 228.00
847.55 232.87
880.36 251.09
922.89 253.52
933.83 225.57
990.94 390.84
1014.03 429.73
975.14 401.78
672.56 496.56
517.02 262.03
452.61 306.99
436.82 255.95
438.03 236.51
464.76 230.44
506.08 228.00
514.59 170.89
475.70 195.19
441.68 197.63
463.55 173.32
435.60 179.40
384.56 181.83
380.92 210.99
390.64 240.16
384.56 281.47
412.51 288.76
395.50 319.14
338.38 288.76
322.59 266.89
304.36 245.02
267.90 240.16
224.16 231.65
174.33 272.97
145.17 262.03
34.59 297.27
34.59 270.54
10.28 310.64
20.00 336.16
29.73 390.84
111.14 464.97
29.73 520.87
122.08 582.84
858.49 196.41
886.44 151.45
905.88 144.16
856.06 105.27
470.75 153.81
498.29 146.30
528.96 156.94
538.35 140.04
575.27 130.65
599.68 137.53
619.08 157.56
646.62 148.80
655.38 136.91
644.74 129.40
700.45 135.03
701.07 159.44
697.32 196.99
748.01 146.92
793.70 155.06
837.51 153.81
590.92 168.20
589.67 189.48
551.49 170.70
575.27 232.04
589.04 251.44
486.40 115.63
500.17 91.85
517.69 88.09
533.34 93.10
527.08 101.86
537.10 115.63
555.87 116.25
563.38 98.73
578.40 99.98
562.13 80.58
434.45 155.06
448.85 143.79
425.07 137.53
424.44 115.00
430.70 94.35
430.70 71.82
373.75 180.72
339.95 174.46
328.68 190.73
636.14 105.37
655.84 99.17
667.14 95.88
668.96 79.84
675.53 78.01
682.46 61.60
692.30 52.12
704.70 51.03
716.01 48.11
713.82 41.91
720.75 33.89
728.77 30.24
733.88 30.24
743.36 28.78
761.23 32.80
797.33 58.32
807.90 57.23
818.84 60.87
817.39 46.29
802.80 43.37
787.85 69.99
799.15 75.46
803.89 95.52
796.23 100.62
835.25 139.28
876.83 141.83
731.32 115.94
702.15 86.77
719.65 71.82
730.59 59.42
714.91 57.23
698.87 71.45
667.87 62.33
661.67 61.97
656.56 65.98
650.73 58.32
656.20 48.11
687.56 38.63
683.55 48.48
674.43 48.48
670.79 43.74
674.07 36.08
669.69 32.80
672.25 26.23
640.88 53.22
647.45 50.66
640.88 60.87
643.80 75.10
649.64 88.23
628.48 90.41
624.47 78.74
629.21 69.26
618.27 75.10
618.27 64.52
612.07 55.77
599.68 56.13
594.57 57.23
602.96 71.45
593.84 71.82
582.17 77.65
584.72 65.98
588.37 82.03
594.93 83.12
581.08 121.05
607.33 114.85
613.17 104.64
769.98 32.80
772.90 28.78
782.38 26.23
798.79 15.29
715.78 30.01
719.66 27.90
716.31 18.74
728.11 15.57
733.22 12.75
733.04 9.76
730.75 5.35
760.52 25.08
766.33 27.02
754.53 32.30
752.24 22.26
741.85 22.97
711.03 28.60
703.98 29.48
708.21 19.97
701.69 19.80
694.29 25.08
692.00 24.90
687.25 24.02
685.31 30.89
701.52 33.53
698.70 31.42
703.45 39.35
705.21 36.35
763.69 19.27
771.09 15.92
785.88 14.86
792.75 13.63
785.35 7.29
777.78 6.76
779.01 9.76
773.91 6.06
771.44 9.76
770.91 7.29
767.04 10.99
761.93 11.52
757.53 11.69
754.00 11.69
751.54 10.99
748.19 13.45
752.59 6.59
764.57 2.36
790.99 6.06
788.88 5.35
785.71 4.82
781.83 2.53
803.14 9.05
807.02 11.17
810.01 5.35
802.62 2.89
795.22 7.29
797.51 2.36
789.76 21.20
771.09 59.25
759.82 61.01
754.00 66.65
750.83 74.40
760.87 84.26
703.45 67.00
692.00 73.16
706.62 87.43
685.13 104.52
744.49 10.28
752.07 5.35
750.30 2.53
745.90 3.24
718.78 11.52
683.37 5.53
681.26 16.10
679.15 11.52
681.96 10.46
683.73 9.23
692.00 31.95
313.28 175.93
293.18 262.23
483.42 97.48
495.18 71.99
490.28 64.63
491.75 52.37
484.89 48.45
467.24 48.45
461.84 56.79
472.63 58.75
476.55 58.75
458.90 67.08
454.49 59.73
447.62 63.65
445.66 54.34
435.37 62.18
418.69 54.83
419.68 45.51
464.29 31.78
471.65 33.74
494.20 33.74
495.67 44.04
413.79 80.32
336.81 65.12
339.76 90.13
350.54 106.31
330.44 84.24
321.12 78.36
317.20 57.77
327.50 40.61
339.76 44.04
312.30 36.19
312.30 23.45
325.54 121.51
586.87 50.90
582.95 39.63
583.93 25.90
629.53 21.98
634.92 18.05
624.13 20.50
544.70 64.63
525.09 78.85
837.67 70.66
842.76 61.50
865.16 70.66
882.98 67.10
886.54 57.93
723.14 45.72
728.23 42.15
650.34 25.86
669.18 19.25
641.69 29.43
641.69 23.32
633.03 34.01
634.56 44.19
625.91 51.83
654.41 38.59
668.16 109.86
660.01 114.44
1000.57 52.84
1009.73 53.35
1001.08 72.19
1016.35 54.37
1011.26 36.55
1015.33 22.30
997.52 16.19
988.35 18.74
987.34 15.17
971.05 31.97
982.24 26.88
1022.46 32.99
1000.06 31.46
1003.63 25.86
1018.90 117.49
1021.95 64.04
198.64 155.09
767.35 230.44
108.71 138.08
140.14 100.54
164.76 110.82
144.00 63.73
338.78 56.77
603.13 89.95
673.01 60.63
676.12 60.63
679.86 69.83
655.14 59.88
666.59 48.53
650.32 45.75
682.00 30.87
721.71 50.78
689.92 45.75
695.92 46.28
698.70 57.09
473.84 72.72
481.55 75.72
458.65 78.28
413.48 95.62
404.92 218.70
411.77 65.87
627.42 59.13
768.53 7.19
764.52 29.51
789.35 9.74
744.40 13.48
778.43 4.49
782.71 5.78
734.66 10.48
740.44 30.18
738.51 28.14
774.69 1.17
793.74 54.58
769.76 46.55
861.48 62.34
1009.17 14.66
976.42 25.95
792.99 216.56
1019.88 499.74
4.87 211.42
