126.85 700.52
72.77 671.13
13.99 733.43
233.83 724.03
259.69 684.06
157.42 631.16
184.46 539.46
119.80 488.91
77.48 453.64
37.51 468.92
5.76 490.08
2.24 401.91
37.51 369.00
93.93 401.91
122.15 374.88
162.12 421.90
229.13 495.96
287.91 550.04
296.14 459.52
399.59 740.49
483.06 728.73
439.56 691.11
418.40 622.93
399.59 554.74
390.19 486.56
334.93 418.37
403.12 418.37
345.51 374.88
297.31 363.12
244.41 358.42
206.79 358.42
219.72 305.52
144.49 305.52
113.92 277.30
31.63 272.60
10.47 336.08
21.05 209.12
50.44 217.35
119.80 226.75
235.01 271.42
210.32 242.03
273.80 272.60
336.11 289.06
380.78 323.15
471.30 410.14
488.94 300.81
431.33 285.53
511.27 477.15
535.96 628.81
599.44 601.77
658.22 667.60
693.49 640.56
604.14 530.05
595.92 432.48
518.33 416.02
541.84 292.58
600.62 320.80
577.11 304.34
640.59 346.66
655.87 448.94
802.82 628.81
764.03 584.13
852.20 685.23
997.97 740.49
967.40 658.19
960.35 580.61
1007.37 546.51
997.97 479.50
927.43 520.65
878.06 493.61
805.17 530.05
833.39 508.89
787.54 443.06
815.75 426.60
718.18 473.63
706.42 424.25
669.98 397.21
668.80 363.12
708.77 306.69
738.16 296.11
748.74 374.88
788.71 354.89
812.23 309.04
842.79 309.04
855.72 269.07
876.88 341.96
909.80 356.07
885.11 412.49
980.34 430.13
1003.85 371.35
950.95 399.56
965.05 347.84
968.58 267.90
977.98 226.75
1013.25 243.21
920.38 254.96
920.38 287.88
842.79 209.12
866.30 206.77
880.41 182.08
907.45 160.92
772.25 213.82
691.14 267.90
649.99 251.44
605.32 244.38
538.31 226.75
450.14 226.75
367.85 238.51
405.47 203.24
448.97 197.36
407.82 179.73
345.51 179.73
374.90 159.74
336.11 244.38
292.61 234.98
239.71 204.41
266.75 167.97
235.01 140.93
217.37 170.32
169.17 159.74
146.84 195.01
128.03 165.62
82.18 185.60
66.90 156.21
21.05 143.28
49.26 105.66
91.58 135.05
143.31 129.18
143.31 102.14
213.85 102.14
260.87 83.33
138.61 75.10
68.07 93.91
84.53 69.22
25.75 77.45
1.06 70.40
18.70 45.71
13.99 3.39
39.86 3.39
68.07 37.48
97.46 48.06
100.99 8.09
122.15 12.79
177.40 48.06
189.16 37.48
160.94 9.26
190.33 12.79
231.48 36.30
247.94 56.29
279.68 60.99
278.50 15.14
253.82 9.26
302.02 16.32
324.35 72.75
305.54 57.46
313.77 102.14
283.21 119.77
314.95 138.58
350.21 105.66
379.60 126.82
394.89 93.91
394.89 50.41
351.39 58.64
350.21 23.37
357.27 8.09
119.80 756.95
601.79 203.24
560.65 223.22
565.35 184.43
517.15 184.43
504.22 152.69
492.46 118.60
450.14 124.47
439.56 79.80
458.37 85.68
480.71 69.22
430.16 42.18
460.72 44.53
413.70 6.91
390.19 24.55
338.46 36.30
323.18 28.07
324.35 48.06
454.84 16.32
424.28 3.39
473.65 6.91
493.64 15.14
504.22 36.30
525.38 23.37
507.75 4.56
527.73 53.94
550.07 53.94
540.66 93.91
525.38 93.91
532.43 122.12
577.11 128.00
598.27 111.54
565.35 102.14
595.92 52.76
602.97 19.84
614.72 15.14
581.81 15.14
558.30 12.79
639.41 17.49
647.64 32.78
620.60 69.22
625.31 110.37
666.45 132.70
689.96 182.08
649.99 197.36
607.67 155.04
736.99 231.45
813.40 271.42
804.00 163.27
781.66 163.27
776.96 128.00
799.29 126.82
739.34 126.82
706.42 140.93
686.44 97.43
708.77 88.03
744.04 90.38
772.25 52.76
768.73 23.37
735.81 48.06
693.49 48.06
661.75 93.91
681.73 4.56
704.07 25.72
725.23 17.49
835.74 19.84
835.74 50.41
829.86 70.40
852.20 115.07
936.84 113.89
888.64 73.92
887.46 48.06
907.45 69.22
859.25 42.18
879.23 17.49
839.26 3.39
973.28 33.95
995.62 28.07
1002.67 85.68
989.74 118.60
966.23 104.49
945.07 78.62
945.07 64.52
953.30 152.69
987.39 193.83
1002.67 167.97
1021.48 66.87
792.24 42.18
859.25 155.04
918.03 472.45
965.05 6.91
938.01 206.13
113.50 536.00
59.50 422.00
187.00 435.00
67.00 227.00
59.00 153.50
122.50 147.00
170.00 183.00
200.50 194.00
194.00 129.00
44.50 99.50
52.00 83.00
89.50 27.00
151.00 55.50
61.00 63.00
52.00 52.50
71.50 22.50
100.00 39.50
