342.50 468.00
178.50 435.50
108.50 480.00
81.00 386.00
178.50 352.00
91.50 244.50
65.50 208.50
125.50 183.00
215.50 227.00
247.50 132.50
232.00 119.50
213.50 113.00
206.50 72.50
60.50 156.00
61.50 124.50
41.50 106.50
63.50 105.00
57.50 79.00
53.00 64.50
43.50 50.00
54.00 47.50
76.50 45.00
61.00 25.50
60.50 19.00
54.25 554.59
55.69 524.38
4.99 500.29
28.01 473.69
42.39 469.37
68.99 473.69
92.72 477.28
20.81 434.14
41.67 438.45
3.56 433.42
14.34 468.65
4.99 470.09
108.54 483.75
108.54 452.11
147.38 488.79
156.72 474.41
138.75 463.62
84.10 464.34
67.56 408.97
50.30 416.88
36.63 393.87
22.25 383.80
10.03 401.78
6.43 349.28
86.97 654.90
156.72 646.99
285.44 631.17
273.22 561.42
264.59 539.13
197.71 467.22
186.21 465.78
199.15 450.68
227.92 458.59
269.62 462.18
260.99 465.06
254.52 439.89
241.58 434.14
309.89 542.00
336.50 589.46
318.52 595.93
388.28 637.64
376.05 607.44
194.84 424.07
214.97 426.23
218.57 411.84
231.51 416.16
197.71 398.90
179.02 412.56
140.19 445.64
130.84 438.45
132.99 419.75
107.11 379.49
94.16 391.71
77.62 398.90
78.34 370.86
74.75 388.83
50.30 367.98
31.60 378.77
35.92 370.86
51.74 347.13
31.60 352.16
119.33 380.92
143.06 377.33
143.06 365.82
117.17 364.38
144.50 356.47
165.35 378.77
161.76 390.99
158.70 427.49
136.05 394.77
177.40 376.43
179.20 363.84
203.65 387.22
198.97 369.96
203.65 359.17
254.70 423.17
240.68 387.93
236.01 356.29
222.70 363.49
218.03 357.37
235.65 371.40
243.92 371.40
252.90 396.92
265.49 392.97
284.19 404.11
241.76 342.99
278.79 368.16
279.51 378.95
282.39 354.86
291.74 348.02
202.39 287.08
11.47 229.19
52.46 239.26
49.58 324.83
8.59 333.46
68.28 301.82
161.22 403.75
221.62 323.93
289.94 324.65
298.57 335.80
310.79 323.93
325.17 333.28
320.14 323.22
362.21 314.59
353.58 327.17
361.13 322.86
337.04 336.16
305.76 352.34
303.96 376.07
310.07 362.41
311.51 374.99
307.92 396.56
311.15 386.50
345.31 382.54
347.11 373.19
335.60 353.42
349.26 358.09
315.11 356.29
369.76 373.91
353.94 368.88
381.62 343.35
373.35 339.40
383.42 327.17
347.11 336.52
390.97 335.80
399.96 322.86
405.35 335.80
411.47 340.83
412.19 363.13
384.50 370.32
391.69 398.36
363.29 416.34
332.72 411.31
320.86 399.08
303.96 453.73
347.11 445.46
364.01 441.51
322.66 415.62
343.15 408.07
395.65 390.81
404.63 381.10
399.96 388.29
422.25 378.59
449.58 353.42
436.99 352.34
471.15 378.95
456.05 369.60
445.26 376.43
429.08 365.28
443.47 391.53
432.32 392.97
411.11 405.91
413.62 394.05
438.07 413.10
422.25 421.01
413.26 433.96
454.61 416.70
461.80 437.55
399.60 462.72
491.29 453.01
508.19 426.41
497.76 404.11
477.62 366.00
470.07 349.10
456.05 326.81
449.58 318.90
414.34 351.98
479.78 335.44
474.75 325.01
494.52 331.49
499.20 325.01
489.85 364.56
485.17 354.14
478.70 354.14
499.56 353.06
511.78 354.50
521.85 360.25
513.22 380.38
507.83 370.32
524.37 410.95
549.89 318.54
545.22 330.77
567.42 332.83
530.39 348.83
530.03 338.23
550.88 355.49
562.93 340.92
542.25 346.68
543.51 379.93
595.20 330.05
609.94 323.22
584.05 342.63
583.69 352.34
566.07 369.60
575.78 379.31
593.04 381.82
609.22 381.82
614.61 368.52
624.68 346.23
613.89 332.56
579.74 408.07
568.59 405.19
547.38 401.24
612.81 405.19
563.56 419.22
561.76 404.11
628.81 333.46
645.35 340.65
639.24 337.42
679.15 332.38
634.57 416.16
653.98 417.24
655.42 406.09
654.34 395.31
663.33 387.04
656.14 377.69
625.22 377.69
628.10 366.90
664.05 335.62
666.93 433.42
684.54 430.54
645.35 438.81
614.43 440.25
606.16 435.22
586.39 433.78
586.75 442.77
546.48 426.95
645.71 374.45
714.03 334.90
690.66 350.00
680.59 397.82
687.78 410.41
694.25 397.10
713.67 354.32
746.03 396.74
720.14 414.72
730.93 419.40
746.39 422.27
738.48 443.49
761.85 411.13
776.95 419.75
787.74 434.50
776.23 392.07
785.58 382.72
770.12 360.43
779.47 353.60
746.75 337.42
752.50 328.07
715.83 343.53
703.24 342.45
702.88 367.62
724.46 358.63
782.70 342.81
757.17 355.04
804.10 330.77
802.30 338.32
801.58 380.74
818.12 414.18
825.67 373.19
819.92 361.69
828.19 349.82
826.03 333.64
857.67 343.35
848.68 333.28
849.76 394.41
840.41 413.46
802.30 446.54
806.61 458.05
837.17 449.06
843.29 433.60
856.23 432.88
866.66 426.41
881.04 435.40
880.68 412.02
878.52 388.65
865.58 370.68
858.75 358.09
869.89 358.09
848.32 369.96
915.92 363.49
896.86 360.97
915.56 339.75
896.14 333.64
887.87 356.65
941.80 369.96
932.10 366.72
934.61 353.06
931.38 340.83
939.65 333.64
947.92 318.54
952.59 353.06
946.48 340.83
931.74 381.46
895.06 398.36
896.14 430.36
888.59 421.73
905.49 444.38
925.98 437.91
934.25 417.42
949.71 416.70
943.24 395.84
957.26 393.33
981.35 409.87
981.71 388.65
974.52 376.43
993.22 363.49
996.81 346.23
1015.51 346.23
983.15 345.87
1011.92 432.52
960.50 422.81
951.87 449.78
991.78 437.55
1020.90 375.71
975.96 336.88
371.02 538.33
392.59 531.13
448.68 519.63
442.21 495.90
488.23 509.56
546.48 485.83
511.96 620.30
519.87 605.92
505.49 651.94
452.99 662.73
337.94 664.17
624.14 541.20
593.94 529.70
670.88 541.20
576.68 670.64
542.16 610.24
682.39 519.63
748.01 603.22
763.83 551.45
783.96 542.10
783.60 480.26
719.24 484.57
701.26 524.12
806.07 594.42
828.37 553.43
872.23 553.43
891.65 605.20
926.16 575.00
905.31 553.43
917.53 534.73
877.98 467.13
860.01 462.82
770.84 462.10
766.52 441.97
1018.93 598.01
1016.77 519.63
982.25 527.54
945.58 587.94
532.10 452.83
529.94 439.89
455.87 382.36
450.84 394.59
624.86 374.45
1011.74 327.71
707.71 393.70
