413.66 530.65
2.23 549.35
610.65 479.53
962.23 499.48
584.47 427.17
580.73 347.38
510.91 292.52
336.36 164.10
130.65 186.55
70.81 117.98
82.03 76.83
131.90 59.38
180.52 53.14
552.05 85.56
808.05 77.14
806.18 17.30
788.73 0.47
827.38 6.08
849.82 2.34
838.60 29.77
955.17 17.30
508.42 20.73
297.92 88.99
287.33 82.75
238.70 69.66
222.49 51.59
210.03 54.08
138.96 29.77
77.25 17.92
43.59 12.31
132.10 0.47
154.55 11.07
199.43 6.70
207.53 -0.15
207.53 0.47
256.78 13.56
481.47 644.50
227.00 424.50
205.00 178.50
254.50 141.50
261.50 60.50
257.50 17.00
201.50 80.00
209.50 67.50
110.00 119.00
110.00 145.50
