125.63 609.27
117.45 562.21
117.45 531.52
77.55 547.89
39.70 549.94
44.82 603.13
2.88 590.85
3.90 654.28
59.14 524.36
90.85 491.63
124.61 507.99
105.18 493.67
69.63 465.28
99.80 471.42
50.70 471.42
128.96 468.35
129.47 483.19
125.89 453.01
142.77 438.18
120.78 428.97
93.67 446.36
114.64 403.91
120.78 387.03
96.22 398.79
159.14 490.35
159.14 463.24
149.93 459.66
166.81 456.08
194.43 458.12
183.69 443.29
177.55 417.20
155.05 386.00
169.88 382.93
150.95 377.31
133.56 361.45
107.48 360.94
208.75 386.00
196.99 396.75
190.34 373.73
200.06 361.96
170.90 356.34
161.69 350.71
171.41 340.48
170.39 343.04
209.77 349.18
227.68 354.80
237.91 359.41
226.14 366.57
236.37 380.89
228.70 388.05
242.00 393.68
242.51 382.42
250.18 373.73
255.81 412.09
255.81 425.39
244.04 436.64
215.40 418.74
210.80 404.93
213.87 431.01
216.42 451.47
227.17 460.68
201.59 481.14
215.91 511.83
244.04 481.14
265.02 502.62
237.91 554.79
310.03 503.13
313.61 483.70
300.31 463.75
287.52 457.10
280.87 461.70
265.53 450.45
274.73 436.13
272.69 408.00
283.94 408.00
275.25 386.00
281.89 367.08
276.78 358.38
267.06 352.25
254.27 353.78
243.53 348.67
318.21 436.13
318.72 423.85
303.38 412.09
315.65 395.72
323.84 393.16
342.25 393.16
344.30 409.53
347.88 422.83
336.62 373.73
327.42 360.94
326.39 347.13
311.05 356.34
303.38 372.71
296.22 390.10
368.85 482.16
342.76 465.28
387.26 481.14
414.88 478.58
435.34 478.58
486.49 492.39
479.33 478.58
489.05 452.50
473.19 438.69
474.21 425.39
479.33 416.69
496.21 415.16
509.51 431.01
503.37 404.42
500.81 388.56
503.37 377.31
493.14 354.29
475.24 361.96
476.77 379.35
469.10 400.33
450.69 373.73
441.99 353.78
414.37 359.41
409.26 345.08
389.31 368.10
363.22 357.36
350.95 368.10
372.94 405.95
388.28 383.45
402.09 393.68
409.26 413.11
387.26 413.11
366.80 429.99
372.43 450.96
407.21 444.31
328.44 452.50
479.84 660.67
240.98 624.36
388.80 672.95
978.03 612.99
959.62 572.58
882.89 675.39
767.81 634.47
675.74 669.25
755.53 582.30
747.86 515.80
701.32 507.11
701.32 484.09
629.20 510.69
601.06 516.83
609.25 487.67
602.60 461.08
585.21 460.05
599.02 449.82
595.44 434.99
589.30 413.51
576.51 417.60
558.10 401.23
553.49 420.67
539.17 403.28
534.57 397.14
526.39 390.49
516.67 445.73
514.62 433.46
546.33 469.77
551.45 522.45
512.58 485.63
516.67 540.36
910.00 399.19
925.86 404.30
932.51 381.28
932.51 355.20
901.82 386.91
899.26 368.50
897.73 353.15
871.64 389.98
872.15 407.88
885.45 413.51
903.35 432.94
874.71 441.13
864.48 460.56
860.90 492.28
828.68 471.31
899.77 489.72
910.00 464.14
933.02 486.14
953.48 506.60
925.35 534.22
821.51 526.03
779.57 536.78
788.78 459.03
808.22 450.85
826.12 442.15
843.00 428.34
846.07 406.86
838.39 394.07
821.51 415.55
811.29 383.33
811.80 350.59
784.18 411.97
775.99 395.60
764.23 424.76
764.23 451.36
748.88 420.67
727.91 453.91
720.75 411.46
717.17 421.69
727.40 401.23
713.59 435.50
697.73 447.78
681.88 433.97
680.86 407.88
700.80 399.19
688.53 381.28
695.18 367.47
722.29 383.84
720.75 370.54
727.40 354.17
739.17 358.78
651.19 374.63
628.17 384.86
615.90 382.82
601.06 388.96
605.16 408.39
621.01 399.19
628.68 415.04
651.19 406.86
661.93 418.62
665.00 353.15
644.03 369.01
529.45 343.94
522.81 343.43
770.88 352.64
785.20 347.01
793.89 357.75
827.65 349.57
858.85 349.57
968.82 349.06
972.40 368.50
996.96 369.52
1013.32 368.50
973.94 402.77
970.36 429.87
947.34 420.67
948.36 409.93
1018.95 434.99
999.00 436.52
1018.44 411.46
952.46 458.01
949.39 474.37
651.44 467.33
654.00 395.21
655.54 362.48
692.88 345.08
687.25 334.34
680.60 328.72
702.59 340.99
716.40 333.83
739.93 309.79
758.86 340.99
728.42 339.84
736.35 344.96
787.76 332.17
781.87 296.37
735.84 288.69
715.13 279.23
797.47 268.49
793.89 275.91
762.44 273.86
815.38 292.27
848.37 283.07
865.50 287.67
860.39 318.62
856.30 327.82
847.34 336.77
838.65 329.10
867.29 336.01
818.19 327.82
820.49 317.08
800.03 318.87
804.64 343.17
786.22 326.03
888.52 324.88
869.59 323.86
883.92 315.16
891.59 317.21
904.38 308.00
926.88 294.19
908.98 323.86
946.83 335.11
951.43 288.57
982.12 284.47
974.96 299.31
972.92 322.32
970.87 336.65
991.33 331.53
992.35 266.57
984.68 270.15
973.94 255.83
960.64 265.55
955.01 249.69
927.39 270.15
878.80 220.03
870.62 220.54
855.27 231.28
899.26 238.44
907.44 238.44
901.82 232.30
889.03 239.46
983.66 214.40
806.68 241.51
828.16 246.62
822.03 237.93
841.97 231.28
847.09 232.81
852.20 236.39
879.06 244.71
862.95 237.03
801.57 227.57
801.82 233.20
798.24 233.96
796.96 236.52
793.13 233.96
806.17 228.85
811.03 230.64
786.48 229.36
781.87 233.96
778.04 233.96
775.23 238.57
775.74 234.22
769.09 233.96
761.67 234.22
759.37 230.64
752.98 240.61
739.93 230.38
735.84 232.43
730.21 230.64
684.69 233.45
676.00 232.43
667.30 248.29
654.00 242.15
631.50 245.98
623.06 229.62
607.71 232.43
600.30 230.64
596.20 233.71
590.32 231.66
579.32 230.64
555.54 227.31
403.37 233.84
394.68 275.27
382.40 289.59
415.65 289.59
412.58 269.13
432.53 227.70
441.22 234.35
471.91 227.19
462.19 228.72
487.26 241.51
460.66 280.89
492.88 271.17
170.00 519.50
248.50 246.00
170.50 235.00
143.50 142.00
107.50 136.00
68.00 121.00
223.00 561.50
167.00 519.50
248.50 250.00
171.50 237.00
146.50 143.50
104.00 133.50
66.50 121.00
222.50 566.00
