82.50 187.00
130.00 107.00
82.00 97.00
98.00 31.50
72.00 42.50
76.00 75.50
112.50 58.50
102.00 46.50
405.59 311.50
289.33 190.84
29.51 110.69
7.50 182.91
94.69 135.35
85.00 73.70
227.68 78.10
322.80 155.61
387.97 78.10
616.96 74.58
666.29 153.84
771.09 86.03
820.41 86.03
855.64 75.46
895.28 92.19
1008.89 73.70
26.43 36.60
3.31 19.42
162.73 42.10
150.40 26.25
333.66 60.27
462.69 58.95
217.99 625.92
399.86 32.41
463.94 23.39
577.11 54.87
698.21 52.01
821.51 32.85
968.96 10.12
404.71 10.29
858.29 7.64
