44.53 97.03
59.86 352.10
41.74 297.74
22.23 267.08
169.97 278.23
200.64 283.80
277.30 303.31
236.88 175.08
220.15 177.87
260.57 176.48
348.38 184.84
366.50 187.63
461.28 87.27
543.52 91.45
568.61 175.08
468.25 678.25
537.94 640.62
678.72 667.10
772.11 732.61
1007.66 566.75
968.64 481.72
889.19 452.45
971.42 179.26
96.39 32.74
101.96 22.98
146.57 36.57
168.87 53.65
174.44 34.83
248.67 25.77
264.69 27.51
630.52 185.88
640.27 115.50
683.48 124.56
689.06 148.95
772.69 144.07
757.35 139.19
762.23 105.04
753.17 102.95
774.78 107.83
794.29 116.89
806.84 88.32
859.80 99.47
813.11 160.80
836.80 173.34
869.56 130.13
912.07 82.74
948.31 63.92
969.22 73.68
990.82 68.80
992.91 55.56
1001.27 95.98
1000.58 147.55
888.37 88.32
683.14 25.15
700.68 34.42
712.27 54.61
718.23 22.83
716.57 4.63
636.79 32.10
659.30 20.85
637.12 20.85
650.03 2.31
131.50 542.00
124.00 432.50
216.50 386.50
142.00 287.50
82.00 223.50
74.00 173.50
128.00 167.50
167.50 193.50
223.00 187.00
152.00 126.00
106.00 81.00
86.50 68.50
57.50 76.50
72.50 81.00
83.00 28.50
