151.00 537.50
243.50 454.00
71.50 397.00
144.00 248.50
80.50 197.00
80.00 157.00
134.50 154.00
230.50 209.50
204.50 180.50
198.00 131.50
192.50 104.50
176.50 73.00
57.50 71.50
76.50 48.00
20.43 612.07
197.78 685.35
10.17 401.01
5.78 270.57
74.66 357.04
111.30 332.13
108.37 305.74
171.39 263.24
171.39 220.74
222.69 154.78
228.55 283.76
219.76 231.00
194.84 251.52
218.29 354.11
246.14 342.39
313.56 274.97
339.94 352.65
363.39 339.45
419.09 362.90
543.67 595.94
517.29 373.16
487.97 342.39
468.92 280.83
454.26 220.74
389.78 210.48
209.87 103.12
195.21 105.32
160.03 113.38
146.11 108.98
178.36 151.49
205.47 123.64
214.26 145.62
241.38 128.77
249.44 105.32
242.11 95.79
273.62 100.19
272.89 59.15
278.02 67.94
294.14 67.21
290.48 100.19
298.54 97.99
318.32 113.38
341.04 108.98
317.59 158.08
286.08 154.42
291.21 145.62
302.20 195.45
359.36 173.47
449.50 162.48
498.60 209.38
509.59 188.13
507.39 250.42
554.29 154.42
526.45 150.75
507.39 145.62
499.33 98.72
511.79 110.45
524.98 105.32
539.64 141.96
557.96 137.56
571.88 147.09
583.61 141.96
577.01 113.38
583.61 103.85
566.02 131.70
571.88 231.36
595.33 372.80
645.90 344.22
667.88 356.68
648.10 429.96
709.65 495.91
755.82 391.85
755.82 469.53
799.06 518.63
791.00 563.33
902.39 608.77
803.70 320.03
793.44 298.78
784.65 280.46
756.80 238.69
630.75 121.44
610.97 101.65
671.79 136.83
662.26 142.69
642.48 158.81
625.62 161.74
652.00 155.15
668.86 164.68
701.10 138.29
688.65 168.34
783.18 129.50
778.78 144.89
757.53 150.75
756.07 164.68
762.66 181.53
755.33 191.06
822.75 153.68
818.36 143.42
802.23 188.86
824.95 180.07
806.63 175.67
804.43 232.10
799.30 218.17
819.82 205.71
833.74 202.78
852.07 173.47
874.78 158.08
896.03 148.55
913.62 161.74
883.58 183.73
883.58 166.14
899.70 197.65
904.83 226.23
903.36 259.94
864.52 283.39
922.42 326.63
852.07 412.37
939.27 195.45
945.87 222.57
953.93 252.61
931.94 267.27
995.70 334.69
972.25 388.92
979.58 232.83
971.52 213.04
969.32 182.26
952.46 158.08
988.37 119.24
1014.75 100.92
1008.16 155.88
1015.49 186.66
1011.09 207.18
1005.96 245.29
1021.35 251.88
996.55 617.93
830.94 222.20
