430.25 438.32
436.41 317.66
374.76 300.05
89.40 235.75
81.48 110.69
68.27 123.90
26.87 92.19
182.76 77.22
230.32 221.66
278.76 200.52
385.33 246.32
461.96 216.38
512.16 172.34
531.53 138.87
727.06 145.04
85.00 493.81
480.45 160.89
395.90 83.39
320.16 161.77
368.60 86.03
301.66 96.60
275.24 87.79
222.40 86.03
124.63 285.07
120.23 50.25
172.19 28.67
230.32 33.96
51.50 11.88
342.69 66.76
313.40 17.44
296.89 25.59
266.73 78.21
189.06 7.45
221.48 10.53
376.51 4.57
440.78 36.13
425.20 12.07
464.62 49.97
475.73 13.75
473.20 85.92
412.21 5.26
730.76 70.73
656.34 70.51
623.97 106.84
644.23 96.71
613.62 69.84
603.94 35.50
555.72 47.39
690.25 37.48
534.47 15.96
566.75 3.91
586.90 3.23
629.20 3.34
649.35 7.33
688.27 5.36
765.03 20.25
795.74 34.01
822.99 9.82
908.86 10.53
917.29 21.32
768.60 152.74
139.00 590.50
173.00 505.00
181.00 437.00
186.50 370.00
233.00 269.50
162.50 211.50
156.50 161.50
179.00 146.50
236.00 172.50
218.50 151.00
236.50 143.50
197.00 113.50
193.00 127.50
236.00 113.50
245.00 93.00
242.00 76.50
220.00 71.50
263.50 358.00
263.00 356.50
256.00 365.00
256.00 365.00
256.00 365.00
