3.89 582.10
8.77 550.04
3.89 523.56
61.04 500.56
143.97 505.44
94.49 481.05
111.92 462.93
95.89 452.48
70.80 456.66
74.98 441.32
56.16 435.75
45.71 467.11
42.92 443.42
11.56 444.81
25.03 476.17
20.85 465.37
26.43 448.64
22.60 436.45
4.13 432.96
47.68 425.64
58.49 425.64
66.50 434.70
78.70 418.33
101.00 433.66
115.98 425.64
125.39 434.70
135.50 421.81
139.68 434.70
154.31 424.60
147.69 450.73
192.64 448.64
171.39 455.61
166.16 442.72
165.11 430.52
172.43 416.93
180.10 425.99
181.14 414.49
195.43 429.13
201.70 418.68
207.97 430.52
215.99 428.08
232.02 431.92
208.32 448.99
240.73 415.89
241.08 427.04
247.70 418.68
233.88 580.71
210.88 511.71
274.30 462.93
285.45 510.32
322.38 451.08
300.08 442.72
304.26 422.51
288.24 414.84
288.93 406.48
263.84 427.73
262.80 411.71
276.04 417.63
399.28 497.08
445.27 483.14
402.07 444.11
353.28 451.08
340.74 427.39
462.00 441.32
478.73 473.38
505.21 465.02
492.66 438.54
503.81 649.01
560.96 576.53
583.26 505.44
555.39 477.56
601.38 460.84
583.26 434.36
541.45 427.39
622.29 431.57
298.92 413.45
306.94 412.75
306.24 409.27
323.31 414.15
322.97 406.83
332.72 421.46
333.77 428.08
352.93 411.71
345.62 401.95
338.65 400.56
331.33 404.74
368.96 414.15
371.40 402.99
361.30 399.86
383.95 404.74
386.04 397.07
401.72 411.71
410.43 428.78
415.66 401.95
428.90 397.07
408.69 396.72
428.90 417.28
449.80 414.84
449.46 402.99
465.14 399.51
477.33 411.71
481.86 401.60
475.59 398.12
468.27 392.19
483.60 396.72
489.53 417.28
506.95 437.67
507.13 428.95
519.32 430.70
514.27 418.50
513.05 408.92
516.53 412.40
518.80 405.43
501.72 399.86
490.57 398.29
490.22 393.76
481.34 391.50
494.93 392.02
508.69 396.20
513.40 399.34
508.69 403.87
515.66 392.37
523.15 390.28
530.65 393.93
521.93 398.64
528.38 406.30
529.25 396.72
529.60 399.34
538.31 399.51
547.89 393.24
569.85 400.21
561.66 402.65
561.66 397.42
564.10 390.10
558.52 389.40
571.76 392.71
686.41 502.65
715.68 470.60
650.17 417.63
671.07 407.87
797.91 531.92
765.85 463.63
866.21 561.19
921.96 431.57
1001.41 515.20
598.25 400.90
586.75 393.93
582.22 388.71
589.01 382.61
593.89 388.71
595.98 385.05
601.03 389.58
607.13 391.15
611.66 396.55
615.84 404.91
623.34 400.03
616.37 393.24
617.24 383.66
624.90 382.44
630.13 386.09
625.77 390.80
635.88 388.19
632.57 394.28
649.64 393.06
643.37 389.06
640.24 383.66
638.15 386.44
668.64 369.02
679.26 376.34
687.10 381.91
692.68 414.67
715.50 403.34
696.69 391.32
699.82 383.48
692.33 383.83
693.38 378.60
697.91 376.86
703.66 376.34
712.54 378.78
718.29 378.43
716.03 381.56
724.21 386.27
723.17 389.93
715.50 390.10
728.05 393.59
739.20 408.92
741.99 389.06
753.31 391.15
730.83 384.70
727.87 378.78
724.04 379.65
734.84 373.20
738.33 371.98
730.66 371.28
733.97 367.10
736.93 378.78
743.55 376.34
752.79 381.04
750.35 375.64
756.27 372.68
757.67 381.04
750.87 404.04
765.68 401.25
769.69 384.35
770.38 378.95
765.68 378.25
767.60 375.47
763.59 375.81
769.17 374.07
767.07 372.16
772.48 373.38
776.48 375.12
782.75 371.98
785.54 376.34
789.72 373.90
796.87 375.47
796.00 372.68
796.00 370.24
799.31 369.72
794.08 379.13
788.16 381.22
784.67 392.37
791.47 409.79
779.62 416.06
815.68 401.25
815.51 418.33
828.58 399.34
844.61 404.21
842.69 392.02
830.32 388.36
816.38 386.79
816.03 381.04
810.63 380.17
811.50 373.90
806.80 373.38
803.49 376.16
803.84 372.68
803.66 382.26
808.02 383.83
814.99 370.76
816.03 368.50
812.20 367.97
819.52 369.72
822.13 370.94
822.48 377.03
825.62 369.02
831.02 374.42
833.63 369.72
829.45 369.72
837.99 367.28
839.38 372.33
836.94 375.12
842.52 375.12
850.01 369.72
863.95 370.94
863.25 366.06
867.95 362.92
869.35 367.80
871.09 374.60
867.60 384.35
858.89 377.03
853.67 377.03
895.71 402.30
947.28 401.60
963.31 396.03
1001.64 414.15
994.68 382.78
1012.10 382.09
880.67 372.68
883.98 369.54
886.77 365.71
878.41 365.71
877.01 375.81
890.08 377.03
899.14 375.47
900.53 368.67
892.52 367.45
893.22 364.49
908.20 369.54
916.04 365.19
911.16 365.01
922.49 360.83
925.80 362.57
924.23 366.23
927.71 366.75
929.11 372.16
920.05 372.50
915.17 370.24
913.95 374.94
917.61 380.69
926.67 392.54
951.41 384.00
952.63 374.94
943.05 373.38
939.56 369.37
939.56 366.23
933.46 365.01
939.39 380.34
955.07 362.05
948.27 366.75
948.62 361.35
935.21 361.35
975.10 375.47
979.63 366.93
964.65 374.25
1019.94 363.62
1012.62 368.67
1010.01 364.49
1013.32 361.18
1007.92 359.61
1001.64 362.40
1001.30 366.93
997.99 370.59
988.75 371.81
986.83 357.35
976.03 360.83
973.42 366.06
958.61 363.97
961.92 363.97
965.58 364.14
640.15 449.97
164.34 375.27
182.11 273.72
65.32 236.90
57.70 163.28
55.17 104.88
78.01 93.46
206.23 102.35
241.77 103.61
330.63 139.16
291.28 206.44
361.10 301.64
386.48 281.33
490.58 325.76
145.29 200.09
88.17 4.60
17.08 3.33
128.79 7.14
608.63 410.81
481.69 235.63
692.41 288.95
595.94 313.07
821.90 349.88
801.58 339.73
894.25 283.87
554.05 47.92
561.66 45.38
602.29 76.80
488.67 72.67
505.49 65.06
500.10 83.78
523.58 93.94
558.49 91.40
572.77 99.33
575.63 115.20
561.66 146.30
533.42 161.21
533.74 135.51
594.67 121.23
602.29 131.38
621.96 111.71
629.58 98.70
617.52 73.31
665.12 120.59
647.35 164.71
606.09 172.32
712.73 169.47
682.89 141.54
698.13 144.71
696.86 111.71
673.69 107.58
672.10 47.60
651.16 52.68
700.67 52.36
647.03 35.22
661.63 36.18
680.36 34.91
687.02 36.18
694.00 49.51
548.02 64.74
480.10 2.85
493.43 11.42
494.38 3.17
502.00 4.12
625.77 239.13
635.29 223.89
727.96 239.76
703.84 218.81
611.17 185.18
719.07 40.46
802.22 161.06
738.75 196.60
760.96 171.21
773.66 158.52
742.56 107.74
753.03 106.47
762.87 116.94
765.72 121.07
770.80 103.61
783.81 102.35
837.13 74.74
845.38 77.91
866.01 71.88
772.39 42.37
815.23 67.12
824.43 59.82
792.70 61.72
806.35 70.93
775.88 54.11
754.62 64.26
727.96 59.82
733.04 64.90
644.18 385.43
925.35 120.43
941.06 135.83
953.28 147.41
933.45 149.31
932.02 162.96
884.41 92.51
911.71 72.83
916.47 80.13
944.71 65.53
958.99 75.37
952.96 107.11
1019.61 92.19
997.29 218.81
154.60 17.77
164.44 8.25
198.08 6.98
190.15 13.64
253.94 30.46
273.61 51.73
215.85 40.62
182.53 23.80
240.61 31.42
284.72 43.79
289.16 33.64
298.68 36.18
329.78 15.71
348.82 22.05
353.27 34.11
360.25 51.25
336.77 63.95
345.65 80.45
350.09 70.29
444.03 62.04
365.96 120.43
389.45 107.74
412.30 103.30
391.98 31.58
386.27 14.44
440.22 27.77
405.31 13.80
416.74 16.98
416.10 4.28
250.44 1.74
322.80 34.75
368.08 2.38
358.56 2.38
444.88 4.28
467.09 1.74
573.09 49.98
446.78 112.18
455.67 102.66
994.75 32.21
1008.08 96.95
273.51 11.90
278.58 10.63
456.30 7.46
460.11 63.31
450.59 55.06
439.17 46.81
44.66 163.19
703.45 270.61
371.50 48.94
381.22 66.84
503.97 17.74
512.67 26.95
213.96 14.67
21.64 122.59
685.55 48.59
788.36 67.26
811.12 67.26
789.64 161.63
633.89 43.22
680.18 45.52
697.32 195.93
747.44 177.58
60.30 1.55
