202.73 541.66
209.70 465.00
485.67 308.89
636.21 299.13
708.69 357.67
781.17 349.31
803.47 275.44
862.01 329.80
934.49 310.28
1018.12 314.47
935.88 438.52
1012.54 193.20
955.39 200.17
192.97 215.50
255.69 177.87
226.42 149.99
275.21 124.90
305.87 163.93
322.60 189.02
350.47 182.05
383.92 147.21
390.89 117.94
443.86 148.60
452.22 105.39
455.01 190.41
566.52 211.32
558.15 85.88
661.30 133.27
733.78 123.51
988.85 105.39
1016.72 102.60
991.63 66.36
979.09 73.33
84.95 34.48
81.46 43.54
107.25 57.83
104.11 25.07
114.22 26.47
122.23 34.48
121.88 54.34
137.22 45.63
134.43 33.78
140.00 29.95
163.70 20.19
168.23 36.92
173.11 45.28
179.73 40.06
190.53 37.27
227.12 19.15
236.53 54.34
209.70 49.81
214.57 73.86
277.59 54.08
273.93 43.63
265.22 40.67
267.83 5.65
278.28 5.12
287.52 6.34
268.70 11.22
273.06 12.96
277.94 18.02
284.21 21.15
290.48 19.23
283.34 27.42
280.37 35.79
283.34 45.54
296.23 46.24
295.88 39.45
305.64 18.54
310.86 15.75
299.54 9.65
311.39 41.19
308.77 33.70
316.61 52.86
309.47 60.53
311.56 75.34
335.43 39.97
346.23 2.68
333.34 1.99
347.80 24.11
345.71 66.63
355.64 60.18
364.35 91.19
378.64 60.53
376.03 30.21
380.38 26.03
367.84 24.64
364.18 15.23
362.26 10.00
353.38 11.74
373.94 7.21
371.32 3.55
382.47 2.33
387.87 1.99
390.84 10.18
402.86 11.74
381.43 16.80
397.80 49.55
391.01 70.28
421.15 61.40
422.89 35.61
418.36 10.00
433.52 13.66
428.99 14.36
411.57 5.30
427.42 2.68
317.49 147.21
328.64 135.36
335.61 127.69
341.88 102.60
455.01 33.78
463.02 14.97
461.63 4.51
478.01 10.09
493.69 5.56
498.57 20.89
487.42 41.80
475.57 33.78
469.30 72.81
484.63 84.66
504.49 71.42
504.14 56.43
526.44 45.28
530.63 72.81
552.93 53.99
571.74 25.77
565.47 4.51
576.27 0.33
540.38 3.82
532.72 9.04
527.84 3.82
515.64 8.00
622.97 11.13
632.72 8.69
647.71 5.21
656.07 3.82
667.92 31.34
681.16 3.82
686.73 16.01
712.52 9.04
720.88 5.21
731.34 28.21
689.87 67.23
672.45 72.46
704.51 91.98
772.34 94.76
773.73 63.05
750.39 59.22
759.10 48.42
752.48 33.09
768.16 25.77
787.32 13.57
787.32 5.56
820.77 1.38
830.18 24.72
809.62 39.36
823.91 61.31
868.16 7.65
885.94 11.83
849.70 78.39
882.10 106.26
909.05 29.60
939.02 11.13
919.50 3.82
973.51 28.90
988.15 34.48
1018.81 22.28
231.33 572.52
403.42 307.96
269.00 301.11
65.23 680.40
92.84 37.29
122.59 22.31
128.58 21.45
96.69 25.31
92.20 25.31
76.14 34.30
166.04 146.24
218.91 93.91
109.00 34.67
247.27 20.76
252.09 35.21
252.95 61.75
253.05 53.51
280.45 83.26
276.92 70.47
252.30 140.25
377.74 207.57
338.03 29.00
355.37 25.47
409.52 22.26
338.99 1.49
462.07 50.78
391.01 98.30
513.01 88.13
567.81 120.02
327.01 121.52
571.66 175.25
600.34 105.47
403.85 173.75
347.13 147.21
558.82 160.37
549.40 98.62
598.42 11.34
522.43 29.80
522.00 18.03
754.46 167.54
850.35 117.03
217.00 512.00
119.00 453.50
91.00 385.00
174.50 349.00
83.50 79.00
77.50 66.00
