403.50 276.00
1146.00 661.00
787.00 289.00
734.00 286.50
1151.50 497.50
156.00 287.00
946.00 212.00
1327.50 428.50
916.50 121.00
758.50 229.00
1269.00 648.50
153.50 806.50
823.00 47.00
930.50 324.00
1013.00 214.50
671.00 92.00
989.50 414.00
577.50 64.00
294.00 1042.50
613.50 62.00
976.50 441.50
132.50 358.00
1147.50 572.00
1319.00 519.00
1088.00 398.50
855.50 73.50
90.50 446.50
134.50 599.50
208.00 435.50
156.50 360.50
196.00 261.00
221.50 215.50
123.50 220.50
80.00 233.50
79.00 184.00
69.50 133.00
88.00 109.00
142.00 131.50
169.00 133.00
150.50 82.00
71.50 88.00
63.50 69.00
86.50 49.00
71.00 42.00
71.50 38.50
123.50 175.50
