92.00 535.50
110.50 468.00
116.00 416.00
99.50 342.00
162.50 362.00
206.50 125.00
177.50 97.50
170.50 174.00
137.00 147.00
103.00 168.50
112.00 204.50
62.50 209.00
71.00 186.50
65.00 166.50
81.00 142.00
74.00 135.50
161.00 189.50
176.50 146.50
291.90 712.68
487.64 478.29
437.77 434.65
1057.40 632.88
1268.10 412.21
1172.10 309.98
857.92 445.87
901.56 403.48
844.21 349.87
735.74 392.26
298.44 279.90
300.94 252.47
259.48 252.47
259.17 230.96
292.83 233.14
306.86 230.03
329.61 224.73
341.14 219.12
349.87 229.09
359.85 213.82
367.95 244.68
379.48 223.48
390.70 216.94
387.59 194.81
411.90 224.42
420.00 239.38
451.48 232.21
451.17 313.56
474.86 223.48
434.65 195.43
420.62 198.55
417.20 187.64
447.74 178.60
460.21 177.35
475.17 188.26
508.52 197.30
520.68 199.17
535.95 176.10
527.85 167.38
517.87 166.44
511.33 170.81
518.18 153.35
556.21 148.68
567.43 165.20
572.42 134.96
582.39 177.35
560.26 182.65
583.01 246.86
597.98 207.27
617.92 205.09
645.04 252.78
615.74 165.82
605.46 137.46
620.42 142.13
624.47 116.88
636.94 120.62
650.03 134.96
682.75 119.07
682.75 163.01
693.98 163.64
710.18 126.55
662.49 107.53
670.60 103.17
704.57 97.25
801.82 101.61
783.74 80.10
770.65 85.09
774.39 72.00
741.66 86.96
732.62 92.26
720.78 96.62
743.85 78.55
734.18 83.85
793.09 72.94
820.52 62.03
829.87 55.48
825.82 74.18
764.42 40.21
812.73 29.61
825.20 22.75
832.36 20.57
835.79 17.14
835.79 17.14
840.16 14.96
846.70 14.96
852.62 13.40
857.61 5.61
862.60 11.85
867.90 3.12
870.39 7.48
868.83 19.33
873.20 17.14
850.44 29.30
856.36 24.31
868.52 39.27
843.59 46.75
840.78 60.47
846.39 71.38
867.90 62.03
860.10 55.79
867.27 50.49
878.81 48.31
882.86 60.16
882.86 34.29
891.59 43.95
899.38 33.66
924.31 29.30
934.91 52.68
920.88 67.64
894.39 68.88
919.01 99.43
870.08 102.86
956.21 102.08
946.23 115.17
954.34 40.99
968.68 25.40
956.83 9.20
940.62 6.70
875.79 271.64
938.13 241.09
994.23 239.22
1008.57 270.39
988.62 103.33
987.38 154.44
1014.18 70.29
1077.14 90.86
1085.87 47.22
1127.64 41.61
1153.20 49.72
1192.47 24.16
1215.53 48.47
1237.98 30.39
1254.81 37.25
1038.49 17.92
1063.43 14.81
1081.51 22.29
1181.46 4.21
1188.94 6.70
750.77 189.28
8.06 839.82
78.53 694.56
5.18 668.67
56.96 609.71
6.62 576.63
29.63 598.20
49.77 580.94
69.90 583.82
29.63 563.68
5.18 536.36
57.32 558.29
21.36 523.05
63.79 547.50
81.77 546.07
63.07 528.09
69.54 512.99
52.28 517.30
25.68 510.83
28.55 504.36
42.22 517.30
9.14 634.52
49.95 505.26
72.60 499.50
80.15 495.91
78.35 511.01
93.81 525.03
94.53 511.01
116.82 504.18
108.91 504.90
112.87 544.45
108.19 569.62
124.01 555.23
124.37 525.39
136.24 578.96
121.68 621.21
167.70 614.02
159.07 667.23
228.10 723.32
271.25 798.11
259.74 647.10
219.47 628.40
236.73 608.27
212.28 586.69
209.41 556.49
184.96 563.68
136.60 553.08
163.20 555.95
172.91 553.08
156.73 543.37
152.42 532.22
161.05 518.20
150.98 519.64
178.67 538.69
195.56 547.32
162.49 508.13
171.83 511.01
144.15 499.86
185.14 501.66
195.20 501.66
201.32 513.17
191.97 530.43
209.95 537.98
166.80 502.38
219.65 529.71
204.19 495.55
227.92 508.13
216.42 510.65
222.53 516.04
209.95 517.12
231.52 544.09
291.20 609.89
273.23 569.26
293.00 575.01
252.37 559.91
241.23 547.32
255.25 530.43
244.82 532.94
236.91 513.53
245.90 524.67
249.86 509.57
253.81 512.45
259.20 512.09
253.09 502.02
248.06 498.07
269.63 499.14
287.25 532.94
276.82 518.20
266.04 515.68
285.45 507.05
287.97 499.14
297.32 502.38
286.53 492.67
273.95 509.21
298.04 513.53
300.55 518.20
300.91 525.75
302.35 547.32
285.45 545.89
328.78 556.49
311.52 626.96
343.16 628.40
380.55 684.49
416.51 723.32
432.33 821.12
481.23 908.85
356.10 598.20
397.81 618.34
384.87 586.69
369.05 547.86
399.25 559.37
320.15 536.36
337.05 536.72
334.17 516.58
310.44 519.46
312.60 507.23
322.67 512.99
327.70 512.99
333.45 506.52
341.36 506.52
344.96 513.71
355.02 503.64
439.16 585.62
434.13 561.89
452.82 558.29
435.56 546.78
401.05 531.68
375.16 526.65
385.95 521.62
388.10 510.11
381.63 508.67
375.16 502.20
464.33 584.90
454.98 652.49
485.18 647.46
428.37 518.02
441.32 518.74
448.51 543.19
460.73 533.12
457.86 524.49
327.70 501.48
334.17 497.17
360.06 496.45
358.62 491.41
349.99 489.26
365.81 492.13
382.35 498.61
377.32 492.13
394.58 495.73
397.45 507.23
429.09 503.64
416.15 515.14
422.62 510.11
415.43 493.57
406.80 513.71
426.93 492.13
441.32 505.80
455.70 493.57
437.72 496.45
434.84 502.20
447.07 503.64
448.51 514.43
467.92 499.32
460.01 505.80
478.31 497.85
442.11 495.53
471.33 514.40
488.91 505.35
483.74 499.15
500.28 501.73
497.96 511.30
515.54 499.15
521.49 495.53
533.12 499.15
527.17 502.76
523.55 510.00
504.42 512.59
495.11 521.38
479.60 532.24
497.44 537.41
511.92 538.19
524.33 517.76
517.87 518.54
510.11 520.86
532.60 527.33
539.59 557.06
535.97 511.56
530.28 508.71
537.52 501.73
543.98 506.38
552.00 484.67
545.01 488.29
550.70 496.04
556.13 499.66
555.62 510.52
545.53 531.72
555.62 521.64
546.82 546.46
562.34 529.14
567.51 541.81
568.28 519.57
565.18 512.59
572.94 508.97
565.96 496.82
559.75 499.15
574.49 495.53
580.95 495.01
578.11 504.57
580.44 510.52
587.16 510.52
588.45 526.29
575.27 530.43
592.59 504.57
598.54 503.54
589.74 497.85
590.52 493.20
584.31 493.72
503.70 568.90
478.53 559.91
487.16 551.28
520.96 594.07
562.67 567.10
553.32 573.93
603.29 530.07
613.72 526.47
606.17 543.37
600.06 564.58
624.51 585.08
595.38 647.28
528.51 635.77
567.34 602.69
608.87 697.08
593.05 754.61
653.45 609.35
723.92 612.22
742.62 587.05
733.27 680.54
702.35 556.85
641.23 550.38
677.90 585.62
718.17 553.98
749.09 556.85
761.32 563.32
764.19 585.62
622.71 505.26
598.17 514.69
617.59 497.80
622.44 497.62
630.35 505.17
652.64 515.77
660.19 520.99
665.05 513.26
665.77 506.07
655.16 499.23
649.41 495.64
660.55 498.52
646.89 503.91
638.62 503.55
643.65 517.21
638.62 514.34
654.80 530.16
674.93 517.03
671.52 503.91
655.70 505.71
673.50 531.41
663.07 539.32
636.64 526.02
644.91 535.19
687.52 544.36
683.56 528.90
690.93 524.22
684.28 534.29
702.26 539.32
683.47 500.22
688.87 502.38
695.34 506.69
706.13 506.69
703.97 501.66
706.13 514.25
715.47 514.96
724.10 526.11
707.20 526.83
731.29 536.90
742.44 521.80
744.24 536.18
758.62 535.10
767.97 540.49
779.83 536.90
779.47 555.59
805.00 557.75
816.87 550.20
794.93 537.62
796.01 517.84
824.42 520.36
812.19 516.04
817.23 507.41
773.72 507.41
775.16 517.84
768.33 526.83
732.37 506.69
723.02 509.21
824.06 571.77
854.26 567.82
856.42 598.02
859.65 527.55
861.45 516.04
838.08 512.81
836.64 525.03
827.29 555.59
860.01 547.68
833.41 543.73
850.67 515.32
845.63 520.00
712.24 498.07
694.26 497.71
735.61 496.99
744.51 506.25
802.93 506.25
816.33 757.84
865.23 701.75
1004.73 690.25
948.64 680.18
771.74 634.16
996.10 599.64
964.10 635.95
920.24 607.91
903.70 572.67
955.29 571.05
929.41 562.43
883.38 553.44
879.79 538.69
897.05 525.39
925.81 517.48
918.62 513.17
908.19 507.77
936.60 509.93
945.95 510.65
953.86 509.93
957.81 514.96
957.81 530.07
966.08 529.35
975.43 527.91
977.59 517.48
978.67 509.21
1001.32 503.10
996.64 526.11
999.88 536.18
1010.31 530.78
1019.65 527.91
1021.09 519.28
984.78 543.37
961.77 557.75
948.82 550.20
902.44 552.72
874.75 514.96
995.56 574.29
1021.81 592.99
847.61 642.43
226.48 499.79
174.82 498.76
312.41 497.74
405.50 493.65
462.79 518.20
998.83 631.75
296.31 903.63
335.82 883.87
356.17 878.64
363.72 918.74
421.26 895.50
425.32 875.74
405.56 871.67
413.70 858.30
446.25 888.52
467.75 886.20
494.48 887.36
482.28 837.38
514.82 851.91
550.86 864.11
568.29 821.11
445.08 797.28
427.65 813.55
402.66 810.64
393.36 837.38
382.32 830.99
364.88 781.59
335.24 812.97
305.02 791.47
288.75 805.41
323.62 841.45
287.59 838.54
277.13 871.09
267.83 878.06
325.94 864.11
359.07 861.79
357.91 808.90
339.31 742.65
287.59 735.67
306.77 701.38
294.56 685.11
386.39 765.31
393.94 733.93
415.44 700.22
391.62 679.88
370.69 706.62
348.61 713.59
321.88 691.50
321.30 671.16
324.20 642.11
360.81 664.77
362.56 649.08
404.98 652.57
429.97 674.07
454.38 664.77
470.07 666.51
457.29 683.37
457.87 706.03
484.60 713.59
473.56 703.13
512.50 727.54
521.22 696.15
501.46 671.75
496.23 689.18
434.04 839.12
480.54 805.41
614.79 801.93
629.31 794.37
606.07 776.94
578.17 762.41
557.25 746.13
523.54 744.97
507.85 747.30
495.06 749.04
472.40 746.72
489.25 726.96
430.56 742.65
432.30 758.92
441.60 751.37
642.68 833.89
628.73 834.47
599.68 912.93
576.43 905.96
539.23 891.43
540.98 851.33
679.88 923.39
678.13 853.65
693.82 821.11
730.44 846.68
750.78 830.99
753.69 799.60
755.43 758.92
747.87 757.18
737.99 768.80
732.76 755.43
712.42 750.78
731.02 725.79
713.58 719.98
701.38 704.29
674.65 701.38
683.94 718.82
686.85 738.58
658.95 747.30
660.12 734.51
629.90 733.93
599.68 731.61
620.60 703.13
624.08 688.02
607.81 678.72
592.70 678.72
571.78 664.77
559.57 678.14
559.57 690.34
542.14 720.56
561.90 711.85
535.75 674.07
584.56 800.76
549.69 811.81
542.14 788.56
705.45 787.40
659.54 799.60
682.78 767.06
530.52 764.73
419.51 780.42
341.64 789.14
307.93 751.37
688.01 888.52
673.48 883.87
707.77 872.83
756.01 866.44
258.23 762.70
260.56 699.93
263.18 613.63
294.56 604.33
309.09 589.22
262.60 575.27
281.19 547.38
267.83 524.71
287.59 525.87
292.24 515.41
312.58 488.10
298.63 495.07
313.74 501.46
320.71 513.09
349.77 508.44
383.48 514.83
360.23 516.57
405.56 537.50
395.69 575.27
391.04 560.16
368.95 564.23
359.07 579.34
344.54 567.13
324.20 563.07
340.47 533.43
317.23 535.75
355.58 493.91
365.46 478.22
391.04 489.26
443.34 492.16
427.07 508.44
402.66 618.86
372.44 606.65
350.94 621.18
333.50 603.75
452.06 633.39
475.89 642.11
506.69 608.40
519.47 603.75
535.17 632.23
547.37 655.47
503.20 653.15
488.67 595.61
464.26 606.65
457.29 599.68
468.33 593.29
459.61 582.25
450.90 553.19
454.38 543.31
470.66 527.62
489.83 539.24
496.23 551.44
500.88 563.07
522.38 545.05
540.98 545.63
544.46 560.16
550.28 527.03
557.25 510.18
570.04 502.04
537.49 509.02
515.41 481.70
506.69 505.53
497.97 522.38
479.95 492.75
466.59 470.08
482.28 460.20
495.06 463.69
497.39 453.81
524.70 452.06
521.22 463.69
534.58 462.52
532.26 475.89
539.81 489.26
557.83 491.00
559.57 471.82
591.54 472.40
585.15 488.10
596.77 499.14
615.37 484.03
628.73 454.39
614.20 446.25
651.98 484.61
644.43 496.23
617.69 508.44
611.30 527.03
629.90 536.91
640.36 522.38
656.63 525.29
678.13 525.29
593.28 574.11
615.95 588.06
573.52 521.80
583.40 512.50
560.74 595.61
563.06 603.75
543.88 596.19
537.49 601.42
531.68 601.42
519.47 583.99
646.17 586.31
660.12 571.78
640.94 567.72
658.37 550.28
668.25 541.56
677.55 547.38
686.27 560.16
679.88 579.34
701.96 570.04
706.61 587.48
721.14 577.01
729.86 576.43
726.95 565.97
718.23 549.12
733.34 535.75
754.27 547.96
703.70 509.02
706.03 497.98
708.35 492.75
703.12 472.40
683.94 470.66
694.41 471.82
669.42 462.52
657.79 466.59
649.07 461.94
637.45 474.15
643.26 445.67
661.86 449.74
661.86 439.86
688.01 443.93
703.12 449.16
724.63 450.32
721.72 470.66
748.45 468.92
749.04 495.07
761.82 521.80
728.11 513.09
744.39 525.29
757.17 441.60
755.43 428.82
581.66 615.95
569.45 599.68
598.51 632.23
624.67 614.79
626.41 629.32
631.06 644.43
626.41 663.61
614.20 646.17
595.61 658.38
654.89 651.40
670.58 649.66
667.09 627.00
661.86 615.95
647.33 615.95
697.31 608.40
689.76 598.52
693.24 625.25
707.77 639.20
737.41 617.70
730.44 602.59
713.58 624.09
747.87 595.61
686.85 535.17
694.41 547.38
511.92 525.29
520.06 514.25
425.32 467.75
441.60 469.50
455.55 461.94
457.87 439.28
438.11 449.16
400.33 443.35
382.32 443.35
367.21 446.25
374.76 462.52
340.47 471.82
336.41 443.93
305.60 433.47
296.89 451.48
314.32 466.01
266.67 492.16
412.54 595.61
435.79 568.30
414.28 498.56
409.05 459.62
429.39 438.12
353.26 443.35
353.84 425.33
749.62 631.06
775.18 516.14
781.00 498.41
797.85 484.17
810.63 485.92
834.46 497.25
847.83 503.64
847.83 516.72
837.08 516.72
809.76 519.33
786.52 528.34
796.98 551.88
810.93 546.36
831.27 540.84
847.54 540.84
867.59 547.81
777.51 559.72
874.85 528.92
862.07 508.58
864.10 497.25
869.04 490.86
865.85 456.86
843.47 447.85
820.22 439.42
801.63 454.53
784.48 438.26
773.15 446.11
781.58 463.54
718.52 433.90
703.41 430.12
690.62 428.96
674.06 426.93
654.30 415.59
643.84 431.00
769.37 415.89
792.62 413.85
824.00 412.69
858.58 415.59
848.99 484.17
865.56 475.75
880.96 471.97
825.16 482.14
806.28 470.22
775.47 477.20
764.43 493.47
422.71 559.14
431.72 537.64
293.10 553.48
636.28 680.03
662.44 684.09
711.55 663.75
788.26 672.62
788.84 656.34
771.99 660.99
759.20 660.99
740.60 656.93
769.08 638.33
806.28 654.60
814.99 655.18
836.50 644.14
841.73 656.93
786.52 693.54
763.85 711.56
748.74 699.35
855.09 691.21
863.81 668.55
876.60 656.34
894.03 663.32
905.66 652.28
909.72 670.29
889.38 687.15
816.16 680.75
835.92 704.58
821.39 731.90
804.53 735.96
777.22 737.13
845.80 733.06
878.34 699.35
894.61 723.76
902.75 711.56
912.63 707.49
915.54 695.28
935.88 694.12
931.23 676.69
932.97 666.22
930.65 647.05
906.24 627.87
893.45 629.61
871.37 634.26
862.07 618.57
838.24 622.64
812.67 621.47
778.38 626.70
763.27 601.71
780.70 594.74
790.58 585.44
803.95 604.04
813.83 593.00
869.62 583.70
884.15 577.31
903.33 571.49
923.09 548.25
942.27 560.45
931.23 577.89
938.20 593.58
950.41 594.74
958.54 613.34
924.83 617.41
903.33 601.13
910.31 584.86
889.38 611.01
898.10 549.99
913.79 536.62
932.97 533.72
953.89 548.25
895.19 533.72
885.90 543.02
821.97 611.01
831.85 593.00
818.48 570.33
756.88 560.45
781.87 757.47
802.21 773.74
862.65 751.07
870.20 738.29
900.43 766.77
905.07 749.91
921.35 728.99
927.74 734.80
937.62 719.69
953.89 701.68
800.46 845.81
788.84 810.35
820.22 804.54
853.35 792.92
877.76 839.41
899.84 821.40
899.84 855.69
936.46 835.34
943.43 825.46
932.97 765.60
945.18 788.85
917.28 792.34
953.31 802.22
873.69 809.77
883.57 788.27
345.41 830.69
744.09 914.67
768.50 918.16
765.01 891.43
784.77 897.24
798.72 873.99
778.96 849.58
828.36 865.86
903.33 888.52
881.83 880.97
898.68 915.84
817.32 922.23
819.64 824.01
956.80 904.79
942.85 889.10
927.16 890.26
985.86 804.83
985.86 762.41
984.69 754.85
955.06 749.04
1056.76 878.64
1037.00 919.32
1010.85 907.70
1032.35 891.43
1012.01 866.44
988.76 883.29
980.05 875.74
984.11 856.56
1038.74 806.00
1042.81 784.49
1029.44 784.49
1020.73 759.50
1009.69 758.92
1046.88 756.60
1042.81 729.86
1056.76 736.84
1018.98 738.58
1027.12 714.17
1015.50 713.59
985.86 706.03
987.02 725.79
969.00 740.90
985.28 690.34
961.45 662.45
996.32 645.01
996.90 671.16
1021.31 674.07
1027.12 658.38
1029.44 647.34
1048.62 642.11
1057.92 657.22
1046.30 666.51
1053.27 687.44
1068.96 681.62
963.19 642.69
965.52 631.06
1043.39 839.12
1068.38 837.96
1012.01 835.05
1018.98 818.20
981.79 841.45
970.17 835.05
837.08 815.88
641.22 800.76
989.34 698.48
1002.13 687.44
982.66 587.48
973.94 603.75
1011.13 610.14
1009.39 584.57
999.51 563.07
993.12 582.25
994.86 530.52
990.21 550.86
959.99 534.59
963.48 518.32
972.78 510.18
986.72 501.46
1029.15 559.00
1015.78 547.96
1019.85 540.40
1040.19 610.72
1049.49 592.71
1039.61 580.50
1056.46 577.60
1044.26 565.39
1038.45 540.98
1045.42 532.85
1055.88 530.52
1070.41 539.24
1086.10 550.86
1101.80 560.16
1102.38 572.37
1084.36 564.81
1080.87 575.27
1072.74 588.64
1071.57 607.82
1084.36 605.49
1129.11 572.95
1173.86 576.43
1143.64 604.91
1134.92 631.06
1145.96 625.25
1124.46 613.05
1112.26 600.84
1119.23 592.71
1090.75 625.25
1077.39 658.96
1091.92 684.53
1111.09 705.45
1091.92 705.45
1082.04 714.17
1113.42 722.31
1148.87 721.73
1139.57 717.66
1127.37 731.61
1162.82 710.68
1176.77 717.66
1184.90 713.59
1193.04 703.71
1202.92 716.50
1224.42 699.64
1197.69 681.62
1213.96 686.86
1187.81 678.14
1180.25 689.18
1161.66 682.21
1162.24 665.93
1158.75 644.43
1164.56 631.06
1198.27 633.97
1183.74 645.59
1197.69 615.95
1182.00 600.84
1200.59 588.64
1180.25 588.64
1193.62 574.11
1220.35 575.27
1241.86 579.34
1218.03 593.87
1218.61 606.07
1232.56 593.87
1262.20 615.95
1255.81 595.61
1274.40 582.25
1247.67 664.19
1248.83 676.98
1236.05 682.79
1222.68 671.16
1231.40 657.80
1223.84 637.46
1201.18 658.96
1130.85 654.31
1120.97 652.57
1102.96 649.66
1099.47 635.13
1108.77 635.13
1125.62 667.10
1112.84 663.03
1138.99 694.41
1158.75 700.80
1226.75 728.70
1203.50 736.25
1194.20 736.25
1076.22 638.04
1041.94 629.32
1125.04 542.14
1127.95 556.67
1138.99 550.86
1154.10 556.09
1160.49 547.96
1154.68 528.78
1140.73 526.45
1121.56 513.67
1118.07 522.97
1104.70 538.66
1089.01 524.13
1095.98 510.18
1223.84 544.47
1227.33 530.52
1232.56 522.38
1227.91 514.83
1215.70 512.50
1229.65 493.91
1243.60 493.91
1239.53 467.17
1223.26 478.22
1211.64 485.19
1206.99 492.16
1191.88 489.26
1170.37 493.33
1170.37 471.82
1186.06 474.73
1195.94 463.69
1168.05 456.71
1159.33 463.69
1133.76 454.97
1116.32 464.85
1105.28 459.04
1095.98 445.09
1090.17 454.39
1110.51 446.25
1072.74 461.94
1046.58 456.71
1053.56 492.16
1052.40 503.79
1070.41 492.16
1077.97 492.16
1089.59 484.03
1105.86 481.12
1077.39 481.12
1043.68 474.73
1032.64 484.03
1028.57 497.98
1012.30 518.90
1016.94 479.96
1016.36 467.75
1004.16 473.57
996.60 489.26
991.95 452.64
980.91 466.01
962.90 477.05
953.02 487.51
941.39 503.21
932.09 518.32
909.43 503.21
890.83 484.03
909.43 459.62
893.16 455.55
880.95 444.51
892.57 436.37
911.75 438.12
919.89 449.74
944.30 448.58
951.85 454.97
972.19 452.64
935.00 481.70
826.32 463.11
1141.31 495.07
1129.11 494.49
1140.15 504.37
1154.68 505.53
1207.57 504.37
1206.41 522.38
1201.76 532.26
1208.73 545.05
1202.92 560.74
1186.65 554.93
1174.44 548.54
1178.51 542.14
1183.16 524.13
1184.32 510.76
1166.89 524.71
1115.74 481.12
1247.67 503.21
1262.20 501.46
1262.20 489.26
1276.73 499.72
1259.87 514.25
1244.76 520.06
1246.51 542.73
1033.80 522.38
1081.14 808.37
1084.22 788.04
1082.37 762.77
1142.15 919.92
1089.77 916.84
1075.59 894.04
1175.43 917.45
1214.87 924.85
1237.67 904.51
1214.87 898.35
1253.08 870.62
1249.38 855.21
1205.01 872.47
1210.56 845.35
1222.88 839.80
1242.60 834.26
1274.03 815.15
1244.45 805.29
1224.73 789.89
1198.85 775.09
1180.36 760.92
1216.10 756.61
1233.97 754.76
1249.38 758.46
1243.83 738.73
1247.53 721.48
1246.92 699.91
1143.38 789.27
1123.04 772.01
1102.09 754.14
1101.47 745.51
1084.84 738.73
1203.78 821.32
1159.40 815.77
1183.44 818.23
1148.31 748.60
1158.79 741.20
1177.28 858.91
1177.89 844.73
1161.87 871.23
1131.67 868.77
1119.96 873.08
1124.28 905.75
1232.12 875.55
1119.96 680.19
1134.14 685.12
579.49 354.18
566.55 344.32
558.54 328.91
589.97 331.38
546.83 344.32
552.37 373.28
528.34 368.35
515.40 363.42
521.56 346.78
506.77 345.55
496.91 353.56
486.43 365.89
475.34 356.03
464.86 368.35
456.24 344.32
466.71 330.14
479.04 331.38
480.89 282.69
456.24 309.81
423.57 331.38
424.81 301.18
439.60 293.17
435.90 279.61
443.29 264.20
413.71 282.69
398.31 272.83
354.55 270.98
376.12 297.48
357.02 298.71
338.53 307.96
345.92 338.16
345.31 384.99
379.82 332.61
393.38 331.38
571.48 392.39
527.72 387.46
512.93 381.30
513.55 394.24
528.34 401.02
554.22 405.95
485.82 409.64
496.91 393.00
467.33 392.39
459.93 409.64
432.82 394.85
397.07 409.64
305.25 380.68
336.68 380.06
342.22 352.95
292.31 351.10
318.19 335.69
294.77 309.81
627.56 389.92
662.07 355.41
644.20 344.32
655.91 319.67
612.77 345.55
626.33 305.49
602.91 305.49
596.13 286.39
615.23 285.77
630.02 277.15
663.92 277.15
695.97 282.08
740.34 270.98
752.66 270.98
773.62 264.20
573.33 295.63
555.46 295.63
559.77 275.91
512.93 299.33
493.21 303.64
504.30 265.44
490.75 265.44
463.63 268.52
599.21 360.34
604.14 422.59
588.73 415.81
615.85 402.87
745.27 404.71
736.02 385.61
744.04 370.82
762.52 376.37
744.65 359.11
711.37 340.01
681.18 312.27
707.68 413.96
681.79 389.92
431.58 370.20
411.25 378.83
395.84 356.03
373.04 344.32
713.87 357.04
731.31 353.56
268.69 390.75
284.97 417.48
283.81 262.89
291.94 281.49
715.03 389.59
837.08 401.21
995.16 398.60
980.05 392.78
971.91 349.20
790.58 375.93
777.22 355.59
826.62 298.63
798.14 296.31
778.96 290.50
806.86 270.16
830.10 375.93
940.53 389.30
918.44 380.58
904.49 419.52
920.77 417.19
888.22 411.38
956.22 421.26
1013.17 389.30
1005.04 381.16
984.69 371.86
1000.97 347.45
1012.59 335.25
1030.03 357.91
1035.84 343.38
1078.26 329.44
1082.91 359.66
1060.83 423.59
1030.03 418.36
1022.47 405.57
1035.84 386.39
952.15 321.88
974.23 323.04
926.58 363.73
917.28 356.75
912.05 344.55
881.83 352.10
868.46 358.50
874.85 339.32
838.24 337.57
798.72 268.41
853.35 270.16
874.85 276.55
874.27 296.31
902.17 286.43
1018.40 272.48
805.11 402.66
781.87 403.25
1067.22 401.50
1058.50 390.46
1067.80 375.93
1055.02 367.79
1055.02 351.52
1052.69 335.25
784.77 320.14
749.90 316.07
762.11 305.61
767.34 327.11
709.80 310.84
703.99 292.24
931.81 313.75
922.51 305.61
919.60 288.17
981.21 284.11
967.84 297.47
978.88 301.54
973.07 274.23
984.69 263.76
1046.30 288.17
1066.64 276.55
1023.63 311.42
999.81 307.35
1005.04 294.57
909.14 262.02
1084.07 289.34
1034.09 313.16
987.02 341.06
942.85 347.45
969.58 430.56
979.46 426.49
1002.13 424.17
1024.21 435.79
1041.65 440.44
1003.87 463.69
934.13 467.17
789.42 518.32
814.99 535.17
1100.63 404.99
1090.75 386.39
1102.38 367.79
1112.84 342.22
1094.82 347.45
1139.57 340.48
1165.72 337.57
1186.65 370.70
1191.30 386.97
1175.60 388.72
1148.29 376.51
1154.68 399.18
1115.16 400.34
1134.34 400.92
1226.17 393.37
1208.73 307.93
1223.84 300.38
1208.73 280.62
1188.97 267.83
1188.97 288.75
1168.63 290.50
1167.47 280.62
1223.26 274.23
1241.86 264.93
1223.26 360.82
1206.41 362.56
1212.22 331.18
1225.58 312.00
1175.02 328.27
1172.12 317.23
1147.71 312.00
1130.85 311.42
1112.84 314.91
1094.24 302.70
1115.16 290.50
1105.28 275.97
1139.57 282.36
1052.98 308.51
1181.42 348.03
1245.93 375.93
1241.28 363.73
1256.39 352.10
1236.05 321.30
1200.01 346.29
947.20 386.39
967.55 377.67
1120.97 377.67
1127.37 361.98
1168.63 361.98
854.80 438.70
1157.30 576.00
1055.30 543.45
682.49 340.77
852.19 309.39
1103.25 824.30
1254.36 303.57
1197.40 796.41
1269.47 739.45
969.58 792.92
1204.22 385.08
1184.46 339.75
1152.50 334.81
1099.90 337.43
1149.88 394.96
1225.73 419.37
1273.82 887.36
1147.13 832.15
1138.99 884.45
1078.55 685.69
1136.67 817.04
1059.37 860.63
1028.57 865.86
1261.62 793.79
1051.23 707.20
1021.31 622.93
991.09 631.06
998.64 618.86
1091.63 466.59
883.57 516.57
1268.31 319.85
1274.12 273.35
944.01 283.81
821.97 271.03
617.40 267.54
583.69 267.54
1260.17 336.12
1268.31 336.12
1239.25 626.70
1242.73 605.78
1254.36 818.49
497.68 824.30
388.42 719.69
453.51 525.58
512.79 441.89
497.68 430.27
537.19 432.59
586.01 444.22
577.88 430.27
554.63 448.87
1274.98 434.63
1223.84 438.12
1198.85 438.12
1177.93 430.56
1169.79 417.77
1153.52 432.30
1138.41 431.72
1122.14 436.37
1104.12 432.88
1080.87 434.63
1115.74 416.03
1099.47 416.03
1147.13 411.38
861.77 534.59
703.69 739.74
703.69 742.07
1272.95 390.75
1246.22 397.72
562.77 422.13
330.30 262.89
878.92 262.89
883.57 324.50
765.01 345.42
746.42 332.63
738.28 295.44
556.95 311.71
353.55 374.48
675.41 293.29
685.64 269.76
360.33 325.00
540.38 579.72
626.31 356.71
469.28 304.30
