196.50 371.50
136.50 219.00
63.50 97.00
550.00 446.50
469.00 484.50
338.50 500.00
347.50 434.50
378.50 345.00
514.50 278.00
308.50 203.00
317.00 164.50
363.50 186.50
343.00 146.50
418.50 190.50
396.50 137.00
469.50 201.50
497.50 162.50
488.50 130.50
458.00 115.50
417.00 62.50
405.00 72.50
334.50 56.00
325.00 69.00
313.50 64.00
311.00 55.50
308.00 26.50
317.00 19.50
328.50 21.50
441.00 136.50
118.00 641.50
109.00 501.00
92.50 462.00
146.00 460.50
134.50 406.50
152.50 402.00
113.50 373.50
155.00 361.00
87.00 279.50
87.00 313.50
86.00 327.50
353.06 911.81
667.87 778.52
812.59 1009.56
935.72 896.58
1140.10 814.07
1237.84 1010.83
638.68 706.17
424.14 570.34
467.30 548.76
384.79 464.98
364.48 420.55
524.43 445.94
563.78 395.16
610.75 442.13
658.99 542.41
675.49 610.96
725.00 607.15
703.42 539.87
763.08 584.30
816.39 494.17
851.94 487.83
907.79 480.21
825.28 426.89
945.88 670.62
1008.08 632.54
1051.24 621.12
1190.87 630.00
1236.57 671.89
1089.32 542.41
1075.36 442.13
1102.01 443.40
1152.79 478.94
1169.29 491.63
1208.65 534.79
1239.11 517.02
1277.19 501.79
1248.00 471.32
1265.77 458.63
1235.30 444.67
1260.69 438.32
1274.66 425.62
1152.79 416.74
1122.33 404.04
1030.93 410.39
1199.76 409.12
1242.92 387.54
1259.42 378.66
1256.88 341.84
1234.03 340.57
277.31 349.78
258.27 344.06
281.12 333.27
300.80 338.99
330.63 312.96
391.56 365.64
389.02 349.78
272.77 275.99
266.42 263.30
260.71 259.17
279.75 268.38
288.95 266.15
300.06 266.47
303.23 257.58
322.59 274.09
329.57 270.91
332.11 256.95
365.43 272.82
346.07 261.39
286.09 261.39
378.76 270.60
379.71 257.58
360.67 257.27
366.70 257.27
373.05 257.27
385.74 259.17
392.41 256.95
396.22 278.53
409.86 300.75
433.66 309.95
417.80 273.77
410.81 258.22
426.68 262.66
419.70 266.79
435.57 275.04
465.08 289.96
458.74 283.61
434.93 260.12
442.55 261.71
448.58 270.28
457.78 273.77
452.71 274.72
453.34 262.98
421.60 256.95
416.21 256.95
464.45 264.25
469.21 259.81
463.50 270.28
482.54 276.63
493.33 263.93
487.93 256.95
481.58 258.54
500.63 276.94
507.93 268.06
521.68 266.47
528.66 279.80
523.26 292.49
519.77 287.42
543.89 306.78
556.90 292.49
559.76 277.90
538.50 280.12
534.37 269.96
543.26 269.64
542.31 256.95
567.06 272.82
571.50 308.04
591.50 293.45
596.57 292.81
601.02 332.48
611.81 318.52
631.80 355.01
649.57 399.76
669.25 419.12
678.13 386.43
662.27 372.15
665.44 341.05
683.21 339.46
687.34 342.64
693.68 349.62
726.69 382.31
736.84 339.78
755.89 336.61
768.26 343.91
755.57 320.74
724.47 296.94
726.05 285.83
742.24 303.60
750.49 300.43
685.43 309.95
707.33 323.91
658.46 312.80
652.43 305.19
641.32 295.35
618.15 296.30
609.27 292.49
596.89 269.64
586.74 277.90
607.36 260.76
629.90 263.93
624.82 260.44
620.38 267.42
615.30 282.97
637.83 267.42
636.56 262.98
643.54 262.03
651.48 260.76
661.00 262.98
672.74 272.18
675.28 264.57
683.53 267.11
688.61 262.35
692.10 269.64
702.25 265.84
704.47 261.08
695.27 256.32
714.31 263.61
717.80 262.03
722.25 262.98
727.32 265.20
734.62 267.74
719.71 290.91
741.92 268.38
740.97 258.22
753.66 263.61
746.37 262.98
754.93 273.45
550.56 256.32
563.89 259.49
571.50 256.63
593.40 256.95
614.66 261.71
660.04 291.54
663.54 289.64
676.55 293.45
681.94 292.18
691.46 300.11
692.41 293.13
699.40 291.86
687.65 292.81
780.96 312.49
795.87 331.85
787.94 358.19
806.98 353.43
795.56 311.54
819.67 332.16
858.39 335.97
867.59 353.74
810.47 302.01
813.01 267.11
818.09 276.63
826.34 268.06
824.12 262.98
832.37 264.88
836.49 260.44
833.00 257.58
827.29 311.54
839.03 312.49
844.75 304.87
835.54 300.75
851.09 317.57
863.79 327.40
872.04 320.42
868.55 308.04
886.00 291.22
887.59 308.68
888.86 324.86
907.26 337.88
899.97 320.42
908.22 312.49
914.25 311.22
925.35 323.28
916.78 331.53
927.26 344.86
935.51 312.17
927.89 290.91
925.35 280.75
939.63 290.59
935.19 287.73
954.87 293.13
925.99 257.58
941.86 258.22
959.63 259.49
971.05 269.96
975.50 258.54
958.68 286.46
972.64 293.13
961.21 324.23
976.13 301.70
991.15 353.74
978.46 340.41
984.80 321.69
994.01 318.20
1001.94 324.86
1001.31 301.38
988.30 285.83
995.59 289.00
1007.02 302.01
1022.57 301.38
1017.81 345.81
1039.71 346.76
1036.53 363.90
1034.31 333.75
1047.01 336.92
1057.16 334.70
1069.54 330.26
1086.68 329.94
1034.63 309.95
1009.88 288.05
1017.49 288.05
1031.14 291.22
1040.02 302.65
1033.99 296.62
1048.28 294.72
1058.75 298.21
1063.19 295.67
1057.48 289.00
1065.10 281.07
1032.73 275.67
1020.98 257.58
1049.86 265.84
1060.02 269.96
1073.35 267.11
1081.92 284.56
1098.10 270.60
1115.24 274.40
1104.45 284.88
1107.94 292.18
1115.56 295.67
1123.81 294.40
1122.85 285.83
1135.55 297.57
1132.69 308.04
1138.72 313.12
1156.81 291.86
1182.52 273.45
1140.31 380.72
1129.52 385.16
1152.69 365.17
1175.85 388.02
1184.10 376.59
1039.71 293.76
1211.82 307.73
1214.04 289.00
1232.13 296.30
1246.09 316.93
1242.92 328.99
1252.76 309.63
1260.38 303.60
1200.08 276.63
1185.80 278.21
