221.50 469.50
119.00 454.50
265.00 277.00
243.50 263.00
231.00 216.50
234.50 171.50
197.50 175.50
150.50 234.00
137.50 184.50
164.50 140.00
219.50 96.00
228.00 99.50
402.50 702.50
247.50 156.50
250.00 110.00
247.00 97.00
408.50 532.00
365.00 434.50
351.00 351.50
477.50 270.00
414.00 213.00
476.00 175.00
354.50 230.50
327.50 178.50
330.00 109.50
333.50 73.50
404.00 79.00
230.00 738.50
134.50 669.00
82.00 515.00
98.00 455.00
110.50 452.50
126.50 403.00
137.50 467.00
185.00 483.50
215.50 465.50
208.00 437.50
147.50 347.00
68.00 343.00
454.00 714.00
364.00 740.50
335.00 634.00
342.50 505.50
321.50 462.50
323.00 402.00
306.50 384.00
321.00 366.00
304.00 357.00
407.00 452.50
470.00 368.00
318.50 277.00
311.00 304.00
370.50 274.50
