175.00 276.00
95.00 298.00
302.34 646.27
279.44 632.18
265.35 602.23
268.87 576.69
260.07 569.64
267.11 544.98
277.68 515.92
260.95 509.75
290.75 528.47
298.67 554.45
289.86 558.42
321.57 552.25
318.93 527.59
314.97 510.86
292.07 501.17
260.80 498.53
294.27 486.64
322.01 486.64
316.73 473.42
298.67 470.78
355.04 490.60
344.03 501.17
332.58 500.29
351.08 538.60
336.54 567.66
357.68 597.17
371.33 630.64
423.74 659.70
449.72 651.33
458.53 619.63
473.50 615.22
495.52 597.61
508.73 586.60
498.60 560.18
492.87 546.53
484.95 539.92
466.45 524.95
368.25 564.58
388.51 584.84
393.35 571.63
407.00 574.71
417.13 574.27
434.75 575.59
437.39 584.84
455.88 583.52
455.44 543.00
431.22 542.12
423.30 526.27
414.49 533.75
406.56 525.83
395.99 543.88
409.64 552.69
387.63 555.77
379.26 543.00
373.09 543.00
368.69 543.00
368.69 529.35
390.71 504.25
380.14 498.53
382.78 491.04
367.37 491.04
342.27 467.70
259.48 456.69
410.08 469.02
431.66 472.10
400.84 481.79
320.25 433.79
297.79 438.64
291.63 442.60
330.82 426.31
370.89 439.52
388.07 438.19
376.62 450.53
398.19 449.20
498.16 467.26
487.15 486.19
473.50 492.80
458.97 475.19
480.10 515.26
500.80 526.27
506.97 519.66
505.64 497.20
513.57 507.77
527.22 504.69
518.42 529.79
527.22 539.92
536.03 555.33
553.64 541.68
559.37 564.58
544.40 583.08
534.71 584.84
570.38 603.33
520.18 614.34
503.44 627.55
534.71 618.75
555.85 675.99
588.43 661.90
557.17 634.60
595.04 594.08
602.97 615.22
613.97 626.67
626.31 584.84
602.08 579.11
611.33 560.62
604.29 540.36
610.89 539.92
599.00 545.20
592.84 510.86
584.47 507.33
559.81 515.70
570.82 515.70
547.04 529.35
530.31 524.51
525.46 530.67
564.65 486.19
556.29 498.97
560.69 478.71
572.58 479.59
596.80 496.76
622.34 514.38
613.97 522.31
643.92 572.95
643.92 581.75
642.60 612.14
663.74 643.41
646.12 675.99
672.98 634.60
692.36 612.58
707.33 624.91
727.15 603.77
744.32 609.06
750.49 624.91
714.38 569.86
696.32 570.75
679.59 563.70
651.85 554.45
650.97 543.88
647.88 534.64
638.64 527.59
627.63 543.00
622.78 537.28
628.07 555.33
649.64 507.33
624.54 495.44
632.03 478.71
661.97 482.67
654.93 456.69
624.98 461.53
524.14 453.61
557.17 433.35
545.72 428.95
538.23 433.79
571.26 424.98
618.38 424.10
683.55 518.78
664.62 526.71
680.03 532.43
695.44 534.64
721.42 539.92
724.95 556.21
739.48 549.17
764.14 554.01
761.94 548.29
757.53 525.39
748.73 506.45
730.67 527.59
707.77 472.10
731.55 467.70
757.53 480.03
754.45 457.13
760.62 458.01
723.63 435.55
713.50 464.18
720.54 457.13
749.17 476.51
442.67 515.26
458.53 505.13
451.48 496.76
434.75 502.93
422.86 498.53
511.37 422.78
432.54 416.62
410.53 424.10
401.28 425.86
185.50 701.09
259.48 356.73
264.76 376.98
291.19 372.58
371.04 379.96
391.08 399.11
408.91 398.23
453.39 416.51
395.70 357.72
413.09 357.28
420.14 357.28
434.45 355.96
441.50 358.38
463.52 358.82
479.59 359.48
484.87 359.70
496.98 358.82
393.72 355.30
372.14 354.19
365.09 352.65
357.17 352.65
323.70 349.57
316.65 349.57
293.53 349.79
281.20 345.61
275.92 369.83
229.02 382.16
217.13 385.68
298.38 401.09
287.37 397.13
312.69 398.01
232.98 382.82
280.76 381.94
326.78 382.16
473.86 396.47
482.89 397.57
504.47 409.46
470.12 372.25
441.06 377.75
435.11 375.99
579.19 404.62
569.50 406.38
560.91 395.37
551.88 407.04
543.08 405.72
668.58 412.54
676.29 412.54
683.99 411.88
712.18 400.87
744.98 391.85
748.73 383.04
725.61 385.02
687.30 379.30
680.47 383.92
665.94 388.76
659.77 392.29
648.54 390.97
640.40 390.75
634.01 357.72
640.18 357.94
646.78 353.31
651.85 353.97
624.10 363.66
596.36 368.29
586.01 367.85
575.66 360.58
537.57 363.88
512.25 372.91
513.35 397.13
517.53 398.45
580.51 388.54
605.61 396.25
592.18 419.37
618.82 408.80
627.19 404.84
630.71 407.04
634.45 411.66
765.90 374.45
774.49 378.19
787.92 375.33
789.90 397.57
765.46 402.19
755.99 426.42
771.63 422.89
762.16 413.20
756.87 386.12
763.04 383.04
854.64 378.19
834.60 379.74
826.23 379.74
811.48 377.75
860.14 404.40
844.29 405.28
834.82 392.95
816.76 406.82
807.74 402.86
816.54 420.91
830.64 437.20
822.27 452.40
813.68 458.78
955.70 430.16
922.01 461.64
915.85 458.56
931.92 458.34
939.85 462.97
938.97 476.40
931.92 468.69
890.53 460.54
884.58 492.91
853.31 482.34
777.57 395.59
894.93 383.70
924.43 386.34
933.90 391.63
932.80 382.60
938.97 407.70
930.82 411.44
917.17 414.53
909.24 426.19
903.08 410.12
891.85 413.86
893.61 401.75
878.19 397.57
871.37 393.17
907.70 394.49
905.28 404.84
944.69 386.45
956.14 383.81
959.22 386.45
971.55 386.01
967.59 383.81
647.88 414.19
616.62 385.57
590.64 384.25
590.64 404.07
977.28 405.39
1101.90 473.64
966.27 415.08
959.22 409.35
952.18 411.99
839.88 382.49
831.96 422.56
825.35 423.00
989.17 400.10
981.24 389.97
985.20 389.53
990.05 387.33
1004.58 390.42
1011.63 385.57
1037.61 385.57
952.62 482.45
857.94 508.87
869.39 503.15
819.63 508.43
809.06 521.64
768.10 501.39
764.14 491.70
789.68 561.28
793.64 543.66
804.65 581.97
818.31 552.03
809.50 538.82
827.55 529.57
824.91 545.86
1097.94 471.44
866.75 578.01
831.52 564.80
836.36 550.71
848.25 543.22
845.61 589.02
857.50 558.19
865.86 549.39
842.08 525.61
850.45 519.44
874.67 527.37
901.97 521.64
902.86 544.98
879.96 550.27
900.21 569.64
897.13 593.86
877.31 577.13
931.04 575.37
932.80 550.71
957.90 535.30
961.42 524.29
954.82 513.28
968.03 511.08
988.29 570.97
979.48 585.94
1003.26 596.51
1001.06 580.21
1017.79 554.23
998.86 543.22
981.24 528.69
975.08 522.53
981.24 505.79
991.81 513.72
957.46 495.22
1018.23 480.25
1026.16 463.96
1035.85 467.48
1059.63 467.04
1050.38 467.04
1064.47 491.70
1068.87 521.64
1047.74 524.73
1036.29 528.69
1021.31 538.38
1041.13 537.06
1034.08 570.97
1026.16 585.06
1057.42 566.56
1067.99 543.66
1056.54 537.94
969.79 421.24
977.28 418.16
994.89 428.73
998.86 436.21
1012.07 436.65
1048.62 427.41
1060.07 391.74
1047.30 422.56
1034.53 435.33
1019.55 425.64
477.61 747.55
850.16 633.06
814.05 626.01
887.15 644.51
956.73 638.34
931.19 603.99
973.46 638.34
985.79 639.22
1014.86 651.55
1016.62 630.42
1021.02 616.32
1039.52 663.00
1051.85 646.27
1058.89 603.99
1073.86 596.07
1096.76 575.81
1080.91 558.19
1090.60 567.00
1078.27 639.22
1094.12 665.64
1106.45 657.72
1115.26 598.71
1131.99 620.73
1142.56 626.01
1145.20 641.86
1140.80 677.09
1156.65 646.27
1160.18 632.18
1168.10 651.55
1198.05 636.58
1220.07 641.86
1213.02 666.53
1243.85 658.60
1254.42 626.89
1233.28 626.89
1221.83 610.16
1203.33 602.23
1199.81 616.32
1214.78 589.90
1273.79 605.75
1277.31 564.36
1272.03 544.98
1257.94 534.42
1250.01 556.43
1236.80 561.72
1233.28 550.27
1227.99 534.42
1240.32 530.01
1205.97 551.15
1183.08 567.00
1170.75 576.69
1085.02 518.34
1139.63 462.86
1114.97 473.86
1125.97 482.67
1150.64 482.67
1170.01 473.42
1102.19 496.76
1114.08 508.21
1100.87 516.14
1125.97 534.19
1146.23 536.84
1129.94 546.53
1113.64 560.62
1135.66 568.98
1134.78 580.43
1159.00 566.34
1165.17 533.75
1167.81 545.20
1188.51 540.36
1198.64 515.70
1207.88 527.59
1204.36 539.04
1194.67 572.51
1185.42 614.34
1111.88 631.08
1221.97 494.56
1163.85 498.53
1152.84 436.87
1167.81 441.28
1200.84 431.15
1183.66 430.71
1193.79 396.36
1203.48 396.36
1220.65 399.44
1225.06 398.12
1233.86 399.44
1251.48 396.36
1261.61 399.44
1266.45 399.44
1276.58 399.44
1232.98 414.86
1233.86 427.19
1266.45 433.35
1274.38 444.36
1256.76 430.71
1253.24 446.12
1244.87 447.44
1248.84 416.62
1161.20 395.04
1155.04 404.73
1139.19 392.40
1127.30 394.16
1118.49 401.20
1124.65 421.02
1078.42 393.28
1092.07 398.12
1081.06 400.32
1241.79 483.11
1254.56 479.15
711.59 650.89
865.57 283.63
708.36 269.09
617.64 248.40
630.42 246.19
589.90 242.67
1065.94 420.80
1072.98 426.97
1221.97 335.15
1219.77 330.75
1229.90 332.07
1155.48 316.65
1089.86 317.09
1077.53 319.74
1072.25 327.66
995.63 324.58
986.38 314.89
1053.31 318.42
940.14 327.66
888.62 318.42
803.63 303.44
1124.65 232.10
1136.98 231.66
495.22 299.92
632.62 305.20
723.33 312.69
358.71 406.05
336.69 399.44
323.04 402.97
373.68 417.06
368.84 406.93
363.11 371.70
336.69 349.68
427.85 384.47
419.04 386.23
598.27 410.89
600.47 397.68
840.91 415.30
796.87 421.90
523.41 362.45
381.17 352.76
387.77 354.53
311.15 353.20
858.97 644.51
1266.75 676.21
1260.58 613.68
1086.19 411.11
940.87 434.01
489.94 240.25
519.00 274.60
550.71 271.96
666.08 243.77
657.28 234.08
691.63 244.65
696.03 228.80
699.55 228.80
691.63 219.11
724.21 209.42
680.18 207.66
673.13 207.66
1173.39 225.28
533.97 300.14
465.28 389.97
474.08 385.57
489.06 385.57
457.35 395.26
450.31 392.62
440.62 392.62
407.15 382.93
400.98 395.26
409.79 387.33
392.18 392.62
383.37 387.33
381.61 404.07
382.49 398.78
347.26 382.93
341.09 382.93
316.43 375.00
291.77 382.93
308.51 375.88
356.07 386.45
353.42 380.29
359.59 385.57
316.43 413.75
352.54 426.97
341.09 438.42
625.57 478.93
583.30 414.64
579.77 411.99
531.33 399.66
533.97 404.95
384.25 523.85
416.84 511.52
375.44 523.85
1304.62 645.39
1214.78 513.28
1109.97 424.32
816.69 386.45
811.41 392.62
706.60 379.41
718.05 375.88
495.22 395.26
507.55 392.62
416.84 395.26
416.84 395.26
304.10 351.22
461.76 229.82
459.86 221.52
459.63 238.59
465.32 235.04
520.31 217.26
519.36 227.21
604.46 201.61
608.49 202.80
597.82 204.22
591.66 205.64
600.43 234.80
628.64 217.97
601.38 220.46
590.95 224.72
561.08 219.51
560.61 237.52
545.91 243.69
684.34 190.71
686.71 190.00
691.21 190.95
661.58 206.83
658.03 204.46
659.45 223.18
657.55 217.97
663.01 217.97
666.09 218.68
670.83 220.58
673.91 221.29
677.70 222.00
663.24 229.58
675.09 242.15
670.83 243.81
677.70 237.88
707.57 209.44
713.49 208.72
717.52 211.33
703.06 187.63
764.69 175.78
785.79 265.61
740.75 263.01
731.51 274.86
744.78 254.71
732.46 226.03
721.55 231.72
727.24 231.48
739.09 222.00
733.64 212.52
736.72 212.28
746.44 216.07
754.03 220.58
754.74 215.12
844.81 256.84
834.62 245.70
882.74 229.58
888.19 226.98
902.18 217.49
910.24 217.73
898.62 215.60
894.83 216.07
886.53 209.91
869.46 188.81
853.11 184.55
838.18 177.91
825.14 212.52
1037.76 191.42
1009.32 198.53
1011.92 199.24
1005.76 194.74
997.94 193.79
985.38 195.21
991.30 196.64
982.06 197.11
975.42 200.66
928.49 190.00
922.80 200.90
920.19 202.09
876.10 192.13
868.99 206.83
863.06 208.96
762.09 247.01
745.97 244.16
760.19 236.58
750.24 230.89
757.35 228.99
773.94 226.15
775.84 212.87
772.04 215.24
763.04 213.35
767.30 203.86
772.04 198.18
776.31 199.12
768.72 192.49
774.89 187.75
782.00 256.84
797.64 234.56
795.27 233.61
791.72 226.50
794.56 224.61
796.93 223.66
793.38 210.38
801.91 208.25
797.17 209.91
801.67 210.38
802.86 199.24
799.30 199.72
816.13 210.38
829.41 192.84
827.04 191.42
823.48 226.74
830.83 225.79
830.83 219.86
834.38 220.10
836.99 223.89
841.73 219.39
857.14 222.24
852.87 222.00
849.08 226.74
782.95 243.81
785.79 243.57
777.02 245.23
779.86 225.08
783.66 226.74
785.08 218.44
791.01 215.84
903.84 197.58
892.46 211.33
890.09 211.09
888.43 217.02
885.58 217.49
881.79 217.49
874.21 222.95
862.12 223.89
866.62 226.98
859.51 225.08
1149.41 197.70
1153.67 198.18
1233.79 228.52
1226.21 228.04
1239.48 246.53
1218.62 264.55
1213.41 260.28
1205.82 260.75
1199.66 261.70
1194.92 262.65
1229.52 261.70
1245.64 259.33
1249.91 257.44
1255.12 257.91
1263.18 261.23
1105.79 301.52
1137.08 304.37
1146.56 304.37
1159.84 299.63
1170.74 311.48
1163.15 305.79
1253.70 307.69
1266.03 311.48
1278.35 312.43
1251.81 321.44
1243.75 311.48
1236.16 217.61
396.58 243.69
350.12 228.99
353.44 224.25
493.76 224.72
494.71 212.87
528.37 210.50
521.73 250.80
525.52 251.27
519.84 259.81
533.58 264.07
572.46 245.11
578.15 245.58
559.18 273.08
565.35 270.71
569.14 270.24
526.00 275.92
433.55 278.29
432.13 281.61
424.55 280.66
297.02 276.87
280.43 277.35
611.81 231.84
627.45 233.73
617.02 237.52
603.75 240.37
595.21 239.42
587.15 236.58
636.93 218.56
613.70 201.02
644.52 217.61
656.37 210.50
661.58 213.35
723.21 197.70
727.48 196.75
703.78 210.98
698.56 219.04
711.36 236.10
697.61 262.18
691.92 263.60
673.44 261.23
678.18 261.23
714.21 249.38
728.43 240.37
821.35 243.69
802.38 239.42
808.07 217.61
806.65 206.71
790.53 194.86
781.05 187.75
891.51 188.69
886.29 194.38
889.61 194.86
850.74 198.18
899.57 238.47
898.62 248.43
907.15 247.48
913.79 250.32
931.81 232.31
939.86 231.36
953.61 222.35
934.18 192.49
968.31 196.75
951.24 234.68
956.93 234.21
946.03 238.47
672.49 490.92
715.15 496.61
734.12 486.18
718.95 476.69
1081.14 577.20
470.56 760.70
398.95 760.70
430.66 725.92
299.72 778.09
155.48 808.78
136.04 762.75
48.07 783.21
65.46 708.53
17.38 722.85
66.48 676.82
18.40 660.45
41.93 644.08
547.28 791.39
642.42 793.44
691.52 793.44
791.77 808.78
831.67 843.56
863.38 789.34
1018.87 767.86
960.56 708.53
859.29 730.01
903.28 780.14
930.90 655.33
991.25 619.53
1016.83 662.49
776.43 732.06
758.01 689.09
714.03 682.95
673.11 726.94
633.21 722.85
651.62 690.11
637.30 674.77
509.43 694.21
465.44 697.28
432.71 689.09
414.29 705.46
388.72 713.64
336.55 717.73
301.77 715.69
255.73 685.00
250.62 653.29
206.63 682.95
190.26 733.08
198.45 647.15
122.75 658.40
96.15 647.15
57.28 601.12
47.05 587.82
12.26 593.95
12.26 504.96
36.82 510.07
33.75 480.40
22.49 474.27
9.20 450.74
24.54 452.78
46.02 464.04
84.90 445.62
92.06 446.65
176.96 442.55
142.18 438.46
132.98 439.49
124.79 445.62
115.58 440.51
64.44 456.88
259.82 466.08
144.23 538.46
154.46 571.19
158.55 585.00
187.70 567.10
172.87 598.81
169.80 620.30
197.42 622.85
231.69 615.69
263.41 619.27
275.68 647.92
280.28 613.14
302.79 635.13
278.24 591.14
309.95 585.00
339.62 583.47
331.94 596.26
340.64 613.14
346.27 634.11
363.15 623.37
411.23 616.72
411.23 592.68
439.87 619.27
424.01 647.92
430.15 586.03
470.05 576.31
469.53 605.46
492.04 597.79
516.08 635.13
518.13 592.16
512.50 563.52
500.74 555.34
443.45 551.76
408.16 524.14
398.95 516.98
387.19 511.35
377.47 514.42
356.50 509.81
343.71 499.07
307.39 486.29
261.87 493.45
274.15 502.65
249.08 487.31
236.30 483.73
227.60 494.47
216.86 488.33
198.96 488.84
159.06 488.84
128.37 496.00
121.72 475.03
134.51 469.41
145.25 471.45
101.77 472.48
92.57 478.61
84.90 479.13
62.39 472.99
74.67 498.05
85.92 498.05
96.66 489.87
90.52 555.34
93.08 582.45
112.52 607.00
94.10 624.39
281.82 517.49
239.37 575.29
219.42 587.56
207.14 570.68
271.59 565.06
304.84 534.88
308.42 511.35
328.36 563.52
354.45 549.71
336.55 544.60
443.96 465.83
434.24 466.34
424.01 500.10
444.47 499.07
456.75 502.65
482.32 503.68
507.39 502.65
385.65 451.50
417.36 449.97
438.85 449.46
426.57 447.92
412.76 436.67
342.17 470.94
335.52 469.41
321.71 469.41
317.62 441.28
332.46 444.86
232.72 440.76
218.91 437.69
191.80 442.81
350.36 468.90
368.77 455.09
453.68 458.67
442.94 454.57
328.36 679.88
573.88 637.94
542.17 607.25
583.09 579.63
551.37 554.06
553.42 508.02
560.58 499.84
539.10 490.63
525.80 436.42
626.05 432.32
578.99 426.19
578.99 492.68
597.41 500.86
622.98 495.75
652.65 495.75
632.19 514.16
605.59 535.64
616.84 554.06
627.07 573.50
609.68 558.15
664.92 528.48
674.13 590.89
702.77 597.02
672.08 622.60
630.14 625.67
706.87 653.29
770.29 557.13
736.53 597.02
817.35 629.76
862.36 618.51
789.73 618.51
819.39 663.52
911.46 589.86
867.47 586.79
847.01 528.48
961.59 539.74
952.38 529.51
960.56 497.79
938.06 496.77
759.04 499.84
725.28 500.86
716.07 514.16
693.57 502.91
794.07 523.62
810.95 526.18
790.49 513.40
779.24 505.72
744.97 485.77
729.63 482.71
709.17 481.17
735.25 495.49
755.20 448.44
759.29 446.90
767.99 445.37
793.05 445.37
808.40 449.97
800.72 459.18
787.94 461.22
772.08 466.34
787.43 469.92
777.71 478.61
820.67 447.41
824.76 488.33
811.47 484.24
836.53 499.58
840.11 496.00
846.25 486.80
843.18 476.06
836.02 467.87
846.25 466.34
822.72 470.94
849.83 473.50
881.03 457.64
886.14 453.55
878.47 452.02
934.73 462.76
949.06 452.53
955.70 456.62
965.42 462.76
987.42 457.64
1020.15 477.08
1009.92 475.03
1015.04 496.52
1007.88 487.82
969.51 476.06
919.39 473.50
913.76 477.08
910.69 472.48
907.11 484.75
915.81 502.65
902.00 504.70
886.65 503.68
885.12 493.96
873.36 487.82
862.61 485.77
866.71 492.94
883.58 482.71
888.70 480.66
898.42 474.52
903.02 457.13
870.80 474.01
930.13 480.66
935.76 484.24
915.81 489.87
641.14 573.24
644.72 590.63
181.06 430.53
217.37 425.42
221.46 425.42
308.93 434.63
315.07 430.53
356.50 440.25
350.87 432.58
342.17 429.00
337.57 430.53
332.46 432.07
384.63 434.11
373.89 433.09
343.20 448.44
299.72 435.14
553.42 694.21
229.14 813.89
967.72 789.34
829.37 586.03
853.41 678.09
878.47 656.10
715.31 624.39
859.29 528.36
883.84 525.54
876.68 552.91
851.87 557.00
977.95 533.98
991.51 538.84
997.65 539.35
765.94 590.37
744.46 606.23
128.63 578.35
448.50 773.00
357.00 771.00
316.50 693.50
456.50 692.00
561.50 682.50
387.00 505.00
312.50 482.00
321.50 441.50
378.00 443.50
423.00 468.50
453.00 443.50
456.50 408.50
422.00 413.50
436.50 360.50
345.00 335.50
340.50 318.50
328.50 332.50
330.50 304.00
331.50 361.00
