103.22 72.94
53.35 73.25
31.22 71.38
16.88 77.30
1.92 79.79
128.16 24.00
120.05 28.05
98.55 27.12
86.70 26.18
80.78 28.36
77.66 33.66
66.44 34.91
55.53 35.85
51.17 36.47
44.31 35.85
34.34 36.47
20.62 35.22
11.59 39.27
47.43 29.61
49.92 24.31
1.30 24.00
38.08 30.23
347.59 67.17
356.31 54.08
358.18 42.86
362.55 64.68
381.25 67.17
408.68 65.92
445.46 65.30
464.16 71.53
440.47 52.21
451.69 51.59
558.29 82.75
552.05 45.98
567.64 45.35
592.57 45.98
626.86 42.86
605.04 87.12
572.00 79.01
609.40 40.99
646.81 49.72
659.27 41.61
654.91 102.08
642.44 102.70
630.60 97.72
668.62 141.35
649.92 19.17
634.96 30.39
636.21 19.17
620.62 4.21
607.53 4.21
602.55 12.31
546.44 3.59
640.57 0.47
682.34 86.49
695.43 47.85
684.21 38.49
679.22 36.62
674.23 14.81
665.51 4.21
666.75 12.31
681.09 4.83
693.56 17.30
716.62 15.43
719.74 36.62
710.39 38.49
697.30 0.47
747.79 25.40
756.52 19.17
750.29 38.49
762.75 58.44
780.21 28.52
773.35 26.65
768.36 1.72
800.16 19.79
795.79 6.08
813.25 21.04
835.07 12.31
833.20 29.77
818.86 34.13
814.49 49.72
786.44 58.44
775.85 67.79
744.05 84.62
850.03 25.40
872.47 21.04
892.42 12.94
879.95 4.83
909.87 12.94
926.70 54.08
931.69 74.03
894.91 60.94
901.77 100.83
934.18 133.25
901.14 126.39
871.85 116.42
861.25 100.21
832.57 93.35
815.74 73.40
797.66 93.35
795.79 130.75
782.70 150.08
696.05 151.33
698.55 124.52
687.95 172.52
684.83 182.49
696.68 209.92
695.43 256.68
674.23 220.52
702.29 289.09
790.81 184.36
850.65 179.38
891.17 194.34
934.18 198.70
893.04 150.70
949.56 12.94
975.74 16.68
1008.78 11.07
1019.38 32.26
1011.27 52.21
1022.49 47.22
1015.64 91.48
999.43 67.17
1020.00 115.17
985.09 107.07
967.64 103.33
955.17 82.13
938.34 72.16
998.81 130.75
988.21 186.86
980.10 221.77
872.47 472.05
741.56 763.79
895.77 696.68
322.87 691.23
436.65 715.88
592.14 674.16
698.34 721.57
741.00 746.22
643.34 668.47
359.85 620.11
327.61 606.84
312.44 579.34
265.98 524.35
259.34 486.43
274.51 449.45
301.06 511.08
320.97 513.92
311.49 532.89
356.06 560.38
391.14 595.46
484.06 626.75
454.66 621.06
424.32 587.88
388.29 549.95
419.58 552.80
451.82 533.83
466.04 521.51
466.99 504.44
473.63 494.01
435.70 494.01
421.48 485.48
345.63 441.86
329.51 485.48
362.69 530.04
360.80 500.65
404.41 489.27
381.66 505.39
364.59 513.92
422.43 524.35
402.51 519.61
521.98 499.70
528.62 514.87
528.62 561.33
555.17 541.42
548.53 569.86
583.61 606.84
600.68 624.86
560.86 515.82
612.06 526.25
613.00 503.49
637.66 540.47
558.01 501.60
620.59 587.88
664.20 575.55
715.40 624.86
796.00 659.94
895.55 687.43
871.85 667.52
802.63 606.84
751.43 586.93
738.16 608.74
742.90 563.23
736.26 547.11
692.65 539.52
701.18 508.23
671.79 511.08
654.72 520.56
642.40 509.18
655.67 551.85
769.45 537.63
804.53 507.29
827.29 521.51
819.70 546.16
852.89 555.64
959.08 629.60
933.48 592.62
911.67 527.20
974.25 530.04
1013.12 572.71
1010.28 541.42
1029.24 528.14
1070.01 586.93
998.90 756.65
1125.95 630.54
1161.98 616.32
1148.71 585.98
1106.99 542.37
1077.60 537.63
1152.50 549.00
1224.56 550.90
1199.91 559.43
1137.33 494.96
855.73 502.54
844.35 522.46
576.97 507.29
1254.90 597.60
1223.14 430.25
1251.11 446.84
1182.37 440.20
1146.34 442.10
1049.63 433.09
1107.94 444.00
1126.90 416.50
1156.29 412.71
1185.21 409.86
1210.81 412.71
1244.94 415.55
1252.06 404.65
1245.42 398.96
1230.72 403.23
1199.43 401.80
1185.69 399.91
1155.34 400.38
1140.17 394.22
1121.21 404.17
1105.09 399.43
1088.50 411.29
1078.54 400.86
1030.66 411.29
1019.76 424.56
954.34 477.66
949.60 433.57
1002.69 438.78
1065.74 401.33
1151.55 380.00
1169.09 381.42
1185.69 379.05
1191.85 385.69
1209.39 383.31
1220.29 387.58
1235.94 389.48
1249.21 373.36
1232.14 370.04
1223.14 367.67
1206.07 368.14
1204.17 378.10
1194.22 375.26
1186.63 371.94
1179.05 365.30
1135.91 373.36
1145.86 371.94
1130.69 377.15
1087.08 387.11
1050.10 391.85
1021.18 405.60
1017.39 399.43
1023.08 394.69
1028.29 387.11
1020.71 384.26
1014.07 382.84
1031.14 379.52
1043.94 385.21
1095.61 372.41
1118.84 370.04
1126.90 363.88
1135.91 360.09
1138.75 325.95
1154.40 361.98
1168.14 372.41
1171.94 353.45
1185.21 355.34
1187.58 359.14
1176.68 354.87
1187.58 350.13
1246.84 353.92
1254.90 343.49
1243.52 332.59
1249.21 338.28
1235.94 333.06
1236.89 337.80
1226.46 334.96
1222.19 343.97
1216.03 343.49
1225.51 347.29
1227.40 345.86
1225.51 350.13
1202.75 351.55
1200.38 349.66
1206.54 316.94
1213.18 316.94
1217.45 316.94
1223.14 316.47
1227.88 314.10
1231.67 316.47
1238.31 312.20
1243.05 312.68
1250.16 311.26
1253.00 315.52
1194.69 316.94
1200.86 316.94
1184.74 316.47
1167.20 319.79
1161.51 316.47
1189.48 316.47
1157.71 318.37
1153.45 316.00
1168.14 341.12
1173.83 338.75
1178.57 337.80
1183.79 343.02
1177.63 349.18
1175.26 343.97
1170.51 348.71
1189.48 334.01
1213.18 329.27
1204.65 335.91
1217.45 335.91
1206.54 341.60
1193.74 346.81
1197.54 334.01
1189.95 339.23
1198.49 341.12
1235.94 345.86
1242.57 343.97
1213.18 357.24
1067.17 376.20
1079.97 381.42
1061.00 384.74
1049.63 381.89
1040.62 379.05
1088.97 367.67
1088.97 359.14
1100.35 358.19
1106.04 360.56
1115.52 323.58
1127.85 346.34
1134.01 354.87
1106.99 377.15
1111.26 382.84
1129.74 388.53
1170.51 393.74
1127.37 335.91
1131.64 316.47
1142.07 315.52
1143.49 309.83
1152.50 334.96
1160.56 347.29
1150.13 345.86
1141.12 353.45
1163.88 355.82
1189.48 366.25
1091.82 324.53
1095.61 314.10
1099.40 319.31
1101.77 320.74
1110.31 317.42
1098.93 338.28
1096.09 344.91
1102.25 346.34
1086.60 347.29
1107.46 348.71
926.84 420.29
917.83 433.09
881.33 431.20
870.43 423.14
859.52 417.92
850.04 413.66
829.18 415.55
795.52 427.40
905.03 417.92
892.71 409.86
904.09 405.12
924.00 402.75
933.95 395.17
942.01 385.21
944.86 412.23
917.36 390.90
899.82 398.01
884.17 404.65
879.91 401.80
931.11 380.94
923.05 380.94
878.49 389.00
896.03 384.26
871.37 382.84
856.20 387.58
848.14 399.91
833.45 403.23
849.09 381.89
857.63 378.57
894.13 371.94
904.56 372.89
885.60 377.15
876.59 373.83
866.16 376.20
898.87 369.57
914.04 369.09
913.57 375.26
914.04 362.93
911.67 359.14
902.19 331.64
897.45 362.93
906.93 362.93
892.71 366.25
883.70 369.57
878.01 339.23
869.00 369.09
906.93 390.43
1086.60 314.57
1086.13 321.69
1089.92 321.21
1126.90 320.26
1122.16 323.11
1115.05 313.63
1125.48 316.94
659.46 430.49
704.97 427.64
755.23 444.71
748.59 424.80
729.63 419.11
781.77 423.85
814.01 400.14
825.39 391.61
828.23 384.03
836.77 390.66
849.09 338.51
910.25 321.21
915.94 319.31
906.46 316.00
899.82 315.52
889.86 318.37
884.17 317.42
891.29 316.47
876.59 314.57
871.85 316.00
860.47 317.89
913.57 337.80
887.97 338.75
889.86 334.96
896.97 335.91
883.23 338.75
869.00 342.07
872.80 338.28
866.63 337.80
862.37 339.23
859.52 338.28
861.42 342.54
889.86 360.56
898.87 358.66
862.37 347.29
866.16 348.71
860.47 354.87
860.00 358.19
821.12 372.41
825.86 369.57
831.08 369.09
823.49 364.83
823.49 355.82
830.13 355.34
824.91 350.13
832.03 347.29
825.39 347.29
824.44 343.97
835.82 339.23
833.45 319.79
843.40 319.31
846.72 316.94
853.36 316.47
835.34 317.42
823.49 315.05
826.34 317.89
797.89 317.42
814.49 317.89
803.58 314.57
809.27 339.23
805.48 343.02
800.26 351.55
803.58 350.60
804.53 347.29
808.80 347.29
807.85 350.13
812.11 352.97
813.54 349.66
816.86 344.91
817.33 340.65
813.06 362.46
805.00 361.51
795.05 363.88
788.41 368.14
783.20 371.46
794.57 379.05
805.48 370.99
811.17 376.68
818.28 361.03
814.01 393.27
813.06 384.26
788.89 394.69
803.58 397.54
790.78 403.23
786.51 409.86
758.54 342.54
690.75 413.66
704.50 414.60
712.56 393.27
698.34 398.49
698.81 394.69
679.85 397.06
663.73 407.97
630.07 432.14
648.09 429.30
613.00 428.83
638.13 403.70
706.40 380.00
715.40 375.73
695.49 374.78
650.46 349.66
698.34 387.11
711.14 366.72
713.98 370.99
715.88 374.78
723.94 368.14
728.68 371.46
729.15 362.93
731.05 368.62
734.84 355.34
739.11 353.45
740.53 358.66
746.69 346.81
786.04 320.26
777.03 319.79
764.71 320.26
738.16 326.90
740.06 325.95
728.68 317.89
686.01 318.84
692.17 324.06
704.03 326.43
710.19 317.42
715.88 318.84
701.18 273.33
713.51 334.49
723.46 334.49
710.66 359.14
712.56 355.34
717.30 353.45
713.03 350.13
723.46 351.08
730.57 350.13
723.46 356.77
722.51 362.93
701.18 359.61
704.97 361.03
697.86 366.25
704.03 366.72
696.44 351.55
685.54 356.77
677.95 364.83
681.74 350.60
675.58 320.74
667.05 318.84
668.47 326.43
656.62 318.37
637.18 318.84
640.50 346.81
622.01 321.21
631.02 319.79
614.43 320.26
599.26 319.79
604.94 319.79
594.04 319.79
680.80 383.31
670.84 362.93
672.74 356.77
670.84 350.13
661.83 349.66
668.94 353.92
623.43 370.04
628.65 398.01
618.22 399.43
615.37 392.80
623.43 389.00
613.48 384.74
619.17 386.63
614.90 376.20
612.06 367.20
613.48 356.29
616.80 361.03
601.63 371.46
601.63 396.59
602.57 388.53
595.94 389.00
609.69 409.86
602.10 407.49
610.63 396.59
598.78 361.98
608.74 332.59
627.70 328.80
656.14 328.80
621.54 357.24
629.60 357.71
627.70 361.98
622.49 364.35
599.73 352.03
598.78 344.44
597.83 339.23
592.62 351.08
577.45 321.21
569.39 317.42
561.80 317.89
590.72 321.69
585.03 320.74
584.56 333.54
566.07 341.12
575.55 341.12
566.54 333.54
557.06 342.07
555.17 341.12
585.98 360.09
580.29 355.82
585.98 366.25
590.72 367.20
581.71 377.15
576.97 379.05
573.66 380.47
584.56 413.18
592.62 397.54
573.18 397.54
559.43 401.80
547.11 407.49
540.00 404.17
530.04 411.76
521.51 428.35
511.08 443.52
582.66 430.72
477.42 430.25
451.82 408.91
452.77 430.25
446.13 416.97
403.46 430.72
429.54 420.29
480.26 411.29
517.71 402.75
530.99 402.75
538.10 397.54
549.95 394.69
558.01 392.32
562.28 381.89
559.43 373.36
549.95 323.58
489.74 337.33
540.47 334.49
538.57 315.52
539.52 321.69
531.46 318.84
517.71 318.37
526.72 319.31
523.40 322.63
511.08 321.69
493.54 316.47
505.86 316.94
485.00 316.94
503.02 325.48
512.97 334.96
517.71 336.38
522.46 333.54
528.14 334.49
531.46 349.66
519.14 350.60
522.46 349.18
525.77 347.29
514.87 350.60
505.39 335.91
475.52 314.10
482.63 318.84
475.52 319.79
469.36 316.94
448.97 315.05
452.77 320.26
456.09 320.26
461.77 319.79
467.94 315.52
466.51 319.31
490.69 331.17
468.41 344.91
464.62 349.18
461.30 346.34
475.52 339.23
444.23 346.34
448.97 350.13
454.66 350.13
451.82 349.66
575.55 362.93
470.31 230.19
524.83 239.67
521.51 385.69
529.09 379.05
540.94 389.95
529.57 394.22
506.81 397.54
495.91 398.01
469.83 391.85
460.83 399.43
485.95 396.11
483.11 391.37
484.53 388.06
490.69 383.79
512.03 374.31
502.07 385.69
505.39 378.10
513.45 366.25
516.77 360.56
487.85 366.72
482.63 385.21
474.57 379.52
474.10 385.69
458.46 381.89
472.20 374.31
475.05 370.99
472.20 361.51
467.46 360.56
441.86 316.47
433.33 317.89
431.91 316.47
432.38 324.53
439.97 321.69
423.37 314.57
419.11 313.63
414.37 316.00
412.00 313.15
404.89 315.05
394.46 316.47
392.09 315.52
386.40 315.52
381.66 320.26
378.81 313.63
384.03 318.84
370.75 319.31
366.49 315.05
367.91 316.47
351.79 315.52
357.95 316.47
365.06 320.26
363.17 316.94
372.65 323.58
398.25 336.86
397.77 319.79
412.00 339.70
429.54 346.34
439.49 343.97
436.17 352.03
384.50 359.61
406.31 358.19
400.14 353.45
367.91 343.97
326.66 330.22
337.09 330.22
381.18 345.39
373.12 350.13
360.80 358.19
357.95 354.87
358.90 350.60
349.42 352.97
352.74 352.50
346.57 359.14
454.66 374.78
461.77 380.00
451.82 379.52
443.29 378.57
445.18 387.11
432.38 377.15
433.80 384.26
449.45 354.87
420.53 374.78
412.47 369.57
404.89 370.51
404.41 379.05
401.57 372.89
402.51 385.69
411.05 388.53
421.95 390.90
432.86 391.37
419.58 400.38
423.85 402.28
409.63 406.07
417.69 416.03
389.24 414.60
392.09 404.65
398.72 396.59
391.14 388.06
374.54 381.42
378.34 385.21
382.13 374.31
380.71 377.63
374.07 373.36
379.29 365.30
392.09 372.41
337.57 352.03
340.41 347.76
336.14 357.24
332.83 359.14
329.98 360.09
329.98 352.97
330.93 349.18
341.36 361.98
337.57 364.83
323.34 361.03
315.29 352.97
321.45 352.03
342.78 374.78
343.26 377.15
355.58 379.05
363.17 375.26
363.17 380.00
366.96 388.53
348.00 386.63
332.35 388.06
323.82 386.63
320.97 378.57
331.40 375.73
370.75 415.55
381.66 408.91
386.87 398.49
366.01 398.49
364.11 406.54
353.21 395.17
359.85 393.74
357.95 389.95
339.94 397.54
335.67 402.75
323.34 398.49
320.50 403.23
318.60 413.18
328.56 424.56
354.16 424.56
347.05 412.71
366.96 430.25
385.45 424.56
394.46 380.47
345.15 314.57
324.29 312.20
323.82 316.47
329.03 316.94
337.09 321.21
326.66 313.15
319.55 314.10
317.18 319.79
311.49 317.42
297.27 312.68
297.27 316.00
300.59 322.16
332.83 319.31
317.18 328.80
322.87 370.04
301.54 403.70
301.06 387.58
302.01 379.05
298.69 377.63
280.20 347.29
264.09 353.92
260.77 390.90
269.30 396.11
262.66 398.96
273.57 420.29
296.32 428.83
293.48 418.40
262.19 419.34
279.73 410.34
290.16 390.43
281.15 389.95
270.25 387.11
273.09 382.37
278.78 382.84
284.00 373.36
286.37 314.57
279.73 314.57
275.46 316.00
267.88 315.05
257.45 315.05
276.89 330.69
266.93 333.06
299.64 334.49
271.20 316.00
278.78 341.60
293.95 343.49
290.63 357.71
309.12 353.92
302.01 354.87
296.32 357.24
311.97 360.56
307.23 360.09
352.74 335.91
361.27 346.34
354.16 347.76
530.51 446.60
439.49 429.54
859.52 437.12
777.03 356.53
778.93 348.94
790.31 337.57
788.41 348.00
291.58 675.11
1269.76 375.29
1256.46 384.50
1265.67 361.99
1258.51 357.90
1256.46 349.72
1260.55 353.81
1266.69 354.83
1278.97 354.83
1271.80 347.67
1265.67 341.53
1262.60 340.51
1261.57 314.94
1258.51 311.87
1267.71 312.89
1274.87 311.87
1277.94 313.91
1276.92 342.56
1271.80 371.20
470.81 335.40
485.39 235.15
425.55 316.98
459.82 360.97
508.41 363.02
514.55 358.93
564.67 369.67
565.69 360.97
640.37 330.79
336.04 371.71
309.44 399.33
314.04 393.71
291.03 399.84
293.58 396.26
101.00 724.50
224.00 607.50
221.50 424.00
105.50 466.00
71.50 457.50
74.00 421.00
68.00 395.50
104.50 409.00
129.50 425.50
195.50 412.00
176.50 425.50
176.50 425.50
362.96 979.90
442.75 897.61
405.35 666.96
349.25 632.05
298.13 536.05
313.09 514.86
381.66 556.00
477.66 464.99
517.56 479.95
654.70 567.22
594.86 734.29
553.72 676.94
653.46 522.34
632.26 507.38
917.77 607.12
1011.27 630.81
1225.72 812.83
1174.60 518.60
1032.47 436.31
977.61 487.43
886.60 506.13
763.17 512.36
734.49 463.74
800.57 469.98
825.51 472.47
829.25 402.65
877.87 442.55
897.82 407.64
943.95 430.08
958.91 372.73
1266.86 428.83
485.98 436.00
507.17 439.12
498.44 450.34
499.07 378.65
586.34 378.65
622.49 368.68
654.91 368.68
696.68 331.27
673.61 370.55
689.20 379.27
735.95 366.18
705.40 348.10
699.79 411.69
677.35 424.78
653.66 402.96
979.27 383.01
899.48 362.44
781.66 338.13
807.22 358.70
843.38 363.07
906.96 335.01
925.04 339.38
936.26 337.51
951.85 315.69
979.90 330.03
972.42 350.60
1007.33 353.72
1021.66 333.77
1013.56 321.92
1036.00 319.43
1052.21 303.85
1074.65 285.77
1062.18 266.44
1082.13 260.21
1098.96 269.56
1117.04 260.83
1123.90 281.40
1107.07 292.62
1095.85 290.13
1085.25 307.59
1119.53 320.05
1100.83 308.21
1112.05 303.22
1103.95 384.88
1077.14 419.17
1047.22 376.78
1123.27 408.57
1181.25 417.30
1168.16 447.22
1220.52 352.47
1239.22 343.74
1241.09 321.92
1194.34 310.08
1198.08 275.17
1211.17 285.77
1237.35 288.88
-64.06 737.76
