323.00 500.50
271.00 482.50
195.50 498.50
145.00 462.50
85.00 441.50
106.00 517.00
171.50 374.50
193.00 338.50
242.00 283.50
277.00 386.00
241.00 236.50
202.00 267.00
184.00 269.50
153.50 288.00
95.50 382.00
157.00 228.00
222.50 188.50
188.00 176.50
167.50 178.50
155.50 171.00
124.00 177.00
131.50 197.50
110.00 231.00
73.00 216.00
71.00 186.00
81.50 157.00
116.50 149.50
124.00 100.50
71.50 61.50
77.50 77.50
77.00 37.50
88.00 45.00
71.00 40.50
57.50 59.50
137.00 81.00
97.00 74.50
215.00 222.00
183.50 227.50
334.19 679.62
304.71 576.07
358.64 543.71
332.03 538.68
332.75 516.39
316.93 525.02
286.73 533.65
267.31 503.44
274.51 494.81
262.28 480.43
282.42 491.22
294.64 471.80
303.99 476.12
299.67 489.78
314.06 493.38
324.12 499.85
269.74 420.84
276.03 421.20
280.89 420.66
289.52 427.67
276.75 430.90
282.87 438.99
295.63 433.96
303.18 433.06
269.38 435.76
263.09 463.80
269.56 466.68
276.21 467.76
282.15 457.15
270.46 457.51
275.14 454.99
271.36 451.58
260.21 453.92
290.24 448.16
281.07 447.80
291.49 460.03
297.97 464.52
317.56 416.88
314.15 418.86
324.75 416.52
300.48 457.69
335.81 446.46
313.88 430.63
306.69 426.32
324.39 451.04
332.48 450.14
338.78 450.14
342.55 448.88
320.62 448.88
330.15 476.03
328.71 465.42
336.26 459.85
330.15 455.17
328.35 446.37
347.76 461.47
352.44 469.56
344.53 484.48
362.33 480.70
360.53 494.19
346.15 494.19
332.84 489.51
328.53 484.48
324.75 496.88
315.76 482.86
354.60 434.86
345.07 435.58
363.23 434.14
369.34 435.58
378.15 434.68
381.74 434.68
365.74 461.47
360.62 453.11
356.66 450.59
355.94 454.54
357.02 531.49
349.47 504.88
391.18 518.54
424.62 512.43
441.52 520.70
481.07 522.86
509.47 500.93
497.25 498.41
469.92 508.48
442.96 487.98
459.85 489.06
410.96 502.01
387.58 495.53
405.92 493.02
426.42 487.98
413.47 483.31
382.55 487.26
374.64 480.79
379.67 464.61
395.14 465.69
403.76 475.40
469.20 484.03
496.17 479.35
464.89 475.04
502.64 539.40
386.78 430.54
404.93 429.83
411.40 435.58
386.42 434.86
365.92 453.20
370.96 456.25
347.76 453.74
351.54 449.78
338.42 454.46
386.24 451.94
377.43 449.78
376.53 453.92
400.80 432.70
394.15 436.12
390.91 453.74
405.29 451.04
409.97 451.22
418.60 437.20
416.08 451.58
421.11 452.48
430.82 432.52
425.97 432.16
436.75 433.60
443.23 434.32
456.17 433.96
461.02 433.60
449.88 435.58
445.74 436.30
445.74 436.30
423.99 453.56
430.46 452.30
439.27 452.30
440.53 449.06
438.73 456.07
431.90 456.25
426.15 459.85
441.79 467.58
426.87 469.56
416.80 476.57
423.99 477.47
425.97 484.48
444.30 483.58
457.25 464.34
446.82 459.31
430.82 463.08
446.73 554.14
446.73 590.10
463.99 662.01
464.17 435.67
468.84 436.03
455.90 455.80
460.93 457.60
463.09 446.81
468.84 446.10
467.05 455.80
452.66 451.85
463.81 461.20
467.76 462.99
469.92 469.47
478.19 470.54
488.98 462.63
486.46 456.88
483.23 453.65
482.87 449.33
474.96 456.88
484.66 466.95
499.76 462.63
505.16 465.15
497.97 443.58
348.75 517.29
463.54 453.02
454.19 452.48
479.18 432.52
475.23 437.92
484.39 433.42
493.38 432.88
489.07 435.76
498.42 435.40
495.00 436.66
489.07 445.65
510.64 435.04
512.08 445.47
512.80 437.20
504.89 458.95
513.16 467.58
510.64 481.96
527.00 436.66
528.08 431.62
526.64 463.44
511.00 472.61
511.00 456.79
517.11 456.79
514.24 460.93
519.27 466.50
536.17 436.84
539.05 431.98
542.10 437.92
543.90 434.14
547.67 435.76
521.61 450.68
502.73 470.28
488.17 450.86
523.58 455.35
536.53 457.15
531.31 454.28
527.54 452.48
539.76 445.65
527.18 471.17
527.00 474.23
539.23 469.56
540.84 474.59
539.58 461.29
549.65 468.84
549.11 464.16
550.73 455.53
546.60 452.48
553.07 450.86
557.02 451.58
559.54 449.96
562.78 448.70
566.91 450.32
557.56 467.58
564.57 465.06
570.87 469.20
578.78 482.68
555.05 485.92
546.06 485.20
538.33 486.63
526.28 482.68
539.94 497.60
567.45 477.47
573.20 462.37
581.47 450.86
584.17 460.93
579.85 463.26
570.69 450.68
566.73 433.78
558.82 435.40
551.63 436.12
587.76 434.32
551.63 494.19
586.51 496.70
586.42 507.58
575.63 530.59
567.00 563.67
549.02 540.66
615.90 540.66
638.19 570.14
681.34 609.69
753.97 586.68
705.07 555.04
771.23 533.47
770.51 520.52
710.82 516.93
682.06 528.43
620.21 519.08
601.52 505.42
671.27 508.30
649.70 496.79
630.28 496.79
608.71 493.20
597.92 480.25
750.37 514.05
765.47 492.48
739.58 493.20
751.09 488.16
701.47 493.92
714.42 488.16
682.06 496.79
669.11 491.04
643.94 480.97
638.91 473.78
617.34 480.25
562.42 453.20
589.92 450.86
587.58 454.10
590.82 458.41
594.24 454.10
593.16 444.39
594.96 435.04
603.40 469.74
611.67 470.46
598.19 466.68
606.10 441.87
605.02 437.38
599.27 438.10
610.06 433.06
614.55 433.42
618.33 435.40
626.24 436.30
635.94 431.08
649.25 423.53
578.60 421.74
572.66 421.74
651.23 434.86
640.62 465.42
648.17 462.90
649.97 447.80
640.98 449.96
633.25 450.50
619.05 462.01
628.57 458.77
617.25 455.89
604.30 450.68
598.19 453.02
594.60 450.32
611.31 450.86
609.70 453.20
605.20 455.71
607.90 460.93
600.89 458.05
601.97 452.84
624.44 455.89
616.53 453.38
634.33 454.46
635.94 463.44
640.62 460.03
637.56 457.15
648.53 455.35
652.12 453.38
612.93 458.77
622.64 472.25
654.46 437.02
658.42 437.74
666.33 435.76
673.16 433.96
672.44 438.10
677.47 437.02
679.99 437.02
691.31 438.28
690.60 434.50
705.16 437.56
713.61 433.96
718.46 438.99
654.10 447.80
656.44 444.93
658.42 446.54
659.67 449.96
654.64 450.14
660.39 455.89
666.69 455.17
666.15 449.60
655.90 471.89
661.29 468.12
667.94 467.04
671.18 472.61
663.09 479.80
681.97 477.11
693.65 475.31
693.65 483.58
702.10 475.13
707.31 478.01
725.29 481.06
716.84 473.33
725.65 474.05
734.28 474.77
731.23 467.58
724.57 467.58
714.69 459.31
712.71 456.61
695.09 452.84
669.74 461.65
673.52 459.67
676.39 457.51
690.24 449.60
671.90 451.40
680.35 448.88
676.93 448.88
693.11 444.03
701.38 445.83
705.52 446.72
687.36 447.08
696.17 446.37
704.08 454.99
715.58 448.70
722.06 449.60
728.53 449.60
733.20 435.22
734.64 435.76
711.63 460.39
707.49 459.13
676.75 454.28
687.72 454.63
685.02 451.22
716.48 464.70
658.15 677.83
806.28 646.19
836.48 666.32
892.57 580.03
823.54 574.28
804.84 523.94
855.18 544.07
739.67 437.38
743.99 438.28
742.73 435.40
748.84 435.40
753.88 436.84
761.97 435.22
756.75 437.92
764.84 435.58
768.44 437.02
779.23 436.84
737.16 444.03
751.72 474.41
758.73 472.07
747.94 465.42
743.09 462.19
737.16 468.30
736.62 481.78
733.92 447.44
736.44 447.98
742.55 446.90
747.76 449.06
750.46 451.22
744.71 455.35
738.06 455.89
754.06 454.99
757.29 456.79
758.91 466.32
755.31 462.90
765.92 460.57
773.11 461.65
772.21 477.65
755.31 481.78
763.23 481.42
768.62 449.42
765.20 453.38
759.45 453.38
757.29 450.32
756.39 448.34
778.15 461.65
778.15 453.02
772.75 454.63
785.34 452.84
783.90 456.07
789.83 453.02
781.74 449.96
784.62 467.40
790.73 461.65
792.53 457.15
771.67 487.17
777.25 485.92
783.90 486.63
785.34 478.37
779.76 475.49
795.76 466.14
801.16 486.99
782.46 437.02
771.14 437.74
775.81 436.48
788.57 435.22
795.05 436.48
790.01 442.41
793.79 450.32
798.64 451.58
797.56 448.70
800.98 447.08
805.29 436.12
801.70 435.22
803.31 454.63
808.53 454.10
813.20 453.56
796.48 457.51
809.25 468.30
808.35 459.49
993.25 641.87
1161.52 571.40
1250.69 531.13
1170.15 641.87
915.58 557.02
965.92 565.65
1003.31 558.46
1052.21 551.26
1026.33 549.83
947.23 546.95
837.92 555.58
1206.10 554.14
1105.43 558.46
1102.55 538.32
821.92 487.44
812.93 507.94
826.24 503.98
812.93 516.21
831.27 467.31
836.30 470.54
838.10 478.10
845.65 468.75
851.40 470.54
857.16 476.30
847.81 480.25
855.36 494.99
861.83 488.88
878.37 513.33
895.99 519.08
870.10 507.22
879.09 494.63
881.25 485.29
853.20 485.29
905.34 507.22
918.28 513.33
927.63 527.35
957.11 530.95
947.76 533.11
990.91 522.32
1008.17 529.87
980.84 512.25
991.27 507.94
1011.76 503.26
1029.74 504.70
1034.78 522.32
998.82 492.84
1006.37 492.12
1021.47 489.60
1039.81 491.40
1036.57 483.85
1031.90 476.66
1018.96 479.17
1005.29 483.13
990.55 478.10
975.45 491.76
967.18 493.92
956.03 494.28
948.48 498.23
932.30 505.42
938.78 499.31
914.69 494.99
933.74 488.88
931.94 479.53
944.17 487.44
952.08 484.93
958.19 477.02
963.58 482.41
888.80 495.35
898.87 490.32
885.92 481.33
893.11 478.81
879.09 479.89
870.82 476.66
866.51 473.06
859.67 470.54
864.35 461.92
871.54 466.59
876.21 468.75
890.24 466.95
886.28 469.83
898.15 471.26
913.97 473.06
919.36 467.31
924.75 477.02
942.73 474.86
953.52 469.11
949.20 463.71
940.21 466.23
940.57 460.48
935.90 464.79
932.30 471.98
924.75 461.20
912.53 465.51
909.65 459.04
894.91 459.04
857.88 457.96
839.54 452.93
750.37 526.99
819.14 435.94
815.72 436.30
809.61 437.02
863.72 434.86
853.29 435.94
855.09 436.66
842.33 437.92
832.80 437.92
831.36 433.78
825.97 438.28
836.75 437.02
838.91 436.66
841.61 434.50
849.88 442.05
845.92 436.30
846.64 445.11
839.27 446.01
829.38 449.78
813.92 446.01
822.73 449.96
819.67 452.66
847.00 452.12
851.67 458.77
875.76 459.31
873.43 455.53
865.88 455.35
869.47 453.38
873.79 449.78
879.54 452.84
880.80 455.89
823.81 457.69
816.80 460.03
906.15 437.20
892.48 435.94
905.25 454.63
900.39 454.81
891.94 453.92
896.08 452.48
860.66 453.56
857.97 447.98
879.72 449.96
902.37 461.65
993.25 460.66
928.80 453.38
924.84 454.10
913.34 455.35
918.73 449.60
918.37 459.49
916.39 454.46
920.53 454.10
934.19 452.48
939.76 453.74
935.99 454.99
931.14 460.57
948.21 450.32
952.89 449.60
948.57 454.28
953.79 453.20
964.39 456.25
962.24 452.84
957.20 452.84
968.71 450.32
973.02 449.42
991.72 449.96
977.88 454.63
978.78 444.03
983.45 435.22
988.84 438.63
980.93 451.76
990.82 457.87
987.94 460.39
983.45 456.25
984.53 454.28
984.89 452.48
982.55 450.32
976.26 450.50
971.40 454.63
965.11 453.74
948.21 459.13
995.85 454.46
998.91 469.92
991.54 465.42
998.91 455.53
1011.49 476.39
1010.24 469.56
1006.10 464.70
1016.17 453.74
996.03 462.01
1022.82 461.11
1022.28 454.10
999.09 443.49
1019.58 443.49
1028.57 442.77
1033.79 442.05
1040.98 445.29
1053.20 444.57
1060.75 442.23
1067.23 442.41
1078.19 444.57
1017.25 470.28
1034.69 464.16
1033.97 470.46
1046.01 473.51
1049.25 468.30
1048.53 462.01
1057.70 462.01
1063.45 463.26
1060.75 482.14
1064.35 493.11
1079.09 484.84
1091.14 477.83
1083.58 496.16
1047.99 497.42
1039.36 461.65
1037.92 457.87
1029.11 460.03
1031.09 455.35
1028.03 453.74
1025.70 452.30
1013.29 457.33
1007.72 454.99
1001.61 457.15
1033.79 450.68
1038.10 451.58
1034.51 454.63
1042.06 452.84
1041.34 455.71
1043.85 460.39
1045.65 458.41
1045.65 452.30
1049.61 453.38
1052.48 455.89
1055.00 458.41
1052.12 460.03
1056.08 451.22
1068.84 456.07
1063.63 451.94
1061.47 455.35
1070.82 454.10
1074.42 460.03
1072.62 452.12
1085.92 455.89
1093.83 467.40
1087.36 466.50
1074.78 468.66
1051.40 482.50
1075.67 453.20
1083.23 444.75
1074.78 444.03
1088.44 444.03
1093.11 441.51
1095.09 439.53
1097.79 441.51
1097.79 444.57
1095.63 443.49
1100.66 441.69
1104.98 438.99
1112.17 442.77
1116.48 444.39
1112.53 440.79
1120.80 441.51
1119.18 442.05
1115.94 441.33
1116.30 451.58
1112.89 460.03
1120.62 457.15
1117.02 466.14
1078.73 460.03
1074.78 454.99
1130.78 437.47
1123.94 442.50
1142.28 458.68
1138.78 441.33
1143.09 442.23
1147.05 441.51
1150.64 441.33
1154.96 442.23
1161.43 442.77
1166.46 440.97
1176.35 444.39
1179.94 442.59
1171.85 443.85
1175.81 440.97
1183.00 440.61
1199.72 438.81
1197.92 436.66
1190.19 437.56
1193.07 438.10
1190.73 440.07
1219.67 436.30
1177.97 447.26
1188.75 443.49
1199.18 443.13
1155.85 484.84
1165.92 482.68
1174.73 480.34
1178.69 493.29
1183.36 489.51
1189.11 493.11
1201.70 490.05
1213.92 493.29
1218.06 481.78
1219.67 473.15
1225.79 470.99
1233.70 477.47
1233.70 483.76
1209.97 480.16
1213.20 474.77
1198.10 476.93
1203.31 474.95
1209.43 469.74
1190.19 481.60
1178.69 474.23
1167.00 475.13
1172.93 475.31
1162.69 470.63
1165.74 465.42
1173.11 464.34
1167.00 461.83
1179.94 462.19
1186.96 460.21
1187.85 464.70
1190.19 468.66
1195.94 468.48
1199.18 461.47
1201.70 458.95
1210.51 459.67
1209.43 455.17
1214.46 466.50
1203.31 464.70
1208.53 466.14
1220.03 462.72
1223.09 458.95
1226.51 465.42
1229.38 459.31
1228.66 452.66
1235.31 461.83
1204.93 453.92
1193.07 460.93
1191.45 456.43
1175.99 453.56
1188.03 453.92
1159.81 451.94
1168.26 453.20
1167.72 455.35
1171.67 456.07
1209.25 446.01
1216.80 444.75
1212.12 442.23
1221.47 445.11
1222.19 441.33
1218.78 442.23
1232.98 444.75
1224.17 442.23
1238.73 444.39
1235.85 444.21
1233.34 440.61
1236.39 455.53
1235.85 452.66
1238.55 454.46
1238.55 470.63
1098.42 508.30
1069.65 519.44
1047.00 517.65
1086.55 532.75
1109.56 528.43
1150.91 544.97
1179.31 525.20
1199.45 525.92
1203.40 510.81
1183.99 503.26
1160.98 512.61
1244.39 474.86
1221.38 501.11
1251.94 470.90
1256.26 468.03
1271.72 472.34
1273.88 486.01
1252.30 477.38
1256.26 485.29
1263.09 483.49
1247.37 444.91
1257.51 444.91
1253.24 441.53
1243.11 454.86
1252.53 459.31
1255.55 455.22
1250.22 451.13
1246.48 457.35
1263.55 443.66
1232.97 436.73
1242.75 437.26
1241.68 443.66
1250.04 436.73
1263.73 436.38
1258.04 436.91
1265.86 439.40
1269.41 436.73
1272.79 436.38
1270.13 453.97
1275.28 456.11
1261.06 455.22
1275.28 463.57
1271.01 446.15
1273.68 444.02
1277.06 442.77
1279.19 445.26
1270.84 440.64
1273.33 439.22
1279.37 436.73
1268.70 443.13
1238.49 436.02
1246.48 435.49
1244.00 435.13
1253.24 437.44
1257.68 479.21
146.00 786.50
258.50 690.50
303.50 674.00
249.50 777.00
206.00 570.50
159.50 351.50
51.50 320.50
490.50 723.50
337.50 610.50
401.00 562.00
441.50 438.50
371.00 433.00
399.00 371.50
382.50 359.00
374.00 326.50
