275.00 399.50
129.50 371.00
57.50 178.00
424.50 452.50
394.00 384.50
352.00 203.50
350.00 181.50
362.00 89.50
468.50 127.00
478.00 186.50
1506.00 492.50
632.00 403.00
813.00 432.00
1294.00 408.50
1070.50 427.00
1250.50 415.50
973.00 428.50
891.00 383.50
728.00 402.50
697.50 393.50
1032.00 375.50
1162.50 414.50
1051.00 383.00
1190.00 468.50
1130.00 413.50
1358.00 417.50
760.50 392.50
1198.50 394.50
887.00 465.00
1006.50 408.50
1222.50 400.50
856.00 405.00
1231.50 438.50
928.50 397.00
779.50 396.50
1106.00 389.50
1141.00 367.00
1161.50 378.50
838.50 417.50
976.00 381.00
994.00 395.50
310.50 702.00
435.00 642.50
290.00 424.00
329.00 344.50
309.50 301.00
