85.00 452.50
176.50 157.00
246.00 103.50
207.00 89.50
249.00 52.00
282.50 53.00
443.47 479.06
394.77 446.60
537.13 401.64
523.40 370.42
635.79 347.94
674.50 372.92
921.76 582.71
950.48 633.91
824.35 377.91
865.56 344.20
1099.08 350.44
1092.84 291.75
1129.05 258.03
1079.10 238.05
1040.39 280.51
1012.92 218.07
992.94 280.51
934.24 283.01
911.77 269.27
864.31 246.79
854.32 283.01
774.40 258.03
513.41 320.47
489.68 274.26
535.88 271.77
475.94 265.52
470.95 244.29
474.69 229.31
423.49 255.53
433.48 251.79
422.24 288.00
443.47 246.79
396.02 244.29
407.88 238.05
363.55 241.80
321.72 234.93
302.36 246.17
510.28 195.59
544.00 194.34
580.22 214.32
598.95 216.82
627.67 203.08
732.57 205.58
746.30 152.51
761.29 148.14
756.29 180.61
763.79 190.60
781.89 199.03
853.07 204.64
863.06 200.27
866.81 213.39
864.94 227.75
881.80 196.53
923.01 180.92
945.48 202.15
934.24 162.81
909.27 151.57
899.28 151.57
970.46 202.15
970.46 135.96
990.44 129.09
1029.15 88.51
1047.88 158.44
1036.64 164.06
1038.52 176.55
1082.85 185.29
1130.30 179.67
1107.83 144.70
1094.09 133.46
1142.79 149.07
1146.54 127.84
1159.03 105.37
1180.25 129.09
1159.65 159.69
1196.49 175.30
1215.22 184.04
1250.19 238.99
1269.54 186.54
1241.44 151.57
1227.71 151.57
1206.48 162.81
1203.36 149.70
1213.97 132.22
1210.85 107.86
1236.45 82.89
1263.92 99.75
1276.41 102.24
95.00 691.50
123.50 604.00
170.00 511.50
239.00 613.00
201.50 391.00
68.00 424.50
58.00 355.50
276.50 742.50
297.50 827.50
339.00 850.50
364.50 672.00
366.50 596.50
433.50 470.50
459.00 430.50
509.00 440.50
