35.90 712.68
231.64 478.29
181.77 434.65
801.40 632.88
1012.10 412.21
916.10 309.98
601.92 445.87
645.56 403.48
588.21 349.87
479.74 392.26
42.44 279.90
44.94 252.47
3.48 252.47
3.17 230.96
36.83 233.14
50.86 230.03
73.61 224.73
85.14 219.12
93.87 229.09
103.85 213.82
111.95 244.68
123.48 223.48
134.70 216.94
131.59 194.81
155.90 224.42
164.00 239.38
195.48 232.21
195.17 313.56
218.86 223.48
178.65 195.43
164.62 198.55
161.20 187.64
191.74 178.60
204.21 177.35
219.17 188.26
252.52 197.30
264.68 199.17
279.95 176.10
271.85 167.38
261.87 166.44
255.33 170.81
262.18 153.35
300.21 148.68
311.43 165.20
316.42 134.96
326.39 177.35
304.26 182.65
327.01 246.86
341.98 207.27
361.92 205.09
389.04 252.78
359.74 165.82
349.46 137.46
364.42 142.13
368.47 116.88
380.94 120.62
394.03 134.96
426.75 119.07
426.75 163.01
437.98 163.64
454.18 126.55
406.49 107.53
414.60 103.17
448.57 97.25
545.82 101.61
527.74 80.10
514.65 85.09
518.39 72.00
485.66 86.96
476.62 92.26
464.78 96.62
487.85 78.55
478.18 83.85
537.09 72.94
564.52 62.03
573.87 55.48
569.82 74.18
508.42 40.21
556.73 29.61
569.20 22.75
576.36 20.57
579.79 17.14
579.79 17.14
584.16 14.96
590.70 14.96
596.62 13.40
601.61 5.61
606.60 11.85
611.90 3.12
614.39 7.48
612.83 19.33
617.20 17.14
594.44 29.30
600.36 24.31
612.52 39.27
587.59 46.75
584.78 60.47
590.39 71.38
611.90 62.03
604.10 55.79
611.27 50.49
622.81 48.31
626.86 60.16
626.86 34.29
635.59 43.95
643.38 33.66
668.31 29.30
678.91 52.68
664.88 67.64
638.39 68.88
663.01 99.43
614.08 102.86
700.21 102.08
690.23 115.17
698.34 40.99
712.68 25.40
700.83 9.20
684.62 6.70
619.79 271.64
682.13 241.09
738.23 239.22
752.57 270.39
732.62 103.33
731.38 154.44
758.18 70.29
821.14 90.86
829.87 47.22
871.64 41.61
897.20 49.72
936.47 24.16
959.53 48.47
981.98 30.39
998.81 37.25
782.49 17.92
807.43 14.81
825.51 22.29
925.46 4.21
932.94 6.70
494.77 189.28
357.31 519.03
558.36 610.19
623.30 610.19
524.64 352.94
482.19 285.50
662.01 285.50
718.21 296.74
684.49 176.86
715.71 170.62
748.18 139.40
799.38 134.40
773.15 101.93
796.88 89.44
878.05 145.64
910.52 179.36
1046.63 173.11
1129.05 233.05
1157.78 269.27
1238.95 255.53
1197.74 146.89
1189.00 153.13
1171.51 168.12
1155.28 163.12
1117.82 123.47
1117.82 97.87
1104.70 112.23
1065.37 145.95
1039.14 114.73
1032.27 103.49
1012.29 76.64
969.83 107.86
935.49 105.37
896.78 41.68
850.58 49.17
830.60 62.28
1064.74 2.97
1101.58 1.72
1112.20 11.08
1169.02 3.59
1045.39 10.46
777.52 55.42
769.41 5.46
694.48 64.78
714.46 17.33
741.31 17.33
697.60 2.34
688.86 16.08
659.51 7.34
659.51 16.70
625.17 19.20
617.05 2.34
647.65 74.15
619.55 84.14
605.19 84.14
587.71 54.17
563.36 106.62
522.77 85.39
523.40 71.03
540.25 60.41
550.24 16.08
567.10 24.20
580.84 16.70
574.60 7.34
586.46 7.34
494.05 14.21
519.65 24.20
490.30 52.29
491.55 35.43
468.45 32.94
468.45 18.58
444.72 6.09
447.22 17.33
452.84 65.41
444.72 70.40
485.31 76.64
444.72 103.49
406.63 84.14
429.74 120.35
403.51 112.23
385.41 101.00
392.90 34.19
389.15 21.70
398.52 21.70
414.75 24.20
262.40 140.33
285.50 135.96
287.38 107.86
257.41 61.03
283.01 60.41
321.09 89.76
343.57 92.88
356.68 44.80
336.08 28.57
346.69 33.56
355.43 16.70
872.18 18.46
95.50 788.00
59.00 699.50
245.50 788.00
218.00 598.50
162.50 586.50
235.00 478.00
215.50 445.00
120.50 444.50
68.00 486.50
54.50 441.50
80.00 360.50
153.50 353.50
110.00 332.50
83.00 319.00
70.00 336.50
70.00 325.00
74.50 300.50
185.00 672.50
188.00 682.50
188.00 682.50
185.50 682.50
185.50 682.50
185.50 681.50
156.50 517.00
96.50 335.50
83.00 332.50
177.50 610.50
325.50 611.00
324.50 464.50
405.00 556.00
423.00 457.00
481.50 407.50
