80.42 662.42
90.65 590.81
25.18 578.53
12.91 535.57
77.35 545.80
91.68 490.56
126.46 480.33
136.69 417.93
131.57 398.49
107.02 408.72
161.24 422.02
165.33 513.06
174.54 468.05
217.50 482.37
226.71 472.14
275.81 496.69
291.16 450.66
345.37 460.89
325.94 484.42
375.04 456.80
401.64 513.06
423.12 534.54
325.94 530.45
180.67 637.87
434.37 454.75
448.69 417.93
483.48 403.60
492.68 410.76
479.38 432.25
515.19 412.81
525.42 400.53
544.85 401.56
569.41 407.70
567.36 394.40
584.75 386.21
618.51 373.94
625.67 386.21
625.67 406.67
657.38 373.94
674.77 406.67
559.18 455.78
583.73 436.34
526.44 553.98
643.06 517.15
706.49 538.64
713.65 442.48
686.03 451.68
714.67 378.03
683.98 385.19
731.04 364.73
753.54 378.03
736.15 428.16
746.38 416.90
774.00 412.81
798.55 410.76
815.94 373.94
786.28 391.33
806.74 384.17
783.21 518.18
838.45 481.35
767.86 658.32
651.24 644.00
1008.26 634.80
887.55 523.29
947.91 474.19
929.49 450.66
946.88 399.51
949.95 386.21
1014.40 386.21
1015.42 423.04
1014.40 441.45
874.25 428.16
844.59 432.25
845.61 386.21
871.18 389.28
80.17 401.56
107.28 390.82
131.83 371.38
141.03 362.17
98.07 374.96
78.63 380.08
84.26 370.36
83.24 358.59
72.50 361.66
59.71 357.57
60.22 346.83
85.79 341.71
67.89 328.41
80.17 329.44
93.47 332.51
88.35 327.90
54.59 338.64
41.29 345.29
29.02 345.29
45.39 327.90
35.67 322.28
18.79 305.91
65.85 319.21
71.98 312.56
58.17 310.51
51.52 319.21
51.01 295.68
58.68 300.79
68.53 299.00
74.16 299.52
77.74 305.40
84.13 304.63
80.81 292.35
73.90 288.77
68.79 287.50
64.95 289.54
59.84 294.15
54.21 291.33
50.37 286.73
46.79 286.73
42.70 292.87
36.31 296.70
32.98 292.10
38.86 290.05
32.98 283.40
32.98 332.76
11.50 351.43
18.66 341.97
11.76 269.85
25.82 273.43
25.82 276.75
31.19 277.01
30.17 272.41
35.03 275.73
43.21 277.78
40.65 284.43
55.23 283.66
57.02 279.57
54.98 276.50
33.49 255.02
28.12 256.29
25.82 255.02
39.89 254.25
27.36 259.88
24.80 262.69
21.47 260.90
18.15 262.69
18.66 267.55
21.73 269.08
25.31 266.27
28.89 264.48
31.96 266.27
31.70 261.41
36.05 267.29
24.03 271.13
11.76 264.73
17.64 273.17
15.34 271.38
15.34 268.06
47.82 281.10
70.07 280.59
65.46 281.61
73.90 281.36
80.04 280.59
77.48 279.31
72.88 276.24
74.92 272.66
79.02 273.43
81.57 273.43
76.46 268.31
74.41 261.67
81.57 258.34
84.39 262.43
86.94 259.36
90.27 258.85
93.59 257.83
97.17 256.29
93.34 262.43
90.27 264.48
87.46 268.57
86.94 272.41
93.59 272.41
89.50 282.64
93.34 278.80
94.62 285.45
97.43 285.45
93.34 291.84
89.25 295.17
106.64 289.80
102.54 288.77
104.34 277.52
101.01 275.48
98.45 272.15
99.99 266.52
99.99 261.15
96.92 263.46
95.38 265.25
97.43 296.96
99.99 303.10
95.13 310.00
101.52 320.23
100.50 326.62
95.90 323.56
82.34 319.98
100.24 336.85
98.20 342.74
87.20 351.18
98.45 351.43
106.64 361.15
110.47 351.69
115.84 346.83
114.31 331.48
118.91 327.14
118.66 319.46
121.98 315.63
118.91 308.21
106.13 311.54
109.45 317.93
109.71 304.89
108.94 296.96
102.80 295.68
115.08 292.35
112.26 286.73
107.15 283.40
109.71 277.01
115.08 280.59
107.40 274.20
111.75 273.69
115.08 272.92
114.82 268.57
112.01 263.71
107.92 267.04
103.57 266.52
117.12 263.20
122.24 260.64
127.35 270.11
127.61 279.06
125.05 288.26
123.00 294.66
117.89 286.22
122.75 279.57
123.00 274.20
118.91 274.45
123.77 265.25
128.89 263.20
127.35 258.09
121.98 254.50
112.77 254.76
108.17 255.02
104.59 254.76
135.28 351.43
127.10 348.87
133.75 339.16
135.02 331.74
129.65 314.09
130.17 305.14
128.63 296.45
123.77 302.58
118.91 301.31
130.93 287.75
136.05 280.85
133.49 274.71
137.07 272.41
133.75 268.57
137.58 267.29
136.81 263.20
133.75 258.85
134.77 255.02
141.16 258.34
145.51 260.64
145.77 255.02
150.62 256.81
150.11 260.13
148.58 269.34
152.16 265.25
142.44 264.73
144.23 270.62
142.19 275.48
146.53 282.64
144.49 287.75
142.44 278.29
156.76 274.45
155.23 269.34
151.65 279.57
149.86 286.73
154.72 282.64
158.30 283.40
160.09 286.73
159.06 292.10
152.93 289.80
154.46 294.15
149.09 295.17
142.44 293.89
140.40 297.21
141.42 303.10
139.37 308.47
145.00 307.44
143.21 316.14
148.58 322.79
148.83 333.27
144.74 344.02
156.76 339.92
159.06 329.69
162.39 321.51
156.76 317.42
160.09 311.54
152.67 307.70
155.23 300.28
161.37 300.79
160.09 364.47
150.11 354.25
159.58 354.50
167.76 362.43
171.34 357.31
188.22 365.50
184.64 356.29
185.92 348.11
172.87 339.92
175.43 332.76
174.15 323.56
174.15 311.28
168.27 308.21
171.85 300.03
168.78 293.89
164.95 282.13
172.11 281.87
168.02 279.31
165.97 274.45
157.79 265.50
158.04 260.39
158.55 256.04
162.90 253.23
165.97 258.85
169.55 262.43
170.32 267.29
162.90 270.36
162.90 266.27
173.13 252.71
168.78 252.97
172.11 257.06
170.83 260.13
173.64 261.15
177.48 258.34
176.97 251.95
180.29 254.25
185.92 252.97
181.83 259.62
184.38 262.18
184.38 258.09
181.06 262.69
176.46 269.08
180.29 271.90
173.13 275.48
176.20 278.80
177.22 275.22
183.87 280.59
181.57 277.27
177.48 286.73
180.04 293.89
190.52 300.03
186.94 303.10
183.62 310.26
179.27 306.42
184.64 318.44
197.94 314.09
204.84 309.23
202.54 303.61
196.91 305.40
194.61 300.54
198.70 294.40
202.29 284.94
196.40 285.45
186.43 286.98
193.33 284.43
191.54 279.31
191.80 272.92
185.41 271.90
186.43 266.52
181.83 266.01
189.50 263.20
191.54 266.27
195.12 266.27
195.64 262.43
195.89 258.09
195.89 256.04
193.08 253.23
192.06 256.55
198.45 271.90
204.59 268.31
203.56 262.18
199.47 262.18
199.73 258.85
203.82 258.09
204.33 256.81
209.19 252.97
201.01 253.99
211.75 289.80
210.47 304.37
213.03 316.14
206.38 321.00
198.96 322.79
192.57 335.83
189.24 325.86
183.36 333.02
206.63 346.83
203.31 364.99
194.61 357.31
222.49 355.78
222.23 347.08
217.37 333.27
222.49 321.00
230.93 327.39
234.51 341.97
237.32 330.72
244.74 326.62
238.60 320.49
230.67 318.95
221.21 310.00
230.16 305.14
229.91 299.52
222.23 298.49
214.56 285.45
213.28 279.31
205.87 279.82
199.73 280.59
197.43 281.61
204.84 272.92
207.66 276.50
210.72 273.43
212.00 268.31
209.19 267.04
207.91 263.71
208.93 258.34
213.03 262.18
215.58 265.25
216.35 272.66
222.23 262.69
219.16 265.25
217.63 259.11
218.91 256.55
216.86 255.02
216.10 251.95
220.70 251.95
224.53 251.18
228.12 250.92
228.88 254.25
224.28 254.25
226.58 257.06
226.84 262.18
224.28 271.90
224.02 277.52
228.88 275.99
227.09 281.36
222.74 280.59
228.12 292.35
218.40 300.28
220.70 285.45
234.00 289.80
239.62 281.36
234.51 269.85
230.16 269.85
225.30 266.52
229.39 267.29
234.00 264.73
231.44 261.15
234.25 259.11
231.70 255.02
235.02 255.02
239.24 368.06
247.42 345.55
261.75 344.02
252.79 332.76
252.79 324.07
250.49 315.88
236.68 307.70
250.49 307.44
259.44 308.72
260.21 317.42
266.86 325.60
268.40 318.95
265.84 307.96
272.23 310.26
271.72 299.52
265.84 295.68
263.79 302.84
254.33 300.54
252.54 295.42
245.38 290.05
240.01 289.29
241.03 297.98
235.66 297.73
256.63 284.43
247.42 282.13
243.33 278.03
245.12 274.96
240.26 268.57
245.38 262.69
252.41 268.70
251.13 260.00
246.91 252.33
243.72 248.75
240.14 251.31
239.24 254.63
254.46 254.25
251.00 249.52
258.68 251.31
262.13 255.02
267.12 261.79
265.33 265.89
266.60 270.11
265.07 277.39
257.65 275.35
250.49 274.45
254.97 269.08
254.58 260.13
259.06 257.70
265.20 250.16
268.14 249.90
272.74 250.41
277.09 251.69
276.58 256.29
272.49 257.96
269.93 256.42
266.48 258.34
270.82 259.88
272.10 267.93
279.52 264.35
281.18 258.72
277.09 260.77
283.74 261.28
281.18 253.48
284.00 255.53
285.40 251.18
286.68 257.45
287.58 261.03
286.30 266.27
287.83 268.95
288.60 271.51
281.69 270.11
277.22 275.86
278.75 278.67
271.59 280.46
286.43 275.86
284.25 284.81
274.66 288.77
265.45 285.96
261.75 281.74
251.00 256.81
247.17 256.04
240.01 260.64
237.45 268.06
238.73 272.41
275.56 270.36
270.95 272.41
273.51 252.46
273.25 255.27
281.18 251.18
291.16 258.09
290.90 261.15
294.23 257.83
294.74 260.64
297.29 261.92
298.32 259.11
297.04 254.25
297.55 249.90
291.92 250.16
289.88 250.92
289.88 254.25
290.64 277.01
292.95 268.31
296.02 275.22
298.06 269.34
298.06 272.41
301.39 265.76
304.20 266.78
301.64 262.43
301.39 257.06
301.90 254.50
305.73 254.76
303.18 250.92
300.36 246.83
307.78 250.92
311.36 255.53
303.18 260.13
305.99 259.11
308.04 267.29
309.31 269.34
305.73 274.45
302.15 278.80
304.20 286.98
297.04 283.40
290.90 283.92
285.02 297.73
294.48 293.89
289.88 289.03
280.67 309.23
283.23 317.42
283.74 328.16
294.48 329.95
299.85 317.42
301.13 312.05
304.46 308.72
295.50 304.12
310.59 302.07
317.24 302.07
312.64 291.84
307.27 295.68
312.13 310.77
311.62 322.53
323.64 324.32
307.01 334.81
277.09 336.85
325.94 315.88
325.17 307.19
336.42 313.84
350.74 314.09
349.47 302.58
335.40 299.52
330.29 295.42
342.56 296.19
342.56 290.31
349.72 291.84
356.88 292.87
361.49 286.47
360.72 299.00
363.79 307.96
363.79 314.60
380.41 313.07
388.59 312.81
380.92 306.42
375.30 299.26
377.85 293.89
371.97 288.77
367.62 295.94
311.87 284.43
307.78 282.64
314.43 277.01
311.36 277.01
313.41 272.92
310.85 265.50
314.43 266.01
320.31 273.69
329.52 282.13
333.10 280.85
333.61 275.99
329.77 273.69
325.17 273.94
321.85 269.85
321.85 265.50
328.24 265.76
325.68 260.64
316.99 261.41
315.45 258.60
318.78 255.27
311.87 262.43
308.04 261.41
314.94 253.48
314.17 250.41
312.64 248.37
318.27 249.39
323.12 246.32
322.36 250.16
324.40 256.55
327.47 256.55
327.47 250.92
332.33 255.78
334.38 254.25
335.40 257.57
338.21 254.76
336.93 250.41
335.66 244.28
332.08 249.90
331.31 267.55
333.10 264.48
332.84 261.67
338.72 268.31
335.40 268.06
343.07 267.80
344.61 260.13
343.84 262.43
340.26 259.62
340.26 252.20
343.58 254.50
347.68 253.48
347.16 251.18
351.00 246.58
346.65 246.58
352.53 251.44
355.09 249.39
354.58 246.32
357.91 245.55
358.16 252.46
354.58 254.50
356.63 257.83
359.95 256.55
351.77 255.78
352.79 258.60
349.72 264.22
347.42 267.80
348.19 258.34
354.84 260.90
352.53 265.76
352.02 273.69
347.16 275.22
343.58 275.73
341.79 278.03
337.70 275.48
338.72 284.43
346.40 281.61
362.51 275.99
356.37 272.15
359.70 269.85
361.23 262.18
358.67 264.22
367.11 268.83
370.18 263.71
370.44 260.39
364.81 259.88
362.51 252.97
363.53 249.13
370.18 248.37
367.11 252.71
370.18 255.78
370.18 253.23
372.74 248.37
381.43 243.76
383.48 249.65
380.92 252.71
377.09 250.92
377.34 258.60
373.76 260.13
375.30 256.55
377.09 265.76
377.34 269.08
371.20 268.31
370.95 273.43
365.07 272.92
372.48 279.57
380.41 288.01
383.99 290.31
391.15 302.58
392.69 295.94
405.22 309.23
408.03 304.63
398.82 298.49
402.15 292.87
398.31 285.96
390.90 279.06
381.95 279.57
384.76 272.66
381.69 266.78
380.67 272.92
383.99 269.85
381.43 269.08
392.69 268.31
387.57 266.78
383.74 262.43
387.57 261.67
391.66 260.13
391.92 255.27
384.76 254.50
388.34 256.55
388.34 250.92
390.13 248.62
385.53 246.83
395.76 247.34
399.85 245.55
403.43 246.32
400.10 249.13
396.52 256.55
399.85 253.74
403.43 286.47
403.56 277.65
395.88 275.09
400.74 271.51
406.11 269.85
406.11 263.20
406.11 258.47
399.98 260.77
406.24 253.23
405.09 251.18
411.87 253.74
414.94 254.38
412.00 262.43
412.63 267.29
417.24 275.60
413.66 273.05
417.49 283.53
412.63 288.01
419.28 295.68
419.80 303.48
409.82 295.94
426.83 301.31
431.30 297.09
427.21 290.82
430.41 288.39
425.17 280.72
422.86 273.56
417.88 267.42
419.80 260.39
417.24 258.98
421.59 252.33
417.75 253.61
415.06 251.31
414.17 246.19
411.61 243.89
407.14 244.28
424.02 245.43
425.17 241.97
427.47 243.38
426.96 246.58
428.49 249.90
418.13 248.88
416.98 246.96
424.40 260.51
424.14 255.27
421.33 255.53
427.72 257.57
429.39 261.92
431.05 257.19
433.86 254.50
430.79 252.59
433.22 247.34
432.07 244.91
437.44 250.03
440.00 250.80
440.77 243.38
444.22 251.69
441.92 254.12
439.23 255.91
436.67 260.26
433.09 263.20
433.61 269.85
437.95 270.49
437.19 267.93
429.26 269.21
426.96 272.15
430.15 274.45
435.27 276.50
440.26 290.69
440.64 299.13
438.34 306.29
452.79 307.70
450.36 300.92
447.93 293.51
450.23 284.55
444.60 283.40
445.88 273.69
444.86 264.35
443.45 259.36
440.77 262.43
442.30 267.42
454.07 274.07
448.18 269.21
451.00 267.93
452.53 261.15
448.69 258.60
445.50 249.52
447.93 246.83
445.88 242.61
453.04 245.55
453.43 249.52
454.07 254.63
457.13 253.61
461.87 255.14
459.82 251.05
459.05 246.45
456.24 246.45
455.47 242.87
458.80 242.87
463.66 241.59
466.34 241.33
465.06 245.04
464.17 249.52
466.21 256.68
464.30 262.30
467.24 270.49
464.55 265.89
459.56 269.21
461.35 265.12
458.03 258.72
459.69 261.79
437.19 281.87
461.74 284.30
466.85 281.10
458.54 295.04
454.07 292.74
456.24 285.71
461.87 302.20
456.11 301.69
473.50 306.68
474.52 296.70
468.64 295.68
469.15 286.73
474.27 284.43
475.04 276.50
478.87 284.68
483.73 281.36
488.34 275.35
489.74 281.87
496.52 283.28
494.47 290.69
488.85 294.15
484.37 290.31
480.79 299.00
497.16 272.79
492.81 269.47
487.82 269.59
487.57 265.37
483.99 267.16
475.80 267.93
474.91 264.35
470.94 267.68
470.56 264.10
469.15 260.51
469.41 256.93
469.41 252.84
466.98 248.75
469.41 248.75
469.41 244.53
468.13 245.94
471.71 247.09
472.48 252.33
476.06 257.45
478.23 252.33
480.92 262.30
482.45 256.93
483.22 254.12
481.17 250.92
476.06 247.22
478.87 245.30
480.66 245.43
480.15 241.59
486.42 247.98
484.50 250.28
487.95 251.44
489.87 248.24
489.36 254.76
488.34 258.60
489.10 263.71
498.56 260.00
492.55 256.42
497.16 267.42
493.32 264.99
494.22 251.69
498.31 254.89
494.60 254.89
497.41 251.82
494.98 247.09
500.10 243.51
495.24 243.64
508.41 251.44
505.73 241.59
503.68 239.54
498.44 230.34
487.82 239.03
470.31 239.03
507.52 237.88
513.27 239.29
515.19 244.40
514.80 241.97
522.99 239.67
522.48 242.74
519.02 242.10
526.82 241.33
525.93 244.02
523.63 246.70
521.33 246.19
518.26 249.77
520.69 252.46
519.54 256.29
524.01 263.46
524.91 251.82
528.36 247.73
530.02 243.25
533.22 244.15
534.50 247.34
537.95 241.08
541.15 238.78
548.05 241.08
544.09 244.02
540.00 244.91
537.82 246.70
535.78 257.45
536.93 254.38
530.28 252.71
531.17 262.05
528.61 264.73
532.83 267.04
526.19 271.00
529.77 279.06
524.14 282.64
524.14 289.54
522.09 301.56
537.57 302.20
530.28 289.29
538.72 290.69
536.93 280.33
543.58 272.79
541.27 267.55
542.55 263.33
539.10 259.75
541.15 254.38
548.18 251.44
549.20 259.11
552.65 272.28
555.34 266.91
556.75 259.36
553.42 249.65
549.20 246.45
552.78 243.12
554.83 240.57
556.75 238.65
557.90 248.24
556.87 245.04
564.04 241.46
566.21 238.01
563.40 247.34
562.50 257.45
566.21 255.91
564.42 259.62
559.43 251.82
555.85 256.29
551.38 255.14
547.03 278.80
556.75 289.16
549.84 291.33
566.47 283.53
567.23 292.23
559.43 284.43
553.81 283.79
559.18 302.97
575.42 296.45
585.26 298.62
578.10 286.60
572.86 288.26
571.45 282.64
573.63 273.81
572.99 265.89
569.79 261.03
568.77 257.83
570.56 256.17
575.29 260.39
572.48 253.23
574.90 250.03
575.16 246.07
570.81 246.58
572.48 241.33
570.68 238.39
572.09 236.22
577.59 241.08
579.38 238.78
583.86 238.52
588.84 236.99
592.93 235.96
596.90 236.47
602.01 235.32
585.90 242.87
579.76 245.30
580.28 249.52
583.86 252.97
581.17 254.63
583.73 257.19
581.30 260.64
586.03 260.77
587.56 273.69
583.60 277.14
587.18 286.73
594.85 276.75
603.04 280.97
597.67 272.28
599.84 269.21
593.70 265.76
596.52 260.90
590.63 259.75
593.32 257.83
590.12 245.81
587.69 246.58
588.33 250.54
595.49 249.77
596.90 246.32
595.49 243.89
597.28 242.87
592.93 241.85
599.33 250.03
599.58 258.60
602.52 263.20
604.83 256.93
603.68 253.61
602.78 249.01
606.62 248.88
608.15 246.32
605.21 246.70
603.68 244.15
606.23 243.25
603.29 238.78
605.98 240.06
608.15 238.78
610.84 236.35
613.78 231.87
615.44 254.76
613.78 249.01
610.84 251.69
610.96 256.17
610.96 264.86
606.74 269.85
617.49 286.98
620.17 281.74
625.93 278.93
621.83 269.72
623.24 263.71
622.86 258.85
617.49 260.77
623.62 248.62
627.72 252.59
630.02 246.83
627.20 241.33
623.62 239.80
618.13 240.69
618.13 248.24
631.94 254.38
634.49 251.44
638.97 257.57
636.03 261.79
630.53 264.35
629.38 271.00
637.05 282.25
634.49 287.88
629.25 287.62
638.97 253.35
643.96 257.83
648.30 251.82
647.41 245.17
644.34 246.96
644.59 242.61
657.77 233.15
661.35 233.92
644.08 239.67
640.12 237.75
640.50 244.02
636.41 245.04
632.83 241.85
635.39 239.80
633.98 245.94
630.66 241.21
623.11 244.28
647.41 293.76
652.52 266.01
648.30 260.64
661.22 268.44
656.74 271.90
669.15 276.12
671.06 273.30
669.91 266.91
674.26 264.61
679.25 284.04
676.95 275.09
686.54 287.37
683.60 298.62
689.35 298.88
675.41 304.12
668.25 296.57
694.21 311.79
705.72 306.68
708.79 298.62
703.54 292.87
704.57 285.71
692.55 284.94
691.01 279.44
697.15 275.35
694.98 268.57
704.95 272.92
711.34 268.44
719.40 268.70
715.31 290.44
714.80 283.28
731.04 286.22
728.86 276.37
727.71 268.70
716.20 263.20
708.79 259.49
718.12 258.21
710.32 254.50
715.18 251.82
727.20 255.27
720.55 252.97
722.21 246.70
731.42 247.73
711.34 248.24
710.83 241.21
717.10 241.08
707.51 235.96
704.95 236.86
702.39 237.88
705.21 244.79
704.82 240.57
713.39 235.84
709.81 233.79
718.63 231.74
715.82 235.07
719.40 235.96
721.32 241.33
728.22 241.46
730.91 242.74
727.71 247.22
727.20 260.90
724.39 259.24
733.59 266.27
737.81 268.70
735.51 257.06
731.80 258.98
734.36 248.88
739.09 246.58
737.17 244.02
740.24 242.10
733.34 231.74
726.82 236.35
739.60 232.77
744.85 235.58
748.43 233.02
754.44 238.14
759.42 236.60
769.14 228.42
763.39 233.92
770.04 234.68
764.41 244.79
768.63 243.64
752.77 245.94
749.19 245.94
747.92 251.69
746.13 246.58
743.31 248.37
743.44 252.71
744.34 260.51
743.18 265.50
749.71 264.22
755.59 260.51
761.98 252.71
761.98 247.86
755.46 249.52
757.89 241.59
758.27 243.76
763.26 241.33
765.82 240.82
771.83 244.66
774.90 245.17
773.23 240.06
774.26 237.11
770.68 259.11
773.23 252.20
767.74 248.75
769.91 267.80
775.79 263.97
763.39 264.48
767.10 274.32
760.19 275.35
765.05 283.79
771.96 281.87
754.18 279.95
742.93 283.53
747.92 293.38
758.40 291.33
745.36 274.71
766.58 257.06
762.49 260.64
762.75 256.29
722.60 263.97
768.89 292.35
786.28 298.49
777.58 285.19
756.36 230.72
839.73 326.50
860.95 325.99
886.66 327.52
874.13 315.50
871.31 301.05
854.82 305.53
840.50 312.69
821.57 310.77
814.03 318.82
808.27 296.32
815.69 294.78
804.95 288.52
800.09 280.72
804.69 278.80
814.15 281.49
827.45 280.46
833.21 284.55
838.19 288.14
836.15 302.07
838.58 296.19
848.30 298.36
855.07 296.70
856.10 284.17
848.81 282.00
864.79 282.00
890.62 284.68
898.55 304.50
883.33 303.48
793.18 270.87
797.02 265.25
785.25 264.99
779.63 262.56
777.97 257.32
784.61 260.77
789.73 260.77
786.92 253.87
794.46 255.14
790.75 250.54
793.44 248.49
786.66 247.60
780.40 248.49
778.73 251.69
775.66 242.87
778.60 244.66
780.78 244.53
779.24 241.33
780.40 239.42
782.31 240.44
780.40 236.35
778.48 229.19
783.59 235.84
787.56 229.06
789.35 232.13
788.83 242.36
785.13 242.23
787.94 236.22
792.93 236.47
792.54 240.82
796.00 239.29
796.38 235.32
797.02 246.58
802.01 250.54
802.39 255.14
798.30 252.59
810.45 253.74
809.17 262.69
809.29 272.66
818.50 263.46
819.65 258.47
816.46 258.21
816.84 254.25
814.66 244.02
814.54 240.82
811.34 238.78
810.57 245.43
804.44 238.27
802.13 228.16
809.55 234.43
803.54 232.13
824.00 232.51
823.10 228.16
823.36 236.09
822.47 239.80
812.87 235.71
802.01 245.81
800.60 238.14
824.64 257.45
822.08 252.59
817.22 248.62
826.81 250.80
821.57 245.43
825.15 245.55
832.44 248.37
831.67 242.10
833.59 234.81
836.28 241.72
837.04 255.53
833.08 253.99
835.64 263.20
838.45 264.73
838.96 258.72
841.90 257.06
843.18 254.89
837.94 250.92
840.50 246.19
835.89 245.94
843.82 247.22
842.03 242.87
845.10 242.23
842.67 233.15
847.02 230.59
849.19 233.79
846.51 238.27
849.06 243.12
852.52 238.65
856.35 238.27
854.05 230.59
851.75 231.23
853.15 235.71
858.40 230.72
856.99 247.22
851.75 247.86
849.19 249.52
850.47 258.60
847.66 255.14
850.47 263.71
850.72 269.85
859.04 264.10
858.40 272.28
842.03 276.63
829.75 270.87
825.15 267.29
819.52 273.56
826.94 261.67
924.76 322.28
914.53 307.96
926.30 304.63
936.27 318.19
945.48 304.89
939.08 296.45
938.06 284.94
928.85 282.38
908.40 291.33
915.04 284.68
878.22 267.55
872.59 269.08
880.77 276.75
885.12 268.83
893.56 264.22
901.75 263.46
907.63 267.55
912.49 273.94
915.04 279.31
915.56 266.01
861.85 257.96
858.01 252.84
863.38 252.84
862.36 248.88
863.90 245.30
867.22 248.75
866.84 242.10
860.06 242.10
861.98 240.06
863.90 237.11
867.99 234.94
871.18 238.52
874.38 234.94
876.55 237.11
874.38 240.57
877.96 240.82
877.07 246.32
877.45 252.08
874.38 252.97
871.44 256.04
866.84 254.89
867.09 261.92
878.86 254.50
883.20 254.63
883.46 247.22
884.61 242.48
885.12 233.15
877.07 232.38
888.19 225.22
895.35 230.85
892.41 233.92
891.52 240.57
890.37 246.07
890.75 251.31
893.69 257.83
888.83 258.60
897.40 254.38
903.66 253.35
895.99 242.61
899.57 239.80
898.04 234.30
904.05 238.14
907.63 237.88
908.52 246.96
913.25 242.61
913.77 247.73
914.02 253.74
918.37 261.28
913.25 261.03
922.59 255.40
923.48 250.67
926.30 250.41
922.08 238.39
917.47 235.96
919.78 233.53
915.56 231.87
910.95 232.38
902.00 231.36
901.36 224.71
919.26 222.66
925.40 223.69
927.58 232.89
931.28 224.20
944.84 224.58
950.98 224.33
947.14 229.44
938.32 234.94
931.16 237.24
928.09 242.10
934.10 244.40
935.25 250.54
939.85 244.15
939.85 239.03
942.03 233.79
941.77 228.04
934.23 226.25
934.99 258.47
932.69 255.02
930.26 251.69
928.47 256.17
924.51 262.18
938.57 267.68
931.16 261.79
951.10 267.16
951.23 260.00
941.39 258.34
944.58 255.66
943.43 251.31
945.99 247.47
949.83 252.84
951.62 249.26
951.10 243.12
950.85 239.29
956.35 225.22
956.73 232.38
955.84 239.29
955.58 245.55
955.32 284.81
965.68 318.44
973.61 298.75
969.26 283.15
981.03 278.54
989.21 279.82
998.42 286.73
987.68 297.73
991.26 307.70
994.33 320.23
986.65 339.16
1019.90 321.77
1020.41 308.72
1014.78 300.03
1008.65 286.73
1010.18 321.51
1020.92 341.97
974.95 263.20
964.08 264.61
959.48 260.64
955.77 257.96
960.12 247.47
968.05 245.17
975.59 253.35
983.65 254.38
988.76 263.97
990.55 252.84
1007.18 260.51
1009.61 268.70
1013.70 259.36
1001.04 248.24
1003.98 244.15
987.10 245.30
991.06 244.53
987.36 240.18
980.96 241.08
982.62 247.09
977.13 246.83
976.36 242.10
970.99 241.59
964.08 234.68
965.75 237.50
971.37 230.46
969.84 224.97
969.33 219.60
963.19 223.18
967.15 224.71
978.53 231.49
977.00 224.71
985.82 225.22
982.75 225.22
984.16 230.08
982.62 233.41
990.17 229.70
996.69 229.19
1006.92 232.77
999.25 239.03
1014.34 244.15
1008.46 238.78
1014.85 234.56
1008.97 221.90
995.60 237.88
992.28 239.67
996.12 242.74
360.00 556.50
340.50 314.50
418.50 346.50
441.50 227.00
480.00 166.50
474.00 81.00
421.50 79.50
477.00 47.50
525.00 32.00
98.00 432.50
108.50 386.50
75.50 327.50
306.86 871.43
1103.53 933.77
1111.01 821.56
1071.12 647.01
477.66 595.90
574.91 565.98
660.94 455.01
695.85 481.20
527.53 428.83
1254.39 416.36
1189.56 386.44
1124.73 395.17
983.85 381.46
977.59 259.31
1018.38 262.25
1043.19 257.63
1040.67 307.67
995.67 322.80
956.99 325.75
1059.17 276.97
1075.56 280.75
1093.22 290.85
1121.40 268.98
1105.84 258.47
1254.27 271.92
1156.72 310.19
1000.30 304.30
998.20 360.65
660.94 324.10
345.51 392.68
279.43 381.46
367.95 391.43
271.82 262.99
258.71 282.11
296.96 318.73
289.86 286.49
330.84 265.72
343.41 270.64
343.41 288.13
355.98 299.60
365.81 261.35
380.02 259.71
397.51 269.00
405.16 258.07
419.37 259.71
477.29 284.30
461.99 282.11
462.54 309.44
448.33 337.85
525.38 269.00
511.17 261.35
533.03 259.71
570.74 285.94
659.27 293.59
660.91 261.89
683.86 269.00
681.13 294.14
701.34 265.72
751.95 263.01
512.41 280.58
