60.24 379.08
124.98 352.42
288.74 320.69
320.47 300.38
364.90 274.99
508.35 314.34
548.97 687.55
609.90 610.11
703.84 459.05
667.03 363.85
818.09 587.26
721.61 324.49
585.78 300.38
557.86 238.17
608.63 230.56
20.89 163.28
53.90 140.43
78.01 121.39
91.98 150.58
136.41 94.73
818.09 304.18
870.13 286.41
796.51 243.25
832.05 280.06
847.28 234.37
830.78 221.67
819.36 201.36
858.71 205.17
838.40 174.70
788.89 167.09
755.89 156.93
673.37 162.01
441.07 112.50
461.38 113.77
53.26 57.60
31.05 15.71
13.91 7.46
81.19 14.44
126.89 17.61
126.25 46.17
118.00 74.10
154.18 37.92
172.59 9.36
173.22 37.92
163.07 7.46
195.44 61.41
197.34 98.22
245.58 154.71
231.61 100.12
231.61 52.52
201.15 25.86
230.35 14.44
237.33 21.42
244.31 89.33
253.83 76.00
290.64 99.49
293.82 121.70
275.41 93.14
284.93 65.21
277.31 48.08
123.08 3.81
209.40 2.85
271.60 2.22
283.98 2.85
296.36 10.47
308.10 6.35
312.54 18.72
292.55 47.92
309.68 74.89
334.23 63.79
332.00 95.20
325.02 78.38
334.86 8.25
376.43 91.40
362.79 57.12
379.29 41.57
385.32 54.90
362.47 26.34
384.69 34.59
394.52 27.93
386.27 17.77
391.98 19.36
402.78 25.07
413.25 4.76
416.10 17.77
440.86 24.43
431.65 34.59
433.24 46.97
415.47 50.14
454.50 66.64
470.05 34.27
479.89 2.22
476.08 3.81
499.89 68.86
501.16 45.06
512.90 47.28
525.91 54.90
506.87 33.32
504.65 9.20
499.25 1.90
570.66 70.77
571.61 48.87
597.31 113.29
600.17 65.37
586.52 53.00
591.60 58.39
598.27 47.60
606.83 21.58
592.55 15.55
438.95 31.10
378.02 9.84
559.87 25.39
570.97 20.63
570.97 14.28
676.76 88.06
636.77 79.18
614.56 61.41
624.08 58.23
643.44 60.93
688.18 74.89
681.84 46.65
689.14 53.31
678.66 37.13
651.37 34.27
662.48 34.27
632.96 32.69
614.87 10.47
610.11 11.42
624.08 1.90
634.87 0.63
633.92 18.09
638.99 22.85
631.06 25.70
647.56 27.61
652.00 27.61
654.86 27.29
691.36 5.39
692.94 20.63
700.88 44.11
705.32 79.02
722.14 79.97
725.95 114.56
738.33 82.83
763.08 50.78
718.97 24.43
729.44 43.79
739.59 47.60
728.17 13.33
714.21 14.60
704.05 11.74
702.78 8.57
748.80 19.36
781.17 26.34
756.10 36.18
776.73 114.25
784.02 137.10
800.21 117.42
804.65 73.31
799.58 37.13
789.74 24.75
807.19 27.93
810.37 24.75
877.96 178.19
848.13 156.61
838.61 148.36
832.90 133.13
860.19 96.95
838.61 89.33
827.82 82.99
865.90 63.31
870.98 41.73
842.42 32.21
873.52 51.89
858.92 55.69
895.73 61.41
923.66 48.08
888.75 73.47
881.14 82.35
897.64 175.65
904.62 149.00
930.01 156.61
927.47 126.15
969.78 44.11
985.02 46.65
902.50 75.85
927.26 79.97
934.24 72.67
929.80 67.59
925.99 101.23
961.21 101.23
971.05 73.94
976.77 86.32
970.42 121.86
956.77 149.79
980.26 141.54
997.08 95.52
1001.84 85.37
999.61 71.09
1006.60 77.12
977.40 69.82
1022.78 107.90
1022.78 94.57
985.02 189.14
974.23 185.02
945.56 71.09
952.86 79.02
712.30 74.89
699.29 36.49
183.01 10.83
194.27 14.41
338.35 43.93
353.33 23.81
351.41 9.04
356.54 8.83
383.94 10.27
477.05 35.15
491.61 40.93
336.00 437.00
421.50 358.00
496.50 455.00
336.00 229.00
295.50 223.00
331.50 186.00
336.00 70.00
317.00 77.50
354.00 67.50
341.00 484.00
115.00 781.50
193.00 761.50
260.00 762.00
157.00 734.50
309.50 706.50
76.00 700.50
160.00 624.00
93.50 624.00
214.00 460.00
188.00 463.00
170.00 434.50
157.00 427.00
152.50 485.50
134.50 451.50
127.00 430.00
119.00 402.00
119.00 481.50
67.00 470.50
69.50 439.00
83.50 413.50
92.00 325.00
70.00 334.50
86.50 300.00
60.50 312.00
73.00 292.50
369.00 771.50
347.00 695.00
591.50 738.00
597.50 708.50
480.00 540.50
345.50 553.00
342.50 478.00
348.50 455.50
345.50 436.00
371.00 429.50
376.50 407.00
434.00 399.50
430.50 427.00
409.50 446.00
445.50 434.50
465.50 426.50
489.50 438.50
343.50 331.00
342.50 342.50
336.50 363.50
351.50 326.00
350.00 302.50
340.50 308.00
324.00 333.50
328.50 330.50
332.00 278.50
329.00 284.50
329.00 291.50
326.00 299.00
420.00 471.50
