27.10 261.50
142.79 230.84
255.69 345.13
312.84 235.02
463.37 363.25
524.70 538.87
390.89 612.74
594.39 339.55
657.12 267.08
800.68 353.49
889.88 320.04
962.36 255.92
949.82 119.33
987.45 73.33
1001.39 5.04
909.40 53.82
862.01 10.61
845.28 6.43
860.61 98.42
838.31 201.57
811.83 186.23
743.53 186.23
730.99 83.09
744.93 59.39
768.62 21.76
718.44 7.82
661.30 24.55
648.75 30.12
640.39 45.46
633.42 64.97
613.91 41.27
583.24 14.79
555.37 53.82
570.70 49.64
545.61 109.57
627.84 95.63
666.87 148.60
680.81 102.60
597.18 166.72
639.00 177.87
573.49 144.42
438.28 207.14
436.89 149.99
432.71 124.90
429.92 110.62
482.89 137.10
493.34 104.35
424.35 69.15
395.08 60.79
353.26 39.88
323.99 56.61
328.17 83.09
296.11 55.21
304.48 85.88
188.79 137.45
131.64 149.99
42.44 141.63
46.62 112.36
75.89 90.06
116.31 60.79
135.82 39.88
163.70 49.64
80.07 56.61
34.07 78.91
35.47 39.88
4.80 92.85
8.98 130.48
339.09 1.20
403.90 3.99
438.75 13.75
469.41 3.99
360.00 24.90
669.66 31.87
752.59 94.59
919.30 101.30
159.62 79.14
80.64 40.18
3.15 164.12
307.53 205.43
177.82 87.81
231.97 98.94
250.59 1.55
378.16 6.90
360.18 316.95
625.39 3.47
414.00 455.00
381.50 542.50
445.50 199.00
396.50 149.50
224.50 696.00
128.00 464.00
226.00 426.00
236.50 404.50
186.00 372.00
239.00 350.00
236.00 333.50
402.50 958.50
218.00 347.50
441.50 566.00
375.00 521.50
478.50 431.00
