724.00 117.50
634.00 217.00
985.00 406.00
1075.50 723.50
588.50 277.50
1144.00 569.00
974.00 1061.00
779.50 457.50
709.00 515.00
925.00 609.50
1845.00 440.50
34.00 590.00
736.00 1058.00
806.00 1053.00
906.00 1062.00
1815.00 222.00
1843.00 374.00
962.00 579.00
1078.00 798.00
636.00 385.00
753.00 541.00
332.21 252.86
379.33 373.06
280.98 290.42
315.81 209.83
264.59 188.66
260.49 147.68
295.33 151.09
312.40 170.90
336.30 176.36
347.23 143.58
331.52 134.02
304.89 110.12
302.16 129.92
286.45 93.04
310.35 88.94
319.91 72.55
272.10 73.24
263.23 78.02
263.91 51.38
291.23 52.06
303.52 41.82
304.20 22.70
290.54 26.11
319.91 36.36
321.28 50.70
337.67 50.02
339.72 37.04
352.69 30.21
342.45 74.60
360.21 76.65
369.09 95.77
349.28 107.38
385.48 114.90
380.01 142.90
416.21 118.99
431.92 153.83
411.43 96.46
395.72 82.80
395.04 71.87
377.96 62.31
374.55 45.92
371.13 20.65
374.55 30.89
396.40 17.23
415.53 11.09
442.16 56.84
441.48 90.99
470.17 63.67
459.24 27.48
464.02 7.67
492.02 8.35
487.24 35.67
446.94 11.09
491.34 84.16
482.46 123.09
494.75 144.26
471.53 167.49
471.53 213.24
557.59 266.52
514.56 185.93
541.19 155.19
530.95 121.04
514.56 84.85
508.41 37.04
512.51 18.60
540.51 28.16
545.97 15.18
544.61 45.23
558.27 69.14
567.15 47.97
582.17 32.26
569.20 17.92
595.15 17.92
601.30 9.04
618.37 9.72
608.12 30.21
603.34 56.84
614.27 58.21
606.76 77.33
627.25 88.94
606.08 123.09
577.39 127.19
600.61 192.76
627.25 263.10
795.26 280.18
846.48 280.18
846.48 210.51
761.11 189.34
741.99 158.61
656.62 189.34
678.47 152.46
641.59 73.24
636.13 50.70
654.57 48.65
640.22 19.96
653.20 14.50
670.96 32.26
681.89 43.87
693.50 12.45
725.60 11.09
748.13 28.16
757.69 54.80
762.48 33.62
743.35 72.55
692.81 90.31
753.60 146.31
814.38 143.58
849.90 180.46
813.70 49.33
786.38 5.62
838.97 8.35
12.03 696.53
21.94 685.05
82.48 693.40
93.44 693.40
33.42 673.57
53.78 666.26
62.65 668.87
77.79 675.14
125.80 698.62
125.80 683.49
114.84 676.18
120.58 654.26
87.70 645.91
155.55 658.96
135.20 672.53
147.72 685.05
147.72 697.06
200.44 701.23
207.22 682.44
177.47 667.31
194.70 662.61
187.91 656.87
190.00 641.73
166.51 622.42
161.82 614.59
181.13 604.68
208.79 641.73
206.70 662.61
217.66 655.30
243.23 651.65
243.23 662.61
233.32 670.44
231.75 704.36
218.18 695.49
32.38 638.60
60.04 637.56
86.66 630.25
85.09 621.90
59.52 621.90
50.13 618.25
43.34 615.11
2.11 626.08
15.68 620.33
40.73 586.93
53.26 589.02
61.61 604.68
79.35 595.28
63.70 581.71
71.00 590.58
88.23 587.98
92.92 577.01
98.14 573.88
62.65 565.53
37.08 570.23
19.33 545.70
52.21 553.53
68.39 547.79
101.80 558.75
99.71 537.35
133.37 622.50
107.28 630.85
119.80 604.76
151.12 595.36
130.24 574.49
24.81 600.58
791.25 290.65
782.90 290.65
781.85 301.09
791.25 309.44
784.98 309.44
781.33 317.79
778.72 321.96
786.81 303.21
792.29 295.91
798.29 310.26
800.12 304.00
797.25 298.26
806.12 301.13
805.08 305.30
812.65 293.30
808.21 285.73
812.91 297.99
818.13 300.08
821.26 299.82
828.83 299.56
813.17 306.35
750.54 279.36
746.23 287.58
767.24 298.80
762.93 301.02
764.50 288.23
764.37 278.05
764.89 273.62
730.05 295.41
736.18 293.84
734.23 302.06
719.22 302.71
716.61 296.97
710.61 305.71
694.56 301.02
701.74 298.28
702.00 293.32
702.26 283.53
696.78 276.10
696.00 271.01
703.43 266.05
720.79 288.86
715.05 286.25
710.09 282.60
723.14 272.42
716.61 272.42
716.09 267.72
725.75 278.68
740.36 275.29
739.06 270.86
744.80 272.94
746.62 272.94
748.45 264.33
756.80 260.16
756.28 269.55
763.59 260.42
760.19 258.33
768.28 260.16
837.70 306.61
854.92 294.86
865.36 295.12
827.52 313.13
831.96 321.74
835.35 319.65
837.18 314.70
822.56 316.78
810.56 318.87
808.99 324.09
802.21 319.92
796.21 318.09
797.51 323.31
786.81 322.79
792.29 341.57
789.94 346.53
793.60 353.32
802.47 347.32
805.60 338.70
806.90 344.97
811.60 354.62
808.47 360.10
802.73 358.54
822.04 357.49
817.86 344.18
828.04 350.19
828.56 340.27
837.18 353.06
823.61 343.40
820.74 334.53
825.43 333.22
839.26 340.79
845.79 360.36
839.52 360.10
851.27 360.62
859.10 362.71
854.14 363.76
741.40 303.48
741.66 306.35
746.62 296.17
757.06 307.91
750.54 305.56
757.58 317.83
762.02 314.44
761.76 323.83
755.50 328.27
752.36 335.57
754.97 339.75
769.59 338.70
770.11 328.27
766.20 353.58
761.76 362.19
756.02 353.58
753.15 346.53
743.49 348.36
743.49 336.62
735.92 340.53
740.62 355.14
746.36 361.41
775.59 352.54
776.63 346.01
781.85 349.93
779.24 360.10
848.40 350.97
851.27 346.53
847.35 340.79
842.39 336.62
843.96 331.92
834.83 330.35
840.31 324.87
848.40 324.35
850.75 325.66
851.79 316.26
847.61 313.13
855.18 300.87
856.49 324.35
860.40 331.40
857.79 338.70
863.79 348.88
871.10 348.62
873.71 361.41
881.02 350.71
871.62 329.31
871.88 275.55
865.10 269.29
860.92 265.90
854.14 259.90
858.57 258.59
860.40 261.20
865.10 261.46
873.45 266.16
870.06 266.94
879.45 270.33
768.80 277.38
770.37 268.25
734.10 359.32
732.79 351.49
727.05 347.32
720.53 359.06
717.13 355.14
708.52 362.71
708.78 352.27
699.39 352.80
699.39 359.06
693.65 354.36
687.65 356.71
683.99 357.49
678.51 357.49
677.73 351.49
681.38 345.49
684.52 350.97
697.56 347.58
690.78 344.18
687.91 345.75
691.56 340.01
696.52 338.97
702.26 337.92
710.09 337.40
710.61 342.88
719.74 323.83
723.40 334.53
723.92 339.49
728.36 338.18
711.65 326.70
704.87 326.96
700.17 326.18
692.34 332.96
685.30 334.79
684.78 329.83
683.73 327.74
677.47 329.31
675.12 328.53
673.82 339.23
670.95 337.92
667.55 342.10
664.42 342.88
653.98 341.31
658.94 339.75
676.95 333.22
680.34 333.22
656.85 336.62
655.55 336.88
640.41 336.36
653.20 356.71
652.16 365.32
668.60 366.11
668.60 355.41
660.77 360.62
674.86 364.80
645.63 354.62
637.54 357.23
637.28 364.28
628.93 356.97
631.28 333.75
631.28 314.70
635.45 305.82
639.11 315.48
651.90 305.56
665.99 306.08
644.59 309.74
680.86 299.30
659.20 307.65
685.56 306.87
688.95 290.95
680.86 282.86
674.34 283.38
672.25 284.43
694.17 295.65
695.74 289.91
666.25 294.34
650.33 290.17
657.11 296.17
645.37 292.78
641.98 295.12
628.93 292.51
632.06 286.25
636.24 279.47
627.89 276.34
631.02 281.03
627.89 269.81
634.67 271.90
637.54 268.51
640.67 268.25
645.89 263.55
645.63 261.72
653.98 257.81
664.94 259.63
677.73 260.16
687.65 258.33
693.13 258.07
700.17 257.81
710.61 257.81
728.62 258.85
722.88 257.55
740.36 264.85
734.88 265.90
733.05 269.29
732.53 287.03
735.92 287.03
733.84 272.42
746.10 257.29
752.10 257.29
710.87 265.38
707.74 277.12
648.24 280.51
652.42 284.43
654.77 282.34
661.29 275.29
659.99 280.77
639.11 283.64
631.54 302.17
637.28 298.26
665.20 318.83
672.51 318.83
651.63 321.44
639.63 327.18
647.46 324.57
639.11 321.96
619.28 337.10
623.97 341.27
911.81 296.39
919.64 299.00
891.98 311.52
882.58 310.48
883.10 315.70
907.63 323.53
898.24 332.40
924.34 293.26
923.81 286.99
917.03 289.60
892.50 286.47
882.06 280.21
885.19 273.95
885.19 268.20
894.06 270.29
888.85 266.12
907.11 266.12
915.46 262.46
923.81 262.99
918.59 270.81
928.51 268.20
923.29 279.69
930.60 284.38
939.99 298.48
935.30 281.77
946.78 274.47
941.56 273.95
938.43 269.25
937.91 263.51
951.48 296.91
957.22 295.34
952.00 280.73
956.17 269.25
970.79 277.60
978.09 270.29
976.53 262.46
967.65 264.55
955.13 263.51
950.43 258.29
971.83 297.43
968.18 302.65
971.31 314.66
946.78 313.09
953.56 312.05
979.66 308.91
984.88 307.35
992.18 304.22
987.49 288.04
974.96 286.99
980.70 280.21
1001.58 281.77
1005.75 282.30
1010.45 281.77
1004.19 275.51
1002.10 277.08
1005.23 258.29
996.88 259.85
998.97 264.03
1013.58 263.51
1016.19 257.77
1020.89 288.56
1001.58 305.78
1009.93 314.13
1007.32 320.40
1010.45 336.58
906.07 343.36
894.06 343.88
882.58 343.36
899.28 350.15
914.94 345.45
930.08 344.93
918.07 355.89
924.34 335.53
944.17 344.93
934.25 335.01
941.04 336.05
939.99 329.27
946.78 328.23
953.56 329.79
960.35 327.18
970.26 331.36
962.44 332.92
973.92 321.44
975.48 340.75
968.70 340.75
982.79 333.44
285.77 686.18
287.86 668.43
271.16 660.08
248.19 672.61
262.81 673.65
274.29 635.03
295.17 635.03
297.25 647.56
310.82 648.60
315.00 660.08
304.56 673.65
321.26 684.09
352.58 698.70
325.44 704.97
337.96 701.84
341.09 670.52
352.58 678.87
367.19 668.43
380.76 686.18
388.07 693.48
398.50 694.53
403.72 662.17
413.12 706.01
413.12 701.84
518.28 677.74
538.64 689.23
556.38 693.92
547.51 691.31
581.44 700.19
593.44 703.84
621.10 691.84
637.80 696.01
663.90 683.49
691.04 690.79
726.01 694.97
752.63 700.71
765.15 693.40
788.12 698.10
800.64 693.40
824.13 698.62
841.35 689.23
854.40 699.14
862.23 695.49
887.80 705.93
884.15 678.27
874.75 677.22
906.59 691.84
917.55 692.88
937.91 701.23
960.87 702.80
973.92 682.96
979.14 707.49
984.88 708.02
992.71 688.71
1012.54 696.53
1017.24 705.93
958.26 678.27
935.82 675.66
922.25 675.66
888.85 653.21
869.01 649.04
839.26 672.53
808.99 673.05
825.17 661.04
790.73 669.92
776.63 667.83
757.84 653.74
753.15 662.09
735.40 663.13
732.27 677.22
692.60 671.48
686.86 661.04
702.00 652.69
710.87 649.56
699.91 626.08
685.82 642.25
675.38 640.17
663.90 644.86
646.68 642.25
633.63 672.00
624.76 658.43
603.88 683.49
579.87 671.48
584.05 658.96
563.17 673.05
543.86 664.70
531.85 651.13
522.46 632.86
542.81 632.86
560.56 627.64
573.61 632.86
588.74 646.95
591.87 625.55
613.80 618.77
603.36 610.42
623.19 607.81
635.72 632.34
632.06 646.95
671.21 615.64
681.12 620.86
692.60 613.03
716.61 604.15
725.49 619.29
734.36 604.15
737.49 625.55
748.45 643.82
765.67 631.29
781.33 641.21
781.85 628.68
803.77 635.47
796.47 625.55
765.67 607.81
753.15 602.59
742.19 584.32
759.93 583.28
752.10 571.80
778.72 587.45
784.98 606.24
802.21 611.98
810.56 621.90
826.74 621.90
846.05 623.47
866.40 629.21
883.63 633.90
899.28 629.73
925.38 638.08
923.29 655.30
901.37 656.35
937.91 646.95
943.12 634.43
959.83 648.52
967.65 665.22
976.01 639.12
954.61 668.35
997.40 651.13
994.27 636.51
1020.89 669.92
1019.85 642.25
1002.62 621.90
1012.54 618.25
988.01 622.42
959.83 627.64
974.44 626.08
946.78 613.55
966.09 609.37
985.92 605.20
1009.41 604.68
921.73 614.07
897.72 617.20
882.06 606.76
864.32 614.07
841.87 604.68
825.69 601.02
709.31 594.24
693.13 583.80
668.60 606.76
663.90 591.63
645.11 601.54
635.19 590.58
611.71 583.28
589.27 585.89
576.74 588.50
561.60 590.58
564.21 609.90
540.73 607.29
532.38 595.80
516.20 602.59
528.72 586.41
542.29 586.93
515.15 574.93
539.16 558.75
531.85 541.52
521.42 542.57
518.28 529.00
533.42 532.13
552.21 560.84
559.52 560.84
578.31 557.18
596.57 565.53
612.75 563.45
626.32 555.62
647.72 553.53
638.33 542.57
659.20 561.88
676.95 565.53
687.91 558.23
692.08 567.62
707.22 559.27
715.57 544.66
723.92 570.23
738.53 566.58
736.97 551.44
723.92 539.44
756.28 554.05
764.63 565.53
775.59 551.44
790.73 557.70
781.33 572.84
811.08 576.49
824.65 587.45
840.83 581.19
859.62 577.54
875.28 571.27
893.54 560.84
907.11 590.06
890.93 587.98
904.50 603.11
920.68 589.02
936.86 581.19
945.73 597.89
960.87 590.58
955.65 575.97
973.92 571.80
982.79 584.84
994.27 567.10
1009.93 560.31
1014.63 582.76
1002.10 589.02
986.97 547.79
978.09 548.31
966.61 553.53
956.69 557.70
936.34 542.05
947.30 542.05
962.96 537.87
995.32 522.74
982.79 527.95
1006.28 518.56
1013.58 517.52
1013.06 573.88
1005.75 494.55
993.23 511.25
985.40 515.95
981.75 516.47
971.31 518.04
966.09 526.39
957.22 526.39
614.32 338.94
609.21 327.69
603.07 330.76
592.33 320.53
601.54 313.88
583.12 316.95
587.73 313.37
576.99 316.95
570.85 321.55
562.66 311.83
557.04 312.35
552.95 322.58
550.90 327.69
542.72 313.88
538.11 319.51
539.65 325.64
535.56 312.86
534.53 315.42
526.35 312.86
529.42 321.55
625.07 320.53
613.81 316.44
618.93 320.02
618.93 312.35
624.04 310.81
561.13 332.29
570.85 334.34
571.36 339.97
578.01 336.90
584.66 339.97
578.01 344.57
566.76 349.68
562.66 347.64
555.50 343.55
540.16 338.43
533.51 340.48
533.51 333.83
532.49 327.69
605.12 345.59
597.45 347.13
612.28 360.94
594.38 351.73
614.84 371.68
602.56 370.14
622.00 372.70
634.27 372.19
635.30 386.51
631.20 375.26
641.95 379.35
648.59 377.31
656.78 380.89
657.80 372.70
669.57 380.37
675.70 380.37
673.15 370.66
678.26 371.68
682.86 372.19
695.65 395.72
706.39 393.16
711.00 384.47
722.25 388.56
732.99 393.16
727.36 384.47
738.62 382.93
746.29 387.54
737.59 376.79
728.90 367.59
758.05 389.07
759.59 399.30
747.31 376.28
737.59 371.17
754.98 376.79
753.96 365.54
762.14 381.91
772.37 384.98
779.54 389.07
776.47 397.25
673.15 400.83
680.31 400.32
662.40 396.23
651.66 399.30
798.46 378.33
802.55 367.08
787.72 369.12
782.60 372.70
783.12 379.86
812.27 389.58
807.67 367.08
830.17 392.65
820.45 381.91
825.06 373.72
836.82 372.70
842.96 373.72
854.72 372.70
864.44 375.77
871.09 375.26
871.09 367.59
886.44 366.56
892.57 377.31
888.48 379.35
889.51 389.58
878.76 395.72
874.16 397.76
927.87 350.71
919.68 350.71
896.67 366.05
893.09 362.47
934.52 349.17
937.59 344.57
943.21 364.01
947.30 344.06
979.02 366.05
985.15 367.59
991.80 346.10
989.76 328.20
996.92 327.18
1004.59 350.71
531.46 348.15
520.21 354.29
529.93 357.87
528.39 363.50
544.25 349.68
546.81 353.27
535.56 370.14
526.35 366.56
517.65 378.33
526.35 375.26
544.76 375.26
546.30 370.14
595.91 408.51
581.08 410.55
599.49 398.79
586.70 389.07
597.45 386.00
602.56 386.00
611.26 397.25
618.93 386.00
613.81 386.51
624.04 384.98
593.61 332.04
550.13 311.07
539.65 306.98
541.95 301.86
563.18 303.14
571.36 302.37
507.17 347.13
516.63 342.52
498.73 345.59
506.91 333.57
502.31 321.81
497.71 336.90
510.24 320.27
514.84 314.39
508.96 366.82
496.94 367.84
503.33 378.84
494.64 388.56
492.59 382.68
492.85 396.49
499.24 399.81
508.70 400.32
511.52 392.39
519.44 402.11
530.70 402.62
523.28 390.60
534.79 388.05
533.00 383.70
547.06 396.23
541.69 394.44
536.58 405.18
546.30 405.44
543.48 381.91
561.64 376.03
559.85 381.91
555.50 371.17
546.55 361.45
540.67 357.10
495.66 312.35
495.92 304.93
492.59 299.30
508.45 308.25
509.47 315.16
618.16 396.74
631.72 401.86
635.81 398.02
643.99 399.55
654.73 389.84
598.72 312.09
609.21 301.09
598.47 301.35
690.54 361.70
684.40 362.22
724.55 353.78
574.94 369.12
559.85 363.50
568.03 356.85
574.17 358.38
570.59 365.54
586.96 365.03
577.50 353.01
522.00 303.91
522.77 297.77
902.80 500.93
912.52 497.35
905.62 481.24
906.13 469.47
903.06 453.11
895.90 458.99
889.51 470.75
888.23 486.35
877.74 479.70
870.32 499.40
874.16 508.60
851.66 502.21
859.58 486.86
860.09 506.30
853.96 477.66
856.77 462.06
871.09 458.73
869.05 449.78
875.44 448.50
866.49 404.00
882.34 401.96
864.70 415.51
911.24 404.00
842.19 473.31
836.57 475.87
832.47 509.11
817.39 504.00
800.76 467.68
807.67 469.22
816.36 461.80
829.66 464.61
820.45 438.27
840.66 440.06
831.45 427.79
839.89 423.95
844.24 423.70
847.56 411.42
839.89 415.26
823.78 408.35
831.71 419.60
781.58 497.09
789.51 492.75
790.02 479.45
773.40 482.77
783.12 468.19
780.30 457.71
761.12 474.08
756.77 472.29
750.12 474.84
752.17 484.56
742.96 507.32
785.67 428.55
774.42 432.39
769.31 438.27
765.73 445.18
756.52 441.34
757.29 427.28
749.10 441.85
743.73 450.04
734.01 458.22
730.94 445.69
731.97 438.02
742.96 434.44
732.22 431.37
763.94 408.35
761.38 416.02
749.36 415.26
740.15 406.05
784.14 403.75
791.04 423.95
810.48 441.34
755.24 454.90
765.47 453.11
768.79 468.45
730.69 495.81
744.24 494.28
716.37 509.37
707.42 500.93
717.39 489.68
681.07 500.16
663.43 504.00
673.40 487.12
665.99 496.07
683.38 506.30
685.42 489.93
683.63 484.56
672.38 478.42
675.96 470.75
661.13 475.61
668.03 467.94
691.82 468.71
706.14 468.45
702.30 453.87
687.21 459.76
677.75 461.03
667.52 452.08
668.03 432.13
665.73 428.04
666.24 412.19
672.38 418.58
679.80 413.47
688.49 421.39
686.44 412.19
692.84 406.82
700.00 418.07
680.56 433.41
685.42 440.57
692.58 443.39
699.23 432.39
706.90 428.04
715.34 464.87
718.16 453.87
708.95 449.01
676.73 405.54
732.22 426.00
741.94 417.05
730.18 413.98
722.50 425.23
729.41 406.30
811.76 498.37
802.04 514.74
804.60 528.04
803.06 541.85
790.79 529.57
779.54 537.25
785.67 517.81
770.33 522.41
760.61 507.07
759.08 533.15
751.92 527.02
741.69 524.46
727.88 515.25
708.44 530.08
689.00 520.37
696.67 510.65
695.14 499.40
671.61 513.72
673.66 530.60
655.24 516.27
640.92 504.00
644.50 490.19
647.06 476.89
651.15 464.10
648.08 452.85
651.66 439.04
659.34 441.09
854.72 427.28
906.38 396.07
897.69 392.49
869.56 385.84
860.35 385.84
853.19 386.36
854.21 392.49
848.59 390.96
917.77 463.34
923.90 457.45
907.02 442.11
914.44 430.34
914.70 422.93
921.60 405.28
923.14 395.31
924.93 400.17
932.60 416.79
936.69 407.33
944.62 418.07
949.99 414.49
944.87 404.51
958.17 414.74
942.06 464.36
949.22 460.52
937.20 450.29
943.34 450.55
956.38 460.27
973.52 473.82
982.72 476.38
1002.67 474.59
993.98 478.42
1006.00 465.13
996.79 459.24
981.96 449.01
1011.11 461.80
997.30 446.46
1007.28 440.57
998.32 416.02
1003.70 418.58
1010.09 419.09
1019.04 419.35
1005.23 429.07
1016.74 437.51
975.05 431.88
959.71 424.21
974.28 407.33
991.42 406.05
982.47 407.07
976.84 401.45
985.03 382.78
996.53 385.33
1013.67 390.96
952.55 393.26
943.34 380.22
932.60 392.24
930.81 382.01
960.47 378.94
930.81 429.07
932.09 436.23
978.38 458.99
968.15 461.80
825.44 388.15
950.37 435.46
959.58 447.22
909.97 509.63
905.87 518.83
895.64 522.41
886.44 535.71
884.90 544.41
876.21 524.46
863.42 517.81
863.93 536.22
848.07 514.74
837.33 534.69
814.83 535.20
822.50 518.32
851.66 528.04
840.40 461.55
604.09 536.99
602.05 528.55
585.43 536.73
571.87 537.25
504.61 540.31
491.06 529.06
481.34 531.87
503.84 531.87
508.19 519.60
497.19 509.37
487.99 508.35
472.90 501.44
458.58 510.65
480.83 492.49
489.27 484.31
506.66 500.16
522.77 509.37
522.51 501.70
557.55 509.11
539.90 513.72
552.18 500.67
566.24 520.88
549.37 519.60
583.38 504.51
574.68 527.02
592.59 514.23
592.59 494.79
598.72 499.65
614.07 516.53
629.93 513.21
622.25 465.38
639.39 479.45
638.36 460.01
606.40 489.68
619.18 492.49
630.18 489.17
581.33 474.84
588.75 468.96
594.12 478.68
603.58 474.08
598.47 470.24
607.93 463.85
609.21 454.13
622.25 454.90
617.91 444.92
631.46 443.39
632.74 454.90
599.24 454.13
603.07 446.20
582.10 459.50
573.92 458.22
555.25 477.66
571.87 503.74
591.56 446.20
574.68 446.20
533.25 475.36
538.37 484.82
520.47 487.63
516.37 478.68
522.00 469.22
529.93 464.87
512.79 472.29
508.19 471.01
500.77 483.28
507.17 492.49
525.07 456.43
511.00 452.08
501.03 457.96
491.82 524.46
475.97 452.59
469.83 469.47
459.60 469.47
457.30 459.24
451.93 464.36
454.48 499.14
448.09 495.05
441.95 492.23
445.02 484.82
451.16 482.26
472.90 479.96
444.51 465.64
439.40 464.10
446.30 451.83
444.51 441.09
448.09 443.13
491.31 442.11
480.31 439.55
498.98 439.81
535.81 445.69
538.88 440.83
541.44 464.10
550.13 473.57
534.02 501.70
544.76 452.59
558.32 454.64
552.18 456.69
557.55 535.20
548.60 541.85
495.15 574.07
499.75 578.68
484.92 595.56
475.20 583.79
501.29 552.08
487.48 551.06
473.15 555.66
480.83 544.92
438.88 567.93
429.68 568.45
484.92 461.03
468.55 459.50
468.04 486.61
464.46 477.40
431.72 505.53
414.84 516.27
405.64 555.66
432.75 540.31
449.63 548.50
441.95 526.50
402.57 510.65
396.94 589.93
420.98 599.14
460.37 443.13
464.46 444.15
462.92 436.99
478.78 432.39
474.18 425.23
483.90 424.72
490.03 431.37
503.84 428.30
509.98 431.37
505.38 442.62
492.08 454.38
524.81 432.90
518.16 433.92
501.80 423.18
508.96 420.63
542.72 428.81
527.37 425.23
535.56 419.09
521.23 415.51
515.61 416.02
528.39 409.88
543.23 421.65
547.32 413.47
561.13 420.63
566.76 410.91
557.55 407.84
571.36 396.59
563.69 427.79
564.20 434.95
577.50 432.39
594.38 424.72
588.24 421.65
595.40 433.92
607.16 433.92
623.02 433.92
614.32 419.60
610.23 410.91
625.58 405.79
623.02 419.09
635.81 422.67
636.83 435.97
645.01 426.25
656.27 415.51
646.04 405.28
647.06 411.42
575.45 411.93
567.27 403.24
550.90 384.82
463.95 548.50
370.34 554.64
351.42 559.75
344.26 549.01
345.79 534.18
352.95 540.31
363.70 542.36
321.24 541.85
330.45 532.64
323.29 525.48
366.76 594.02
356.02 585.84
376.48 580.72
382.11 527.53
358.58 509.63
335.56 493.77
327.38 485.59
322.78 475.87
331.47 466.66
343.75 470.24
348.86 481.49
355.51 482.52
381.60 509.11
406.15 502.98
411.26 498.37
395.41 498.37
383.64 500.42
383.64 493.26
383.13 487.12
394.38 487.63
409.73 482.52
404.61 483.03
427.63 485.07
419.45 498.88
420.98 471.26
421.49 467.17
436.84 467.68
430.70 458.99
428.14 450.80
429.68 440.06
394.90 457.96
388.25 471.26
379.04 463.59
388.76 456.94
400.01 466.15
410.75 464.61
406.15 454.90
411.78 449.78
409.22 434.95
415.87 433.41
423.54 441.60
425.07 425.23
427.12 426.76
433.26 405.28
442.46 402.21
439.91 418.07
444.51 429.83
459.86 405.28
468.04 407.33
478.78 408.86
471.62 416.53
459.86 425.23
400.52 440.57
399.50 435.46
394.90 411.42
389.27 411.42
398.48 411.42
405.64 411.42
417.40 413.98
381.09 432.39
388.25 423.70
377.51 423.70
368.30 443.64
366.25 433.92
319.71 436.99
333.52 436.99
342.72 455.41
352.95 455.41
360.11 461.03
365.74 460.01
341.70 416.02
347.84 420.11
315.10 407.84
323.80 398.12
335.56 397.61
348.86 403.75
368.30 398.12
375.97 406.82
385.69 400.68
379.55 405.28
388.76 394.54
396.94 394.03
410.24 397.61
422.52 391.47
423.54 408.35
432.23 394.03
456.27 394.03
464.46 389.43
464.97 382.26
320.22 592.49
444.00 597.60
453.21 445.18
357.56 420.11
365.23 410.91
513.31 653.51
496.94 653.51
477.50 648.39
464.20 648.39
447.84 634.07
436.58 622.82
419.19 632.03
400.78 649.42
405.89 626.91
412.03 607.48
423.28 606.45
448.86 605.43
464.20 608.50
491.82 615.66
351.68 628.96
330.19 631.00
285.18 616.68
273.93 613.61
290.30 585.99
279.04 585.99
329.17 601.34
225.85 613.61
240.17 629.98
236.08 600.31
431.47 682.15
446.81 680.11
501.03 676.01
158.08 598.78
180.58 585.99
173.42 581.39
160.12 584.97
198.48 572.18
203.60 594.69
223.55 588.04
211.27 572.18
244.52 560.93
228.15 556.84
264.47 569.62
241.96 577.30
265.49 551.72
234.29 531.26
222.52 539.45
191.84 549.17
174.96 557.86
144.78 556.84
149.38 543.54
132.50 552.23
120.23 548.65
119.20 523.08
137.62 532.29
129.43 521.55
154.50 509.78
152.96 501.09
133.53 496.48
186.72 533.31
162.17 533.31
180.58 524.61
199.00 520.52
192.86 515.92
213.83 522.06
175.47 535.36
226.62 549.68
237.36 547.12
246.05 548.65
252.70 549.68
25.60 549.17
46.06 520.01
95.16 512.85
111.53 511.32
83.91 508.25
51.18 516.94
202.06 498.53
187.23 493.41
222.52 499.55
232.75 498.02
239.40 518.99
245.03 510.80
237.87 505.69
253.73 520.52
251.68 528.19
284.93 552.75
276.74 506.71
284.93 515.92
294.13 518.99
295.16 542.00
305.39 513.87
204.11 560.93
276.74 494.95
295.67 498.02
311.52 488.30
313.57 514.38
299.25 474.49
308.97 477.56
171.38 487.79
271.12 602.36
191.84 485.74
191.32 478.07
196.44 482.16
210.76 467.84
204.62 467.33
158.59 472.95
250.14 498.02
236.33 473.21
306.92 410.55
307.69 402.62
298.74 404.67
296.69 421.80
290.30 413.37
285.18 424.36
291.83 432.29
311.78 424.11
307.94 436.64
284.67 449.94
277.00 423.08
269.33 420.01
256.54 416.43
257.31 407.74
261.65 400.07
266.26 397.25
269.33 399.55
274.44 402.88
277.25 393.67
269.07 390.60
259.35 391.37
261.40 384.47
268.56 386.51
268.56 381.65
274.18 388.30
287.74 388.56
241.45 383.70
254.75 379.86
232.75 392.39
216.13 400.58
223.55 407.74
212.55 398.79
203.09 398.79
204.62 392.39
208.97 390.09
214.34 384.21
219.20 382.16
192.60 384.98
187.23 382.16
182.88 384.98
171.38 388.30
243.24 456.33
256.79 454.80
253.47 461.19
285.69 470.40
277.25 476.02
259.86 475.00
228.92 459.14
227.38 447.89
222.52 415.67
239.40 417.20
230.96 412.60
226.36 427.43
226.87 435.36
222.52 433.57
218.18 442.78
205.13 446.87
204.11 453.26
206.92 458.63
187.23 452.75
179.82 461.96
157.31 452.75
170.86 444.57
180.84 443.54
155.78 444.05
155.26 437.92
154.50 432.29
146.06 432.55
171.89 431.01
182.88 434.08
166.26 426.41
163.19 416.69
150.40 416.95
159.10 402.37
155.52 397.25
146.31 399.81
167.28 404.93
179.05 400.07
186.21 401.60
178.28 412.09
197.46 410.81
192.35 404.93
158.33 387.79
146.31 390.09
147.85 381.91
157.82 377.31
243.24 424.62
256.03 434.59
182.12 421.55
355.26 391.63
360.37 383.95
350.91 383.95
325.85 380.89
336.33 385.49
359.35 377.05
370.09 380.63
375.46 380.37
386.46 378.58
393.11 382.68
238.38 432.55
247.08 439.20
189.79 415.16
190.30 441.24
200.53 435.10
305.64 553.26
316.89 567.58
70.61 486.76
62.94 497.51
55.78 507.22
85.45 484.21
67.54 473.47
56.29 484.21
43.50 484.72
33.79 475.51
17.42 500.57
5.65 504.15
2.58 478.58
143.76 478.58
149.89 479.60
128.92 475.00
130.97 464.77
116.13 457.61
126.36 446.87
119.72 436.13
129.95 419.25
80.33 440.73
86.98 441.75
46.06 457.10
57.31 450.96
59.36 466.82
55.78 460.17
98.23 459.65
87.49 461.19
13.33 440.73
39.41 451.47
91.58 426.41
95.16 419.76
118.05 411.83
106.03 403.90
111.66 397.76
122.14 394.18
106.29 394.70
99.64 399.81
87.88 404.67
87.11 399.04
72.79 410.55
79.44 393.93
66.65 393.93
61.53 406.97
11.92 402.37
33.91 342.52
33.91 337.41
17.29 342.01
26.75 345.59
15.50 355.82
13.71 362.47
64.09 342.01
60.77 334.60
53.61 340.22
66.39 336.13
76.11 330.50
73.04 368.87
75.86 387.79
98.10 379.61
118.31 387.28
125.98 386.51
203.22 366.56
196.57 377.31
183.52 373.98
228.02 369.89
230.58 363.75
212.93 366.56
210.12 362.73
224.95 358.64
206.54 371.42
218.82 366.05
223.42 363.75
242.86 361.70
244.39 355.57
236.97 359.40
158.97 320.02
164.34 324.11
166.64 327.69
168.69 331.53
159.48 331.02
161.27 337.15
163.83 342.27
162.04 346.87
151.56 337.41
151.56 330.25
154.11 345.34
155.14 349.43
149.51 351.48
173.29 348.15
179.18 358.12
172.78 362.47
165.88 366.05
159.23 356.59
184.55 351.99
192.73 353.01
186.59 358.89
182.50 364.52
190.43 345.59
195.80 344.31
209.10 337.15
198.87 333.57
230.07 336.90
220.35 337.66
214.72 331.53
89.41 355.31
96.06 348.92
106.29 347.13
88.39 340.99
83.53 340.48
81.48 352.50
114.22 338.18
125.47 345.85
105.01 381.91
118.56 379.35
111.66 380.89
33.15 329.48
13.45 332.04
49.51 321.81
109.36 330.76
94.27 332.29
92.22 328.97
89.15 321.55
109.87 323.09
98.62 321.30
79.95 324.88
114.73 312.09
127.00 312.09
119.33 316.44
123.94 320.27
131.10 318.48
132.63 313.37
119.84 330.76
125.73 333.32
138.51 324.62
137.49 337.66
184.29 313.62
154.37 312.09
158.20 313.37
167.92 314.65
171.76 318.23
184.80 323.60
201.17 317.46
224.70 310.04
213.70 310.56
115.62 361.29
107.95 365.90
99.26 368.45
83.40 365.90
34.30 362.32
53.22 362.83
40.43 348.51
31.23 416.02
16.91 411.42
1.05 407.84
256.79 334.18
207.69 316.28
19.21 511.32
386.46 597.25
17.42 306.05
9.23 302.47
21.00 301.96
26.11 298.89
19.98 330.09
26.62 322.42
36.34 313.73
30.72 306.56
8.21 287.13
3.61 293.27
2.58 289.17
13.33 287.13
19.98 288.15
28.67 288.15
36.85 300.43
44.53 313.73
116.65 305.03
111.53 303.50
129.95 300.43
137.11 300.43
142.22 293.78
148.36 302.98
150.92 300.94
148.36 309.12
60.89 329.07
61.41 317.31
54.76 313.21
51.69 307.08
68.57 309.12
69.59 303.50
62.94 300.43
57.31 299.91
50.66 280.99
56.29 281.50
62.94 285.59
60.89 275.87
74.70 279.97
74.19 271.78
68.57 263.60
61.92 263.60
58.34 267.69
51.18 269.74
39.41 267.18
45.55 269.23
40.43 279.97
97.72 295.82
99.26 285.59
94.14 283.04
94.65 279.97
79.82 293.27
75.22 286.62
79.31 317.31
80.84 301.96
108.97 287.13
115.62 292.75
101.81 269.23
104.88 265.13
104.37 276.90
87.49 262.58
127.90 273.83
131.48 268.71
131.99 262.58
123.81 261.04
115.62 260.53
114.60 267.18
139.66 264.11
140.17 268.20
135.06 283.55
142.73 280.99
154.50 286.10
158.59 280.48
152.45 282.01
160.63 271.27
158.08 267.18
149.38 263.09
144.78 258.48
147.85 272.81
139.66 374.59
133.53 380.22
33.79 268.71
140.69 307.59
135.57 307.59
88.00 315.77
93.63 304.01
84.93 305.54
87.49 299.91
192.86 360.27
202.58 356.18
199.51 353.11
208.71 352.60
218.43 354.64
217.41 347.99
209.74 347.48
159.10 297.87
169.33 292.24
165.24 281.50
456.53 388.91
442.72 380.22
434.54 379.71
412.54 378.68
405.38 383.80
416.63 375.10
423.80 375.10
425.33 385.84
549.62 307.25
554.22 290.37
554.22 282.70
561.13 282.19
570.85 292.42
576.22 292.68
577.50 296.26
582.87 282.96
583.38 286.79
588.24 283.47
592.59 290.89
599.75 290.63
594.12 280.91
597.70 281.42
603.58 277.84
612.02 271.71
617.39 268.38
621.49 276.05
612.02 289.10
605.12 289.10
591.05 308.53
582.87 302.91
575.96 311.86
587.47 301.12
616.88 300.09
620.72 294.47
624.04 304.44
619.44 304.95
543.74 293.44
551.67 301.63
550.64 294.98
550.64 291.14
542.20 283.47
536.58 286.28
531.46 281.68
525.58 288.84
534.53 291.65
532.74 294.98
530.70 308.28
505.12 299.33
509.47 280.66
513.82 275.80
481.34 306.49
473.15 309.56
475.97 299.58
482.87 298.81
486.20 305.21
485.17 321.58
485.17 311.86
481.85 324.64
476.48 331.29
478.78 336.92
489.52 345.87
490.03 360.19
479.04 361.98
472.13 364.03
474.43 354.05
487.48 330.01
492.08 310.07
495.92 291.65
493.87 288.58
487.99 290.12
486.20 283.73
498.98 287.05
597.70 294.47
472.39 273.24
476.73 271.45
474.69 265.31
472.90 267.87
470.08 267.36
467.02 266.85
483.64 262.24
469.57 277.84
469.06 274.01
462.67 280.91
468.04 289.35
474.43 287.05
475.46 293.95
480.31 286.03
477.25 280.14
480.57 274.52
493.36 278.61
487.22 275.80
491.57 274.77
492.33 271.19
492.33 266.08
497.45 265.31
503.84 266.85
495.40 267.87
467.02 276.82
459.34 280.14
456.02 289.61
461.65 292.16
467.02 298.30
459.60 295.23
465.23 309.81
453.46 310.32
446.04 300.09
464.46 316.20
475.71 326.95
467.27 332.57
467.02 338.97
467.02 350.73
467.53 354.05
447.84 357.38
457.81 364.54
449.88 349.71
440.67 348.17
433.26 347.92
421.49 355.08
413.05 354.05
422.00 343.57
422.00 337.69
420.73 332.32
444.77 330.53
436.07 319.53
427.38 316.46
415.36 314.16
418.17 305.21
409.99 305.72
426.35 310.83
438.37 308.79
429.17 313.14
440.93 294.47
436.84 277.08
430.70 278.35
426.61 278.35
420.47 279.89
422.00 287.56
425.84 286.54
434.02 284.49
437.35 283.47
414.84 278.35
416.63 276.05
419.96 271.71
418.68 265.57
414.59 263.27
429.17 259.69
426.61 264.80
421.49 258.66
434.79 260.20
430.70 268.12
444.51 273.50
447.58 268.12
444.77 265.82
440.16 263.27
436.58 271.19
412.54 294.98
415.36 283.21
429.17 321.06
429.93 334.11
413.05 339.22
440.16 267.87
417.66 367.35
425.84 361.73
426.86 302.47
437.61 300.94
424.82 291.22
428.91 368.97
439.65 371.01
439.65 360.27
401.29 365.39
407.43 375.62
407.43 363.34
407.43 355.67
400.27 346.97
333.26 374.59
333.77 368.45
347.07 366.41
360.88 366.92
356.79 361.29
368.55 352.60
341.70 363.26
318.94 360.96
308.71 360.96
296.43 357.64
288.25 367.10
278.02 361.22
257.05 349.20
253.98 360.96
274.70 353.80
282.11 353.80
290.81 352.01
292.09 344.85
285.18 342.55
280.32 341.27
302.83 347.41
316.38 339.99
311.27 338.45
305.90 333.85
294.90 331.81
298.99 325.41
304.36 325.41
322.01 333.85
328.40 330.53
337.35 320.81
340.17 335.13
348.86 332.57
346.05 328.48
353.47 335.39
356.79 339.48
361.91 341.27
364.21 337.43
360.11 332.83
359.09 324.39
367.53 335.13
371.11 338.97
383.90 333.08
378.53 330.78
384.41 339.73
375.72 326.95
386.97 327.20
392.08 331.04
400.01 336.15
388.50 314.67
380.83 321.58
376.48 313.65
367.79 315.18
371.37 315.69
354.49 310.07
352.44 307.00
342.47 302.14
366.76 304.44
360.11 297.54
361.14 292.42
272.14 341.52
252.96 344.34
223.80 344.85
232.50 342.80
239.92 347.92
397.97 289.86
404.61 286.79
396.43 284.75
398.48 280.40
393.87 268.12
398.99 266.33
407.68 263.78
375.97 279.63
375.97 288.33
377.76 290.12
385.95 289.35
386.71 279.12
387.22 272.47
381.34 273.50
349.89 289.61
347.84 295.23
340.17 294.21
343.49 289.86
343.24 283.21
347.07 283.73
309.48 323.37
312.29 314.93
325.33 317.23
326.87 322.60
319.45 326.43
320.73 311.35
322.26 305.72
315.87 298.56
320.99 294.21
315.62 290.89
318.17 285.77
326.87 288.33
330.96 289.10
331.98 282.70
324.82 280.91
331.22 274.52
320.99 278.87
311.01 279.38
311.52 269.91
307.18 274.01
302.83 272.22
306.15 264.80
302.83 263.78
296.95 257.13
297.71 267.61
299.76 288.07
299.25 298.30
300.78 315.18
292.09 317.23
289.79 325.92
286.46 313.90
283.39 312.37
279.04 310.83
272.14 312.62
282.62 318.76
281.35 316.46
253.47 327.46
286.97 297.28
292.09 300.60
293.37 302.14
285.44 292.42
283.65 286.54
289.53 285.77
288.25 281.42
283.65 282.96
282.11 287.56
278.79 271.96
273.93 267.61
284.16 260.96
263.19 272.47
264.98 264.03
260.12 265.82
257.31 269.15
247.84 266.59
238.64 264.29
229.94 269.40
223.04 266.33
221.25 270.68
215.11 268.38
239.15 269.40
243.50 267.87
245.80 269.40
235.31 281.93
240.43 277.59
251.68 282.70
242.47 285.26
233.52 290.37
238.38 292.16
245.29 294.21
235.06 296.51
226.36 297.54
219.71 305.21
215.88 300.35
208.97 318.25
204.62 319.02
225.59 314.67
235.31 309.30
235.82 304.70
259.10 314.93
254.24 308.28
245.80 313.90
237.10 319.53
236.85 315.18
230.71 322.60
300.01 365.56
225.59 286.54
207.95 259.69
210.50 264.29
214.85 256.36
222.52 257.13
202.32 257.64
199.51 282.70
199.76 289.10
199.51 292.16
205.13 288.33
208.97 289.10
206.67 302.14
206.92 305.46
202.06 312.62
312.80 286.54
346.30 269.40
356.53 268.38
360.88 267.36
374.44 266.85
361.65 274.01
324.82 264.80
355.00 261.22
341.19 260.45
337.35 262.24
348.09 259.94
364.97 260.96
358.84 259.69
368.55 264.29
373.41 259.94
379.55 260.96
382.62 264.80
263.96 278.61
263.44 287.05
271.12 289.10
270.09 277.33
203.86 274.01
216.64 316.20
219.20 322.93
229.94 328.05
235.57 328.05
247.84 321.91
181.86 321.40
176.75 321.40
175.72 315.77
157.82 307.59
155.78 305.03
308.20 305.54
305.13 298.89
314.34 308.61
315.87 302.98
252.45 287.64
205.39 282.01
211.02 284.57
207.95 278.43
211.53 278.43
213.57 274.34
214.60 278.94
214.60 282.52
219.71 278.94
224.31 274.85
190.56 285.59
185.44 288.66
178.79 282.52
173.68 287.13
171.12 280.48
167.03 273.32
185.44 272.81
180.33 301.96
137.87 257.97
192.60 258.48
92.35 259.51
78.03 257.46
78.03 263.09
86.21 269.23
86.21 277.41
81.10 282.52
95.42 272.29
95.42 266.67
348.61 274.85
253.47 257.97
170.61 296.33
450.90 256.59
70.36 454.03
62.17 416.18
162.42 640.21
10.00 574.74
276.91 771.62
347.58 738.09
333.99 693.69
283.25 708.19
313.15 822.36
412.82 719.07
420.98 802.43
482.59 822.36
509.78 800.62
545.12 825.99
594.95 802.43
514.31 719.07
470.81 739.91
464.47 681.01
440.01 647.48
390.17 647.48
363.89 554.15
406.48 510.66
429.13 552.34
467.19 594.93
449.97 612.15
498.00 558.69
530.62 533.31
561.42 520.63
532.43 573.18
507.96 641.14
546.02 661.98
592.23 622.11
563.24 700.04
602.20 712.72
658.38 783.40
671.97 710.00
635.73 662.89
624.85 624.83
671.97 615.77
721.81 636.61
718.18 738.09
743.55 716.35
786.14 664.70
747.18 611.24
773.45 615.77
801.54 755.31
855.00 822.36
884.90 781.59
748.99 823.27
950.14 702.76
901.21 703.66
927.49 672.85
877.65 622.11
855.91 690.07
826.91 720.88
826.01 623.92
811.51 598.55
824.19 575.90
811.51 543.28
784.33 575.00
748.99 562.31
722.71 575.00
687.37 571.37
657.47 555.06
965.55 761.65
1018.10 770.71
1079.72 787.93
1093.31 757.12
1036.22 687.35
953.77 622.11
1015.38 603.08
1052.53 605.80
1064.31 554.15
1022.63 571.37
971.89 577.71
997.26 542.38
1024.44 513.38
917.52 555.06
909.37 581.34
873.12 573.18
868.59 526.07
883.09 500.69
845.04 530.60
775.27 539.66
756.24 515.19
782.51 498.88
784.33 479.85
808.79 494.35
849.57 488.92
812.42 462.64
818.76 448.14
795.20 453.58
762.58 468.98
770.73 448.14
768.02 433.64
785.23 428.21
809.70 425.49
828.73 424.58
730.87 482.57
716.37 504.32
677.41 517.91
662.00 498.88
638.44 486.20
602.20 470.79
580.45 489.82
600.39 533.31
618.51 555.06
589.51 554.15
552.36 489.82
522.46 471.70
505.25 501.60
469.00 507.94
440.91 510.66
404.67 483.48
348.49 469.89
332.18 530.60
306.81 504.32
296.84 539.66
302.28 478.95
276.91 413.71
349.40 367.50
371.14 418.24
352.12 445.42
416.45 431.83
449.07 425.49
459.94 456.30
479.88 492.54
478.06 439.99
498.90 418.24
528.81 427.30
511.59 439.08
575.02 424.58
561.42 403.74
535.15 392.87
504.34 390.15
469.00 405.55
448.16 405.55
476.25 386.53
442.73 348.47
524.27 369.31
481.69 344.85
558.71 373.84
582.27 373.84
578.64 358.44
615.79 430.92
594.04 420.05
602.20 386.53
637.54 388.34
632.10 418.24
614.88 367.50
655.66 388.34
667.44 374.75
676.50 362.06
683.75 382.00
704.59 369.31
701.87 329.44
673.78 325.82
662.00 339.41
649.32 357.53
697.34 439.99
678.31 459.01
655.66 446.33
628.48 459.92
684.65 420.05
658.38 412.80
707.31 421.86
704.59 394.68
733.58 401.93
724.52 380.18
729.05 419.15
734.49 449.95
758.05 418.24
925.68 489.82
952.86 526.97
980.04 492.54
1032.60 494.35
1067.03 515.19
1074.28 497.98
1087.87 472.61
1030.79 471.70
1023.54 444.52
993.64 430.92
967.36 439.99
970.08 468.98
934.74 431.83
891.25 415.52
871.31 413.71
866.78 431.83
848.66 437.27
841.41 401.93
863.16 392.87
917.52 408.27
935.65 402.84
944.71 386.53
961.92 407.37
964.64 426.39
986.39 386.53
980.95 372.03
955.58 373.84
913.90 382.00
879.47 369.31
905.29 483.25
903.93 454.71
805.17 377.69
792.93 398.98
777.98 395.81
754.88 375.43
766.20 366.82
801.54 358.21
779.80 341.45
763.49 345.07
735.85 334.65
730.87 350.51
741.29 367.72
698.70 354.13
629.84 331.93
619.42 345.52
598.12 344.62
652.04 332.39
657.47 307.92
685.56 308.83
646.15 297.95
631.65 296.14
651.58 282.55
676.95 282.10
585.44 287.99
599.03 306.11
580.00 315.17
578.64 342.35
632.55 315.62
700.06 292.97
709.57 297.50
727.24 292.97
719.99 304.30
734.94 302.94
726.79 314.26
697.79 314.26
707.31 307.47
719.54 332.84
746.72 327.86
752.61 319.25
764.39 304.30
785.69 329.21
781.61 363.65
822.38 356.40
815.13 361.83
798.82 439.31
917.98 431.15
922.51 478.27
876.30 483.71
924.32 360.48
901.21 366.37
897.14 382.22
882.64 382.22
842.77 373.16
842.32 365.91
858.17 353.23
868.59 355.04
897.59 353.23
901.21 335.56
877.20 340.54
865.42 332.84
846.85 346.88
851.83 340.54
844.13 330.12
818.31 333.29
795.20 346.88
816.49 316.08
810.15 308.83
827.37 311.09
841.86 305.66
832.80 289.80
823.29 293.42
798.37 284.82
792.48 297.95
778.44 286.63
776.62 296.60
853.19 312.00
864.97 304.75
884.45 300.67
878.56 296.14
894.42 312.00
922.96 307.02
954.67 304.30
931.57 353.68
913.90 328.31
989.11 429.79
987.29 351.87
977.33 309.73
869.50 313.81
984.12 418.01
647.05 375.88
627.12 360.93
719.09 366.37
797.46 331.03
947.42 331.03
440.22 477.36
324.24 394.00
273.05 376.33
297.51 441.57
271.23 472.38
379.06 345.07
360.03 348.70
364.56 320.15
348.71 307.47
363.66 293.42
407.60 292.97
416.21 294.33
409.87 315.17
394.01 318.34
430.26 319.25
437.50 315.17
459.25 296.14
471.94 321.51
514.52 305.66
503.65 301.13
496.40 291.16
543.52 286.63
568.89 278.47
523.58 285.27
532.19 318.34
552.13 312.00
555.75 344.62
513.16 330.12
500.48 375.43
425.27 377.24
437.50 369.99
404.43 347.34
378.61 367.72
388.12 403.06
355.96 429.79
582.03 470.11
508.18 479.63
376.80 456.07
540.35 334.65
325.60 626.87
320.62 601.95
294.79 658.58
1031.48 396.72
1019.70 380.41
1037.82 356.40
1044.16 391.74
1036.46 419.37
1061.38 440.21
1001.12 488.69
999.76 356.40
1012.00 337.82
1003.39 380.41
994.78 369.08
1060.92 410.76
1075.88 397.17
1000.67 321.51
995.23 317.44
934.98 447.91
942.23 314.26
336.47 324.68
390.84 269.41
544.42 269.41
517.69 268.96
690.54 500.24
790.67 377.46
611.05 289.22
