530.50 58.50
226.00 613.00
380.00 515.50
823.00 427.50
1109.00 161.00
610.00 34.00
1037.50 142.50
660.00 41.50
54.00 565.50
851.50 198.50
764.00 24.50
991.50 281.50
972.50 56.50
1582.50 329.00
1536.50 517.50
932.50 228.50
448.00 491.00
1043.50 292.50
920.50 306.50
100.50 989.50
91.50 449.00
697.50 207.50
764.00 368.00
75.50 346.00
1064.00 86.00
725.50 373.00
1013.00 544.00
999.50 134.50
755.50 103.00
1052.00 45.50
1036.00 428.50
580.00 20.00
1760.00 540.50
1114.00 308.00
944.50 14.00
907.00 79.50
1086.50 408.50
1831.00 111.50
1305.31 576.06
655.72 214.95
655.72 227.22
729.38 208.81
694.60 211.88
797.92 201.65
675.16 3.19
700.73 370.44
698.69 693.70
682.32 741.78
631.17 659.94
572.86 705.98
531.94 704.95
429.64 753.03
449.08 613.91
497.16 559.69
377.47 638.46
354.97 668.13
320.19 659.94
301.77 661.99
269.04 599.59
258.81 543.32
285.40 471.71
302.80 441.03
283.36 434.89
264.95 450.23
310.98 411.36
320.19 423.63
332.46 445.12
354.97 400.11
362.13 452.28
379.52 464.55
365.20 502.40
349.85 537.19
364.17 523.89
310.98 490.13
414.30 480.92
422.48 455.35
404.07 442.05
423.51 423.63
408.16 416.47
397.93 423.63
456.24 390.90
470.56 391.92
484.89 394.99
467.24 413.10
460.59 405.43
441.66 413.61
485.65 415.15
463.66 443.28
498.95 438.17
492.81 448.40
472.87 472.44
517.88 461.18
540.89 461.18
525.04 425.38
511.23 432.54
499.97 394.69
507.65 398.78
524.01 401.85
547.54 379.34
554.70 390.09
538.85 401.85
530.15 406.96
554.19 409.52
549.59 423.33
553.17 443.79
583.35 424.87
589.48 443.79
584.88 469.37
561.86 476.02
615.06 471.92
599.20 475.50
565.96 518.47
586.42 501.08
631.43 498.52
650.86 515.91
642.68 460.16
644.73 430.49
623.75 397.25
602.27 388.55
599.71 400.83
569.54 391.62
579.25 384.46
565.96 383.95
582.32 406.45
570.05 416.17
636.54 377.30
648.31 381.39
661.09 377.81
689.23 384.97
687.18 399.80
664.67 394.69
650.86 395.20
667.74 413.61
673.37 430.49
687.69 437.65
675.93 457.60
713.26 441.75
699.97 431.00
712.75 394.69
705.59 382.92
732.70 396.22
733.21 380.37
738.33 379.34
748.56 367.07
750.60 383.95
761.86 391.11
756.23 428.45
764.41 439.19
749.07 445.84
732.19 472.95
715.82 472.95
744.98 494.43
718.38 526.14
378.93 567.58
443.66 527.62
536.37 593.16
583.52 573.18
605.90 544.41
654.65 565.98
689.82 538.81
751.35 547.60
746.56 584.37
765.74 589.96
808.90 563.59
792.91 518.03
833.67 579.57
832.07 550.80
868.04 540.41
892.01 576.37
873.63 582.77
859.25 517.23
856.85 500.45
832.07 498.05
826.48 472.48
846.46 457.29
852.85 438.91
844.86 413.34
824.08 405.34
846.46 396.55
820.09 378.97
788.92 389.36
782.52 402.15
768.94 394.96
776.13 370.18
953.55 529.22
980.73 538.81
974.33 514.84
1011.10 521.23
986.32 452.50
958.35 458.89
943.96 499.65
938.37 451.70
949.56 403.75
930.38 382.97
990.32 386.96
915.99 398.15
895.21 398.15
909.60 406.14
881.62 401.35
873.63 394.16
876.03 430.12
883.22 430.12
865.64 450.10
878.43 476.47
787.32 459.69
803.30 461.29
790.52 475.67
803.30 423.73
812.89 414.94
790.52 409.34
581.05 642.55
526.83 634.37
743.70 654.83
763.14 623.12
825.54 631.30
768.25 720.30
868.50 737.69
877.71 710.07
901.24 667.10
873.62 621.07
962.62 604.70
992.28 638.46
1063.89 626.18
255.00 559.31
387.41 578.83
225.72 530.04
263.36 499.38
231.30 433.87
150.46 432.48
104.46 431.08
34.77 433.87
90.52 357.21
90.52 327.94
827.86 649.91
960.27 705.67
1018.81 779.54
876.64 509.14
825.07 513.32
762.35 477.08
678.72 481.26
635.51 461.75
427.83 463.14
353.96 428.29
296.81 453.38
418.07 405.99
519.82 405.99
483.58 397.63
145.70 326.20
183.33 321.32
227.23 289.96
234.20 316.44
263.47 305.99
250.93 311.56
289.96 322.02
382.65 308.08
436.31 304.59
432.82 280.20
440.49 276.02
469.06 280.20
461.40 285.08
478.82 288.56
461.40 329.68
498.33 388.22
502.52 374.28
502.52 273.23
265.27 285.25
537.77 378.29
534.28 345.19
547.18 336.48
574.70 349.72
600.49 359.47
596.66 341.35
624.88 331.95
583.42 327.42
594.57 318.36
589.34 308.25
568.43 318.01
571.92 302.33
547.87 295.71
567.04 290.48
560.42 285.25
559.72 276.89
574.36 272.36
577.14 284.21
538.12 286.65
626.97 278.98
652.76 275.84
693.18 350.41
639.17 386.65
630.46 401.29
727.33 356.34
738.48 329.16
760.78 381.43
757.99 411.39
504.49 282.99
514.25 292.05
842.49 438.40
839.01 391.01
862.70 365.22
818.10 319.92
836.92 304.59
827.16 275.32
924.03 454.78
957.49 397.63
983.97 461.75
1017.30 497.64
978.97 370.10
965.73 364.53
923.22 340.14
948.31 326.20
975.49 306.68
966.43 290.65
959.46 277.41
931.58 275.32
982.46 288.56
987.34 269.05
1013.82 324.80
1019.39 370.80
407.00 557.50
356.00 478.50
422.50 451.50
358.00 434.50
478.50 437.50
330.50 352.50
324.00 327.50
