49.13 280.46
5.90 202.05
6.63 141.23
78.45 144.16
82.11 120.71
108.49 135.36
147.33 139.03
161.26 135.36
191.30 121.44
218.42 108.25
219.88 128.77
235.27 118.51
241.87 118.51
304.16 123.64
319.55 140.49
278.51 257.01
255.06 295.12
203.76 293.65
146.60 298.05
296.10 220.37
317.35 195.45
355.45 195.45
398.69 298.05
368.65 336.16
342.26 303.91
472.71 265.07
190.45 380.49
263.73 475.76
561.26 273.50
589.10 250.05
536.34 197.29
522.78 110.45
602.66 66.48
614.39 54.02
580.68 56.95
614.39 102.39
604.13 92.13
563.09 133.90
546.97 174.94
599.00 124.37
646.63 90.66
681.81 111.18
750.69 115.58
720.65 172.74
687.67 276.80
715.52 264.34
725.78 396.25
782.20 154.42
829.84 144.16
827.64 84.80
870.14 69.41
888.46 133.90
900.19 110.45
898.72 204.98
819.58 279.00
740.07 466.97
817.74 604.74
813.35 689.74
737.13 719.06
935.00 478.69
1012.68 506.54
954.05 277.90
1006.81 367.30
970.78 100.19
956.86 72.34
915.09 62.08
897.50 54.02
896.03 37.90
929.01 15.18
988.37 15.91
1002.29 42.29
1018.42 62.08
961.26 53.29
980.31 67.94
940.74 61.35
978.05 50.17
590.94 26.17
581.41 35.70
569.68 26.90
651.76 21.04
667.15 18.11
675.94 18.11
691.33 31.30
703.06 18.84
719.91 30.57
8.71 396.61
625.38 26.17
492.00 521.50
495.50 440.50
444.00 373.00
464.00 269.50
381.50 324.50
444.50 200.50
475.50 195.00
445.50 172.50
340.50 182.50
345.50 100.00
326.00 79.00
392.00 85.00
1010.65 573.67
958.26 528.16
984.81 524.36
988.84 507.53
949.96 499.95
868.42 541.43
875.77 503.51
867.48 501.13
849.22 510.85
896.16 497.11
803.71 500.66
802.76 513.22
944.28 593.82
936.93 584.33
947.83 622.14
844.01 623.56
802.76 659.59
782.85 645.37
767.68 659.59
689.93 639.21
704.63 641.11
695.62 586.11
684.72 552.93
695.62 548.66
705.11 531.59
749.19 520.69
743.03 509.79
660.31 508.48
679.51 507.30
679.51 516.31
700.84 513.93
674.53 518.68
663.86 524.36
648.22 518.20
638.50 520.81
624.28 524.36
629.96 536.93
582.56 539.53
583.51 524.60
558.14 527.68
544.63 537.40
580.90 525.55
563.83 548.31
577.82 544.99
613.37 552.33
610.29 561.82
541.55 560.39
531.36 556.36
530.41 562.29
529.70 571.77
541.08 576.99
490.82 566.91
516.42 571.65
518.79 562.17
467.59 538.94
505.99 523.77
451.00 526.97
438.20 500.42
443.18 499.95
417.58 505.40
410.94 507.53
410.23 522.71
419.48 518.20
436.07 527.68
438.44 524.36
436.31 532.66
439.15 531.95
429.67 533.61
433.46 531.71
425.88 552.33
421.61 564.19
406.44 569.64
406.20 557.55
434.88 597.13
682.82 680.45
462.85 799.92
396.48 830.26
300.72 952.57
192.63 1013.25
26.71 865.34
389.85 577.11
288.16 585.99
316.36 584.33
291.00 554.71
304.51 555.42
318.02 549.49
339.12 559.45
345.28 541.91
334.14 543.80
329.40 544.99
328.93 536.22
311.86 549.73
383.68 538.82
397.91 531.00
383.21 521.28
390.32 515.59
306.41 533.85
300.48 546.17
296.45 533.37
291.95 532.19
279.86 537.16
287.92 525.79
272.99 541.67
263.51 555.42
261.85 534.56
268.96 535.98
265.16 520.10
269.19 517.73
279.62 516.31
299.30 514.65
302.38 513.22
314.94 515.59
318.73 512.28
337.22 511.80
343.86 510.62
327.27 511.56
356.07 506.76
361.52 507.95
391.15 504.51
398.97 497.64
401.46 497.16
351.21 499.53
336.99 502.73
339.48 503.21
331.42 503.09
326.91 503.45
343.86 502.73
346.35 502.38
241.46 631.39
218.23 628.54
236.72 579.71
212.54 589.19
224.87 574.50
243.83 577.34
249.52 556.96
252.36 554.11
253.79 547.95
247.62 543.21
239.09 539.89
238.14 547.48
236.25 555.53
215.86 568.81
249.05 522.23
255.21 517.96
259.24 519.39
256.16 524.13
247.15 522.47
240.75 523.18
239.80 524.36
238.38 524.60
237.43 523.42
235.53 524.84
232.22 526.50
219.89 521.28
223.45 525.55
214.68 534.08
207.56 527.92
195.95 523.42
194.76 521.28
201.64 527.68
203.06 525.55
193.11 530.05
186.47 531.71
180.31 531.95
176.28 530.53
177.70 534.08
163.95 533.85
166.56 531.95
167.74 534.32
169.16 537.88
156.84 534.56
155.42 535.27
150.44 528.39
152.33 524.60
146.17 524.13
142.38 533.37
138.11 531.95
136.93 536.45
129.58 535.27
131.71 544.28
156.84 545.93
155.89 539.77
162.53 543.56
173.67 541.19
160.16 551.15
183.15 551.62
200.69 553.52
212.07 548.54
223.21 544.04
194.76 567.98
192.87 570.59
180.54 565.85
184.10 563.71
168.93 571.77
167.03 564.19
153.99 560.63
148.78 553.52
134.79 552.57
125.79 545.93
121.76 538.11
122.47 549.02
132.66 576.28
126.26 565.37
121.99 587.18
151.15 620.84
81.70 627.36
120.57 630.20
117.73 611.71
170.35 628.31
185.05 631.62
91.18 589.43
97.34 563.83
99.71 548.66
104.45 541.55
109.67 549.13
113.93 547.71
117.25 540.13
110.62 534.91
49.93 626.41
63.21 624.99
65.11 600.33
42.35 604.13
46.14 588.96
57.52 585.16
77.43 578.05
74.11 568.57
81.22 562.88
70.32 568.10
66.05 571.89
55.62 572.36
40.93 575.21
34.29 572.36
46.62 568.10
59.89 564.78
31.68 565.37
22.44 562.76
22.68 558.50
45.91 560.39
56.57 558.26
94.73 540.72
101.37 539.53
104.93 536.69
96.16 534.08
90.94 536.69
88.81 539.06
76.72 535.03
81.46 532.90
79.09 532.19
73.88 534.32
64.63 535.27
68.66 532.42
65.34 533.61
61.08 535.98
60.36 532.66
57.05 530.76
52.54 532.90
58.47 535.74
47.33 532.19
115.12 543.80
131.00 540.48
151.86 542.14
20.78 547.12
21.02 540.48
14.85 540.01
15.56 536.93
19.59 537.16
16.75 533.85
22.68 533.61
27.42 538.11
27.42 535.74
26.47 533.37
29.31 534.08
30.50 535.27
30.97 537.64
44.72 531.24
47.33 536.93
50.17 531.48
49.22 534.08
34.29 535.74
32.87 534.32
31.45 531.71
38.32 532.66
37.13 534.56
42.82 536.69
42.11 533.85
36.90 537.16
40.69 535.74
39.98 536.69
42.82 533.13
64.63 531.00
56.10 535.74
58.23 534.08
49.70 537.88
118.44 576.75
113.70 572.48
394.64 504.48
54.31 534.53
94.59 532.23
54.85 537.52
262.20 609.03
309.28 571.86
295.90 527.26
274.59 508.42
260.71 490.09
264.18 474.23
303.83 467.78
338.52 477.70
345.46 454.90
357.36 457.38
372.72 421.69
397.00 430.61
407.41 438.05
425.75 466.30
394.53 457.38
439.13 483.15
445.57 502.97
603.17 668.01
306.43 429.75
320.56 405.46
331.96 405.96
341.87 403.73
258.61 305.10
269.76 313.03
271.74 327.65
273.23 339.05
264.06 344.25
262.57 357.14
278.43 360.61
271.74 368.54
279.17 374.98
262.32 377.95
257.37 363.33
264.06 387.62
276.45 392.08
271.49 403.23
261.08 394.81
300.24 407.69
283.39 403.73
292.06 391.83
299.25 384.15
292.31 372.75
300.73 373.25
289.09 367.05
296.52 357.39
285.37 350.20
292.80 343.51
281.16 333.60
293.30 334.09
293.30 316.25
286.86 309.31
287.35 319.23
304.95 333.10
315.11 363.58
302.72 350.45
308.41 368.54
310.15 374.98
317.34 376.96
324.52 391.34
311.39 388.61
333.94 377.21
332.70 386.13
344.59 387.12
354.51 370.27
340.88 366.31
332.70 363.58
322.04 348.96
324.03 336.32
312.13 330.13
307.18 322.45
313.12 317.99
312.87 306.84
306.68 306.84
319.07 302.87
353.51 329.63
344.84 340.78
342.12 350.20
336.66 357.14
357.48 357.64
358.22 344.50
348.06 319.72
340.63 304.11
352.52 307.58
355.99 320.96
346.82 310.55
319.07 313.77
276.45 308.82
352.28 380.93
391.92 403.73
365.66 395.05
355.00 394.56
325.76 322.70
327.99 314.52
314.86 323.69
319.57 322.70
370.86 305.84
372.10 314.02
386.22 316.25
376.06 311.05
375.32 341.53
381.27 337.07
392.67 331.37
390.93 342.27
395.39 347.97
395.39 352.93
402.33 356.40
406.79 364.33
404.07 372.75
391.43 363.33
393.16 375.23
383.75 373.25
378.05 359.37
382.75 350.94
391.68 315.76
395.39 309.56
386.47 306.84
417.94 307.08
413.73 303.37
406.54 303.37
399.61 301.88
404.81 311.05
400.35 318.98
425.13 339.05
420.92 350.45
430.09 345.74
429.09 359.12
422.90 365.32
411.50 364.33
411.25 355.65
406.79 349.21
401.09 343.26
412.74 343.26
407.29 340.04
400.84 335.33
409.27 330.13
412.00 320.71
417.20 315.76
427.61 438.67
445.20 429.00
440.74 439.41
468.74 457.75
463.79 438.17
469.73 437.68
450.16 438.91
452.39 423.80
463.29 425.04
469.49 415.13
461.80 408.19
449.41 413.89
445.94 401.25
435.78 409.92
428.60 407.69
416.21 410.42
412.49 427.52
430.09 422.56
405.06 402.98
421.91 400.01
391.68 391.83
398.37 384.89
412.24 381.67
421.16 390.34
428.35 385.88
440.49 372.75
435.29 389.35
446.44 389.35
457.84 387.87
462.79 379.19
457.84 373.00
449.17 374.49
445.70 354.41
438.01 359.87
448.42 348.71
438.01 348.96
442.23 338.06
434.05 338.80
517.06 338.06
504.18 325.92
452.64 302.38
438.26 308.07
427.11 301.14
430.33 312.78
450.40 338.06
457.10 337.56
461.80 320.96
469.49 316.75
445.70 316.25
439.01 316.25
427.61 315.51
481.63 335.33
473.95 330.62
492.04 326.66
483.11 319.72
495.26 312.04
502.94 308.82
515.82 306.34
484.11 301.88
425.87 454.28
475.93 391.09
465.77 397.28
481.63 405.96
472.21 383.65
474.94 377.46
484.60 381.67
494.51 386.13
498.73 397.78
510.13 404.72
491.54 413.89
502.69 418.59
480.39 423.80
496.50 439.41
501.70 450.31
493.77 453.04
485.59 469.64
493.27 471.87
499.47 479.31
518.30 482.77
530.20 486.49
546.80 466.92
530.69 469.39
514.34 459.98
524.00 453.04
518.30 441.39
518.80 420.33
532.92 422.06
522.52 402.49
460.07 354.66
455.86 355.40
467.75 352.43
469.49 340.54
463.04 338.80
462.79 302.87
528.21 340.54
523.01 329.63
533.42 332.85
537.14 331.86
533.17 313.28
537.14 305.84
520.04 390.10
510.87 382.42
501.45 377.95
496.50 372.75
499.72 361.60
486.34 352.43
476.18 358.13
482.62 366.31
477.66 369.53
464.53 370.27
455.11 369.28
556.22 441.14
549.53 454.53
542.09 468.90
540.36 449.07
561.42 411.16
561.17 422.06
547.79 412.89
533.17 406.45
540.11 399.51
554.23 390.10
542.09 380.68
534.66 387.12
529.21 376.22
520.78 369.28
512.36 358.87
515.82 354.91
502.44 346.73
495.50 337.32
509.38 311.05
547.05 364.33
557.95 373.00
531.19 362.59
542.83 359.12
538.13 351.94
525.74 353.67
524.99 305.84
506.66 317.99
481.63 310.30
475.43 307.08
456.35 312.78
414.72 327.16
464.03 331.86
442.72 324.43
451.40 323.19
543.33 311.05
548.04 312.04
552.50 328.39
547.05 335.33
554.48 336.57
541.84 342.27
562.16 360.61
563.90 353.92
559.19 318.23
553.49 320.71
500.96 335.58
508.14 332.85
576.78 364.51
578.64 322.76
571.70 302.44
524.37 294.14
587.32 295.99
566.62 298.97
569.35 318.54
560.68 330.19
563.90 373.06
717.94 644.78
760.84 673.20
756.19 648.91
714.58 685.35
800.13 675.53
790.05 656.41
824.16 664.93
816.15 645.29
841.74 645.81
873.53 629.53
862.41 614.54
849.23 600.58
843.29 584.30
861.12 564.91
853.89 557.16
829.85 534.16
825.20 519.17
869.39 513.22
827.01 502.63
797.03 505.47
758.00 507.02
759.81 515.03
764.98 527.70
779.97 540.88
792.12 554.06
805.30 537.26
820.55 569.83
814.86 560.26
815.89 602.39
812.02 585.85
826.23 615.05
803.23 634.70
795.73 611.18
779.97 621.77
760.33 627.98
696.75 610.92
719.49 604.97
750.25 612.21
745.60 594.64
748.96 569.83
761.88 560.26
738.62 536.74
730.09 532.61
738.88 517.10
709.93 548.12
731.38 558.45
707.35 537.00
690.80 555.87
706.31 569.05
694.16 589.47
671.94 611.44
674.01 586.88
648.68 595.41
647.39 579.65
668.06 560.52
648.42 555.87
628.78 568.02
602.42 552.77
581.48 538.81
568.04 527.18
558.48 504.44
570.63 503.40
590.53 519.69
609.13 515.03
602.67 505.99
624.90 507.02
633.17 520.72
617.41 528.99
647.64 536.74
649.97 512.45
644.28 527.18
661.86 518.91
676.07 500.04
684.60 517.10
651.78 503.66
701.14 507.80
687.96 533.13
668.58 541.40
678.92 554.32
737.58 498.23
722.85 513.48
650.75 693.62
764.98 541.40
869.91 532.35
866.81 676.82
838.38 684.58
529.92 499.56
544.39 509.89
550.60 494.39
568.17 476.30
572.31 450.45
562.48 464.92
581.61 459.24
202.72 520.75
185.15 517.13
178.43 518.68
179.98 536.26
201.69 526.95
218.75 519.72
227.54 503.69
512.86 323.81
499.42 321.74
518.55 313.47
464.79 311.41
422.92 318.13
430.68 320.19
387.77 325.88
379.50 327.43
336.60 323.81
498.91 316.57
591.95 320.19
588.33 318.13
577.47 313.47
600.22 318.64
590.40 311.92
601.77 340.35
589.88 340.35
584.19 340.35
579.54 336.22
573.34 332.60
568.17 334.67
569.72 325.36
583.68 330.01
591.95 331.05
601.25 327.43
575.41 356.89
553.18 349.66
561.45 340.87
573.34 348.11
568.17 343.97
571.27 380.15
574.89 378.09
573.34 370.85
521.13 325.88
512.86 352.76
316.44 334.67
573.86 433.39
580.06 423.06
570.24 412.72
574.89 404.96
563.52 394.11
590.40 368.78
584.71 376.02
597.12 352.76
605.90 345.52
618.31 331.05
624.00 332.60
617.28 324.33
605.39 322.78
613.14 313.47
604.87 311.41
627.10 321.74
632.78 318.13
633.82 312.96
622.44 314.51
634.33 327.43
640.54 322.26
648.29 318.13
645.19 315.54
657.08 323.81
652.42 328.98
644.67 329.50
649.32 335.18
643.64 345.52
636.40 338.28
628.65 340.35
638.47 353.27
631.23 350.69
622.44 354.83
614.69 355.34
617.28 346.04
608.49 372.40
613.66 372.40
601.25 376.02
597.63 394.11
591.43 391.52
591.43 383.25
580.58 386.87
574.89 394.11
587.30 404.96
598.67 407.55
583.16 412.20
609.52 410.65
613.66 398.24
626.06 407.03
607.45 390.49
617.79 387.91
630.20 386.87
624.51 394.11
636.40 394.11
635.88 412.72
632.27 417.89
641.05 419.44
631.75 439.60
626.06 429.26
619.86 422.54
618.83 415.30
616.24 409.62
605.39 426.16
597.12 419.44
604.87 455.62
594.02 443.21
606.94 437.53
586.26 434.43
615.73 431.33
623.48 452.00
621.93 465.44
613.66 441.66
612.62 469.06
619.34 478.36
629.16 495.94
648.29 483.53
648.81 472.68
646.74 461.31
634.85 461.31
642.60 443.73
657.59 428.74
657.08 440.11
671.55 461.82
673.10 466.99
665.35 450.45
669.48 418.40
653.98 422.02
655.01 412.72
652.94 402.38
637.43 406.00
647.26 400.31
582.64 487.15
592.98 476.81
601.25 495.94
553.18 476.30
632.27 362.06
588.85 354.83
586.26 324.33
661.73 312.96
652.42 309.34
657.08 341.90
797.03 499.69
795.48 488.31
759.81 488.06
761.36 500.98
707.35 487.54
687.19 482.63
714.06 471.00
703.73 461.69
696.49 450.58
686.15 449.80
671.94 437.66
685.89 422.15
671.68 429.39
698.04 436.62
690.29 433.52
702.43 424.74
708.90 438.43
714.58 443.09
709.93 451.61
724.92 445.67
727.50 436.62
744.05 445.15
755.68 453.42
749.21 449.03
734.74 460.14
750.25 469.45
741.20 476.17
729.57 488.06
793.15 451.61
790.57 471.00
799.35 472.81
801.42 463.76
816.15 468.93
837.35 465.57
825.97 485.21
816.41 495.55
841.22 481.08
855.18 468.41
850.01 460.66
862.93 452.13
871.46 459.11
836.05 455.23
843.03 444.89
836.57 441.02
842.26 431.71
828.82 431.20
808.92 426.80
797.80 440.24
785.40 441.02
778.16 451.10
762.91 445.41
751.80 436.62
762.39 420.86
748.44 423.18
745.60 432.49
740.69 415.43
754.12 413.11
734.74 410.78
718.72 418.02
722.34 424.74
702.95 415.69
685.12 403.80
673.23 407.68
664.44 397.86
658.50 391.91
651.52 386.23
639.63 388.81
643.25 374.85
645.83 369.43
663.41 365.29
675.04 388.81
686.93 395.01
696.75 388.81
693.13 382.87
702.69 382.09
712.00 385.97
718.46 391.14
725.44 393.20
713.81 399.41
718.20 408.45
737.84 397.86
746.11 385.97
754.12 402.51
786.43 395.79
770.67 407.68
776.09 416.72
746.11 398.63
804.01 407.68
797.29 398.63
810.72 399.41
790.57 405.87
792.12 418.02
792.63 429.39
820.03 405.87
813.05 410.26
835.02 414.91
838.64 403.80
853.63 397.60
859.83 405.87
863.71 423.96
867.07 429.90
869.39 394.24
865.77 388.04
856.47 388.29
847.68 387.52
831.92 381.06
817.96 393.20
814.34 383.90
814.08 375.63
806.07 381.57
801.68 385.71
798.06 372.53
785.40 380.28
776.87 382.35
778.16 393.20
769.63 401.99
763.69 386.74
765.24 372.53
647.90 346.17
665.48 321.61
666.77 327.82
671.68 338.16
662.63 343.58
665.48 355.99
655.14 354.44
723.63 325.49
721.82 331.44
725.70 334.02
710.45 324.97
704.76 320.84
709.93 316.19
693.13 314.64
693.65 320.06
692.10 340.48
689.25 334.02
695.97 331.69
678.92 340.74
673.49 355.21
679.95 346.68
690.80 353.40
693.13 343.07
700.63 349.79
709.93 349.53
705.79 342.29
715.10 352.11
713.03 344.87
704.50 335.05
711.22 333.24
722.59 343.32
727.25 343.32
738.62 341.26
743.01 347.20
736.29 350.82
728.28 351.59
716.13 361.16
706.83 357.02
700.88 366.33
713.03 368.91
707.86 376.66
695.20 362.97
681.50 348.75
670.90 377.70
673.75 372.27
660.31 378.73
679.95 366.07
726.73 382.87
731.12 372.53
725.44 360.38
731.64 362.97
744.05 373.56
753.09 364.00
759.81 351.34
741.46 355.21
739.65 315.15
761.62 315.93
755.16 315.15
752.06 345.39
755.68 334.54
753.35 330.92
765.75 336.09
767.82 329.11
800.90 335.31
794.18 332.21
789.53 329.11
784.88 333.50
780.74 337.64
773.25 347.72
770.67 341.77
792.63 346.68
805.56 352.63
802.20 349.01
786.43 358.06
776.35 361.16
778.68 372.53
861.38 343.07
860.09 355.73
863.45 376.66
814.34 324.97
815.89 332.73
839.67 319.03
846.39 320.58
832.95 326.01
841.22 334.02
845.36 353.92
826.75 362.19
819.00 357.54
824.94 347.72
858.28 440.76
845.62 337.12
809.43 344.10
797.29 317.74
783.59 317.74
873.27 349.79
871.20 343.58
863.19 331.69
853.37 324.97
850.53 330.40
871.72 330.40
872.49 318.00
851.30 374.08
869.13 365.03
873.79 414.14
828.30 392.43
844.06 386.74
837.35 392.43
808.40 359.35
817.44 448.77
806.59 453.68
623.35 365.81
623.09 374.34
693.39 398.89
699.59 402.51
731.38 315.93
822.35 318.77
834.24 371.24
840.19 342.55
844.32 345.91
821.84 338.16
816.41 339.45
873.27 324.20
719.23 460.66
669.09 485.21
723.37 431.71
750.25 377.18
767.31 359.35
735.77 334.54
691.84 374.08
719.23 500.72
816.67 416.32
844.06 414.00
277.87 280.42
294.59 286.61
298.93 288.47
280.97 289.71
279.73 289.09
272.91 279.80
264.24 262.46
264.86 287.23
264.86 298.38
270.44 303.96
283.44 302.72
277.25 271.13
293.35 271.13
300.17 284.14
320.61 301.48
317.51 273.61
312.55 271.13
313.79 295.29
313.17 297.14
341.66 294.05
336.09 285.38
325.56 295.29
332.99 305.82
339.81 285.38
328.04 278.56
315.03 284.14
332.99 293.43
335.47 273.61
336.71 269.27
342.90 281.04
347.24 292.81
354.67 289.71
348.48 271.75
344.14 266.79
335.47 259.36
332.37 260.60
324.32 263.08
308.22 262.46
304.50 260.60
289.02 262.46
315.65 267.41
325.56 264.94
316.27 258.74
308.22 274.23
300.79 273.61
297.69 271.13
373.87 282.28
375.11 282.28
387.50 287.23
385.02 293.43
378.21 291.57
370.16 281.04
366.44 269.27
363.34 269.27
372.63 294.05
373.87 301.48
383.78 301.48
381.92 275.47
375.73 269.27
377.59 273.61
386.26 282.28
387.50 282.28
393.07 271.13
388.74 262.46
400.51 274.23
401.74 276.09
398.65 288.47
396.17 292.81
394.93 292.81
393.69 284.14
393.07 278.56
383.78 268.03
407.94 267.41
408.56 268.03
411.04 282.28
407.32 290.95
406.08 289.71
404.84 284.76
402.98 281.04
429.62 279.80
446.34 278.56
440.15 282.90
434.57 286.61
439.53 290.95
434.57 289.09
416.61 285.38
424.66 298.38
444.48 305.82
445.10 304.58
437.05 297.14
426.52 290.95
419.09 284.14
417.23 271.13
419.09 265.56
427.14 264.94
442.00 274.23
418.47 263.08
405.46 266.79
410.42 275.47
418.47 275.47
429.00 275.47
437.67 262.46
443.24 262.46
446.34 266.79
434.57 269.89
430.24 268.03
422.80 268.03
456.87 271.13
459.97 272.37
460.59 284.14
451.30 290.95
448.20 297.76
451.91 284.14
443.24 284.76
456.87 297.76
463.06 292.81
465.54 289.09
471.73 282.28
474.83 292.81
477.31 297.76
481.03 295.29
487.84 292.81
494.03 291.57
496.51 286.61
492.79 284.76
485.36 278.56
478.55 275.47
474.83 277.94
464.30 261.22
465.54 259.36
490.94 266.79
500.23 266.79
511.99 271.13
513.23 275.47
507.66 288.47
506.42 297.14
503.94 297.14
505.18 302.10
498.37 300.24
482.88 285.38
477.31 285.38
481.64 289.71
468.02 262.46
472.97 262.46
484.12 266.79
488.46 275.47
476.07 275.47
482.26 271.13
500.23 275.47
520.05 286.61
524.38 287.23
510.76 282.90
507.04 282.90
516.33 279.80
524.38 271.13
518.81 266.79
525.62 276.70
534.29 287.23
513.23 269.89
503.94 262.46
515.09 262.46
542.96 260.60
551.02 260.60
544.20 263.08
531.81 263.08
544.82 275.47
546.06 277.94
540.49 280.42
533.05 271.75
536.15 271.13
549.78 271.75
553.49 275.47
554.11 289.71
542.96 290.95
553.49 301.48
553.49 301.48
542.96 299.62
534.29 298.38
539.87 300.24
541.72 297.14
534.91 295.29
553.49 297.76
555.97 297.76
515.09 301.48
520.05 302.72
567.12 277.94
578.89 276.70
590.66 295.29
570.84 288.47
559.07 279.80
564.64 289.09
572.69 289.09
556.59 300.24
560.31 308.29
568.36 308.29
586.32 306.44
598.71 304.58
604.28 292.81
588.18 281.04
575.17 289.71
581.98 303.96
591.89 306.44
592.51 290.95
585.08 287.23
583.22 297.76
580.75 269.89
568.98 267.41
586.32 280.42
583.22 269.27
577.65 264.94
573.93 279.80
571.46 260.60
558.45 271.13
580.75 260.60
570.84 259.36
572.07 274.23
594.99 275.47
614.81 281.04
598.71 264.94
593.13 269.89
614.19 282.90
620.39 284.14
609.86 284.14
604.28 287.23
600.57 284.14
602.42 275.47
615.43 269.27
626.58 272.37
638.35 284.76
650.74 284.14
645.16 293.43
635.87 297.76
640.21 312.63
662.50 308.91
663.12 291.57
670.56 286.61
671.18 279.80
668.08 277.94
653.83 269.27
660.03 267.41
672.41 266.79
676.13 265.56
672.41 267.41
653.21 274.23
645.78 280.42
668.70 292.81
706.48 292.81
731.26 279.80
721.35 276.09
705.86 279.80
692.85 289.71
687.90 297.14
738.07 295.91
766.56 295.29
764.08 289.09
741.17 292.81
710.82 300.24
684.18 306.44
659.41 305.82
643.30 301.48
627.82 300.24
610.48 297.14
609.86 291.57
648.88 299.62
684.80 302.72
657.55 302.10
622.86 300.24
624.10 289.71
625.96 284.14
625.34 271.75
616.05 266.79
607.38 254.41
624.10 253.79
638.97 259.36
645.16 262.46
634.01 262.46
618.53 264.94
608.00 273.61
624.10 277.94
634.63 276.70
638.35 275.47
647.64 268.03
660.03 262.46
675.51 263.08
688.52 265.56
696.57 268.03
686.04 271.13
677.37 275.47
679.23 277.94
687.28 279.80
697.81 288.47
718.87 298.38
743.02 299.62
754.17 302.72
725.06 313.25
691.00 276.09
703.38 316.96
699.67 304.58
694.09 305.82
682.94 313.25
694.09 314.49
712.67 310.77
733.11 310.15
751.69 310.15
734.97 307.05
728.16 303.96
720.73 297.14
718.25 292.81
725.06 279.80
719.49 271.13
707.10 269.27
708.96 267.41
743.64 264.94
752.31 264.94
783.28 282.90
800.63 282.28
808.68 277.94
782.66 276.09
773.99 279.80
816.11 303.96
850.80 297.76
833.45 289.09
783.90 299.62
809.92 312.63
844.60 304.58
819.21 291.57
802.48 293.43
853.27 299.62
834.07 277.94
802.48 279.80
834.07 297.76
836.55 277.94
793.81 267.41
840.89 299.62
818.59 271.75
764.08 269.27
801.25 295.29
813.01 279.80
771.51 263.70
776.47 284.14
777.71 281.04
760.37 278.56
832.83 273.61
842.12 269.89
851.42 284.14
852.03 295.91
865.66 297.14
848.94 271.13
857.61 264.94
861.33 264.94
868.14 278.56
871.24 291.57
871.85 299.62
863.18 302.72
867.52 293.43
863.18 275.47
856.99 288.47
863.18 305.82
870.62 308.29
878.05 302.72
867.52 271.13
858.23 262.46
853.89 277.94
850.80 289.09
847.70 303.96
842.12 308.91
827.26 301.48
821.07 303.96
858.23 314.49
865.04 315.11
838.41 314.49
828.50 314.49
818.59 314.49
792.57 311.39
770.90 311.39
762.84 312.63
753.55 318.82
739.93 323.16
738.07 325.64
753.55 323.78
758.51 308.91
767.80 303.96
783.28 291.57
782.04 285.38
774.61 293.43
767.80 288.47
759.13 282.90
740.55 279.80
736.83 286.61
756.65 286.61
754.79 277.94
746.74 271.75
726.92 266.79
708.96 260.60
692.23 256.27
674.89 259.36
649.50 256.88
617.29 258.12
608.62 258.12
604.90 259.36
655.07 262.46
687.90 260.60
713.91 261.22
744.26 262.46
766.56 262.46
787.00 262.46
801.86 266.79
810.54 273.61
795.67 273.61
778.33 271.75
773.37 269.27
796.29 266.79
805.58 265.56
811.77 263.70
804.34 262.46
785.14 264.94
771.51 266.79
811.16 269.27
818.59 269.27
801.86 278.56
788.86 297.14
797.53 301.48
790.72 290.95
793.19 304.58
721.35 289.09
704.62 284.76
689.76 282.90
673.65 284.14
663.12 285.38
656.93 286.61
653.21 289.71
676.13 298.38
726.92 284.76
712.67 290.95
712.05 285.38
716.39 282.90
699.05 264.94
716.39 273.61
731.87 263.70
548.54 282.28
554.11 286.61
554.73 323.78
534.91 321.30
529.96 321.30
541.11 318.82
544.82 318.82
560.93 262.46
568.98 268.03
611.71 271.75
476.07 260.60
469.88 261.22
463.68 261.22
451.91 261.22
443.86 261.22
412.27 260.60
375.73 260.60
375.73 260.60
362.10 261.22
464.92 276.40
468.64 273.30
472.35 269.58
455.01 280.11
449.44 275.16
408.56 257.81
401.74 259.05
401.13 263.39
396.17 267.10
396.17 259.05
391.22 259.05
385.02 258.43
384.40 262.15
376.35 264.63
340.43 260.29
344.14 260.29
282.20 258.43
277.25 259.67
270.44 263.39
264.86 268.96
259.29 260.91
259.29 270.82
271.67 288.78
287.78 280.73
289.64 288.16
285.92 290.02
288.40 299.31
293.35 293.74
285.30 293.74
276.01 294.98
268.58 294.36
258.67 288.78
259.29 277.63
294.59 262.77
299.55 265.25
302.64 267.72
303.88 288.16
300.79 296.83
300.17 303.65
300.17 309.84
304.50 280.73
308.84 280.73
314.41 350.10
777.09 569.36
768.42 600.33
738.07 632.54
606.14 538.39
554.11 485.13
780.19 504.33
766.56 483.27
773.99 467.16
861.94 469.02
827.88 268.34
834.69 265.25
843.36 263.39
838.41 260.29
827.26 260.91
819.83 260.91
819.21 278.87
813.01 286.92
809.30 303.65
801.86 311.70
804.96 319.13
826.02 327.18
856.99 270.82
852.03 265.25
850.18 262.15
795.67 260.29
780.19 259.05
759.75 259.67
757.27 266.49
733.73 259.05
734.35 271.44
720.73 259.67
726.92 259.67
659.41 257.81
528.10 260.91
525.62 265.87
484.12 260.29
489.70 260.91
495.27 260.91
592.51 262.77
586.94 262.15
481.64 493.49
