60.24 379.08
124.98 352.42
288.74 320.69
320.47 300.38
364.90 274.99
508.35 314.34
548.97 687.55
609.90 610.11
703.84 459.05
667.03 363.85
818.09 587.26
721.61 324.49
585.78 300.38
557.86 238.17
608.63 230.56
20.89 163.28
53.90 140.43
78.01 121.39
91.98 150.58
136.41 94.73
818.09 304.18
870.13 286.41
796.51 243.25
832.05 280.06
847.28 234.37
830.78 221.67
819.36 201.36
858.71 205.17
838.40 174.70
788.89 167.09
755.89 156.93
673.37 162.01
441.07 112.50
461.38 113.77
53.26 57.60
31.05 15.71
13.91 7.46
81.19 14.44
126.89 17.61
126.25 46.17
118.00 74.10
154.18 37.92
172.59 9.36
173.22 37.92
163.07 7.46
195.44 61.41
197.34 98.22
245.58 154.71
231.61 100.12
231.61 52.52
201.15 25.86
230.35 14.44
237.33 21.42
244.31 89.33
253.83 76.00
290.64 99.49
293.82 121.70
275.41 93.14
284.93 65.21
277.31 48.08
123.08 3.81
209.40 2.85
271.60 2.22
283.98 2.85
296.36 10.47
308.10 6.35
312.54 18.72
292.55 47.92
309.68 74.89
334.23 63.79
332.00 95.20
325.02 78.38
334.86 8.25
376.43 91.40
362.79 57.12
379.29 41.57
385.32 54.90
362.47 26.34
384.69 34.59
394.52 27.93
386.27 17.77
391.98 19.36
402.78 25.07
413.25 4.76
416.10 17.77
440.86 24.43
431.65 34.59
433.24 46.97
415.47 50.14
454.50 66.64
470.05 34.27
479.89 2.22
476.08 3.81
499.89 68.86
501.16 45.06
512.90 47.28
525.91 54.90
506.87 33.32
504.65 9.20
499.25 1.90
570.66 70.77
571.61 48.87
597.31 113.29
600.17 65.37
586.52 53.00
591.60 58.39
598.27 47.60
606.83 21.58
592.55 15.55
438.95 31.10
378.02 9.84
559.87 25.39
570.97 20.63
570.97 14.28
676.76 88.06
636.77 79.18
614.56 61.41
624.08 58.23
643.44 60.93
688.18 74.89
681.84 46.65
689.14 53.31
678.66 37.13
651.37 34.27
662.48 34.27
632.96 32.69
614.87 10.47
610.11 11.42
624.08 1.90
634.87 0.63
633.92 18.09
638.99 22.85
631.06 25.70
647.56 27.61
652.00 27.61
654.86 27.29
691.36 5.39
692.94 20.63
700.88 44.11
705.32 79.02
722.14 79.97
725.95 114.56
738.33 82.83
763.08 50.78
718.97 24.43
729.44 43.79
739.59 47.60
728.17 13.33
714.21 14.60
704.05 11.74
702.78 8.57
748.80 19.36
781.17 26.34
756.10 36.18
776.73 114.25
784.02 137.10
800.21 117.42
804.65 73.31
799.58 37.13
789.74 24.75
807.19 27.93
810.37 24.75
877.96 178.19
848.13 156.61
838.61 148.36
832.90 133.13
860.19 96.95
838.61 89.33
827.82 82.99
865.90 63.31
870.98 41.73
842.42 32.21
873.52 51.89
858.92 55.69
895.73 61.41
923.66 48.08
888.75 73.47
881.14 82.35
897.64 175.65
904.62 149.00
930.01 156.61
927.47 126.15
969.78 44.11
985.02 46.65
902.50 75.85
927.26 79.97
934.24 72.67
929.80 67.59
925.99 101.23
961.21 101.23
971.05 73.94
976.77 86.32
970.42 121.86
956.77 149.79
980.26 141.54
997.08 95.52
1001.84 85.37
999.61 71.09
1006.60 77.12
977.40 69.82
1022.78 107.90
1022.78 94.57
985.02 189.14
974.23 185.02
945.56 71.09
952.86 79.02
712.30 74.89
699.29 36.49
183.01 10.83
194.27 14.41
338.35 43.93
353.33 23.81
351.41 9.04
356.54 8.83
383.94 10.27
477.05 35.15
491.61 40.93
369.00 504.50
340.50 423.00
342.50 378.00
454.50 493.50
474.00 433.50
425.00 341.50
328.50 210.50
329.50 169.50
314.50 159.00
370.00 206.00
361.50 174.50
360.50 141.50
433.00 212.00
415.00 172.00
408.50 143.00
493.50 126.50
304.00 57.50
330.00 54.00
340.50 45.00
308.50 21.00
313.50 20.00
312.50 12.50
306.50 28.50
328.00 42.50
344.50 36.50
322.00 56.50
316.75 261.16
317.19 270.04
326.96 262.94
324.30 258.94
322.52 271.37
338.06 273.15
347.38 269.15
353.60 279.37
358.48 278.48
370.03 278.03
371.36 276.26
377.13 279.81
386.46 283.81
412.21 295.35
408.21 291.80
398.44 289.13
417.54 292.24
421.53 298.01
427.30 296.68
429.97 301.12
438.40 306.45
449.95 309.56
443.29 308.23
483.25 309.11
465.93 316.66
463.27 310.89
497.90 329.09
501.45 317.99
505.45 299.79
500.12 299.79
497.01 298.90
493.90 302.90
487.24 298.90
478.36 323.77
475.25 321.10
471.26 318.44
473.03 335.31
464.60 336.20
398.89 313.55
390.45 304.67
430.41 307.34
372.25 298.68
418.42 308.45
406.88 298.68
445.06 317.33
430.86 318.22
431.74 313.55
438.85 310.45
437.96 304.23
207.08 456.52
431.74 317.55
419.31 316.66
457.50 313.55
491.68 335.31
496.12 333.53
513.88 336.20
515.21 344.63
513.44 350.85
509.00 351.29
510.77 340.64
502.34 342.86
495.68 338.42
489.91 342.86
491.68 350.85
494.35 356.18
497.90 344.63
503.23 349.52
487.69 344.63
482.80 341.52
481.03 338.42
477.03 341.52
480.58 349.52
485.02 354.40
487.69 360.62
469.04 343.74
449.95 345.08
440.62 340.19
432.63 349.52
429.97 342.41
429.08 339.30
419.76 335.31
420.64 342.41
414.87 338.86
414.43 345.52
420.20 349.52
417.98 347.74
433.96 366.83
464.60 374.38
460.16 380.15
454.39 384.15
468.15 389.48
480.14 376.60
465.93 383.70
474.81 354.84
462.82 353.07
462.38 346.41
463.71 340.64
460.16 362.39
473.03 368.16
451.72 363.72
444.62 353.96
448.17 367.28
451.28 369.50
446.40 376.16
445.95 372.60
431.74 379.26
423.31 377.49
418.87 380.15
413.98 377.49
407.77 378.38
398.89 373.49
391.34 374.82
373.14 376.60
389.56 386.37
367.81 376.16
359.37 377.49
352.27 383.26
358.04 387.70
363.81 384.59
364.26 397.91
383.35 397.02
401.55 393.92
410.43 389.48
399.33 386.81
414.43 404.13
404.22 401.91
426.86 405.02
411.76 414.78
416.20 410.34
403.33 412.56
408.66 411.68
431.74 421.89
427.75 411.23
445.51 410.34
436.18 405.02
451.28 405.02
438.40 386.37
444.18 395.69
431.30 389.48
425.53 386.81
440.18 420.56
448.17 424.55
459.27 417.45
447.73 417.45
460.16 408.12
474.37 405.02
467.71 400.13
499.23 417.45
487.69 419.67
480.14 415.67
472.59 424.11
487.69 432.99
507.67 423.66
514.77 429.88
520.10 413.45
510.33 405.02
506.33 396.14
501.45 401.02
487.69 403.24
495.23 392.58
524.98 395.69
529.42 383.70
538.30 389.48
535.64 397.91
549.85 404.13
552.07 394.80
549.40 383.26
545.41 372.60
534.75 375.71
511.66 366.83
522.76 348.18
534.75 356.18
538.75 345.96
530.31 345.96
538.30 338.42
531.20 337.08
535.19 423.66
539.63 430.32
553.84 424.11
543.19 419.67
548.96 415.23
548.51 410.34
570.71 411.68
569.38 402.35
571.60 396.58
567.16 393.03
567.16 387.70
560.06 383.26
551.18 375.71
560.50 374.38
555.62 366.83
548.51 353.96
541.41 372.60
562.28 353.96
555.62 350.85
561.83 347.74
568.94 346.41
570.27 338.86
571.60 335.75
568.94 332.20
560.50 333.98
554.73 328.20
547.18 329.98
544.07 333.53
542.74 327.76
564.05 318.88
580.04 333.09
576.49 340.19
576.49 348.63
582.26 351.29
582.70 360.62
577.82 354.84
635.98 341.52
644.86 326.87
647.97 329.98
647.52 346.85
637.76 345.08
636.87 351.29
649.30 352.62
643.08 353.96
651.08 362.39
655.07 357.06
658.18 336.20
664.40 336.64
657.74 332.20
647.52 335.31
524.09 371.72
519.21 377.49
514.33 389.48
626.21 360.17
623.55 354.40
624.44 345.96
613.78 343.30
613.78 355.73
603.57 354.40
598.24 359.28
592.47 362.39
591.14 369.94
567.61 366.39
580.93 376.16
574.71 376.60
586.70 382.37
588.03 376.16
594.25 374.38
586.25 369.50
605.79 376.16
584.48 393.92
593.36 395.69
600.46 395.69
592.91 386.37
584.48 386.37
604.01 391.70
623.99 405.02
631.10 405.02
643.08 398.80
639.09 385.48
663.95 379.26
656.85 377.49
648.41 376.60
639.98 379.26
638.64 372.60
628.43 371.72
624.88 370.38
624.44 383.26
623.10 388.59
614.22 384.59
609.78 401.91
620.88 395.69
608.45 360.62
618.66 361.06
661.73 355.73
600.02 371.27
663.95 397.91
654.18 394.80
651.08 388.59
652.41 414.78
646.19 420.56
633.76 421.89
618.22 426.77
604.46 425.88
610.23 415.23
603.12 410.34
592.47 436.10
584.03 442.31
576.49 425.88
568.94 447.20
566.27 457.85
560.50 434.32
560.50 429.88
540.52 442.31
545.85 455.19
551.18 470.28
556.95 467.17
553.40 482.27
565.83 491.15
599.13 477.39
620.00 468.95
638.64 464.95
659.96 447.64
663.06 423.66
591.58 424.55
536.53 478.72
532.97 459.18
519.21 463.18
515.21 474.28
528.53 491.15
516.10 498.70
505.00 509.80
501.01 520.45
492.57 509.80
505.45 491.15
493.90 479.16
501.45 458.74
493.01 458.30
513.88 451.64
491.68 447.64
482.36 502.25
483.25 480.49
475.25 483.16
465.93 488.49
460.16 513.79
441.96 511.13
443.29 496.03
437.52 480.49
446.84 468.95
450.84 459.18
465.93 448.53
476.59 446.31
498.34 432.10
517.43 401.91
451.72 443.20
456.16 429.88
425.08 457.85
441.07 459.63
431.74 442.31
433.08 437.87
414.87 436.98
406.44 437.43
404.66 448.53
396.22 459.18
393.56 478.72
410.88 482.27
419.31 478.72
422.86 464.95
413.54 502.25
404.66 515.13
420.64 524.01
381.57 500.92
366.92 488.04
333.18 511.57
349.16 523.12
337.17 492.48
346.50 480.49
347.83 473.39
335.40 467.17
344.72 460.96
318.08 478.27
322.52 488.93
371.80 454.74
371.80 467.17
359.37 446.75
370.92 434.32
370.92 426.77
363.37 423.66
358.93 432.10
351.82 427.66
341.61 448.53
341.61 437.43
320.30 460.07
329.62 431.21
337.62 414.34
338.50 425.88
354.49 402.35
355.82 410.34
370.03 413.45
385.12 441.42
385.12 454.74
394.45 453.86
387.79 422.78
420.64 497.37
387.34 465.84
343.39 385.48
346.05 393.92
340.72 390.36
335.40 397.91
334.95 408.57
329.62 401.91
329.62 392.58
329.62 385.48
318.53 373.05
318.08 361.06
324.30 348.63
355.38 345.96
390.01 341.52
400.66 335.31
320.30 339.30
325.19 363.72
322.52 421.00
315.86 415.23
318.08 409.01
309.65 401.91
310.53 397.91
317.19 397.02
322.08 397.02
315.86 386.81
325.19 388.59
305.65 354.40
305.65 363.28
292.33 361.06
281.67 363.28
279.01 373.05
271.02 369.50
275.90 382.37
271.02 382.37
272.79 389.92
285.67 392.58
288.78 381.04
295.44 399.69
299.43 396.58
304.76 381.48
294.55 387.26
280.34 402.35
274.57 403.24
290.11 416.56
303.43 412.12
303.87 424.55
297.21 417.89
306.09 431.21
294.11 438.32
280.34 425.88
294.55 428.99
282.12 448.97
291.44 460.07
306.98 448.53
314.97 440.09
289.22 477.39
272.35 474.28
269.24 457.85
269.24 442.31
271.02 427.22
273.68 493.81
273.24 506.69
286.56 506.69
297.66 492.93
305.65 504.47
302.54 514.68
356.26 505.36
675.78 342.41
689.10 338.42
725.95 330.42
740.16 332.20
752.59 342.86
783.23 351.29
772.57 339.75
784.56 367.28
769.91 362.39
762.80 359.28
751.70 355.73
743.27 355.73
741.05 348.18
733.50 351.29
724.62 351.29
717.07 349.52
711.30 353.07
706.42 336.64
703.31 338.86
691.32 360.17
689.99 371.27
677.56 356.18
673.12 353.07
675.78 368.61
669.12 371.27
670.45 380.15
678.44 389.92
674.89 376.16
687.32 387.26
693.98 387.70
717.96 393.47
710.41 387.26
704.20 389.48
698.87 373.05
696.20 368.16
694.43 377.49
706.42 369.50
709.52 373.05
712.63 365.50
709.08 359.28
705.53 357.51
730.39 368.16
727.28 360.62
745.04 371.72
733.94 375.71
737.50 382.37
729.06 389.48
719.74 381.04
725.95 373.49
748.60 397.02
734.39 415.23
722.40 408.12
722.40 436.10
677.11 430.77
705.97 467.17
756.14 410.34
748.60 439.65
787.22 424.55
773.46 402.35
786.34 396.58
772.57 393.47
755.26 393.03
761.03 377.49
760.58 371.27
752.59 376.60
744.16 382.37
773.46 371.27
791.22 377.93
793.00 386.37
785.89 381.04
776.57 382.37
766.36 381.48
711.74 401.91
684.22 378.38
779.68 409.46
272.06 305.12
265.85 306.01
252.09 307.34
222.34 331.31
211.68 329.09
192.59 326.87
184.60 326.87
174.39 326.87
181.05 331.31
188.59 339.75
173.50 340.64
161.95 332.64
163.73 333.98
156.63 329.54
149.97 332.64
144.64 335.31
131.32 336.20
124.22 333.98
158.40 339.75
119.33 333.09
116.22 335.75
142.42 336.20
180.16 365.50
247.65 371.27
260.97 373.05
263.63 377.93
268.96 385.48
265.85 387.70
257.86 383.26
251.20 377.49
234.77 376.60
246.31 392.58
255.64 393.03
266.74 392.58
269.40 399.24
258.30 404.13
255.19 397.02
251.20 399.24
238.32 400.13
234.33 392.58
231.22 386.81
189.48 373.49
190.37 382.37
194.65 349.29
200.87 334.20
196.43 329.76
204.42 333.31
164.46 359.06
176.89 376.82
173.34 379.49
165.35 376.82
168.01 372.38
223.95 399.91
220.40 404.35
224.84 404.35
210.63 402.57
203.53 396.36
219.51 391.92
187.55 389.25
179.56 395.47
166.24 395.47
11.88 388.59
6.56 384.15
15.44 373.94
18.54 373.49
22.98 373.49
34.08 369.50
42.52 370.38
51.40 369.05
58.06 369.05
65.16 369.05
72.71 362.39
90.03 354.84
93.58 359.28
83.37 370.38
65.16 376.60
70.49 378.82
73.16 373.94
101.57 363.28
97.13 372.16
103.35 378.38
93.58 380.15
131.76 370.38
131.32 382.82
126.88 381.48
149.52 368.61
139.31 369.50
147.75 381.48
141.53 378.38
152.63 390.81
157.51 397.02
157.07 382.82
161.51 377.04
169.50 409.46
159.73 410.34
155.29 401.46
148.63 393.92
148.63 410.34
135.31 390.81
122.88 385.04
127.77 393.03
129.99 389.48
132.65 396.14
135.31 403.24
131.76 408.12
127.32 408.12
123.33 401.02
116.22 399.24
120.66 413.90
117.56 406.35
109.56 407.24
123.77 421.89
128.66 428.99
148.19 422.78
139.31 412.56
151.74 415.67
151.30 431.21
155.29 426.77
166.39 421.89
173.05 414.34
173.94 422.78
169.95 433.43
191.26 438.32
193.92 422.78
187.71 417.45
199.25 412.56
192.15 404.57
195.70 402.35
208.57 407.68
214.79 416.56
206.35 422.78
201.91 425.00
209.02 435.65
38.52 386.37
49.18 383.26
18.10 393.92
20.32 387.70
39.86 397.91
39.86 405.02
34.53 400.13
22.10 403.24
13.22 405.02
3.00 416.56
14.99 413.45
18.54 421.89
27.87 424.11
33.20 416.56
30.98 409.46
44.30 410.34
63.39 409.46
54.95 416.56
63.83 401.02
56.28 405.02
53.18 397.02
71.82 395.69
88.25 386.37
90.03 395.25
82.48 383.26
80.70 386.81
69.16 387.70
106.90 401.02
112.23 385.92
111.78 374.82
106.01 375.27
101.13 408.57
101.13 385.92
98.02 416.56
88.70 417.00
84.26 408.57
79.82 403.24
78.93 408.12
71.38 412.56
70.94 418.78
67.38 428.10
75.82 430.32
82.48 423.22
76.26 421.89
86.48 425.88
82.92 437.43
89.14 432.10
93.58 428.99
103.35 440.54
96.69 433.43
50.51 423.22
46.96 428.10
46.96 432.99
33.64 436.10
42.52 440.54
24.76 445.42
14.55 435.65
14.55 451.64
26.98 457.85
46.96 446.31
48.74 458.30
45.63 458.30
34.53 460.07
44.74 467.62
33.64 488.49
23.43 481.83
22.98 496.03
28.31 505.36
38.08 518.68
13.22 464.51
25.65 520.01
20.32 532.00
34.97 534.66
49.18 502.69
59.84 524.89
47.40 494.26
63.83 493.81
88.70 529.78
77.15 500.92
102.46 512.46
114.45 535.11
113.56 494.26
106.46 480.49
94.47 463.18
94.47 450.75
69.60 456.08
63.39 460.07
4.78 445.86
1.67 461.85
4.78 400.13
106.46 448.53
121.11 449.86
106.90 464.95
88.70 460.52
92.25 472.50
80.26 477.39
72.27 465.40
85.59 487.15
68.72 473.39
119.78 519.57
88.70 500.03
148.19 510.69
151.74 493.37
133.98 494.70
125.99 487.15
144.19 480.49
122.00 468.06
135.31 454.30
147.30 464.51
158.40 458.30
148.63 449.86
120.66 435.21
114.45 425.88
128.21 439.65
109.56 419.67
181.05 455.19
163.73 449.42
171.28 481.83
156.63 468.06
187.26 474.72
172.17 471.17
188.59 455.63
185.04 444.53
197.03 445.42
216.12 443.64
200.14 463.18
211.24 480.49
205.91 472.50
201.03 482.71
192.59 485.82
170.83 512.46
189.48 500.92
182.82 494.26
165.06 496.92
185.93 526.23
201.91 518.68
201.91 525.34
226.78 520.45
221.89 500.47
162.84 512.02
247.20 520.45
263.63 502.25
254.31 503.14
239.21 483.60
251.20 487.15
219.67 480.94
226.33 474.28
229.44 462.29
222.78 452.08
229.44 428.10
226.33 410.34
236.99 430.32
242.32 437.43
242.32 424.11
236.99 409.46
264.07 413.45
268.07 407.68
258.30 436.54
256.53 422.78
252.53 407.68
284.50 440.54
281.39 435.21
284.94 429.88
261.85 469.39
246.31 474.28
241.87 456.08
258.75 448.08
248.53 449.86
21.49 789.74
57.90 750.66
14.39 741.78
20.61 720.47
10.84 673.41
35.70 660.09
32.15 643.22
18.83 616.58
6.40 621.91
9.06 601.48
7.29 572.18
10.84 555.31
6.40 539.32
6.40 524.23
41.92 553.53
29.49 574.84
32.15 611.25
49.91 612.14
85.43 603.26
80.99 574.84
71.22 547.32
57.90 554.42
31.26 603.26
57.01 542.88
84.54 549.98
105.85 547.32
107.63 576.62
112.96 565.96
116.51 559.75
133.38 561.52
143.15 578.40
153.80 589.05
162.68 603.26
162.68 615.69
130.72 620.13
114.73 609.47
117.40 642.33
98.75 636.11
104.96 662.75
75.66 640.55
58.79 665.42
64.12 692.06
58.79 723.14
117.40 735.57
102.30 690.28
136.93 682.29
177.78 702.71
161.80 651.21
206.19 623.68
215.96 603.26
209.75 582.84
183.11 573.07
170.68 564.19
155.58 537.55
162.68 535.77
136.93 533.11
137.82 514.46
254.15 565.96
231.95 573.07
235.50 590.83
267.47 603.26
260.36 646.77
318.08 629.01
344.72 597.04
306.54 580.17
326.07 573.96
285.23 522.45
257.70 531.33
219.51 537.55
195.54 551.76
218.63 554.42
66.78 512.68
391.78 589.05
374.91 574.84
359.82 547.32
346.50 533.11
310.09 555.31
315.42 518.01
308.31 467.40
310.98 459.41
445.95 565.96
436.18 578.40
413.98 557.97
425.53 541.10
400.66 528.67
392.67 542.88
373.14 524.23
494.79 549.98
497.45 576.62
477.03 589.05
476.14 549.98
453.94 545.54
473.48 516.24
529.42 539.32
570.27 598.82
672.39 467.40
354.49 587.28
344.72 572.18
482.00 739.50
345.00 614.00
454.50 534.50
394.50 451.00
317.00 443.50
395.00 368.00
378.00 333.50
339.00 329.00
342.00 300.50
339.50 295.00
357.50 311.00
