85.00 421.50
146.00 246.00
156.50 169.50
119.00 150.50
147.50 99.00
205.00 130.50
255.50 176.00
247.00 81.50
252.50 102.50
202.00 84.50
185.00 62.00
282.96 601.91
345.59 523.62
341.42 450.55
420.75 445.33
438.49 514.22
479.20 555.98
546.01 558.07
594.03 591.47
662.92 552.85
704.67 579.99
734.94 587.29
792.35 551.80
878.99 553.89
839.33 506.92
897.78 486.04
952.06 526.75
931.18 443.24
1014.69 582.07
1038.70 545.54
1114.90 497.52
1123.25 596.69
1189.01 603.99
1200.49 549.72
1267.30 549.72
1235.98 527.79
1202.58 435.94
1126.38 390.01
1056.44 438.03
1016.78 423.41
962.50 382.70
1054.36 351.39
1167.09 360.78
1125.34 307.55
1153.52 312.77
1255.82 302.33
1235.98 292.93
1251.64 227.17
1271.47 234.48
1207.80 287.71
1143.08 283.54
1085.67 268.92
1085.67 241.78
1055.40 219.86
992.77 243.87
966.67 260.57
939.53 258.49
935.36 307.55
1007.38 340.95
919.70 366.00
901.96 406.71
842.46 415.06
794.44 491.26
743.29 482.91
678.58 497.52
648.31 492.30
587.76 490.22
524.09 477.69
367.51 399.40
724.50 424.46
791.31 426.54
780.87 376.44
742.25 376.44
653.52 445.33
737.03 400.45
540.79 450.55
547.05 407.75
392.57 336.77
326.80 333.64
497.99 384.79
568.97 370.18
650.39 360.78
642.04 402.53
273.57 362.87
340.37 302.33
287.14 282.49
338.29 243.87
312.19 251.18
266.26 236.57
333.07 201.07
315.32 163.50
271.48 117.57
356.03 186.46
389.43 208.38
394.65 164.54
373.78 160.37
363.34 117.57
394.65 117.57
392.57 51.81
341.42 58.07
266.26 44.50
260.00 90.43
298.62 134.27
277.74 31.97
315.32 18.40
297.58 21.54
368.56 7.97
407.18 12.14
430.14 61.20
462.50 52.85
445.80 3.79
461.46 12.14
522.00 48.68
499.04 43.46
509.48 87.30
516.78 123.83
479.20 153.06
465.63 174.98
442.67 187.51
432.23 208.38
432.23 249.09
464.59 236.57
393.61 300.24
468.77 309.63
519.91 327.38
553.32 295.02
515.74 290.84
597.16 237.61
579.41 182.29
559.58 174.98
536.62 149.93
557.49 153.06
598.20 128.01
621.17 153.06
642.04 202.12
620.12 261.62
639.95 237.61
657.70 302.33
720.33 358.69
747.47 300.24
727.64 271.01
835.15 338.86
853.94 322.16
850.81 297.11
846.63 256.40
886.30 239.70
1145.17 251.18
1189.01 232.39
1186.92 186.46
1146.21 183.33
1152.48 168.72
1133.69 215.69
1083.58 190.64
1036.61 186.46
976.07 205.25
994.86 182.29
952.06 160.37
925.96 171.85
915.53 215.69
938.49 223.00
1005.30 140.53
1027.22 132.18
1052.27 148.88
1081.50 133.23
1104.46 145.75
1145.17 111.31
1192.14 149.93
1225.54 149.93
1247.47 129.05
1241.20 101.91
1205.71 84.17
1198.41 66.42
1245.38 65.38
1226.59 61.20
1180.66 29.89
1192.14 18.40
1210.93 24.67
1132.64 31.97
1106.55 31.97
1105.50 60.16
1065.84 72.68
1048.09 98.78
1025.13 105.04
1010.52 79.99
1012.60 50.76
1022.00 28.84
1047.05 37.19
946.84 126.96
924.92 118.61
898.83 164.54
906.13 186.46
864.38 209.43
835.15 174.98
801.75 201.07
798.62 234.48
765.21 245.96
760.00 198.99
728.68 213.60
692.15 208.38
706.76 268.92
695.28 244.92
519.91 191.68
362.29 223.00
266.26 191.68
581.50 63.29
572.11 26.75
608.64 51.81
601.33 28.84
631.60 33.02
630.56 68.51
635.78 109.22
670.23 79.99
680.66 123.83
698.41 167.67
728.68 135.31
735.99 167.67
774.61 149.93
779.83 113.39
746.43 99.82
693.19 58.07
703.63 40.32
694.23 14.23
673.36 21.54
637.87 7.97
739.12 11.10
741.21 43.46
785.05 43.46
789.22 17.36
829.93 21.54
840.37 39.28
853.94 41.37
811.14 41.37
830.98 77.90
841.41 94.60
830.98 125.92
819.49 160.37
821.58 94.60
870.64 131.14
887.34 105.04
911.35 102.95
898.83 76.86
888.39 17.36
854.98 10.05
935.36 18.40
936.40 63.29
959.37 50.76
981.29 34.06
975.02 6.92
975.02 99.82
944.75 105.04
981.29 132.18
986.51 88.34
1166.05 55.98
1170.22 6.92
1278.78 174.98
405.70 13.34
1247.10 418.03
1179.58 403.71
1079.33 12.93
1178.56 118.30
1264.49 367.90
206.50 720.00
126.50 637.00
247.00 517.50
227.00 474.00
218.50 449.50
239.00 423.00
249.50 409.00
149.50 503.50
125.00 480.00
146.50 438.00
248.00 369.00
215.00 351.00
402.50 958.50
402.50 958.50
402.50 958.50
402.50 958.50
231.50 335.50
231.00 335.00
247.00 354.00
286.67 819.08
361.32 771.80
457.11 713.33
478.26 649.88
465.82 785.49
528.02 780.51
617.60 800.42
606.40 741.95
771.86 791.71
760.67 745.68
816.65 765.58
797.99 745.68
883.83 779.27
868.90 728.26
897.52 888.75
1034.37 824.05
964.70 800.42
1109.01 897.46
1121.45 831.52
1109.01 784.24
1213.51 751.90
1269.50 722.04
1269.50 780.51
1158.77 765.58
1059.25 722.04
1024.41 730.75
997.04 765.58
943.55 756.87
796.75 739.46
707.17 745.68
693.49 758.12
678.56 745.68
317.78 774.29
338.92 743.19
371.27 710.84
844.02 713.33
819.14 713.33
824.12 705.87
837.80 693.43
781.82 702.13
774.35 676.01
551.04 716.44
571.57 705.24
564.10 699.02
591.47 720.80
602.67 709.60
626.31 731.99
625.69 716.44
644.97 706.49
633.15 692.80
661.14 686.58
656.79 680.36
676.69 700.27
694.73 690.94
667.36 681.61
683.53 669.17
646.83 662.95
689.76 730.75
678.56 722.04
711.53 701.51
726.46 672.90
702.20 659.84
715.26 649.88
738.27 649.88
742.63 660.46
732.05 720.80
750.09 718.93
799.23 739.46
810.43 664.81
807.94 656.73
783.06 642.42
774.35 656.73
796.75 633.71
821.63 639.31
830.96 644.28
842.78 646.77
832.20 658.59
848.38 656.10
848.38 670.41
859.57 647.40
869.52 641.17
885.08 638.69
901.87 643.66
909.96 658.59
906.23 669.17
926.75 668.54
916.18 691.56
904.98 684.72
891.30 699.65
880.72 672.90
866.41 680.36
873.26 672.90
860.19 667.30
855.22 690.32
858.33 700.27
902.49 721.42
926.75 731.99
921.15 741.32
942.30 732.61
957.85 751.28
980.87 742.57
975.27 756.87
959.72 736.97
519.01 665.43
534.87 666.06
525.85 634.33
513.10 632.47
518.38 616.92
511.23 615.98
543.89 621.58
549.49 620.34
558.19 629.36
569.70 623.14
564.41 616.60
573.12 631.84
581.52 625.93
585.25 621.27
577.48 619.40
590.54 614.43
595.52 617.23
601.43 620.65
611.07 619.40
603.60 627.80
545.75 634.64
553.53 669.79
563.48 680.36
585.87 660.15
600.80 666.99
593.96 642.11
615.73 642.11
599.56 681.30
609.82 697.78
619.78 679.74
625.69 662.95
630.97 653.93
626.00 644.28
636.88 644.28
627.55 635.27
643.10 635.27
650.57 631.53
648.08 618.16
629.42 624.69
619.46 625.31
617.29 616.92
634.70 618.16
630.66 615.05
631.28 612.87
639.06 610.07
651.19 613.49
651.81 611.94
666.12 618.78
662.07 611.94
667.36 647.40
684.78 631.84
685.71 616.29
694.42 608.21
663.63 632.16
695.98 636.82
699.40 624.38
697.84 616.29
703.13 615.67
688.82 654.24
698.46 646.46
711.68 645.53
703.91 634.02
707.95 611.78
711.53 596.08
719.46 616.76
713.55 619.09
714.01 626.09
723.97 620.18
730.03 614.89
729.25 609.92
732.83 608.83
738.74 611.01
736.25 613.65
748.38 610.23
739.67 621.42
739.98 615.98
729.25 634.95
732.68 626.25
720.39 631.38
731.28 645.84
733.30 640.86
749.00 631.84
752.89 618.00
745.43 621.27
759.27 613.49
763.78 609.92
752.74 657.81
763.78 632.47
763.93 621.74
768.60 620.03
781.51 617.38
779.80 609.45
786.64 622.36
776.22 628.58
769.22 647.71
771.40 637.91
762.38 660.30
784.62 631.38
782.75 626.09
795.97 620.18
794.26 604.94
799.08 604.32
806.23 602.61
801.57 656.73
789.13 654.55
804.21 662.01
783.37 649.26
926.29 646.93
920.22 630.44
912.29 628.27
916.64 652.37
893.94 627.96
885.08 621.74
881.19 625.31
876.37 630.91
868.75 618.16
861.75 629.67
859.11 621.42
845.58 624.69
850.09 618.31
849.31 636.82
837.49 634.33
832.98 622.51
826.45 619.25
823.49 625.78
816.34 623.14
810.90 618.63
943.86 634.02
942.93 626.25
957.85 628.11
970.61 627.80
981.49 639.93
994.55 629.98
984.91 665.75
950.08 660.46
957.85 655.17
941.68 649.57
941.06 663.57
980.87 678.50
1018.81 702.45
1036.54 699.02
1028.14 691.56
1036.54 689.38
1099.06 743.81
1143.22 753.76
