118.50 537.50
195.50 476.50
344.00 391.50
271.50 356.50
212.50 391.50
97.50 362.00
157.00 236.00
148.50 150.50
87.50 193.50
81.00 154.00
92.50 118.00
234.00 180.50
214.00 162.50
206.50 130.50
197.50 99.50
176.00 71.00
143.00 73.50
65.00 51.50
266.17 560.77
351.18 411.27
261.78 332.13
257.38 144.52
402.48 206.08
521.20 333.59
598.87 311.61
604.74 206.08
546.11 153.32
585.68 145.99
654.57 181.16
550.51 107.88
528.52 99.09
497.74 81.50
447.91 12.61
403.94 21.41
367.30 22.87
335.06 47.79
318.94 31.67
282.29 40.46
267.64 5.29
537.32 56.58
505.07 31.67
500.68 6.75
535.85 5.29
620.86 37.53
650.17 37.53
644.31 52.19
603.27 68.31
670.69 11.15
616.46 6.75
746.90 206.08
757.16 112.28
792.34 97.62
865.62 43.39
858.29 34.60
886.14 107.88
928.65 88.83
897.87 148.92
808.46 175.30
887.61 226.60
941.84 206.08
1076.68 163.58
1142.63 165.04
1136.77 140.13
997.53 291.09
956.49 318.94
377.74 24.77
6.54 988.96
64.85 992.79
99.00 997.67
23.03 962.82
11.88 824.14
11.88 805.32
43.24 841.56
61.36 870.83
94.82 888.25
94.12 872.92
108.06 932.16
91.33 940.52
123.39 937.04
130.36 1002.55
213.99 952.37
195.87 945.40
186.81 928.67
193.08 902.89
164.51 882.68
154.05 841.56
93.42 828.32
73.91 828.32
65.55 834.59
57.18 741.20
3.52 717.51
2.13 694.51
8.40 661.06
53.70 668.03
64.15 686.84
74.61 677.09
53.00 716.12
55.09 704.27
169.39 789.99
162.42 739.11
138.72 759.32
145.69 719.60
126.87 702.87
126.18 689.63
143.60 652.70
122.00 663.85
124.78 645.73
269.74 1003.24
302.50 1019.27
284.38 1024.15
289.95 958.64
289.95 930.76
286.47 911.25
272.53 897.31
269.74 869.44
250.23 846.44
236.29 811.59
234.20 788.59
216.78 744.69
195.17 675.00
190.29 649.21
399.37 1012.30
394.49 980.94
376.37 963.52
379.16 937.73
366.61 914.74
380.55 886.86
362.43 878.50
327.59 886.86
340.83 842.95
333.16 804.62
315.04 792.78
312.25 760.72
299.01 738.42
250.92 755.14
243.26 731.45
227.23 711.24
223.05 687.54
238.38 695.90
291.35 709.15
282.98 693.12
289.25 675.69
277.41 678.48
252.32 660.36
266.95 645.73
420.97 967.70
460.00 1013.00
502.51 1004.64
495.54 983.03
500.42 961.43
478.82 929.37
453.73 908.46
453.03 875.71
424.46 828.32
408.43 814.38
402.85 794.87
413.31 750.96
388.91 753.75
370.10 741.90
388.91 702.87
354.07 686.84
365.92 665.94
341.52 665.24
304.59 645.73
415.40 668.73
433.52 662.45
425.15 677.78
428.64 692.42
439.79 706.36
481.60 726.57
473.94 709.15
490.66 675.00
487.18 660.36
473.24 644.33
501.81 641.55
506.00 764.20
499.03 812.99
465.57 792.78
1008.94 999.06
983.15 992.79
1000.57 665.94
988.73 661.06
978.97 640.85
960.15 644.33
924.61 647.82
902.31 644.33
981.76 719.60
992.21 719.60
1009.63 732.14
1015.21 785.81
977.57 757.93
909.97 710.54
893.94 690.33
882.10 679.88
859.80 670.12
817.98 644.33
827.74 684.75
801.95 684.75
825.65 698.00
836.10 723.78
834.01 709.15
874.43 731.45
897.43 737.02
941.33 828.32
976.18 833.20
991.51 879.19
1000.57 907.07
985.94 917.52
919.03 851.32
915.55 878.50
928.09 900.10
987.33 953.07
823.56 750.26
774.77 723.78
775.47 700.78
758.05 684.75
742.02 682.66
724.59 675.69
724.59 660.36
712.05 649.21
740.62 642.94
691.14 649.21
629.12 642.94
656.30 675.00
676.51 683.36
708.57 712.63
720.41 733.54
755.26 785.11
731.56 797.65
742.02 803.23
767.80 817.17
804.04 812.29
781.04 831.80
801.25 843.65
804.04 878.50
839.59 877.10
850.04 902.89
866.07 955.85
881.40 994.88
925.31 1000.46
806.13 1017.18
799.86 1001.85
763.62 978.16
782.44 924.49
759.44 911.25
731.56 906.37
721.81 891.74
697.41 830.41
685.57 831.80
667.45 804.62
652.81 773.26
683.48 760.02
668.84 755.14
663.96 739.81
629.81 732.14
638.87 705.66
636.78 681.97
620.06 672.91
599.85 677.09
595.67 645.73
578.94 672.91
555.94 662.45
550.37 646.42
615.18 714.02
556.64 710.54
545.49 695.90
528.76 681.97
514.13 655.48
550.37 753.75
545.49 738.42
566.39 783.72
578.24 793.47
589.39 819.26
599.15 808.11
579.64 842.95
535.03 796.96
534.34 875.71
542.00 907.07
562.21 893.13
600.54 925.89
608.21 962.82
633.30 1007.43
730.87 988.61
658.39 886.86
656.30 865.95
532.94 1019.27
39.76 622.38
27.22 599.38
32.09 584.05
39.06 567.32
0.04 568.02
39.76 545.72
27.91 538.05
20.25 528.99
11.88 512.27
12.58 496.94
34.18 463.48
17.46 471.85
132.45 629.35
116.42 619.59
110.15 616.80
116.42 598.69
112.94 583.35
92.73 592.41
97.60 577.78
93.42 557.57
112.94 549.90
96.21 528.30
105.97 512.27
95.51 513.66
89.94 486.48
105.97 471.85
76.70 476.73
75.30 462.09
176.35 623.77
192.38 614.02
188.90 604.26
177.05 604.26
179.84 565.23
164.51 557.57
156.84 554.78
149.87 531.08
157.54 515.75
166.60 510.87
139.42 514.36
159.63 486.48
162.42 474.63
140.81 468.36
239.77 584.05
239.77 568.02
244.65 558.26
224.44 524.81
223.05 510.87
217.47 494.15
231.41 481.60
231.41 474.63
370.79 646.08
359.64 629.35
356.16 607.05
332.46 618.90
329.68 587.53
313.65 601.47
306.68 580.57
301.80 567.32
288.56 535.27
269.74 524.81
274.62 513.66
284.38 492.75
304.59 504.60
269.04 496.94
270.44 480.21
250.92 465.57
280.20 462.09
307.37 462.79
437.00 639.11
415.40 626.56
397.97 606.35
381.94 586.84
367.31 579.87
361.73 564.54
351.98 552.69
337.34 502.51
328.98 485.09
328.98 476.73
331.77 464.88
370.79 464.88
381.25 462.79
391.00 496.94
406.34 513.66
425.15 515.06
408.43 523.42
427.24 526.21
429.33 563.84
448.85 558.96
458.61 565.93
465.57 593.81
450.24 601.47
471.85 616.80
487.88 624.47
495.54 563.14
476.03 529.69
445.36 489.27
450.94 471.85
503.90 478.12
496.24 466.97
542.93 634.23
533.87 620.99
539.45 598.69
544.33 586.84
522.02 574.29
608.44 621.68
630.74 609.84
581.26 577.08
587.53 559.66
563.84 570.81
547.11 577.78
557.57 547.81
583.35 538.05
547.11 518.54
528.99 510.87
660.01 631.44
657.92 585.44
672.56 570.81
655.14 566.63
640.50 568.02
634.23 533.87
604.26 526.21
584.05 503.21
578.47 488.57
577.78 503.90
559.66 488.57
561.05 476.03
550.60 468.36
548.51 461.39
538.05 443.27
533.87 430.73
752.70 630.74
713.68 584.05
699.74 563.14
664.20 530.39
637.02 501.81
657.92 498.33
618.90 482.30
625.86 478.82
610.53 466.27
592.41 453.03
604.96 448.15
632.14 425.85
657.23 441.88
662.10 437.00
673.95 437.70
678.83 450.24
649.56 477.42
675.35 476.73
699.04 503.90
710.89 512.96
735.98 528.99
722.74 571.51
778.49 625.17
800.09 631.44
820.30 618.20
810.55 610.53
791.73 591.02
780.58 580.57
758.28 568.02
714.37 476.03
721.34 456.51
699.04 437.00
722.04 432.12
751.31 481.60
765.94 487.18
764.55 506.00
791.03 531.78
770.13 518.54
840.51 575.69
823.79 565.93
843.30 635.62
856.20 577.78
856.89 565.23
881.28 596.59
1015.09 646.77
1021.36 655.83
1015.79 606.35
996.97 595.90
973.28 601.47
946.79 605.65
934.95 597.99
931.46 591.72
926.58 577.78
899.40 568.72
897.31 558.96
887.56 550.60
878.50 540.84
852.71 520.63
861.77 511.57
850.62 489.27
834.59 474.63
821.35 494.15
813.68 479.51
817.17 457.21
802.53 446.06
772.57 457.91
731.45 425.15
737.72 418.18
726.57 413.31
715.42 400.76
712.63 392.40
700.78 388.91
984.43 565.23
981.64 551.99
946.79 545.72
937.04 535.96
937.04 517.15
978.85 525.51
949.58 504.60
924.49 487.18
909.86 504.60
895.92 496.24
897.31 457.91
856.89 454.42
891.74 441.18
878.50 431.43
841.56 435.61
845.04 414.70
844.35 392.40
853.41 384.04
839.47 372.88
825.53 403.55
806.71 389.61
781.63 398.67
793.47 370.10
781.63 376.37
773.26 360.34
760.72 361.73
746.08 374.28
730.05 370.10
984.43 584.75
1014.39 501.81
1001.15 499.03
1008.82 483.00
1010.91 469.06
1000.46 464.88
997.67 453.03
1013.70 457.21
1005.33 450.94
957.94 480.21
946.79 452.33
932.86 438.39
914.74 439.09
916.13 425.85
926.58 425.85
907.77 398.67
906.37 381.94
916.13 381.25
924.49 389.61
942.61 395.88
955.85 406.34
1022.76 428.64
1013.70 420.27
994.18 411.91
997.67 401.46
982.34 395.88
973.28 381.25
962.13 376.37
950.28 366.61
939.13 367.31
996.97 367.31
985.12 360.34
1003.94 356.86
9.91 457.56
16.18 437.35
7.12 431.08
30.12 441.53
38.48 430.38
47.54 435.26
62.18 425.50
15.48 408.08
22.45 388.57
12.00 388.57
3.64 377.41
94.93 454.08
82.39 438.05
80.99 424.11
2.76 344.66
1.72 327.93
4.16 307.37
15.31 293.78
23.67 284.03
34.82 275.67
46.67 276.71
82.91 411.22
89.18 399.02
76.29 378.46
52.59 367.31
46.67 343.27
49.81 324.80
41.10 329.33
44.93 306.68
59.56 300.41
68.97 286.47
78.73 341.87
134.83 447.80
133.44 436.65
132.39 431.08
141.45 423.06
120.20 421.32
116.01 400.41
112.88 386.47
125.42 384.04
118.80 372.19
99.64 354.42
97.55 332.46
114.97 331.07
110.09 316.43
98.59 310.51
99.98 297.62
115.32 295.18
88.49 288.21
86.05 275.67
123.33 279.50
115.32 276.71
124.03 273.57
139.36 315.74
137.97 322.71
137.97 339.43
137.27 330.72
152.95 335.25
162.36 366.96
145.28 343.27
167.24 387.52
186.40 393.10
195.46 403.90
183.61 431.77
193.37 441.53
212.54 436.65
212.54 451.64
221.25 447.80
228.57 418.18
224.04 408.43
225.43 397.28
207.66 378.46
234.49 386.82
244.59 441.53
250.17 426.55
255.40 406.34
210.10 367.31
195.81 345.36
193.37 317.13
152.95 302.50
146.68 311.56
162.36 292.04
180.48 271.83
191.98 277.06
188.49 296.92
211.84 304.94
230.31 287.86
217.41 281.94
232.75 279.85
221.60 274.27
227.52 270.09
252.61 282.98
249.47 313.30
251.91 336.65
251.91 349.19
329.68 442.58
294.48 445.71
288.56 432.12
276.71 407.73
266.26 372.19
280.89 373.93
284.73 384.73
291.00 402.16
297.27 415.05
318.87 423.06
350.93 430.38
362.78 424.80
372.19 438.05
356.51 399.02
334.21 410.87
308.07 349.89
306.68 339.08
311.90 334.55
262.42 307.37
261.73 298.66
318.53 302.50
336.65 326.19
350.93 339.78
359.64 342.22
369.40 368.70
380.20 381.94
371.49 378.81
390.66 390.66
405.64 412.61
386.13 402.16
409.12 429.68
412.96 444.32
429.68 457.21
479.86 447.80
471.15 427.94
462.09 414.00
448.50 410.87
446.06 395.53
432.12 391.70
429.33 383.34
427.59 373.58
424.80 349.54
397.63 338.39
393.79 338.04
394.84 326.89
400.41 311.21
410.17 298.66
425.15 299.01
445.36 325.84
442.58 314.69
437.70 327.93
454.08 316.43
435.61 318.18
446.76 345.71
424.46 366.26
469.06 366.96
472.89 340.48
464.53 340.13
479.51 382.29
483.69 398.67
478.47 404.25
493.45 397.97
494.50 387.87
493.80 447.45
-73.14 566.28
529.34 418.88
515.75 415.75
520.28 401.11
499.37 380.20
561.75 414.00
586.14 415.75
582.31 400.41
558.26 397.63
560.70 391.35
544.67 372.54
525.51 370.79
519.59 361.73
512.96 349.89
507.39 333.16
496.24 310.86
512.27 310.51
552.34 348.14
545.72 333.51
545.72 323.75
543.98 304.59
607.05 398.67
598.34 391.00
578.82 381.60
573.25 361.04
577.78 359.29
683.71 421.32
692.07 410.87
669.42 407.38
650.95 371.84
640.15 361.73
627.61 369.05
608.44 359.29
595.55 342.22
587.88 326.54
594.50 314.00
625.86 304.59
618.55 336.30
637.36 330.72
635.27 325.15
644.33 307.37
661.06 309.81
649.21 340.83
654.09 337.34
671.16 361.04
678.83 371.49
688.94 376.72
692.42 340.13
691.37 317.83
72.46 260.51
105.56 259.11
118.80 258.42
135.18 273.75
138.66 266.43
146.33 269.92
111.48 269.22
96.50 265.04
26.46 257.72
51.20 258.42
161.31 259.11
190.58 259.11
236.93 261.55
244.59 270.61
196.51 259.46
208.35 257.72
293.03 258.42
300.70 258.42
312.54 258.42
315.68 258.42
331.01 258.42
340.77 258.42
316.73 275.14
324.04 291.87
353.31 312.08
364.81 292.57
359.59 257.72
377.71 257.72
399.66 257.72
420.91 273.05
429.28 262.95
418.82 260.86
420.22 286.64
469.06 282.11
468.36 266.78
454.42 259.11
473.94 258.07
482.65 271.31
501.81 269.92
508.78 260.16
514.71 278.63
518.89 272.35
500.77 293.26
506.34 288.73
470.10 277.23
550.60 293.61
562.45 285.25
563.49 276.19
555.13 274.79
563.14 260.86
541.89 258.42
587.19 258.07
611.93 261.90
620.99 262.60
609.49 278.63
631.44 297.10
653.04 315.91
656.53 267.48
660.36 258.42
679.18 258.42
710.37 350.41
710.71 323.58
710.37 311.73
699.22 304.06
692.94 285.25
692.25 278.63
692.25 266.43
700.61 262.60
702.70 290.13
719.77 259.11
739.98 262.95
751.83 264.34
736.15 304.76
737.20 315.22
741.38 309.64
740.68 327.76
804.10 339.61
795.39 340.30
804.80 330.20
804.45 313.12
780.41 318.00
782.84 304.06
793.30 283.85
793.65 273.75
785.98 259.11
834.42 357.73
843.48 341.35
841.39 319.05
838.95 304.06
850.10 296.75
839.29 270.61
822.57 281.07
847.66 260.86
902.02 362.61
884.59 343.44
889.82 330.20
897.49 324.97
895.40 313.47
906.55 301.97
900.27 278.98
906.90 267.48
884.94 260.16
864.04 260.86
1001.94 278.63
998.45 262.95
981.03 267.82
984.86 285.94
978.94 281.07
977.20 286.99
970.58 305.81
1017.97 327.76
987.65 345.88
995.67 352.15
948.97 358.77
935.73 356.33
928.06 352.85
949.32 334.03
942.70 330.20
942.00 316.61
945.14 309.64
946.18 302.32
931.20 301.63
943.40 294.66
935.38 285.94
933.64 268.87
942.70 263.99
928.41 259.11
925.28 272.35
353.00 702.50
529.50 691.50
424.50 484.00
375.50 518.00
318.00 515.50
319.50 482.50
370.50 479.00
448.50 458.00
345.00 341.00
328.50 370.00
319.50 344.00
309.00 356.00
317.00 308.50
394.50 348.50
345.00 357.50
