901.02 533.02
496.36 507.50
476.92 418.79
706.59 393.27
967.85 254.74
1012.82 110.13
1005.52 97.98
992.16 88.26
1016.46 33.57
1003.09 28.71
73.47 665.47
185.27 405.42
96.56 393.27
56.46 343.45
96.56 253.52
56.46 191.55
85.63 168.46
37.02 164.82
192.56 147.80
216.87 159.95
237.52 168.46
260.61 164.82
281.27 207.35
231.45 108.92
248.46 101.63
94.13 138.08
86.84 112.56
117.22 105.27
167.04 72.46
196.21 78.54
248.46 49.37
263.04 59.09
260.61 50.59
273.98 46.94
289.78 59.09
311.65 57.88
348.11 57.88
378.49 59.09
385.78 66.38
411.30 53.02
419.80 49.37
413.73 80.97
458.69 106.49
506.08 79.75
472.06 36.00
520.66 11.70
507.30 4.41
538.89 44.51
596.00 45.73
617.88 42.08
633.68 42.08
667.70 33.57
692.00 42.08
736.97 80.97
736.97 57.88
778.28 42.08
770.99 40.87
764.92 32.36
766.13 6.84
749.12 15.35
797.73 18.99
820.82 42.08
825.68 27.50
832.97 6.84
885.22 83.40
908.31 70.03
901.02 118.64
953.27 132.00
958.13 97.98
726.03 108.92
683.50 108.92
648.26 100.41
633.68 127.14
679.85 146.59
587.50 112.56
563.19 113.78
518.23 166.03
504.87 159.95
226.59 61.52
913.17 18.99
938.69 10.49
987.30 10.49
993.37 12.92
1009.17 8.06
998.23 3.19
849.98 1.98
245.03 13.32
303.68 57.63
335.57 52.49
327.86 55.49
180.60 134.58
184.45 119.81
142.93 137.15
120.67 141.86
108.46 138.65
601.20 71.43
569.09 51.74
514.08 16.96
587.07 1.12
498.03 1.12
459.50 7.33
721.92 75.50
958.23 0.69
975.35 2.19
963.15 4.97
799.84 3.37
641.87 0.91
462.50 599.00
376.50 450.50
330.50 428.00
301.50 480.50
610.50 404.50
456.00 288.00
492.50 226.00
479.00 179.50
394.50 204.00
336.00 214.50
317.00 172.00
376.50 185.50
399.50 87.00
361.50 85.00
336.50 82.00
338.00 68.50
335.00 44.50
333.50 40.00
329.00 38.50
355.50 40.50
307.50 72.00
372.00 80.50
158.00 631.92
231.98 608.15
62.36 637.21
155.89 573.27
182.84 585.95
203.97 553.72
135.28 547.91
64.48 533.11
82.97 524.13
134.23 502.47
189.71 514.62
223.00 524.13
221.94 552.14
229.87 539.98
239.90 527.83
255.76 511.45
275.31 525.19
283.23 548.44
248.36 563.76
291.16 578.56
344.00 617.66
327.09 620.30
373.59 578.03
340.30 557.42
433.83 593.88
414.80 667.86
499.35 568.52
549.54 557.42
475.57 564.29
469.76 521.49
429.07 539.46
513.61 504.58
543.73 485.56
532.64 489.79
524.18 472.88
529.47 460.72
532.11 453.33
545.85 471.29
543.20 459.14
534.75 477.63
552.71 433.78
547.43 427.44
539.50 436.95
545.32 434.83
514.67 459.67
515.20 451.74
521.54 436.95
526.82 431.13
532.11 426.91
510.97 427.44
514.14 432.19
507.80 436.95
503.05 430.61
505.16 442.76
486.67 441.70
488.25 432.72
494.59 428.49
484.55 426.38
477.15 440.65
474.51 431.66
471.87 424.79
484.02 452.80
469.23 445.93
460.77 433.25
454.96 425.85
463.94 426.38
450.21 442.23
448.09 450.16
472.40 464.95
488.78 465.48
481.91 480.80
503.57 473.41
479.80 491.90
450.21 478.69
454.43 470.76
443.34 482.39
417.97 513.04
360.91 556.89
394.20 496.13
411.10 496.66
411.10 484.50
428.01 470.76
436.47 468.65
430.66 450.69
433.30 442.23
437.00 432.72
441.22 424.27
444.39 420.57
435.41 412.64
432.77 422.68
426.43 419.51
422.73 433.25
413.22 445.40
409.52 457.55
397.90 473.93
369.89 474.46
367.25 497.71
359.32 492.96
360.91 513.04
342.41 519.90
289.05 516.73
321.81 501.41
330.79 478.69
347.17 463.90
363.02 459.14
378.87 446.46
387.86 448.57
388.91 436.42
404.76 432.72
398.42 432.72
412.69 411.06
404.24 406.83
400.54 457.55
405.29 440.12
425.90 463.37
366.19 441.70
355.62 441.70
364.61 431.66
375.70 413.70
380.99 404.19
365.13 402.07
358.27 421.62
374.65 432.72
375.70 424.27
386.27 429.02
338.71 446.46
339.24 457.03
314.94 459.14
317.58 438.00
310.71 441.70
327.09 439.06
331.32 402.07
342.94 404.19
347.17 431.66
323.39 432.19
336.60 432.72
300.67 455.44
301.73 470.24
291.16 491.90
277.95 495.07
268.44 486.62
278.48 471.82
279.53 460.20
295.39 441.70
301.20 438.00
309.12 430.61
285.35 411.06
277.95 428.49
287.99 434.83
273.72 437.48
263.68 442.23
259.46 455.97
270.02 454.91
275.31 443.82
234.62 467.07
244.66 458.61
219.30 494.01
237.79 489.26
209.79 485.03
191.29 495.60
155.89 519.90
87.20 490.31
160.12 498.24
138.98 487.67
125.24 488.73
182.31 484.50
186.54 473.41
172.27 465.48
183.90 459.14
215.60 460.20
207.14 452.80
219.30 449.63
245.72 446.99
235.68 455.44
247.30 440.12
254.70 434.83
265.27 427.44
270.55 412.11
271.61 404.19
256.29 404.19
251.53 402.60
257.34 424.27
249.42 428.49
231.98 422.68
232.51 434.83
217.71 429.55
221.94 405.77
236.73 405.77
205.56 430.61
200.28 436.95
208.20 439.06
194.46 449.63
185.48 442.76
170.16 452.27
179.14 443.29
162.23 467.07
155.36 459.67
142.15 471.82
125.77 462.84
72.40 482.39
35.94 486.09
32.77 470.24
61.31 453.86
69.23 452.27
89.84 455.97
100.41 463.37
101.47 451.21
113.09 450.69
132.11 456.50
117.32 453.33
119.96 447.51
141.10 445.93
156.42 449.10
161.70 434.30
171.21 432.72
151.66 435.36
148.49 426.91
160.12 418.45
170.16 412.11
188.12 410.53
187.59 403.66
190.76 415.81
169.10 402.07
177.03 405.24
161.17 406.30
129.47 408.41
140.04 417.92
151.13 413.17
151.13 404.19
114.15 421.10
116.79 410.53
127.36 435.36
132.64 431.66
106.75 431.66
110.98 437.48
117.85 432.72
95.65 439.59
85.61 445.40
76.63 449.10
67.65 444.34
57.08 444.34
39.11 449.10
22.73 434.83
29.08 441.17
16.39 448.57
35.94 432.72
43.34 425.85
45.98 439.06
58.14 435.36
53.38 425.32
66.59 431.66
78.22 430.61
95.12 431.13
90.90 426.38
109.39 403.66
119.96 399.43
181.25 399.96
134.75 404.71
106.75 408.94
104.11 412.64
93.54 415.28
92.48 408.41
85.61 410.00
76.10 405.77
75.57 411.58
75.05 420.57
82.97 424.27
63.95 417.92
59.72 412.64
57.08 415.81
45.46 410.00
39.64 400.49
33.83 403.66
31.72 408.41
29.08 414.23
14.81 405.77
21.68 414.23
21.15 423.21
28.55 422.15
27.49 430.08
35.94 413.17
56.02 405.77
66.59 405.24
101.47 423.21
185.48 416.87
201.33 423.74
571.76 498.37
560.66 494.41
566.21 466.67
561.19 450.29
574.14 461.12
569.64 518.19
553.00 467.46
546.66 449.23
321.28 476.05
310.18 451.74
321.81 454.38
23.26 405.24
179.14 432.72
100.41 404.19
578.77 486.52
586.49 479.40
578.18 452.70
574.62 434.30
591.83 459.82
560.38 480.59
563.94 623.01
592.57 452.40
313.83 837.25
263.35 822.83
348.68 836.05
341.47 806.00
331.86 787.97
290.99 786.77
414.79 855.28
417.19 819.22
378.73 802.39
462.86 820.42
508.53 849.27
501.32 821.62
488.10 802.39
504.93 787.97
540.99 793.98
550.60 844.46
571.03 855.28
587.86 922.58
650.36 993.49
706.84 911.76
656.37 872.10
634.73 880.52
703.24 855.28
799.39 981.47
834.24 926.19
947.22 929.79
980.87 1003.11
1138.32 985.08
1266.92 995.90
1230.86 928.59
1217.64 825.23
1077.02 900.95
878.71 852.87
895.54 825.23
943.61 827.63
1026.54 822.83
1101.06 821.62
1153.94 802.39
1197.21 795.18
1220.05 783.16
1215.24 762.73
1174.38 753.12
1191.20 724.27
1190.00 766.34
1153.94 774.75
1123.90 760.33
1101.06 751.91
1078.22 785.57
1026.54 793.98
971.26 787.97
930.39 768.74
888.33 796.38
853.47 813.21
863.09 787.97
825.83 806.00
805.40 796.38
793.38 830.04
717.66 802.39
732.08 777.15
758.53 796.38
789.77 774.75
852.27 768.74
867.90 751.91
884.72 754.32
870.30 732.68
891.93 732.68
913.57 727.88
943.61 736.29
965.25 727.88
976.07 747.11
962.84 749.51
259.15 766.34
272.97 765.14
302.41 756.12
288.59 759.73
321.04 754.92
274.77 791.58
289.79 778.96
343.28 742.30
320.44 729.08
307.82 715.86
283.18 707.45
269.96 726.68
259.15 741.10
257.94 707.45
281.98 690.02
269.36 681.61
271.76 667.18
259.75 659.37
268.16 654.56
278.98 649.76
259.15 640.14
275.37 637.74
274.17 641.34
271.16 645.55
265.76 637.14
303.61 611.90
295.80 622.71
289.19 632.93
280.78 633.53
279.58 625.72
270.56 625.72
292.20 640.74
286.79 642.54
262.75 632.93
259.15 629.32
289.19 650.96
295.80 647.95
304.22 632.33
305.42 641.94
303.01 653.36
307.82 647.95
309.62 624.52
376.93 771.75
406.98 784.37
315.63 808.40
435.22 780.16
442.43 799.99
443.03 750.71
427.41 748.31
392.55 736.29
368.52 745.30
337.87 711.05
345.68 701.44
330.06 691.22
313.83 697.23
292.80 697.23
296.40 686.41
304.82 685.81
322.84 677.40
310.83 677.40
304.82 666.58
312.63 664.78
295.20 658.77
325.85 664.78
326.45 655.16
322.24 656.37
316.84 648.55
318.04 632.93
326.45 623.31
321.64 627.52
329.45 632.93
329.45 628.72
337.87 636.53
331.26 640.74
343.28 638.34
342.07 619.11
342.68 644.95
334.86 653.96
344.48 664.78
348.68 652.76
336.67 662.38
335.46 677.40
337.27 684.61
354.09 674.99
363.11 678.60
363.71 670.79
363.11 663.58
358.30 658.17
367.31 649.15
378.13 649.15
378.13 668.99
372.12 681.61
368.52 684.61
369.12 698.43
380.53 691.82
395.56 691.22
395.56 700.84
379.33 707.45
383.54 719.46
404.57 720.07
411.78 700.23
425.61 723.67
449.64 730.28
450.24 709.25
434.02 698.43
425.00 696.03
411.78 673.79
409.98 684.61
403.37 668.99
422.00 677.40
431.61 679.80
444.23 683.41
455.05 685.81
449.04 678.00
455.05 669.59
446.04 694.83
463.46 700.23
473.68 722.47
459.26 727.88
491.11 724.27
479.69 703.84
474.88 688.82
485.70 682.81
473.08 673.19
491.11 670.79
497.72 690.62
501.92 673.19
495.31 665.38
488.10 660.57
497.72 655.16
478.49 655.16
470.07 657.57
459.86 660.57
449.04 662.38
508.53 728.48
522.36 715.86
513.34 698.43
500.72 745.30
475.48 753.72
596.87 832.44
639.54 814.41
663.58 815.01
716.46 822.83
662.98 783.16
613.10 792.78
588.46 795.78
559.61 795.78
552.40 767.54
564.42 753.72
540.99 730.28
548.80 718.26
559.61 728.48
564.42 717.66
575.84 738.69
593.27 721.87
616.10 738.69
611.90 756.72
650.36 745.30
639.54 770.54
664.78 756.12
678.00 766.34
686.41 747.11
677.40 736.89
705.64 738.69
738.09 743.50
726.68 759.73
726.07 715.26
710.45 715.86
693.02 713.45
681.61 715.86
668.99 716.46
677.40 699.63
650.96 722.47
631.13 726.68
640.14 715.86
609.49 703.24
601.68 688.22
635.33 699.63
649.76 687.01
663.58 698.43
675.60 691.22
671.39 678.00
694.22 692.42
702.64 691.22
714.06 694.22
721.27 698.43
738.09 694.22
726.68 690.62
761.53 698.43
749.51 691.22
753.72 679.80
765.14 681.61
726.07 679.20
710.45 678.00
696.63 673.79
686.41 665.98
674.39 664.78
662.98 661.17
659.37 666.58
653.96 668.99
647.35 660.57
638.34 663.58
634.13 679.80
632.33 668.99
632.93 656.37
623.31 665.38
613.70 673.19
614.90 686.41
573.44 697.23
562.62 688.82
572.84 682.21
584.85 681.61
594.47 671.99
572.23 673.19
571.63 661.17
579.45 669.59
583.65 656.37
607.09 664.78
599.88 656.97
593.27 656.97
610.69 652.76
618.51 650.96
624.52 649.76
615.50 664.78
533.77 698.43
541.59 699.63
519.35 688.82
525.36 674.99
514.54 674.99
537.38 676.20
548.80 679.20
554.81 685.81
559.61 670.19
562.62 662.98
548.80 665.98
538.58 662.38
524.76 664.78
512.14 662.38
506.73 660.57
518.15 656.37
527.16 653.36
544.59 649.76
537.38 653.36
549.40 643.75
559.61 649.76
559.61 640.14
383.54 679.20
385.94 650.36
393.15 656.37
398.56 656.97
404.57 658.17
409.38 656.97
422.00 658.17
433.42 659.37
438.83 653.96
434.62 647.95
425.00 649.15
414.19 644.95
406.98 645.55
394.96 644.35
387.75 643.75
357.70 627.52
353.49 631.13
349.89 621.51
352.29 618.51
358.90 618.51
497.42 712.55
442.43 645.55
429.51 634.73
417.19 633.83
406.68 637.74
398.26 639.84
391.95 639.84
400.97 636.84
406.07 633.83
409.38 630.22
400.07 631.43
386.24 638.34
383.24 642.54
373.32 644.05
362.81 640.44
353.79 644.65
347.78 640.74
320.14 640.44
337.57 644.05
282.58 633.53
284.38 634.43
316.53 621.81
344.48 563.82
327.05 561.72
291.90 565.92
277.77 566.83
381.74 558.71
385.04 623.01
376.93 615.80
370.02 618.81
373.02 621.81
363.41 626.32
365.81 624.82
355.90 634.73
351.09 633.53
369.72 627.22
366.11 630.22
370.92 632.33
379.03 628.12
390.75 614.90
416.89 613.10
411.78 618.81
409.08 623.01
434.32 636.53
432.22 642.54
437.32 643.15
446.04 635.93
454.45 633.83
470.07 632.33
468.57 646.15
461.66 650.36
454.75 652.46
415.99 665.08
411.18 661.77
386.84 670.19
372.12 672.29
372.42 654.56
364.01 656.67
354.69 664.18
351.39 662.07
480.29 660.87
461.06 624.82
466.47 624.22
460.46 629.62
452.35 629.62
446.04 625.12
440.63 630.22
437.62 625.42
440.33 622.11
444.23 616.40
448.44 614.30
444.84 606.19
453.55 607.09
460.16 609.19
465.27 608.59
471.88 603.78
473.08 608.29
481.79 600.48
481.19 607.99
479.39 604.68
493.21 599.58
498.02 599.88
504.03 600.18
507.33 599.58
508.23 604.99
507.03 608.29
510.04 613.70
503.73 620.61
504.63 613.70
503.43 610.69
496.52 608.89
495.01 612.80
494.71 616.70
496.82 623.01
491.11 621.81
488.10 617.91
489.30 613.10
483.30 613.40
477.29 612.50
473.38 612.20
471.88 614.30
468.87 619.11
464.67 616.40
462.56 613.70
466.47 612.20
458.06 617.30
462.86 619.71
449.64 621.81
433.42 629.32
423.20 629.32
418.39 629.02
416.59 625.42
390.15 632.33
425.91 664.48
486.60 623.91
479.69 625.12
483.30 621.81
480.59 618.81
483.30 618.51
472.18 619.11
475.18 626.02
497.12 631.13
491.71 631.43
486.00 631.43
505.23 629.32
497.72 638.64
501.02 635.63
504.33 636.53
510.34 636.53
503.73 640.44
499.22 646.15
508.84 649.15
484.80 651.26
471.28 649.15
328.85 619.11
330.06 623.31
336.07 623.91
334.86 630.22
527.46 640.74
521.45 639.24
525.06 648.55
534.38 635.63
528.37 631.43
522.96 631.13
519.65 623.91
514.84 612.50
519.65 610.99
523.56 611.90
523.56 617.91
532.57 621.51
538.28 619.71
534.07 627.22
540.08 627.22
539.18 635.33
546.99 628.12
550.90 631.13
557.81 634.43
556.91 630.53
562.02 630.53
567.43 630.22
566.83 644.95
572.84 652.76
573.14 639.24
568.63 638.04
574.64 631.13
577.94 638.04
586.06 639.24
590.86 647.05
597.77 641.34
594.17 642.84
605.29 640.14
613.70 640.14
620.61 642.84
627.82 639.24
636.23 644.35
643.75 644.05
630.22 644.35
642.54 652.76
652.46 652.76
651.56 644.05
648.85 639.84
651.86 634.13
643.45 636.53
640.44 633.53
641.94 631.13
638.64 628.42
644.95 626.02
647.05 628.42
652.76 626.32
649.15 624.22
641.34 622.11
632.93 622.11
636.84 620.61
638.34 617.61
644.65 614.60
628.12 630.53
621.21 633.53
613.40 628.12
606.19 625.72
600.78 627.22
597.47 631.43
589.66 629.92
584.25 626.92
556.31 626.32
563.52 624.82
570.13 624.22
559.01 620.61
553.00 622.11
548.50 619.41
543.99 620.01
540.38 613.10
534.98 608.89
532.57 607.99
527.46 607.39
513.94 597.77
521.15 596.27
526.26 594.77
532.27 596.27
537.08 597.17
542.19 596.27
552.40 595.67
569.23 598.68
592.97 594.47
644.95 583.95
645.25 590.56
641.64 589.96
647.65 589.96
548.20 606.79
540.38 607.69
544.89 605.59
551.80 608.89
552.10 611.60
546.99 613.10
555.71 611.90
555.11 606.79
561.12 610.09
565.02 616.10
566.22 607.39
569.23 606.19
571.03 604.68
573.14 612.50
568.93 610.99
570.43 608.89
575.84 607.99
577.04 604.99
581.25 615.20
580.65 607.09
586.36 609.49
591.16 610.39
583.65 609.79
585.45 602.58
574.94 600.78
562.62 602.58
592.07 602.58
595.37 600.48
598.98 607.99
617.00 613.10
608.89 610.99
603.48 608.89
607.39 604.68
610.39 606.79
613.70 610.99
598.38 616.70
587.86 614.30
583.65 613.40
594.47 613.40
619.41 623.61
622.71 616.10
627.82 617.61
648.25 608.29
638.64 608.89
634.13 610.99
629.32 610.39
620.31 606.79
589.36 620.61
600.78 621.66
594.62 621.36
585.30 620.61
604.99 614.00
602.13 613.55
603.63 605.44
588.76 604.38
572.99 600.63
542.34 624.52
513.34 637.59
614.45 622.71
609.94 618.51
604.23 600.33
629.32 601.08
639.24 603.78
645.25 600.18
655.16 607.09
659.07 607.09
647.95 614.90
647.05 619.71
659.67 620.61
652.76 620.31
664.18 626.02
657.57 625.42
660.57 632.33
667.18 631.73
671.09 642.84
661.77 643.45
660.57 654.86
681.00 657.57
679.20 649.15
688.82 654.56
696.03 661.77
702.64 662.38
688.22 680.10
681.91 682.21
730.28 669.59
738.39 662.98
721.57 665.98
717.06 655.46
725.47 654.86
724.27 647.05
736.29 649.45
729.68 641.94
716.76 644.95
699.63 648.25
687.91 644.05
696.33 640.14
704.44 641.34
709.85 641.64
694.53 647.05
687.61 639.24
677.10 635.93
669.89 634.73
690.02 632.33
697.53 631.73
702.34 633.83
711.95 630.22
706.84 625.42
702.04 625.42
696.63 623.91
693.02 626.02
688.52 626.02
691.82 621.81
683.71 623.31
673.49 622.11
672.59 626.92
665.68 619.11
673.19 618.21
669.59 614.90
664.18 613.70
653.96 614.00
636.84 614.00
633.83 603.18
644.35 607.69
643.45 610.09
624.82 611.30
625.42 603.78
621.21 601.38
615.80 607.69
613.70 604.99
725.17 635.93
718.26 633.83
716.46 626.62
713.45 621.81
731.48 628.72
731.18 622.41
726.38 618.51
719.76 622.11
714.66 616.40
707.75 617.00
706.84 612.20
699.33 614.30
694.22 615.80
678.90 617.61
676.50 614.90
680.10 614.00
672.29 614.30
673.49 610.69
664.48 609.49
670.79 607.09
691.82 611.60
697.23 609.19
684.91 607.69
687.01 614.90
683.71 614.30
655.46 587.26
669.29 591.46
665.98 591.46
662.38 586.36
661.17 590.56
655.76 595.67
666.28 602.28
663.88 601.68
672.89 600.18
674.99 600.18
671.39 592.67
672.59 587.56
676.20 587.56
681.30 596.87
681.61 588.46
680.70 585.45
675.30 583.65
672.29 579.15
697.53 576.74
704.44 577.64
710.45 575.84
714.96 576.14
717.96 575.84
723.07 577.64
726.38 576.74
728.48 577.94
690.62 604.99
691.82 607.69
695.43 603.78
697.83 603.78
706.84 603.48
701.14 604.38
649.91 617.15
657.72 615.05
646.45 621.36
674.39 594.02
665.83 594.92
668.68 596.42
677.70 596.42
684.16 594.47
684.01 577.49
688.37 575.99
689.72 582.45
723.07 615.50
720.37 610.84
716.61 609.49
720.22 607.84
718.11 605.29
714.81 604.38
722.62 601.83
723.67 605.29
724.57 610.54
729.23 606.79
729.83 614.00
742.90 620.61
737.64 616.10
740.65 613.70
736.44 611.90
731.33 610.54
732.53 603.93
743.95 610.69
739.45 606.49
718.71 598.53
715.71 597.62
714.21 595.07
711.35 596.42
703.99 600.48
696.03 600.18
687.76 600.18
715.86 637.14
721.87 626.32
750.71 635.03
737.49 635.03
733.59 636.53
745.91 637.14
743.50 629.62
739.90 630.83
751.01 622.71
747.11 620.91
748.01 616.10
751.31 617.61
759.73 618.81
753.72 614.00
748.91 611.30
748.01 606.49
760.93 630.22
754.02 639.84
760.63 633.83
764.53 639.54
753.42 651.86
742.60 650.96
745.91 661.47
756.72 662.38
763.03 668.99
772.05 663.58
766.34 656.07
766.04 646.75
773.25 644.65
781.36 660.27
790.68 666.28
775.95 689.72
790.98 687.01
801.49 664.48
806.00 653.36
790.38 651.86
780.16 647.95
792.18 642.84
798.19 645.85
804.20 645.55
799.39 637.74
788.87 635.93
785.27 635.93
778.36 637.44
772.05 637.74
773.25 631.43
764.84 631.43
765.74 626.62
768.44 622.71
760.93 626.02
754.92 626.62
769.34 617.61
775.65 625.42
777.45 618.51
773.25 619.71
773.55 613.40
764.84 617.61
763.33 620.31
781.06 616.10
781.96 610.69
788.57 622.41
790.38 618.21
794.88 614.90
802.99 624.52
798.19 626.02
804.20 630.83
806.60 620.91
804.80 614.30
800.59 612.50
793.38 607.99
789.47 606.19
795.48 603.78
796.38 601.98
799.39 602.88
802.39 601.38
804.50 605.89
805.40 599.88
758.53 612.50
756.42 619.11
755.82 615.50
765.74 611.30
762.13 612.20
763.33 609.19
757.62 608.29
754.92 606.19
751.61 609.19
752.52 603.78
749.81 601.38
753.72 600.78
757.92 600.18
756.42 603.48
759.43 604.08
761.23 602.88
764.84 603.78
770.24 609.19
772.05 602.88
738.09 590.26
718.56 591.46
714.66 592.37
705.94 593.27
706.84 591.16
702.64 591.46
699.63 588.16
701.74 586.96
699.33 583.05
695.43 581.85
693.92 581.85
707.45 584.25
717.96 582.15
709.55 582.75
731.48 579.45
736.29 579.45
733.29 583.95
741.70 578.54
744.40 577.34
748.91 574.64
745.00 574.34
758.53 582.15
752.82 577.64
756.12 575.54
762.43 574.34
759.73 575.24
767.24 574.64
762.13 581.55
748.61 592.37
745.61 589.36
742.30 590.26
744.10 592.67
743.50 595.37
734.49 600.78
767.54 588.16
760.63 589.36
758.53 586.96
694.53 589.51
690.77 594.17
713.30 599.73
692.57 597.92
674.69 604.99
689.87 616.10
686.86 619.86
718.11 585.15
714.36 579.45
697.98 590.41
686.71 591.01
746.81 601.83
744.10 603.93
740.20 609.49
729.08 585.76
789.47 601.08
813.81 606.64
810.06 606.94
810.06 614.60
806.90 617.15
818.62 618.06
816.52 623.01
811.71 626.47
807.20 624.67
815.61 631.58
811.11 636.38
819.52 629.47
822.68 628.12
825.23 621.96
823.58 615.35
821.62 611.15
826.28 610.09
828.84 605.89
819.52 605.14
813.66 603.18
810.66 601.68
813.66 600.63
811.71 598.07
809.61 598.53
800.74 597.92
797.59 598.98
794.88 597.47
781.81 582.60
783.16 578.39
781.66 575.69
787.97 576.59
788.42 574.19
776.55 574.19
783.91 574.34
771.45 577.64
762.58 579.15
727.43 629.32
726.83 583.80
767.39 593.27
769.94 590.71
809.91 573.44
808.40 575.99
803.45 575.24
800.59 574.49
799.09 575.84
796.84 577.04
793.68 577.79
784.82 607.24
784.52 619.26
809.00 609.79
815.91 591.16
819.67 594.62
825.08 592.22
828.38 589.96
819.97 586.51
823.43 584.40
812.16 582.75
816.97 576.44
813.81 577.49
781.36 600.78
779.86 598.07
791.28 589.96
830.34 611.30
836.05 605.89
840.55 609.19
836.65 612.20
834.84 615.80
834.84 621.51
838.45 619.11
841.45 617.91
843.56 614.90
847.46 613.70
847.76 607.39
846.86 603.78
852.57 607.99
841.76 604.68
842.06 626.32
836.35 628.12
838.75 627.52
829.44 627.82
830.04 631.73
837.55 637.44
829.14 642.84
827.63 651.26
822.83 659.67
809.91 665.68
809.91 649.76
811.41 675.60
813.21 682.21
809.91 687.91
822.53 683.11
831.24 686.41
833.34 659.37
818.02 671.99
842.36 664.78
851.37 680.40
855.88 665.08
857.68 658.17
848.07 652.76
840.25 647.95
850.17 641.64
843.26 636.23
848.67 627.82
860.08 631.13
854.68 635.93
866.39 643.45
858.88 638.34
855.28 649.15
860.08 655.46
865.19 653.96
873.30 649.15
879.91 652.16
878.41 663.28
889.23 662.98
876.91 680.40
865.19 687.31
860.68 619.71
852.57 620.61
855.58 612.80
865.19 624.82
872.10 627.52
874.21 632.93
882.02 632.63
878.71 625.42
886.53 645.55
875.41 640.74
893.29 645.85
900.35 658.77
909.51 647.95
899.15 643.90
892.99 640.29
885.32 633.38
885.32 629.17
886.22 620.31
892.08 627.52
897.04 624.22
900.35 629.17
903.50 625.57
908.16 626.47
903.50 635.03
912.07 639.99
925.29 656.52
926.19 648.40
934.75 647.20
932.80 637.89
925.44 634.28
917.47 635.03
917.02 629.47
923.03 626.47
915.22 623.16
920.63 620.46
921.68 615.80
927.99 624.22
933.70 618.36
928.74 614.75
936.70 613.70
933.70 607.54
929.79 606.49
929.64 603.18
927.39 607.09
925.14 610.39
925.44 612.80
920.48 611.30
912.52 612.35
913.27 616.55
909.51 616.10
902.15 618.36
899.45 618.66
893.14 617.30
889.68 615.95
875.86 613.70
872.40 615.05
873.45 621.81
864.89 617.00
851.97 613.70
876.16 604.08
862.64 585.91
833.19 600.33
843.41 601.38
836.50 598.68
847.91 600.03
840.70 597.17
879.61 610.39
885.62 612.50
889.23 611.30
892.84 611.30
901.25 609.19
896.74 610.09
888.63 605.29
883.22 606.19
881.12 601.68
873.00 598.68
867.30 596.57
850.47 596.57
859.78 596.87
850.77 602.88
836.05 590.86
832.44 587.86
830.94 582.15
809.91 586.06
814.11 587.86
795.18 592.07
796.99 588.46
794.88 585.76
790.98 582.15
796.08 580.65
798.49 580.35
764.53 581.85
762.73 586.06
766.64 585.15
773.55 587.26
772.95 582.45
775.95 580.95
774.75 577.64
762.13 599.58
773.25 596.57
817.42 609.19
814.71 611.90
893.14 601.68
885.62 598.98
880.22 596.27
876.31 596.87
875.71 599.58
883.82 597.47
890.43 595.67
892.84 597.47
897.04 599.58
903.05 601.68
903.35 605.89
909.36 605.89
913.57 606.19
918.38 607.99
906.06 615.50
906.36 620.91
919.58 625.12
931.90 628.72
936.70 624.52
945.72 620.61
944.52 627.52
937.91 631.73
940.31 640.74
947.22 634.43
954.43 643.45
947.82 645.55
943.61 668.68
939.41 658.17
960.74 666.88
947.22 659.67
958.04 658.17
949.02 690.32
960.74 691.52
964.65 705.34
982.68 700.23
977.87 690.02
967.35 674.09
977.27 666.58
994.69 662.98
988.38 676.20
990.19 687.91
936.10 703.84
925.89 705.94
900.35 704.44
881.12 704.44
857.98 699.63
846.86 700.23
822.22 703.24
870.60 680.70
892.84 677.70
900.05 668.68
894.04 695.13
903.05 688.82
912.97 670.79
924.08 671.99
984.78 661.47
987.78 649.76
972.76 649.15
961.04 643.45
972.16 637.14
983.88 639.24
998.00 641.94
995.30 629.62
1000.70 624.82
988.68 623.91
982.68 618.81
982.38 626.62
977.87 622.41
972.16 622.41
971.86 629.62
953.83 633.83
958.34 633.23
957.74 625.12
952.03 625.42
950.83 620.31
952.03 616.10
955.63 617.00
961.34 618.81
961.34 623.91
966.75 616.10
974.56 616.10
976.37 611.30
979.97 616.70
989.29 615.50
987.18 615.50
998.30 615.50
996.50 618.81
975.76 603.78
968.85 603.78
965.55 599.58
970.36 597.77
970.96 591.46
968.85 588.46
965.85 588.76
964.35 590.26
966.15 594.77
966.75 597.47
961.94 596.57
958.64 597.47
954.43 597.47
953.23 598.98
951.73 602.58
960.14 605.29
963.45 605.89
961.94 601.68
958.64 603.18
956.53 605.89
952.33 610.69
961.64 612.20
958.34 611.30
956.53 610.09
942.11 615.50
941.21 610.69
943.01 603.18
945.72 603.78
939.41 603.18
936.40 602.88
935.80 598.38
932.20 600.48
932.50 597.47
934.30 594.77
925.89 597.47
921.68 594.47
917.17 596.27
917.17 601.08
918.38 599.58
918.38 596.27
913.87 601.68
911.46 598.38
912.37 595.37
907.56 597.77
902.45 596.27
859.48 606.79
863.09 602.88
860.99 613.40
861.89 609.19
864.59 611.90
866.69 614.00
843.86 591.16
846.56 590.26
839.65 582.45
842.96 582.45
905.15 660.57
936.40 590.86
933.40 590.86
929.19 590.86
925.59 585.76
921.68 583.05
914.17 590.56
912.67 593.27
911.16 589.96
901.55 580.65
894.04 582.45
887.43 588.16
828.23 598.38
929.79 598.68
929.79 594.77
905.45 572.53
900.35 571.03
895.24 573.14
892.84 573.14
889.53 572.53
880.82 574.04
875.41 574.34
871.20 574.34
866.39 578.84
859.48 574.04
934.90 570.13
932.80 570.13
928.89 570.13
930.69 570.13
927.09 570.13
914.17 572.53
911.46 574.64
909.06 573.14
957.44 594.17
953.83 587.86
943.01 582.45
938.81 580.65
937.61 577.34
934.60 577.94
934.30 580.05
932.20 582.45
929.19 584.85
928.89 587.26
932.80 584.85
934.90 583.05
947.52 588.46
946.92 580.35
976.37 595.37
972.76 595.67
980.27 593.27
974.56 599.58
981.77 605.89
941.21 597.77
944.82 597.47
946.32 595.37
937.00 593.27
940.01 590.26
943.01 589.96
942.71 586.96
935.80 588.76
913.57 583.05
914.17 580.35
908.46 583.65
904.55 583.95
904.25 579.45
899.15 578.84
852.27 563.52
838.15 601.98
849.27 575.54
845.51 573.74
839.95 574.19
825.38 574.34
830.04 574.34
886.38 574.04
858.88 564.27
855.73 564.57
863.99 564.12
876.46 563.97
868.05 563.82
857.68 570.88
861.74 568.78
854.53 570.88
851.97 572.68
857.23 575.39
896.44 593.72
944.52 568.03
938.21 571.03
947.52 571.03
953.83 571.33
959.54 571.03
960.14 568.63
964.05 570.73
964.95 567.73
969.76 570.13
973.66 570.73
975.46 570.73
976.97 570.73
968.85 577.34
958.64 585.15
958.04 578.24
875.41 582.45
872.40 585.76
881.42 581.55
826.13 594.77
970.36 556.61
980.27 555.41
1101.06 775.35
1161.15 740.50
1171.37 716.46
1158.15 709.25
1117.89 734.49
1132.91 726.07
1141.32 703.84
1150.94 699.03
1125.70 696.63
1104.67 698.43
1093.85 698.43
1099.86 716.46
1106.47 707.45
1074.02 732.68
1068.61 751.31
1039.76 752.52
1047.58 743.50
1027.75 734.49
1029.55 713.45
1013.92 709.85
991.09 718.26
998.90 713.45
1003.11 701.44
1003.71 684.61
1016.93 691.22
944.22 713.45
1060.80 684.01
1045.77 690.02
1044.57 718.86
1060.20 720.67
1076.42 680.40
1086.04 690.02
1116.68 671.39
1115.48 661.17
1102.26 664.78
1088.44 660.57
1092.05 652.16
1081.83 643.75
1080.63 658.77
1070.41 660.57
1080.63 668.99
1063.20 662.98
1053.59 662.98
1049.98 673.19
1042.17 667.18
1031.95 679.80
1022.34 669.59
1009.72 677.40
1009.72 668.99
1009.72 660.57
1015.73 650.36
1028.95 641.94
1030.15 656.37
1021.74 656.37
1037.96 652.76
1048.78 648.55
1048.18 656.97
1055.99 652.16
1052.99 642.54
1070.41 641.94
1063.80 647.95
1142.53 684.01
1129.30 681.61
1168.37 705.04
1171.37 665.38
1156.95 650.96
1147.93 646.15
1193.00 671.39
1200.82 673.19
1208.63 667.78
1217.04 660.57
1227.86 663.58
1217.64 686.41
1237.47 688.22
1227.26 681.61
1236.87 667.18
1236.27 703.84
1174.38 642.54
1199.01 641.94
1191.80 657.57
1212.84 650.36
1205.02 654.56
1218.84 653.36
1229.06 652.76
1223.65 657.57
813.21 739.30
802.39 732.68
789.17 728.48
775.95 730.88
765.74 743.50
771.75 709.25
834.24 721.87
845.66 730.28
917.77 685.81
748.31 730.28
1215.84 807.20
1276.53 704.44
1249.49 691.82
1268.72 687.61
1266.32 671.99
1260.91 664.78
1253.70 656.37
1272.33 656.37
1275.93 667.78
1277.14 684.61
1245.89 647.95
1238.07 643.75
1229.06 640.74
1219.45 635.93
1211.03 634.13
1209.23 625.72
1200.82 623.91
1193.61 631.13
1182.19 634.13
1173.77 629.92
1165.96 627.52
1155.75 623.91
1141.92 636.53
1132.91 632.33
1140.12 629.92
1129.91 623.31
1126.30 631.13
1120.29 624.52
1117.29 635.33
1127.50 642.54
1115.48 647.95
1074.02 623.31
1097.45 615.50
1092.05 617.30
1117.89 615.50
1110.68 615.50
1104.67 613.10
1125.10 614.90
1132.31 618.51
1140.72 622.71
1165.36 635.93
1149.74 632.93
1147.93 617.30
1140.12 614.90
1132.91 608.89
1127.50 606.49
1134.71 602.28
1140.12 608.89
1149.14 608.89
1150.34 613.10
1155.15 613.10
1158.15 618.51
1164.76 619.11
1171.37 621.51
1261.51 640.14
1254.30 643.75
1250.09 635.33
1263.91 634.13
1276.53 644.35
1275.33 653.36
1264.52 649.15
1259.11 623.91
1250.09 623.91
1251.90 617.30
1244.68 615.50
1239.88 614.90
1240.48 621.51
1237.47 629.92
1232.07 625.72
1226.66 621.51
1234.47 617.30
1218.24 625.72
1215.24 620.31
1206.22 619.71
1221.25 617.30
1217.64 611.30
1224.25 613.70
1221.25 608.89
1214.64 604.68
1223.65 604.68
1227.26 610.69
1232.07 608.89
1228.46 600.48
1232.07 599.88
1223.05 598.07
1215.24 601.08
1210.43 601.08
1199.61 605.29
1180.99 623.31
1178.58 626.92
1193.00 618.51
1183.39 619.11
1177.38 617.30
1173.17 611.30
1170.17 613.70
1164.76 611.30
1169.57 609.49
1174.38 604.68
1168.97 602.28
1180.99 602.28
1174.98 600.48
1185.19 602.88
1193.61 604.68
1277.14 634.13
1272.33 627.52
1265.12 624.52
1257.91 617.30
1254.90 613.10
1259.71 608.89
1256.70 604.68
1250.69 610.69
1260.91 614.90
1265.12 613.10
1268.72 618.51
1274.13 622.71
1278.94 616.10
1271.13 613.10
1266.92 608.29
1272.33 606.49
1276.53 608.89
1263.91 601.08
1260.91 604.08
1248.29 598.07
1244.68 604.68
1237.47 600.48
1239.28 606.49
1137.12 666.58
1033.15 635.33
1021.14 636.53
1014.53 635.33
1009.72 628.72
1003.11 631.13
1003.71 649.15
1019.93 647.95
1042.17 644.35
1036.76 624.52
1028.95 625.72
1018.13 622.71
1013.32 619.71
1007.91 619.71
1004.91 617.30
1019.93 613.10
1024.74 618.51
1045.77 626.92
1041.57 625.72
1051.78 624.52
1097.45 608.89
1091.45 602.88
1083.03 602.88
1077.62 604.08
1078.22 604.68
1071.01 604.68
1058.39 604.08
1063.20 604.68
1036.76 607.09
1025.34 604.68
1030.15 602.88
1046.38 605.29
1039.76 602.88
1232.67 604.38
1244.68 592.97
1254.00 592.37
1258.51 591.76
1260.61 595.37
1263.91 591.16
1274.13 599.58
1278.94 598.68
1245.59 637.14
1239.58 638.64
1227.26 629.62
1143.43 613.70
1150.94 600.78
1147.33 595.97
1150.04 594.47
1143.43 595.37
1143.43 590.26
1141.02 589.66
1136.82 590.26
1129.61 596.87
1124.80 596.87
1125.70 599.58
1120.59 598.68
1115.48 602.28
1110.98 607.09
1106.17 608.59
1114.88 607.39
1123.90 607.99
1120.59 604.38
1125.40 611.30
1162.96 603.48
1183.99 598.07
1183.39 593.87
1181.59 589.06
1177.38 590.26
1175.88 592.97
1172.27 594.47
1171.07 597.47
1176.18 595.97
1187.60 593.27
1194.51 593.87
1198.11 590.56
1193.61 596.87
1197.51 599.58
1199.61 596.87
1205.02 594.77
1210.73 595.97
1215.54 594.47
1218.24 591.76
1213.74 590.56
1209.83 590.86
1203.22 590.86
1207.13 587.56
1200.82 617.91
1204.12 637.44
1204.12 633.83
1199.01 631.43
1208.63 646.15
1227.56 592.67
1240.48 588.16
1247.39 592.97
1249.79 591.16
1266.92 593.87
1256.10 600.78
1267.82 599.58
1161.45 557.81
1158.15 553.00
1122.69 591.16
1115.18 594.47
1106.17 592.37
1088.74 578.24
1089.34 565.32
1091.75 566.22
1099.86 568.33
1132.31 583.95
1121.49 584.25
1119.69 581.25
1120.29 577.04
1174.38 653.96
1222.45 621.81
1150.94 583.95
1146.73 587.56
1140.12 584.85
1136.82 586.36
1126.60 592.37
1121.49 593.87
1118.49 593.87
1199.91 548.50
1203.52 548.50
1209.53 545.19
1214.94 544.29
1210.43 550.00
1232.37 539.48
1228.16 540.99
1236.87 540.99
1231.16 544.59
1221.85 548.50
1215.24 548.50
1218.84 547.60
1222.45 545.19
1225.15 544.59
1225.76 542.19
1235.37 544.59
1233.57 542.49
1218.84 577.94
1208.63 574.64
1205.32 570.73
1171.07 556.31
1140.12 538.28
1136.82 541.59
1134.71 539.48
1030.45 551.50
1078.22 567.43
1113.08 596.57
1101.96 606.49
1179.48 613.70
736.89 708.05
654.56 705.64
355.30 716.46
381.74 701.44
811.41 710.75
799.39 713.76
757.92 708.35
1232.67 584.25
1102.26 575.84
907.26 655.46
897.04 634.43
1062.00 610.99
895.99 684.61
931.60 621.81
941.36 618.66
848.37 617.76
846.26 622.56
789.92 610.69
791.88 603.93
811.71 608.89
811.41 620.76
830.04 615.65
670.19 650.06
668.53 653.21
677.70 652.16
699.18 619.86
709.85 620.31
680.10 599.43
685.06 611.90
684.16 617.91
720.82 605.44
713.30 607.84
710.00 601.38
708.65 588.76
723.97 598.07
299.71 633.53
294.60 630.22
291.60 632.33
313.83 629.92
324.05 636.23
314.13 637.44
309.32 657.27
304.52 657.27
296.40 642.24
270.86 634.13
283.18 651.56
300.01 673.19
291.90 678.60
275.67 654.26
296.40 706.54
317.14 656.37
343.88 656.37
361.30 631.13
357.10 622.71
380.23 623.01
383.54 628.72
388.05 625.72
394.36 629.92
399.16 616.40
390.45 621.81
395.56 635.33
382.04 634.13
376.63 636.53
390.75 647.95
438.22 635.63
461.96 637.14
469.47 638.64
473.38 640.14
485.70 644.65
476.68 647.05
503.13 649.45
471.58 625.12
476.38 617.30
490.51 609.19
500.42 609.79
500.12 620.61
437.32 616.10
431.91 616.10
429.51 621.51
425.00 621.81
419.90 620.61
421.40 614.00
417.79 619.41
406.98 616.70
401.87 625.72
430.11 625.12
444.23 630.22
449.94 633.23
310.53 636.53
300.01 625.72
626.92 624.52
646.75 631.73
594.17 627.82
593.57 607.69
597.47 603.48
467.07 688.82
615.50 600.78
637.14 600.78
655.16 580.65
649.76 602.28
651.56 607.69
528.97 613.10
683.71 645.25
612.80 614.30
633.23 617.00
658.47 610.99
662.98 605.29
667.48 604.99
654.26 598.98
648.85 598.68
726.68 599.58
732.38 616.70
718.56 614.90
758.53 643.15
782.56 684.01
820.72 638.34
794.28 630.22
766.34 596.57
756.42 591.16
755.22 587.56
892.53 656.67
922.28 600.48
902.45 614.30
978.77 573.44
1013.32 641.04
1148.23 626.02
1149.74 622.11
1107.97 577.94
1101.96 579.15
1095.05 581.85
1092.05 579.15
1081.53 582.75
1074.62 573.74
1071.91 578.84
1124.80 581.25
1127.20 582.75
1128.70 583.95
1090.84 608.89
1092.95 605.29
1031.65 629.62
1221.85 631.73
1130.51 589.06
1126.90 587.86
1133.21 588.16
1146.13 556.01
1150.94 556.31
1115.48 569.83
1106.47 585.76
1141.02 604.99
1252.50 571.93
300.61 1015.13
855.24 590.93
856.53 587.36
853.29 581.21
848.76 583.80
849.41 579.92
870.13 578.30
869.48 583.16
874.02 579.92
899.59 585.42
919.67 576.03
918.70 571.50
922.26 571.18
923.88 573.12
927.12 575.71
932.62 575.06
928.41 579.27
925.50 581.21
921.61 577.98
917.08 580.24
880.81 565.02
872.72 567.61
847.47 567.61
844.55 567.61
831.60 570.20
833.22 570.85
836.46 574.41
818.97 573.12
888.26 559.84
892.79 560.49
895.38 559.52
898.95 560.49
901.54 561.14
904.77 559.84
907.69 559.52
907.69 557.25
910.28 560.49
912.55 559.20
913.52 561.79
916.11 561.14
920.32 558.55
921.29 561.14
923.88 558.87
923.88 561.46
925.82 560.81
928.73 558.87
929.38 562.76
934.89 557.90
931.97 560.81
937.80 559.52
941.36 558.87
944.28 560.17
946.54 557.90
950.43 559.52
880.17 569.56
877.58 568.91
868.19 570.85
863.65 571.50
862.68 576.36
865.92 574.74
855.56 578.30
860.09 579.27
842.29 577.98
838.08 577.65
834.84 577.00
826.74 579.92
822.86 578.30
820.59 580.24
819.30 582.51
835.81 584.13
835.16 581.54
840.34 587.36
845.20 587.04
852.97 587.36
855.24 584.45
857.83 585.10
868.51 588.01
871.10 590.28
873.69 591.57
877.25 587.36
879.84 591.57
884.70 591.25
887.61 582.83
892.79 579.59
895.71 577.65
888.59 579.59
884.38 565.35
888.59 564.05
891.18 567.29
892.15 563.41
896.36 566.97
900.57 566.00
902.83 568.26
908.01 565.35
909.31 569.23
917.08 566.64
914.49 568.91
917.40 569.88
917.08 576.03
913.84 577.33
909.31 578.30
915.78 586.07
921.61 591.25
925.50 591.57
918.70 585.10
906.72 589.63
902.51 588.34
901.21 592.22
944.92 577.98
941.36 576.03
939.42 564.38
938.45 561.79
931.97 566.00
926.14 565.02
912.87 564.38
954.31 558.55
958.20 557.25
962.08 556.93
965.97 557.58
963.70 562.11
953.66 563.73
948.81 565.35
945.25 564.70
953.02 576.03
953.02 581.21
959.82 581.54
961.76 584.77
967.91 584.45
965.32 579.27
964.35 575.38
972.12 582.51
973.42 586.72
976.01 583.16
979.57 581.54
975.03 575.06
971.80 565.02
970.83 560.81
975.36 565.35
980.54 565.67
983.45 563.41
981.19 559.84
994.14 554.99
997.05 554.02
995.11 556.61
724.43 591.57
727.67 591.90
730.26 592.87
733.50 589.31
738.03 585.42
740.30 582.51
742.24 584.77
745.80 584.45
746.45 581.86
749.36 584.77
726.05 586.72
723.14 586.07
1012.48 568.59
1014.75 567.94
1017.34 567.29
1021.55 566.64
1022.85 566.00
1027.05 566.00
1029.64 566.32
1006.33 553.69
1006.01 557.25
1002.77 556.28
975.90 555.96
975.57 559.52
973.63 562.76
965.21 565.02
961.65 565.02
959.38 565.67
955.50 566.64
952.26 567.29
1009.25 555.31
1012.48 556.28
1015.07 556.61
1017.66 557.58
1018.31 554.02
1016.69 552.07
1012.48 552.07
1019.93 553.37
1021.23 556.93
1023.17 555.96
1023.82 552.07
1026.08 555.31
1027.05 551.75
1013.13 560.17
1016.05 560.49
1020.58 561.79
1022.20 559.52
1024.79 558.87
1026.73 559.20
1029.32 557.90
1029.97 555.63
1031.26 552.40
1033.21 558.87
1034.83 554.34
1036.77 557.90
1039.36 554.34
1040.33 551.43
1041.62 555.63
1039.68 559.20
1037.09 564.38
1031.26 562.76
1028.35 562.76
1027.05 563.08
1020.90 564.05
1016.05 564.05
1010.54 564.38
1007.63 563.41
1007.95 559.84
1035.47 561.14
1037.42 561.14
1042.60 560.49
1044.54 558.55
1045.51 556.61
1045.83 551.43
1044.54 552.72
1045.19 554.34
1056.52 554.34
1061.05 553.37
1063.32 552.40
1064.61 552.40
1067.85 552.40
1072.06 550.45
1074.33 550.13
1074.65 547.54
1072.06 547.86
1081.13 548.19
1084.04 548.19
1087.60 547.86
1091.81 547.86
1095.70 547.86
1098.93 547.86
1103.79 547.86
1108.65 547.22
1112.21 546.57
1115.45 544.63
1060.40 566.64
1064.29 564.38
1064.61 567.61
1064.61 569.88
1066.56 571.50
1069.47 566.97
1070.44 568.59
1074.33 564.70
1069.47 564.38
1068.50 561.14
1065.26 559.52
1073.68 562.76
1079.18 562.43
1080.80 560.49
1084.36 560.49
1082.74 565.35
1082.42 570.85
1080.48 574.41
1080.15 578.30
1082.74 578.30
1084.69 576.68
1086.95 573.77
1089.22 571.82
1093.75 570.85
1104.76 564.38
1099.26 565.67
1094.40 566.32
1104.76 566.00
1107.35 567.94
1111.56 567.94
1113.83 560.81
1118.68 561.46
1120.95 561.46
1124.51 560.49
1128.72 560.17
1133.25 558.87
1135.20 555.96
1111.67 582.83
1114.91 576.03
1111.34 573.77
1107.78 572.15
1102.60 572.15
1096.45 572.47
1093.21 561.79
1086.74 559.52
1087.06 556.93
1089.00 553.04
1083.50 551.10
1078.32 551.75
1073.46 553.37
1067.31 554.99
1063.75 555.96
1070.22 555.96
1076.05 556.28
1079.94 555.63
1083.50 553.69
1095.80 555.63
1098.39 555.63
1087.38 561.79
1083.50 563.08
1097.10 561.79
1100.98 560.81
1105.19 557.58
1107.46 555.63
1110.70 557.90
1113.93 553.04
1116.85 555.31
1119.44 554.02
1121.38 543.01
1127.53 543.98
1129.80 544.95
1132.71 543.65
1127.21 555.96
1131.42 555.31
1149.87 561.14
1153.11 561.14
1153.76 557.25
1157.00 557.25
1157.00 558.87
1165.09 554.66
1166.39 556.28
1200.71 583.80
1202.65 579.59
1199.41 578.62
1196.82 579.92
1207.51 580.89
1211.07 578.95
1211.72 582.51
1213.98 579.59
1210.42 570.85
1207.83 568.59
1205.24 565.35
1211.39 566.32
1213.66 566.00
1212.36 561.79
1209.77 562.43
1207.83 559.84
1211.07 557.58
1184.84 549.81
1179.99 552.40
1172.86 551.75
