12.51 619.45
101.88 628.88
110.76 581.14
34.15 586.69
28.05 545.61
86.89 547.28
80.79 492.32
80.23 470.12
126.31 491.21
174.60 548.39
181.26 527.30
230.67 585.58
314.49 666.08
322.26 601.13
435.51 643.32
471.59 617.78
410.53 523.41
329.48 522.30
238.44 521.19
189.59 491.21
152.40 437.37
119.64 426.26
103.55 425.15
89.11 410.72
46.37 366.31
119.09 364.64
143.51 354.65
150.73 400.73
169.05 420.16
204.58 417.38
220.12 437.37
199.03 392.40
188.48 379.63
235.67 416.83
262.87 446.25
292.84 433.48
260.09 406.83
338.92 452.35
321.71 493.43
271.75 485.11
247.32 485.11
365.56 481.22
452.72 481.22
499.35 461.24
494.91 440.14
436.62 452.35
451.61 452.35
381.11 432.37
399.98 448.47
357.79 414.61
348.36 433.48
342.80 411.83
297.84 404.06
313.38 422.38
252.87 390.18
241.22 380.74
220.68 371.86
272.30 364.64
283.96 370.75
291.18 387.40
333.37 384.07
333.92 369.09
388.88 395.18
423.85 410.72
424.96 384.07
484.36 387.40
422.19 366.31
386.66 371.86
384.44 357.98
356.13 354.10
477.14 355.76
290.62 353.54
102.99 351.88
3.62 342.72
42.48 332.72
71.35 317.18
83.01 314.96
111.87 289.98
132.97 288.87
157.95 279.99
166.83 267.77
140.18 260.00
115.20 263.89
105.21 260.56
85.23 267.77
64.69 276.66
41.93 284.98
5.29 282.76
1.96 240.02
26.38 235.58
40.26 203.94
30.82 195.05
58.03 235.58
69.68 232.80
109.65 172.85
134.63 168.41
175.71 221.70
214.02 206.71
174.05 331.61
164.05 317.74
194.59 332.17
214.02 327.73
205.69 312.18
224.01 317.74
256.76 312.74
277.30 318.85
268.97 344.38
285.63 341.61
307.83 323.84
307.83 312.18
305.61 351.60
341.69 337.17
364.45 324.40
369.45 312.18
373.34 336.61
392.77 339.94
403.87 314.96
415.53 341.61
411.08 331.06
446.61 347.71
433.29 323.84
427.18 247.79
447.72 322.73
466.60 324.95
468.26 344.38
474.37 328.28
488.25 332.72
538.85 621.39
548.84 675.79
537.74 520.36
518.87 488.16
515.54 384.91
517.76 354.93
502.21 326.06
512.20 323.84
509.98 239.46
614.35 249.46
657.65 638.04
772.00 616.95
784.22 665.80
900.79 628.05
1014.04 586.97
913.00 673.57
1004.05 665.80
1011.82 519.25
986.28 467.06
997.38 433.76
694.29 581.42
593.25 507.03
622.12 509.25
678.74 513.70
756.46 543.67
853.05 551.44
936.32 478.17
865.26 477.06
911.89 445.97
795.32 484.83
736.48 478.17
687.62 483.72
656.54 467.06
619.90 448.19
568.83 465.95
549.95 433.76
579.93 403.78
616.57 384.91
650.99 431.54
692.07 442.64
779.77 460.40
826.41 403.78
782.00 411.55
855.27 445.97
880.81 409.33
946.31 403.78
970.74 412.66
1000.71 381.58
549.95 377.13
561.06 384.35
591.03 380.47
581.60 364.92
574.93 371.03
545.51 359.93
541.63 345.49
533.85 342.16
521.64 339.39
531.08 329.39
563.28 321.07
564.39 335.50
574.38 343.27
586.59 327.17
598.25 350.49
613.24 349.38
616.57 336.06
623.23 343.27
631.56 340.50
644.88 334.39
637.11 332.17
632.67 358.26
665.97 334.94
668.19 311.07
680.41 323.29
673.75 332.17
682.63 363.26
661.53 369.36
671.53 405.45
696.51 412.66
705.94 336.06
718.71 325.51
743.14 322.18
774.78 324.40
753.68 332.17
740.92 339.39
729.26 338.28
749.24 347.16
764.79 346.05
784.22 336.06
745.91 364.37
705.94 348.27
705.39 358.26
704.83 379.91
738.70 393.23
777.55 381.02
763.68 393.23
826.96 381.02
812.53 386.02
820.30 364.37
807.53 367.14
793.65 351.04
787.55 363.26
815.86 338.28
824.74 349.38
806.98 332.17
799.76 326.06
839.17 332.17
854.72 339.39
853.61 368.25
854.16 390.46
893.11 376.58
884.23 348.82
930.30 359.37
889.22 427.10
587.05 547.98
653.18 409.71
723.82 388.67
812.49 505.89
875.62 575.03
994.35 420.23
932.73 339.07
902.67 298.49
961.28 251.90
991.34 227.85
1061.98 217.33
1126.61 262.42
1248.34 504.39
432.25 457.80
318.03 537.46
333.06 312.02
287.97 315.02
379.65 217.33
333.06 220.34
265.42 151.20
287.97 101.61
514.91 122.65
541.97 107.62
560.00 128.66
579.54 118.14
642.66 148.20
654.69 172.24
681.74 151.20
830.53 146.69
810.99 127.15
826.02 122.65
857.58 137.68
865.10 118.14
886.14 112.13
874.11 106.11
893.65 133.17
932.73 122.65
1064.99 128.66
1138.63 95.59
1143.14 140.68
1174.70 154.21
1216.78 140.68
1231.81 164.73
1251.35 223.34
1275.40 212.82
310.51 70.04
284.96 70.04
363.12 79.06
394.68 74.55
423.23 59.52
399.19 26.46
375.14 26.46
379.65 8.42
454.79 39.98
451.79 64.03
453.29 49.00
486.36 49.00
499.88 38.48
537.46 59.52
514.91 65.53
541.97 47.50
587.05 65.53
621.62 70.04
636.65 41.49
612.60 30.97
615.61 15.94
675.73 9.93
669.71 29.46
687.75 32.47
695.26 55.01
689.25 92.59
657.69 53.51
659.19 85.07
713.30 38.48
705.79 26.46
702.78 6.92
720.81 -0.59
756.88 44.49
768.91 65.53
761.39 11.43
785.44 36.98
795.96 29.46
794.46 5.42
821.51 20.45
803.48 65.53
798.97 82.07
814.00 95.59
835.04 76.06
842.55 59.52
866.60 27.96
848.56 21.95
854.58 5.42
878.62 29.46
919.20 20.45
883.13 59.52
949.26 85.07
968.80 85.07
794.46 97.10
1001.86 113.63
998.86 92.59
1025.91 112.13
1025.91 101.61
1024.41 68.54
1000.36 65.53
976.31 58.02
959.78 17.44
935.73 11.43
934.23 38.48
1049.96 26.46
1055.97 32.47
1061.98 15.94
1087.53 15.94
1107.07 26.46
1104.06 5.42
1159.67 33.97
1128.11 30.97
1120.60 61.03
1099.55 50.51
1069.50 79.06
1043.95 101.61
1158.17 80.56
1158.17 55.01
1140.13 55.01
1210.77 53.51
1243.84 39.98
1200.25 29.46
1189.73 26.46
1212.27 20.45
1221.29 30.97
1237.82 11.43
1240.83 26.46
1260.37 64.03
1221.29 86.58
346.95 41.01
446.69 82.44
434.41 91.14
596.04 14.41
637.47 31.29
631.33 25.67
711.64 308.01
735.42 189.86
715.99 19.53
654.09 127.45
805.50 23.62
972.75 33.85
965.59 36.41
977.87 27.20
988.10 43.06
958.43 63.52
936.95 25.16
1030.55 49.20
1016.74 43.06
1055.10 43.06
1016.74 37.43
1098.07 34.87
1094.49 20.55
956.13 8.79
995.00 25.67
1185.79 43.06
1252.28 30.27
1231.82 25.16
1218.52 22.09
1136.17 14.93
1276.32 77.33
911.12 27.71
1232.59 54.25
1253.05 51.18
1201.64 10.83
322.94 22.31
338.78 37.29
348.41 22.31
333.21 3.47
341.78 1.76
288.69 0.91
272.85 37.29
291.26 17.39
275.42 14.39
262.36 115.85
334.07 114.78
466.35 113.07
459.29 99.58
438.95 190.44
471.49 186.16
468.49 227.69
567.38 248.67
343.92 276.71
404.38 17.55
408.02 11.23
427.29 4.92
434.99 19.15
439.81 15.73
397.96 13.80
378.16 37.29
473.84 8.83
481.12 31.94
533.35 33.44
532.28 48.00
540.20 22.31
548.76 31.94
563.53 41.36
567.81 45.00
583.22 33.87
603.13 42.43
560.10 15.68
586.86 14.82
562.03 3.47
550.04 10.32
584.29 0.69
519.01 21.88
525.00 23.81
509.37 12.46
505.95 58.70
626.89 49.28
617.90 50.78
649.79 17.82
650.65 5.40
624.32 17.17
677.83 2.19
741.19 4.33
747.82 29.16
716.14 50.99
675.26 46.50
689.60 42.43
782.93 20.38
715.07 74.75
776.29 167.33
1065.68 274.56
1050.91 86.31
1099.29 85.45
1079.17 91.45
1165.00 107.82
1182.12 80.85
1192.83 292.33
1185.33 58.38
1115.13 50.89
1078.95 26.91
1021.48 12.52
1027.69 26.75
1036.68 7.27
1044.17 16.58
981.99 5.78
987.98 30.71
906.65 9.68
915.42 4.33
825.95 4.33
768.37 28.30
1173.56 24.45
1171.21 16.53
1160.72 22.52
1268.38 42.00
1243.77 165.29
1268.38 131.47
1249.33 3.69
1273.95 1.76
1213.16 10.32
1169.92 7.97
1124.76 2.83
1275.23 29.37
1261.32 20.81
899.58 54.42
913.49 45.00
894.66 27.88
915.85 64.48
1007.03 171.39
1075.53 112.75
1063.97 94.34
909.86 161.33
945.82 176.32
690.24 623.03
1275.88 317.37
576.37 305.82
657.28 299.82
377.74 117.88
960.80 128.37
90.50 702.50
134.50 855.50
208.00 691.50
156.50 616.50
196.00 517.00
221.50 471.50
123.50 476.50
80.00 489.50
79.00 440.00
69.50 389.00
88.00 365.00
142.00 387.50
169.00 389.00
150.50 338.00
71.50 344.00
63.50 325.00
86.50 305.00
71.00 298.00
71.50 294.50
123.50 431.50
401.00 698.00
372.00 389.50
315.00 345.50
322.50 306.50
