102.30 424.15
17.97 388.01
510.69 485.59
680.56 587.99
643.21 478.36
796.21 375.96
886.56 586.79
1009.44 353.07
35.74 299.46
62.84 246.46
25.50 243.45
68.87 297.66
221.26 271.15
391.13 293.44
351.37 309.70
497.74 275.97
388.72 236.22
39.35 206.70
82.72 177.79
70.07 194.05
100.19 177.79
118.86 204.90
149.58 225.98
163.44 198.27
241.74 217.54
259.81 189.23
242.95 164.54
186.33 170.56
213.43 175.38
220.66 162.73
162.83 150.08
189.34 145.86
117.66 156.10
103.80 154.30
115.25 133.22
60.43 158.51
42.36 133.22
34.53 122.37
46.58 121.17
23.09 124.18
16.46 158.51
23.69 183.21
223.82 128.70
175.94 127.79
253.64 139.54
269.00 125.69
281.05 154.30
292.49 178.09
296.71 231.40
315.68 188.63
322.91 149.48
309.36 139.84
295.80 145.86
311.16 124.18
337.37 133.52
362.06 161.53
363.87 138.34
375.31 159.12
373.21 133.52
397.30 130.50
398.20 148.58
390.37 179.30
386.76 201.58
350.32 142.25
732.66 304.28
612.79 303.68
541.71 381.99
847.11 272.96
957.94 269.95
784.46 257.90
910.35 243.05
964.57 205.10
1007.33 196.66
985.65 168.96
821.21 205.70
753.74 211.12
648.93 205.10
641.10 182.81
577.86 245.46
579.66 209.31
560.99 197.27
551.95 153.30
549.54 182.81
700.13 211.12
727.24 175.58
750.13 150.28
727.84 144.86
760.37 149.08
610.38 345.45
615.80 154.50
621.83 138.24
647.73 123.18
657.97 117.76
671.22 132.21
688.69 147.27
691.70 123.78
652.55 157.51
670.02 177.39
596.53 161.73
586.29 135.83
566.41 142.45
534.49 131.61
520.63 128.00
523.64 115.35
532.68 110.53
541.71 100.89
541.71 111.13
527.26 90.65
552.56 127.39
553.76 114.74
564.00 117.15
565.21 128.00
931.44 167.15
953.12 140.65
960.35 149.08
958.54 167.75
976.01 149.08
975.41 135.83
1009.14 130.41
901.32 206.90
799.52 146.07
789.28 146.07
773.62 134.62
827.83 137.03
841.08 146.07
836.26 138.24
840.48 123.18
874.21 168.96
863.37 178.59
877.83 152.09
880.24 140.04
864.58 128.00
881.44 114.74
898.31 120.17
906.74 137.03
924.81 132.82
746.66 180.70
754.80 177.39
795.15 201.18
818.34 123.18
836.42 113.84
842.44 106.31
852.68 106.31
936.41 97.88
922.55 102.10
929.78 114.14
941.53 121.07
950.56 107.82
960.80 109.93
964.42 101.19
1014.41 120.17
1017.12 107.82
983.09 106.31
977.67 96.37
1001.16 90.95
795.15 105.71
777.99 107.82
773.77 99.38
778.59 93.66
787.02 95.77
784.31 102.40
830.69 108.42
797.56 124.68
886.41 102.40
864.73 90.65
914.72 95.77
922.25 87.34
942.73 87.64
952.07 87.94
959.30 84.33
969.54 83.72
989.41 83.72
110.49 112.83
132.95 111.31
87.26 115.12
88.40 107.12
57.18 123.49
62.13 110.55
70.51 105.98
76.22 108.26
186.65 96.84
203.40 99.88
223.58 100.65
225.87 95.32
233.86 94.93
250.24 97.98
263.94 93.03
279.18 95.32
286.03 91.13
151.61 126.16
120.01 95.32
55.27 109.02
316.11 92.65
319.54 91.51
297.45 96.46
289.08 115.50
290.22 128.44
130.67 165.38
348.48 92.27
340.86 91.13
348.10 99.88
324.11 112.83
335.91 121.21
503.77 197.27
501.96 235.22
532.08 181.61
511.60 150.28
475.46 158.72
440.52 151.49
443.53 188.23
436.90 140.65
418.83 132.82
468.83 138.24
487.50 129.80
492.92 112.94
510.39 112.94
403.02 162.03
395.19 95.17
413.26 94.87
381.94 117.76
400.01 115.95
393.38 121.97
384.05 102.10
489.16 89.45
503.01 87.94
450.01 109.02
448.80 88.24
10.29 105.11
20.83 105.11
31.37 106.01
2.46 106.01
13.90 100.59
9.08 95.77
49.44 100.89
54.56 103.90
41.01 102.10
135.58 99.38
153.35 102.10
147.32 102.10
162.08 102.10
166.60 103.60
170.21 103.60
165.09 117.46
98.23 99.38
103.35 99.38
109.38 98.18
197.02 109.93
204.25 109.93
717.00 138.24
748.32 136.43
732.06 111.13
709.77 115.95
639.14 113.84
626.50 114.74
610.23 113.84
615.65 102.10
592.76 97.58
592.46 111.13
582.22 118.66
577.10 108.12
567.77 114.44
562.04 107.52
666.55 109.62
673.78 109.02
681.01 112.03
685.22 111.13
683.12 126.49
699.68 111.73
677.39 87.04
715.64 90.95
733.11 90.95
740.34 101.79
640.95 91.55
645.77 82.52
650.59 81.92
650.59 87.94
714.44 125.89
621.07 122.58
768.05 103.90
762.02 112.34
749.98 109.32
747.87 99.99
727.69 89.45
723.17 90.65
782.50 85.23
773.47 85.23
793.95 85.83
820.75 78.90
829.49 81.31
823.46 81.31
809.61 82.22
797.26 81.92
842.44 80.71
844.25 91.25
852.38 94.87
855.09 86.13
868.34 87.64
886.11 89.45
899.66 89.75
909.00 88.54
903.88 83.42
798.17 93.36
806.90 104.50
802.08 104.20
820.45 104.20
813.83 101.79
817.44 91.25
829.79 97.88
836.72 99.99
742.15 95.47
857.20 92.16
934.90 126.79
950.86 96.07
949.06 91.25
995.44 89.14
1015.01 87.64
1007.78 79.21
999.35 78.30
1013.21 103.60
986.70 117.76
1010.19 84.63
1005.38 104.20
878.88 94.87
904.18 98.48
906.89 93.96
913.52 82.52
773.77 90.65
744.10 89.45
747.72 85.23
753.14 89.45
748.32 89.45
760.37 89.45
924.21 79.81
965.77 74.39
971.19 74.99
979.02 74.39
650.14 111.13
641.70 103.90
627.85 108.72
909.15 121.37
816.39 140.65
500.00 420.50
443.00 413.50
349.50 380.50
349.50 193.50
480.00 208.50
470.00 202.50
461.00 166.50
405.00 90.00
923.59 898.86
1002.13 821.56
689.20 749.25
257.82 661.98
185.51 676.94
50.86 605.87
221.66 501.14
241.61 503.64
423.64 377.72
553.30 337.82
609.40 350.29
837.56 477.46
605.66 264.26
545.82 263.01
461.04 263.01
301.46 282.96
252.83 311.64
204.21 407.64
151.85 291.69
143.12 339.07
113.20 317.87
87.01 311.64
128.16 280.47
145.61 264.26
5.56 340.62
6.18 265.20
34.86 257.72
18.99 321.87
357.89 395.13
416.85 381.03
442.05 365.23
425.39 354.55
413.43 356.68
393.35 354.97
401.47 337.88
385.23 337.03
376.69 332.76
363.87 340.02
362.59 357.54
352.77 342.58
342.94 344.72
339.09 349.85
325.00 347.28
324.57 355.40
349.35 363.52
344.22 353.26
371.14 398.55
397.20 396.84
391.22 411.79
395.06 424.61
382.24 442.55
360.88 416.92
357.04 439.56
333.54 419.06
330.98 442.55
346.36 449.39
314.74 505.78
342.94 523.30
371.14 494.25
388.65 461.35
413.86 446.82
435.65 434.86
442.05 451.95
439.06 471.18
480.50 464.34
478.37 446.40
468.97 431.44
464.27 396.84
492.04 397.69
505.71 431.02
513.83 446.40
529.21 445.54
553.98 443.41
559.97 471.60
577.05 484.85
583.46 495.10
584.32 441.70
582.18 428.03
578.76 403.68
585.60 385.73
603.97 363.94
555.27 374.62
550.57 348.56
563.38 348.56
518.53 342.58
515.96 330.62
550.57 311.40
303.21 295.16
333.11 315.67
352.34 317.81
333.97 330.62
314.74 328.91
281.42 362.24
274.59 344.29
264.76 322.08
269.46 309.69
286.55 322.08
287.83 311.82
290.39 357.96
296.37 349.42
299.36 337.88
309.19 393.85
296.80 371.21
310.04 359.25
279.71 379.75
286.12 389.58
291.67 424.61
304.49 437.00
380.53 309.69
405.31 304.99
428.38 294.74
442.48 293.88
483.92 334.47
477.94 343.01
460.85 340.45
444.19 341.73
424.54 341.73
434.79 348.56
479.65 364.37
462.13 359.67
484.35 360.95
498.87 359.25
502.29 344.29
537.32 346.86
506.14 497.24
542.45 509.62
563.81 307.12
591.15 303.71
606.53 286.19
595.85 288.75
583.46 284.06
481.78 278.07
518.53 309.69
528.35 311.40
481.78 311.82
485.63 319.51
464.27 315.67
454.02 299.01
448.89 322.93
460.42 326.35
429.66 321.65
421.12 313.53
412.58 325.92
398.91 317.38
437.78 402.82
264.76 381.89
499.73 314.81
492.04 299.86
579.62 291.75
568.94 296.02
430.52 282.77
476.66 294.74
478.79 291.75
477.09 263.98
496.74 266.11
526.64 278.50
534.33 275.51
540.74 282.77
538.60 305.84
509.13 306.70
462.99 294.74
446.75 328.91
529.41 303.65
493.08 281.57
504.57 279.73
489.40 288.47
609.91 460.49
608.53 491.77
285.63 404.38
