257.50 572.50
327.00 447.50
350.00 353.00
277.50 458.50
268.50 383.50
249.50 305.00
258.50 354.50
192.50 312.50
198.50 381.50
174.50 423.00
159.50 503.00
93.50 482.00
118.50 436.50
129.50 384.50
138.50 331.50
89.50 341.50
69.00 424.00
134.50 274.00
262.50 225.50
232.50 206.00
234.50 176.50
210.50 174.50
220.00 126.00
176.50 173.00
170.00 158.50
160.00 145.50
137.50 135.50
112.00 173.00
112.50 137.50
100.00 186.50
99.50 214.00
83.00 249.50
70.00 154.50
84.00 142.00
77.50 201.50
193.50 86.50
174.50 82.00
77.50 56.00
173.00 591.00
149.50 552.00
100.00 518.00
235.00 493.50
233.50 435.00
87.50 393.50
197.00 279.00
234.50 252.50
200.00 209.00
149.00 213.50
60.50 194.00
71.50 172.50
80.50 186.00
134.00 186.50
144.50 153.00
170.50 128.00
128.50 155.00
92.00 154.50
99.50 26.00
182.50 234.50
196.50 171.00
407.00 473.00
424.50 399.00
334.50 354.00
469.50 205.50
341.00 209.00
318.00 124.50
318.00 108.00
299.00 82.50
322.50 63.00
307.50 54.00
342.50 48.00
354.00 49.50
137.23 874.53
162.60 778.76
142.96 717.37
208.44 710.82
180.61 668.26
151.14 660.07
230.54 679.72
234.63 625.69
191.25 601.96
183.06 639.61
140.50 616.69
108.58 566.76
6.26 682.99
24.27 664.16
74.20 731.29
35.73 756.66
11.99 797.59
106.12 631.42
75.84 521.74
151.14 531.56
81.57 577.40
12.81 583.13
19.36 520.92
40.64 490.63
76.65 478.35
102.85 501.27
139.68 461.98
126.59 501.27
173.24 472.63
205.98 472.63
190.43 504.55
224.81 543.02
250.19 507.00
228.08 463.62
238.73 433.33
1054.82 762.39
921.39 733.74
999.97 685.45
886.19 665.80
815.80 710.82
784.70 782.04
719.21 796.77
686.47 769.76
672.55 820.51
717.57 715.73
690.56 718.19
644.72 681.35
549.77 758.30
583.33 768.94
457.28 740.29
359.05 752.57
332.86 670.71
380.33 679.72
453.18 682.17
422.90 624.87
511.30 691.18
534.22 652.70
541.59 693.63
490.84 610.14
290.29 636.33
273.10 717.37
369.69 602.77
307.48 591.31
320.58 550.39
428.63 577.40
459.73 564.30
503.12 553.66
491.66 529.92
547.32 529.92
596.43 524.19
581.70 556.94
571.06 588.86
612.80 596.23
580.88 619.14
611.98 648.61
650.45 630.60
666.82 585.58
716.76 574.12
696.29 654.34
763.41 662.53
774.05 592.95
809.25 621.60
849.36 642.88
960.68 624.87
964.78 599.50
906.66 610.96
849.36 608.50
855.91 584.77
844.45 551.21
883.74 528.29
821.53 524.19
784.70 504.55
812.53 480.81
925.49 572.49
961.50 489.81
921.39 472.63
346.77 532.38
332.04 482.45
343.50 469.35
338.59 448.07
318.12 427.61
350.87 434.97
398.34 516.83
458.10 491.45
433.54 470.99
446.64 438.25
465.46 434.97
495.75 478.35
539.95 480.81
523.58 423.51
546.50 417.78
521.94 406.32
489.20 432.52
611.16 464.44
611.16 436.61
666.82 461.17
699.57 465.26
711.03 498.82
668.46 507.00
634.90 521.74
631.63 496.36
751.14 438.25
785.51 443.98
757.68 509.46
745.41 566.76
837.08 421.06
889.47 443.98
853.45 480.81
852.63 507.82
816.62 415.33
835.45 389.13
786.33 413.69
760.14 407.96
733.13 427.61
699.57 394.86
637.36 421.06
671.74 403.87
616.89 410.42
648.82 383.40
390.05 605.46
288.88 587.76
226.49 564.15
293.09 519.47
383.30 424.20
583.11 415.77
546.02 393.01
652.24 366.03
686.81 378.67
701.14 369.40
873.34 416.04
875.45 387.37
782.29 353.65
797.46 378.94
783.98 389.48
810.95 392.85
859.43 435.01
736.76 374.30
707.25 428.26
738.03 405.92
828.24 358.29
859.43 361.66
882.19 377.26
837.93 371.78
809.27 360.82
754.89 361.66
765.43 377.26
886.41 357.86
809.06 505.14
881.56 489.96
1008.02 511.04
1007.18 545.60
942.26 545.60
664.89 436.85
573.84 473.10
418.71 419.98
167.47 570.90
406.06 457.08
482.78 412.40
496.27 514.41
563.72 443.59
62.93 479.00
734.87 539.70
-82.96 675.62
1020.44 655.16
843.63 353.12
684.01 398.96
729.03 392.41
506.39 429.24
456.46 412.05
291.11 450.52
587.43 495.54
612.80 501.27
514.58 621.60
373.79 512.73
287.84 473.44
269.83 463.62
93.02 520.92
99.15 474.83
101.68 463.87
81.45 463.03
8.13 490.84
442.77 809.99
358.61 834.04
339.07 985.83
281.96 919.70
286.47 778.43
364.62 692.76
382.65 592.06
415.72 515.41
396.18 473.33
475.84 480.85
513.41 536.45
537.46 595.07
532.95 680.74
463.81 703.28
584.05 883.63
698.27 862.59
749.37 662.70
596.07 515.41
379.65 425.24
357.10 417.72
330.05 402.69
330.05 377.14
319.53 374.14
794.46 586.05
717.81 512.41
806.48 462.81
881.63 476.34
889.14 458.30
862.09 428.24
931.23 543.97
973.31 518.42
979.32 593.57
1045.45 598.07
1025.91 650.68
1197.24 578.54
1267.88 536.45
1224.30 522.93
1267.88 458.30
1219.79 447.78
1245.34 428.24
1252.85 357.61
1218.29 356.10
1188.23 389.17
1176.20 413.21
1179.21 377.14
1150.65 393.68
1125.10 374.14
1144.64 348.59
1158.17 342.58
1007.88 444.78
965.79 462.81
992.85 423.73
962.79 423.73
944.75 413.21
968.80 393.68
982.33 369.63
1027.41 383.15
1055.97 378.65
1069.50 369.63
1104.06 384.66
1051.46 356.10
1033.42 356.10
1064.99 326.04
1093.54 332.06
1060.48 335.06
1108.57 326.04
1138.63 320.03
1090.54 314.02
1117.59 303.50
1134.12 300.49
1152.16 309.51
1161.17 300.49
1176.20 311.01
1203.26 305.00
1188.23 305.00
1215.28 306.51
1231.81 309.51
1203.26 330.55
1231.81 342.58
1239.33 335.06
1245.34 347.08
1255.86 330.55
1261.87 351.59
1264.88 336.56
1273.89 309.51
1254.36 297.49
1266.38 292.98
1248.34 283.96
1254.36 277.95
1263.37 274.94
1275.40 271.94
1242.33 276.45
1234.82 283.96
1230.31 297.49
1243.84 294.48
1225.80 282.46
1228.81 271.94
1215.28 279.45
1200.25 288.47
1192.74 282.46
1185.22 282.46
1180.71 271.94
1173.20 268.93
1173.20 279.45
1161.17 279.45
1162.68 271.94
1197.24 271.94
1209.27 277.95
1095.05 294.48
1102.56 294.48
1120.60 297.49
1108.57 279.45
1110.07 271.94
1120.60 268.93
1120.60 282.46
1131.12 261.42
1119.09 261.42
1119.09 261.42
1099.55 273.44
1092.04 274.94
1043.95 295.98
1052.96 298.99
1031.92 327.55
1010.88 327.55
998.86 320.03
1003.37 261.42
1101.06 362.11
980.82 332.06
956.78 351.59
932.73 366.62
958.28 309.51
955.27 292.98
946.25 292.98
928.22 298.99
935.73 289.97
931.23 285.46
965.79 274.94
956.78 261.42
937.24 261.42
970.30 305.00
874.11 306.51
910.18 420.73
782.43 345.58
850.07 256.91
850.07 273.44
863.59 279.45
860.59 268.93
862.09 258.41
824.52 265.93
826.02 258.41
770.41 330.55
773.42 393.68
732.84 363.62
732.84 347.08
713.30 320.03
677.23 380.15
528.44 387.66
526.94 356.10
544.97 356.10
552.49 357.61
683.24 309.51
663.70 306.51
632.14 314.02
535.95 305.00
522.43 305.00
525.43 320.03
504.39 341.07
462.31 362.11
448.78 351.59
459.30 351.59
424.74 362.11
432.25 356.10
421.73 380.15
400.69 384.66
391.67 368.13
388.67 326.04
337.57 305.00
333.06 336.56
316.52 348.59
339.07 347.08
360.11 341.07
361.61 363.62
328.55 359.11
268.43 347.08
263.92 300.49
290.97 309.51
330.05 292.98
342.07 292.98
372.13 294.48
382.65 292.98
418.72 285.46
525.43 271.94
537.46 261.42
549.48 261.42
569.02 271.94
572.02 267.43
587.05 258.41
570.52 286.97
549.48 295.98
669.71 282.46
635.15 294.48
686.25 292.98
692.26 288.47
702.78 288.47
734.34 289.97
687.75 273.44
749.37 292.98
755.38 282.46
743.36 273.44
776.42 258.41
345.92 365.04
289.66 354.81
508.58 289.85
519.32 293.94
512.67 289.85
517.27 269.39
577.63 270.41
570.98 293.94
623.66 300.59
665.09 259.67
652.82 270.41
684.02 262.23
716.75 276.55
708.57 287.29
543.87 447.90
555.63 439.21
426.74 616.69
394.00 294.45
377.64 304.68
364.85 323.10
531.08 281.16
536.20 274.51
558.19 276.04
548.47 270.41
439.01 264.79
723.91 268.88
637.98 311.33
656.91 300.59
435.69 286.27
439.78 282.69
424.95 299.57
441.32 275.53
607.04 274.51
623.41 277.58
634.66 279.11
640.80 279.62
643.35 293.94
651.03 293.94
654.09 282.69
666.88 274.51
594.00 266.87
594.25 260.73
618.55 260.47
624.68 268.91
635.68 263.54
632.61 271.21
647.45 259.71
652.30 259.71
1234.63 374.69
1107.79 400.27
1063.80 302.16
1069.94 294.49
1075.82 279.40
1058.17 286.56
1067.89 275.05
1060.98 273.52
1056.64 270.70
1048.20 277.86
1041.55 274.79
1029.27 276.58
1024.41 290.91
1006.51 274.28
1016.74 275.82
1024.92 266.87
1012.14 265.08
1001.14 266.35
991.17 268.91
974.54 260.98
992.96 263.29
975.82 284.00
982.21 281.44
989.38 289.63
1006.25 290.91
1099.60 265.84
1084.26 264.31
1063.80 259.96
1063.29 266.87
1058.94 264.05
1045.13 264.05
1166.09 259.71
1183.23 264.05
1194.74 257.40
1137.20 280.16
1144.36 277.10
1137.45 264.05
1145.38 267.12
1147.43 258.17
1174.53 261.75
1101.39 258.17
1088.35 258.68
598.20 450.73
639.73 475.55
462.93 421.62
510.44 404.06
488.18 381.37
435.10 394.22
366.18 383.51
630.31 373.67
671.84 395.07
633.74 447.73
316.30 294.26
458.00 288.91
463.14 300.68
478.98 297.04
483.05 311.38
495.89 303.68
489.25 311.17
401.07 319.73
416.91 343.92
493.11 349.91
356.97 348.84
346.06 338.99
304.53 360.61
278.63 328.08
259.15 309.24
404.71 293.29
380.73 281.31
394.43 281.95
573.37 567.59
617.68 350.23
630.95 355.80
614.90 304.00
445.59 261.56
453.83 257.17
468.81 260.06
492.46 270.98
511.51 270.02
542.02 277.08
557.53 303.35
570.81 303.78
595.85 293.72
601.63 289.01
607.19 293.94
613.83 286.98
557.11 338.24
782.07 271.09
786.89 276.22
794.27 307.80
798.23 264.02
803.69 263.81
812.25 269.48
836.01 342.95
843.93 332.46
858.48 320.26
813.96 345.09
864.26 314.70
880.53 400.75
783.57 410.81
752.53 407.81
710.15 350.98
627.10 600.13
794.48 489.68
866.40 330.97
876.68 365.43
910.28 361.57
919.92 336.10
639.09 383.19
822.74 322.62
829.59 269.96
837.94 263.97
636.09 413.59
697.74 263.49
717.75 284.25
733.70 262.04
793.63 351.94
798.55 357.51
757.56 268.30
770.40 260.49
764.95 268.30
754.24 260.17
746.75 258.24
743.33 263.81
782.50 260.81
789.13 263.49
775.01 275.26
763.45 298.91
717.53 262.52
683.82 296.45
667.23 290.46
678.90 266.59
676.76 258.24
656.64 264.24
615.22 267.98
592.85 276.33
583.54 285.53
737.33 287.03
752.21 264.99
880.10 270.23
893.16 270.98
898.94 261.24
904.83 261.99
905.68 289.49
888.45 306.08
956.20 277.40
949.03 265.31
911.25 258.24
923.45 261.99
929.44 262.52
1042.56 257.76
1035.50 346.81
1017.52 320.91
1028.22 314.27
