28.42 342.39
5.56 313.40
120.68 357.35
163.07 275.07
224.16 323.69
347.59 300.00
398.70 256.36
384.99 210.23
422.39 231.43
503.43 186.55
588.21 177.82
832.57 292.52
553.30 171.59
532.10 156.62
578.23 125.46
623.12 171.59
591.95 110.49
636.83 131.69
620.62 109.25
655.53 95.53
654.29 73.09
695.43 94.29
701.66 53.14
742.81 50.65
812.62 81.82
840.05 74.34
776.47 41.92
775.22 21.98
749.04 29.46
538.34 20.73
503.43 9.51
407.43 78.08
323.90 108.00
281.51 111.74
262.81 94.29
272.78 70.60
184.26 108.00
160.57 109.25
103.22 108.00
151.85 24.47
170.55 20.73
202.96 3.27
63.33 3.27
4.73 7.01
353.82 4.52
386.23 3.27
287.95 2.34
807.43 1.72
838.60 4.21
757.56 9.20
986.34 40.99
1018.75 25.40
968.26 2.34
729.03 16.91
818.03 36.34
503.00 496.00
429.50 426.50
482.00 372.50
378.50 333.50
428.00 251.50
491.00 235.50
432.00 176.50
429.50 129.00
393.00 130.50
285.00 174.00
312.50 125.50
363.00 44.50
338.00 40.50
278.00 208.50
77.91 754.41
221.08 945.93
478.02 812.25
818.41 763.89
918.91 750.62
909.43 522.11
947.36 548.66
743.51 547.71
770.05 456.69
718.85 449.11
671.45 441.52
572.84 561.93
513.11 554.35
454.32 622.62
278.91 642.53
199.27 689.93
259.95 560.04
366.14 570.47
416.39 504.10
378.47 481.34
259.00 472.81
213.49 482.29
147.12 502.20
127.21 467.12
104.45 457.64
28.60 468.07
22.91 439.62
320.63 395.06
364.25 428.25
415.45 407.39
356.66 386.53
398.38 399.80
789.96 397.91
747.30 389.37
3.95 304.63
46.62 307.24
53.96 318.38
73.40 314.35
68.90 325.96
84.78 320.75
104.45 329.52
105.40 364.60
77.91 368.16
55.15 377.64
49.46 371.48
37.61 348.25
23.86 358.68
3.71 363.65
173.91 352.99
135.03 332.60
152.10 320.04
167.51 314.35
196.66 352.04
234.35 349.91
239.56 358.44
200.45 301.55
128.39 299.65
96.87 288.28
155.42 289.22
177.70 296.33
170.82 291.12
202.35 291.36
222.50 298.23
242.17 306.05
110.20 264.42
204.13 277.31
216.10 285.13
226.29 286.68
235.65 287.27
235.89 278.73
255.21 281.58
261.02 313.70
244.90 331.95
275.71 308.48
282.71 308.25
274.76 286.68
289.22 336.57
298.47 314.88
289.58 308.01
293.37 285.37
209.82 270.45
214.68 270.01
220.36 262.10
194.17 264.90
237.49 267.39
175.09 285.49
167.62 287.03
176.87 273.99
188.13 261.63
201.09 257.18
374.20 333.13
368.99 331.95
350.97 325.43
353.82 300.78
366.38 293.91
374.91 309.79
375.98 294.50
379.42 285.49
367.80 281.34
352.51 282.65
362.35 281.93
370.76 278.73
391.27 276.96
401.93 281.34
403.71 273.40
411.53 277.67
421.25 292.84
400.16 312.75
435.00 289.99
444.36 281.93
427.77 282.65
422.68 272.57
447.92 280.99
450.65 294.14
451.59 304.45
468.42 303.86
470.56 288.22
463.56 284.31
470.20 276.96
458.47 273.88
326.97 282.32
330.59 279.12
342.14 273.91
336.57 269.46
321.40 272.78
326.02 268.93
347.00 264.25
354.29 275.45
359.21 271.24
366.02 269.22
357.37 266.56
331.24 290.68
326.38 294.76
344.04 292.33
321.82 300.99
313.88 337.28
314.35 319.98
320.63 309.43
338.65 313.11
342.44 324.36
309.25 295.21
301.79 284.42
308.90 277.31
277.55 274.50
281.22 265.31
294.08 274.02
300.78 270.47
300.78 267.21
307.00 268.75
315.65 267.74
291.06 264.48
271.45 264.90
253.31 269.16
254.38 274.68
262.85 266.85
261.61 271.24
445.55 351.33
482.29 324.78
501.96 316.25
484.66 362.47
501.73 360.81
559.56 356.31
557.43 329.76
576.39 318.14
559.80 307.00
569.28 308.90
547.71 292.31
499.59 290.17
562.65 284.78
574.50 289.05
596.66 303.51
602.47 308.13
606.85 314.53
613.25 319.51
618.11 320.93
626.29 323.30
551.03 281.93
537.88 275.30
569.52 278.73
539.30 323.06
564.31 275.18
521.82 286.76
515.59 271.24
530.47 273.13
497.82 275.39
497.93 269.52
512.93 266.14
542.14 274.62
526.14 283.86
983.86 360.69
831.21 356.42
841.16 351.68
809.88 360.22
785.22 364.96
756.31 363.53
755.36 349.79
675.71 332.25
701.79 379.65
647.27 359.27
618.82 357.37
861.55 413.31
773.37 279.92
782.50 278.62
759.51 275.42
725.37 314.88
737.46 308.72
754.88 317.85
759.86 322.71
771.95 325.91
673.58 318.14
679.74 314.35
710.56 313.88
857.28 301.31
862.73 302.50
722.35 271.48
732.01 266.91
743.74 266.32
841.88 286.56
895.45 300.90
792.81 270.11
808.57 273.19
876.13 269.99
884.25 264.36
912.51 297.05
934.08 299.65
448.22 264.56
457.62 263.15
471.43 268.52
478.91 269.48
481.47 281.95
486.45 265.13
496.04 265.58
417.26 261.67
431.90 258.85
392.13 267.26
387.50 267.33
408.31 262.91
388.20 258.25
362.66 262.27
366.40 261.57
374.45 260.87
381.01 258.89
306.59 262.50
313.30 263.71
315.31 259.24
322.25 259.88
324.78 259.43
305.18 259.08
229.61 261.09
96.92 259.62
77.58 264.77
911.69 271.46
960.86 281.91
839.93 261.83
846.00 264.42
755.79 259.72
285.31 262.77
258.46 259.96
265.88 258.68
272.52 258.68
291.19 260.47
398.93 258.19
332.68 257.60
337.39 256.64
346.59 259.31
411.98 257.60
477.05 263.06
424.83 277.29
380.95 277.29
333.53 327.92
352.91 359.11
493.96 284.79
530.78 259.85
858.27 285.80
496.50 635.50
439.00 525.50
537.00 429.50
315.50 502.00
355.50 439.00
308.50 419.50
313.00 337.50
