153.50 531.00
126.00 428.50
100.00 211.50
100.00 184.50
88.50 155.00
142.50 172.00
174.50 205.50
219.00 204.50
214.00 114.00
199.00 128.50
164.00 100.50
146.00 128.00
91.00 69.00
516.13 153.47
388.61 188.30
472.73 211.87
495.77 222.59
554.71 173.83
566.50 197.94
576.68 184.01
585.79 170.08
599.72 168.47
617.93 179.19
629.72 151.86
645.26 158.83
658.66 151.86
664.01 144.36
672.59 160.97
722.42 152.40
656.51 205.98
660.26 216.70
795.29 309.39
817.25 315.28
801.71 290.64
815.65 286.89
827.97 279.92
791.00 257.95
816.72 264.92
772.78 297.60
782.96 307.78
744.38 304.57
749.74 284.74
752.96 266.53
742.78 268.67
732.60 312.60
719.20 312.60
734.74 292.24
722.42 267.60
710.63 274.56
699.91 275.63
694.55 290.64
691.34 315.28
662.94 294.92
687.05 269.74
670.44 268.67
666.16 276.17
644.19 315.28
611.50 309.39
582.57 315.82
567.57 337.79
598.65 287.96
635.08 277.78
639.37 267.06
660.26 262.24
616.33 271.35
607.75 282.60
621.69 279.92
627.58 276.17
627.58 249.38
608.83 248.31
594.36 245.63
596.50 269.20
585.25 263.85
589.00 280.46
572.39 290.64
579.89 299.75
518.81 292.24
533.81 289.57
556.32 272.42
561.68 288.49
567.57 274.56
579.36 260.63
585.25 245.63
572.39 245.63
561.14 262.24
552.57 244.56
545.60 269.20
518.81 274.03
525.24 256.88
506.49 289.03
478.63 293.32
490.41 287.96
535.96 254.20
525.78 247.24
492.02 259.56
478.63 269.20
464.16 280.46
441.66 287.42
441.12 308.85
419.15 302.96
434.15 279.39
451.84 271.35
448.09 258.49
458.27 254.20
472.73 253.67
478.63 240.27
426.12 271.35
420.22 266.53
430.94 258.49
408.97 283.14
400.40 259.02
378.43 265.99
383.25 290.10
397.18 281.53
354.86 258.49
361.29 234.38
356.46 280.99
389.68 276.71
324.85 297.60
327.53 283.14
320.56 274.03
331.28 272.42
337.71 252.60
344.68 255.81
346.28 264.38
324.85 259.56
309.31 268.13
305.03 288.49
285.20 284.21
281.99 304.57
296.99 306.18
266.98 264.92
257.34 280.99
296.99 255.81
296.45 275.63
285.74 272.42
273.41 262.78
275.56 255.27
268.59 254.20
258.95 258.49
346.28 282.06
837.99 255.16
850.33 260.36
847.08 276.59
881.50 270.75
896.44 274.64
897.73 287.63
881.50 295.42
861.37 313.60
886.69 330.49
889.94 372.05
841.89 330.49
865.27 236.33
886.05 245.42
900.33 249.97
881.50 259.71
860.72 257.76
869.16 258.41
862.67 266.85
865.27 279.84
854.23 294.12
863.32 298.02
837.34 293.47
824.36 260.36
821.11 251.27
809.42 272.05
779.55 261.66
621.76 231.14
885.88 278.21
893.68 263.60
884.91 318.80
875.82 304.19
879.39 288.60
870.62 269.77
765.75 315.23
642.70 243.80
730.04 208.41
737.83 214.90
689.45 212.63
678.42 229.19
620.46 298.99
649.03 219.45
576.63 272.05
619.81 251.27
584.75 336.66
563.32 342.82
557.15 348.99
492.21 272.37
506.18 272.37
511.37 263.60
531.50 273.67
545.79 282.44
428.90 320.42
399.36 318.47
366.89 299.97
366.56 286.98
316.89 303.86
441.24 266.85
444.16 255.81
464.62 245.10
367.54 298.34
365.59 296.72
301.31 268.15
293.51 262.63
309.10 262.31
351.31 250.29
360.72 253.86
341.56 289.25
404.23 296.07
267.05 272.69
275.82 271.40
290.75 286.66
297.57 261.33
269.97 290.23
285.23 261.66
329.71 257.76
258.94 240.55
467.86 272.05
479.55 279.19
588.64 354.51
594.49 345.42
26.72 749.85
8.24 732.87
60.69 728.87
62.69 710.89
68.18 690.41
82.17 728.87
88.16 752.85
96.65 689.41
145.11 679.42
58.19 638.96
53.20 622.98
44.71 594.50
23.73 567.03
3.25 566.53
10.74 545.05
69.68 583.01
58.69 605.49
87.66 652.95
80.67 634.96
99.15 591.01
84.67 580.52
132.62 617.98
115.14 630.97
151.10 631.47
150.60 662.94
178.57 661.44
196.05 713.88
188.56 746.35
198.55 731.87
250.50 742.36
232.52 721.88
225.52 686.91
250.50 646.45
267.98 645.95
237.01 612.99
217.03 598.50
186.06 598.50
177.07 631.47
154.60 600.50
164.59 577.02
183.07 564.53
168.08 553.04
100.65 559.04
84.67 537.06
76.17 529.07
62.69 539.56
42.21 537.06
35.22 526.07
20.23 505.59
44.21 499.10
34.72 503.59
73.18 508.09
83.67 510.09
68.18 496.60
56.69 482.62
33.22 473.62
20.73 478.62
15.24 470.63
6.24 498.60
4.25 511.09
21.73 522.08
76.17 477.12
93.16 475.12
78.17 450.15
46.20 464.13
42.71 451.65
47.70 440.16
54.70 443.65
36.21 442.16
120.63 476.62
110.14 506.09
103.65 489.11
128.62 508.59
122.63 493.10
126.12 523.07
148.60 497.60
168.58 495.10
181.07 499.60
190.56 541.56
204.05 545.05
222.53 544.05
216.53 567.53
246.00 581.02
257.49 587.01
249.50 557.04
255.99 552.55
219.03 523.07
227.52 503.09
203.55 490.11
180.07 484.11
152.60 453.14
126.12 457.14
90.16 449.15
40.71 430.00
60.69 428.00
55.69 421.51
36.71 416.51
48.20 415.52
39.71 405.53
39.71 390.54
45.21 382.55
28.72 386.54
16.73 380.55
7.24 381.05
16.23 390.04
21.23 409.52
11.74 434.50
42.71 370.56
30.72 365.07
40.21 355.58
32.72 348.08
21.23 352.08
32.22 306.62
16.73 325.61
34.22 327.10
52.70 307.12
65.68 312.62
65.68 321.61
50.20 336.10
53.20 353.58
65.68 369.56
51.20 376.06
57.69 369.56
66.68 386.54
77.17 362.57
80.67 335.60
79.67 320.11
93.16 320.11
94.16 315.62
100.65 312.12
115.14 325.61
101.15 335.10
100.15 362.07
97.15 377.05
119.13 368.56
106.64 372.06
115.63 376.55
117.13 353.08
95.16 387.54
83.67 389.04
85.66 408.02
69.18 403.53
102.65 425.51
107.14 412.52
111.64 402.03
101.15 395.54
108.64 392.54
138.11 384.55
144.11 378.05
149.60 399.53
148.10 410.02
132.62 414.52
133.12 404.53
130.12 424.01
120.13 435.50
98.15 436.50
116.63 444.49
143.61 438.49
168.58 439.49
166.58 479.45
148.60 470.96
170.08 462.97
205.05 451.48
189.56 439.49
195.55 437.99
182.57 419.51
171.58 420.51
172.58 414.52
179.07 397.03
164.59 396.04
166.08 384.05
180.57 388.54
153.60 380.05
153.10 368.06
160.59 357.57
136.61 341.09
149.60 336.10
168.58 344.59
181.57 318.11
187.06 334.60
199.55 332.10
162.09 307.62
148.60 296.63
174.08 297.63
182.57 304.63
194.56 302.13
199.05 299.63
126.12 317.61
116.63 312.62
136.61 320.11
172.08 354.58
170.08 370.06
182.57 374.56
185.56 356.57
192.56 368.56
198.55 380.55
194.56 349.08
208.54 351.08
206.04 338.09
216.03 340.59
216.03 327.10
214.54 317.61
221.53 326.60
233.52 336.10
233.52 305.13
235.02 286.64
246.50 304.63
250.50 300.63
257.99 299.63
253.50 313.12
257.49 334.60
250.50 322.61
244.51 343.09
242.51 334.60
267.98 354.58
276.47 353.08
273.48 342.59
273.98 332.10
267.98 308.62
273.48 301.13
282.47 293.14
264.99 280.15
288.46 308.62
280.47 308.62
281.97 320.11
289.96 330.10
298.45 329.60
239.51 357.57
224.03 373.06
208.54 374.06
216.53 362.57
220.53 383.55
212.54 394.54
199.55 407.02
190.56 390.54
210.54 410.02
220.03 414.52
234.52 408.02
241.51 390.04
242.01 375.56
244.51 369.06
253.50 374.06
255.99 390.54
265.98 396.04
268.48 416.51
260.49 417.51
255.00 437.49
246.00 426.50
241.51 420.01
236.01 428.50
214.04 426.01
244.51 453.98
232.52 460.97
238.51 486.45
226.52 488.94
231.02 468.46
260.49 483.45
260.49 442.49
292.46 496.44
288.46 478.95
294.96 449.48
288.46 433.00
294.46 405.03
293.96 393.54
303.45 381.55
294.46 375.06
307.44 339.59
289.96 356.57
293.46 345.09
306.44 362.57
310.44 312.62
303.95 307.12
304.45 302.13
302.45 291.14
297.45 288.14
320.43 299.13
311.94 295.64
310.94 304.13
328.42 316.61
332.92 308.12
323.43 292.64
332.92 287.14
321.43 308.62
314.44 324.61
326.42 335.10
350.40 320.11
329.92 357.07
315.93 346.09
340.41 366.07
357.89 353.58
350.90 334.60
369.88 335.10
285.71 751.85
339.16 741.36
327.67 716.88
342.66 694.90
315.68 687.41
311.69 674.42
307.69 654.94
298.70 665.93
286.71 649.45
301.20 618.48
289.21 610.49
268.23 603.00
281.72 586.01
270.73 574.02
295.70 566.53
312.69 576.02
312.19 557.04
285.71 530.57
264.74 551.05
337.66 560.04
319.68 537.56
317.68 508.59
319.18 497.10
339.66 510.09
343.16 491.11
338.66 475.12
343.66 465.13
356.14 469.13
310.69 471.13
315.19 461.64
363.64 581.02
325.67 593.50
351.65 609.49
332.67 638.96
375.13 619.98
381.62 693.90
373.63 724.87
450.55 690.91
439.06 677.92
442.56 640.96
413.59 642.96
431.57 622.98
402.10 611.49
407.59 579.02
392.11 578.02
397.10 560.04
369.63 552.05
355.64 523.07
361.14 511.59
380.12 515.08
349.65 509.09
370.13 483.61
371.63 495.10
383.62 493.60
411.09 507.09
401.60 516.08
405.10 540.06
437.56 550.05
427.57 546.55
453.55 529.57
436.56 539.56
442.06 511.09
440.06 563.53
422.58 597.00
481.02 658.94
493.51 691.91
515.98 672.43
496.50 664.43
518.48 720.38
458.04 756.84
397.60 731.87
417.08 757.84
554.95 748.85
579.42 730.87
608.89 753.84
589.41 712.89
597.40 696.90
558.94 696.40
560.94 670.43
533.47 661.94
557.44 629.97
549.95 611.49
526.97 606.99
492.51 590.51
497.50 561.54
465.04 614.48
645.36 720.38
675.33 722.88
667.33 752.85
575.43 659.44
482.52 551.05
471.53 535.06
482.52 521.08
490.51 510.59
479.02 500.10
465.53 497.60
455.05 494.60
446.55 492.11
435.56 491.61
423.08 491.11
409.59 481.12
401.10 481.12
393.61 487.11
429.57 452.65
383.12 470.13
375.62 465.63
380.12 454.14
383.62 441.16
406.59 448.65
356.64 437.66
340.66 441.16
341.66 451.65
316.68 440.66
525.48 572.53
539.46 582.02
475.52 591.51
472.03 575.52
468.53 568.03
505.50 544.05
516.48 544.55
518.98 532.57
511.99 529.07
520.48 521.08
504.50 504.09
511.99 488.11
487.01 488.11
476.02 477.62
463.54 481.62
444.56 480.12
457.04 474.12
454.05 461.64
432.07 474.12
424.08 467.63
485.02 458.14
472.03 466.13
466.53 470.63
452.55 456.14
650.35 666.93
613.39 642.46
587.41 625.47
582.42 591.51
558.44 588.01
577.92 563.53
571.43 551.05
553.45 556.54
541.96 542.56
554.45 522.08
565.44 511.59
559.44 497.60
532.97 504.09
533.47 476.62
574.43 536.06
594.91 551.05
605.40 560.54
615.39 574.52
626.87 604.49
643.86 609.99
650.35 629.97
667.83 647.45
663.84 654.94
693.31 631.97
713.29 655.44
708.29 600.50
700.80 586.51
708.79 571.53
682.82 570.03
685.81 544.05
663.34 548.05
674.83 543.55
640.86 527.57
635.86 548.05
629.37 535.56
613.39 538.06
597.40 515.58
585.91 484.11
610.89 487.11
637.86 488.61
635.86 508.09
703.30 538.06
516.48 475.62
513.49 447.15
535.96 453.14
528.47 470.63
554.45 460.14
568.93 474.62
725.03 739.86
722.53 756.34
786.46 750.35
792.46 727.87
775.48 710.39
752.50 705.39
776.47 642.96
758.99 614.48
758.99 589.01
721.53 639.96
671.08 596.50
664.09 585.51
784.97 674.92
795.46 657.44
835.42 702.40
852.40 691.91
862.39 673.42
842.41 638.96
811.94 634.46
802.95 617.48
808.44 583.51
792.46 576.52
773.98 570.53
755.00 559.54
732.52 574.02
742.01 546.55
736.51 535.56
763.99 523.57
761.49 501.10
678.07 525.57
694.56 500.60
717.53 513.08
718.03 501.60
709.54 489.11
712.54 468.63
729.02 485.11
740.51 469.13
756.49 480.62
752.00 497.10
649.10 464.13
648.60 453.14
632.62 442.16
627.62 462.14
608.64 453.64
590.66 454.14
577.17 447.15
601.15 441.66
591.66 439.16
614.14 436.66
652.60 437.66
830.42 588.01
815.44 574.02
826.92 554.54
878.37 651.95
895.85 693.40
906.34 711.89
900.35 750.85
960.29 749.85
956.29 711.89
832.42 613.98
842.41 625.47
790.96 546.05
785.96 562.54
776.97 560.54
788.96 527.07
811.94 518.58
832.42 542.56
838.91 537.06
838.41 549.05
870.38 562.54
902.85 635.96
908.34 680.92
940.31 659.44
955.79 678.92
987.76 701.90
984.27 680.92
976.77 636.96
952.30 626.97
920.33 627.47
928.32 576.02
960.29 590.51
964.29 613.98
980.27 577.52
954.80 573.02
988.76 564.03
979.77 554.04
940.31 554.04
914.34 533.06
894.36 554.04
885.37 539.56
874.38 510.09
857.89 508.09
845.41 502.10
838.41 488.61
828.42 487.61
817.93 495.10
804.45 500.60
786.96 472.13
776.97 464.13
768.98 472.13
749.00 460.14
736.01 455.64
666.58 493.60
658.59 487.11
666.58 462.14
659.59 455.14
679.07 462.14
679.57 448.65
676.57 436.16
668.08 440.16
688.56 440.16
704.55 442.16
699.05 459.64
714.04 453.14
726.52 438.66
754.50 440.66
770.98 446.15
780.47 442.66
797.95 476.62
798.45 468.13
816.93 468.13
825.92 464.13
830.42 456.14
813.44 457.64
806.44 449.15
820.43 437.16
845.41 447.65
799.45 460.14
629.62 586.51
250.75 503.43
912.84 509.42
927.82 506.43
922.33 519.41
936.31 514.92
936.31 502.43
943.31 495.44
930.32 471.96
915.83 470.46
895.85 501.43
900.85 480.45
888.36 481.95
869.38 497.93
871.38 488.44
886.86 471.96
854.40 483.95
864.89 480.45
846.40 460.97
857.89 433.00
878.37 430.50
869.38 438.49
869.88 448.98
887.36 454.48
885.86 441.49
878.37 447.48
915.34 438.49
933.32 453.48
917.83 444.99
932.32 439.99
942.81 438.49
966.28 450.48
963.79 477.95
982.77 477.45
974.28 460.47
984.27 452.48
979.77 438.49
971.78 427.00
987.76 420.01
996.75 421.01
979.77 410.52
950.30 413.02
948.80 420.51
966.28 421.51
960.29 427.50
963.79 408.52
920.83 424.01
933.82 424.01
923.33 415.02
928.82 403.03
838.41 425.01
850.40 413.02
844.41 406.52
834.92 399.53
826.42 413.02
800.95 419.51
772.98 436.00
767.48 429.00
763.99 418.51
767.98 412.52
758.49 408.52
749.00 412.52
736.51 422.51
723.03 413.52
709.04 407.52
707.04 416.51
698.55 423.01
696.55 410.52
687.56 401.03
685.56 391.54
696.05 392.04
703.05 398.03
708.54 389.04
720.53 384.55
704.55 374.06
726.02 372.06
749.50 378.55
738.51 372.06
755.99 393.54
746.50 387.54
767.48 388.54
778.47 392.04
784.97 396.04
780.47 408.02
795.46 400.53
795.46 395.04
793.46 385.55
781.47 382.55
786.96 372.56
774.48 371.06
755.99 368.56
759.99 358.07
660.59 428.50
656.59 420.51
640.11 428.00
633.62 411.02
639.61 414.02
614.64 411.52
593.16 422.51
582.17 424.51
564.19 436.50
552.20 439.49
542.21 433.50
536.71 440.49
515.24 430.50
532.72 426.01
558.69 415.52
554.70 389.04
572.18 394.54
583.67 389.54
571.18 379.05
539.21 388.54
512.74 399.53
510.24 389.54
898.35 418.51
884.87 416.51
874.88 416.51
885.37 393.54
893.86 397.53
894.36 384.55
882.37 380.05
871.38 388.04
860.39 400.53
823.43 398.53
814.94 400.53
806.94 411.52
807.94 392.54
822.43 384.05
819.93 375.06
798.45 370.06
789.96 355.58
799.95 350.08
809.94 354.58
748.50 358.57
995.75 403.53
981.27 401.53
971.28 392.54
966.78 383.55
956.29 381.05
955.30 391.54
946.80 398.53
939.81 404.53
940.31 388.04
935.32 391.54
926.32 378.05
944.31 370.56
973.78 333.10
962.79 320.61
944.31 307.62
984.27 307.62
986.76 303.13
991.76 317.11
989.26 337.09
903.35 427.50
897.85 442.49
834.92 381.55
833.42 370.56
838.41 364.07
821.93 358.57
830.42 344.59
851.90 358.07
868.88 364.57
860.39 367.06
878.37 348.58
867.38 341.59
866.88 333.10
868.38 319.11
844.91 313.12
603.15 384.55
590.66 372.56
606.14 370.56
624.63 381.55
622.63 389.04
620.63 402.53
640.61 390.54
636.61 373.06
651.60 373.56
662.59 380.55
669.58 382.05
661.59 398.53
667.08 354.58
618.63 355.08
586.66 360.57
578.17 354.58
538.71 410.52
533.22 382.05
525.72 371.56
546.70 372.56
519.73 358.07
530.72 361.07
532.22 353.58
526.72 346.58
520.73 336.10
508.74 346.09
509.24 333.10
531.72 332.60
530.22 327.60
548.70 324.61
546.70 331.10
560.69 352.58
570.68 336.59
578.17 335.60
582.17 344.59
596.65 350.08
606.64 351.08
600.65 360.57
591.16 339.09
602.65 334.60
636.61 357.07
636.61 341.59
644.61 352.08
674.58 343.59
682.57 345.59
681.07 372.06
662.59 366.56
696.55 362.57
706.54 358.57
702.55 350.58
699.05 337.59
705.54 343.59
690.06 330.60
704.55 329.60
710.04 318.61
721.03 340.59
738.51 340.09
735.51 346.58
730.52 356.57
720.53 358.57
734.52 323.11
748.50 334.60
746.00 343.09
754.50 328.60
313.69 419.51
327.17 427.50
326.67 415.52
316.18 400.03
328.67 401.03
339.66 397.53
360.64 400.53
354.65 408.52
371.13 397.03
362.64 387.54
389.61 415.52
386.61 406.52
400.60 407.52
402.60 413.52
404.10 398.53
414.59 420.51
382.62 431.50
390.61 429.00
402.60 434.00
432.57 436.99
441.06 425.01
448.05 399.03
458.54 388.54
468.53 385.05
421.58 383.55
406.59 378.05
392.61 381.05
394.61 373.56
377.12 349.58
383.62 358.07
376.62 384.55
356.64 378.05
348.65 369.56
362.64 373.56
370.63 373.06
395.60 354.58
388.11 331.10
394.61 338.59
406.09 337.59
410.59 343.59
413.59 360.07
404.60 359.57
432.07 373.06
431.57 381.05
432.57 395.54
426.07 393.54
420.58 403.53
418.58 415.52
488.51 441.49
474.53 429.50
482.52 416.51
472.53 405.53
456.54 403.03
478.02 397.03
498.00 424.01
496.50 439.49
493.01 395.04
502.00 399.03
484.02 393.54
484.52 386.54
490.01 378.55
482.52 375.56
469.03 376.55
470.53 370.06
465.53 369.06
457.04 373.56
446.05 364.07
459.54 357.57
464.54 346.58
474.53 355.08
480.52 350.08
488.51 351.58
494.01 357.57
494.01 369.56
509.99 378.55
492.01 339.59
487.01 335.60
488.51 319.11
469.03 332.60
446.55 331.10
443.56 318.11
434.57 310.62
419.58 323.61
412.59 317.11
403.10 312.12
384.12 311.62
399.10 325.11
381.12 319.61
357.64 307.62
363.64 314.62
365.14 306.62
344.66 298.13
348.15 307.62
350.15 291.64
354.15 291.14
355.15 281.65
358.64 276.65
379.62 289.64
374.63 287.64
376.62 303.63
380.62 298.63
371.13 292.64
392.61 300.13
388.11 289.64
408.59 299.13
403.10 287.64
430.57 291.64
440.06 302.63
432.07 303.63
420.58 279.65
436.06 275.66
453.05 291.64
451.05 277.65
461.04 315.62
458.54 306.13
470.03 305.63
466.03 295.64
476.02 291.64
473.53 285.15
466.53 282.65
476.52 312.12
488.51 310.12
494.51 306.62
486.01 295.64
490.01 292.14
486.51 287.14
618.38 327.10
614.39 334.60
622.88 344.59
629.37 351.08
503.00 327.60
507.49 315.12
514.49 310.62
518.48 319.61
544.46 305.63
527.97 306.13
518.48 303.63
504.00 279.65
512.49 277.15
506.49 286.15
544.96 285.15
550.45 281.15
560.44 288.64
556.94 298.13
558.44 293.14
568.93 285.65
571.43 295.64
580.92 297.13
576.42 302.13
586.91 299.63
586.91 284.65
579.42 285.65
608.89 313.12
599.40 316.12
598.90 309.62
578.92 317.11
572.43 323.61
572.43 310.62
555.45 312.62
559.94 323.11
532.97 317.11
599.90 326.60
619.88 316.12
626.87 321.11
638.86 329.60
654.35 317.11
666.33 312.12
650.85 308.12
664.34 301.63
668.33 296.14
656.34 290.64
644.86 287.14
641.86 291.14
634.37 282.65
630.37 287.64
627.87 303.63
630.37 295.14
623.88 294.64
618.38 298.63
618.38 288.64
600.40 284.15
594.41 285.65
596.40 300.13
602.90 296.63
608.39 283.15
606.39 291.14
536.46 295.14
532.47 283.65
544.46 273.16
563.94 276.16
573.43 274.16
582.42 277.15
598.40 271.66
604.40 271.66
621.38 271.66
618.88 279.15
625.87 278.15
613.39 275.16
628.87 272.66
638.86 270.66
642.86 279.65
652.85 283.15
651.85 272.16
655.84 267.66
669.33 279.65
672.33 271.66
679.32 271.16
683.32 295.64
674.83 287.64
667.33 339.09
679.82 325.61
669.83 321.11
694.31 316.61
698.30 305.13
720.28 312.62
707.79 310.62
714.29 305.13
729.27 305.63
726.77 321.61
734.77 303.63
738.76 315.62
744.26 305.63
753.75 313.12
757.24 309.62
775.23 310.12
780.72 307.62
770.23 298.63
771.23 335.10
764.24 335.60
776.22 347.08
783.72 343.59
772.73 343.09
769.73 357.57
777.22 359.07
791.71 336.10
802.70 333.60
795.21 323.11
785.22 323.61
818.18 336.59
808.19 345.59
827.17 336.10
823.18 321.61
816.68 331.10
810.69 326.60
806.19 311.62
820.18 308.62
845.16 328.10
838.16 330.10
844.66 344.09
892.11 318.11
888.11 330.10
894.11 333.60
877.12 374.56
884.12 367.56
894.11 371.06
730.27 292.14
714.29 295.64
696.30 293.64
704.30 288.64
684.32 279.65
690.31 287.14
691.81 272.66
707.79 271.16
706.29 281.65
726.77 275.66
734.27 275.66
753.25 279.65
760.74 272.16
764.24 266.66
738.26 266.66
805.45 282.98
814.44 288.98
818.93 276.99
818.43 267.00
799.95 276.99
779.97 269.00
774.48 263.50
791.46 276.99
973.28 287.98
976.77 293.47
982.27 286.98
995.26 290.47
989.26 288.98
932.32 270.99
913.34 269.50
898.35 270.99
891.36 272.99
876.87 267.00
866.88 274.99
868.38 265.00
836.41 268.50
827.42 266.50
830.42 273.49
844.41 265.00
940.31 270.99
945.31 274.49
951.80 270.49
964.79 274.99
474.10 273.45
388.44 258.51
373.50 259.51
396.41 259.51
397.41 273.45
425.30 265.48
305.78 257.51
317.73 258.51
738.04 258.51
690.23 260.50
588.64 262.50
576.69 258.51
570.71 260.50
560.75 261.50
541.83 259.51
527.88 258.51
524.90 262.50
512.94 261.50
518.92 271.46
436.25 265.48
379.48 272.46
315.74 842.67
390.50 802.50
402.00 703.00
378.00 628.00
363.50 565.50
498.00 403.50
