189.49 689.41
310.75 714.49
501.70 598.81
425.04 498.45
346.99 317.25
82.16 476.15
122.58 391.13
161.61 293.56
160.21 235.02
202.03 194.60
303.78 177.87
765.14 494.27
1014.63 621.11
709.38 405.06
625.75 336.77
802.77 283.80
862.70 289.38
924.03 172.29
798.59 137.45
699.63 136.06
613.21 137.45
610.42 81.70
710.78 30.12
866.89 23.16
419.47 5.04
333.05 9.22
233.74 12.35
276.25 5.38
279.04 53.47
258.13 32.56
745.72 732.62
579.90 692.73
855.43 602.96
813.04 505.72
783.12 444.62
933.98 376.05
952.68 322.44
517.56 462.08
379.17 425.92
309.35 428.42
278.18 419.69
270.70 339.90
328.05 391.01
328.05 362.34
379.17 364.83
401.61 382.29
307.34 122.34
318.82 126.17
339.04 125.08
301.33 140.38
286.58 153.49
295.87 167.16
311.71 193.39
272.37 213.06
274.55 249.12
277.29 289.56
300.24 292.84
344.50 257.87
337.94 283.55
366.91 241.47
402.97 314.15
370.73 367.71
453.80 331.64
457.62 308.69
435.76 273.17
427.57 256.78
414.45 227.81
357.62 143.11
377.84 140.38
389.31 126.72
410.08 108.68
406.80 130.00
439.59 123.98
454.34 170.43
432.48 172.62
446.69 195.57
456.53 215.24
455.43 202.68
461.99 251.86
467.46 273.17
497.51 272.08
510.63 284.65
506.80 310.33
501.88 358.42
536.31 359.51
492.05 109.23
471.28 122.34
487.13 131.63
505.16 137.65
517.73 153.49
500.25 195.02
517.19 203.22
524.84 246.94
545.60 224.53
616.10 377.54
648.34 368.80
656.53 304.86
639.59 285.74
659.81 257.87
612.27 220.16
618.83 207.59
677.85 198.85
572.38 189.56
561.45 180.27
600.25 173.17
614.46 162.24
667.46 160.60
678.94 115.24
672.93 117.43
690.42 104.86
645.61 133.82
628.66 115.24
604.07 112.51
586.04 141.47
575.66 130.00
568.01 132.18
560.90 102.13
457.93 42.26
469.73 32.91
440.03 65.45
476.65 41.45
495.77 36.57
517.73 29.65
544.18 20.29
595.84 2.39
551.09 25.58
540.92 42.26
521.80 36.57
500.65 44.30
531.16 61.79
542.55 66.67
574.69 93.93
592.59 75.62
592.18 59.35
608.86 55.28
630.42 58.13
629.61 67.08
647.10 69.52
680.05 98.00
691.85 81.72
680.05 54.47
667.85 52.43
658.90 8.50
661.75 5.24
679.24 4.02
678.83 16.63
698.77 8.09
710.16 34.13
717.89 28.84
731.72 26.80
743.11 30.06
737.82 47.14
728.87 59.35
701.61 51.21
731.72 137.05
745.55 133.39
724.80 189.12
707.31 197.67
743.92 189.53
713.00 244.45
781.96 195.92
767.53 188.31
770.34 167.07
763.93 17.99
756.31 30.41
763.13 40.43
787.17 15.18
803.60 19.59
817.63 13.58
798.39 29.21
781.16 48.85
804.80 42.44
844.88 20.80
846.08 29.21
854.90 42.03
856.50 74.09
798.79 95.33
817.63 113.77
843.67 140.22
842.87 217.16
923.02 148.23
919.01 188.31
953.88 145.43
878.94 3.16
886.95 11.58
795.59 12.38
896.97 44.84
889.76 40.43
916.21 52.45
917.81 9.57
935.44 8.77
938.25 13.58
954.28 18.39
955.08 2.36
972.31 24.80
982.33 37.63
1022.81 32.42
990.75 8.77
1061.55 3.66
1100.89 3.12
1125.14 14.44
1255.55 38.15
1255.01 66.71
1216.75 41.92
1215.13 84.49
1210.82 109.28
1221.60 136.22
1244.77 108.74
1102.51 100.66
1048.08 58.09
766.91 247.64
744.47 270.08
729.51 278.81
715.79 332.42
713.30 318.70
708.31 362.34
1244.86 7.19
803.26 251.66
835.80 88.56
1087.94 3.37
85.00 677.50
146.00 502.00
156.50 425.50
119.00 406.50
147.50 355.00
205.00 386.50
255.50 432.00
247.00 337.50
252.50 358.50
202.00 340.50
185.00 318.00
458.00 749.00
424.50 691.00
463.00 539.50
473.00 459.50
456.00 441.00
398.50 464.00
341.00 514.00
350.00 458.00
370.50 450.50
402.00 344.50
343.00 346.00
325.50 344.00
