158.98 568.67
171.31 449.77
217.11 449.77
301.66 346.73
267.31 266.58
206.54 210.21
146.65 219.90
123.75 179.39
78.84 167.94
76.19 188.19
364.19 286.84
436.41 270.98
511.28 364.34
628.41 432.16
614.32 359.06
721.77 416.30
861.81 315.02
1015.94 291.24
994.80 197.00
1016.82 180.27
824.82 111.57
552.67 124.78
509.51 129.18
430.25 84.27
128.01 80.08
197.15 60.27
235.46 57.62
276.41 40.01
299.53 23.61
326.18 18.54
384.08 21.62
344.62 5.52
466.98 39.46
508.60 35.94
641.59 48.71
774.36 53.99
711.61 21.18
687.72 10.12
749.92 13.31
780.74 4.48
868.49 23.22
827.26 4.86
929.48 11.33
595.83 753.62
513.92 8.52
267.55 634.38
336.66 575.38
310.53 518.91
440.32 504.59
507.75 525.66
570.96 607.41
586.97 527.34
638.38 483.52
597.08 478.46
712.55 588.87
802.73 549.25
796.83 674.83
953.59 655.45
1080.85 615.83
1095.18 516.38
973.81 482.67
888.69 470.03
847.39 470.87
833.07 434.63
849.08 407.66
897.96 412.72
924.09 418.62
919.87 358.78
878.58 349.51
880.26 381.54
847.39 361.31
818.74 381.54
821.27 353.72
834.75 316.64
907.23 306.53
946.84 316.64
1000.78 316.64
1026.91 286.30
1058.09 302.31
1078.32 333.50
1024.38 368.05
1011.74 417.78
1053.88 427.89
1074.95 391.65
1115.40 405.14
1132.26 370.58
1135.63 294.73
1080.01 255.12
1053.88 241.63
1101.92 207.92
1116.25 239.10
1136.47 191.91
986.46 240.79
960.33 228.15
912.29 252.59
927.46 222.25
939.26 166.62
933.36 140.50
996.57 171.68
1020.17 161.57
1087.59 114.37
1060.62 134.60
869.31 164.09
908.92 167.47
862.56 185.16
835.59 186.85
865.94 205.39
901.33 214.66
844.87 219.72
842.34 252.59
812.84 229.83
793.45 186.85
794.30 153.14
764.80 178.42
749.63 213.82
772.38 301.47
806.10 291.36
783.34 374.79
762.27 405.14
726.03 390.81
687.26 400.92
672.93 426.21
703.28 339.40
695.69 294.73
743.73 274.50
709.17 223.93
737.83 191.91
725.19 169.15
736.14 154.82
694.00 145.55
678.83 176.74
663.66 143.87
667.03 130.38
632.48 136.28
635.01 197.81
636.69 242.48
688.10 255.96
661.98 278.72
620.68 297.26
591.18 369.74
595.40 207.08
540.62 238.26
499.32 233.20
468.98 261.86
435.27 218.88
393.97 227.30
387.23 249.22
398.18 315.80
462.23 293.04
420.09 330.97
328.23 322.54
313.90 358.78
343.40 443.06
419.25 456.55
471.51 400.08
462.23 370.58
511.96 368.05
536.40 330.13
567.58 388.28
592.03 429.58
566.74 412.72
579.38 566.11
981.53 292.29
1173.06 325.84
1178.65 427.43
1175.86 249.88
1256.40 295.31
1201.41 315.82
1210.73 422.07
1261.06 519.00
265.89 285.24
472.53 113.38
399.90 126.68
520.61 67.35
538.00 66.32
574.83 107.24
581.99 79.62
562.55 68.37
601.43 103.15
625.98 103.15
707.82 87.81
777.38 89.85
1069.95 93.94
1196.80 619.75
1276.59 597.25
1275.57 426.41
965.61 74.51
994.25 54.05
1008.57 88.83
980.95 54.05
961.51 47.91
959.47 37.68
950.26 36.66
929.80 20.29
920.59 20.29
920.59 30.52
897.07 33.59
887.86 48.93
851.03 60.19
840.80 32.56
823.41 24.38
798.86 28.47
773.29 18.24
761.01 18.24
656.67 31.54
682.24 22.34
632.11 30.52
656.67 20.29
627.00 21.31
581.99 26.43
577.90 33.59
574.83 39.73
607.56 39.73
563.58 41.77
823.41 14.32
674.57 15.34
664.85 12.28
915.48 12.79
925.20 10.74
864.33 11.76
874.56 13.30
856.15 13.81
845.41 25.06
903.72 9.72
915.22 6.48
885.05 6.22
618.56 11.34
632.11 8.78
597.59 14.92
601.17 8.27
625.98 4.69
617.54 5.46
632.37 2.56
606.03 22.63
873.54 4.94
16.30 641.48
85.88 691.68
90.29 580.71
134.32 573.66
80.60 503.20
108.78 499.68
16.30 441.55
11.90 414.25
6.62 401.04
49.77 376.38
162.51 401.04
169.55 380.78
283.17 487.35
291.09 500.56
336.01 416.01
364.19 440.67
392.38 462.69
410.87 356.12
429.37 376.38
460.19 450.36
487.50 436.27
494.54 413.37
526.25 403.68
507.75 351.72
500.71 334.10
531.53 349.07
546.51 342.03
553.55 354.36
637.22 413.37
601.99 568.38
672.45 584.23
734.98 598.32
803.68 573.66
963.97 664.38
819.53 829.07
757.00 873.99
850.36 478.54
866.21 428.34
757.88 398.40
681.26 423.94
668.05 388.71
659.24 366.69
799.28 386.07
931.39 420.41
931.39 349.07
911.13 342.03
890.87 342.03
807.64 313.51
796.63 316.16
793.77 330.47
776.16 316.38
779.46 293.26
792.89 273.88
796.19 300.74
827.90 317.26
823.06 319.46
869.29 300.74
871.94 273.22
864.89 314.84
871.72 329.37
883.17 331.13
894.18 313.51
912.01 314.62
916.41 315.50
934.47 326.95
981.15 327.83
981.59 283.13
974.76 275.42
960.01 276.08
1000.96 300.08
1008.23 325.40
1011.75 301.84
1023.02 299.70
1020.60 272.07
1014.87 272.84
656.08 304.71
669.73 306.47
700.34 305.81
709.81 315.50
724.78 344.78
722.14 353.37
760.89 335.75
758.25 311.97
743.06 306.91
726.76 317.70
726.76 379.57
521.11 322.54
576.38 325.40
588.93 323.20
625.92 310.87
636.05 320.12
445.48 305.09
504.38 271.96
517.24 257.71
348.32 299.81
347.77 313.24
392.25 316.21
423.51 302.23
249.68 327.77
237.68 337.24
238.45 307.40
239.33 285.94
250.89 288.36
266.41 287.92
273.02 301.35
303.62 311.26
317.06 323.04
328.95 328.32
208.40 312.17
231.02 310.13
227.00 334.79
157.75 347.86
141.90 350.51
143.88 332.89
125.39 335.97
130.67 315.50
148.73 317.26
155.77 310.87
162.82 326.51
187.70 337.29
232.62 288.88
7.94 334.87
2.21 325.40
28.19 334.21
55.06 320.34
36.34 298.54
55.94 297.22
68.05 323.86
89.40 332.67
81.92 323.20
-40.50 403.35
3.53 313.29
383.38 746.82
455.41 768.92
458.69 715.71
417.76 696.89
346.55 736.99
280.25 702.62
341.64 681.33
371.92 675.60
332.63 647.77
282.70 662.51
290.89 630.58
263.87 640.41
376.02 633.04
383.38 610.94
336.73 621.58
349.00 590.47
272.88 617.49
268.79 600.30
294.16 566.74
278.61 541.36
268.79 565.10
269.60 521.72
301.53 486.52
421.04 660.05
488.16 658.41
522.54 696.89
537.27 696.89
543.00 734.54
500.43 774.65
561.01 748.45
601.93 710.80
597.84 668.24
576.56 651.05
601.12 594.57
540.54 619.94
539.72 585.56
647.77 769.74
632.22 741.09
684.61 689.52
671.51 679.70
673.15 633.86
714.89 607.66
723.90 576.56
675.60 564.28
727.99 719.80
737.81 755.82
785.29 799.20
929.35 791.84
904.80 718.17
881.06 718.17
869.60 689.52
833.58 649.41
794.29 709.98
917.89 654.32
871.24 628.13
885.97 648.59
960.46 639.59
983.38 610.94
977.65 662.51
1010.39 675.60
971.92 698.52
1041.49 777.10
1017.76 735.36
1096.34 758.28
1102.07 716.53
1080.78 706.71
1034.13 679.70
1115.98 645.32
1125.80 613.39
1071.78 646.95
1120.89 679.70
1022.67 636.31
1160.18 715.71
1200.29 709.98
1184.74 744.36
1222.39 774.65
1239.58 640.41
1115.98 571.65
1096.34 583.11
1053.77 576.56
1005.48 583.93
1012.03 558.55
1043.95 554.46
1065.23 555.28
1062.78 535.63
1084.88 535.63
1110.25 531.54
878.81 572.26
819.87 568.58
788.36 559.17
830.92 551.80
823.15 536.25
821.10 518.65
832.15 516.60
804.73 522.33
802.27 503.50
777.31 505.96
778.94 473.63
783.04 442.93
814.96 449.89
813.73 462.99
815.78 479.77
835.01 487.13
831.33 497.36
848.11 498.59
845.25 524.38
871.44 546.07
851.80 537.06
891.09 552.21
913.60 552.62
910.73 526.01
882.90 535.02
877.58 523.15
884.13 509.23
896.81 508.82
870.62 511.69
859.98 494.50
864.07 476.90
868.58 456.03
829.69 456.03
889.04 477.72
897.63 460.12
901.73 436.79
928.74 439.66
916.46 465.03
903.36 482.63
902.14 496.55
930.78 519.06
945.52 508.82
958.62 490.41
943.88 473.22
923.83 503.50
977.03 498.59
966.80 458.48
961.89 450.30
959.43 438.84
985.22 456.03
966.80 468.72
952.48 543.61
926.28 540.75
929.97 559.98
931.60 577.17
910.73 577.99
983.99 549.34
967.62 532.15
1006.09 539.93
1017.96 511.69
1005.68 500.23
1002.00 490.41
1006.50 520.28
974.58 507.60
973.76 520.28
1009.77 473.22
1017.55 438.43
1004.04 444.16
1015.50 487.95
1018.78 472.81
1029.01 494.09
1047.84 487.95
1041.70 476.49
1040.47 462.58
1047.43 447.43
1060.52 432.70
1067.48 433.11
1070.76 449.89
1058.48 452.75
1085.49 458.48
1101.04 455.62
1071.17 463.40
1097.36 467.08
1080.58 496.14
1085.08 510.87
1060.93 507.60
1044.15 499.41
1079.35 520.28
1093.27 519.06
1104.32 496.14
1104.32 485.91
1103.50 470.76
1128.46 435.97
1101.04 436.79
1108.00 442.93
1120.28 463.40
1133.37 468.31
1142.79 455.62
1115.78 476.08
1141.97 474.45
1150.15 490.00
1131.74 481.40
1138.29 494.91
1135.01 524.79
1170.62 543.20
1162.02 524.79
1106.77 518.65
1148.52 573.49
1173.48 562.03
1195.17 557.12
1217.28 560.39
1241.42 593.54
1254.52 555.48
1242.24 537.06
1211.95 537.06
1191.49 505.96
1169.80 508.82
1169.39 490.82
1159.57 487.13
1153.43 470.35
1176.35 450.30
1173.07 474.04
1191.08 440.48
1185.35 452.75
1179.62 431.06
1166.53 428.20
1155.88 426.97
1189.85 425.33
1201.31 438.43
1200.90 424.51
1220.55 421.24
1230.37 422.88
1227.51 447.02
1232.83 439.66
1207.86 456.85
1201.31 471.99
1211.55 481.40
1200.09 484.27
1202.13 499.82
1227.10 469.13
1241.83 505.14
1227.10 487.13
1256.97 489.18
1269.25 504.32
1247.15 474.04
1272.53 478.95
1266.39 487.54
1277.85 531.74
1257.38 529.29
1225.05 522.33
1197.63 530.11
1184.53 527.65
1256.57 456.85
1253.70 441.29
1257.38 422.47
1274.57 434.34
1278.67 432.70
1268.03 448.66
1126.83 411.01
1142.38 411.83
1198.04 612.37
757.05 478.95
758.28 448.66
738.63 442.93
724.72 440.89
708.34 460.53
697.70 458.89
688.70 456.03
675.60 454.80
669.05 457.67
638.36 450.30
690.34 477.72
720.62 476.90
734.13 478.95
748.04 474.04
750.09 493.27
735.36 500.23
766.87 508.42
730.45 528.47
723.49 514.15
711.62 491.23
683.79 499.00
672.74 493.27
658.41 492.04
647.77 489.59
637.13 496.14
650.23 514.55
660.05 510.87
665.78 525.20
683.79 512.51
691.16 530.52
702.21 512.10
718.17 531.33
710.80 539.52
723.08 543.61
720.21 554.66
689.52 563.26
663.32 542.38
673.56 545.25
641.63 539.93
637.13 561.21
626.90 580.45
601.52 568.99
600.71 553.03
617.49 529.29
608.07 509.23
622.40 499.00
630.99 528.06
620.35 467.49
613.39 458.89
605.62 459.30
592.11 469.53
597.43 489.18
583.11 482.63
581.06 502.69
567.15 499.41
570.83 514.15
584.34 535.02
558.55 532.15
549.96 536.66
571.24 548.93
561.01 560.39
570.01 573.90
538.09 562.44
518.03 540.75
545.86 520.69
548.73 494.91
567.56 472.40
559.78 474.45
552.41 476.49
534.40 471.99
543.82 461.76
533.18 457.26
520.90 465.03
506.98 460.12
520.90 480.99
504.53 486.72
504.94 503.50
493.89 522.33
503.30 529.70
521.31 513.33
531.13 509.64
486.93 496.55
477.52 601.73
498.80 575.54
468.10 566.12
489.38 561.21
449.68 580.45
432.50 574.72
448.05 548.93
470.56 531.33
474.24 546.48
450.91 518.24
463.60 509.23
437.41 511.69
446.41 499.41
431.27 492.04
448.05 473.22
430.45 478.95
430.86 464.62
422.67 472.40
407.94 469.13
417.76 503.91
400.57 499.82
394.84 514.96
362.92 499.00
360.46 472.40
376.02 477.72
367.83 520.69
365.37 550.98
371.92 536.66
394.84 560.39
372.33 569.40
382.56 588.22
389.52 575.13
401.39 582.49
417.35 558.76
409.17 550.16
414.90 535.02
426.36 542.38
436.59 529.70
425.13 521.10
360.87 586.59
257.94 486.31
285.77 515.78
316.06 489.59
333.25 487.95
347.16 483.45
325.88 478.95
321.38 518.65
318.92 546.07
344.71 532.97
337.34 544.43
346.34 557.94
320.15 571.03
293.14 541.57
482.22 470.76
473.63 468.31
470.35 457.67
439.66 463.40
438.02 471.58
757.46 646.95
847.50 596.20
792.66 602.75
1139.72 804.93
958.00 478.33
747.64 538.09
677.24 605.21
685.43 582.29
597.02 615.85
631.40 637.13
447.23 742.72
522.54 656.78
454.60 628.13
167.29 461.96
307.26 591.29
363.74 601.93
407.94 605.21
468.51 581.47
531.54 536.45
805.75 442.32
865.51 444.77
865.51 434.95
914.62 435.77
1137.26 423.49
1272.32 421.85
1015.30 456.23
1048.86 692.79
1019.39 613.39
1043.95 592.93
969.46 558.55
948.18 558.55
972.74 591.29
954.73 610.94
826.22 673.97
804.11 584.74
1080.78 662.51
652.68 464.42
646.14 455.41
857.10 565.46
834.85 602.67
