151.00 473.00
168.50 399.00
78.50 354.00
213.50 205.50
85.00 209.00
62.00 124.50
62.00 108.00
43.00 82.50
66.50 63.00
51.50 54.00
86.50 48.00
98.00 49.50
396.50 251.50
465.00 262.00
405.50 139.50
332.00 127.50
152.50 726.00
215.50 584.00
74.00 479.50
125.50 386.50
131.50 361.00
251.00 353.00
219.50 325.50
254.50 324.50
262.50 306.00
258.00 277.50
270.70 542.69
276.44 525.47
266.52 517.12
274.35 514.51
260.78 508.77
271.74 501.46
262.87 481.11
288.97 494.16
278.01 493.11
285.83 488.41
286.36 477.45
296.79 480.06
302.54 487.37
303.58 497.81
310.89 497.81
299.40 505.12
298.88 517.12
286.36 516.08
284.79 512.42
281.66 502.51
288.97 523.38
293.14 529.65
287.40 535.39
306.71 539.56
308.28 528.60
304.62 525.47
304.10 518.69
315.06 508.77
306.19 508.77
326.54 502.51
317.15 492.59
319.24 475.89
305.67 477.98
297.32 469.10
314.02 463.36
328.63 445.10
329.67 436.22
327.59 424.74
343.77 440.40
343.24 429.44
352.64 431.53
321.32 464.41
328.11 461.28
328.11 455.01
320.80 455.53
336.98 461.80
342.72 451.36
353.16 461.80
328.63 561.48
327.59 551.57
327.59 536.95
320.28 550.52
344.81 545.30
336.98 543.22
343.24 532.78
338.03 517.12
325.50 518.69
340.11 508.77
337.50 494.16
348.99 492.07
348.46 484.76
346.38 475.37
329.15 477.98
355.77 448.23
364.64 438.83
378.21 435.70
377.17 441.44
374.04 429.44
368.82 458.67
374.56 458.14
381.87 454.49
382.91 458.67
382.91 466.49
382.91 471.71
369.86 472.24
358.90 472.76
367.25 487.37
359.95 495.20
356.81 502.51
355.77 516.08
355.77 523.38
356.29 535.39
364.12 531.73
360.47 550.00
354.73 560.96
348.46 559.92
370.91 565.66
376.65 556.26
376.13 542.69
388.13 568.27
386.04 557.83
392.83 542.69
387.09 535.39
388.65 520.77
387.61 508.77
363.60 517.12
376.65 511.38
382.91 496.24
378.21 490.50
390.22 488.41
404.31 468.58
398.05 458.67
394.39 448.75
401.70 450.32
397.52 445.10
390.74 437.79
389.70 425.79
400.66 423.18
403.79 435.18
411.62 431.53
422.58 435.70
417.36 448.23
416.83 441.44
418.40 459.19
410.57 482.67
418.92 480.06
425.71 480.06
431.97 473.80
419.97 488.94
409.01 492.59
403.79 495.72
411.62 502.51
404.83 509.81
400.66 520.77
412.66 525.99
411.62 534.34
413.18 553.65
417.88 562.01
424.14 542.69
437.71 543.74
430.93 523.38
431.97 513.99
439.80 508.77
435.62 494.16
441.89 483.20
450.24 471.71
443.97 477.45
434.06 455.53
434.06 447.18
434.06 442.49
440.84 433.09
434.06 427.87
451.28 427.87
458.07 435.18
456.50 428.92
458.59 425.26
469.55 425.79
467.46 439.35
458.07 446.66
443.97 447.71
447.11 460.75
463.81 454.49
458.59 467.02
466.94 468.58
471.64 461.28
475.29 452.40
470.07 477.98
467.46 486.85
467.46 499.90
458.59 513.47
455.46 528.08
456.50 534.34
448.15 557.31
442.93 571.92
457.54 570.36
459.63 562.01
436.67 560.96
494.60 557.31
503.47 561.48
491.47 545.30
473.20 535.91
498.25 527.04
488.86 514.51
476.33 510.34
477.38 498.85
484.16 502.51
475.29 494.16
480.51 480.06
493.03 485.28
488.34 474.32
479.46 472.24
482.60 461.28
491.99 446.14
485.21 446.14
475.81 439.35
483.64 437.27
513.91 442.49
500.34 444.57
499.30 433.09
489.38 431.53
483.64 428.92
476.86 424.22
484.68 423.18
509.21 434.14
497.21 425.26
515.48 427.87
518.09 424.74
525.92 425.79
536.88 432.05
530.09 423.18
537.92 422.65
522.78 446.14
531.66 443.53
548.88 444.05
522.26 464.41
519.13 462.84
509.74 461.28
496.69 462.84
506.08 475.37
512.35 486.33
512.35 495.20
500.86 504.07
485.73 494.16
523.31 501.46
514.96 505.12
517.04 520.77
524.35 519.73
507.13 547.39
509.21 532.78
519.65 528.08
532.18 541.65
532.18 553.65
534.79 572.44
538.96 546.87
542.62 531.73
537.40 516.08
532.70 501.46
522.78 481.11
536.35 470.67
544.18 457.10
528.52 457.62
544.18 479.54
544.18 484.76
545.75 497.81
557.23 493.11
562.45 496.24
566.62 507.73
549.40 524.43
568.19 519.73
559.32 546.87
577.06 572.44
599.51 576.62
587.50 551.04
586.46 534.34
574.98 527.04
580.72 513.99
599.51 529.65
614.12 536.43
619.86 548.96
632.91 555.22
648.04 575.58
653.26 554.70
647.00 541.65
658.48 535.39
638.65 531.73
627.17 515.03
600.03 508.77
599.51 499.90
610.99 488.41
624.04 477.98
616.21 467.02
601.07 470.15
586.46 484.76
590.11 470.15
579.67 492.59
572.89 483.20
566.62 471.71
574.45 466.49
563.49 461.80
549.92 450.32
564.02 436.75
556.71 435.18
573.41 452.40
586.46 458.14
600.03 453.45
667.88 567.22
683.53 550.00
678.31 538.00
665.79 516.08
665.27 508.77
662.66 500.42
653.26 492.07
642.30 500.42
674.14 521.82
699.19 556.26
697.63 569.31
712.24 572.97
735.73 572.44
738.34 561.48
732.07 554.70
734.16 546.35
753.47 555.22
758.17 567.22
755.04 529.65
735.20 516.08
726.33 518.16
712.24 528.60
704.41 525.99
711.72 518.16
694.49 516.08
681.45 507.20
676.23 498.85
666.31 475.89
648.04 481.63
643.35 467.02
654.83 453.45
638.13 451.36
630.30 448.75
618.82 455.53
614.12 444.57
604.20 431.53
625.08 429.96
641.26 433.61
650.65 439.35
666.83 440.40
672.57 457.62
678.31 447.71
691.36 447.71
693.45 439.88
688.75 428.92
700.76 448.23
709.11 448.23
724.77 446.14
710.67 458.14
704.41 468.58
702.32 485.28
683.53 471.71
728.42 481.11
710.67 483.72
730.51 466.49
739.90 460.75
735.73 470.15
732.59 473.80
734.68 498.85
746.69 502.51
746.16 490.50
738.34 483.72
762.34 502.51
759.73 490.50
763.39 483.20
756.08 472.76
752.95 458.14
750.34 446.66
734.16 450.32
721.11 435.18
759.21 448.75
762.34 447.71
755.56 435.18
762.87 430.48
747.21 431.53
738.34 424.22
733.12 427.87
710.67 425.79
573.41 428.92
582.80 436.22
772.52 568.27
764.17 571.92
774.09 533.30
787.66 512.42
782.96 490.50
771.48 481.11
781.39 470.67
786.61 464.93
796.53 461.28
768.35 461.28
770.96 453.45
777.74 449.79
788.18 449.79
796.53 450.84
807.49 444.05
813.23 444.57
806.97 434.14
774.09 429.96
790.79 428.92
799.66 489.98
798.62 477.45
787.66 477.45
812.19 461.28
805.40 546.87
803.84 520.77
797.05 512.42
814.27 515.03
827.32 502.51
817.41 484.76
825.23 479.54
824.71 466.49
811.66 468.06
810.62 556.26
793.92 577.66
785.05 560.96
785.57 527.04
707.28 541.65
822.62 577.14
831.50 563.57
845.07 562.01
864.38 553.65
857.59 536.43
840.89 540.61
826.28 542.69
838.80 525.47
826.28 521.82
838.80 510.86
844.02 497.81
851.85 495.20
854.46 487.37
861.25 494.16
861.77 484.76
869.08 486.85
863.33 502.51
857.07 520.77
848.72 524.43
877.43 530.69
878.47 539.56
894.65 555.22
876.90 576.10
928.05 571.92
936.40 557.83
958.84 558.87
955.19 573.49
979.20 548.96
985.46 548.96
1008.43 556.26
1018.34 566.70
1018.34 561.48
1029.30 566.70
996.42 576.10
1036.61 557.31
1041.31 553.65
1041.83 545.30
1032.96 538.00
1017.30 539.56
1013.65 534.34
1003.21 517.64
1001.64 530.69
991.20 524.43
974.50 529.65
960.93 531.73
960.93 536.95
934.31 546.35
919.70 536.43
910.31 530.69
900.91 535.39
907.70 521.30
898.30 513.47
889.95 521.82
889.95 516.08
888.39 503.55
887.86 495.72
876.90 495.20
878.47 520.77
875.86 517.12
874.29 509.81
822.10 452.40
822.62 439.88
835.67 439.88
844.02 446.14
827.84 433.61
816.36 432.57
842.46 432.05
853.42 430.48
859.16 428.39
869.60 428.92
879.51 427.87
863.86 426.83
888.39 438.83
880.04 446.14
861.25 446.14
859.68 454.49
880.04 457.10
839.85 462.84
836.72 475.37
833.06 486.33
852.37 472.76
863.33 475.89
864.38 470.15
851.85 465.45
858.64 463.36
903.00 479.02
903.52 487.37
898.30 490.50
912.92 498.85
912.39 488.94
911.87 484.76
880.04 477.45
877.43 468.58
888.39 464.41
904.57 462.84
895.69 457.10
907.70 448.75
905.61 440.40
897.78 438.83
915.00 457.10
920.75 445.10
916.57 446.14
916.05 474.32
920.75 483.20
926.49 483.20
927.53 504.07
917.09 512.42
927.53 518.16
937.45 517.12
946.84 518.16
948.93 502.51
959.89 498.85
970.85 512.42
976.59 518.16
971.89 508.77
989.12 499.38
1001.64 509.81
1011.56 507.73
1019.39 497.81
1033.48 498.85
1018.87 477.45
1035.57 476.41
1045.48 481.11
1043.92 483.72
1041.83 464.93
1038.70 455.53
1026.69 457.10
1029.83 447.71
1039.74 427.87
1027.74 431.53
1009.99 431.53
986.51 444.05
992.25 422.65
981.81 435.18
966.67 439.35
936.92 492.07
934.31 476.41
943.19 473.80
936.40 465.45
935.88 449.79
943.19 438.83
954.67 435.18
946.32 432.05
943.71 426.31
952.58 427.87
968.76 428.39
959.37 427.87
978.16 457.62
987.03 474.32
970.33 483.20
967.72 470.15
974.50 469.10
1003.21 459.71
1001.12 445.10
1010.51 440.92
957.80 449.79
960.93 461.28
946.32 448.23
927.01 426.83
923.35 438.83
923.35 432.57
916.57 425.79
904.04 425.26
959.89 477.45
999.55 476.41
1021.47 522.34
1027.22 519.73
1029.30 510.34
1035.57 508.77
609.68 569.83
950.23 546.87
1045.22 567.22
1058.79 575.58
1072.36 572.44
1054.62 554.70
1072.36 536.95
1063.49 536.43
1047.83 536.43
1055.66 521.30
1049.40 506.16
1059.31 509.81
1062.97 501.46
1075.49 506.16
1088.54 502.51
1097.94 495.20
1075.49 521.30
1094.80 550.00
1078.10 551.04
1101.07 560.96
1120.38 557.83
1128.21 566.70
1110.46 539.04
1094.80 528.08
1103.68 525.47
1113.59 505.12
1102.63 516.08
1128.73 504.07
1139.17 497.81
1134.99 519.73
1128.21 531.73
1137.08 545.30
1153.78 561.48
1160.04 540.08
1164.74 523.38
1176.22 527.04
1198.67 552.61
1185.10 557.83
1192.92 568.27
1165.26 560.96
1225.28 569.83
1208.06 576.62
1232.59 548.96
1225.81 542.69
1258.69 556.26
1255.03 539.04
1245.12 531.73
1240.42 521.82
1233.63 517.64
1253.47 518.16
1200.75 529.12
1213.28 527.04
1172.57 505.12
1159.00 507.20
1188.23 500.42
1196.06 508.77
1210.67 512.42
1204.41 504.07
1211.71 496.77
1225.28 495.20
1230.50 507.20
1232.59 513.47
1251.90 495.72
1269.65 512.42
1274.87 504.07
1274.87 535.39
1266.51 524.43
1073.93 489.98
1058.79 487.37
1071.32 472.24
1078.10 473.80
1050.96 443.53
1056.70 429.44
1064.53 434.14
1067.66 444.05
1061.40 461.28
1071.84 457.10
1086.45 458.14
1086.45 464.41
1100.02 464.41
1110.46 468.06
1105.76 472.76
1126.12 464.41
1120.90 457.10
1131.34 474.32
1133.43 481.11
1125.60 488.94
1115.68 487.37
1106.29 490.50
1169.96 472.76
1167.87 488.41
1157.43 494.16
1145.43 484.76
1145.95 470.67
1137.60 461.28
1149.61 450.32
1143.86 443.53
1136.56 450.32
1129.25 444.57
1121.94 440.92
1113.59 448.23
1108.37 443.53
1104.72 433.09
1086.98 443.53
1080.71 428.92
1085.41 421.61
1091.15 422.13
1092.72 428.39
1174.14 457.10
1155.87 457.10
1186.14 475.89
1192.40 484.76
1208.58 471.71
1193.97 463.36
1190.84 450.32
1176.75 446.14
1163.18 439.35
1170.48 437.79
1152.74 435.18
1164.74 433.61
1181.96 421.61
1207.02 442.49
1217.98 433.61
1205.97 427.87
1226.33 448.23
1226.85 468.06
1210.67 455.53
1247.73 456.06
1236.77 422.37
1231.55 428.11
1212.24 412.45
1199.19 417.15
1196.06 421.32
1194.49 431.76
1161.61 424.45
1150.13 423.41
1137.08 432.80
1126.64 430.72
1134.47 423.41
1121.42 422.37
1115.68 433.33
1107.33 417.67
1093.76 415.06
1099.50 412.45
1085.41 417.15
1076.54 414.02
1078.62 407.23
1078.62 418.71
1067.14 419.76
1067.14 429.15
1159.52 407.23
1159.52 414.02
1166.31 412.45
1174.66 413.49
1177.27 404.10
1192.92 408.80
1195.53 399.92
1204.41 405.14
1204.93 400.45
1209.10 395.23
1222.15 397.84
1213.80 403.58
1221.11 390.53
1235.72 396.27
1229.98 391.57
1244.59 410.88
1271.21 413.49
1262.86 411.41
1251.38 417.67
1262.34 443.24
1244.07 444.29
1261.30 398.88
1245.64 376.96
1238.85 369.13
1229.46 349.82
1232.07 341.47
1223.20 373.83
1205.97 378.00
1201.80 384.79
1189.79 388.96
1188.75 381.14
1177.79 378.00
1172.05 376.96
1150.13 398.88
1147.52 394.18
1143.34 391.57
1146.47 408.80
1143.34 406.19
1139.17 394.18
1132.38 389.49
1127.68 397.84
1145.43 417.67
1268.60 376.96
1273.17 368.35
1266.65 357.13
1255.95 362.09
1250.99 357.39
1242.12 343.04
1186.01 359.21
1190.18 365.48
1122.34 383.48
1112.16 389.75
1049.53 380.09
1040.66 381.14
1063.36 397.58
1070.40 402.27
1071.97 395.75
1083.19 396.27
1075.10 388.44
1085.28 386.62
1068.84 370.44
1060.75 372.78
1059.97 380.09
1059.71 385.57
1066.75 387.14
1068.32 381.14
1029.17 374.87
1033.87 369.39
1121.81 361.82
1117.38 353.47
1116.33 358.95
1125.21 367.30
1125.21 371.22
1131.99 373.83
1123.64 376.96
1162.52 376.44
1172.44 369.91
1165.39 366.52
1170.87 361.82
1208.71 357.65
1217.06 355.56
1190.45 348.25
1186.01 354.00
1180.53 349.04
1172.18 353.47
1176.09 362.61
1151.82 353.73
1154.43 356.61
1135.91 361.82
1132.25 357.39
1141.12 356.61
1033.09 358.43
1215.37 423.41
795.22 421.32
780.09 411.41
773.83 416.10
774.87 422.37
786.35 435.94
782.70 426.54
792.09 410.36
809.32 415.06
798.88 417.67
799.40 433.85
811.40 423.41
817.14 408.27
836.46 416.10
830.71 412.45
843.24 414.02
830.71 404.10
841.15 395.75
842.72 406.71
856.81 405.14
847.94 401.49
851.59 422.89
851.59 414.02
856.81 417.67
866.20 412.45
871.42 419.24
876.12 415.06
887.60 429.67
893.34 422.89
893.34 412.45
903.78 417.67
910.57 410.36
922.57 418.71
923.09 408.80
882.38 408.80
866.20 406.71
862.03 400.45
858.38 392.10
876.12 395.75
867.25 388.44
861.51 382.70
855.24 383.22
847.94 382.18
844.28 389.49
841.15 383.22
827.06 394.18
819.75 393.66
809.84 403.06
809.32 396.79
805.14 404.10
795.75 396.79
805.14 388.44
799.92 390.53
771.22 391.05
769.13 381.14
775.39 384.79
778.52 392.10
783.22 380.09
788.96 386.88
792.61 381.14
805.66 376.44
785.83 373.83
782.70 369.13
787.40 368.09
789.48 363.39
771.74 400.45
828.63 376.44
832.28 366.52
841.67 373.83
843.76 366.52
855.77 367.04
847.94 373.83
863.07 368.09
858.38 361.30
856.81 357.13
867.77 358.69
875.60 364.43
867.25 364.43
874.56 382.70
869.34 378.53
881.86 375.39
887.60 372.26
877.69 368.61
880.82 386.35
888.13 396.79
909.52 399.40
906.91 391.05
898.56 370.18
788.96 351.39
787.92 346.69
786.35 342.51
784.79 337.29
973.72 414.02
962.76 418.71
951.80 410.36
959.11 406.71
957.54 398.36
951.80 399.40
937.19 393.14
932.49 418.71
933.53 405.67
914.74 400.97
916.83 396.79
929.36 389.49
925.70 400.45
922.57 388.44
917.35 382.18
911.61 377.48
907.44 375.39
987.81 395.75
994.60 386.88
994.60 376.44
987.29 376.44
987.29 381.14
985.72 382.70
984.16 386.88
978.94 388.44
978.42 407.75
978.42 401.49
971.11 400.97
974.76 393.66
969.54 389.49
1002.42 407.75
1009.73 412.45
998.25 399.40
1000.86 397.31
1017.56 400.97
1015.99 396.79
1017.04 390.01
1033.74 415.06
1024.35 415.06
1018.08 415.06
1023.30 405.67
1033.74 390.01
1025.39 392.10
1020.17 382.70
1045.22 404.10
1035.83 404.10
1045.74 371.74
1044.70 364.96
1042.09 353.47
1051.49 362.35
1056.18 368.09
1051.49 368.61
1058.27 357.65
1048.88 351.91
1049.92 355.56
1053.57 344.60
1058.79 337.29
1010.78 359.21
997.73 360.78
1017.04 357.65
1020.69 357.13
1025.91 351.91
1027.48 342.51
1021.21 343.04
1011.82 348.78
1006.60 351.91
1000.86 353.47
991.99 348.25
978.94 363.39
972.15 357.13
973.20 366.52
973.20 372.78
956.50 390.01
958.06 380.09
944.49 389.49
942.93 383.22
937.71 381.14
935.10 376.44
928.83 381.14
931.44 371.74
931.44 368.09
923.62 375.39
833.85 350.34
829.67 344.60
840.11 343.04
841.67 335.21
1211.19 316.42
1100.02 382.18
1090.11 357.65
1097.94 355.56
1091.15 344.60
1096.89 346.17
1095.33 340.43
1096.37 335.21
933.01 348.25
808.27 366.00
819.23 380.61
809.05 354.52
813.49 358.17
810.10 354.00
803.84 343.04
815.06 344.60
819.49 348.25
821.32 356.34
811.93 337.56
808.79 332.08
802.27 328.16
800.44 337.56
792.35 332.60
792.35 327.64
790.53 325.03
788.18 320.85
784.00 317.98
779.83 317.46
761.56 347.73
765.21 326.86
760.52 319.29
767.82 315.37
769.91 319.29
775.39 332.86
779.57 337.29
781.65 338.60
822.36 335.73
817.14 332.08
820.28 328.68
830.45 334.16
868.55 340.16
853.68 346.43
858.64 338.34
847.68 335.47
854.98 331.81
859.42 328.94
859.42 326.86
853.68 323.20
856.81 323.72
860.20 321.64
833.06 319.55
836.72 320.85
837.50 316.16
832.54 327.38
802.01 316.42
792.88 316.68
811.14 323.72
836.98 360.78
833.85 356.34
839.33 354.52
838.28 352.17
878.99 349.56
872.73 346.69
861.77 359.48
883.43 353.21
888.13 362.61
882.91 360.52
890.21 352.95
891.00 345.91
885.52 341.47
881.86 337.82
878.47 342.25
875.08 335.47
879.25 331.03
875.86 329.47
866.99 331.29
867.25 326.86
871.95 326.60
876.64 321.90
883.17 320.33
877.17 317.98
869.08 317.98
861.25 315.37
854.46 316.16
849.76 316.42
845.07 316.68
824.45 314.59
822.10 323.20
815.58 316.42
868.81 352.95
865.42 347.47
903.78 351.65
903.00 347.47
899.87 344.86
894.91 339.38
897.00 336.77
887.60 331.81
889.17 322.16
892.30 326.60
899.09 330.51
896.21 322.68
899.61 320.07
905.09 323.72
915.79 320.85
913.70 329.20
909.26 328.16
909.26 335.73
917.09 343.82
910.05 346.95
905.61 343.04
915.00 352.17
924.14 357.65
924.66 363.65
914.48 366.78
900.65 362.09
894.91 356.34
896.48 350.34
935.62 363.65
941.10 363.65
935.62 358.43
944.23 372.78
946.06 374.61
957.02 363.13
953.63 355.30
941.10 354.52
946.32 352.69
937.71 343.30
930.92 339.38
928.31 337.29
920.48 333.64
941.36 335.73
940.58 332.34
946.58 332.34
945.01 327.64
949.45 324.51
951.54 332.60
965.89 326.60
964.59 320.07
971.11 323.72
960.93 326.60
954.15 339.38
957.54 336.77
961.45 340.95
963.02 337.56
968.76 343.30
974.24 334.95
977.11 332.86
981.29 334.68
978.16 323.20
977.89 317.46
989.64 316.68
992.77 324.51
991.46 338.34
982.33 338.60
987.55 344.86
978.16 345.91
982.59 345.12
1006.86 377.74
1002.69 371.22
1012.34 369.13
1013.12 374.61
1005.82 361.82
997.47 369.91
989.64 369.13
981.55 366.26
993.55 369.39
982.07 360.00
964.33 361.82
961.98 355.82
962.76 349.56
950.49 360.00
967.98 381.40
969.28 371.22
1005.03 340.16
1008.17 340.16
1004.77 345.91
997.73 343.04
998.51 334.68
1006.34 331.29
1008.95 329.99
984.68 330.51
977.63 329.20
980.77 327.12
984.42 324.51
985.72 319.03
923.88 324.51
917.87 315.90
917.35 325.03
927.01 319.55
908.74 317.20
904.04 317.20
898.56 315.37
953.63 318.24
944.49 317.20
937.71 316.16
935.10 316.16
931.71 315.90
934.31 328.16
932.49 332.08
941.62 328.94
959.11 319.03
961.72 316.16
845.85 354.52
846.11 341.47
840.37 331.29
838.54 327.38
838.02 325.55
762.87 334.68
766.26 331.29
761.56 329.99
776.70 348.52
771.48 341.21
765.74 364.96
777.74 366.26
774.87 360.52
896.48 382.70
888.13 391.31
848.72 356.34
844.55 328.16
836.72 342.25
829.67 385.05
836.98 370.44
996.42 315.37
1006.34 316.42
1002.16 317.20
1011.82 313.55
947.10 337.29
928.05 329.47
926.49 346.43
923.09 349.56
892.04 363.65
1074.84 353.19
1066.23 352.66
1067.80 350.06
1062.05 348.49
1058.92 339.88
1065.45 342.75
1063.62 335.70
1068.32 333.09
1057.36 333.09
1039.09 332.05
1043.00 334.14
1041.70 323.96
1041.44 316.65
1030.22 322.39
1032.30 316.39
1025.52 320.57
1027.09 328.92
1033.61 335.44
1034.13 311.17
1040.39 310.39
1036.74 306.74
1027.09 310.91
1069.62 312.74
1068.32 320.05
1061.27 316.39
1050.83 314.83
1057.36 309.35
1047.70 314.57
1047.70 309.35
1051.09 304.91
1046.14 301.78
1041.18 303.08
1037.00 295.78
1040.66 289.25
1033.35 290.03
1029.17 299.43
1070.67 303.08
1062.84 299.43
1069.62 297.34
1069.62 291.60
1057.62 294.47
1062.58 294.73
1052.66 295.25
1047.18 292.91
1053.18 287.69
1056.83 289.25
1065.45 289.51
1080.06 296.30
1077.19 292.91
1081.10 302.56
1074.84 300.73
1079.02 306.74
1081.89 308.30
1075.88 305.43
1081.63 299.95
1066.75 307.78
1070.14 309.35
1063.36 303.60
1074.84 315.61
1073.80 311.43
1080.06 315.87
1078.49 311.96
1083.97 313.78
1080.84 322.39
1088.93 316.65
1092.59 320.57
1073.28 332.57
1080.32 348.23
1078.49 343.53
1079.80 329.44
1086.84 331.27
1091.28 331.27
1087.89 326.57
1092.06 326.57
1095.72 326.83
1102.24 325.26
1086.32 357.88
1101.98 359.71
1106.94 353.71
1107.98 345.88
1105.37 339.10
1101.46 339.36
1103.55 333.09
1109.81 320.31
1117.90 327.61
1109.81 328.66
1122.86 339.88
1112.68 336.75
1113.46 344.58
1124.68 350.06
1120.25 346.66
1118.42 344.05
1129.38 339.36
1137.21 346.66
1129.38 349.01
1135.91 352.66
1143.99 336.75
1156.00 342.75
1161.22 338.57
1155.22 333.09
1144.52 326.57
1168.52 326.83
1161.22 321.09
1172.70 316.91
1166.70 313.78
1184.44 316.65
1184.18 323.96
1181.05 338.57
1125.99 314.57
1132.51 307.26
1138.25 315.61
1099.37 314.04
1219.41 320.31
1268.73 320.05
1230.63 330.74
1222.28 332.57
1218.37 333.61
1212.63 336.75
1203.23 337.27
1210.80 331.27
1189.92 328.13
1196.45 325.79
1193.84 318.48
1193.84 315.61
1201.67 309.35
1207.67 309.08
1205.58 303.60
1208.19 298.12
1218.11 303.60
1222.02 301.00
1148.95 342.75
1151.30 349.53
1158.09 349.01
1161.48 354.49
1164.09 348.23
1166.96 342.75
1153.13 324.74
1154.69 324.48
1154.69 315.09
1158.35 300.73
1214.98 311.43
1222.80 315.09
1232.20 308.30
1243.42 313.00
1246.16 332.31
1250.34 327.61
1235.20 326.57
1232.59 318.22
1236.24 313.00
1248.25 309.35
1249.29 308.82
1248.25 303.08
1248.77 298.39
1238.85 291.60
1234.68 297.34
1221.63 294.21
1141.78 377.20
1150.65 381.89
1155.87 376.15
1150.65 372.50
1144.39 368.32
998.77 412.16
988.86 408.51
1122.47 389.20
1108.90 380.33
1109.42 371.98
1115.68 371.98
1092.72 367.28
1080.71 370.93
1103.15 303.08
1109.42 303.60
1097.94 297.34
1090.63 297.34
1090.63 305.17
1085.93 286.38
1091.15 279.07
1104.72 288.99
1110.98 294.21
1118.81 290.03
1271.21 313.00
1259.73 299.43
1268.60 297.34
1262.34 291.60
1272.26 293.69
1271.21 283.77
1267.04 283.25
1265.99 288.47
1252.42 284.82
1247.73 279.07
1230.50 284.29
1273.82 394.42
1263.38 391.81
1246.68 391.29
1248.77 396.51
1253.99 407.47
1243.03 382.94
1225.81 361.02
1220.06 362.06
1234.16 363.63
1240.42 361.54
1242.51 352.66
1235.72 338.05
1204.93 346.40
1216.41 344.31
1199.71 352.66
1193.45 340.14
1187.71 335.96
1176.75 393.90
1167.35 394.94
1163.18 382.94
1139.69 295.78
1136.04 290.03
1133.43 286.38
1127.68 290.03
1128.21 280.12
1129.77 278.03
1122.99 278.03
1128.21 273.86
1118.81 279.07
1115.16 280.12
1117.25 285.34
1120.38 283.77
1122.99 284.82
1095.33 288.99
1100.02 286.38
1104.72 283.77
1101.07 283.25
1104.20 277.51
1106.29 281.16
1107.33 274.38
1112.55 278.03
1111.51 272.81
1107.85 268.11
1109.94 262.90
1104.72 260.81
1104.72 264.98
1114.12 266.03
1116.72 263.42
1117.77 267.07
1121.94 266.03
1120.38 259.76
1107.85 285.34
1120.90 295.25
1115.68 293.69
1143.34 301.52
1128.21 299.43
1125.08 303.08
1123.51 305.17
1119.33 309.35
1115.16 310.39
1105.76 307.26
1118.29 301.52
1111.51 301.52
1120.38 320.31
1123.51 325.00
1115.16 321.35
1129.77 326.57
1134.99 330.74
1136.04 326.57
1148.56 315.61
1144.39 310.39
1137.60 305.69
1136.04 299.95
1149.08 301.52
1153.78 303.60
1148.56 295.78
1144.91 293.69
1144.39 288.99
1141.25 286.90
1144.39 286.38
1143.34 281.16
1140.21 280.64
1134.99 281.68
1148.04 280.12
1149.08 272.29
1144.39 273.86
1220.59 264.98
1210.67 266.55
1211.19 271.77
1207.02 268.11
1201.80 264.46
1204.41 262.37
1208.06 262.37
1198.14 262.37
1192.92 259.24
1185.10 259.76
1183.01 260.81
1183.01 255.07
1182.49 258.20
1179.35 258.72
1175.18 257.15
1165.78 258.20
1145.95 259.24
1141.78 259.24
1138.65 259.24
1134.99 259.76
1131.86 257.15
1150.65 265.50
1154.30 265.50
1153.78 261.85
1150.65 258.20
1147.52 260.81
1144.91 264.98
1138.12 268.64
1135.51 263.42
1138.65 261.85
1129.77 264.98
1133.43 270.20
1129.77 270.72
1167.87 304.65
1177.27 303.08
1171.00 293.69
1164.22 296.30
1162.65 285.34
1161.61 282.73
1168.39 283.77
1163.18 279.07
1164.22 269.68
1159.00 270.20
1160.57 264.46
1163.70 264.46
1185.62 276.47
1181.96 275.42
1189.27 272.81
1185.62 273.33
1181.96 307.26
1173.61 308.82
1181.44 298.39
1184.57 297.86
1187.18 294.21
1192.92 291.08
1198.67 296.30
1200.23 286.38
1204.41 286.38
1208.06 288.99
1205.45 281.16
1197.62 282.73
1196.06 276.99
1202.32 279.60
1196.58 268.64
1234.68 276.99
1228.41 279.07
1221.11 285.34
1221.11 281.16
1222.15 277.51
1219.02 278.03
1220.59 270.20
1217.45 270.20
1212.76 276.47
1225.81 272.29
1226.33 267.07
1218.50 259.76
1212.76 259.24
1224.76 258.72
1234.68 264.98
1233.11 270.20
1236.24 272.29
1241.46 264.98
1245.12 264.98
1250.34 260.81
1257.12 264.46
1264.95 266.55
1272.26 262.37
1074.97 275.94
1067.66 279.07
1070.27 270.72
1065.58 264.98
1057.23 262.90
1056.70 276.47
1049.92 277.51
1048.88 264.98
1053.05 264.98
1268.60 345.36
1270.17 337.01
1276.43 347.97
1240.42 321.87
1245.64 319.26
1251.90 317.70
1254.51 313.00
1260.25 314.57
1261.82 308.30
1253.99 305.69
1266.51 305.17
1274.87 278.03
1274.87 271.77
1276.95 269.68
1276.43 265.50
1270.17 271.77
1032.70 279.07
1029.04 276.99
1029.04 265.50
1022.78 262.37
1017.04 262.37
1012.86 264.46
1004.51 265.50
1013.91 272.81
1008.17 274.38
998.77 279.60
994.07 280.12
1000.34 281.68
998.25 296.30
996.68 290.03
988.33 295.25
989.90 291.08
1019.13 323.44
1015.99 316.65
1019.13 312.48
1023.82 301.52
1010.25 301.52
1013.39 301.52
1008.17 308.82
998.77 306.74
1002.95 305.17
1012.86 283.25
1021.74 293.69
782.70 297.34
787.40 297.86
789.48 293.69
781.13 295.78
772.26 297.86
771.74 282.73
772.26 285.34
780.61 280.64
780.61 275.42
775.91 275.42
787.40 279.07
790.53 274.38
792.61 279.60
797.83 279.07
799.92 275.42
797.83 273.33
799.92 271.77
802.01 269.16
797.31 267.07
792.09 269.16
788.96 268.11
784.26 261.33
779.04 262.90
778.52 268.11
775.39 260.81
774.87 264.46
770.69 270.72
770.69 273.33
770.17 305.17
778.00 306.74
774.87 299.43
774.35 290.03
771.22 311.96
790.01 312.48
780.61 312.48
798.36 305.17
793.66 299.43
799.92 301.00
801.49 296.30
795.22 290.56
806.71 291.60
809.84 293.69
807.23 301.52
801.49 301.52
803.57 308.30
807.75 308.30
814.01 310.39
796.79 323.44
802.53 322.92
828.63 308.82
833.32 312.48
843.24 305.69
840.11 305.17
833.85 302.04
831.24 301.00
836.98 295.78
829.67 293.69
822.36 298.39
820.80 295.25
820.28 290.03
811.93 280.64
819.75 276.47
961.19 302.04
960.15 299.43
934.05 291.60
943.97 286.38
935.10 261.33
930.92 264.98
933.53 268.11
900.13 266.03
896.48 270.72
894.91 279.60
892.30 275.42
890.73 271.77
893.34 270.20
891.78 264.46
852.63 265.50
815.58 264.46
830.71 273.86
862.55 293.69
855.24 295.25
856.81 298.39
875.08 303.60
866.20 291.08
870.38 290.03
858.90 284.29
941.88 308.82
971.63 299.43
963.80 290.03
955.45 284.29
948.15 281.16
950.23 274.38
965.37 282.73
976.85 283.77
925.70 293.69
933.53 296.30
929.88 286.38
923.09 280.64
926.75 279.07
922.57 273.33
922.57 270.72
918.40 259.24
914.22 258.72
838.02 262.37
833.85 263.42
821.84 259.76
825.50 259.76
849.50 258.72
840.63 272.81
824.97 282.73
840.63 294.73
845.85 293.69
851.59 305.69
860.46 306.74
866.73 305.17
864.64 301.52
868.29 301.00
865.68 312.48
876.12 310.39
882.91 310.39
884.99 303.60
886.04 299.43
881.86 293.69
874.56 292.12
882.38 286.90
880.30 275.42
882.38 276.47
874.03 274.38
865.16 274.38
918.92 303.08
916.31 297.34
905.35 288.99
906.91 291.60
905.35 281.68
906.39 278.03
904.30 271.77
911.09 272.81
905.35 263.42
883.95 268.64
875.60 268.64
876.64 262.90
872.99 262.37
865.16 262.37
861.51 261.33
857.85 259.24
851.07 278.03
839.59 286.38
830.19 282.73
900.65 308.82
892.82 299.43
899.61 295.78
906.91 299.43
892.82 305.69
888.13 310.39
907.96 305.69
921.01 308.82
926.23 305.69
944.49 299.43
1015.47 292.12
1010.78 292.12
1006.60 291.60
1090.63 270.20
1083.32 268.11
954.41 269.68
961.19 268.64
973.72 264.98
964.85 261.33
973.72 259.24
973.20 272.29
977.89 268.11
979.46 261.85
951.28 290.56
937.71 277.51
931.97 276.99
822.36 269.68
818.71 269.68
806.71 268.11
810.36 266.03
805.14 263.42
793.14 258.20
790.01 257.68
796.79 258.72
804.62 257.68
799.40 257.68
1078.10 282.73
977.89 306.74
983.11 305.17
978.94 297.86
978.42 287.95
984.68 279.60
981.55 272.81
983.64 266.03
989.38 266.55
997.21 264.98
850.55 285.34
950.23 309.35
614.12 420.80
627.17 418.19
657.96 426.02
643.35 418.71
655.35 414.54
668.92 419.76
677.27 419.76
680.92 413.49
686.67 416.10
692.93 408.80
691.88 398.88
707.54 413.49
699.71 404.10
699.71 382.18
680.92 392.62
671.53 389.49
661.61 389.49
650.65 392.62
639.69 395.23
618.29 400.97
626.65 398.88
604.20 411.93
589.07 418.19
582.80 427.06
582.28 412.45
587.50 399.92
596.90 397.84
585.41 390.53
581.24 396.27
568.71 393.14
572.37 391.57
576.54 388.44
569.23 381.14
561.93 396.79
552.01 391.57
540.01 400.97
533.74 403.58
528.00 412.45
526.44 406.19
521.22 398.88
513.91 404.10
490.95 409.84
500.34 410.88
495.64 407.75
501.39 396.79
510.78 393.14
501.91 386.35
512.87 389.49
472.16 406.19
461.72 408.80
421.53 404.10
426.75 404.62
410.05 418.19
406.40 409.84
344.81 419.76
334.89 418.19
338.55 413.49
353.16 407.23
357.34 408.80
365.17 407.23
368.82 409.84
378.21 418.71
360.99 425.50
390.22 411.41
381.34 409.84
321.32 333.64
311.41 331.55
317.15 325.81
322.89 329.47
312.45 321.64
308.28 323.20
302.54 322.68
297.84 322.68
293.14 322.68
276.44 325.29
281.14 326.86
269.65 333.64
264.44 328.94
271.74 324.25
281.66 337.29
278.01 336.77
264.44 347.73
261.30 347.73
264.44 353.47
276.96 352.43
272.79 357.13
271.22 366.00
264.96 361.82
264.44 367.57
259.74 371.22
258.17 384.27
260.26 385.83
263.91 396.27
260.26 407.75
267.04 406.19
272.26 394.18
283.22 387.92
291.57 392.62
296.79 396.27
300.45 397.84
317.15 402.53
316.63 400.97
306.71 397.84
312.97 392.62
300.45 389.49
289.49 380.61
288.97 371.74
283.75 358.69
287.40 354.52
290.53 348.25
289.49 342.51
295.75 345.64
293.66 339.90
300.97 336.25
304.62 331.55
321.32 348.25
322.89 344.60
307.75 340.95
312.97 339.90
316.63 337.29
329.67 338.86
328.63 332.60
332.28 332.60
334.37 323.72
328.63 327.38
324.98 323.20
319.76 320.59
341.16 323.20
343.77 329.47
339.07 337.82
346.38 339.90
351.07 343.56
337.50 355.56
346.90 352.95
343.24 350.86
338.03 349.82
333.85 347.21
329.15 344.60
328.11 348.25
328.63 353.47
322.89 355.04
314.02 351.39
314.02 359.21
300.45 351.39
296.27 351.91
350.03 395.23
346.90 396.27
343.24 403.58
325.50 397.84
321.32 392.62
324.98 382.18
319.76 384.79
315.06 382.70
306.71 380.61
311.41 373.31
307.23 366.52
305.14 360.78
299.93 368.09
296.79 363.91
338.55 379.05
338.55 376.96
330.20 374.87
331.24 371.22
326.54 366.52
333.85 363.91
327.59 362.87
338.03 361.82
343.24 369.65
348.46 376.96
345.85 382.70
336.98 385.83
330.20 385.83
354.73 391.57
362.56 386.35
360.47 380.61
356.29 375.39
354.73 371.22
352.64 364.43
351.07 361.82
357.86 360.26
359.95 368.09
364.64 369.65
369.34 371.22
372.99 362.87
366.73 362.87
363.60 359.21
359.42 353.47
359.42 347.21
351.07 336.77
351.07 330.51
381.87 354.52
379.26 349.30
375.08 343.56
377.17 339.90
383.95 338.34
385.00 332.60
387.61 323.72
379.26 325.81
373.52 321.64
372.47 327.90
368.30 322.68
359.42 325.29
357.34 336.77
373.52 380.61
377.17 390.01
378.21 384.27
379.78 373.83
388.13 371.74
392.83 369.13
397.52 367.57
394.91 358.17
390.22 350.86
394.91 350.86
406.40 353.47
406.40 360.26
391.78 383.74
389.17 380.61
393.87 376.96
400.66 372.78
408.48 377.48
404.31 380.61
399.09 387.40
403.26 395.23
412.14 392.62
413.70 395.23
389.70 398.88
386.04 390.53
512.87 384.27
520.17 382.18
524.87 380.09
535.31 376.44
542.62 373.31
546.27 366.00
536.88 362.87
529.05 364.43
521.22 366.52
518.09 365.48
506.60 365.48
506.60 363.91
497.21 363.91
497.21 372.78
495.64 370.18
485.73 369.13
478.42 377.48
475.81 375.39
471.11 373.31
462.24 395.23
456.50 401.49
452.33 408.27
443.97 401.49
429.88 404.10
431.45 397.31
447.63 384.27
451.28 382.18
450.76 373.31
450.76 367.57
443.45 358.17
402.74 325.29
395.96 343.56
393.35 337.29
398.57 336.25
387.61 343.56
412.14 341.47
406.40 339.90
407.44 331.03
418.92 331.55
409.01 320.59
412.66 321.64
431.45 350.86
453.89 344.08
444.50 344.08
444.50 335.21
439.28 335.21
427.80 338.34
430.40 332.60
422.58 326.86
425.71 325.29
428.32 326.33
434.06 325.29
438.76 325.81
448.15 327.38
457.54 329.47
458.59 330.51
473.20 341.47
468.50 345.64
464.85 341.47
465.37 334.68
474.77 327.38
472.16 333.12
488.34 326.33
489.90 328.94
495.64 325.81
438.76 382.18
431.45 383.74
423.10 382.18
421.01 387.92
417.36 375.39
419.44 362.35
414.75 352.95
425.71 355.56
420.49 351.91
425.71 364.43
422.05 372.78
433.01 368.09
435.62 361.82
473.72 392.62
480.51 391.57
493.56 384.79
486.77 384.79
492.51 349.82
486.77 349.82
476.86 348.78
477.38 341.47
593.24 381.14
588.55 376.44
582.80 382.70
579.67 371.74
577.59 364.43
582.80 366.00
585.94 358.69
592.72 360.26
589.59 356.08
585.94 351.39
579.15 351.39
574.98 352.95
570.80 362.35
564.54 363.91
554.10 362.87
553.05 373.31
542.62 384.27
540.01 389.49
615.16 391.57
611.51 386.35
615.16 374.87
604.20 380.61
604.20 373.31
597.42 368.09
594.29 374.87
598.46 360.26
601.07 351.39
610.99 351.91
620.90 349.30
627.17 347.21
632.91 371.22
625.60 371.22
653.26 371.22
639.69 366.52
635.52 369.13
689.80 367.57
695.02 370.18
677.79 363.91
679.88 358.17
683.53 354.52
674.66 353.47
672.05 347.73
659.00 349.30
644.91 348.78
638.13 339.90
644.91 336.25
615.16 334.16
606.29 331.03
609.94 328.94
597.42 324.25
605.25 321.64
589.59 329.47
582.28 332.60
600.03 340.95
606.29 344.08
592.20 340.43
573.41 340.95
569.76 339.90
569.23 333.12
570.80 326.33
574.98 331.55
564.02 327.38
557.75 326.33
553.58 325.29
547.84 327.38
543.66 326.86
540.53 322.68
544.70 320.59
531.13 320.07
521.22 317.98
509.74 317.98
499.82 318.51
479.46 317.98
509.74 344.08
517.04 345.64
522.78 351.39
525.92 350.86
533.22 348.78
536.35 339.90
540.01 343.56
547.84 344.08
544.70 339.90
541.05 336.77
546.79 336.25
550.97 337.29
556.71 342.51
559.32 338.86
552.53 354.52
545.23 358.17
540.53 352.95
505.04 356.08
510.26 355.04
501.91 348.25
482.07 362.35
458.07 360.26
465.89 363.91
437.19 348.78
446.58 351.39
452.85 336.25
372.47 336.25
368.30 333.64
363.60 332.60
362.03 339.90
443.97 411.93
657.44 464.64
678.84 382.18
661.09 383.74
660.57 373.83
649.09 380.61
674.66 339.90
685.10 343.56
692.93 343.56
735.20 351.39
728.42 355.04
741.99 380.09
748.77 382.18
763.39 401.49
756.08 406.19
756.08 398.88
747.21 402.53
739.90 411.93
730.51 407.23
729.46 399.92
728.94 392.62
710.15 380.61
704.41 367.57
703.37 362.87
702.84 352.95
701.28 341.47
698.15 329.99
708.06 331.55
706.50 325.81
725.29 339.90
656.39 329.99
750.34 422.37
744.08 413.49
743.03 349.82
748.25 346.17
752.95 336.25
731.55 331.03
736.25 327.90
736.25 323.20
719.02 332.60
713.81 339.90
714.85 350.86
659.00 338.86
668.40 334.16
684.06 331.55
750.34 326.86
745.12 325.81
742.51 327.90
719.55 366.00
722.16 373.31
719.55 380.61
714.33 371.74
738.86 361.82
749.82 361.82
745.12 363.91
738.86 367.57
763.91 382.70
750.34 376.44
756.08 378.53
759.21 369.65
689.28 389.49
648.04 358.17
643.35 358.69
659.00 360.78
663.18 366.00
610.99 360.26
522.26 330.51
533.22 326.86
513.39 325.29
505.56 331.03
519.13 337.82
511.82 339.90
566.10 355.04
394.39 320.59
483.12 334.16
476.86 332.60
638.13 332.60
620.38 329.99
619.86 339.90
690.32 352.95
284.27 305.17
278.01 309.35
280.61 294.21
300.45 309.35
294.71 302.04
300.45 303.08
317.15 288.99
324.98 294.21
322.89 290.03
331.24 297.86
334.89 296.30
340.11 303.08
352.12 313.00
357.34 309.35
343.77 286.38
340.11 279.07
383.43 292.64
377.69 293.69
373.52 290.56
393.87 302.04
384.48 303.60
379.78 301.52
402.22 297.86
642.30 264.98
658.48 263.42
692.93 299.43
583.85 310.39
580.19 303.08
573.93 294.73
501.39 275.42
496.69 275.42
493.03 273.86
486.25 280.64
474.25 284.29
471.11 291.08
469.55 286.38
457.54 290.56
453.89 296.30
447.11 293.69
443.97 290.03
447.63 281.68
453.37 275.42
429.36 275.94
429.36 283.25
424.14 281.68
423.10 318.22
422.58 312.48
427.27 314.57
445.02 310.91
437.19 311.96
434.06 313.00
451.80 308.82
448.15 303.08
326.54 305.69
323.41 303.08
330.72 315.61
390.74 291.08
388.13 287.43
389.17 282.73
386.04 281.16
379.78 284.82
364.64 280.64
359.95 280.64
360.47 276.47
527.48 286.90
520.17 290.56
514.96 282.73
529.57 279.07
549.40 283.25
540.01 287.95
561.93 292.12
556.19 284.82
554.10 287.43
554.10 279.07
552.53 275.42
555.14 275.42
560.88 276.47
560.88 273.33
564.02 272.81
568.71 271.77
563.49 281.68
564.54 287.95
569.76 286.38
567.67 278.03
571.84 281.68
571.32 278.03
575.50 275.42
555.14 308.82
550.45 310.91
551.49 319.78
556.71 316.65
570.80 321.35
572.37 321.35
566.62 321.35
566.10 317.70
563.49 317.70
563.49 321.35
563.49 312.48
569.23 311.96
570.28 312.48
576.54 305.69
560.36 303.08
559.84 297.86
550.97 299.95
546.27 299.95
538.96 301.52
538.96 306.74
544.18 305.17
538.44 294.21
533.74 290.03
535.83 284.29
540.53 268.11
540.01 272.81
544.18 271.77
528.00 273.86
528.52 268.11
524.87 269.68
519.13 264.46
515.48 270.72
517.56 270.72
440.84 283.25
438.76 276.47
436.67 271.77
436.67 266.03
436.15 260.81
431.97 264.46
438.76 262.90
443.97 266.03
445.02 262.37
441.89 258.72
449.72 259.24
449.19 261.85
469.55 266.03
434.06 299.43
438.76 297.86
435.62 290.56
427.27 295.25
425.71 288.47
415.79 301.00
412.14 301.00
412.66 294.73
415.79 288.99
418.92 292.12
410.57 290.56
410.57 286.90
412.14 281.68
417.36 285.34
418.92 284.29
419.44 280.12
403.26 311.96
413.18 314.04
418.40 319.78
400.13 319.26
398.05 314.57
395.44 308.82
402.22 306.74
392.83 295.78
398.05 292.64
400.13 288.99
397.52 283.77
403.26 284.82
400.13 283.77
398.57 275.42
401.70 273.86
390.22 273.33
394.39 275.42
393.35 270.20
389.70 267.07
391.78 261.33
396.48 267.07
398.57 261.33
400.13 262.90
402.22 259.24
403.26 259.24
407.96 265.50
408.48 261.85
412.14 264.46
415.79 261.85
418.40 259.76
416.83 266.03
421.01 264.46
423.10 258.72
417.36 271.77
423.62 271.77
426.23 269.16
429.88 270.20
425.71 261.85
442.93 275.42
446.58 275.94
448.67 272.29
454.93 284.82
454.93 286.90
459.11 287.43
459.11 273.33
463.29 270.72
460.68 264.98
460.15 262.37
452.85 262.37
299.40 293.69
303.06 293.69
305.67 303.60
310.89 310.39
337.50 308.82
335.94 305.69
348.99 305.69
354.20 301.52
360.47 301.00
499.30 305.17
501.39 301.00
505.56 303.08
505.56 299.43
503.47 297.86
497.73 292.64
508.17 293.69
516.52 302.04
512.35 297.34
525.92 299.95
534.27 303.08
533.22 298.39
530.61 298.39
526.44 296.30
504.52 268.11
494.08 264.98
469.03 298.39
463.29 299.43
456.50 301.52
374.56 308.82
375.08 305.17
368.30 301.52
371.43 295.78
374.04 297.86
364.12 310.39
359.42 319.78
364.64 316.13
382.39 310.39
390.22 314.04
352.12 284.82
291.57 274.38
297.84 262.90
283.22 281.16
275.40 293.69
268.61 294.21
262.87 293.69
259.74 290.03
264.44 299.43
260.26 299.95
260.26 307.26
291.57 291.08
296.79 287.43
283.75 286.38
287.92 285.34
287.40 279.07
265.48 269.68
261.83 264.98
326.02 274.38
330.72 273.33
326.54 268.11
330.72 267.07
328.63 263.42
331.76 257.15
352.64 271.77
335.42 276.47
735.20 340.66
729.46 337.01
724.77 333.35
724.77 328.66
725.29 323.44
728.94 321.87
729.98 319.78
729.98 316.13
735.73 316.13
739.38 314.04
741.47 317.70
726.85 303.08
722.16 303.08
725.29 295.25
741.47 299.43
749.30 295.78
741.99 291.08
715.37 274.38
720.59 271.77
710.15 267.07
714.85 264.46
727.38 270.72
466.42 310.39
483.64 305.17
757.65 283.77
754.51 287.95
380.64 265.29
375.52 272.45
371.43 279.61
318.24 276.54
313.12 265.29
275.27 276.54
286.52 267.33
706.46 284.34
711.57 286.39
710.04 282.81
704.41 273.09
697.76 264.40
683.44 257.75
674.74 258.77
677.30 267.47
719.24 261.84
721.80 265.42
725.89 261.33
731.01 260.31
736.12 261.84
741.24 260.82
737.66 278.72
725.89 282.30
718.73 283.32
716.69 291.51
711.57 303.78
744.82 279.23
751.47 267.47
745.84 269.00
748.91 260.31
754.02 264.91
757.09 268.49
766.30 262.35
760.16 272.07
765.28 279.74
967.83 267.98
955.55 261.33
1258.61 486.25
1253.49 468.86
1263.21 458.63
1269.86 450.96
568.86 261.33
564.26 261.33
557.10 259.28
560.17 264.40
566.31 265.93
576.03 259.79
504.93 258.77
511.07 263.89
516.69 260.31
482.42 259.79
478.33 267.47
470.15 277.18
477.82 275.65
485.49 267.98
472.19 260.31
346.88 268.49
346.88 275.14
347.90 259.79
353.02 265.42
361.71 260.82
359.15 269.00
367.34 269.51
372.45 266.44
377.57 260.31
371.43 261.84
