24.23 137.11
87.64 133.59
150.18 135.35
278.76 138.87
418.80 126.54
397.66 130.07
411.75 110.69
448.74 130.07
511.28 200.52
606.40 182.91
547.39 147.68
554.43 132.71
514.80 114.21
682.14 123.02
708.56 105.40
747.31 101.88
958.69 237.51
950.76 352.89
1028.27 354.65
1015.06 355.53
996.56 201.40
990.40 123.90
1023.86 210.21
822.12 72.66
794.50 58.34
882.47 17.42
852.81 7.19
92.74 194.39
369.96 210.76
542.85 69.59
510.11 50.15
583.77 78.80
840.53 139.15
512.16 171.89
-105.72 134.04
262.50 594.00
409.50 515.00
472.50 90.50
19.39 816.83
462.88 886.54
561.43 828.85
489.32 709.87
388.36 646.17
323.46 634.15
229.72 518.77
186.45 539.20
238.13 556.03
256.16 768.76
198.47 796.40
870.32 857.70
952.04 760.34
852.29 642.56
667.20 611.31
638.35 560.83
548.21 534.39
503.74 515.16
459.27 516.36
418.41 505.55
372.74 510.35
456.87 463.48
27.20 441.25
3.76 369.13
30.20 372.14
16.38 322.86
70.47 331.27
137.77 373.34
161.21 320.46
170.22 318.65
181.64 316.25
178.03 327.67
185.25 328.87
203.27 328.87
230.92 322.86
216.49 321.06
243.54 317.45
261.57 316.25
327.07 355.31
354.11 352.91
379.35 346.90
321.66 380.55
354.71 378.15
401.58 374.54
425.62 365.53
357.11 402.79
382.95 413.00
370.94 405.79
398.58 408.19
416.01 404.59
426.82 391.97
459.88 404.59
464.68 373.34
489.32 363.12
485.72 400.38
479.71 424.42
494.13 461.68
235.72 289.51
184.65 291.91
170.22 294.32
252.55 285.30
254.35 270.88
263.97 272.68
322.26 270.88
337.28 273.28
367.33 288.31
361.92 297.92
366.73 306.34
428.03 289.51
502.54 312.95
506.75 297.92
512.16 311.14
525.98 310.54
522.37 299.12
534.39 302.13
538.60 359.82
537.40 379.05
529.58 406.09
509.15 435.54
522.97 450.56
559.03 400.38
609.51 427.42
583.67 492.33
623.33 517.57
692.44 507.95
670.80 453.26
662.99 433.43
651.57 388.36
610.71 393.77
736.31 413.00
781.98 413.00
810.22 451.46
866.11 438.24
880.53 437.64
763.35 473.70
773.57 499.54
892.55 535.59
765.75 331.27
966.47 589.68
1008.53 505.55
965.87 394.97
915.99 343.89
738.11 297.92
697.25 286.50
653.98 310.54
614.32 281.10
594.49 275.69
577.66 273.88
650.37 278.09
670.20 278.09
767.56 302.13
785.58 306.94
813.83 310.54
821.04 306.94
848.08 290.71
874.52 317.15
900.36 305.13
913.58 299.12
934.02 300.33
944.83 325.57
947.24 303.33
963.46 308.74
1021.15 406.69
1021.75 326.17
1008.53 289.51
874.52 270.88
824.65 279.29
804.21 279.29
539.20 312.95
534.39 290.71
512.76 291.91
409.86 263.19
449.76 263.19
594.25 264.79
641.31 261.21
627.50 259.67
885.29 261.21
927.23 261.21
940.53 261.21
728.34 262.69
709.94 263.33
753.39 257.92
715.93 258.56
853.03 265.09
866.94 260.28
894.87 263.97
902.36 266.54
949.67 259.90
545.00 870.50
392.50 791.50
369.00 675.50
491.00 604.00
415.50 502.00
446.00 472.50
323.50 477.50
380.00 462.50
463.00 438.50
378.50 372.50
331.50 335.00
330.50 299.50
336.50 294.50
