118.68 714.59
102.56 300.25
111.09 279.39
341.49 380.84
406.91 202.59
563.36 342.91
573.79 321.11
466.65 747.77
882.88 581.85
891.42 744.93
901.85 298.35
792.81 201.64
737.82 228.19
897.11 136.22
943.56 142.85
921.76 137.16
1.11 350.26
744.93 117.96
588.48 100.90
884.31 123.65
971.06 258.76
899.48 75.30
505.52 133.61
515.00 128.39
385.82 60.72
449.11 64.51
503.86 33.22
538.94 40.57
555.77 35.83
370.41 21.08
413.43 20.48
1002.94 69.91
998.68 53.56
982.47 36.44
1006.25 636.83
439.78 17.39
455.13 19.43
538.50 16.88
784.01 43.31
823.91 35.64
810.61 41.78
949.61 26.08
311.14 20.81
276.06 0.91
118.31 187.45
161.98 0.69
597.99 49.92
336.00 437.00
421.50 358.00
496.50 455.00
336.00 229.00
295.50 223.00
331.50 186.00
336.00 70.00
317.00 77.50
354.00 67.50
341.00 484.00
117.50 880.50
209.00 706.00
89.00 447.00
113.00 441.00
379.50 736.50
451.50 516.00
499.50 388.50
483.00 356.50
420.50 318.00
342.50 469.50
314.00 385.50
304.50 370.50
310.50 305.50
