125.50 480.50
248.00 145.50
210.50 111.50
182.50 97.50
105.50 207.00
53.50 128.00
62.00 112.50
53.00 49.50
330.50 424.00
406.50 294.00
409.50 201.00
455.00 190.50
499.50 98.00
102.50 671.50
106.50 421.00
86.00 329.50
1107.27 708.10
1175.85 560.99
806.81 558.49
835.48 543.53
360.47 716.83
270.70 655.74
354.23 670.70
256.99 723.07
316.83 624.57
360.47 587.17
390.39 620.83
386.65 574.70
385.40 538.55
439.01 517.35
447.74 492.42
486.39 460.00
523.79 453.77
561.20 527.33
584.88 512.36
607.33 452.52
689.61 452.52
678.39 460.00
722.03 412.62
744.47 425.09
781.87 440.05
773.14 405.14
813.04 431.33
841.72 412.62
828.00 481.20
857.92 425.09
919.01 433.82
945.20 368.99
1108.52 370.23
1134.70 366.49
1123.48 344.05
1244.42 315.38
1274.34 299.17
1104.57 260.83
1079.01 270.81
1035.38 256.47
1046.60 292.62
1029.77 282.65
1037.25 314.44
1007.33 341.25
982.39 346.86
936.88 362.44
959.33 299.48
982.39 303.85
1002.34 291.38
1016.05 295.74
991.74 262.08
964.31 271.43
963.69 257.72
945.61 262.08
935.01 258.34
921.30 257.72
944.99 286.39
914.44 288.88
907.59 277.66
890.75 277.04
888.88 266.44
903.85 292.62
905.09 305.72
868.94 273.30
845.25 263.95
859.59 290.13
852.73 299.48
847.74 295.12
824.05 294.49
819.69 268.94
822.18 305.72
802.86 270.81
809.09 272.68
784.78 275.17
790.39 329.40
546.23 387.38
552.47 378.65
561.82 380.52
574.29 376.16
581.77 384.26
593.61 378.65
594.86 389.25
611.69 389.25
622.29 363.07
633.51 359.95
612.31 347.48
607.33 336.88
597.98 343.74
580.52 344.99
554.96 356.21
563.07 365.56
546.86 369.30
636.62 339.38
638.49 329.40
660.31 328.16
677.14 314.44
684.62 323.17
702.08 356.21
732.00 337.51
760.05 336.88
768.16 315.69
757.56 308.21
751.95 310.08
733.25 311.95
727.64 306.34
702.70 315.69
695.85 310.08
695.85 305.72
709.56 310.08
703.95 299.48
710.18 292.62
714.55 300.10
723.27 288.88
719.53 283.90
734.49 278.29
722.65 264.57
729.51 262.08
732.62 255.85
730.75 256.47
737.61 272.68
735.12 266.44
739.48 259.59
745.72 265.20
748.21 272.68
757.56 264.57
753.20 260.21
759.43 257.72
767.53 282.65
766.91 272.68
745.72 290.13
735.74 288.26
728.88 283.90
695.22 321.92
649.09 341.87
981.35 281.40
941.75 282.81
985.20 257.12
1278.87 347.13
