189.50 506.00
110.00 539.00
82.00 443.00
71.00 265.50
92.50 240.00
141.50 238.00
191.50 222.00
71.00 200.50
44.50 210.00
67.00 189.00
70.00 133.50
68.00 102.00
93.50 102.00
71.50 85.00
52.00 79.50
67.00 46.50
543.50 453.50
480.50 298.00
393.50 291.00
357.00 121.00
378.50 88.50
126.00 674.00
162.50 645.50
98.00 501.00
101.00 450.50
79.00 419.00
144.50 415.00
152.50 347.50
113.00 339.50
72.00 312.50
89.00 293.00
341.50 629.71
292.21 650.43
296.50 614.00
327.21 591.86
312.21 567.57
324.36 534.00
349.36 545.43
295.79 547.57
379.36 624.00
458.64 644.00
486.50 643.29
501.50 599.71
450.79 595.43
414.36 584.00
400.79 581.86
388.64 557.57
414.36 530.43
435.07 524.00
397.21 496.86
439.36 496.86
450.79 489.00
475.07 492.57
470.07 530.43
474.36 567.57
504.36 555.43
544.36 580.43
559.36 541.14
592.93 552.57
610.07 580.43
625.79 649.00
620.07 631.14
665.79 604.00
628.64 689.00
705.79 657.57
825.07 696.86
792.21 683.29
755.79 651.14
746.50 615.43
740.79 562.57
695.07 565.43
659.36 556.14
663.64 530.43
643.64 520.43
570.79 520.43
532.21 500.43
512.93 511.86
495.07 520.43
506.50 492.57
606.50 495.43
617.21 479.00
607.21 475.43
624.36 451.14
670.79 497.57
684.36 495.43
832.93 586.86
794.36 529.00
802.93 512.57
775.07 495.43
892.21 669.71
881.50 631.14
825.79 635.43
945.07 656.86
941.50 611.14
907.93 599.00
869.36 554.00
889.36 532.57
931.50 544.00
925.07 494.00
703.64 512.57
477.21 361.86
552.93 359.00
462.93 431.86
328.64 436.14
312.21 431.14
302.21 429.00
285.79 426.14
265.07 424.71
262.93 411.86
349.36 505.43
325.07 499.00
307.93 489.00
300.07 497.57
285.79 506.86
286.50 519.00
272.21 506.14
272.21 486.86
265.79 539.00
275.07 531.86
542.21 486.14
558.64 509.00
650.79 469.00
647.93 489.00
633.64 489.00
706.50 517.57
704.36 496.86
716.50 496.86
718.64 480.43
717.21 462.57
698.64 454.00
697.21 441.14
684.36 436.14
670.07 429.71
670.79 445.43
624.36 449.00
723.64 436.14
862.93 471.14
833.64 466.86
813.64 485.43
796.50 474.00
785.79 466.14
780.79 455.43
760.07 464.00
747.21 455.43
769.36 421.14
762.93 406.14
834.36 441.86
812.21 433.29
853.64 454.00
841.50 450.43
820.79 465.43
876.50 437.57
905.79 445.43
901.50 470.43
941.50 467.57
954.36 561.86
317.93 474.36
351.14 482.93
413.64 472.57
446.14 470.07
295.07 474.36
265.79 471.86
581.86 488.64
594.71 469.36
744.00 509.00
675.43 471.86
789.00 494.36
805.79 447.93
771.14 437.21
512.93 484.00
496.50 496.86
463.64 476.86
505.07 472.57
866.50 537.57
820.49 450.54
626.08 709.98
