236.50 426.00
121.00 463.50
93.50 225.00
147.50 157.50
121.00 121.50
112.00 110.00
80.00 101.00
86.00 56.00
355.34 671.89
452.55 580.75
537.61 589.26
383.28 614.78
365.06 612.35
349.26 611.13
303.08 608.70
295.79 637.87
310.37 512.70
282.42 521.21
271.49 512.70
277.56 495.69
448.91 516.35
470.78 512.70
487.79 515.13
1023.69 617.21
1137.92 637.87
1221.77 603.84
1225.41 568.60
1231.49 534.58
1178.02 524.85
1129.41 539.44
1097.82 541.87
1074.73 524.85
1052.85 513.92
1030.98 515.13
1023.69 534.58
1009.11 513.92
1003.03 523.64
967.79 523.64
922.83 513.92
905.82 523.64
887.59 527.28
840.20 546.73
820.75 517.56
830.47 522.42
775.79 555.23
787.94 526.07
766.07 515.13
730.83 540.65
727.18 521.21
738.12 501.77
695.59 524.85
687.08 538.22
661.56 530.93
644.55 541.87
678.58 517.56
668.85 507.84
694.37 504.20
681.01 496.91
634.83 510.27
603.23 524.85
605.66 498.12
588.65 495.69
580.15 510.27
554.63 516.35
560.70 504.20
527.89 521.21
518.17 501.77
501.16 493.26
480.50 540.65
456.20 501.77
767.28 680.40
681.01 656.09
612.96 647.59
753.92 636.65
769.72 636.65
820.75 637.87
732.04 629.36
742.98 602.63
817.11 714.42
723.54 726.58
721.11 685.26
708.96 682.83
629.97 750.88
898.53 636.65
1270.37 614.78
1004.25 442.22
945.92 445.87
919.18 439.79
817.11 450.73
725.97 444.65
715.03 444.65
1195.03 547.94
1157.36 546.73
1013.97 577.11
921.61 569.82
843.84 512.70
803.74 515.13
777.01 504.20
406.37 515.13
378.42 504.20
371.13 518.78
344.40 512.70
337.11 501.77
290.77 504.70
470.81 499.58
581.30 666.33
759.29 506.75
951.61 509.81
1070.28 505.72
346.01 557.89
264.17 631.55
440.12 756.35
962.87 509.81
955.64 523.64
355.34 504.20
535.18 506.63
498.73 521.21
388.15 633.01
705.31 515.13
712.60 507.84
858.42 521.21
866.93 517.56
975.08 524.85
1215.69 538.22
591.22 512.72
604.63 509.12
593.84 493.42
585.66 491.78
516.32 520.24
541.50 514.68
1255.21 534.96
1255.21 521.88
331.29 512.06
322.79 506.83
311.67 593.84
297.28 594.49
1158.25 645.87
94.00 780.00
106.00 536.00
101.00 500.00
197.00 518.50
146.50 380.50
119.50 354.50
70.00 352.00
57.50 345.50
61.00 329.50
362.96 979.90
442.75 897.61
405.35 666.96
349.25 632.05
298.13 536.05
313.09 514.86
381.66 556.00
477.66 464.99
517.56 479.95
654.70 567.22
594.86 734.29
553.72 676.94
653.46 522.34
632.26 507.38
917.77 607.12
1011.27 630.81
1225.72 812.83
1174.60 518.60
1032.47 436.31
977.61 487.43
886.60 506.13
763.17 512.36
734.49 463.74
800.57 469.98
825.51 472.47
829.25 402.65
877.87 442.55
897.82 407.64
943.95 430.08
958.91 372.73
1266.86 428.83
485.98 436.00
507.17 439.12
498.44 450.34
499.07 378.65
586.34 378.65
622.49 368.68
654.91 368.68
696.68 331.27
673.61 370.55
689.20 379.27
735.95 366.18
705.40 348.10
699.79 411.69
677.35 424.78
653.66 402.96
979.27 383.01
899.48 362.44
781.66 338.13
807.22 358.70
843.38 363.07
906.96 335.01
925.04 339.38
936.26 337.51
951.85 315.69
979.90 330.03
972.42 350.60
1007.33 353.72
1021.66 333.77
1013.56 321.92
1036.00 319.43
1052.21 303.85
1074.65 285.77
1062.18 266.44
1082.13 260.21
1098.96 269.56
1117.04 260.83
1123.90 281.40
1107.07 292.62
1095.85 290.13
1085.25 307.59
1119.53 320.05
1100.83 308.21
1112.05 303.22
1103.95 384.88
1077.14 419.17
1047.22 376.78
1123.27 408.57
1181.25 417.30
1168.16 447.22
1220.52 352.47
1239.22 343.74
1241.09 321.92
1194.34 310.08
1198.08 275.17
1211.17 285.77
1237.35 288.88
-64.06 737.76
