127.00 410.00
98.00 202.50
68.00 193.50
134.00 101.50
89.00 91.50
103.00 53.50
92.50 32.50
77.50 38.50
81.50 31.00
78.50 85.00
87.50 43.00
398.00 494.00
522.00 410.50
393.50 351.50
399.00 280.50
348.00 238.50
404.00 76.50
347.00 58.50
348.00 74.50
333.50 29.50
66.00 631.50
140.00 481.50
247.50 352.00
262.00 310.00
232.00 297.50
195.50 318.50
388.50 830.50
362.00 683.00
426.00 531.00
417.00 514.00
495.50 479.50
492.50 434.50
483.50 417.00
473.00 399.00
439.50 449.00
373.00 453.00
437.50 351.00
334.00 343.50
