105.50 170.00
206.00 133.50
493.96 432.39
647.56 507.29
839.24 612.65
830.36 671.05
664.06 419.70
709.76 363.85
393.68 348.61
264.20 290.22
295.93 282.60
392.41 225.48
375.91 195.01
330.21 83.30
316.24 61.72
274.35 45.22
293.39 46.49
360.67 80.77
345.44 54.11
332.75 47.76
337.82 16.02
383.52 59.18
389.87 92.19
415.26 62.99
397.49 13.49
419.07 3.33
439.38 27.45
485.08 94.73
486.35 192.47
515.54 104.88
523.16 116.31
516.81 141.70
562.51 170.89
716.11 198.82
566.32 54.11
558.70 23.64
589.17 42.68
660.26 68.07
690.72 43.95
705.96 59.18
736.42 150.58
755.46 149.31
788.47 160.74
825.28 172.16
978.88 324.49
1103.28 285.14
1085.51 250.87
964.92 203.90
920.49 160.74
893.83 134.08
1049.97 222.94
1071.55 217.86
975.92 129.32
946.09 96.95
938.47 85.53
909.27 65.85
903.56 62.04
915.62 54.42
884.52 56.96
849.61 82.99
814.70 63.31
825.49 52.52
796.93 53.79
795.66 42.37
781.70 37.29
793.12 0.47
811.53 3.65
770.91 3.01
824.86 16.98
849.61 49.35
1151.73 149.63
1181.57 131.22
1259.63 137.57
1278.78 162.17
1267.67 89.81
1274.34 61.88
1274.02 32.69
1266.40 33.32
1253.71 19.04
1246.41 34.59
1234.67 29.51
1228.32 27.29
1202.93 72.99
1202.30 100.28
1189.29 112.98
1153.43 116.78
1128.67 116.15
1104.87 118.05
1079.80 115.83
1046.79 103.46
1053.46 74.58
1062.35 80.92
1077.90 83.15
1086.46 53.63
1121.37 56.80
1136.61 59.34
1116.30 46.33
1127.09 44.11
1135.02 34.59
1149.30 33.64
1103.60 37.76
1069.96 42.84
1036.96 37.45
1053.14 33.32
1048.06 26.34
1043.30 19.04
1026.17 19.04
1047.43 7.30
1071.55 7.93
1087.73 15.55
1087.73 26.97
1101.38 22.53
1107.09 22.53
1099.48 15.87
1102.65 10.47
1110.90 11.42
1149.62 22.85
1143.91 13.64
1138.51 6.35
1255.30 75.21
1274.34 16.50
1252.44 8.25
1248.63 15.87
1240.06 13.64
1232.45 10.79
1231.50 17.45
1226.10 14.91
1218.48 14.91
1203.89 2.85
1189.60 2.22
1183.89 2.54
1174.05 7.30
1169.29 6.03
1151.20 11.11
1193.73 11.11
1212.14 12.38
1137.24 15.23
1118.52 27.29
1125.50 24.75
1120.10 19.04
1160.09 26.97
1159.77 79.02
1172.47 85.68
1005.12 95.05
1022.89 79.18
974.65 76.00
962.59 72.83
938.47 62.04
897.85 44.27
871.83 49.35
966.40 60.14
982.27 53.79
990.52 60.77
1002.58 54.42
1019.71 62.04
1015.91 12.53
976.55 19.52
1009.40 9.28
921.97 20.94
904.51 21.90
887.69 36.18
898.80 2.54
936.57 11.74
825.18 1.58
837.23 5.71
822.00 41.57
813.12 35.54
740.44 4.44
746.79 4.12
722.03 11.42
761.70 36.81
726.48 0.32
330.84 29.19
819.89 51.41
855.75 73.31
822.42 141.86
943.34 46.65
12.61 494.33
36.34 498.61
99.63 503.89
120.40 508.17
130.62 501.25
144.46 496.96
168.20 497.62
196.54 498.94
224.89 499.93
239.73 496.64
268.07 497.62
284.89 497.95
304.00 498.61
333.34 494.00
376.52 500.26
358.72 503.89
398.94 477.52
341.91 472.57
317.52 467.30
288.84 469.94
273.35 466.97
248.30 468.29
208.74 471.58
187.64 469.94
160.29 466.64
116.77 466.31
80.84 472.57
57.11 473.23
17.89 478.18
4.37 443.56
40.96 442.25
68.98 447.19
82.82 448.51
105.24 437.63
130.62 440.93
151.39 438.62
180.72 441.26
203.47 449.17
223.90 439.28
252.25 442.25
333.34 439.94
365.97 444.22
383.44 442.58
380.48 421.81
357.07 422.80
326.42 416.21
303.34 417.19
278.62 419.50
253.90 414.56
229.84 418.84
194.90 416.86
174.46 420.49
162.26 420.82
138.53 416.54
112.82 417.52
86.78 409.61
72.93 414.89
50.19 409.61
25.80 411.92
25.14 390.16
48.87 388.19
69.64 389.18
91.39 392.80
115.79 393.13
134.90 394.45
148.09 395.11
183.69 406.65
166.88 405.99
213.36 392.80
221.60 395.11
244.34 369.40
224.56 374.01
303.01 370.72
323.12 369.40
339.60 370.72
361.03 375.66
363.34 394.45
379.82 394.45
397.29 377.97
373.56 358.19
385.42 359.51
346.53 355.88
328.40 353.58
317.19 353.25
300.05 338.41
275.99 361.49
257.86 352.92
200.83 368.74
174.13 368.74
148.42 365.11
125.67 364.78
115.79 366.76
95.35 373.35
74.25 346.32
38.65 370.39
21.51 362.15
8.00 323.25
25.47 333.47
37.00 333.80
55.79 331.49
75.24 328.19
92.71 338.41
100.62 347.31
119.74 330.17
124.03 351.27
138.53 349.62
156.33 352.26
170.50 340.06
184.35 348.63
187.31 335.12
202.81 341.05
204.13 356.54
214.67 355.22
240.39 357.20
235.11 340.39
246.32 339.07
259.83 340.06
275.00 335.45
320.81 319.95
298.40 306.44
143.80 337.09
132.60 330.17
14.92 315.67
33.38 315.34
54.47 308.75
31.73 303.14
40.96 293.91
34.70 264.25
14.92 262.93
16.57 290.62
69.64 260.95
85.46 282.05
79.20 294.57
87.11 309.41
91.72 322.26
89.41 260.95
110.51 275.12
107.54 284.02
114.14 296.22
131.61 284.68
131.28 312.04
112.82 312.70
103.92 318.96
164.57 320.94
142.16 268.86
143.80 258.31
155.01 263.26
159.96 273.48
156.00 288.97
154.68 300.51
137.54 299.19
154.35 318.96
185.34 393.13
172.81 272.49
172.48 259.96
173.47 287.98
183.03 311.38
174.46 318.31
195.89 316.33
196.21 301.49
186.99 288.97
188.96 258.97
195.89 272.82
210.06 274.79
202.48 283.69
212.37 301.82
228.19 300.84
233.79 289.30
304.99 434.66
374.87 323.25
365.97 326.55
380.15 344.68
396.96 343.69
388.06 320.28
346.20 336.11
335.32 315.34
345.54 289.96
358.72 274.79
366.96 272.16
377.84 263.92
376.52 274.14
388.72 291.28
398.28 285.34
396.96 277.43
337.63 278.75
317.19 264.58
306.97 265.89
293.79 277.76
281.59 277.43
294.11 290.95
272.36 301.49
259.83 315.01
229.51 274.79
258.19 287.65
259.50 305.45
242.03 303.80
228.52 320.94
214.67 324.24
207.42 316.33
264.45 277.76
249.29 263.59
260.82 266.22
277.63 263.92
289.83 265.56
242.03 278.42
323.45 292.92
323.45 276.77
180.06 299.85
215.66 337.42
247.31 325.23
282.25 319.29
371.58 310.72
384.76 309.74
398.28 318.64
368.61 290.95
331.69 296.88
307.96 295.89
57.44 295.89
128.97 269.19
251.92 278.75
349.82 258.31
333.34 266.22
237.42 261.61
219.62 260.95
353.12 307.76
356.74 340.39
7.34 416.86
83.48 500.59
140.96 451.54
116.18 308.88
95.80 306.88
398.70 307.68
270.43 322.47
224.48 311.68
217.28 312.88
204.90 257.73
143.76 375.61
331.97 303.69
263.22 804.10
390.39 777.92
392.88 847.74
422.81 745.51
487.64 743.01
414.08 670.70
456.47 673.20
412.83 648.26
333.04 690.65
727.01 845.25
815.53 817.82
808.05 719.33
770.65 723.07
933.98 708.10
1023.74 770.44
1147.17 696.88
1155.90 673.20
1072.36 605.87
981.35 607.12
976.36 574.70
889.09 607.12
870.39 623.33
810.55 569.72
774.39 593.40
753.20 587.17
713.30 638.29
693.35 644.52
608.57 618.34
569.92 629.56
535.01 635.79
503.85 620.83
470.18 638.29
322.65 610.55
338.23 607.43
352.57 598.70
369.40 592.47
380.62 585.61
389.35 588.10
355.07 582.49
348.83 575.01
350.70 569.40
351.95 560.68
338.86 565.04
333.25 566.91
328.88 573.77
320.78 599.95
327.64 596.83
311.43 576.88
294.60 588.10
296.47 580.00
292.10 578.13
283.38 588.10
280.88 596.83
265.92 585.61
264.68 606.18
274.03 582.49
297.09 566.91
257.20 579.38
258.44 589.98
366.91 565.66
378.75 571.27
394.96 571.90
403.69 582.49
420.52 569.40
429.87 563.17
430.49 578.13
447.33 570.03
450.44 576.88
451.69 553.82
432.99 589.98
467.90 576.26
464.16 560.05
478.49 549.46
487.22 556.31
476.62 569.40
494.70 575.64
500.94 556.94
539.59 522.03
552.68 553.82
558.29 558.18
584.47 560.05
603.79 556.31
590.08 561.30
617.51 548.21
636.21 547.59
588.83 582.49
570.13 601.20
707.07 560.99
715.79 541.04
829.04 546.96
882.65 533.87
905.09 529.51
983.01 542.60
971.79 503.33
1007.95 510.18
1019.79 545.09
1047.85 531.38
1049.09 512.05
1042.23 513.92
1093.35 568.78
1146.96 549.46
1168.16 564.42
1148.21 610.55
1196.83 548.21
1165.04 531.38
1168.16 511.43
1175.64 499.59
1213.66 533.87
1256.68 540.10
1276.62 509.56
1238.60 507.69
1212.42 470.29
1178.75 440.36
1204.94 409.82
1197.46 421.66
1183.74 398.60
1171.90 415.43
1112.05 447.22
1063.43 439.74
1064.68 432.88
1047.85 442.23
1038.49 445.98
1015.43 445.98
1045.35 470.91
1278.08 558.49
