153.50 536.50
76.00 398.00
91.00 193.00
87.00 150.50
196.00 126.50
176.50 75.00
383.00 540.50
477.50 399.50
555.00 524.50
385.50 430.00
398.00 284.50
427.50 196.00
477.00 187.50
348.00 216.00
334.50 164.50
386.00 171.00
411.50 133.00
335.00 114.00
326.00 103.50
331.50 72.00
335.00 28.00
362.00 81.00
342.00 67.50
93.50 468.50
45.50 372.50
135.50 368.00
161.50 360.50
221.00 362.50
239.50 334.00
252.50 305.00
223.00 295.00
278.00 873.00
339.00 770.50
433.50 685.50
351.50 568.00
429.00 577.00
442.50 455.50
486.50 418.00
447.00 414.00
392.00 410.50
352.50 393.00
384.00 358.00
432.50 369.00
478.50 365.50
516.50 367.50
535.50 323.50
515.00 331.00
516.50 313.00
484.50 321.00
456.00 325.00
457.50 302.50
420.50 309.00
510.50 280.00
560.00 354.00
496.50 352.00
