95.50 503.00
185.50 262.50
116.00 240.50
89.50 297.50
63.50 245.00
106.00 124.50
56.00 125.00
63.50 113.00
68.00 132.50
276.50 486.50
297.50 571.50
339.00 594.50
364.50 416.00
366.50 340.50
433.50 214.50
459.00 174.50
509.00 184.50
294.00 702.50
213.00 740.50
82.50 756.00
91.50 690.50
122.50 601.00
258.50 534.00
52.50 459.00
61.00 420.50
107.50 442.50
87.00 402.50
162.50 446.50
140.50 393.00
213.50 457.50
241.50 418.50
232.50 386.50
202.00 371.50
161.00 318.50
149.00 328.50
78.50 312.00
69.00 325.00
57.50 320.00
55.00 311.50
52.00 282.50
61.00 275.50
72.50 277.50
185.00 392.50
276.43 868.07
453.78 941.35
266.17 657.01
261.78 526.57
330.66 613.04
367.30 588.13
364.37 561.74
427.39 519.24
427.39 476.74
478.69 410.78
484.55 539.76
475.76 487.00
450.84 507.52
474.29 610.11
502.14 598.39
569.56 530.97
595.94 608.65
619.39 595.45
675.09 618.90
799.67 851.94
773.29 629.16
743.97 598.39
724.92 536.83
710.26 476.74
645.78 466.48
465.87 359.12
451.21 361.32
416.03 369.38
402.11 364.98
434.36 407.49
461.47 379.64
470.26 401.62
497.38 384.77
505.44 361.32
498.11 351.79
529.62 356.19
528.89 315.15
534.02 323.94
550.14 323.21
546.48 356.19
554.54 353.99
574.32 369.38
597.04 364.98
573.59 414.08
542.08 410.42
547.21 401.62
558.20 451.45
615.36 429.47
705.50 418.48
754.60 465.38
765.59 444.13
763.39 506.42
810.29 410.42
782.45 406.75
763.39 401.62
755.33 354.72
767.79 366.45
780.98 361.32
795.64 397.96
813.96 393.56
827.88 403.09
839.61 397.96
833.01 369.38
839.61 359.85
822.02 387.70
827.88 487.36
851.33 628.80
901.90 600.22
923.88 612.68
904.10 685.96
965.65 751.91
1011.82 647.85
1011.82 725.53
1055.06 774.63
1047.00 819.33
1158.39 864.77
1059.70 576.03
1049.44 554.78
1040.65 536.46
1012.80 494.69
886.75 377.44
866.97 357.65
927.79 392.83
918.26 398.69
898.48 414.81
881.62 417.74
908.00 411.15
924.86 420.68
957.10 394.29
944.65 424.34
1039.18 385.50
1034.78 400.89
1013.53 406.75
1012.07 420.68
1018.66 437.53
1011.33 447.06
1078.75 409.68
1074.36 399.42
1058.23 444.86
1080.95 436.07
1062.63 431.67
1060.43 488.10
1055.30 474.17
1075.82 461.71
1089.74 458.78
1108.07 429.47
1130.78 414.08
1152.03 404.55
1169.62 417.74
1139.58 439.73
1139.58 422.14
1155.70 453.65
1160.83 482.23
1159.36 515.94
1120.52 539.39
1178.42 582.63
1108.07 668.37
1195.27 451.45
1201.87 478.57
1209.93 508.61
1187.94 523.27
1251.70 590.69
1228.25 644.92
1235.58 488.83
1227.52 469.04
1225.32 438.26
1208.46 414.08
1244.37 375.24
1270.75 356.92
1264.16 411.88
1271.49 442.66
1267.09 463.18
1261.96 501.29
1277.35 507.88
1252.55 873.93
1086.94 478.20
