7.19 31.03
10.68 39.18
27.56 45.58
47.93 37.43
75.28 43.25
86.34 70.02
81.10 78.17
52.58 76.42
21.16 88.64
8.36 79.91
2.54 74.09
6.61 124.14
4.28 157.89
1.95 140.43
52.58 153.24
55.49 131.70
90.41 123.56
85.75 104.35
34.54 172.44
24.07 218.99
32.22 217.83
57.82 210.85
15.92 304.54
51.42 355.75
12.43 278.35
19.99 255.66
50.26 251.00
71.79 304.54
45.02 294.65
114.85 316.18
107.28 295.81
111.94 259.15
82.84 260.31
75.28 234.71
85.75 218.99
129.98 184.66
100.88 169.53
124.74 171.86
131.73 128.79
109.03 65.95
100.30 49.65
109.61 39.18
98.56 25.21
77.61 18.81
-9.68 473.30
149.77 100.28
156.17 80.49
146.27 70.02
132.31 70.02
156.75 42.09
148.60 25.21
171.30 12.99
178.86 25.21
192.25 37.43
177.12 70.02
182.94 113.08
185.26 161.38
164.90 188.15
146.86 192.23
171.88 238.78
176.54 292.32
148.60 291.74
150.93 263.22
132.31 239.36
146.27 328.40
153.84 388.34
114.85 396.48
81.10 378.44
258.01 366.22
196.90 388.34
231.24 317.92
197.48 279.52
202.14 256.82
223.09 241.69
270.81 281.26
252.77 279.52
262.08 225.40
227.75 194.55
185.26 200.95
271.97 173.60
251.02 148.58
275.46 145.67
287.10 139.27
216.11 111.34
207.96 104.35
225.42 77.00
217.27 29.87
243.46 43.83
257.42 82.24
237.06 94.46
298.74 177.10
313.87 168.95
305.72 259.15
318.53 247.51
290.59 345.86
304.56 351.09
314.45 388.34
325.51 365.06
351.12 336.55
376.72 363.31
386.03 338.29
397.09 325.49
383.70 269.04
344.13 268.46
345.30 230.05
337.15 213.76
344.71 154.40
310.96 144.51
372.07 128.79
359.26 112.50
324.35 90.97
297.00 83.99
290.59 63.62
278.96 57.80
256.84 50.23
277.21 36.27
308.63 47.32
310.38 63.62
334.82 64.78
366.83 67.69
337.15 35.10
369.16 39.18
403.49 67.69
397.67 39.18
393.60 48.49
344.71 10.66
439.57 17.65
420.95 12.99
412.22 24.05
429.09 46.16
434.91 97.37
438.99 141.60
411.64 144.51
377.88 144.51
362.75 143.93
442.48 376.12
409.31 381.94
410.47 394.74
423.86 341.78
448.88 335.38
469.83 386.01
500.67 373.21
504.16 340.62
500.09 305.70
476.81 271.95
459.94 234.71
421.53 240.53
384.29 233.54
367.41 211.43
403.49 210.85
422.69 198.63
444.23 200.95
493.69 240.53
502.42 224.81
488.45 188.73
461.68 188.15
475.07 169.53
442.48 165.46
462.85 85.15
453.54 13.57
472.16 15.90
483.80 35.10
475.65 39.76
490.78 74.09
500.67 55.47
509.40 11.24
521.04 25.21
552.46 70.02
558.28 98.53
541.99 100.28
543.74 118.90
458.19 303.96
425.60 288.25
607.17 365.06
585.05 363.31
544.32 363.31
644.99 394.74
675.83 369.13
722.39 369.13
723.55 342.95
679.33 344.69
651.39 315.01
615.31 306.87
579.82 320.83
568.76 297.56
543.74 316.18
578.65 274.28
533.26 278.35
507.66 257.98
541.99 255.07
528.02 239.36
539.08 218.99
553.05 216.67
576.91 238.78
604.84 240.53
614.15 282.43
643.25 267.30
693.87 270.21
728.21 283.59
721.23 248.67
713.08 221.32
723.55 209.10
720.06 193.97
686.31 196.30
683.98 182.91
711.91 159.64
665.36 221.32
651.98 232.38
641.50 251.00
596.69 218.99
576.32 184.08
555.96 178.84
536.17 192.81
518.13 173.02
500.09 151.49
483.21 121.81
482.63 104.35
512.31 113.66
514.06 102.61
523.37 89.22
533.84 49.65
541.99 25.21
594.36 28.12
637.43 60.13
593.20 62.45
617.06 76.42
590.29 84.57
591.45 104.94
576.91 124.14
601.35 104.35
618.22 131.12
615.90 122.98
657.21 121.23
666.52 92.72
649.65 93.30
658.96 70.02
674.67 60.13
673.51 17.06
712.50 21.14
705.51 39.76
714.24 80.49
711.91 109.59
699.11 100.28
691.55 88.06
718.90 129.96
686.89 148.58
692.71 140.43
625.79 171.86
629.28 141.02
637.43 141.02
634.52 360.99
578.65 160.22
541.99 145.67
380.21 12.99
292.34 259.15
198.65 227.72
16.14 8.23
72.86 6.77
241.59 201.68
467.05 280.95
411.05 6.77
451.77 3.86
550.68 6.77
593.59 176.95
261.98 366.08
258.23 218.96
303.12 204.00
257.82 172.52
275.27 152.57
300.21 143.85
312.68 137.61
320.78 136.99
329.51 107.69
360.68 119.53
385.61 84.62
365.04 67.17
408.05 106.44
401.20 108.31
427.38 107.07
427.38 98.34
449.20 97.72
453.56 64.05
463.53 51.59
450.44 139.48
435.48 130.75
458.55 153.20
448.57 156.94
411.17 157.56
388.10 168.78
368.16 175.64
355.07 168.16
363.17 208.68
417.40 226.13
479.12 216.16
555.17 249.20
590.08 272.26
641.82 256.68
703.53 327.12
663.01 189.98
605.66 148.83
549.56 111.43
517.77 113.30
536.47 85.25
513.40 79.01
482.86 146.34
490.96 137.61
487.22 127.01
492.21 105.20
504.05 49.72
477.87 23.53
531.48 47.22
544.57 86.49
568.88 30.39
570.75 55.95
582.60 49.72
596.31 85.25
608.78 76.52
630.60 71.53
663.01 112.68
719.12 150.70
711.64 87.74
682.34 77.77
677.98 84.62
642.44 62.81
737.20 105.20
758.39 91.48
765.87 87.12
745.30 62.81
675.48 64.68
687.95 52.83
704.78 36.62
722.23 37.25
724.73 25.40
710.39 26.65
701.04 26.65
672.99 27.90
667.38 26.65
664.88 17.92
656.16 12.31
655.53 34.13
636.21 37.25
616.26 55.95
615.01 39.12
609.40 47.22
335.12 45.98
338.23 34.75
317.04 49.72
315.17 42.86
293.35 40.99
301.46 23.53
258.44 45.35
273.40 34.13
358.18 2.34
359.43 29.77
383.12 12.94
341.98 12.94
401.20 1.72
444.83 3.59
466.65 1.72
482.23 2.34
461.66 12.31
586.34 32.88
596.94 29.77
602.55 31.01
597.56 21.04
596.31 10.44
608.78 21.04
611.90 17.30
605.04 12.31
615.01 6.08
636.83 22.29
631.85 14.81
631.85 8.57
662.39 4.21
684.83 12.31
702.29 4.21
709.14 15.43
755.27 25.40
760.26 6.08
745.92 16.68
751.53 4.83
737.20 4.21
731.59 10.44
731.59 14.81
686.49 4.21
798.70 39.12
781.25 47.85
795.59 21.66
780.00 10.44
768.78 3.59
789.98 1.72
794.96 6.08
804.94 4.83
813.04 10.44
811.79 6.08
819.90 3.59
835.48 6.08
846.08 36.62
841.09 47.22
819.27 39.74
805.56 48.47
797.46 50.34
798.08 64.68
806.18 77.14
818.65 62.81
857.30 62.81
866.03 48.47
851.07 45.35
870.39 16.68
881.61 8.57
894.08 10.44
899.07 14.81
912.16 7.95
917.14 4.83
923.38 14.81
902.81 29.77
917.14 35.38
916.52 47.22
908.42 38.49
914.65 59.07
902.18 59.69
894.70 75.90
882.86 75.90
877.25 69.66
900.94 93.35
889.09 82.75
908.42 87.74
926.49 93.98
935.22 82.13
932.73 69.04
932.10 34.13
943.33 17.30
937.09 13.56
934.60 8.57
957.66 12.31
972.62 44.10
974.49 32.26
985.09 27.90
976.99 16.68
972.62 25.40
970.13 16.68
952.05 3.59
930.86 12.31
922.13 3.59
978.86 78.39
965.14 93.35
964.52 78.39
1001.92 118.29
1044.94 80.26
1052.42 107.69
1067.38 111.43
1049.30 145.72
1027.48 223.64
990.70 213.04
977.61 206.18
914.03 141.98
902.81 138.23
813.66 189.98
807.43 145.72
781.25 119.53
765.66 17.92
745.72 6.70
803.69 372.00
1064.88 45.98
1053.04 27.90
1051.79 16.68
996.31 2.34
986.34 9.20
973.25 6.08
996.31 16.68
1008.78 7.95
1013.14 15.43
1009.40 34.13
1001.30 23.53
1028.73 16.68
1048.68 8.57
1007.53 59.07
1008.16 47.85
1103.95 60.94
1089.61 39.12
1095.22 11.07
1098.96 23.53
1112.68 45.98
1096.47 45.35
1141.35 74.03
1150.70 63.43
1156.94 88.99
1176.26 118.29
1125.77 203.07
1108.31 140.10
1227.38 109.56
1247.95 123.90
1225.51 188.10
1247.33 249.82
1148.21 47.22
1146.96 26.65
1118.29 16.68
1110.81 6.70
1130.13 12.94
1132.00 6.70
1138.23 6.08
1140.10 10.44
1125.14 21.66
1135.12 29.77
1158.18 22.29
1161.30 12.94
1165.66 12.94
1173.77 7.95
1181.87 14.81
1180.00 22.29
1184.36 21.04
1168.78 23.53
1197.46 27.90
1203.07 38.49
1216.78 30.39
1216.78 19.17
1218.65 45.35
1228.62 54.08
1206.81 57.20
1199.33 59.07
1245.46 74.65
1234.86 74.03
1269.77 77.14
1279.12 82.75
1277.25 48.47
1267.90 47.22
1253.56 39.74
1231.74 38.49
1230.49 30.39
1265.40 29.77
1277.87 32.26
1276.00 150.70
1276.62 182.49
1123.48 650.34
1152.16 620.42
1097.30 397.25
981.35 452.10
856.64 30.78
279.92 30.28
281.52 42.38
333.00 5.78
366.28 5.56
376.77 9.52
408.77 17.55
421.08 26.22
429.21 26.97
418.40 3.42
475.77 12.52
450.94 26.81
497.39 68.97
542.66 63.51
562.89 79.25
485.62 161.33
715.07 367.89
647.01 5.19
770.94 66.83
803.26 15.25
805.94 20.81
769.33 11.39
844.04 29.80
699.45 127.51
699.88 106.32
853.67 5.78
1107.64 50.14
1066.75 6.69
1107.74 5.35
1120.26 9.31
1123.58 4.17
1114.81 33.17
1154.73 37.24
1166.18 37.67
1176.45 35.74
1183.94 36.28
1192.72 28.14
433.61 774.18
439.85 709.35
453.56 679.43
427.38 653.25
438.60 609.61
457.30 614.60
423.64 579.69
305.20 644.52
277.77 728.05
146.86 522.34
148.10 504.88
96.99 513.61
82.03 497.40
52.10 481.20
176.78 410.13
161.82 395.17
181.77 393.92
72.05 417.61
201.72 390.18
222.91 390.18
211.27 381.77
263.64 395.48
265.51 378.65
332.83 338.75
334.70 336.26
320.99 336.26
315.38 337.51
312.88 331.90
306.03 334.39
298.55 330.65
286.70 336.26
279.22 344.99
269.87 336.26
224.36 332.52
215.64 333.14
311.01 372.42
431.33 354.34
435.07 368.05
431.33 368.05
446.29 397.35
460.62 395.48
467.48 422.29
447.53 424.16
406.39 440.36
383.33 434.13
378.34 439.12
340.94 417.30
307.27 428.52
383.95 454.70
400.16 473.40
436.31 449.09
460.62 447.85
473.72 444.73
499.27 434.13
506.75 371.17
511.53 371.79
514.65 367.43
525.87 364.31
522.13 352.47
524.00 326.29
537.09 330.03
561.40 338.75
549.56 331.90
575.12 328.16
580.73 333.77
596.31 332.52
605.66 337.51
606.91 349.35
601.92 350.60
583.85 351.22
573.87 349.98
567.64 356.21
562.65 362.44
619.38 356.21
630.60 358.70
630.60 349.98
638.08 351.22
646.81 371.17
618.75 375.53
594.44 363.07
586.96 361.20
580.10 376.16
566.39 384.26
550.81 369.30
542.08 363.69
538.96 353.72
530.23 359.33
538.34 369.92
528.99 386.75
524.00 384.88
543.95 408.57
575.12 415.43
586.96 415.43
601.92 412.94
633.09 410.44
646.81 411.07
681.72 349.35
694.18 353.72
708.52 363.07
721.61 365.56
718.49 364.94
722.23 393.61
730.34 391.74
702.91 389.25
704.16 396.10
722.23 421.66
737.20 399.85
720.36 387.38
752.78 402.96
764.00 397.98
770.86 437.25
753.40 432.88
720.99 465.30
696.05 428.52
675.48 419.79
677.98 450.34
656.16 457.20
643.07 501.46
621.25 482.13
601.30 447.22
552.05 439.74
550.81 426.65
557.04 412.94
528.99 426.03
528.99 438.49
518.39 431.01
531.48 493.98
575.12 507.07
716.62 581.87
755.90 598.70
544.57 553.20
774.29 394.70
766.18 388.16
797.66 372.88
792.68 388.16
781.77 394.70
806.39 396.26
821.98 390.34
840.99 408.42
850.96 404.05
870.29 407.79
874.34 416.52
884.31 405.61
924.21 425.87
948.52 430.23
915.17 404.36
935.74 377.25
945.09 374.44
947.90 366.96
947.59 350.44
945.40 339.22
943.22 326.13
948.83 323.33
939.17 327.07
921.72 334.23
931.38 345.14
931.07 352.31
919.22 352.62
923.27 344.21
913.61 340.78
912.68 347.33
913.61 369.14
889.61 377.87
886.81 389.72
895.85 352.62
901.46 351.69
896.78 346.70
901.46 346.08
904.88 339.22
897.09 342.34
895.22 332.68
884.94 330.49
882.44 326.44
886.18 353.56
884.00 345.77
874.03 335.17
869.04 326.13
858.13 320.21
871.53 319.90
864.36 330.49
860.00 341.40
856.88 344.83
857.20 339.53
843.17 341.72
841.61 347.01
828.52 342.03
843.79 354.49
858.44 353.56
861.87 348.57
868.10 349.51
874.34 362.29
839.12 361.66
832.26 366.65
827.27 357.92
820.73 364.47
812.94 363.22
960.05 378.49
955.38 365.40
960.05 352.00
974.08 363.22
981.87 357.61
965.04 345.77
975.33 338.91
975.01 332.36
969.40 328.00
967.53 332.36
957.56 324.88
954.13 331.43
927.01 337.98
1002.75 332.36
989.35 327.38
1000.26 328.31
999.64 335.79
1013.66 332.68
1017.09 326.75
1019.90 333.61
1014.60 348.26
1018.34 342.34
1008.68 350.44
995.90 352.31
996.52 421.82
1001.30 455.95
981.98 470.91
937.09 489.61
914.03 480.88
768.99 723.07
732.83 699.38
34.19 357.51
8.08 354.08
272.30 641.48
341.88 691.68
346.29 580.71
390.32 573.66
336.60 503.20
364.78 499.68
272.30 441.55
267.90 414.25
262.62 401.04
305.77 376.38
418.51 401.04
425.55 380.78
539.17 487.35
547.09 500.56
592.01 416.01
620.19 440.67
648.38 462.69
666.87 356.12
685.37 376.38
716.19 450.36
743.50 436.27
750.54 413.37
782.25 403.68
763.75 351.72
756.71 334.10
787.53 349.07
802.51 342.03
809.55 354.36
893.22 413.37
857.99 568.38
928.45 584.23
990.98 598.32
1059.68 573.66
1219.97 664.38
1075.53 829.07
1013.00 873.99
1106.36 478.54
1122.21 428.34
1013.88 398.40
937.26 423.94
924.05 388.71
915.24 366.69
1055.28 386.07
1187.39 420.41
1187.39 349.07
1167.13 342.03
1146.87 342.03
1063.64 313.51
1052.63 316.16
1049.77 330.47
1032.16 316.38
1035.46 293.26
1048.89 273.88
1052.19 300.74
1083.90 317.26
1079.06 319.46
1125.29 300.74
1127.94 273.22
1120.89 314.84
1127.72 329.37
1139.17 331.13
1150.18 313.51
1168.01 314.62
1172.41 315.50
1190.47 326.95
1237.15 327.83
1237.59 283.13
1230.76 275.42
1216.01 276.08
1256.96 300.08
1264.23 325.40
1267.75 301.84
1279.02 299.70
1276.60 272.07
1270.87 272.84
912.08 304.71
925.73 306.47
956.34 305.81
965.81 315.50
980.78 344.78
978.14 353.37
1016.89 335.75
1014.25 311.97
999.06 306.91
982.76 317.70
982.76 379.57
777.11 322.54
832.38 325.40
844.93 323.20
881.92 310.87
892.05 320.12
701.48 305.09
760.38 271.96
773.24 257.71
604.32 299.81
603.77 313.24
648.25 316.21
679.51 302.23
505.68 327.77
493.68 337.24
494.45 307.40
495.33 285.94
506.89 288.36
522.41 287.92
529.02 301.35
559.62 311.26
573.06 323.04
584.95 328.32
464.40 312.17
487.02 310.13
483.00 334.79
413.75 347.86
397.90 350.51
399.88 332.89
381.39 335.97
386.67 315.50
404.73 317.26
411.77 310.87
418.82 326.51
443.70 337.29
488.62 288.88
263.94 334.87
258.21 325.40
284.19 334.21
311.06 320.34
292.34 298.54
311.94 297.22
324.05 323.86
345.40 332.67
337.92 323.20
215.50 403.35
259.53 313.29
