75.55 564.51
287.47 501.39
209.32 468.32
233.36 420.23
119.14 405.20
355.10 756.88
37.98 190.28
13.93 199.30
53.01 259.41
110.12 262.42
152.20 172.24
119.14 127.15
95.09 112.13
245.39 118.14
201.80 175.25
200.30 191.78
195.79 209.82
257.41 232.36
225.85 296.99
287.47 248.89
409.21 411.21
481.35 505.89
651.18 501.39
699.27 633.64
873.61 544.97
828.52 433.75
709.79 420.23
801.47 351.09
741.35 322.54
684.24 336.06
1010.38 492.37
711.30 283.46
645.17 312.02
562.51 312.02
532.45 301.50
491.87 298.49
445.28 263.92
419.73 254.90
398.69 202.30
326.54 211.32
319.03 235.37
302.50 206.81
285.97 170.74
261.92 137.68
326.54 128.66
370.13 158.72
389.67 122.65
355.10 91.08
418.22 97.10
463.31 175.25
434.76 170.74
460.31 200.80
499.38 188.78
496.38 118.14
482.85 26.46
437.76 8.42
469.32 5.42
482.85 6.92
422.73 15.94
607.59 18.94
597.07 59.52
541.46 80.56
532.45 91.08
505.39 79.06
533.95 116.63
559.50 116.63
545.97 127.15
591.06 107.62
576.03 91.08
627.13 103.11
660.20 74.55
634.65 17.44
658.69 44.49
673.72 59.52
688.75 44.49
684.24 30.97
708.29 33.97
732.34 44.49
726.33 74.55
705.28 71.55
762.40 47.50
750.37 116.63
778.93 61.03
861.59 30.97
876.62 17.44
781.93 9.93
896.16 27.96
947.26 6.92
953.27 21.95
977.32 11.43
1013.39 5.42
993.85 53.51
980.32 53.51
927.72 53.51
869.10 70.04
968.30 71.55
989.34 143.69
1007.37 188.78
908.18 217.33
936.74 280.45
864.60 112.13
792.45 47.50
765.40 17.44
603.08 167.73
580.54 196.29
547.48 199.30
598.58 248.89
561.00 269.93
672.22 256.41
766.90 248.89
789.45 217.33
786.44 175.25
757.89 172.24
374.05 12.37
564.33 41.01
508.58 10.83
492.72 8.79
411.91 5.21
458.45 24.13
574.56 55.33
578.65 66.59
675.32 28.74
605.25 7.77
615.48 11.35
658.44 32.32
814.19 25.16
838.23 25.16
828.00 16.97
820.33 8.79
859.20 4.18
888.87 3.67
990.65 36.41
1019.81 27.71
1013.16 86.53
536.45 130.52
531.85 12.88
596.30 39.48
800.89 14.41
845.90 8.79
926.21 12.88
920.58 25.67
704.73 34.87
624.94 35.90
411.39 87.56
489.65 82.95
511.65 81.42
448.22 107.51
466.63 83.98
546.43 93.70
456.40 152.01
477.89 125.92
615.99 174.00
256.41 286.46
504.88 27.45
519.65 37.29
560.32 30.66
387.80 83.96
444.52 85.45
480.69 100.87
366.39 110.28
354.83 147.31
421.19 123.55
275.85 194.73
239.89 170.75
4.87 261.72
75.50 213.35
408.02 17.23
386.30 5.56
365.21 10.16
297.36 8.24
741.19 21.45
751.68 27.88
698.81 107.93
714.43 110.93
670.12 83.96
611.26 74.97
760.88 25.15
813.53 49.49
870.90 161.12
926.98 164.12
962.94 158.55
910.71 94.23
888.02 93.80
937.90 46.93
946.24 39.43
1012.81 25.31
990.98 6.90
966.58 15.46
910.71 13.96
718.28 113.07
830.87 49.28
777.79 26.81
703.51 178.89
717.86 153.20
781.86 438.52
886.74 259.58
382.00 131.00
455.00 128.00
117.16 793.32
3.70 814.20
257.87 657.01
316.49 547.09
382.45 415.18
401.50 406.39
436.68 374.14
357.53 595.45
313.56 693.65
388.31 677.53
405.90 856.34
470.39 785.99
533.41 674.60
507.03 610.11
454.26 608.65
420.55 558.81
493.84 513.38
498.23 567.61
567.12 739.09
593.50 503.12
580.31 530.97
734.20 813.84
638.94 769.87
786.97 657.01
738.60 632.10
684.37 589.59
633.07 539.76
656.52 513.38
710.75 544.16
731.27 510.45
675.58 497.26
666.78 476.74
601.44 715.27
783.18 526.20
879.18 519.61
837.41 500.55
822.75 485.90
775.85 496.89
754.60 462.45
723.09 458.05
738.48 493.96
863.79 470.51
896.77 483.70
979.58 448.52
919.49 433.13
875.52 414.08
835.94 423.61
822.02 457.32
797.10 465.38
786.84 434.60
777.32 416.28
726.75 422.87
684.98 429.47
669.59 436.80
698.90 403.82
716.49 395.76
706.23 425.07
781.29 389.35
791.18 368.46
782.02 342.45
828.55 336.58
835.52 301.41
849.07 303.61
917.59 264.77
972.92 266.23
960.83 260.00
931.88 258.90
972.92 287.85
975.85 301.04
928.58 279.42
913.93 289.32
894.87 306.54
900.37 329.62
879.12 342.45
853.84 344.28
838.45 357.47
828.19 383.49
838.08 395.58
861.53 386.78
932.98 306.17
924.55 295.18
949.84 362.23
1009.20 369.20
1001.13 401.44
986.48 441.74
1022.39 413.90
660.92 319.91
701.96 316.98
738.60 365.35
734.20 385.87
760.58 388.80
735.67 349.23
743.00 334.57
764.98 331.64
801.50 286.57
950.52 405.35
419.00 789.50
580.50 780.00
444.50 654.00
372.50 587.00
494.00 387.50
456.50 387.50
439.50 356.50
303.00 373.00
505.50 362.50
499.50 323.00
483.50 299.00
506.00 301.00
500.00 290.50
492.00 290.00
