82.74 526.90
62.68 463.20
216.05 392.41
175.94 370.00
102.79 320.45
72.12 306.30
99.25 272.08
185.37 292.14
159.42 239.05
14.31 419.55
384.75 243.77
387.11 124.62
309.24 190.68
334.02 143.49
477.94 151.75
523.95 115.18
387.11 77.43
129.93 204.84
152.34 211.92
178.30 169.45
201.89 157.65
163.55 142.61
142.90 130.81
188.32 140.25
191.27 118.42
173.58 111.35
159.42 111.94
129.93 107.81
129.93 89.52
140.54 28.18
140.54 15.79
129.34 6.35
161.78 12.25
165.32 27.00
177.12 18.15
198.35 84.21
227.25 77.72
223.71 42.92
252.03 82.44
270.90 70.65
249.67 57.67
262.06 51.77
268.54 41.74
246.13 24.05
259.70 24.05
211.92 20.51
223.12 30.53
234.92 19.92
361.74 50.00
339.92 7.53
300.40 22.28
302.76 53.39
290.07 50.44
280.05 42.18
280.93 30.09
284.77 20.65
289.48 31.27
145.56 5.32
729.23 14.02
909.72 90.11
901.47 39.38
931.55 47.05
994.07 49.41
620.69 75.95
569.37 51.18
543.42 43.51
512.16 47.05
556.40 18.15
611.25 39.97
643.70 26.41
598.87 9.89
567.01 8.71
554.04 3.40
646.06 7.53
608.01 9.45
454.06 49.26
477.36 37.47
501.54 47.20
420.14 44.69
382.39 1.63
1267.18 278.43
258.28 420.51
271.23 397.31
287.96 417.27
310.62 416.19
299.83 389.75
330.04 384.36
337.59 416.73
375.90 416.19
362.41 399.46
389.38 389.21
399.10 417.81
417.44 413.49
426.61 430.22
440.10 405.40
421.75 390.83
475.17 406.48
462.22 386.52
503.76 402.70
492.97 388.14
514.55 377.88
536.13 405.40
540.99 384.90
560.95 374.11
554.47 411.33
576.05 429.14
542.60 429.14
571.74 395.69
600.33 397.31
589.54 374.65
611.66 419.97
638.64 430.22
645.11 414.57
627.31 395.69
604.11 357.92
624.61 360.08
662.37 368.71
679.64 390.29
675.86 422.66
706.07 418.89
710.39 404.32
695.28 372.49
721.72 369.79
757.87 398.93
730.89 388.67
728.19 431.30
765.96 418.89
794.55 406.48
782.68 354.69
756.25 340.12
722.26 326.09
704.46 312.60
667.77 340.12
637.02 343.36
627.31 296.42
745.46 287.25
774.05 279.15
796.17 279.15
796.17 306.67
816.13 363.86
754.09 253.80
767.58 238.69
778.91 212.26
804.80 224.13
816.67 267.83
810.20 205.24
810.74 184.74
804.80 161.00
773.51 194.45
787.00 194.45
756.25 191.75
742.22 210.10
710.39 230.60
715.25 213.34
716.32 181.50
705.00 169.64
710.39 150.75
716.86 135.11
739.52 132.41
747.08 165.86
772.97 149.13
768.12 125.94
791.32 122.70
811.28 109.75
790.24 145.90
780.53 95.18
811.82 75.76
751.93 83.85
734.13 77.38
731.97 112.99
708.23 98.42
683.41 75.76
676.94 118.38
660.76 105.43
690.43 148.59
682.88 184.74
665.61 190.68
645.11 204.16
640.79 159.38
654.28 141.58
633.24 107.05
654.82 80.08
613.28 79.00
613.28 98.96
601.41 117.30
621.37 168.02
601.95 185.28
618.13 230.06
585.22 202.55
598.71 223.05
608.42 280.77
578.75 87.09
578.75 113.53
554.47 134.57
647.81 91.41
517.79 96.80
517.25 112.99
516.71 128.63
501.06 81.70
469.77 129.71
534.51 159.92
537.75 177.73
501.06 185.28
536.13 219.27
560.95 221.43
557.17 252.72
557.71 278.08
527.50 266.21
500.52 254.88
497.29 233.84
470.85 253.26
447.65 228.98
430.39 231.14
421.75 197.69
433.62 275.38
420.68 295.88
464.38 300.74
501.06 277.00
495.13 318.54
465.45 347.67
342.45 315.30
334.35 268.36
314.93 281.85
309.00 260.81
282.56 287.25
269.61 333.65
287.42 362.24
266.92 279.69
257.20 227.90
278.25 214.41
326.26 221.97
353.78 209.02
334.89 188.52
330.58 164.24
308.46 158.31
285.80 165.86
280.94 186.90
264.76 146.98
292.27 116.22
263.68 97.34
271.77 116.22
285.26 73.06
318.71 77.92
381.83 87.63
414.74 105.97
663.45 243.01
621.91 228.98
326.01 56.30
276.76 25.13
271.77 46.95
364.66 27.00
385.23 68.14
419.51 48.19
443.20 46.95
440.08 68.77
441.95 88.71
430.73 27.00
465.02 63.16
484.97 45.08
471.88 34.48
469.38 81.86
508.03 57.55
526.73 50.69
542.94 56.92
552.29 30.74
573.49 27.62
593.44 27.62
638.32 26.38
587.20 60.04
614.63 62.53
650.16 66.90
685.69 58.79
683.20 27.00
717.49 53.18
728.71 27.62
770.47 55.05
824.71 404.77
835.93 381.70
804.76 393.55
835.31 357.39
855.25 352.40
847.77 369.23
862.11 380.45
870.21 419.10
836.55 429.08
870.21 338.06
858.99 313.75
857.12 293.18
858.37 265.75
844.03 271.99
832.19 299.42
855.25 165.39
841.54 156.04
844.66 139.21
846.53 123.62
867.10 149.81
857.75 91.21
830.94 100.56
833.44 82.48
856.50 70.64
842.79 51.94
858.37 43.83
869.59 35.10
835.93 30.12
819.10 51.31
810.37 30.74
611.36 178.32
689.90 14.69
658.42 21.54
773.44 15.62
749.75 23.10
731.36 11.88
870.68 59.26
872.55 78.58
822.06 139.98
835.46 338.38
746.94 371.73
566.01 201.39
547.93 14.06
498.99 13.13
480.60 12.19
703.15 70.17
683.51 86.06
410.63 13.13
647.67 9.55
606.53 7.05
708.76 8.30
707.51 40.71
343.46 7.05
303.56 7.05
612.14 -32.22
834.06 7.05
814.11 7.05
854.63 12.04
878.94 14.53
193.50 850.00
124.00 860.50
116.50 731.50
66.00 554.50
52.50 498.00
100.00 529.00
100.00 496.50
147.00 455.00
279.50 420.50
57.00 382.50
58.50 371.50
92.50 374.00
82.00 368.00
69.50 341.50
407.00 793.50
499.50 710.00
327.50 653.00
400.00 504.50
336.50 453.00
336.00 413.00
390.50 410.00
486.50 465.50
460.50 436.50
454.00 387.50
448.50 360.50
432.50 329.00
313.50 327.50
332.50 304.00
