216.00 504.50
129.00 471.00
132.50 415.50
222.50 361.50
297.50 300.50
252.50 163.00
226.00 190.50
193.50 175.50
172.00 215.00
149.50 138.00
102.00 148.50
103.50 162.50
98.00 191.00
161.50 84.50
87.50 67.00
112.50 39.00
354.00 241.50
319.50 279.00
309.50 183.00
321.00 123.00
315.00 122.50
318.00 106.50
337.50 115.50
321.00 89.50
309.50 85.50
128.50 849.00
17.50 622.50
82.00 616.00
170.00 644.50
210.50 422.50
194.50 378.00
226.00 365.50
197.00 323.50
233.50 315.00
258.50 331.50
348.00 876.42
265.72 781.66
448.99 716.83
355.48 644.52
329.30 647.01
357.98 548.52
284.42 557.25
286.91 486.18
260.73 527.33
294.39 460.00
325.56 421.35
314.34 403.90
315.59 386.44
283.17 368.99
391.64 337.82
396.62 356.52
397.87 416.36
379.17 407.64
367.95 417.61
439.01 420.10
457.72 350.29
518.81 390.18
1052.42 604.62
1273.09 1004.83
1185.82 416.36
1048.68 461.25
970.13 486.18
855.43 513.61
831.74 508.62
756.94 516.10
717.04 501.14
674.65 477.46
584.88 523.59
486.39 337.82
586.13 265.51
645.26 415.80
691.60 406.54
742.99 433.50
769.11 430.97
621.67 354.30
705.08 325.66
752.26 293.65
764.89 320.61
718.56 352.62
1222.36 356.83
1228.25 339.14
1243.42 400.64
1126.31 279.32
1122.94 334.93
1146.53 329.03
1078.29 362.73
1039.54 356.83
1017.64 340.83
1019.32 291.12
1040.38 270.90
939.29 273.43
923.28 285.22
905.59 299.54
877.79 300.39
876.94 270.06
905.59 347.56
878.63 338.30
915.70 393.90
921.59 376.21
978.04 287.75
805.33 261.63
556.80 484.04
