106.07 557.80
110.41 490.47
145.16 483.96
20.29 466.58
30.06 539.34
56.12 382.97
95.21 392.74
144.08 347.13
196.20 323.25
250.49 326.50
301.53 339.53
334.11 361.25
388.40 364.51
367.77 367.77
431.84 326.50
454.64 375.37
432.92 428.58
385.14 463.32
355.83 488.30
283.07 455.72
248.32 489.39
205.97 482.87
387.32 551.28
358.00 606.66
479.62 578.43
500.25 538.25
535.00 495.90
583.86 569.74
613.18 624.04
627.30 538.25
689.19 518.71
760.86 523.05
732.63 578.43
842.30 584.94
861.85 526.31
834.70 503.50
794.52 492.64
790.18 427.49
919.40 432.92
962.84 425.32
943.29 564.31
999.76 536.08
846.65 420.98
845.56 351.48
119.78 195.69
80.53 142.35
98.14 122.73
102.17 92.53
109.71 71.40
98.64 41.71
116.26 32.65
125.82 10.01
102.67 4.47
87.07 6.99
61.41 32.65
46.31 54.79
73.99 120.21
63.92 154.93
53.35 198.21
38.76 209.28
72.98 233.94
89.59 221.36
162.05 245.01
107.70 260.61
119.28 311.93
148.46 304.39
177.14 288.79
201.80 267.65
309.49 246.01
282.32 173.55
303.95 174.56
325.09 190.16
356.29 192.67
358.30 228.90
373.40 194.69
384.47 228.40
402.08 215.82
401.07 195.69
396.04 168.02
354.28 135.31
184.69 191.67
333.14 76.93
290.37 69.89
375.41 98.07
403.09 75.93
403.09 75.93
420.70 45.23
472.53 75.93
473.03 105.62
442.84 100.08
449.89 145.87
502.72 140.84
465.99 177.58
482.09 208.78
265.71 131.78
253.63 108.64
392.02 19.06
324.08 46.74
340.69 7.99
350.25 41.71
312.51 40.70
249.10 41.71
233.50 18.56
209.85 7.99
202.81 194.69
213.88 218.34
471.02 59.32
432.78 25.61
417.18 264.63
403.09 303.38
189.73 34.66
147.46 34.66
132.86 60.83
295.02 533.91
229.86 611.01
199.46 539.34
578.43 457.90
727.20 470.93
783.67 354.74
766.29 311.30
784.75 261.35
728.29 265.69
716.34 227.69
695.71 215.74
697.88 173.39
722.86 173.39
718.51 133.21
717.43 108.24
771.72 71.32
523.05 207.06
620.78 215.74
633.81 250.49
1013.87 112.58
983.47 59.37
956.32 51.77
951.98 22.45
854.25 17.02
761.95 19.20
732.63 21.37
635.98 36.57
639.24 17.02
561.06 78.92
601.24 77.83
549.11 110.41
526.31 120.18
232.03 82.18
177.74 82.18
204.89 100.64
129.96 104.98
149.51 145.16
172.31 151.68
157.11 209.23
495.91 407.94
524.14 448.12
551.29 176.65
943.29 83.26
783.67 55.03
769.55 42.00
743.49 66.98
685.94 56.12
667.48 71.32
693.54 83.26
671.82 114.75
642.50 95.21
583.86 109.33
663.13 322.16
628.38 326.50
612.10 367.77
525.22 352.56
486.13 322.16
488.30 253.75
329.76 127.79
313.48 121.27
298.27 104.98
258.10 90.87
989.98 100.64
974.78 90.87
581.69 191.85
604.49 185.34
568.66 201.63
34.40 295.01
35.49 258.09
34.40 359.08
999.76 154.93
801.04 101.72
826.02 104.98
803.21 142.99
765.21 203.80
244.17 202.68
754.64 245.64
850.80 302.93
733.16 331.57
844.66 255.87
876.37 214.95
954.12 214.95
1013.45 211.88
1015.50 295.77
849.78 146.41
524.47 67.64
536.75 92.19
550.04 95.26
350.56 85.03
338.29 100.38
30.37 73.78
7.87 91.17
25.26 155.62
11.96 193.47
6.84 404.20
422.17 296.79
500.25 28.97
519.79 36.57
533.91 48.52
553.46 17.02
177.74 430.75
228.78 410.12
245.07 382.97
287.41 413.37
322.16 419.89
351.48 273.29
439.44 9.42
552.37 25.71
1013.87 45.26
1005.19 3.99
969.35 10.51
973.70 28.97
957.41 6.17
874.88 21.37
887.91 28.97
821.67 37.66
814.07 51.77
805.38 19.20
791.27 9.42
750.00 6.17
718.51 3.99
689.19 24.63
456.81 21.37
593.64 402.52
551.29 341.71
146.25 7.79
382.00 131.00
455.00 128.00
11.08 903.59
40.35 879.90
31.98 838.08
98.89 822.75
129.55 849.23
168.58 920.32
183.91 821.35
246.63 808.81
267.54 773.96
298.20 767.00
284.27 878.50
359.53 939.83
412.50 819.96
374.86 806.02
359.53 751.66
395.77 761.42
489.16 835.29
454.31 767.00
472.43 715.42
517.04 741.91
571.39 879.90
629.94 906.38
11.08 963.53
111.43 1094.55
592.30 698.70
595.09 769.78
547.70 725.18
656.42 686.15
661.99 659.67
716.35 680.58
728.90 761.42
692.66 806.02
759.56 734.94
763.74 698.70
815.31 939.83
879.43 870.14
968.64 741.91
999.30 688.94
946.33 620.64
974.21 620.64
1018.81 651.31
903.13 630.40
936.58 681.97
852.95 698.70
832.04 669.43
773.50 670.82
1015.99 599.77
425.00 471.50
438.00 423.50
350.00 431.50
414.00 330.50
318.50 344.00
324.50 278.00
315.50 314.00
