16.30 385.48
85.88 435.68
90.29 324.71
134.32 317.66
80.60 247.20
108.78 243.68
16.30 185.55
11.90 158.25
6.62 145.04
49.77 120.38
162.51 145.04
169.55 124.78
283.17 231.35
291.09 244.56
336.01 160.01
364.19 184.67
392.38 206.69
410.87 100.12
429.37 120.38
460.19 194.36
487.50 180.27
494.54 157.37
526.25 147.68
507.75 95.72
500.71 78.10
531.53 93.07
546.51 86.03
553.55 98.36
637.22 157.37
601.99 312.38
672.45 328.23
734.98 342.32
803.68 317.66
963.97 408.38
819.53 573.07
757.00 617.99
850.36 222.54
866.21 172.34
757.88 142.40
681.26 167.94
668.05 132.71
659.24 110.69
799.28 130.07
931.39 164.41
931.39 93.07
911.13 86.03
890.87 86.03
807.64 57.51
796.63 60.16
793.77 74.47
776.16 60.38
779.46 37.26
792.89 17.88
796.19 44.74
827.90 61.26
823.06 63.46
869.29 44.74
871.94 17.22
864.89 58.84
871.72 73.37
883.17 75.13
894.18 57.51
912.01 58.62
916.41 59.50
934.47 70.95
981.15 71.83
981.59 27.13
974.76 19.42
960.01 20.08
1000.96 44.08
1008.23 69.40
1011.75 45.84
1023.02 43.70
1020.60 16.07
1014.87 16.84
656.08 48.71
669.73 50.47
700.34 49.81
709.81 59.50
724.78 88.78
722.14 97.37
760.89 79.75
758.25 55.97
743.06 50.91
726.76 61.70
726.76 123.57
521.11 66.54
576.38 69.40
588.93 67.20
625.92 54.87
636.05 64.12
445.48 49.09
504.38 15.96
517.24 1.71
348.32 43.81
347.77 57.24
392.25 60.21
423.51 46.23
249.68 71.77
237.68 81.24
238.45 51.40
239.33 29.94
250.89 32.36
266.41 31.92
273.02 45.35
303.62 55.26
317.06 67.04
328.95 72.32
208.40 56.17
231.02 54.13
227.00 78.79
157.75 91.86
141.90 94.51
143.88 76.89
125.39 79.97
130.67 59.50
148.73 61.26
155.77 54.87
162.82 70.51
187.70 81.29
232.62 32.88
7.94 78.87
2.21 69.40
28.19 78.21
55.06 64.34
36.34 42.54
55.94 41.22
68.05 67.86
89.40 76.67
81.92 67.20
-40.50 147.35
3.53 57.29
298.73 614.66
320.65 614.08
335.84 607.07
331.02 592.02
318.02 581.64
306.18 590.41
283.24 585.44
271.99 569.66
258.25 582.96
325.03 562.21
287.62 535.76
316.85 532.25
315.97 541.02
306.03 519.69
321.96 520.42
263.81 523.92
289.52 517.06
427.90 545.26
417.23 538.39
439.30 535.03
451.42 569.08
461.80 578.57
458.44 524.80
437.83 505.22
407.00 522.32
424.68 505.37
369.16 493.24
353.09 509.46
325.03 500.11
315.82 496.75
307.64 500.69
282.07 503.18
267.61 498.65
277.98 487.10
311.30 488.71
336.43 482.57
340.37 503.32
379.09 486.23
390.93 496.31
397.36 485.50
431.84 492.22
441.19 492.22
456.68 506.10
462.82 496.02
470.13 530.79
352.50 491.63
420.88 486.23
438.27 483.60
290.11 484.03
278.42 522.90
266.87 455.06
281.49 455.20
297.71 453.01
305.01 458.42
318.45 443.37
306.91 441.32
293.32 443.66
286.31 433.58
278.42 437.82
262.93 443.51
257.52 393.83
263.95 380.24
278.71 354.38
268.19 362.56
268.04 355.84
260.01 358.77
308.23 354.38
299.90 354.53
298.73 358.77
302.82 347.95
293.03 365.05
286.60 361.10
309.40 341.52
318.31 338.60
302.97 337.43
271.26 333.49
260.30 351.75
282.66 349.27
323.57 344.15
337.30 338.75
322.69 370.45
318.16 370.89
326.49 373.82
332.77 372.79
324.15 386.82
349.58 379.37
343.15 373.82
348.85 355.84
364.63 355.99
368.14 374.25
362.00 385.65
375.30 375.71
386.40 378.78
376.61 408.59
370.91 423.20
338.77 437.08
347.39 459.29
362.29 453.16
372.23 451.40
370.62 441.32
384.94 427.88
392.24 440.01
396.48 462.22
408.61 458.13
411.97 445.56
429.21 444.54
435.64 438.69
441.78 444.24
441.93 427.59
434.33 412.39
416.50 431.53
398.24 424.23
402.77 388.57
417.09 382.29
385.96 407.57
383.48 391.64
395.02 368.99
404.52 373.52
411.68 371.04
402.91 364.61
392.39 368.26
360.54 344.01
373.40 335.53
390.20 340.35
393.27 345.32
404.66 344.74
394.73 354.67
409.93 358.47
416.79 349.12
409.34 343.86
430.53 351.75
427.02 368.26
435.64 465.14
471.44 432.41
474.36 407.13
430.24 339.04
446.02 340.35
448.94 336.12
454.20 333.34
460.48 334.22
466.03 340.94
468.08 350.58
454.35 353.80
445.87 354.38
473.93 360.37
471.15 371.92
456.10 371.77
449.82 372.35
296.83 401.29
327.37 408.74
347.82 404.21
415.77 332.46
393.71 333.05
284.12 303.68
278.86 305.14
282.22 314.20
281.49 326.47
276.23 327.20
275.06 320.63
268.34 320.34
257.67 302.66
257.67 307.33
316.26 319.61
319.62 311.86
321.67 302.07
342.56 323.26
316.85 329.10
326.20 327.79
387.42 327.20
417.23 317.85
429.51 324.87
440.61 326.18
448.06 322.82
435.93 319.31
390.93 313.91
365.51 303.97
368.72 297.10
358.05 300.76
370.47 288.92
357.91 308.94
368.43 315.66
360.98 322.97
384.35 293.74
392.98 292.57
395.75 284.10
401.60 285.85
405.10 282.05
401.89 277.38
392.83 268.17
379.68 271.68
373.40 274.89
366.24 281.91
365.51 273.14
374.71 264.96
365.65 263.20
357.76 263.06
371.50 255.90
360.54 251.22
359.37 254.58
357.03 249.18
458.87 322.82
271.70 249.18
279.44 243.48
286.31 249.03
259.42 293.30
281.05 297.25
326.78 254.29
314.95 303.68
306.91 319.02
309.98 331.73
395.61 254.29
382.89 253.12
402.47 255.61
422.93 278.25
444.99 280.15
447.62 289.94
451.72 285.85
462.97 272.12
459.46 264.81
467.35 265.54
447.04 269.49
455.37 258.38
460.63 247.28
448.35 249.76
440.17 248.45
474.36 254.44
354.55 319.90
385.82 263.06
401.16 262.91
408.46 263.06
305.45 246.40
429.51 314.49
414.02 307.33
410.51 299.29
395.61 307.92
396.77 313.61
388.01 305.58
376.46 355.70
382.89 361.98
448.35 351.75
469.40 339.04
475.82 341.23
480.21 333.34
468.08 317.56
475.39 312.45
429.36 278.11
431.40 272.70
469.10 257.80
482.55 293.16
481.52 303.24
484.45 303.97
481.67 308.21
482.98 370.75
484.30 347.22
282.80 235.29
277.69 233.25
289.23 232.37
300.19 235.59
303.26 226.09
308.23 222.44
316.70 219.37
309.83 216.01
334.82 217.76
320.65 238.51
323.72 224.19
330.14 205.92
307.50 195.70
260.88 215.42
260.88 209.58
276.66 210.75
285.72 207.68
270.53 235.29
264.68 227.70
258.84 232.37
277.83 216.01
270.82 198.33
301.80 178.75
352.65 241.14
371.20 233.40
388.15 248.74
390.05 238.80
385.09 243.19
382.45 245.82
395.02 212.35
378.51 219.08
377.78 227.11
352.79 212.50
351.48 212.94
371.50 239.53
448.79 206.51
443.24 216.01
463.40 174.07
461.65 179.92
469.98 219.08
467.79 212.35
448.06 227.99
437.25 228.72
483.86 250.49
478.75 251.08
480.65 236.90
483.86 229.01
457.27 207.09
465.74 199.64
481.96 203.88
482.98 211.48
459.90 201.83
461.80 196.57
449.82 173.49
436.08 173.49
457.27 158.44
448.06 158.14
454.78 155.08
463.40 156.39
482.69 152.59
482.11 161.80
448.06 187.37
467.64 148.65
457.27 149.38
471.44 149.38
376.17 218.05
452.88 205.49
450.40 218.35
459.46 220.68
466.62 229.89
472.46 211.48
481.23 191.90
479.77 191.31
476.99 181.52
465.89 243.92
314.36 186.49
318.16 181.23
301.07 193.07
324.01 178.45
328.68 196.28
328.10 207.68
599.66 454.60
608.72 446.13
623.04 449.93
633.85 444.96
621.87 424.79
613.10 432.39
600.24 427.71
591.77 430.35
587.39 432.39
583.30 447.29
543.84 450.80
548.23 432.98
525.72 449.05
519.30 453.14
547.06 422.75
577.16 425.38
576.57 416.32
575.99 395.86
598.20 412.81
611.93 413.40
638.24 402.29
622.45 379.79
650.80 384.46
673.60 353.19
674.18 362.84
682.07 366.05
679.44 378.03
689.09 358.16
699.61 365.47
703.99 374.24
711.00 376.87
719.77 395.28
712.17 400.24
694.64 396.45
691.42 404.92
683.24 402.87
689.38 419.24
695.51 418.07
705.74 412.23
702.53 446.42
658.11 448.76
668.63 451.68
650.51 431.51
669.51 416.03
663.66 414.27
619.53 408.14
526.31 403.17
544.14 401.71
548.52 408.14
715.97 360.21
712.76 353.78
713.05 349.10
722.11 342.09
730.87 343.26
739.64 343.26
699.31 352.32
691.72 338.00
698.73 336.54
703.99 339.17
708.66 337.12
720.94 331.57
692.59 322.51
687.92 320.17
708.66 325.14
714.80 323.97
717.43 315.79
708.66 318.42
701.94 316.08
726.78 314.03
729.12 321.05
725.91 304.39
729.71 306.14
724.15 323.97
739.64 320.46
736.72 329.52
749.29 313.45
758.93 320.46
752.21 339.46
752.50 332.74
748.41 328.94
760.98 329.82
760.39 342.09
764.19 344.14
767.11 340.04
740.81 347.64
746.07 343.84
771.50 335.08
791.08 348.52
779.97 343.26
775.00 347.93
764.19 351.15
739.64 359.04
736.43 366.93
752.50 370.14
806.86 355.82
810.95 350.56
815.92 352.32
812.99 343.84
821.76 343.26
806.56 374.53
822.05 379.50
810.95 401.12
787.28 389.14
774.71 399.66
768.87 389.72
741.40 413.98
751.92 413.40
760.68 411.93
734.38 452.56
741.40 460.15
757.47 447.59
695.51 444.08
727.08 413.98
741.98 402.29
726.78 375.40
739.64 379.79
738.77 337.41
767.11 332.45
798.67 307.02
806.27 299.13
817.96 307.31
824.10 304.10
820.88 295.04
808.32 285.69
798.67 283.35
793.71 292.41
794.29 296.50
796.04 300.01
783.48 282.47
779.39 290.95
781.43 302.93
788.15 310.53
794.58 317.25
802.18 317.83
800.14 328.06
810.95 324.26
848.65 303.51
469.32 378.62
846.02 430.35
833.45 429.18
824.68 423.62
806.86 432.98
801.01 449.93
795.75 458.69
817.09 458.69
817.67 417.19
797.51 417.49
789.03 428.59
786.11 420.12
788.74 412.81
781.14 416.90
768.28 439.99
759.51 430.64
797.51 385.93
818.25 391.19
832.28 387.68
839.88 387.68
843.68 390.31
853.32 402.29
842.51 405.50
835.20 408.43
869.98 397.61
853.03 379.20
860.92 371.31
779.39 364.30
791.66 370.73
821.76 362.84
829.94 354.36
845.72 353.19
839.00 359.04
836.37 338.29
828.77 335.37
768.87 376.57
761.85 371.31
796.04 347.93
800.43 344.14
790.49 333.91
778.22 325.14
770.91 328.35
777.93 336.54
815.33 321.05
823.22 326.31
833.45 328.35
838.71 318.42
843.09 311.99
840.17 297.96
835.20 292.99
891.61 378.62
912.94 408.14
846.31 423.33
942.16 412.81
931.35 422.45
962.03 400.24
962.91 382.42
950.35 376.57
936.32 391.77
944.21 387.68
926.38 387.09
920.54 383.29
908.56 390.02
911.77 375.99
916.74 373.94
932.52 372.77
938.07 371.31
942.45 352.32
945.67 335.66
884.01 371.90
902.42 370.14
894.53 369.27
891.61 364.88
902.13 362.84
938.95 363.42
916.45 364.88
875.53 335.66
864.43 327.19
880.50 324.56
883.13 327.19
888.98 332.74
914.69 328.94
934.56 336.83
773.83 307.02
770.33 287.73
759.81 283.64
750.45 286.86
748.70 282.18
735.55 282.47
744.90 292.99
729.41 295.04
711.30 307.90
695.81 304.39
719.48 302.93
747.82 300.01
768.57 247.40
782.31 247.70
794.00 243.61
813.87 240.98
744.90 247.99
760.39 246.53
755.42 239.81
744.61 240.98
737.89 239.81
729.71 240.10
757.76 236.01
770.91 236.30
785.52 233.67
801.89 229.58
807.73 225.78
815.92 225.49
796.34 226.66
826.14 233.08
831.99 239.81
833.74 250.91
815.92 248.87
836.66 237.47
847.77 243.61
858.29 238.93
862.97 243.02
778.51 221.98
784.65 210.87
787.86 217.89
776.17 214.67
763.90 214.97
761.27 212.34
753.96 213.50
744.61 226.66
739.35 224.32
758.93 225.78
766.24 228.12
771.20 226.95
754.25 233.67
817.67 217.60
807.44 218.47
829.65 216.43
840.46 219.06
843.97 209.71
879.04 226.36
869.98 222.56
884.30 240.39
902.42 313.74
900.66 305.56
716.85 220.52
721.82 228.12
728.54 222.56
732.92 226.95
748.41 215.26
943.33 297.67
955.90 301.76
942.45 316.37
931.35 314.91
673.30 271.95
680.32 270.20
688.50 271.37
685.29 265.82
684.12 253.25
673.60 262.60
671.55 247.70
682.07 234.84
690.84 232.21
699.31 242.44
715.68 233.67
704.28 233.67
702.24 234.25
702.53 222.56
699.02 224.03
710.71 225.19
714.22 210.00
720.65 210.58
726.49 209.71
725.32 215.26
734.97 209.71
732.63 213.50
739.35 212.34
745.78 205.61
751.04 208.24
756.59 205.61
761.56 204.15
768.57 198.89
776.17 200.35
783.19 203.28
787.57 199.19
795.46 199.19
816.21 196.26
814.75 205.32
822.93 204.15
822.64 209.41
829.36 204.45
800.43 209.41
791.08 214.09
744.61 196.26
721.52 204.45
725.61 201.82
717.43 204.45
716.26 200.65
720.94 193.93
713.05 193.93
737.01 203.28
708.08 215.26
700.48 216.14
690.84 210.58
697.85 208.24
687.33 221.10
691.42 216.72
693.18 227.24
696.68 231.62
667.75 224.03
673.89 228.99
677.40 221.98
666.58 230.75
656.94 228.41
652.85 228.41
656.06 214.97
662.49 216.43
650.22 216.14
667.17 200.94
672.72 210.00
670.67 208.54
673.60 207.08
678.86 202.98
689.38 198.89
696.68 201.82
703.11 199.19
688.21 205.61
679.73 193.93
685.29 194.22
691.72 192.76
706.33 194.51
725.61 194.22
778.22 226.95
663.08 271.08
652.26 271.37
649.34 264.94
660.15 258.80
647.59 247.70
654.89 238.35
655.48 251.79
648.46 203.28
644.08 202.69
647.88 200.06
644.96 212.34
641.16 205.91
637.36 210.58
639.40 200.35
644.08 230.45
635.61 225.49
636.19 218.77
638.24 233.38
637.36 262.31
630.93 268.74
627.72 263.48
620.70 262.02
618.07 266.69
616.03 271.66
616.90 276.34
625.38 253.54
614.56 252.96
621.29 247.40
627.72 242.44
609.89 256.17
879.33 360.21
625.38 259.39
623.33 231.04
618.36 216.72
610.47 222.86
592.94 233.67
601.12 229.58
591.19 258.51
594.11 272.54
604.92 271.95
599.08 266.11
586.22 260.85
586.51 249.16
575.11 255.59
584.17 274.00
579.79 271.66
572.48 281.01
568.98 288.90
563.72 295.62
547.93 302.93
557.29 300.88
523.68 371.61
523.97 353.78
525.72 339.17
521.63 330.11
527.48 322.80
520.46 321.05
531.28 312.28
535.95 310.53
540.63 297.67
528.65 302.64
518.71 309.36
513.74 309.36
520.76 299.42
549.40 283.35
555.82 287.73
563.72 282.18
555.82 274.00
556.12 279.55
543.84 274.58
542.97 282.18
550.27 267.86
531.28 272.83
520.46 274.29
515.20 268.45
533.61 267.28
514.33 263.48
513.74 256.17
527.77 238.35
520.17 247.70
516.66 235.71
516.08 226.66
529.23 224.03
541.80 224.61
552.03 225.19
569.56 230.75
572.77 244.77
573.36 237.18
582.13 241.27
566.35 245.36
560.21 254.71
566.64 260.56
561.67 264.94
568.39 276.92
571.90 273.71
641.45 248.87
607.26 229.29
596.74 239.81
632.39 210.00
634.44 202.69
630.93 197.14
607.84 198.31
612.81 212.63
523.09 211.46
515.20 205.32
519.88 201.52
531.28 199.19
528.06 205.32
532.15 211.46
540.63 200.35
543.84 213.50
553.49 213.50
561.67 208.54
566.05 212.34
571.90 219.35
563.42 223.15
587.68 207.95
584.76 221.98
579.20 216.14
575.40 212.04
582.71 208.24
574.53 195.39
568.68 198.89
591.48 193.05
591.19 228.41
606.97 209.71
597.61 221.10
598.49 210.00
597.61 194.22
619.53 201.82
531.57 423.92
591.48 206.20
557.58 197.72
548.81 205.91
812.70 285.10
897.45 380.66
544.14 236.01
547.93 238.64
614.86 219.35
676.81 282.47
740.52 286.86
566.93 202.98
586.51 202.69
598.49 201.52
523.68 208.83
813.87 214.97
858.29 204.45
580.96 231.92
577.45 230.75
540.34 243.61
531.13 553.52
570.87 501.50
595.42 499.17
545.16 486.89
552.17 479.29
491.39 499.17
600.54 494.73
575.70 482.16
588.56 471.93
571.02 467.26
531.86 471.35
538.58 461.12
550.86 462.00
498.55 475.15
464.94 472.52
483.35 460.83
481.30 444.46
505.56 449.14
510.24 436.28
513.16 420.50
631.81 464.63
646.13 464.92
636.48 477.78
629.76 475.15
623.04 485.96
613.10 485.38
632.39 502.62
644.08 497.36
660.15 492.10
675.93 487.42
661.32 474.56
667.46 469.89
692.30 484.21
660.45 523.08
687.33 543.24
663.08 576.26
615.15 573.92
689.96 570.42
606.67 561.07
725.61 547.92
730.00 597.89
760.39 552.59
806.86 580.06
822.35 568.37
800.14 565.45
566.64 493.56
553.19 501.74
551.44 492.68
698.73 470.77
706.03 467.26
748.70 478.66
784.94 487.42
794.58 485.38
802.47 479.82
803.35 499.11
779.68 505.25
777.93 525.41
808.03 523.66
814.75 520.15
805.69 514.31
827.90 526.87
857.12 515.77
856.24 554.35
863.26 555.81
813.87 559.61
864.72 524.24
848.06 502.62
827.90 490.05
803.64 470.18
763.61 478.36
723.57 475.73
709.25 497.94
695.22 511.09
684.70 515.77
687.62 532.72
707.50 533.30
701.07 530.97
726.20 521.61
735.26 513.72
672.43 514.31
668.34 397.71
828.19 436.28
793.41 585.91
675.06 476.61
743.15 357.38
739.35 535.93
739.64 523.66
750.16 522.78
858.58 481.87
864.43 462.00
834.33 383.39
735.55 490.05
743.15 493.27
805.98 543.82
751.33 584.74
549.40 544.70
487.44 545.29
517.25 511.68
415.55 466.67
480.72 407.06
496.21 375.50
502.05 358.55
492.12 351.82
479.26 354.16
512.87 372.87
476.92 398.00
421.10 474.56
618.07 417.58
775.30 359.42
876.99 580.35
873.78 566.33
886.93 550.55
878.75 544.12
893.36 530.09
916.15 594.97
979.28 606.66
972.26 601.69
1009.67 602.56
995.64 609.58
984.83 588.54
982.20 577.72
1057.30 588.54
894.82 480.41
865.60 490.64
959.11 503.79
989.51 467.55
1038.60 493.27
1055.26 491.81
1061.10 499.99
1047.66 521.61
1071.62 530.09
1062.27 542.07
1087.70 477.19
1106.40 465.21
1110.78 477.78
1124.81 483.33
1092.96 531.26
1098.22 466.09
1103.48 412.03
1116.34 405.89
1033.34 392.45
1021.36 386.31
1011.13 385.72
1019.61 357.38
999.15 367.31
1055.26 382.51
1047.95 370.82
1038.31 360.30
1035.09 358.84
1086.24 375.79
1104.94 399.46
1103.77 392.74
1114.29 386.02
1126.27 371.40
1142.05 530.09
1073.67 488.01
1031.30 517.82
961.74 540.03
848.35 511.68
1174.49 588.24
1155.50 595.84
1147.90 562.53
1088.28 299.42
1125.69 287.73
1124.81 281.89
1136.21 272.83
1156.96 283.93
1164.56 276.63
1185.30 286.27
1190.86 274.87
1203.13 278.38
1223.30 283.35
1182.97 248.57
1180.92 238.05
1162.51 237.18
1187.06 228.99
1195.24 226.66
1200.79 228.99
1109.03 393.23
1002.07 338.29
1011.13 336.83
1023.70 324.26
1115.46 334.20
1123.35 328.94
1120.43 342.09
1132.99 349.40
1106.11 354.36
1107.28 348.52
1092.37 369.56
1058.47 289.49
1064.32 274.58
1053.51 270.78
1078.64 276.63
1066.07 263.19
1098.51 269.03
1089.74 268.74
1108.74 308.48
1123.35 271.08
1109.61 268.74
1123.64 248.57
1129.49 252.37
1138.25 260.56
1110.78 261.14
1121.30 261.14
1102.60 228.99
1094.71 246.53
1063.15 242.44
1152.28 187.50
1156.08 171.13
1191.44 184.28
1192.32 180.19
1196.41 197.43
1183.26 201.23
1194.66 155.35
1185.60 162.36
1014.35 270.20
1008.50 270.49
1005.87 272.24
1012.01 269.03
934.56 323.09
912.35 323.68
940.12 338.29
959.70 372.48
1008.50 371.02
1010.84 391.77
1020.48 394.11
1004.70 239.22
987.17 259.09
1021.94 304.68
808.61 165.58
790.20 180.19
788.45 177.56
781.72 183.99
779.68 177.56
773.54 174.35
770.03 173.76
772.66 185.45
826.73 190.71
816.79 189.25
804.52 192.46
799.84 191.29
796.63 189.83
790.49 188.08
846.02 235.42
885.47 248.87
1114.00 224.90
1163.09 219.64
1199.92 316.08
1200.21 366.93
1220.08 359.33
1200.50 384.46
1134.75 396.15
829.36 164.41
803.35 305.27
784.65 240.10
838.42 186.91
772.66 164.41
780.26 158.56
787.86 159.73
783.77 164.41
787.28 167.33
774.42 169.67
802.18 163.53
798.67 161.19
1068.12 214.97
987.75 275.46
951.51 279.84
811.53 311.11
1062.27 217.01
622.75 207.57
625.67 202.89
486.56 198.22
491.53 194.42
507.31 198.80
504.10 201.43
494.45 202.31
491.82 197.63
504.98 185.07
509.65 187.99
521.05 186.53
526.60 189.45
514.62 195.00
523.39 196.46
520.46 195.59
545.30 190.33
544.14 180.10
550.27 180.68
560.79 178.05
556.12 204.06
496.79 176.88
508.19 159.93
506.14 152.63
520.17 157.30
522.22 164.61
518.42 163.73
528.65 156.72
538.87 156.43
545.89 156.43
552.03 156.43
555.82 158.47
528.94 173.67
536.83 170.45
540.63 166.36
531.57 167.24
519.00 169.87
523.09 151.75
593.82 176.59
595.57 180.98
586.80 185.65
576.87 188.57
566.93 183.90
566.05 185.65
620.99 190.03
630.05 192.37
642.03 187.99
635.61 179.51
632.10 180.10
642.03 183.90
648.17 178.05
643.50 173.67
648.46 170.16
644.08 165.78
649.05 164.61
639.40 166.07
644.66 158.47
637.07 158.47
493.87 241.76
497.09 239.72
508.48 244.10
504.39 252.57
496.79 265.72
488.61 282.67
497.38 280.04
509.07 276.83
510.53 260.46
520.17 268.65
505.27 237.67
499.42 230.36
495.33 230.36
487.44 232.99
683.53 280.04
705.74 300.21
698.14 299.04
764.19 295.53
797.80 292.32
497.67 208.15
492.70 218.67
488.61 215.46
494.16 213.41
502.35 213.41
485.98 216.04
551.44 117.85
564.88 113.18
666.29 159.35
661.61 171.04
663.37 175.72
652.85 181.27
654.02 164.90
654.89 192.66
662.49 186.24
668.34 189.16
676.23 185.65
663.08 194.42
682.36 181.85
680.90 167.82
677.98 166.95
682.36 162.56
692.30 165.19
692.01 171.33
697.56 160.52
699.31 164.90
710.13 169.58
698.44 182.44
714.51 173.67
718.02 166.36
720.35 159.93
717.43 154.67
713.34 157.01
709.25 161.69
732.34 171.62
730.00 176.88
735.26 168.99
714.80 187.11
707.50 187.11
713.34 181.85
708.96 183.90
702.24 176.01
742.56 186.82
741.98 177.18
727.95 183.02
743.15 171.33
741.40 159.06
747.24 159.06
736.43 153.21
692.01 154.09
447.11 213.41
495.92 305.47
700.48 122.53
674.77 121.07
685.58 119.90
683.82 115.81
674.47 114.93
661.32 110.55
650.51 119.61
647.88 107.92
599.37 124.87
590.60 121.07
588.56 112.01
600.24 114.64
581.25 109.38
624.21 105.29
683.53 97.69
730.00 124.87
733.80 117.27
723.86 115.81
744.32 109.96
758.35 113.76
744.61 115.22
734.97 106.45
726.49 105.87
713.63 101.49
705.74 101.49
700.19 102.07
695.22 96.52
704.87 96.52
713.63 96.81
727.37 96.81
735.26 96.81
756.88 106.75
551.44 126.33
583.88 123.11
717.14 129.25
720.94 133.05
725.03 135.68
734.67 135.68
681.19 130.71
797.21 119.90
803.06 124.28
567.51 148.54
613.98 163.44
610.77 171.62
595.28 169.58
602.87 167.82
590.31 161.98
595.28 156.43
629.47 159.06
626.55 168.41
625.38 176.30
631.22 171.33
628.30 165.19
634.14 166.36
620.99 173.08
618.66 156.43
622.16 195.00
593.23 216.04
586.22 145.03
559.33 164.90
547.35 173.67
649.34 151.17
657.23 150.00
680.61 152.63
758.93 132.17
361.78 242.00
541.21 175.08
504.39 306.87
500.59 301.32
504.68 301.32
495.62 310.38
283.17 196.70
487.44 237.61
476.63 231.48
548.23 231.48
561.09 229.14
558.75 224.17
589.43 220.96
646.71 259.82
1048.39 404.48
1074.69 460.59
1070.60 469.94
1033.78 455.33
1025.60 474.03
726.93 445.40
677.83 433.12
961.30 434.87
1093.40 278.82
383.26 469.94
351.70 468.77
363.39 464.68
332.41 467.02
261.10 476.96
269.29 476.96
752.06 463.51
767.84 468.77
821.61 123.93
810.36 279.55
905.63 328.65
991.84 346.18
683.24 173.47
836.66 178.14
1019.02 325.72
882.55 349.98
910.02 348.81
910.89 342.97
898.91 352.03
933.40 349.40
838.13 247.11
725.91 247.11
840.46 125.83
1022.82 344.14
785.82 121.74
784.65 111.22
577.30 452.99
560.94 450.07
335.92 426.69
797.80 108.71
797.80 102.06
799.85 96.95
790.64 95.41
780.41 94.90
768.14 106.16
764.04 102.06
754.33 95.93
746.65 97.97
774.27 130.20
766.09 135.82
782.46 133.26
794.73 133.78
761.49 146.56
836.67 113.32
815.70 117.41
808.03 116.39
820.82 103.60
821.33 99.51
815.70 96.95
808.03 95.93
841.28 12.55
855.09 20.74
811.61 16.13
801.38 22.27
788.08 22.78
792.18 15.62
780.41 16.65
766.09 17.16
755.86 16.13
740.51 13.06
734.38 12.55
732.33 22.78
708.29 19.71
703.18 19.71
702.15 16.13
708.29 14.09
690.39 15.62
679.14 17.16
672.49 17.16
665.84 13.58
660.72 17.67
653.05 23.29
652.03 13.58
648.96 18.69
633.61 19.71
638.22 14.09
618.27 18.69
609.57 16.13
597.30 15.11
579.91 20.23
556.89 14.60
550.75 17.16
542.06 22.27
523.13 19.71
392.96 22.27
361.25 21.25
435.92 20.23
447.69 19.20
470.19 20.74
492.70 19.20
378.64 201.80
381.71 203.85
383.24 210.50
388.36 216.13
387.33 220.73
395.00 201.80
389.38 195.15
363.29 195.15
366.87 190.55
319.82 192.60
313.68 200.27
310.61 206.41
304.47 203.85
302.94 206.92
1019.28 575.48
1020.81 593.38
1036.67 593.89
1005.47 583.66
1005.47 563.71
985.52 538.65
975.29 563.20
960.45 560.13
921.58 463.97
913.91 490.57
946.13 445.05
952.27 440.95
953.29 424.59
916.47 431.75
927.21 434.82
922.09 439.93
933.86 439.42
944.60 465.51
940.51 481.87
924.65 490.57
922.09 507.45
945.11 528.42
1006.49 535.07
1006.49 515.12
970.68 499.26
962.50 493.64
1053.55 467.04
1046.38 452.21
1002.40 378.04
988.59 363.21
954.83 363.72
948.69 366.79
946.64 346.84
956.87 344.28
943.58 401.06
919.54 400.03
903.68 407.71
895.50 402.59
892.43 342.24
901.12 333.03
1111.86 605.00
1045.36 607.05
1142.54 609.09
1126.18 601.93
1153.80 570.22
1127.20 423.93
1088.07 263.18
1095.74 260.11
1061.47 256.53
1128.48 231.98
1137.69 247.33
1154.56 259.09
1228.73 211.52
1258.91 211.01
1250.72 218.68
1244.59 230.96
1246.12 239.14
1234.36 227.89
1271.70 236.07
1263.51 187.48
1265.56 179.81
1269.14 169.58
1243.56 161.91
1243.05 158.33
1233.33 160.88
1237.94 158.33
1236.40 153.72
1231.29 148.61
1228.22 141.45
1224.64 145.03
1222.59 139.91
1217.48 142.98
1217.48 136.84
1200.60 134.80
1192.41 135.82
1191.90 129.68
1197.53 127.13
1188.83 123.03
1196.00 118.43
1192.93 146.05
1201.11 149.63
1202.13 161.91
1201.62 170.09
1187.30 179.81
1190.37 173.16
1184.74 173.67
1163.77 163.95
1161.73 167.02
1160.19 177.76
1157.12 166.00
1223.10 170.60
1225.66 164.47
1220.04 156.79
1219.52 148.61
1225.66 154.75
1219.01 174.18
1229.24 171.63
1231.80 182.37
1240.49 190.55
1236.40 172.65
1251.24 159.35
1262.49 161.40
1260.95 158.84
1091.14 14.09
1038.97 2.32
1092.67 227.89
1109.04 175.72
1113.65 175.72
1095.23 172.14
1101.88 175.72
1069.15 156.79
1050.73 113.83
947.41 126.10
818.01 132.24
812.89 123.03
808.80 126.10
828.75 108.71
823.12 112.81
843.07 108.71
842.05 113.32
852.79 113.83
857.39 108.71
1253.03 570.22
1274.51 576.36
1111.86 518.05
521.60 492.47
514.44 476.10
510.35 466.90
321.09 476.10
302.68 480.20
285.29 474.06
217.00 412.50
180.50 355.00
61.00 308.00
411.50 489.50
459.00 446.50
333.50 513.50
319.50 462.50
351.50 364.00
324.00 350.50
342.00 341.50
398.00 351.50
318.00 313.00
318.00 301.00
