283.06 353.59
263.52 379.65
241.80 374.22
200.54 356.85
177.74 379.65
152.77 379.65
113.68 387.25
95.22 402.45
111.51 417.65
77.85 429.60
48.53 410.05
22.47 417.65
7.27 463.26
28.99 488.23
53.96 461.08
121.28 469.77
187.52 432.85
215.75 413.31
248.32 450.23
228.78 480.63
263.52 495.83
299.35 475.20
325.41 495.83
348.21 489.32
350.38 526.23
306.95 541.43
270.04 545.78
230.95 572.92
208.15 539.26
176.66 511.03
176.66 478.46
100.65 562.06
159.28 583.78
57.22 568.58
13.79 558.81
254.83 622.87
363.41 608.75
359.07 571.84
413.36 531.66
422.05 496.92
395.99 452.40
424.22 440.45
919.34 569.66
969.28 562.06
986.66 504.52
946.48 481.71
897.62 500.17
828.13 480.63
782.53 467.60
757.56 448.06
773.84 410.05
799.90 425.25
793.39 385.08
774.93 369.88
753.21 334.05
741.27 562.06
743.44 522.97
696.75 551.21
704.35 592.47
624.00 568.58
588.17 549.03
617.49 508.86
595.77 505.60
586.00 474.11
631.60 463.26
572.97 593.55
492.62 569.66
460.05 581.61
513.25 543.60
483.94 530.58
502.39 493.66
471.99 465.43
449.19 461.08
44.19 389.42
20.30 353.59
38.76 359.02
37.68 321.02
21.39 321.02
66.99 341.65
86.54 314.50
90.88 296.04
75.68 292.79
42.02 296.04
17.05 265.64
66.99 259.13
76.76 261.30
90.88 242.84
109.34 242.84
118.02 268.90
140.83 261.30
150.60 268.90
139.74 285.19
150.60 304.73
161.46 284.10
185.34 324.28
160.37 343.82
181.00 353.59
246.15 299.30
265.69 311.25
280.89 336.22
291.75 291.70
314.55 313.42
333.01 314.50
362.33 288.44
392.73 299.30
368.84 311.25
378.61 334.05
379.70 352.51
348.21 356.85
411.19 375.31
399.24 375.31
427.47 336.22
454.62 338.39
465.48 299.30
482.85 299.30
442.68 299.30
410.10 254.78
416.62 205.92
431.82 218.95
442.68 229.81
448.10 215.70
463.31 201.58
451.36 191.81
473.08 177.69
493.71 167.92
478.51 213.52
491.54 213.52
499.14 234.15
512.17 250.44
537.14 211.35
515.42 209.18
548.00 177.69
574.06 186.38
590.34 163.58
589.26 196.15
612.06 183.12
607.72 160.32
638.12 234.15
626.17 254.78
609.89 280.84
610.97 311.25
653.32 299.30
681.55 284.10
690.24 299.30
692.41 315.59
689.15 297.13
726.07 291.70
721.72 273.24
579.49 321.02
565.37 297.13
579.49 352.51
571.89 397.02
814.02 259.13
798.82 241.76
803.16 227.64
838.99 229.81
853.10 222.21
873.73 222.21
886.76 234.15
900.88 227.64
907.39 259.13
919.34 242.84
943.23 250.44
945.40 334.05
929.11 372.05
810.76 352.51
798.82 321.02
727.15 311.25
786.87 276.50
774.93 304.73
1011.63 237.41
976.89 250.44
325.41 397.02
302.61 404.62
302.61 428.51
353.64 417.65
368.84 399.19
452.45 402.45
414.45 313.42
78.10 220.31
143.79 227.37
166.05 217.60
166.05 192.08
149.22 180.68
134.02 187.19
123.70 182.31
117.73 177.96
129.13 165.48
137.27 161.68
153.56 165.48
167.13 161.68
180.70 157.33
211.11 151.91
200.79 168.19
232.82 177.96
244.22 194.25
236.08 190.99
213.28 193.71
239.34 219.77
207.31 213.25
187.76 210.00
143.79 200.77
136.19 212.17
110.67 199.68
96.01 200.77
58.01 208.37
44.44 208.37
25.44 218.68
55.30 219.77
7.52 233.88
92.21 142.68
66.15 149.73
58.01 160.59
52.58 151.91
40.09 122.05
60.72 124.76
106.87 119.33
120.99 116.62
205.13 127.48
192.65 130.73
168.76 129.10
157.36 110.10
187.76 82.96
70.50 20.53
81.35 18.90
87.33 28.67
93.84 24.33
98.18 11.30
110.13 17.27
117.73 18.35
123.70 16.72
131.30 22.70
123.16 28.13
132.39 28.13
131.30 37.35
126.41 49.84
116.64 53.64
110.13 37.35
103.07 51.47
92.21 51.47
68.32 51.47
48.24 51.47
65.61 14.55
141.62 17.27
147.04 20.53
156.82 27.04
162.79 19.44
180.16 10.75
192.10 9.12
172.56 28.13
176.90 21.07
172.02 20.53
190.48 24.33
202.96 30.84
208.39 21.07
218.71 17.27
232.82 19.44
242.05 24.87
240.97 15.10
252.91 18.35
256.71 18.35
265.40 18.35
278.97 20.53
289.83 18.90
284.40 11.30
296.34 16.72
301.23 25.95
309.37 15.64
319.14 17.27
334.89 22.15
340.86 17.27
347.92 21.07
364.75 21.07
375.06 24.33
388.09 17.27
379.95 17.27
396.78 20.53
415.23 13.47
422.29 22.15
427.72 9.12
439.12 18.35
444.55 20.53
451.61 20.53
454.32 11.30
467.35 12.92
476.04 24.33
481.47 15.64
492.33 18.35
507.53 14.55
506.44 75.90
498.84 59.61
483.64 65.04
464.10 56.90
439.12 60.70
425.01 64.50
404.38 57.44
419.58 84.04
406.01 91.64
377.23 93.27
378.32 73.73
374.52 62.33
353.34 57.44
318.06 69.93
283.31 63.96
240.42 57.44
259.42 57.44
252.91 68.84
271.91 81.33
279.51 95.44
308.83 93.82
271.91 121.50
251.28 127.48
261.05 94.36
238.79 91.64
225.76 74.81
230.11 86.22
224.14 104.67
203.51 87.84
252.91 148.65
248.02 162.76
265.40 181.77
277.88 176.88
269.74 171.45
68.87 160.05
80.27 167.11
75.38 162.76
52.04 182.31
14.58 196.97
14.58 107.93
30.32 75.90
46.07 82.42
69.95 89.47
40.09 113.36
74.30 146.48
422.84 245.28
391.89 225.20
279.51 215.97
270.82 205.65
289.28 208.37
233.36 126.93
240.97 344.09
684.02 116.07
691.08 89.47
712.25 92.73
691.62 75.36
699.22 61.24
712.79 60.16
733.96 69.93
749.17 86.76
774.68 92.19
763.28 80.24
763.28 56.90
789.88 63.96
781.20 76.99
815.94 64.50
823.00 69.93
843.09 61.79
859.37 57.98
858.83 79.16
885.43 73.73
894.66 65.04
908.78 78.07
893.03 88.93
916.92 86.76
940.81 76.44
941.35 94.36
935.92 59.07
956.55 62.33
962.52 79.70
968.49 90.56
954.38 90.56
990.21 72.10
985.87 85.13
991.84 91.10
1008.13 90.56
1013.01 79.16
1017.36 57.98
988.04 60.16
689.45 261.57
699.76 264.29
733.42 250.71
738.31 224.11
816.48 246.91
994.01 221.94
1001.61 210.00
1012.47 203.48
1007.58 183.94
997.81 144.31
997.81 144.31
569.47 175.79
561.87 164.39
551.55 113.36
554.27 90.56
526.58 87.84
530.38 79.70
517.89 66.67
542.86 58.53
516.81 20.53
519.52 6.95
526.58 17.27
534.18 16.18
544.49 23.78
552.09 16.72
554.27 9.12
562.95 19.98
567.30 15.10
575.98 15.10
592.27 18.35
585.21 4.78
610.73 16.18
605.30 18.35
651.44 18.35
650.90 12.38
638.41 16.18
661.22 18.90
668.27 10.75
680.22 19.98
687.82 11.30
694.88 15.10
705.19 19.98
716.05 18.90
727.45 18.90
710.08 12.38
713.88 5.32
748.62 25.95
763.82 15.10
740.48 126.93
727.99 120.96
697.59 117.70
767.62 129.10
773.05 119.88
803.45 125.30
813.77 135.08
813.77 153.53
787.71 149.73
777.40 171.99
795.85 167.11
780.11 162.22
760.02 161.68
756.77 154.62
828.97 169.28
845.80 161.14
855.57 171.99
801.28 186.11
799.65 211.08
834.01 14.45
841.00 18.05
850.19 22.64
860.98 17.25
867.18 15.45
871.97 21.85
879.37 16.05
887.36 21.45
900.94 18.25
908.74 17.45
915.53 20.05
925.92 17.25
932.51 15.85
921.92 8.26
916.13 2.86
901.94 6.46
879.57 1.86
865.98 6.86
839.01 2.26
802.84 89.98
786.66 21.45
790.85 19.05
782.86 7.66
802.64 12.45
811.63 8.46
822.42 12.65
817.83 19.45
812.63 19.45
805.24 22.24
828.42 11.06
853.19 16.05
950.89 17.45
943.10 15.25
951.89 10.26
915.93 112.76
885.16 111.96
866.98 113.55
840.00 93.37
808.59 598.98
850.93 562.06
818.36 560.98
685.89 504.52
676.12 451.31
664.18 423.08
583.83 91.64
600.12 82.96
606.09 88.39
619.66 72.64
625.09 60.70
653.32 54.73
670.15 70.47
677.75 56.36
679.38 65.04
607.17 116.07
601.74 127.48
582.20 113.36
531.17 126.93
497.51 126.93
507.28 138.88
593.60 153.53
642.46 129.10
1004.03 113.63
1013.80 124.49
1017.06 159.23
1023.57 175.52
987.74 173.35
944.31 158.15
-130.62 585.95
720.64 55.00
880.72 129.67
911.65 129.97
915.64 140.69
914.41 157.54
890.52 153.56
876.13 174.07
864.19 207.46
896.34 220.32
880.11 205.01
830.19 206.54
746.28 188.47
728.21 184.49
728.52 220.01
952.69 235.94
926.97 207.46
937.38 216.64
664.21 295.96
968.20 269.99
645.15 81.91
635.95 88.04
663.57 91.11
666.64 126.92
175.61 71.68
187.88 71.68
140.83 69.63
143.89 60.42
114.23 64.52
136.73 80.88
110.14 109.53
328.03 96.23
340.31 89.07
334.17 76.79
327.01 141.24
319.85 126.92
300.41 127.94
164.35 542.25
110.14 520.76
627.76 335.60
667.66 264.00
584.80 60.42
603.21 59.40
566.38 59.40
566.38 76.79
952.05 182.16
958.18 207.73
935.68 186.25
1006.26 613.85
235.96 250.70
222.66 238.42
266.65 261.95
939.77 127.94
224.71 302.87
106.04 326.40
510.12 195.46
242.10 274.23
86.61 361.18
378.16 262.97
354.63 238.42
347.47 226.15
436.47 259.90
405.78 279.34
356.67 123.85
368.95 113.62
386.34 124.87
391.46 116.69
398.62 73.72
464.09 264.00
482.50 253.77
394.52 209.78
190.95 236.38
19.09 295.71
561.27 124.87
1006.26 257.86
698.35 166.81
62.06 245.58
985.80 189.32
954.09 167.84
828.27 288.55
833.38 274.23
817.01 188.30
80.02 71.29
25.73 2.88
160.37 9.40
423.13 284.10
983.40 21.34
977.97 10.48
989.91 9.40
992.09 19.17
1000.77 18.08
1014.89 13.74
1006.20 13.74
1022.49 25.68
968.20 120.15
733.67 24.60
112.38 9.23
120.56 9.81
128.16 11.56
163.81 6.89
204.73 6.30
232.20 4.55
250.32 5.13
246.23 8.64
281.30 5.13
290.65 6.30
298.25 5.72
314.03 9.23
322.80 9.23
329.82 5.13
334.49 8.06
344.43 5.72
358.46 4.55
366.64 6.89
363.72 13.90
374.24 13.90
378.91 6.30
385.34 7.47
395.87 9.23
416.91 4.55
438.54 6.89
442.63 2.21
447.89 6.89
466.59 2.21
508.09 6.89
502.83 10.98
488.80 8.64
480.04 5.13
-103.31 340.06
596.92 10.40
612.70 6.30
623.81 5.72
634.33 6.30
645.44 8.06
660.05 6.30
691.03 6.89
705.06 4.55
707.98 3.38
745.97 8.06
754.16 9.23
755.91 5.72
772.28 12.73
809.68 4.55
814.36 3.38
851.77 3.97
858.78 8.06
965.17 6.30
962.83 14.49
588.74 212.05
596.92 236.60
994.37 6.89
986.77 6.89
999.63 3.97
728.44 496.42
202.37 679.96
291.22 675.28
480.60 678.79
32.86 526.81
338.41 116.61
351.96 95.89
517.00 458.00
348.50 538.50
328.50 451.50
537.00 231.00
510.00 190.50
499.50 127.00
458.50 165.50
372.50 204.00
362.50 168.00
363.50 140.00
316.50 202.00
306.00 169.00
336.00 54.00
310.00 60.50
320.00 24.00
309.00 16.50
316.50 52.50
35.06 605.63
30.16 586.06
14.26 575.05
17.32 559.76
5.09 547.52
7.53 529.79
3.86 511.44
8.76 470.46
3.86 486.97
3.25 446.00
11.20 440.49
15.48 420.92
4.48 414.80
25.88 409.30
13.65 378.72
3.25 386.67
8.15 367.10
3.86 352.42
9.98 340.19
19.15 353.03
24.66 357.31
25.88 372.60
19.77 312.66
11.20 305.93
7.53 277.19
23.44 293.09
22.82 275.35
37.50 269.85
32.61 286.97
47.29 288.20
57.07 271.07
63.80 282.08
72.98 277.19
57.69 301.04
49.74 303.49
41.78 302.88
42.40 318.17
32.00 320.00
44.23 335.90
38.11 345.08
44.23 365.26
54.63 354.86
65.03 354.25
33.83 392.78
52.79 391.56
65.03 406.24
38.11 410.52
41.78 423.37
48.51 429.48
37.50 440.49
32.00 453.33
43.62 453.95
61.36 455.78
71.14 450.28
41.78 479.02
50.35 495.54
25.88 479.63
30.16 509.60
34.44 521.22
59.52 509.60
74.20 498.59
79.70 477.19
66.25 474.13
69.31 512.66
67.47 529.79
87.66 518.17
90.71 500.43
83.37 543.24
57.69 544.47
60.74 562.20
61.97 589.11
109.06 585.44
79.70 593.40
90.71 584.83
89.49 623.98
90.10 642.94
115.79 638.04
128.02 621.53
106.62 617.86
129.25 603.18
138.42 594.01
145.76 573.82
146.37 553.03
104.17 556.70
111.51 539.57
94.38 539.57
133.53 531.01
146.98 520.00
107.23 508.38
131.08 495.54
139.03 486.97
110.90 475.35
126.80 466.18
118.85 458.23
102.95 447.22
88.88 439.27
144.54 457.62
149.43 445.38
150.04 429.48
134.75 428.26
126.80 446.00
115.79 428.26
95.61 430.09
96.22 417.25
79.09 414.80
87.04 404.41
109.06 391.56
99.89 401.35
90.71 382.39
77.87 376.88
90.71 356.70
109.06 379.33
118.24 374.44
111.51 361.59
99.89 341.41
85.82 334.07
71.14 333.46
60.13 318.78
70.53 322.45
71.75 308.38
81.54 291.26
90.10 302.88
94.38 310.22
93.77 320.00
104.78 310.22
110.90 331.62
123.13 350.58
136.59 345.08
146.37 354.86
143.31 364.04
145.76 373.82
137.20 382.39
129.25 401.96
122.52 411.13
134.14 411.13
145.76 395.84
175.73 406.24
108.45 286.36
124.96 275.35
120.07 309.60
113.96 301.04
125.58 290.03
125.58 318.17
138.42 321.22
139.03 286.36
145.76 269.85
150.65 290.03
160.44 298.59
149.43 302.88
154.93 313.89
146.37 331.01
156.16 346.91
167.17 321.22
170.84 282.69
167.78 275.35
193.47 272.91
180.62 268.63
191.02 290.03
181.23 293.09
186.74 302.88
206.31 290.64
198.97 302.88
180.01 308.38
184.90 322.45
175.12 331.01
183.68 339.57
180.62 351.19
172.06 355.48
157.38 363.43
167.17 390.95
179.40 395.23
194.08 396.45
198.36 386.67
170.84 369.54
194.08 415.41
189.80 434.37
198.97 434.99
213.65 408.69
211.20 442.94
195.91 453.33
182.46 447.22
175.12 461.29
188.57 469.85
159.83 474.13
159.22 495.54
161.05 520.00
195.30 496.15
207.53 494.31
172.67 524.28
180.62 536.52
202.03 525.51
213.65 521.84
207.53 548.14
193.47 571.38
175.73 584.22
167.78 597.68
165.33 633.15
177.56 625.81
180.62 640.49
203.86 620.31
216.71 640.49
235.06 631.32
246.68 606.24
271.75 622.75
265.03 637.43
305.39 631.93
302.33 613.58
284.60 592.17
270.53 579.33
230.16 598.29
220.99 584.83
233.22 562.81
240.56 530.40
255.24 534.68
266.86 552.42
225.88 543.85
274.81 530.40
298.05 534.07
287.04 502.88
272.37 508.38
258.30 504.10
243.01 504.10
233.83 499.82
239.34 477.19
173.28 502.88
225.88 468.63
225.88 451.50
230.78 434.99
240.56 434.99
253.41 434.99
265.03 423.37
280.32 430.09
265.64 446.00
258.30 465.57
270.53 475.35
298.67 479.02
288.88 487.59
313.96 485.75
326.19 482.69
339.03 490.03
291.94 460.06
324.96 463.12
298.05 441.10
319.46 433.76
337.20 441.10
225.27 420.92
236.89 410.52
236.28 396.45
225.27 390.95
210.59 392.17
210.59 378.11
216.10 361.59
231.39 357.31
194.69 362.20
219.15 339.57
207.53 328.56
211.81 309.60
224.05 303.49
221.60 269.24
227.72 280.25
248.51 286.97
251.57 269.85
238.73 297.37
252.79 294.31
264.41 284.53
239.95 310.22
242.40 322.45
254.63 320.61
266.25 338.35
274.20 320.00
269.31 299.82
282.76 299.82
293.77 292.48
280.93 282.08
302.95 293.09
312.12 274.13
321.91 288.20
302.95 311.44
293.16 320.00
310.90 329.79
286.43 337.13
299.89 345.69
296.83 356.70
291.33 365.87
275.42 359.15
250.35 360.98
245.45 371.99
264.41 380.55
253.41 391.56
281.54 383.00
271.14 408.07
299.28 410.52
307.23 388.50
315.79 368.32
323.13 362.20
335.97 359.15
331.69 343.85
312.73 352.42
347.59 326.73
332.92 324.28
324.35 307.77
339.64 307.16
333.53 296.76
313.96 318.78
343.31 275.35
370.84 272.91
380.62 275.35
367.78 285.75
345.15 285.75
351.88 291.26
354.32 312.05
367.78 307.16
375.73 294.31
386.74 294.31
376.34 314.50
398.36 294.31
393.47 320.00
364.11 332.23
350.04 348.75
352.49 359.76
373.28 348.14
375.12 365.26
356.77 373.82
347.59 386.67
340.87 393.40
319.46 397.68
326.19 419.70
337.81 423.98
353.71 406.85
366.56 408.07
377.56 399.51
372.06 382.39
389.19 378.11
397.75 393.40
401.42 359.76
391.63 340.80
383.68 359.76
391.02 404.41
409.98 425.81
403.25 408.69
419.77 403.79
421.60 419.70
356.16 427.65
369.00 444.16
385.52 436.21
359.83 468.63
348.82 458.23
355.55 485.75
386.74 471.68
396.52 457.00
373.28 469.85
407.53 472.91
428.94 458.23
433.83 449.67
447.29 461.90
427.72 483.92
398.97 498.59
384.29 494.31
346.37 511.44
324.96 522.45
345.76 548.14
337.81 566.48
315.79 594.01
309.06 575.05
301.11 558.53
286.43 567.10
323.74 609.91
337.20 618.47
355.55 633.76
344.54 600.74
389.19 609.91
353.71 588.50
378.18 570.77
397.75 555.48
392.85 586.67
428.94 632.54
438.73 635.60
390.41 625.81
433.22 597.07
455.85 609.91
480.32 625.81
517.01 625.81
553.10 628.26
571.45 630.09
546.37 606.85
500.50 614.80
497.44 590.95
477.87 575.05
447.29 576.88
428.94 567.10
421.60 543.85
424.05 527.95
443.62 535.90
458.30 540.80
475.42 545.08
490.71 551.19
506.00 536.52
508.45 565.26
527.41 573.82
556.16 575.05
567.17 584.22
586.74 587.89
561.05 551.19
595.30 545.69
569.00 530.40
540.26 531.62
521.30 521.84
501.11 520.00
458.91 512.66
458.91 498.59
432.61 494.31
452.18 477.19
468.08 478.41
483.37 474.13
499.28 467.40
505.39 485.75
496.83 500.43
540.87 466.79
523.74 461.29
551.88 455.78
556.16 439.27
573.28 444.77
595.91 442.94
580.01 426.42
567.17 419.08
558.60 406.85
586.74 414.80
578.18 405.02
593.47 402.57
534.75 419.08
513.96 431.93
496.83 433.76
487.66 425.81
506.00 412.97
521.30 419.08
528.02 406.85
515.79 395.23
535.36 397.07
553.10 386.67
542.70 376.27
521.91 375.66
504.17 378.11
570.22 361.59
580.01 376.88
586.13 392.17
597.14 362.20
468.08 444.77
449.74 434.37
461.97 423.37
449.12 421.53
436.89 411.13
476.04 399.51
458.91 396.45
432.61 390.95
419.15 384.22
432.61 375.05
415.48 361.59
417.32 348.14
407.53 345.08
421.60 337.13
430.16 331.01
436.28 343.85
441.17 357.92
443.01 370.15
455.24 368.32
449.74 348.14
466.86 373.82
484.60 373.82
503.56 360.98
518.24 355.48
528.63 345.08
547.59 355.48
559.22 341.41
575.12 331.62
537.81 333.46
512.73 339.57
495.00 345.08
482.15 354.86
468.70 338.35
453.41 326.73
439.95 314.50
413.65 316.33
417.32 298.59
436.28 286.97
452.18 280.25
437.50 271.07
448.51 301.04
471.75 299.21
475.42 291.26
461.36 269.24
476.65 271.07
483.99 279.63
501.11 278.41
501.11 294.31
493.16 281.47
489.49 298.59
496.83 309.60
485.82 331.01
499.28 327.34
523.13 322.45
521.91 293.09
524.96 279.63
540.87 277.80
575.12 273.52
572.67 299.82
556.16 299.82
585.52 307.16
555.55 331.01
540.26 299.82
249.74 337.13
386.13 336.52
406.92 642.33
536.59 500.43
554.93 496.76
575.12 486.97
589.19 474.13
577.56 508.38
477.87 386.67
485.21 408.69
596.52 382.39
83.99 464.34
112.29 266.88
102.70 275.88
75.13 269.88
45.75 279.47
132.07 548.60
567.23 281.27
586.41 260.89
548.05 265.69
524.68 262.09
513.89 273.48
431.17 263.89
414.99 262.69
401.20 262.09
401.80 271.08
380.22 262.69
365.83 262.09
333.47 279.47
328.67 259.69
300.50 262.09
168.03 262.69
196.20 262.09
374.23 511.99
376.32 528.17
436.50 744.00
443.00 567.00
450.00 426.00
360.00 388.50
386.00 362.50
468.50 320.50
512.00 318.00
514.50 274.50
