498.88 331.53
598.44 253.79
438.20 159.92
361.40 170.35
101.61 189.31
21.96 185.52
3.00 261.37
729.28 132.42
82.76 30.08
84.42 61.96
138.59 19.18
165.37 46.50
179.59 88.69
279.62 50.35
318.73 72.75
296.28 4.17
413.43 33.16
461.79 53.31
488.22 29.25
767.21 107.18
400.00 532.00
329.50 401.50
495.00 341.50
561.50 396.00
422.00 244.50
469.00 191.50
465.50 167.00
464.50 131.00
453.50 99.50
434.50 71.00
391.50 81.50
392.00 146.50
343.50 124.00
325.50 151.50
343.50 191.50
328.00 49.00
117.09 892.47
81.76 904.65
82.37 871.76
11.09 918.06
31.20 758.45
93.94 816.93
133.54 823.02
181.67 846.78
200.55 921.10
252.95 882.72
304.73 900.39
364.43 909.53
353.46 865.67
390.02 846.17
436.32 838.25
275.49 852.26
313.87 815.71
223.10 796.83
193.85 785.25
195.68 756.62
128.67 776.11
146.95 738.95
77.50 729.81
59.83 700.57
35.46 700.57
9.27 695.09
61.66 677.42
5.00 626.25
17.79 609.80
47.04 589.70
15.97 576.30
14.14 521.47
29.37 526.34
32.42 509.28
51.91 493.44
52.52 472.12
39.12 457.50
19.01 470.90
11.70 454.46
38.51 444.71
31.81 430.70
31.81 417.90
56.17 436.18
84.20 448.97
102.47 460.55
112.83 446.54
93.34 509.89
87.24 530.00
118.31 527.56
116.49 509.89
82.37 567.16
98.21 576.30
115.88 598.23
131.72 584.21
136.59 557.41
178.62 575.08
181.06 623.20
145.73 651.23
115.27 667.68
143.90 692.65
187.15 675.59
244.42 662.19
307.16 664.02
337.62 691.43
305.95 718.24
308.99 759.66
342.50 756.62
388.80 778.55
393.06 749.92
435.10 801.70
461.29 755.40
417.43 703.62
438.14 687.17
358.34 675.59
281.58 612.24
318.74 565.94
278.53 564.72
222.49 591.53
240.15 538.52
268.79 545.23
233.45 516.59
161.57 509.28
132.93 492.83
156.08 486.13
174.36 472.12
158.52 467.25
148.77 459.94
152.43 438.01
169.49 425.82
174.97 405.72
171.92 389.88
180.45 377.70
156.69 368.56
165.22 360.64
193.24 360.03
206.65 365.51
205.43 397.80
224.31 405.72
221.88 417.90
217.00 433.13
221.27 457.50
227.97 457.50
220.66 480.65
252.95 449.58
277.92 479.43
288.28 493.44
301.68 491.62
293.76 479.43
260.26 433.13
134.15 421.56
93.34 422.78
64.09 397.19
103.69 397.80
122.58 389.88
131.72 374.04
100.65 363.08
76.28 370.39
63.48 366.12
40.94 386.83
33.02 375.26
20.23 366.73
12.31 375.87
8.05 362.47
80.54 419.73
231.62 636.61
378.44 535.48
342.50 534.26
346.76 493.44
366.26 496.49
370.52 481.87
330.31 469.08
305.34 433.74
308.38 414.25
324.22 411.20
284.62 395.97
270.00 385.01
266.35 372.21
241.98 375.87
245.03 361.86
230.41 358.20
274.88 358.81
288.28 375.26
301.68 394.14
319.35 389.27
330.92 378.91
326.05 363.08
300.46 363.68
348.59 411.20
349.81 422.17
377.22 436.18
384.53 401.45
370.52 399.63
363.82 389.27
369.91 370.39
377.22 360.03
389.41 363.68
403.42 383.79
393.67 372.82
417.43 391.71
425.96 422.17
407.68 452.63
406.46 470.90
419.87 482.48
396.11 504.41
436.32 477.00
441.80 453.24
467.99 460.55
477.74 473.95
471.65 494.66
432.05 521.47
440.58 533.04
430.22 550.71
441.19 567.77
463.12 605.54
486.88 600.05
434.49 618.94
408.29 652.45
433.88 647.57
460.68 653.05
493.58 685.34
498.45 640.87
492.97 709.10
546.58 696.92
594.10 912.57
559.98 896.73
552.67 870.54
587.40 852.87
567.29 836.42
502.72 817.54
524.65 800.48
505.15 789.52
608.72 779.77
633.70 795.61
628.21 917.45
809.75 922.93
783.56 896.73
801.23 869.32
748.83 836.42
726.90 821.80
735.43 795.61
740.92 763.32
773.20 766.37
791.48 776.11
814.63 793.78
856.66 793.78
881.64 812.66
886.51 869.32
862.15 745.65
868.85 723.72
867.63 699.35
900.53 690.82
882.25 665.85
909.05 667.07
920.02 767.58
909.05 713.37
846.31 667.68
814.63 685.34
807.93 663.41
773.20 659.15
793.31 635.39
664.16 746.26
640.40 737.73
609.94 733.47
629.43 709.10
665.37 712.76
681.82 671.94
704.36 669.50
714.11 684.12
772.59 767.58
616.64 668.89
603.24 645.74
548.41 671.33
536.22 616.50
517.95 575.08
506.37 562.28
492.97 561.67
496.63 543.40
504.55 517.81
531.35 491.01
552.06 465.42
527.09 548.27
572.17 505.02
578.87 525.73
594.10 525.73
608.11 512.33
613.59 534.26
595.93 550.71
589.22 578.12
601.41 622.59
610.55 604.32
667.20 637.22
671.47 609.80
654.41 584.21
650.14 550.71
637.35 564.72
642.83 520.25
644.05 498.93
682.43 545.84
673.90 565.33
679.39 583.61
699.49 612.24
706.80 576.30
726.29 568.38
749.44 581.17
773.81 590.31
775.03 625.03
833.51 605.54
871.89 616.50
899.92 609.19
924.28 600.05
916.97 571.42
883.47 586.65
834.73 564.72
468.60 435.57
471.65 419.73
467.38 409.37
446.06 392.93
435.71 375.87
445.45 357.59
458.86 363.68
461.29 376.48
474.09 395.36
491.14 383.79
490.53 372.82
495.41 363.68
483.83 361.25
518.56 368.56
524.04 395.97
538.05 370.39
531.35 356.98
553.89 367.95
566.68 362.47
574.60 401.45
588.01 395.97
598.36 403.28
595.93 430.09
589.22 416.68
563.64 433.13
549.02 427.65
540.49 416.08
545.97 400.85
526.48 436.18
514.90 428.87
497.84 431.31
485.05 449.58
631.26 458.11
647.71 448.97
644.05 434.35
656.24 408.16
670.86 417.29
630.65 400.24
633.70 389.27
622.12 383.79
616.03 373.43
595.32 369.78
619.08 360.03
637.96 360.03
665.37 381.96
681.82 386.83
695.83 402.67
698.88 416.08
714.11 425.21
722.64 439.23
733.00 452.02
759.19 475.17
771.38 442.27
747.01 491.62
726.29 499.54
693.40 479.43
681.82 464.20
673.90 473.95
690.96 504.41
699.49 538.52
754.32 547.66
789.04 535.48
759.19 514.77
787.21 517.81
811.58 523.29
824.38 501.36
853.01 483.70
809.15 458.72
523.43 380.74
867.63 572.64
892.00 561.67
913.93 545.23
912.71 506.85
902.96 490.40
882.25 501.97
866.41 460.55
895.65 447.14
895.65 420.34
916.97 430.09
909.05 414.25
889.56 389.27
906.62 370.99
892.61 370.99
876.16 381.35
856.66 381.35
842.65 389.27
837.17 380.74
831.69 403.28
868.85 405.72
845.70 444.10
826.20 433.13
796.96 433.13
809.75 414.25
794.52 406.33
764.06 414.25
743.96 390.49
723.86 384.40
715.94 372.82
695.83 364.29
676.95 361.86
776.25 380.74
781.73 366.73
820.72 369.78
767.72 383.18
730.56 425.21
296.96 328.50
262.85 316.32
278.38 315.71
300.01 318.45
302.44 313.27
326.20 337.03
349.66 321.50
366.41 324.24
378.59 333.38
394.43 334.90
361.54 344.95
423.98 329.72
410.88 328.20
431.29 314.80
420.93 311.45
459.62 319.67
471.80 341.91
466.01 330.64
494.04 325.15
487.64 316.93
503.17 323.93
512.62 344.34
522.36 343.43
141.31 351.35
153.80 349.22
157.45 323.02
131.87 336.42
124.86 320.28
96.84 347.69
185.48 327.28
193.40 344.65
218.98 335.51
164.15 309.31
551.00 311.45
540.64 306.57
575.36 326.98
570.49 337.95
551.00 348.00
548.26 340.99
593.03 333.99
605.22 314.49
622.88 321.50
628.67 339.77
608.26 350.74
603.39 343.43
235.74 322.72
294.37 506.85
869.91 356.83
856.82 339.47
867.17 326.98
855.29 327.89
841.89 321.80
820.87 332.46
818.13 311.14
787.37 326.98
777.01 325.46
786.15 350.13
766.35 345.26
754.47 347.39
741.68 342.51
733.76 324.24
712.13 340.69
692.94 347.08
667.35 337.95
655.17 330.03
677.41 325.46
638.11 323.02
575.67 316.01
706.04 310.23
721.57 309.31
755.08 314.49
768.79 323.32
912.25 340.99
933.27 358.05
915.30 358.05
922.91 347.39
939.36 330.94
946.37 321.80
915.60 319.67
884.84 314.19
868.39 316.01
859.86 311.14
952.16 316.01
957.94 370.54
929.31 383.03
940.28 400.69
514.14 499.69
938.14 455.83
938.14 441.81
956.72 454.61
958.86 492.99
951.85 538.68
953.07 565.48
940.28 557.56
935.10 527.71
934.79 503.04
935.23 489.64
966.61 423.23
970.26 397.04
967.83 376.33
974.83 337.34
970.57 323.32
964.48 589.85
105.23 502.73
149.09 425.37
36.39 348.00
60.76 349.22
73.55 352.87
79.04 340.69
301.39 472.88
295.00 358.05
7.15 500.30
982.13 904.17
951.44 838.39
1001.14 825.96
971.90 779.92
978.48 738.99
995.29 706.10
988.71 682.71
985.79 661.51
963.86 646.16
993.83 627.89
1005.52 592.81
996.02 575.26
1005.52 529.22
982.86 499.98
998.94 455.39
966.78 461.97
981.40 432.01
1012.10 437.85
990.17 411.54
1020.14 404.23
1014.29 391.08
987.25 402.77
1010.64 355.99
984.33 350.14
1008.45 336.99
1002.60 323.83
986.52 329.68
1006.98 312.87
998.94 309.21
1008.45 297.52
974.82 302.64
993.83 282.90
1017.95 277.78
1017.95 266.09
970.44 271.21
941.93 282.90
932.43 272.67
925.12 300.44
914.16 290.21
882.73 287.29
871.77 297.52
861.53 286.56
859.34 276.32
833.03 283.63
822.80 275.59
806.72 289.48
795.75 293.13
796.48 307.02
732.16 299.71
751.17 293.13
758.48 298.98
815.49 269.01
792.83 268.28
666.38 296.06
655.42 293.13
694.89 293.13
708.04 295.33
619.60 307.02
599.14 298.98
618.14 282.17
607.18 279.98
594.02 275.59
580.87 280.71
561.86 275.59
515.81 286.56
504.85 277.05
488.04 279.98
454.42 282.90
410.56 299.71
387.91 301.90
361.59 285.82
348.44 283.63
325.78 280.71
290.70 300.44
270.96 293.13
257.07 283.63
237.34 296.06
241.73 282.90
143.78 285.82
135.01 274.86
137.21 301.90
169.37 273.40
223.45 293.13
186.18 313.60
210.30 305.56
8.57 271.21
81.49 264.43
29.32 271.59
274.83 262.39
259.49 270.57
1157.02 789.02
752.36 763.50
732.92 674.79
962.59 649.27
1223.85 510.74
1268.82 366.13
1261.52 353.98
1248.16 344.26
1272.46 289.57
1259.09 284.71
329.47 921.47
441.27 661.42
352.56 649.27
312.46 599.45
352.56 509.52
312.46 447.55
341.63 424.46
293.02 420.82
448.56 403.80
472.87 415.95
493.52 424.46
516.61 420.82
537.27 463.35
487.45 364.92
504.46 357.63
350.13 394.08
342.84 368.56
373.22 361.27
423.04 328.46
452.21 334.54
504.46 305.37
519.04 315.09
516.61 306.59
529.98 302.94
545.78 315.09
567.65 313.88
604.11 313.88
634.49 315.09
641.78 322.38
667.30 309.02
675.80 305.37
669.73 336.97
714.69 362.49
762.08 335.75
728.06 292.00
776.66 267.70
763.30 260.41
794.89 300.51
852.00 301.73
873.88 298.08
889.68 298.08
923.70 289.57
948.00 298.08
992.97 336.97
992.97 313.88
1034.28 298.08
1026.99 296.87
1020.92 288.36
1022.13 262.84
1005.12 271.35
1053.73 274.99
1076.82 298.08
1081.68 283.50
1088.97 262.84
1141.22 339.40
1164.31 326.03
1157.02 374.64
1209.27 388.00
1214.13 353.98
982.03 364.92
939.50 364.92
904.26 356.41
889.68 383.14
935.85 402.59
843.50 368.56
819.19 369.78
774.23 422.03
760.87 415.95
482.59 317.52
1169.17 274.99
1194.69 266.49
1243.30 266.49
1249.37 268.92
1265.17 264.06
1254.23 259.19
1105.98 257.98
501.03 269.32
559.68 313.63
591.57 308.49
583.86 311.49
436.60 390.58
440.45 375.81
398.93 393.15
376.67 397.86
364.46 394.65
857.20 327.43
825.09 307.74
770.08 272.96
843.07 257.12
754.03 257.12
715.50 263.33
977.92 331.50
1214.23 256.69
1231.35 258.19
1219.15 260.97
1055.84 259.37
897.87 256.91
