247.00 496.00
173.50 426.50
226.00 372.50
122.50 333.50
172.00 251.50
235.00 235.50
176.00 176.50
173.50 129.00
137.00 130.50
29.00 174.00
56.50 125.50
107.00 44.50
82.00 40.50
22.00 208.50
464.75 556.25
478.97 507.89
579.48 403.59
552.93 357.13
676.19 427.30
767.21 432.04
908.48 354.29
836.42 544.87
708.42 667.18
729.28 278.44
700.84 253.79
669.55 239.56
575.68 200.69
545.34 240.51
490.35 238.62
494.14 192.16
496.04 148.54
453.37 188.36
449.58 164.66
332.96 183.62
289.34 198.79
326.32 249.99
399.33 246.20
1107.59 180.78
1187.24 235.77
1017.52 127.68
1204.31 583.74
264.69 75.30
579.71 46.73
666.47 51.71
724.78 87.98
757.73 78.26
639.92 14.71
611.06 8.66
1056.87 121.76
824.10 63.80
1036.01 51.48
1091.00 39.39
1123.24 41.05
1133.67 106.47
1191.27 52.19
1267.24 127.86
1275.42 65.43
1037.08 24.63
991.81 16.32
1005.62 9.16
583.00 6.68
261.72 8.50
95.79 864.84
258.27 814.07
369.98 841.99
216.38 659.20
45.01 697.28
394.10 632.54
435.99 588.11
618.79 543.68
781.27 715.05
780.00 659.20
814.28 466.25
981.84 453.55
936.14 495.44
914.56 405.31
1000.88 355.81
851.09 359.61
829.51 260.60
854.90 259.33
702.57 419.28
661.95 471.32
717.80 395.16
564.20 424.36
1018.66 731.56
399.18 491.63
371.25 486.56
423.30 466.25
466.46 415.47
498.19 362.15
513.43 364.69
206.23 401.51
263.35 429.43
267.16 410.39
244.31 372.31
316.67 350.73
356.02 352.00
387.75 329.15
416.95 293.60
569.28 260.60
315.82 280.59
397.70 262.19
298.68 264.73
231.40 259.01
193.96 260.92
138.10 282.50
92.40 271.71
71.46 289.48
70.82 306.62
42.89 325.02
17.51 297.10
56.86 269.80
6.08 259.65
590.50 260.22
1641.50 808.50
830.00 844.00
2034.50 1070.00
1438.50 824.50
1453.50 1057.00
1561.50 1003.50
1836.00 1036.50
1808.00 861.00
1633.50 998.50
936.00 907.00
1545.00 958.50
961.00 976.50
1419.00 961.50
1096.00 890.00
1288.50 760.00
970.50 904.00
1364.00 1045.00
1273.00 847.00
1308.50 1016.00
1345.50 999.00
1817.50 790.00
1510.50 810.00
1540.50 843.00
839.00 713.50
1714.00 972.50
1675.50 977.50
1577.50 902.00
1514.50 792.00
649.50 708.00
685.50 698.00
1431.00 952.50
396.00 679.50
463.00 754.50
432.50 668.00
1607.50 1151.00
1608.50 1107.50
