269.00 479.50
273.50 343.50
234.50 340.50
261.00 158.50
238.50 129.50
236.50 117.50
116.00 174.00
124.00 143.50
152.50 116.50
97.00 77.00
112.50 53.50
106.00 14.50
602.95 353.25
708.45 365.24
352.80 349.25
348.01 310.89
379.98 289.31
516.64 271.73
459.90 230.17
411.15 215.78
368.79 228.57
383.97 231.77
326.43 231.77
306.45 223.78
267.29 137.46
287.27 139.86
289.67 115.88
298.46 133.47
308.05 131.87
319.24 139.06
323.23 123.08
336.82 131.87
344.01 131.07
367.19 197.40
384.77 183.82
397.56 205.40
403.95 187.81
413.54 183.82
400.76 152.65
387.97 142.26
378.38 127.07
729.23 305.30
902.65 359.64
770.79 290.11
809.15 271.73
926.63 291.71
966.59 300.50
999.36 238.16
970.59 244.56
1048.11 206.99
1048.91 155.05
993.76 180.62
950.61 206.19
855.50 215.78
807.55 214.19
774.78 210.19
680.48 225.38
690.07 198.20
666.89 197.40
557.40 202.20
515.84 205.40
474.28 193.41
485.47 189.41
435.12 195.01
438.32 181.42
426.33 183.02
480.68 152.65
451.11 158.24
431.92 162.24
417.54 142.26
397.56 122.28
359.20 107.89
344.01 117.48
415.94 123.08
417.54 114.29
406.35 114.29
438.32 136.66
458.30 129.47
463.89 120.68
469.49 116.68
481.48 113.49
483.87 127.87
503.85 126.27
503.05 151.05
489.47 145.46
510.25 143.86
507.05 183.82
536.62 189.41
523.03 155.05
538.22 145.46
560.60 149.45
597.36 183.02
582.17 155.05
604.55 153.45
593.36 139.06
578.98 127.87
570.19 139.06
551.01 127.07
542.21 112.94
514.24 117.33
501.85 108.14
559.00 120.13
561.79 127.72
630.93 152.90
617.74 137.31
600.96 127.32
597.36 113.34
584.17 119.33
570.19 110.14
563.79 114.94
553.00 112.14
448.31 115.73
382.37 110.94
370.39 121.33
371.98 154.50
365.99 141.71
330.63 120.53
312.64 116.13
465.29 180.47
522.03 177.67
569.99 256.79
631.13 271.18
623.93 222.43
617.94 184.87
631.92 182.47
622.73 110.54
611.15 115.73
586.77 114.54
631.92 144.91
648.31 121.33
642.31 116.13
647.91 112.94
632.32 109.74
961.00 163.84
920.24 171.03
864.29 187.01
837.12 194.21
701.26 183.82
742.01 174.23
736.42 199.00
765.19 190.21
779.58 168.63
794.76 163.84
672.48 129.47
722.83 148.65
748.41 139.06
768.39 155.05
771.58 138.26
785.17 136.66
793.96 135.07
812.34 129.47
829.13 129.47
843.51 135.07
830.73 162.24
858.70 163.84
893.06 162.24
899.46 147.05
904.25 119.88
937.82 121.48
952.20 138.26
966.59 149.45
1009.75 120.68
972.18 102.30
1042.51 124.68
1022.53 135.86
1024.13 126.27
947.41 121.48
690.47 125.33
674.88 116.53
655.70 130.92
658.50 118.53
666.09 109.74
652.50 109.34
738.82 154.10
729.23 122.13
738.42 113.34
721.63 111.74
712.44 116.53
720.44 118.53
707.65 128.12
698.86 121.73
692.46 115.34
700.86 115.73
703.65 112.94
682.07 112.14
686.07 119.33
791.96 118.53
780.38 118.13
775.58 122.53
761.59 118.93
758.00 126.92
806.35 118.93
812.34 116.13
831.13 117.73
823.53 122.13
837.12 120.93
853.90 128.92
856.30 122.53
861.10 120.93
865.89 124.53
879.08 119.33
898.26 139.31
922.63 129.32
930.85 148.67
136.50 668.00
146.50 652.50
150.50 577.50
149.00 527.50
192.50 423.00
162.50 366.00
95.50 477.50
82.00 456.00
63.00 427.50
94.00 423.00
141.00 318.50
107.50 321.00
353.00 401.50
331.50 346.00
430.00 378.50
