129.00 435.50
101.00 163.00
154.00 118.50
89.00 64.00
525.00 479.50
529.50 343.50
490.50 340.50
517.00 158.50
494.50 129.50
492.50 117.50
372.00 174.00
380.00 143.50
408.50 116.50
353.00 77.00
368.50 53.50
362.00 14.50
44.44 616.03
50.66 584.97
11.00 581.63
52.09 525.73
142.39 614.12
132.36 589.75
172.97 615.55
209.76 616.51
204.50 597.39
236.99 618.42
226.48 589.27
255.62 634.66
306.27 633.71
396.57 633.71
378.89 639.44
367.90 618.89
407.56 613.64
441.00 597.87
474.44 630.84
484.96 634.18
505.02 604.08
521.27 585.45
505.02 578.28
522.70 563.95
515.06 553.44
490.69 547.71
462.02 560.13
420.46 545.32
406.12 560.13
404.21 589.27
374.59 577.33
355.48 560.13
331.59 557.26
315.82 562.04
284.29 563.95
271.87 574.94
258.97 542.93
194.47 570.64
199.24 550.09
175.36 543.41
186.34 530.98
147.64 517.61
146.69 493.72
102.73 481.77
18.64 483.68
5.27 466.96
32.50 442.12
40.14 422.05
28.68 409.63
11.00 420.14
17.69 403.89
3.36 405.33
30.11 373.32
45.88 381.92
53.04 380.48
63.56 416.79
77.89 496.11
86.01 431.13
96.52 427.31
6.22 362.33
16.26 356.12
35.37 359.46
59.73 365.19
52.57 347.52
28.68 322.67
96.04 344.17
84.10 341.31
71.20 326.49
61.17 328.41
104.64 332.71
114.20 324.11
132.83 323.63
132.83 345.13
110.38 347.52
115.16 355.64
112.77 373.32
75.50 368.06
79.32 375.71
80.28 389.08
88.40 400.07
104.17 387.65
116.11 391.47
127.58 371.88
158.16 347.04
157.20 329.36
171.06 330.79
184.43 332.71
143.82 384.78
124.23 407.72
140.96 418.71
136.18 404.85
132.36 442.12
151.47 433.04
166.28 417.27
180.61 371.41
179.66 353.73
192.08 358.98
202.11 356.12
233.64 343.69
233.64 330.32
249.89 334.14
221.22 352.29
208.32 371.41
210.23 401.03
206.41 406.28
209.76 410.58
196.38 419.18
180.13 429.22
183.48 446.42
178.70 462.66
210.71 452.15
195.90 444.03
206.89 479.38
189.69 474.13
34.41 561.08
30.59 521.43
235.08 437.82
235.08 392.43
249.41 383.35
259.44 397.68
276.64 367.11
282.86 342.74
280.47 326.49
296.71 344.65
294.80 332.71
320.12 334.14
316.30 379.05
280.94 394.82
277.12 405.33
284.29 417.27
288.59 437.82
295.76 453.58
257.06 469.35
256.58 454.54
233.17 464.09
261.36 507.09
290.98 527.64
308.66 529.07
330.16 526.68
510.76 532.89
492.60 518.56
468.23 517.13
446.26 526.21
437.18 499.45
399.91 525.73
373.63 532.89
408.99 496.11
376.50 482.73
385.10 494.19
357.39 485.59
342.10 487.03
319.17 482.25
299.58 483.68
281.90 491.33
269.48 478.91
313.43 448.33
326.81 459.32
347.83 463.62
376.98 458.84
366.94 452.15
353.57 442.59
365.03 423.96
378.89 430.65
355.48 412.49
365.51 397.68
333.50 390.99
327.29 377.62
335.41 377.14
358.82 325.06
363.60 325.06
376.50 326.97
387.49 339.39
397.04 326.02
416.16 347.99
437.66 353.25
452.94 355.64
446.73 323.63
469.67 348.47
474.92 382.39
482.09 376.66
518.40 363.76
516.97 379.05
515.53 394.34
502.63 414.88
452.94 439.25
427.14 447.85
422.84 409.15
380.32 408.19
408.03 392.43
396.09 382.39
398.48 371.41
408.99 369.97
417.59 374.75
408.99 455.97
394.66 462.66
409.47 440.68
417.59 450.72
396.09 478.43
417.59 470.31
500.72 498.49
509.80 501.84
487.82 487.03
473.01 492.76
492.12 476.04
469.67 474.61
501.68 459.79
509.32 451.67
479.22 458.36
462.50 458.36
478.27 447.85
476.83 431.13
480.66 441.16
412.81 308.70
432.39 310.85
375.06 304.40
308.41 308.46
333.26 301.29
527.71 296.75
503.82 315.63
531.06 337.13
131.40 296.27
152.42 312.28
170.82 296.51
236.51 306.07
242.01 317.77
246.31 308.70
262.79 297.47
66.19 574.58
554.14 593.12
169.98 631.94
7.16 306.30
7.16 287.76
28.60 288.34
22.23 280.23
37.29 272.70
91.76 270.96
96.39 288.34
287.02 288.34
258.05 272.12
298.61 273.86
349.02 271.54
354.24 276.75
324.69 281.39
418.55 288.34
388.42 278.49
435.36 276.75
442.89 277.33
452.16 279.07
472.44 303.41
506.62 281.39
540.23 287.18
544.29 293.56
550.66 292.98
522.85 286.60
566.88 272.12
562.25 276.75
547.18 334.70
559.35 357.87
559.35 372.94
562.83 429.14
535.02 458.11
530.96 489.40
562.83 502.15
532.70 536.33
550.66 559.51
563.41 549.08
566.30 535.75
565.72 517.79
576.15 501.57
577.89 470.28
567.46 465.64
554.72 414.66
568.04 405.96
543.13 379.31
491.56 287.18
478.23 285.44
451.00 303.41
339.17 270.38
285.86 272.70
128.26 269.80
185.05 286.02
193.16 272.12
201.85 288.92
508.36 272.12
147.38 284.87
73.80 277.33
51.78 272.12
21.50 307.19
40.34 319.93
51.63 314.43
91.32 315.30
86.98 299.36
140.57 267.79
159.70 267.79
176.79 269.52
220.82 265.76
206.34 267.79
111.31 279.66
333.96 331.81
348.15 327.76
376.25 378.17
392.19 267.21
496.34 276.77
451.72 268.36
570.50 329.49
561.52 352.38
525.60 264.60
516.33 266.05
552.25 265.47
544.43 268.08
462.44 264.02
404.79 272.71
396.97 276.48
469.40 328.91
491.70 321.09
408.12 264.59
420.29 259.95
500.25 259.95
23.39 265.74
243.57 261.11
388.53 763.79
460.96 725.07
744.43 793.76
771.90 698.85
896.78 904.90
999.18 996.06
1010.42 637.66
994.19 598.95
992.94 542.75
959.22 536.51
929.25 486.56
1040.39 457.83
1080.35 480.31
1125.31 494.05
1089.09 570.23
1250.19 462.83
1277.66 494.05
1257.68 372.92
1227.71 357.93
1167.77 354.19
1114.07 326.71
1127.81 350.44
1061.62 345.44
1061.62 381.66
1081.60 288.00
936.74 364.18
840.59 469.07
826.85 432.86
795.63 410.38
793.13 460.33
753.17 414.13
759.42 380.41
735.69 370.42
706.97 341.70
713.21 460.33
532.14 525.27
484.68 553.99
387.28 570.23
411.01 552.74
371.04 511.53
388.53 494.05
329.83 539.01
311.10 466.58
343.57 437.85
445.97 452.84
467.20 446.60
482.19 437.85
520.90 420.37
502.17 402.89
538.38 392.90
562.11 377.91
585.83 392.90
269.27 393.83
258.03 373.85
258.03 368.23
263.65 366.99
286.13 350.13
298.62 352.63
309.85 353.87
323.59 352.63
332.96 347.01
364.18 370.73
354.81 348.25
367.30 340.14
460.33 319.53
437.23 316.41
472.20 313.91
481.56 320.78
486.56 315.16
488.43 312.66
493.43 313.91
494.05 326.40
487.81 345.76
505.29 328.90
504.04 314.54
503.42 300.80
512.16 305.17
519.03 309.54
522.77 317.03
554.62 330.15
537.13 308.29
547.12 297.05
556.49 301.43
558.36 307.67
605.19 345.76
619.55 342.01
565.23 301.58
573.97 297.52
570.23 311.57
574.60 307.20
574.28 323.43
588.96 324.68
598.01 313.76
613.62 308.14
608.31 305.02
597.70 299.40
591.45 292.53
613.93 295.65
628.29 298.77
634.23 298.15
647.34 318.44
671.06 296.59
679.18 282.23
688.55 284.72
688.55 280.66
701.35 277.23
704.16 280.35
711.03 277.54
716.33 277.23
714.46 271.61
731.94 270.36
729.13 291.90
742.24 258.81
746.30 259.75
740.06 275.36
749.11 276.61
755.04 268.80
759.10 259.75
763.47 264.43
771.59 258.81
785.95 268.18
780.96 262.87
791.26 267.55
757.23 312.82
750.36 311.57
808.74 294.09
830.91 303.14
804.06 257.56
872.74 289.09
886.17 281.60
887.42 308.14
867.43 337.48
897.09 348.10
892.10 381.50
899.59 314.38
980.45 343.26
1005.43 329.52
1013.54 340.14
1029.15 328.27
1027.28 257.72
1042.26 272.70
1067.86 258.34
1185.98 321.66
