1642.50 566.00
922.50 175.50
538.00 697.50
1229.00 676.50
745.50 60.50
635.50 72.00
813.50 176.50
1107.00 476.00
1339.00 90.50
219.50 574.00
373.50 952.50
1256.50 160.50
694.50 139.00
1196.00 91.00
1162.00 99.00
1641.00 763.50
919.00 474.50
1244.50 284.50
1063.00 717.00
1315.00 253.50
898.50 260.50
749.50 623.00
301.50 601.00
32.00 524.00
15.00 370.50
1722.50 75.50
341.00 449.50
447.00 506.00
558.00 413.00
421.50 399.50
382.50 344.50
488.00 318.00
475.50 215.50
468.50 187.50
450.50 166.50
372.00 178.50
344.00 231.00
331.50 183.00
340.50 115.00
326.00 88.00
319.50 70.50
327.50 40.50
350.00 51.00
348.50 73.50
405.00 82.00
54.57 562.47
131.92 446.79
116.18 436.52
36.78 411.88
362.60 457.74
378.34 440.63
337.27 412.56
278.40 387.24
252.39 385.18
299.62 371.49
539.19 387.92
654.19 396.82
670.62 409.83
745.23 399.56
54.83 349.68
77.08 344.37
179.92 326.23
227.49 321.95
225.95 344.54
202.34 338.89
185.40 367.64
155.96 367.47
239.99 286.19
336.67 367.64
377.06 322.12
394.68 311.17
294.06 302.10
263.92 270.47
279.07 264.73
283.37 274.51
305.08 269.57
332.93 269.18
358.00 266.27
580.91 360.63
647.81 358.57
595.62 328.46
555.07 321.27
518.45 290.64
487.64 286.87
529.01 277.16
466.04 276.05
727.94 355.58
781.33 340.86
836.09 339.15
996.61 337.78
988.05 329.91
979.84 325.12
964.01 313.57
983.86 314.25
592.85 257.98
275.12 572.36
268.48 502.20
313.05 490.82
359.51 427.30
383.21 420.66
323.48 535.39
387.95 551.51
394.59 637.79
444.84 625.46
533.02 428.25
837.37 527.80
844.96 548.66
896.16 624.51
749.19 433.93
687.56 403.59
703.68 393.16
755.83 404.54
792.81 399.80
669.55 385.58
1099.06 492.72
1100.01 434.88
1145.52 438.68
1163.53 393.16
354.76 389.37
267.18 294.38
269.67 285.61
304.99 299.59
276.78 339.95
311.86 375.74
321.58 336.63
341.73 300.60
370.17 329.52
427.30 377.28
504.57 334.62
534.91 379.65
552.93 368.28
566.20 363.53
595.59 360.69
663.86 342.68
684.72 335.09
535.39 325.61
429.19 302.02
454.56 316.25
476.36 311.51
443.42 296.81
509.55 317.19
527.33 308.66
557.19 308.19
397.13 280.42
408.04 273.02
414.85 265.13
399.98 276.45
449.58 289.76
455.39 277.19
440.45 286.68
468.66 285.13
455.74 293.55
615.51 296.57
638.02 305.58
644.90 291.12
665.28 296.33
675.71 296.33
686.14 302.73
740.19 304.16
760.81 300.84
863.45 345.52
889.52 346.47
886.68 327.03
867.71 329.88
858.23 321.82
653.08 272.33
645.02 274.47
628.19 276.60
730.11 276.36
613.37 279.09
589.91 277.31
548.54 283.59
563.59 280.28
493.43 279.33
680.99 268.63
659.00 264.60
638.56 265.43
586.53 266.91
605.19 264.66
617.93 269.52
625.16 266.32
621.08 265.31
613.67 265.49
575.51 270.76
508.54 270.47
499.06 268.33
529.93 268.04
537.64 269.82
1079.62 363.53
1221.37 372.07
1080.81 311.98
1060.90 317.19
1045.96 315.06
1059.00 309.37
1068.01 299.42
1094.56 289.46
1118.26 298.94
1132.25 294.44
1135.09 309.85
1145.99 310.56
1160.69 305.34
1171.59 298.47
1192.45 294.68
1190.08 303.45
1172.31 323.36
1177.28 311.03
1206.44 306.05
1219.48 295.86
1233.46 302.50
1240.81 295.62
1250.05 301.55
1262.14 293.02
1235.36 336.87
1069.99 269.30
1094.56 271.59
1144.75 275.77
1157.08 278.85
1258.82 277.79
1193.16 269.28
1179.65 264.78
1214.56 258.28
1231.09 266.85
1244.01 265.55
1253.91 267.98
1110.68 265.37
1133.61 270.05
1261.85 269.11
698.76 270.17
683.71 261.15
1275.81 362.74
1278.88 342.28
900.38 320.28
849.74 315.17
831.33 337.16
825.32 302.75
822.37 295.59
832.60 282.55
839.64 279.09
836.44 289.96
845.78 284.21
860.48 264.90
879.15 265.28
884.90 269.50
882.35 316.69
896.92 343.16
816.11 272.06
734.40 265.26
741.37 267.88
750.06 263.15
757.93 261.87
741.05 261.87
504.23 259.59
494.67 265.64
575.90 262.24
589.97 258.21
518.68 257.19
537.70 258.18
629.06 266.03
618.96 260.46
788.68 262.88
797.34 258.63
866.78 260.48
1227.89 262.77
1236.55 258.28
1201.07 260.80
1185.37 260.40
1151.42 264.77
1160.60 270.07
1138.49 257.17
1278.43 271.29
1278.69 289.71
476.86 258.68
701.41 259.71
772.25 257.92
807.03 257.40
811.12 257.92
1061.62 257.07
1097.57 257.49
1155.47 257.82
1167.14 293.94
1278.66 264.83
1223.76 261.78
1244.63 290.67
1200.21 313.25
1160.93 262.42
1166.82 260.09
