78.19 679.62
48.71 576.07
102.64 543.71
76.03 538.68
76.75 516.39
60.93 525.02
30.73 533.65
11.31 503.44
18.51 494.81
6.28 480.43
26.42 491.22
38.64 471.80
47.99 476.12
43.67 489.78
58.06 493.38
68.12 499.85
13.74 420.84
20.03 421.20
24.89 420.66
33.52 427.67
20.75 430.90
26.87 438.99
39.63 433.96
47.18 433.06
13.38 435.76
7.09 463.80
13.56 466.68
20.21 467.76
26.15 457.15
14.46 457.51
19.14 454.99
15.36 451.58
4.21 453.92
34.24 448.16
25.07 447.80
35.49 460.03
41.97 464.52
61.56 416.88
58.15 418.86
68.75 416.52
44.48 457.69
79.81 446.46
57.88 430.63
50.69 426.32
68.39 451.04
76.48 450.14
82.78 450.14
86.55 448.88
64.62 448.88
74.15 476.03
72.71 465.42
80.26 459.85
74.15 455.17
72.35 446.37
91.76 461.47
96.44 469.56
88.53 484.48
106.33 480.70
104.53 494.19
90.15 494.19
76.84 489.51
72.53 484.48
68.75 496.88
59.76 482.86
98.60 434.86
89.07 435.58
107.23 434.14
113.34 435.58
122.15 434.68
125.74 434.68
109.74 461.47
104.62 453.11
100.66 450.59
99.94 454.54
101.02 531.49
93.47 504.88
135.18 518.54
168.62 512.43
185.52 520.70
225.07 522.86
253.47 500.93
241.25 498.41
213.92 508.48
186.96 487.98
203.85 489.06
154.96 502.01
131.58 495.53
149.92 493.02
170.42 487.98
157.47 483.31
126.55 487.26
118.64 480.79
123.67 464.61
139.14 465.69
147.76 475.40
213.20 484.03
240.17 479.35
208.89 475.04
246.64 539.40
130.78 430.54
148.93 429.83
155.40 435.58
130.42 434.86
109.92 453.20
114.96 456.25
91.76 453.74
95.54 449.78
82.42 454.46
130.24 451.94
121.43 449.78
120.53 453.92
144.80 432.70
138.15 436.12
134.91 453.74
149.29 451.04
153.97 451.22
162.60 437.20
160.08 451.58
165.11 452.48
174.82 432.52
169.97 432.16
180.75 433.60
187.23 434.32
200.17 433.96
205.02 433.60
193.88 435.58
189.74 436.30
189.74 436.30
167.99 453.56
174.46 452.30
183.27 452.30
184.53 449.06
182.73 456.07
175.90 456.25
170.15 459.85
185.79 467.58
170.87 469.56
160.80 476.57
167.99 477.47
169.97 484.48
188.30 483.58
201.25 464.34
190.82 459.31
174.82 463.08
190.73 554.14
190.73 590.10
207.99 662.01
208.17 435.67
212.84 436.03
199.90 455.80
204.93 457.60
207.09 446.81
212.84 446.10
211.05 455.80
196.66 451.85
207.81 461.20
211.76 462.99
213.92 469.47
222.19 470.54
232.98 462.63
230.46 456.88
227.23 453.65
226.87 449.33
218.96 456.88
228.66 466.95
243.76 462.63
249.16 465.15
241.97 443.58
92.75 517.29
207.54 453.02
198.19 452.48
223.18 432.52
219.23 437.92
228.39 433.42
237.38 432.88
233.07 435.76
242.42 435.40
239.00 436.66
233.07 445.65
254.64 435.04
256.08 445.47
256.80 437.20
248.89 458.95
257.16 467.58
254.64 481.96
271.00 436.66
272.08 431.62
270.64 463.44
255.00 472.61
255.00 456.79
261.11 456.79
258.24 460.93
263.27 466.50
280.17 436.84
283.05 431.98
286.10 437.92
287.90 434.14
291.67 435.76
265.61 450.68
246.73 470.28
232.17 450.86
267.58 455.35
280.53 457.15
275.31 454.28
271.54 452.48
283.76 445.65
271.18 471.17
271.00 474.23
283.23 469.56
284.84 474.59
283.58 461.29
293.65 468.84
293.11 464.16
294.73 455.53
290.60 452.48
297.07 450.86
301.02 451.58
303.54 449.96
306.78 448.70
310.91 450.32
301.56 467.58
308.57 465.06
314.87 469.20
322.78 482.68
299.05 485.92
290.06 485.20
282.33 486.63
270.28 482.68
283.94 497.60
311.45 477.47
317.20 462.37
325.47 450.86
328.17 460.93
323.85 463.26
314.69 450.68
310.73 433.78
302.82 435.40
295.63 436.12
331.76 434.32
295.63 494.19
330.51 496.70
330.42 507.58
319.63 530.59
311.00 563.67
293.02 540.66
359.90 540.66
382.19 570.14
425.34 609.69
497.97 586.68
449.07 555.04
515.23 533.47
514.51 520.52
454.82 516.93
426.06 528.43
364.21 519.08
345.52 505.42
415.27 508.30
393.70 496.79
374.28 496.79
352.71 493.20
341.92 480.25
494.37 514.05
509.47 492.48
483.58 493.20
495.09 488.16
445.47 493.92
458.42 488.16
426.06 496.79
413.11 491.04
387.94 480.97
382.91 473.78
361.34 480.25
306.42 453.20
333.92 450.86
331.58 454.10
334.82 458.41
338.24 454.10
337.16 444.39
338.96 435.04
347.40 469.74
355.67 470.46
342.19 466.68
350.10 441.87
349.02 437.38
343.27 438.10
354.06 433.06
358.55 433.42
362.33 435.40
370.24 436.30
379.94 431.08
393.25 423.53
322.60 421.74
316.66 421.74
395.23 434.86
384.62 465.42
392.17 462.90
393.97 447.80
384.98 449.96
377.25 450.50
363.05 462.01
372.57 458.77
361.25 455.89
348.30 450.68
342.19 453.02
338.60 450.32
355.31 450.86
353.70 453.20
349.20 455.71
351.90 460.93
344.89 458.05
345.97 452.84
368.44 455.89
360.53 453.38
378.33 454.46
379.94 463.44
384.62 460.03
381.56 457.15
392.53 455.35
396.12 453.38
356.93 458.77
366.64 472.25
398.46 437.02
402.42 437.74
410.33 435.76
417.16 433.96
416.44 438.10
421.47 437.02
423.99 437.02
435.31 438.28
434.60 434.50
449.16 437.56
457.61 433.96
462.46 438.99
398.10 447.80
400.44 444.93
402.42 446.54
403.67 449.96
398.64 450.14
404.39 455.89
410.69 455.17
410.15 449.60
399.90 471.89
405.29 468.12
411.94 467.04
415.18 472.61
407.09 479.80
425.97 477.11
437.65 475.31
437.65 483.58
446.10 475.13
451.31 478.01
469.29 481.06
460.84 473.33
469.65 474.05
478.28 474.77
475.23 467.58
468.57 467.58
458.69 459.31
456.71 456.61
439.09 452.84
413.74 461.65
417.52 459.67
420.39 457.51
434.24 449.60
415.90 451.40
424.35 448.88
420.93 448.88
437.11 444.03
445.38 445.83
449.52 446.72
431.36 447.08
440.17 446.37
448.08 454.99
459.58 448.70
466.06 449.60
472.53 449.60
477.20 435.22
478.64 435.76
455.63 460.39
451.49 459.13
420.75 454.28
431.72 454.63
429.02 451.22
460.48 464.70
402.15 677.83
550.28 646.19
580.48 666.32
636.57 580.03
567.54 574.28
548.84 523.94
599.18 544.07
483.67 437.38
487.99 438.28
486.73 435.40
492.84 435.40
497.88 436.84
505.97 435.22
500.75 437.92
508.84 435.58
512.44 437.02
523.23 436.84
481.16 444.03
495.72 474.41
502.73 472.07
491.94 465.42
487.09 462.19
481.16 468.30
480.62 481.78
477.92 447.44
480.44 447.98
486.55 446.90
491.76 449.06
494.46 451.22
488.71 455.35
482.06 455.89
498.06 454.99
501.29 456.79
502.91 466.32
499.31 462.90
509.92 460.57
517.11 461.65
516.21 477.65
499.31 481.78
507.23 481.42
512.62 449.42
509.20 453.38
503.45 453.38
501.29 450.32
500.39 448.34
522.15 461.65
522.15 453.02
516.75 454.63
529.34 452.84
527.90 456.07
533.83 453.02
525.74 449.96
528.62 467.40
534.73 461.65
536.53 457.15
515.67 487.17
521.25 485.92
527.90 486.63
529.34 478.37
523.76 475.49
539.76 466.14
545.16 486.99
526.46 437.02
515.14 437.74
519.81 436.48
532.57 435.22
539.05 436.48
534.01 442.41
537.79 450.32
542.64 451.58
541.56 448.70
544.98 447.08
549.29 436.12
545.70 435.22
547.31 454.63
552.53 454.10
557.20 453.56
540.48 457.51
553.25 468.30
552.35 459.49
737.25 641.87
905.52 571.40
994.69 531.13
914.15 641.87
659.58 557.02
709.92 565.65
747.31 558.46
796.21 551.26
770.33 549.83
691.23 546.95
581.92 555.58
950.10 554.14
849.43 558.46
846.55 538.32
565.92 487.44
556.93 507.94
570.24 503.98
556.93 516.21
575.27 467.31
580.30 470.54
582.10 478.10
589.65 468.75
595.40 470.54
601.16 476.30
591.81 480.25
599.36 494.99
605.83 488.88
622.37 513.33
639.99 519.08
614.10 507.22
623.09 494.63
625.25 485.29
597.20 485.29
649.34 507.22
662.28 513.33
671.63 527.35
701.11 530.95
691.76 533.11
734.91 522.32
752.17 529.87
724.84 512.25
735.27 507.94
755.76 503.26
773.74 504.70
778.78 522.32
742.82 492.84
750.37 492.12
765.47 489.60
783.81 491.40
780.57 483.85
775.90 476.66
762.96 479.17
749.29 483.13
734.55 478.10
719.45 491.76
711.18 493.92
700.03 494.28
692.48 498.23
676.30 505.42
682.78 499.31
658.69 494.99
677.74 488.88
675.94 479.53
688.17 487.44
696.08 484.93
702.19 477.02
707.58 482.41
632.80 495.35
642.87 490.32
629.92 481.33
637.11 478.81
623.09 479.89
614.82 476.66
610.51 473.06
603.67 470.54
608.35 461.92
615.54 466.59
620.21 468.75
634.24 466.95
630.28 469.83
642.15 471.26
657.97 473.06
663.36 467.31
668.75 477.02
686.73 474.86
697.52 469.11
693.20 463.71
684.21 466.23
684.57 460.48
679.90 464.79
676.30 471.98
668.75 461.20
656.53 465.51
653.65 459.04
638.91 459.04
601.88 457.96
583.54 452.93
494.37 526.99
563.14 435.94
559.72 436.30
553.61 437.02
607.72 434.86
597.29 435.94
599.09 436.66
586.33 437.92
576.80 437.92
575.36 433.78
569.97 438.28
580.75 437.02
582.91 436.66
585.61 434.50
593.88 442.05
589.92 436.30
590.64 445.11
583.27 446.01
573.38 449.78
557.92 446.01
566.73 449.96
563.67 452.66
591.00 452.12
595.67 458.77
619.76 459.31
617.43 455.53
609.88 455.35
613.47 453.38
617.79 449.78
623.54 452.84
624.80 455.89
567.81 457.69
560.80 460.03
650.15 437.20
636.48 435.94
649.25 454.63
644.39 454.81
635.94 453.92
640.08 452.48
604.66 453.56
601.97 447.98
623.72 449.96
646.37 461.65
737.25 460.66
672.80 453.38
668.84 454.10
657.34 455.35
662.73 449.60
662.37 459.49
660.39 454.46
664.53 454.10
678.19 452.48
683.76 453.74
679.99 454.99
675.14 460.57
692.21 450.32
696.89 449.60
692.57 454.28
697.79 453.20
708.39 456.25
706.24 452.84
701.20 452.84
712.71 450.32
717.02 449.42
735.72 449.96
721.88 454.63
722.78 444.03
727.45 435.22
732.84 438.63
724.93 451.76
734.82 457.87
731.94 460.39
727.45 456.25
728.53 454.28
728.89 452.48
726.55 450.32
720.26 450.50
715.40 454.63
709.11 453.74
692.21 459.13
739.85 454.46
742.91 469.92
735.54 465.42
742.91 455.53
755.49 476.39
754.24 469.56
750.10 464.70
760.17 453.74
740.03 462.01
766.82 461.11
766.28 454.10
743.09 443.49
763.58 443.49
772.57 442.77
777.79 442.05
784.98 445.29
797.20 444.57
804.75 442.23
811.23 442.41
822.19 444.57
761.25 470.28
778.69 464.16
777.97 470.46
790.01 473.51
793.25 468.30
792.53 462.01
801.70 462.01
807.45 463.26
804.75 482.14
808.35 493.11
823.09 484.84
835.14 477.83
827.58 496.16
791.99 497.42
783.36 461.65
781.92 457.87
773.11 460.03
775.09 455.35
772.03 453.74
769.70 452.30
757.29 457.33
751.72 454.99
745.61 457.15
777.79 450.68
782.10 451.58
778.51 454.63
786.06 452.84
785.34 455.71
787.85 460.39
789.65 458.41
789.65 452.30
793.61 453.38
796.48 455.89
799.00 458.41
796.12 460.03
800.08 451.22
812.84 456.07
807.63 451.94
805.47 455.35
814.82 454.10
818.42 460.03
816.62 452.12
829.92 455.89
837.83 467.40
831.36 466.50
818.78 468.66
795.40 482.50
819.67 453.20
827.23 444.75
818.78 444.03
832.44 444.03
837.11 441.51
839.09 439.53
841.79 441.51
841.79 444.57
839.63 443.49
844.66 441.69
848.98 438.99
856.17 442.77
860.48 444.39
856.53 440.79
864.80 441.51
863.18 442.05
859.94 441.33
860.30 451.58
856.89 460.03
864.62 457.15
861.02 466.14
822.73 460.03
818.78 454.99
874.78 437.47
867.94 442.50
886.28 458.68
882.78 441.33
887.09 442.23
891.05 441.51
894.64 441.33
898.96 442.23
905.43 442.77
910.46 440.97
920.35 444.39
923.94 442.59
915.85 443.85
919.81 440.97
927.00 440.61
943.72 438.81
941.92 436.66
934.19 437.56
937.07 438.10
934.73 440.07
963.67 436.30
921.97 447.26
932.75 443.49
943.18 443.13
899.85 484.84
909.92 482.68
918.73 480.34
922.69 493.29
927.36 489.51
933.11 493.11
945.70 490.05
957.92 493.29
962.06 481.78
963.67 473.15
969.79 470.99
977.70 477.47
977.70 483.76
953.97 480.16
957.20 474.77
942.10 476.93
947.31 474.95
953.43 469.74
934.19 481.60
922.69 474.23
911.00 475.13
916.93 475.31
906.69 470.63
909.74 465.42
917.11 464.34
911.00 461.83
923.94 462.19
930.96 460.21
931.85 464.70
934.19 468.66
939.94 468.48
943.18 461.47
945.70 458.95
954.51 459.67
953.43 455.17
958.46 466.50
947.31 464.70
952.53 466.14
964.03 462.72
967.09 458.95
970.51 465.42
973.38 459.31
972.66 452.66
979.31 461.83
948.93 453.92
937.07 460.93
935.45 456.43
919.99 453.56
932.03 453.92
903.81 451.94
912.26 453.20
911.72 455.35
915.67 456.07
953.25 446.01
960.80 444.75
956.12 442.23
965.47 445.11
966.19 441.33
962.78 442.23
976.98 444.75
968.17 442.23
982.73 444.39
979.85 444.21
977.34 440.61
980.39 455.53
979.85 452.66
982.55 454.46
982.55 470.63
842.42 508.30
813.65 519.44
791.00 517.65
830.55 532.75
853.56 528.43
894.91 544.97
923.31 525.20
943.45 525.92
947.40 510.81
927.99 503.26
904.98 512.61
988.39 474.86
965.38 501.11
995.94 470.90
1000.26 468.03
1015.72 472.34
1017.88 486.01
996.30 477.38
1000.26 485.29
1007.09 483.49
991.37 444.91
1001.51 444.91
997.24 441.53
987.11 454.86
996.53 459.31
999.55 455.22
994.22 451.13
990.48 457.35
1007.55 443.66
976.97 436.73
986.75 437.26
985.68 443.66
994.04 436.73
1007.73 436.38
1002.04 436.91
1009.86 439.40
1013.41 436.73
1016.79 436.38
1014.13 453.97
1019.28 456.11
1005.06 455.22
1019.28 463.57
1015.01 446.15
1017.68 444.02
1021.06 442.77
1023.19 445.26
1014.84 440.64
1017.33 439.22
1023.37 436.73
1012.70 443.13
982.49 436.02
990.48 435.49
988.00 435.13
997.24 437.44
1001.68 479.21
340.00 493.50
333.50 448.00
377.00 421.50
359.50 522.50
394.50 570.50
433.00 499.00
495.50 532.00
493.00 465.50
540.00 460.50
557.00 608.00
381.50 376.50
521.00 261.50
493.50 218.50
499.00 203.00
493.00 187.00
485.00 161.00
458.00 163.00
464.50 236.00
441.50 212.50
434.50 189.00
415.00 189.00
417.00 225.50
396.50 229.50
364.50 278.00
357.50 231.00
328.00 227.00
317.50 206.50
326.00 181.50
357.00 167.00
385.50 156.50
459.00 107.50
452.50 84.50
374.50 73.00
426.50 431.00
468.50 441.00
343.50 335.00
364.50 215.00
369.00 199.50
403.00 174.00
400.00 154.00
421.50 135.00
480.00 146.50
321.50 94.00
337.00 140.00
362.50 187.00
333.50 162.50
381.00 178.50
417.00 163.00
114.95 1011.39
513.04 830.84
680.38 925.96
718.25 976.16
537.70 784.16
580.85 757.73
585.26 724.27
340.41 704.01
459.31 608.01
491.02 588.63
522.73 611.53
444.34 557.81
19.83 502.32
1.33 504.08
3.97 451.24
45.37 491.75
47.13 500.56
78.84 538.43
99.97 512.89
119.35 534.91
92.93 505.84
81.48 484.71
78.84 465.33
106.14 471.50
96.45 459.17
85.00 446.84
203.02 413.37
222.69 507.83
205.07 502.54
205.51 495.50
183.06 498.58
161.48 500.78
129.33 496.82
249.11 517.96
238.98 505.62
254.40 526.32
278.62 512.23
266.29 497.26
251.31 475.68
181.73 470.84
167.20 464.67
180.41 456.74
183.50 432.08
169.40 431.20
122.73 449.70
275.53 474.80
261.44 464.23
263.64 459.83
266.73 446.18
249.55 449.70
286.10 494.18
284.34 484.49
295.79 469.51
284.34 470.84
283.46 462.91
292.27 458.51
297.11 461.59
286.54 465.11
303.28 436.93
271.57 427.24
264.52 429.00
331.02 496.82
307.68 509.59
378.14 496.38
400.16 498.58
433.18 502.54
449.04 502.54
479.42 498.58
503.20 497.26
495.72 463.35
498.36 456.74
471.94 458.51
474.58 455.42
464.45 458.95
460.49 458.51
76.05 451.90
537.04 497.81
565.22 486.14
575.13 490.54
572.05 465.00
560.16 470.95
550.47 462.36
546.95 443.64
583.94 457.51
579.09 463.24
593.18 455.31
603.75 476.89
588.78 476.67
568.52 457.73
612.56 491.64
607.06 485.48
613.00 477.11
607.28 466.32
601.11 464.78
604.19 460.82
622.25 455.31
623.13 444.52
636.34 457.73
649.55 460.82
644.27 451.79
651.09 448.93
664.74 461.48
671.57 455.31
627.75 481.96
679.94 472.27
657.04 526.87
693.81 465.44
697.55 458.40
691.83 451.79
678.62 455.31
690.51 457.73
687.86 439.02
688.74 444.74
678.62 437.70
667.17 432.85
662.54 442.54
667.17 441.44
660.12 437.48
659.02 435.06
652.85 442.98
709.44 455.31
711.20 447.17
730.14 460.16
738.95 450.69
734.10 452.23
749.07 456.19
749.29 434.40
718.03 437.70
723.75 431.97
718.25 430.43
714.51 425.15
713.40 433.96
693.15 431.75
685.88 419.64
714.73 462.36
785.84 459.94
762.95 455.31
738.29 427.13
736.74 420.08
727.06 421.40
719.13 407.75
736.74 414.58
747.09 415.02
756.34 412.16
752.82 405.11
738.51 405.77
776.60 420.74
762.29 415.90
773.73 406.87
779.90 415.90
648.01 446.73
801.40 457.07
797.22 448.49
802.73 440.56
799.42 432.63
811.31 438.36
792.82 429.55
823.64 442.76
826.07 468.74
803.17 482.18
857.33 473.37
864.16 478.65
868.12 466.32
874.51 462.58
882.87 463.02
869.88 445.18
845.66 441.88
823.86 436.38
805.15 417.44
811.31 416.34
911.94 443.64
903.13 446.95
901.15 437.70
888.16 439.24
908.63 463.24
881.55 514.98
887.72 528.85
937.26 447.39
930.87 428.23
927.13 416.56
731.83 474.91
998.32 567.50
621.62 543.49
521.11 477.89
528.78 470.98
514.20 469.70
535.43 468.42
520.85 446.43
529.29 451.29
515.23 432.36
529.55 423.16
534.41 428.78
563.56 418.30
566.89 417.79
581.46 421.62
531.98 462.61
529.42 489.20
5.59 439.21
7.77 437.03
58.66 457.24
82.06 461.58
83.91 523.28
194.27 416.44
198.74 409.80
508.58 435.18
585.30 465.10
560.62 430.83
582.61 496.56
724.42 319.04
760.23 315.20
804.98 309.83
833.88 310.60
914.83 303.69
957.54 301.14
996.92 290.14
885.93 410.08
316.24 635.08
380.98 608.42
544.74 576.69
576.47 556.38
620.90 530.99
764.35 570.34
804.97 943.55
865.90 866.11
959.84 715.05
923.03 619.85
1074.09 843.26
977.61 580.49
841.78 556.38
813.86 494.17
864.63 486.56
276.89 419.28
309.90 396.43
334.01 377.39
347.98 406.58
392.41 350.73
1074.09 560.18
1126.13 542.41
1052.51 499.25
1088.05 536.06
1103.28 490.37
1086.78 477.67
1075.36 457.36
1114.71 461.17
1094.40 430.70
1044.89 423.09
1011.89 412.93
929.37 418.01
697.07 368.50
717.38 369.77
309.26 313.60
287.05 271.71
269.91 263.46
337.19 270.44
382.89 273.61
382.25 302.17
374.00 330.10
410.18 293.92
428.59 265.36
429.22 293.92
419.07 263.46
451.44 317.41
453.34 354.22
501.58 410.71
487.61 356.12
487.61 308.52
457.15 281.86
486.35 270.44
493.33 277.42
500.31 345.33
509.83 332.00
546.64 355.49
549.82 377.70
531.41 349.14
540.93 321.21
533.31 304.08
379.08 259.81
465.40 258.85
527.60 258.22
539.98 258.85
552.36 266.47
564.10 262.35
568.54 274.72
548.55 303.92
565.68 330.89
590.23 319.79
588.00 351.20
581.02 334.38
590.86 264.25
632.43 347.40
618.79 313.12
635.29 297.57
641.32 310.90
618.47 282.34
640.69 290.59
650.52 283.93
642.27 273.77
647.98 275.36
658.78 281.07
669.25 260.76
672.10 273.77
696.86 280.43
687.65 290.59
689.24 302.97
671.47 306.14
710.50 322.64
726.05 290.27
735.89 258.22
732.08 259.81
755.89 324.86
757.16 301.06
768.90 303.28
781.91 310.90
762.87 289.32
760.65 265.20
755.25 257.90
826.66 326.77
827.61 304.87
853.31 369.29
856.17 321.37
842.52 309.00
847.60 314.39
854.27 303.60
862.83 277.58
848.55 271.55
694.95 287.10
634.02 265.84
815.87 281.39
826.97 276.63
826.97 270.28
932.76 344.06
892.77 335.18
870.56 317.41
880.08 314.23
899.44 316.93
944.18 330.89
937.84 302.65
945.14 309.31
934.66 293.13
907.37 290.27
918.48 290.27
888.96 288.69
870.87 266.47
866.11 267.42
880.08 257.90
890.87 256.63
889.92 274.09
894.99 278.85
887.06 281.70
903.56 283.61
908.00 283.61
910.86 283.29
947.36 261.39
948.94 276.63
956.88 300.11
961.32 335.02
978.14 335.97
981.95 370.56
994.33 338.83
1019.08 306.78
974.97 280.43
985.44 299.79
995.59 303.60
984.17 269.33
970.21 270.60
960.05 267.74
958.78 264.57
1004.80 275.36
1037.17 282.34
1012.10 292.18
1032.73 370.25
1040.02 393.10
1056.21 373.42
1060.65 329.31
1055.58 293.13
1045.74 280.75
1063.19 283.93
1066.37 280.75
1133.96 434.19
1104.13 412.61
1094.61 404.36
1088.90 389.13
1116.19 352.95
1094.61 345.33
1083.82 338.99
1121.90 319.31
1126.98 297.73
1098.42 288.21
1129.52 307.89
1114.92 311.69
1151.73 317.41
1179.66 304.08
1144.75 329.47
1137.14 338.35
1153.64 431.65
1160.62 405.00
1186.01 412.61
1183.47 382.15
1225.78 300.11
1241.02 302.65
1158.50 331.85
1183.26 335.97
1190.24 328.67
1185.80 323.59
1181.99 357.23
1217.21 357.23
1227.05 329.94
1232.77 342.32
1226.42 377.86
1212.77 405.79
1236.26 397.54
1253.08 351.52
1257.84 341.37
1255.61 327.09
1262.60 333.12
1233.40 325.82
1278.78 363.90
1278.78 350.57
1241.02 445.14
1230.23 441.02
1201.56 327.09
1208.86 335.02
968.30 330.89
955.29 292.49
439.01 266.83
450.27 270.41
594.35 299.93
609.33 279.81
607.41 265.04
612.54 264.83
639.94 266.27
733.05 291.15
747.61 296.93
