234.00 334.50
231.00 168.00
213.50 150.00
99.00 86.50
95.00 30.50
351.50 532.00
315.00 443.50
501.50 532.00
474.00 342.50
418.50 330.50
491.00 222.00
471.50 189.00
376.50 188.50
324.00 230.50
310.50 185.50
336.00 104.50
409.50 97.50
366.00 76.50
339.00 63.00
326.00 80.50
326.00 69.00
330.50 44.50
441.00 416.50
444.00 426.50
444.00 426.50
441.50 426.50
441.50 426.50
441.50 425.50
412.50 261.00
352.50 79.50
339.00 76.50
433.50 354.50
108.50 709.00
243.50 578.00
228.00 385.00
215.00 372.50
387.50 798.00
380.00 688.50
472.50 642.50
398.00 543.50
338.00 479.50
330.00 429.50
384.00 423.50
423.50 449.50
479.00 443.00
408.00 382.00
362.00 337.00
342.50 324.50
313.50 332.50
328.50 337.00
339.00 284.50
