227.00 203.00
212.50 183.50
137.00 207.50
80.00 87.00
355.34 671.89
452.55 580.75
537.61 589.26
383.28 614.78
365.06 612.35
349.26 611.13
303.08 608.70
295.79 637.87
310.37 512.70
282.42 521.21
271.49 512.70
277.56 495.69
448.91 516.35
470.78 512.70
487.79 515.13
1023.69 617.21
1137.92 637.87
1221.77 603.84
1225.41 568.60
1231.49 534.58
1178.02 524.85
1129.41 539.44
1097.82 541.87
1074.73 524.85
1052.85 513.92
1030.98 515.13
1023.69 534.58
1009.11 513.92
1003.03 523.64
967.79 523.64
922.83 513.92
905.82 523.64
887.59 527.28
840.20 546.73
820.75 517.56
830.47 522.42
775.79 555.23
787.94 526.07
766.07 515.13
730.83 540.65
727.18 521.21
738.12 501.77
695.59 524.85
687.08 538.22
661.56 530.93
644.55 541.87
678.58 517.56
668.85 507.84
694.37 504.20
681.01 496.91
634.83 510.27
603.23 524.85
605.66 498.12
588.65 495.69
580.15 510.27
554.63 516.35
560.70 504.20
527.89 521.21
518.17 501.77
501.16 493.26
480.50 540.65
456.20 501.77
767.28 680.40
681.01 656.09
612.96 647.59
753.92 636.65
769.72 636.65
820.75 637.87
732.04 629.36
742.98 602.63
817.11 714.42
723.54 726.58
721.11 685.26
708.96 682.83
629.97 750.88
898.53 636.65
1270.37 614.78
1004.25 442.22
945.92 445.87
919.18 439.79
817.11 450.73
725.97 444.65
715.03 444.65
1195.03 547.94
1157.36 546.73
1013.97 577.11
921.61 569.82
843.84 512.70
803.74 515.13
777.01 504.20
406.37 515.13
378.42 504.20
371.13 518.78
344.40 512.70
337.11 501.77
290.77 504.70
470.81 499.58
581.30 666.33
759.29 506.75
951.61 509.81
1070.28 505.72
346.01 557.89
264.17 631.55
440.12 756.35
962.87 509.81
955.64 523.64
355.34 504.20
535.18 506.63
498.73 521.21
388.15 633.01
705.31 515.13
712.60 507.84
858.42 521.21
866.93 517.56
975.08 524.85
1215.69 538.22
591.22 512.72
604.63 509.12
593.84 493.42
585.66 491.78
516.32 520.24
541.50 514.68
1255.21 534.96
1255.21 521.88
331.29 512.06
322.79 506.83
311.67 593.84
297.28 594.49
1158.25 645.87
939.50 887.23
788.60 1018.54
713.73 808.90
697.61 723.67
831.22 599.27
947.56 523.24
759.81 459.89
618.13 543.98
546.71 514.03
483.36 496.75
460.32 457.59
462.63 431.09
466.08 352.77
282.94 478.32
183.88 714.45
142.41 922.94
126.29 477.17
110.16 449.52
191.94 411.51
197.70 364.29
153.93 390.78
118.22 371.20
56.02 433.40
41.05 327.43
111.31 321.67
117.07 295.18
99.79 294.02
104.69 272.79
114.48 272.79
44.22 269.91
7.93 256.66
32.70 325.77
193.38 294.10
207.78 299.28
224.48 291.79
203.17 278.55
178.41 280.27
165.16 290.06
291.29 324.04
393.80 313.10
378.83 374.73
334.48 382.79
253.28 270.48
233.70 265.30
191.08 261.84
268.25 287.76
322.96 265.88
336.79 264.72
476.74 272.79
462.34 499.13
216.99 317.13
899.47 399.49
859.15 367.81
875.86 346.51
846.48 328.65
886.80 318.29
939.21 329.80
960.52 312.53
934.60 302.74
943.24 280.85
925.39 285.46
1016.38 395.46
967.43 444.41
961.09 400.07
1010.62 283.15
981.83 286.03
968.58 261.27
867.79 262.42
809.62 286.03
804.44 299.86
780.83 290.64
791.77 260.12
774.49 264.15
767.58 268.18
763.55 323.47
737.63 329.80
715.17 334.99
688.68 346.51
684.65 324.04
741.66 284.88
632.24 258.96
577.52 291.79
570.04 276.24
527.42 267.03
546.42 286.03
598.26 343.05
647.21 394.88
841.30 294.67
732.16 380.41
778.24 355.07
817.40 382.72
81.10 281.32
12.56 263.67
4.38 263.41
4.12 273.64
21.51 315.59
149.38 298.71
62.23 295.43
76.79 306.78
72.93 317.27
87.06 324.76
21.13 271.46
51.96 260.33
5.29 296.29
-56.99 369.07
7.86 348.09
38.04 381.91
2.94 416.58
53.03 398.18
5.72 445.16
120.02 624.53
276.28 600.56
325.51 579.58
290.83 529.49
292.97 460.57
319.94 321.76
332.14 319.62
346.48 322.19
359.54 310.63
440.45 279.17
448.16 263.33
308.38 282.16
285.05 286.44
182.95 303.35
75.29 281.95
74.43 373.78
749.32 299.29
551.97 271.68
604.41 329.25
636.09 308.92
648.72 257.98
690.24 258.83
698.81 259.69
720.21 257.55
681.68 263.33
1008.75 370.67
1007.89 340.71
959.09 416.05
873.04 365.53
792.99 354.40
989.05 270.50
821.67 270.39
837.08 265.68
310.98 914.74
472.67 603.92
453.15 560.71
525.63 491.02
694.28 534.23
876.88 690.33
952.14 560.71
1021.83 613.67
1058.07 700.09
1113.83 562.10
1119.40 504.96
1225.33 726.57
298.44 387.87
267.77 375.33
299.83 280.55
331.89 276.37
332.35 266.26
381.83 287.87
388.80 282.99
431.31 293.44
448.74 322.71
425.04 358.95
475.92 373.59
459.19 276.02
459.89 259.99
503.79 296.23
519.13 285.78
526.10 268.35
559.55 310.17
573.49 292.74
517.73 331.08
612.51 342.23
606.24 292.74
604.85 268.35
655.72 303.90
655.02 384.74
629.24 370.80
740.74 292.74
800.21 442.58
784.19 365.22
810.67 373.59
845.51 381.25
862.94 333.17
839.24 311.56
807.88 303.90
824.61 287.87
943.78 413.31
1055.98 449.55
1016.26 285.78
1069.22 261.38
1083.86 271.14
1156.34 269.75
1169.58 285.78
295.11 412.63
324.44 259.47
673.12 692.38
723.21 639.73
633.31 279.49
1231.35 318.87
1219.80 261.51
