287.50 453.50
224.50 298.00
137.50 291.00
101.00 121.00
122.50 88.50
490.50 557.00
477.00 446.50
433.50 521.00
391.50 542.50
365.00 483.50
321.00 440.50
368.00 402.50
408.50 390.50
442.50 371.00
498.00 301.00
489.50 245.50
480.50 193.50
456.50 181.00
404.00 237.00
398.00 271.00
336.00 298.00
321.00 259.00
319.50 234.00
303.50 206.50
334.50 199.50
337.50 216.00
360.50 232.50
381.50 213.00
364.50 195.00
369.00 143.50
384.00 124.50
388.50 143.50
424.50 109.00
422.00 187.50
393.50 166.00
322.50 48.00
342.50 55.50
320.00 85.50
330.50 101.50
327.50 110.50
339.00 92.50
383.00 122.50
389.00 93.00
361.50 97.00
340.50 92.50
350.00 93.00
422.00 111.00
382.50 121.00
390.00 139.50
422.00 461.00
347.00 188.50
399.00 205.00
380.00 200.50
30.84 261.41
56.74 266.26
39.75 280.83
32.46 278.40
66.45 294.59
85.06 283.26
107.72 283.26
123.90 266.26
139.28 291.35
173.26 260.60
155.46 268.69
199.16 268.69
186.21 261.41
216.15 257.36
281.69 289.73
278.46 261.41
311.63 263.84
338.34 298.63
358.57 294.59
375.56 271.93
392.55 266.26
461.33 267.07
421.68 257.36
435.44 301.06
462.14 297.01
532.54 261.41
528.50 290.54
496.94 255.74
557.63 296.20
608.61 301.06
638.55 300.25
659.59 317.24
650.68 260.60
622.36 258.98
713.80 275.97
704.09 301.06
742.93 339.90
739.70 423.25
732.41 495.27
750.22 547.86
710.56 574.57
655.54 589.13
607.80 611.79
577.05 608.55
597.28 580.23
597.28 523.59
553.58 497.69
513.12 557.57
518.79 587.51
477.52 602.89
506.65 630.40
485.61 526.82
487.23 484.75
541.44 457.23
603.75 467.75
649.88 454.00
695.19 454.00
600.51 421.63
596.47 382.79
623.17 360.13
617.51 339.90
557.63 379.55
517.17 362.56
502.60 339.90
513.93 414.35
488.04 432.96
479.95 396.54
509.89 450.76
447.58 437.00
448.39 467.75
453.24 391.69
433.82 354.47
403.88 328.57
385.27 314.82
380.42 379.55
348.05 382.79
331.05 340.71
313.25 331.81
264.70 302.68
246.90 260.60
224.24 317.24
199.16 287.30
166.79 297.82
165.98 321.29
119.86 305.91
62.40 347.18
51.88 334.24
38.94 346.37
72.92 322.91
123.09 340.71
104.48 322.91
187.83 353.66
198.35 328.57
260.65 339.90
253.37 359.32
250.14 386.02
200.77 372.27
193.49 397.35
150.60 416.77
134.42 400.59
101.24 394.12
75.35 405.45
37.32 403.02
123.09 441.05
66.45 434.58
38.13 456.42
32.46 497.69
93.15 509.02
114.19 507.40
73.73 557.57
68.07 584.28
42.98 627.16
75.35 630.40
101.24 580.23
123.09 589.13
145.75 626.35
170.03 517.92
228.29 507.40
230.71 479.08
191.06 476.65
148.99 476.65
244.47 439.43
191.87 564.05
153.03 554.34
287.36 473.42
350.48 516.30
331.05 473.42
317.30 408.68
373.13 476.65
384.46 424.06
413.59 425.67
408.74 516.30
646.64 529.25
638.55 634.45
692.76 381.17
696.00 567.28
121.47 369.84
383.63 602.89
438.48 597.98
501.50 578.33
941.88 618.44
851.02 623.35
834.65 579.97
779.81 578.33
770.81 592.25
739.70 570.97
754.43 530.86
729.88 521.04
703.68 526.77
693.86 540.68
262.49 489.11
270.67 532.50
282.13 543.96
267.40 511.21
260.03 551.32
307.51 579.97
278.04 587.34
317.33 591.43
333.70 572.61
308.33 552.96
356.62 562.78
366.44 526.77
353.35 511.21
318.97 499.75
301.78 502.21
291.14 499.75
285.41 489.11
314.06 476.02
336.16 485.84
372.17 483.38
424.56 461.28
408.19 462.92
406.55 486.66
422.11 483.38
415.56 492.39
404.10 505.48
422.11 530.04
382.81 513.67
389.36 496.48
413.92 562.78
472.04 534.95
461.40 538.23
477.77 515.31
490.86 511.21
484.31 495.66
469.58 502.21
461.40 500.57
451.57 494.02
440.93 494.02
461.40 477.65
442.57 475.20
437.66 471.92
441.75 458.01
459.76 457.19
490.04 458.01
481.04 480.11
496.59 480.93
509.69 480.93
507.23 494.84
512.15 519.40
502.32 515.31
520.33 549.69
535.06 561.15
544.07 542.32
526.06 521.04
528.52 506.30
553.89 516.94
544.89 513.67
548.16 498.12
541.61 485.84
526.06 489.11
530.15 467.01
515.42 469.47
521.97 452.28
529.33 440.82
555.53 475.20
544.89 466.19
575.99 468.65
573.54 476.02
582.54 478.47
573.54 480.93
566.17 511.21
582.54 503.85
583.77 458.21
588.68 454.53
601.78 455.35
609.14 461.90
600.14 471.31
584.18 468.04
594.41 497.50
591.95 515.10
579.68 530.25
486.77 466.81
474.49 466.40
499.05 466.40
615.69 495.46
612.42 514.69
634.11 490.14
643.11 494.64
638.61 484.00
613.24 474.99
627.97 466.81
634.93 465.17
619.37 453.30
617.33 443.07
605.05 446.34
595.23 440.61
587.04 436.52
553.48 441.84
606.28 442.66
657.85 463.53
645.16 459.44
654.98 512.65
669.72 461.90
661.94 466.40
657.44 456.17
650.89 453.30
672.17 446.75
675.85 456.58
695.09 451.26
689.77 449.62
678.72 443.48
686.90 440.21
766.71 438.98
789.63 468.04
406.96 536.79
392.23 484.41
543.25 620.08
596.46 584.06
585.81 572.61
635.75 582.43
688.13 606.17
680.77 588.16
908.32 557.05
930.42 575.88
885.40 584.06
946.79 591.43
954.98 561.15
969.71 569.33
996.72 601.25
1004.91 575.88
1060.57 595.52
1044.20 597.98
1094.95 617.63
1072.85 606.17
1163.71 615.17
1214.46 597.16
1116.23 582.43
1090.86 552.96
1077.76 572.61
1060.57 528.40
1078.58 529.22
1111.32 538.23
1130.15 521.04
1099.04 516.94
702.05 464.56
630.83 458.83
842.02 525.13
871.49 513.67
1186.63 536.59
1193.99 524.31
1209.55 530.86
1261.11 549.69
1276.67 538.23
1266.84 518.58
1257.02 529.22
1257.02 509.58
1229.19 511.21
1214.46 501.39
1195.63 507.12
1188.26 498.12
1162.89 515.31
1181.72 593.07
1227.55 551.32
1233.28 543.96
1243.92 532.50
993.45 509.58
950.89 528.40
907.50 538.23
896.86 503.85
909.96 505.48
864.94 487.48
890.31 487.48
169.99 604.53
912.41 459.13
892.56 448.49
878.65 461.59
888.88 462.20
869.85 467.32
855.93 461.79
853.27 449.52
844.27 454.63
870.87 445.63
873.53 445.63
859.82 450.95
905.05 448.08
899.11 445.63
894.00 440.72
885.20 453.00
878.24 453.61
876.19 450.54
905.46 487.37
922.03 487.99
937.58 484.51
928.38 458.72
922.03 462.20
920.60 455.86
915.89 448.49
909.14 451.36
911.60 445.01
927.56 442.97
928.78 450.74
919.37 448.90
962.14 489.42
973.40 493.72
945.36 492.08
998.36 483.49
992.02 486.56
985.67 488.81
1016.78 491.67
1019.44 502.93
1009.82 503.74
999.79 506.41
1021.08 464.45
1005.11 476.32
1004.30 463.02
1013.30 460.77
993.45 450.33
992.84 444.61
982.19 460.16
982.81 474.48
967.05 454.43
970.12 445.63
965.21 445.63
957.23 448.08
940.45 450.33
934.31 450.13
936.56 444.20
949.25 446.45
950.89 455.66
945.77 460.16
951.09 466.50
962.55 470.39
965.82 475.91
1021.28 455.66
1013.30 455.86
1009.21 444.20
999.79 444.40
975.65 447.27
935.54 464.45
940.24 459.54
878.85 445.83
870.46 495.15
883.76 511.62
884.17 484.20
1077.35 466.19
1092.08 466.19
1119.10 469.06
1141.61 462.10
1135.47 502.21
1118.28 495.66
1114.19 502.21
1100.27 490.75
1090.04 499.35
1055.25 503.03
1064.25 512.44
1069.17 485.84
1083.08 488.70
1056.07 476.43
1045.02 482.16
1036.83 485.84
1000.41 456.78
1008.18 458.01
1012.69 450.23
1004.50 451.46
982.81 454.73
981.58 447.37
1045.43 453.10
1037.24 446.55
1031.10 448.19
1027.01 448.60
1022.10 446.14
1058.52 449.00
1065.48 454.33
1080.22 455.14
1051.98 464.97
1040.11 473.15
1100.68 474.79
1112.14 469.47
1130.56 491.57
1047.06 534.95
948.84 506.71
957.02 512.85
947.61 486.25
963.16 460.87
1009.41 486.25
1029.47 453.92
1010.64 471.11
986.90 468.24
594.82 504.26
540.74 445.53
1161.17 488.49
1172.43 488.49
