152.50 483.00
144.50 248.00
85.00 208.50
77.50 116.00
61.00 106.50
71.00 71.00
53.00 51.00
97.00 46.50
93.50 39.50
513.87 539.19
610.38 532.35
509.76 446.10
479.64 409.83
586.42 396.14
671.30 362.60
684.31 463.90
763.71 372.86
796.56 329.06
757.55 270.19
906.77 389.29
1033.40 366.02
976.58 315.37
942.36 273.61
914.98 279.77
1005.33 251.71
1058.72 254.45
1098.42 231.17
1165.50 209.27
1195.62 188.05
1216.16 190.79
1232.58 395.45
427.62 276.35
387.92 275.66
376.97 229.80
285.25 220.22
344.80 118.23
415.30 116.18
523.45 235.96
561.10 136.71
542.62 119.60
684.31 143.56
731.54 146.98
858.85 173.68
741.20 69.72
710.06 37.55
720.16 36.69
725.63 30.87
803.15 49.70
813.93 41.48
834.81 70.57
802.64 84.43
813.76 104.46
914.04 38.23
872.33 17.23
996.86 36.01
1029.89 30.87
1069.59 66.81
1087.90 30.19
1107.24 54.49
1132.56 51.58
1144.54 52.43
1148.48 55.86
1161.65 59.28
1222.40 45.08
1223.60 109.93
1252.52 151.52
1261.25 133.89
1265.70 75.37
1265.35 182.66
677.11 29.70
655.63 46.06
658.70 61.41
750.77 10.26
677.11 10.26
792.71 7.19
1009.58 11.28
977.87 21.51
1049.48 7.19
1128.24 14.35
1143.59 31.74
377.95 39.43
315.23 100.12
328.50 25.31
483.05 11.93
1037.43 11.18
1081.52 3.90
1080.02 12.46
1180.63 62.77
939.50 887.23
788.60 1018.54
713.73 808.90
697.61 723.67
831.22 599.27
947.56 523.24
759.81 459.89
618.13 543.98
546.71 514.03
483.36 496.75
460.32 457.59
462.63 431.09
466.08 352.77
282.94 478.32
183.88 714.45
142.41 922.94
126.29 477.17
110.16 449.52
191.94 411.51
197.70 364.29
153.93 390.78
118.22 371.20
56.02 433.40
41.05 327.43
111.31 321.67
117.07 295.18
99.79 294.02
104.69 272.79
114.48 272.79
44.22 269.91
7.93 256.66
32.70 325.77
193.38 294.10
207.78 299.28
224.48 291.79
203.17 278.55
178.41 280.27
165.16 290.06
291.29 324.04
393.80 313.10
378.83 374.73
334.48 382.79
253.28 270.48
233.70 265.30
191.08 261.84
268.25 287.76
322.96 265.88
336.79 264.72
476.74 272.79
462.34 499.13
216.99 317.13
899.47 399.49
859.15 367.81
875.86 346.51
846.48 328.65
886.80 318.29
939.21 329.80
960.52 312.53
934.60 302.74
943.24 280.85
925.39 285.46
1016.38 395.46
967.43 444.41
961.09 400.07
1010.62 283.15
981.83 286.03
968.58 261.27
867.79 262.42
809.62 286.03
804.44 299.86
780.83 290.64
791.77 260.12
774.49 264.15
767.58 268.18
763.55 323.47
737.63 329.80
715.17 334.99
688.68 346.51
684.65 324.04
741.66 284.88
632.24 258.96
577.52 291.79
570.04 276.24
527.42 267.03
546.42 286.03
598.26 343.05
647.21 394.88
841.30 294.67
732.16 380.41
778.24 355.07
817.40 382.72
81.10 281.32
12.56 263.67
4.38 263.41
4.12 273.64
21.51 315.59
149.38 298.71
62.23 295.43
76.79 306.78
72.93 317.27
87.06 324.76
21.13 271.46
51.96 260.33
5.29 296.29
-56.99 369.07
7.86 348.09
38.04 381.91
2.94 416.58
53.03 398.18
5.72 445.16
120.02 624.53
276.28 600.56
325.51 579.58
290.83 529.49
292.97 460.57
319.94 321.76
332.14 319.62
346.48 322.19
359.54 310.63
440.45 279.17
448.16 263.33
308.38 282.16
285.05 286.44
182.95 303.35
75.29 281.95
74.43 373.78
749.32 299.29
551.97 271.68
604.41 329.25
636.09 308.92
648.72 257.98
690.24 258.83
698.81 259.69
720.21 257.55
681.68 263.33
1008.75 370.67
1007.89 340.71
959.09 416.05
873.04 365.53
792.99 354.40
989.05 270.50
821.67 270.39
837.08 265.68
433.00 811.50
447.50 650.00
378.50 646.00
383.00 476.50
329.50 420.50
393.50 407.50
379.50 386.50
453.50 414.50
505.00 389.00
323.00 304.00
310.50 274.00
