39.98 343.86
108.25 333.43
52.31 287.92
11.53 265.16
57.05 217.76
179.36 221.55
305.46 258.53
350.02 390.32
789.96 507.89
860.13 446.26
763.42 264.22
702.73 243.36
655.33 172.25
751.09 165.61
451.48 148.54
413.55 177.93
92.13 133.37
29.55 130.53
211.59 118.91
231.98 111.33
336.28 106.11
41.40 73.88
28.13 67.71
3.48 101.37
-107.93 296.22
63.45 64.28
59.42 55.27
46.85 50.53
86.20 63.56
135.74 57.16
155.65 63.33
172.48 39.15
192.63 42.71
226.29 37.25
-44.17 138.94
55.62 24.28
73.05 21.31
94.97 17.05
145.40 15.89
186.94 25.93
199.03 19.18
223.45 21.43
197.64 6.54
186.11 6.39
244.54 40.87
289.11 18.47
293.73 16.69
318.62 43.95
320.51 10.79
354.59 8.19
405.02 45.55
462.62 64.51
441.28 28.66
459.53 17.40
387.65 11.45
160.76 14.27
95.17 12.99
127.01 5.23
141.26 7.41
110.70 7.15
657.68 44.34
776.85 72.98
920.58 81.16
984.01 132.31
68.95 9.56
80.72 6.49
86.85 2.39
164.09 3.93
220.86 10.58
235.70 4.95
253.09 3.93
296.56 3.42
456.64 734.01
307.50 685.22
311.68 550.02
462.21 540.27
417.61 432.94
550.02 453.85
669.89 484.51
381.37 353.49
509.60 322.83
632.26 346.52
699.16 384.16
582.08 250.35
513.78 216.90
427.37 240.59
328.40 257.32
278.23 262.89
333.98 226.65
389.73 239.20
274.86 191.11
304.82 156.27
343.16 154.18
382.18 151.39
414.94 218.99
458.15 186.93
452.57 166.72
434.45 162.54
469.99 159.75
483.23 108.88
504.14 139.54
505.54 114.45
560.59 139.54
486.72 285.19
344.55 317.95
454.66 138.15
598.92 205.75
605.89 176.48
670.01 195.99
727.16 218.29
703.46 143.72
741.09 108.88
755.03 95.63
657.46 145.12
642.83 94.24
576.62 92.85
560.59 120.72
612.86 85.18
597.53 65.67
629.59 59.39
637.25 44.76
646.31 57.30
676.28 57.30
696.49 63.58
719.49 37.79
742.49 24.55
753.64 26.64
258.83 57.30
265.80 44.06
290.89 48.94
280.43 51.03
311.10 39.18
320.85 39.18
322.94 51.03
311.10 29.43
295.76 19.67
286.01 16.88
348.03 22.46
337.58 28.03
386.36 28.03
413.54 18.28
806.49 274.04
872.00 381.37
839.94 550.02
799.52 555.60
958.41 562.57
958.41 498.45
1005.80 732.61
1255.30 559.78
1185.61 459.42
1075.50 488.69
1097.80 346.52
927.75 405.06
950.05 292.16
1242.76 444.09
1231.61 371.61
1223.24 275.44
906.84 209.93
901.27 166.72
988.96 159.40
968.06 128.74
995.23 105.04
1200.82 192.16
1227.31 167.07
1267.03 161.49
1276.09 200.52
1161.10 139.19
1122.07 133.62
1105.35 113.41
1114.41 98.77
1046.81 84.83
1090.02 61.83
1137.41 79.95
1161.80 70.89
1170.16 93.19
1196.64 93.89
1182.01 74.38
1261.46 109.92
1273.30 110.62
1264.24 90.41
1240.55 70.20
1253.09 61.83
1248.21 37.44
1269.12 11.66
1272.61 27.68
1264.94 24.20
1226.61 37.44
1217.55 22.81
1200.13 24.90
1188.28 26.99
1197.34 6.78
1147.16 17.23
1138.80 9.57
1119.29 20.02
1101.86 4.69
1108.83 32.56
1087.92 36.74
1073.29 45.80
1069.80 24.20
1067.02 12.35
1024.51 39.53
1038.44 63.23
1018.23 72.98
955.51 102.25
949.24 73.68
975.72 45.80
986.87 26.99
1022.41 21.41
977.81 4.69
952.03 52.08
892.09 80.65
897.67 54.86
930.42 36.05
919.97 17.93
892.79 14.44
872.58 33.96
853.76 59.74
822.40 33.96
830.07 19.32
841.91 19.32
798.01 14.44
774.31 32.56
786.86 12.35
868.40 15.14
490.20 5.38
343.85 14.44
694.11 42.49
702.82 35.87
710.49 12.53
740.11 13.22
731.74 25.07
770.07 5.91
726.86 30.65
307.53 360.18
859.77 31.51
1221.51 77.86
199.50 1240.00
822.50 747.00
657.50 1120.50
643.50 830.00
359.50 1262.50
720.00 540.00
526.00 801.50
750.00 764.50
195.50 562.00
306.50 1255.00
950.00 1065.50
891.50 784.50
830.50 458.00
1008.50 545.00
1307.50 333.00
1368.00 483.00
1252.00 335.50
974.50 1048.00
1561.00 306.00
679.00 320.50
1430.00 1316.00
1582.00 309.00
672.00 347.00
1247.50 384.00
423.50 849.00
508.50 807.00
580.50 690.50
501.50 686.50
454.00 738.50
382.00 736.00
375.50 671.50
418.00 583.50
568.50 459.00
546.00 420.50
508.00 403.50
477.00 381.00
468.50 441.00
460.00 421.00
452.50 402.50
434.50 380.00
402.00 379.00
401.00 397.00
422.50 431.50
426.00 463.50
427.00 508.50
400.50 502.00
354.00 466.00
340.00 444.00
365.00 414.50
358.50 402.50
343.00 329.50
375.00 308.00
403.00 309.50
