220.00 512.00
111.50 209.50
86.00 185.50
68.00 101.50
68.00 68.50
128.50 100.50
620.69 554.04
691.47 425.45
743.38 378.26
776.41 331.07
736.30 328.71
986.41 378.26
1056.01 465.56
1084.32 256.75
1053.65 227.25
992.30 197.76
945.12 154.11
866.07 119.90
823.60 138.77
795.29 148.21
763.44 185.96
787.03 203.66
686.76 219.00
638.39 312.19
610.07 354.66
457.89 384.16
422.50 359.38
396.54 253.21
284.47 230.79
258.52 268.54
335.20 198.94
394.18 181.24
499.18 267.36
415.42 227.25
600.64 272.08
584.12 228.43
613.61 184.78
647.83 164.73
702.09 135.24
672.60 130.52
650.18 139.95
580.58 143.49
594.74 119.90
523.95 126.98
502.72 147.03
476.77 160.01
450.81 162.37
258.52 102.20
361.15 91.59
359.97 75.07
350.53 60.91
381.21 69.17
439.01 98.37
416.60 107.81
396.54 44.10
402.44 39.38
436.06 41.74
454.35 48.82
474.41 30.53
482.66 41.74
490.92 45.87
513.93 41.74
520.41 37.02
529.26 52.36
533.98 35.25
500.36 93.65
482.66 81.26
518.06 94.83
546.96 99.55
562.88 99.55
557.58 80.08
545.78 74.77
559.94 67.70
555.22 56.49
548.14 42.92
571.73 59.44
594.74 90.11
784.08 102.50
740.43 84.80
690.30 84.21
666.70 88.34
644.88 82.44
610.66 80.08
612.43 64.75
607.12 22.28
627.77 8.71
562.88 22.87
697.96 57.67
737.48 61.80
567.60 3.99
548.14 7.53
846.02 90.11
877.28 83.03
914.44 51.77
902.65 57.08
972.25 51.18
956.32 34.66
948.06 18.15
974.02 7.53
1031.24 26.41
1073.12 60.62
1096.12 85.98
1070.76 90.70
1116.18 103.68
1248.30 76.54
1256.56 3.99
1176.34 19.92
1152.16 18.15
1137.41 4.58
1127.97 5.76
1122.07 10.48
1110.28 29.36
1098.48 25.23
890.85 18.15
900.88 328.41
950.42 81.26
938.63 88.93
845.43 15.79
830.09 16.38
687.94 -0.14
687.94 0.45
141.50 816.00
166.00 708.00
116.50 570.50
112.00 463.00
122.50 390.50
82.00 363.50
77.00 335.50
82.00 323.50
83.00 299.50
74.50 293.00
194.50 426.50
125.00 338.50
147.50 338.00
288.37 918.74
302.68 874.95
366.69 822.74
386.06 870.74
556.17 922.96
516.59 858.95
476.17 808.42
529.22 777.26
454.27 754.53
406.27 742.74
389.43 720.84
493.01 713.26
635.33 765.47
564.59 691.36
840.82 789.90
879.56 748.63
926.72 750.31
973.04 775.58
1027.78 848.85
1046.30 771.37
1109.46 824.42
1141.47 897.69
1174.31 708.21
1085.88 720.84
1044.62 706.52
989.04 734.31
939.35 708.21
898.93 723.37
791.97 773.05
755.76 755.37
701.86 729.26
798.71 683.78
1154.10 655.99
1152.41 616.41
1170.94 586.94
1157.47 543.15
1138.94 587.78
1177.68 483.35
1170.10 458.09
1146.52 452.19
1136.41 469.88
1127.15 478.30
1119.57 436.19
1103.57 443.77
1094.31 462.30
1135.57 431.14
1080.83 444.61
1078.31 434.51
1054.72 439.56
1060.62 458.09
1052.20 462.30
1102.73 487.56
1106.10 469.88
1112.83 535.57
1085.88 535.57
1039.57 524.62
1041.25 547.36
1053.88 572.62
1079.99 551.57
1096.83 573.46
1065.67 600.41
1062.30 634.94
1107.78 636.62
1032.83 591.99
1016.83 611.36
1008.41 636.62
995.77 657.68
1025.25 561.67
971.35 606.31
943.56 646.73
930.09 673.68
854.29 650.10
908.19 634.94
919.14 606.31
915.77 585.25
973.04 569.25
985.67 554.09
999.14 539.78
1030.30 458.93
1031.14 447.14
1014.30 394.09
1001.67 422.72
997.46 430.30
990.72 447.98
995.77 469.04
1002.51 462.30
964.61 519.57
1015.14 516.20
962.09 538.94
927.56 565.88
869.45 610.52
826.50 635.78
683.34 722.52
781.03 639.99
823.98 596.20
834.08 596.20
862.71 575.15
893.03 539.78
893.03 564.20
908.19 535.57
905.66 518.72
934.30 524.62
941.88 509.46
903.98 499.35
919.98 485.04
938.51 455.56
964.61 461.46
953.67 443.77
973.88 418.51
983.14 394.09
1002.51 412.61
935.98 405.88
905.66 426.09
889.66 424.40
874.50 421.88
882.08 387.35
866.93 387.35
860.19 421.03
908.19 453.04
900.61 438.72
883.77 439.56
903.98 469.88
885.45 480.83
860.19 474.93
864.40 464.83
852.61 489.25
871.98 497.67
861.87 517.88
845.87 530.51
839.98 550.73
806.29 572.62
771.76 623.99
744.81 601.25
735.55 616.41
663.13 655.99
614.28 666.94
510.70 674.52
535.96 661.89
573.02 645.89
631.97 635.78
587.33 612.20
620.18 582.73
667.34 602.10
710.29 586.94
765.87 560.83
701.86 555.78
797.87 539.78
757.45 537.25
770.92 521.25
804.61 527.15
821.45 511.99
809.66 497.67
793.66 483.35
829.87 483.35
825.66 463.14
823.98 451.35
826.50 428.61
838.29 424.40
837.45 415.98
846.71 446.30
842.50 485.04
770.08 482.51
748.18 500.20
743.97 514.51
737.23 533.04
712.81 531.36
665.65 551.57
605.86 577.67
557.86 596.20
545.22 623.15
522.49 641.68
522.49 616.41
486.27 617.26
446.69 632.41
433.22 655.99
387.74 655.99
339.74 659.36
280.79 669.47
316.16 660.20
377.64 635.78
362.48 615.57
295.95 607.99
259.74 646.73
274.89 613.89
343.95 618.94
372.58 587.78
382.69 576.83
421.43 605.47
386.90 609.68
418.90 575.99
439.96 586.10
462.69 598.73
443.32 558.30
416.38 557.46
423.95 554.09
471.11 550.73
445.85 543.99
478.69 539.78
490.48 534.72
513.22 542.30
541.86 529.67
512.38 520.41
569.65 567.57
533.43 532.20
583.12 554.94
617.65 531.36
644.60 536.41
653.86 543.99
658.91 528.83
648.81 522.93
631.97 520.41
641.23 502.72
675.76 496.83
681.65 513.67
710.29 506.93
704.39 518.72
701.86 509.46
698.50 493.46
692.60 477.46
673.23 485.04
697.65 466.51
706.92 464.83
734.71 472.41
749.02 476.62
770.92 468.19
778.50 455.56
797.87 477.46
802.08 469.04
802.08 456.40
806.29 415.98
813.03 413.45
812.19 437.88
797.03 412.61
783.55 414.30
775.13 414.30
764.18 410.93
762.50 426.09
745.66 406.72
743.97 385.66
727.97 413.45
727.97 406.72
717.02 450.51
711.13 441.25
702.71 403.35
757.45 433.67
692.60 427.77
693.44 409.24
679.13 419.35
674.07 417.67
676.60 411.77
675.76 404.19
683.34 438.72
669.02 427.77
663.97 469.04
646.28 457.25
626.07 439.56
633.65 434.51
623.54 427.77
649.65 416.82
660.60 409.24
662.28 405.03
655.55 373.87
643.76 370.51
626.07 376.40
605.02 377.24
598.28 393.24
605.86 401.66
603.33 405.88
617.65 410.09
626.07 401.66
607.54 414.30
644.60 408.40
618.49 422.72
595.75 421.03
587.33 405.03
578.07 378.08
578.07 405.88
566.28 420.19
571.33 422.72
579.75 420.19
587.33 429.46
591.54 431.14
605.86 459.77
602.49 443.77
546.07 408.40
562.07 426.09
561.22 411.77
566.28 403.35
557.01 396.61
580.59 453.88
569.65 458.09
582.28 466.51
598.28 473.25
593.23 485.88
618.49 477.46
595.75 514.51
626.07 499.35
585.65 512.83
561.22 501.88
567.96 480.83
548.59 479.14
545.22 462.30
541.01 449.67
530.07 453.04
528.38 412.61
522.49 399.98
530.91 392.40
541.01 391.56
541.86 395.77
526.70 496.83
524.17 481.67
536.80 499.35
501.43 488.41
484.59 497.67
471.96 508.62
467.75 530.51
440.80 528.83
455.96 537.25
407.11 540.62
402.90 533.88
381.00 549.04
386.06 564.20
343.11 581.88
311.95 591.99
285.00 559.15
310.26 517.04
350.69 541.46
357.42 557.46
373.43 510.30
399.53 524.62
420.59 524.62
456.80 493.46
476.17 495.14
446.69 489.25
437.43 498.51
400.37 474.93
392.79 472.41
418.90 482.51
362.48 465.67
352.37 478.30
350.69 466.51
346.48 458.09
322.05 481.67
299.32 500.20
295.11 493.46
288.37 484.20
273.21 485.04
267.31 470.72
279.95 469.88
285.84 510.30
279.95 520.41
263.10 506.93
273.21 511.14
293.42 460.62
315.32 462.30
339.74 444.61
375.95 458.93
390.27 453.88
397.85 451.35
409.64 442.09
429.01 468.19
434.06 442.09
455.96 464.83
434.06 479.14
461.01 456.40
477.85 464.83
498.06 471.56
505.64 479.14
495.54 463.14
492.17 450.51
481.22 445.46
513.22 444.61
509.85 400.82
518.28 392.40
502.27 394.93
507.33 393.24
493.01 393.24
483.75 400.82
482.90 408.40
472.80 415.14
471.96 421.88
466.06 422.72
463.54 431.98
494.70 437.04
411.32 462.30
449.22 431.14
445.01 422.72
455.11 409.24
459.32 414.30
471.11 404.19
475.33 406.72
472.80 390.72
478.69 391.56
450.06 399.98
437.43 412.61
443.32 415.14
412.16 422.72
417.22 410.93
402.06 427.77
393.64 429.46
377.64 405.03
379.32 446.30
369.21 427.77
349.00 430.30
355.74 418.51
349.00 413.45
341.42 418.51
330.48 415.98
312.79 443.77
322.90 437.88
398.69 412.61
407.95 411.77
418.90 400.82
424.80 405.88
408.80 405.03
434.90 401.66
432.38 393.24
443.32 385.66
407.11 372.19
398.69 393.24
402.90 399.98
386.06 398.30
375.11 393.24
386.06 393.24
366.69 403.35
365.00 414.30
356.58 405.88
329.63 427.77
298.47 434.51
303.53 416.82
273.21 441.25
274.05 458.93
292.58 447.14
262.26 459.77
264.79 414.30
289.21 409.24
297.63 410.93
289.21 399.98
295.95 401.66
273.21 401.66
261.42 399.98
273.21 394.93
261.42 385.66
277.42 383.98
280.79 392.40
311.11 389.03
298.47 395.77
328.79 384.82
349.00 371.35
359.11 373.87
383.53 374.72
526.71 368.19
537.24 367.77
542.71 369.87
551.55 371.14
576.40 367.35
583.56 367.35
614.72 369.45
507.76 361.03
502.29 365.24
493.45 366.08
471.97 368.19
453.44 366.08
446.71 367.35
438.71 366.50
427.34 367.35
419.34 366.50
408.39 366.08
397.86 363.98
401.65 370.72
385.23 366.93
375.54 366.08
371.33 362.72
362.07 366.50
359.12 362.72
349.86 358.93
340.60 361.87
331.75 362.72
324.59 364.40
378.91 375.77
306.91 363.98
306.91 358.93
297.65 358.93
292.17 363.14
274.07 359.35
280.80 358.08
267.33 361.87
339.75 388.82
345.65 394.30
405.02 395.56
429.86 435.14
483.34 433.46
529.24 449.46
257.22 430.51
274.07 435.14
556.19 327.77
467.76 314.71
459.34 315.55
486.29 315.98
404.18 315.13
400.81 315.98
397.02 315.55
391.97 314.71
386.91 313.45
503.55 313.87
411.76 315.55
272.38 316.40
284.59 313.87
289.22 314.29
266.91 316.40
282.91 316.40
277.01 316.82
258.49 317.66
1206.23 780.58
1219.53 723.29
1269.65 815.36
1275.79 721.24
1255.33 666.00
1204.18 636.34
1221.57 620.99
1208.27 585.19
1198.04 527.90
1252.26 585.19
1255.33 569.84
1278.86 583.14
1266.58 639.41
1215.43 481.87
1226.69 478.80
1213.39 455.27
1200.09 450.16
1238.96 440.95
1251.24 441.97
1268.63 466.52
1261.47 481.87
1192.93 672.14
794.99 289.55
805.22 292.62
840.00 295.69
841.03 295.69
851.25 295.69
779.65 291.59
775.55 291.59
755.10 293.64
749.98 291.59
745.89 294.66
738.73 293.64
719.29 299.78
717.24 298.76
1025.16 315.12
1035.39 315.12
1030.28 314.10
1041.53 318.19
1050.74 319.21
1056.87 318.19
1073.24 319.21
1084.49 321.26
1067.10 326.38
1079.38 329.44
1061.99 324.33
1053.80 328.42
1045.62 326.38
1054.83 328.42
1235.89 307.96
1245.10 311.03
1273.74 332.51
1242.03 326.38
1230.78 320.24
1233.85 324.33
920.82 298.76
917.75 300.80
1010.84 300.80
1081.42 293.64
1113.14 301.82
1119.27 306.94
1066.08 301.82
1045.62 298.76
1047.67 304.89
1121.32 307.96
1107.00 318.19
1131.55 293.64
515.72 410.26
