221.00 546.50
257.50 380.00
93.50 177.50
68.00 88.50
93.50 40.50
74.50 56.50
1641.50 552.50
830.00 588.00
2034.50 814.00
1438.50 568.50
1453.50 801.00
1561.50 747.50
1836.00 780.50
1808.00 605.00
1633.50 742.50
936.00 651.00
1545.00 702.50
961.00 720.50
1419.00 705.50
1096.00 634.00
1288.50 504.00
970.50 648.00
1364.00 789.00
1273.00 591.00
1308.50 760.00
1345.50 743.00
1817.50 534.00
1510.50 554.00
1540.50 587.00
839.00 457.50
1714.00 716.50
1675.50 721.50
1577.50 646.00
1514.50 536.00
649.50 452.00
685.50 442.00
1431.00 696.50
396.00 423.50
463.00 498.50
432.50 412.00
1607.50 895.00
1608.50 851.50
197.29 703.28
153.71 686.75
308.51 677.73
347.59 734.84
320.53 904.67
270.94 876.12
400.19 662.70
558.00 724.32
573.03 626.63
646.67 617.61
612.10 549.98
521.93 571.02
446.78 540.96
314.52 571.02
391.17 572.52
520.42 536.45
538.46 498.88
508.40 483.85
473.83 468.82
404.70 497.38
361.11 489.86
310.01 489.86
288.97 522.93
249.89 519.92
225.85 510.90
219.84 565.01
120.64 563.51
71.05 546.97
30.47 455.30
83.07 441.77
54.51 434.25
47.00 417.72
31.97 402.69
12.43 416.22
80.06 399.69
87.58 426.74
188.27 438.76
207.81 431.25
224.34 428.24
215.33 405.70
248.39 417.72
338.57 341.07
352.09 347.08
296.49 399.69
276.95 416.22
316.02 416.22
270.94 435.76
237.87 465.82
201.80 473.33
304.00 444.78
334.06 455.30
353.60 434.25
377.64 405.70
448.28 402.69
472.33 402.69
603.08 504.89
589.56 455.30
643.66 458.30
682.74 498.88
715.80 459.80
744.36 444.78
721.82 399.69
678.23 417.72
655.69 393.68
637.65 396.68
558.00 414.72
588.06 383.15
538.46 383.15
508.40 387.66
500.88 449.28
478.34 444.78
598.58 368.13
606.09 363.62
582.04 359.11
625.63 377.14
660.20 378.65
691.76 377.14
808.99 425.24
821.01 444.78
891.65 468.82
938.24 468.82
945.75 546.97
968.30 384.66
908.18 389.17
706.79 348.59
691.76 345.58
675.23 345.58
655.69 335.06
670.72 315.52
703.78 320.03
727.83 298.99
736.85 327.55
610.36 337.87
691.18 294.90
715.73 311.33
724.94 313.38
736.19 313.38
716.24 329.24
689.13 309.80
678.90 314.91
649.75 314.91
643.61 320.54
653.33 329.24
674.81 331.79
691.69 320.54
733.12 355.32
740.28 361.46
711.64 367.09
840.53 450.46
877.36 382.94
628.26 336.91
636.45 372.71
552.56 396.24
559.21 378.85
565.35 374.76
468.17 539.46
475.84 326.68
387.35 410.05
309.10 404.42
234.42 422.84
223.68 489.33
67.93 506.40
67.42 521.24
86.63 504.02
64.80 408.56
707.37 313.41
734.98 375.49
1022.44 602.06
960.16 380.52
931.69 386.51
723.64 431.68
944.96 389.94
416.00 728.00
373.00 661.00
450.00 659.50
517.00 632.50
552.50 738.50
498.50 768.00
418.00 571.00
478.00 541.00
542.00 537.50
530.00 472.50
517.00 424.00
495.50 397.00
480.50 413.00
441.50 445.50
430.00 414.50
404.50 410.00
399.00 429.00
368.50 489.00
345.00 440.50
358.00 396.00
373.00 355.00
343.50 323.00
342.50 299.00
355.00 313.50
376.50 302.50
