316.75 5.16
317.19 14.04
326.96 6.94
324.30 2.94
322.52 15.37
338.06 17.15
347.38 13.15
353.60 23.37
358.48 22.48
370.03 22.03
371.36 20.26
377.13 23.81
386.46 27.81
412.21 39.35
408.21 35.80
398.44 33.13
417.54 36.24
421.53 42.01
427.30 40.68
429.97 45.12
438.40 50.45
449.95 53.56
443.29 52.23
483.25 53.11
465.93 60.66
463.27 54.89
497.90 73.09
501.45 61.99
505.45 43.79
500.12 43.79
497.01 42.90
493.90 46.90
487.24 42.90
478.36 67.77
475.25 65.10
471.26 62.44
473.03 79.31
464.60 80.20
398.89 57.55
390.45 48.67
430.41 51.34
372.25 42.68
418.42 52.45
406.88 42.68
445.06 61.33
430.86 62.22
431.74 57.55
438.85 54.45
437.96 48.23
207.08 200.52
431.74 61.55
419.31 60.66
457.50 57.55
491.68 79.31
496.12 77.53
513.88 80.20
515.21 88.63
513.44 94.85
509.00 95.29
510.77 84.64
502.34 86.86
495.68 82.42
489.91 86.86
491.68 94.85
494.35 100.18
497.90 88.63
503.23 93.52
487.69 88.63
482.80 85.52
481.03 82.42
477.03 85.52
480.58 93.52
485.02 98.40
487.69 104.62
469.04 87.74
449.95 89.08
440.62 84.19
432.63 93.52
429.97 86.41
429.08 83.30
419.76 79.31
420.64 86.41
414.87 82.86
414.43 89.52
420.20 93.52
417.98 91.74
433.96 110.83
464.60 118.38
460.16 124.15
454.39 128.15
468.15 133.48
480.14 120.60
465.93 127.70
474.81 98.84
462.82 97.07
462.38 90.41
463.71 84.64
460.16 106.39
473.03 112.16
451.72 107.72
444.62 97.96
448.17 111.28
451.28 113.50
446.40 120.16
445.95 116.60
431.74 123.26
423.31 121.49
418.87 124.15
413.98 121.49
407.77 122.38
398.89 117.49
391.34 118.82
373.14 120.60
389.56 130.37
367.81 120.16
359.37 121.49
352.27 127.26
358.04 131.70
363.81 128.59
364.26 141.91
383.35 141.02
401.55 137.92
410.43 133.48
399.33 130.81
414.43 148.13
404.22 145.91
426.86 149.02
411.76 158.78
416.20 154.34
403.33 156.56
408.66 155.68
431.74 165.89
427.75 155.23
445.51 154.34
436.18 149.02
451.28 149.02
438.40 130.37
444.18 139.69
431.30 133.48
425.53 130.81
440.18 164.56
448.17 168.55
459.27 161.45
447.73 161.45
460.16 152.12
474.37 149.02
467.71 144.13
499.23 161.45
487.69 163.67
480.14 159.67
472.59 168.11
487.69 176.99
507.67 167.66
514.77 173.88
520.10 157.45
510.33 149.02
506.33 140.14
501.45 145.02
487.69 147.24
495.23 136.58
524.98 139.69
529.42 127.70
538.30 133.48
535.64 141.91
549.85 148.13
552.07 138.80
549.40 127.26
545.41 116.60
534.75 119.71
511.66 110.83
522.76 92.18
534.75 100.18
538.75 89.96
530.31 89.96
538.30 82.42
531.20 81.08
535.19 167.66
539.63 174.32
553.84 168.11
543.19 163.67
548.96 159.23
548.51 154.34
570.71 155.68
569.38 146.35
571.60 140.58
567.16 137.03
567.16 131.70
560.06 127.26
551.18 119.71
560.50 118.38
555.62 110.83
548.51 97.96
541.41 116.60
562.28 97.96
555.62 94.85
561.83 91.74
568.94 90.41
570.27 82.86
571.60 79.75
568.94 76.20
560.50 77.98
554.73 72.20
547.18 73.98
544.07 77.53
542.74 71.76
564.05 62.88
580.04 77.09
576.49 84.19
576.49 92.63
582.26 95.29
582.70 104.62
577.82 98.84
635.98 85.52
644.86 70.87
647.97 73.98
647.52 90.85
637.76 89.08
636.87 95.29
649.30 96.62
643.08 97.96
651.08 106.39
655.07 101.06
658.18 80.20
664.40 80.64
657.74 76.20
647.52 79.31
524.09 115.72
519.21 121.49
514.33 133.48
626.21 104.17
623.55 98.40
624.44 89.96
613.78 87.30
613.78 99.73
603.57 98.40
598.24 103.28
592.47 106.39
591.14 113.94
567.61 110.39
580.93 120.16
574.71 120.60
586.70 126.37
588.03 120.16
594.25 118.38
586.25 113.50
605.79 120.16
584.48 137.92
593.36 139.69
600.46 139.69
592.91 130.37
584.48 130.37
604.01 135.70
623.99 149.02
631.10 149.02
643.08 142.80
639.09 129.48
663.95 123.26
656.85 121.49
648.41 120.60
639.98 123.26
638.64 116.60
628.43 115.72
624.88 114.38
624.44 127.26
623.10 132.59
614.22 128.59
609.78 145.91
620.88 139.69
608.45 104.62
618.66 105.06
661.73 99.73
600.02 115.27
663.95 141.91
654.18 138.80
651.08 132.59
652.41 158.78
646.19 164.56
633.76 165.89
618.22 170.77
604.46 169.88
610.23 159.23
603.12 154.34
592.47 180.10
584.03 186.31
576.49 169.88
568.94 191.20
566.27 201.85
560.50 178.32
560.50 173.88
540.52 186.31
545.85 199.19
551.18 214.28
556.95 211.17
553.40 226.27
565.83 235.15
599.13 221.39
620.00 212.95
638.64 208.95
659.96 191.64
663.06 167.66
591.58 168.55
536.53 222.72
532.97 203.18
519.21 207.18
515.21 218.28
528.53 235.15
516.10 242.70
505.00 253.80
501.01 264.45
492.57 253.80
505.45 235.15
493.90 223.16
501.45 202.74
493.01 202.30
513.88 195.64
491.68 191.64
482.36 246.25
483.25 224.49
475.25 227.16
465.93 232.49
460.16 257.79
441.96 255.13
443.29 240.03
437.52 224.49
446.84 212.95
450.84 203.18
465.93 192.53
476.59 190.31
498.34 176.10
517.43 145.91
451.72 187.20
456.16 173.88
425.08 201.85
441.07 203.63
431.74 186.31
433.08 181.87
414.87 180.98
406.44 181.43
404.66 192.53
396.22 203.18
393.56 222.72
410.88 226.27
419.31 222.72
422.86 208.95
413.54 246.25
404.66 259.13
420.64 268.01
381.57 244.92
366.92 232.04
333.18 255.57
349.16 267.12
337.17 236.48
346.50 224.49
347.83 217.39
335.40 211.17
344.72 204.96
318.08 222.27
322.52 232.93
371.80 198.74
371.80 211.17
359.37 190.75
370.92 178.32
370.92 170.77
363.37 167.66
358.93 176.10
351.82 171.66
341.61 192.53
341.61 181.43
320.30 204.07
329.62 175.21
337.62 158.34
338.50 169.88
354.49 146.35
355.82 154.34
370.03 157.45
385.12 185.42
385.12 198.74
394.45 197.86
387.79 166.78
420.64 241.37
387.34 209.84
343.39 129.48
346.05 137.92
340.72 134.36
335.40 141.91
334.95 152.57
329.62 145.91
329.62 136.58
329.62 129.48
318.53 117.05
318.08 105.06
324.30 92.63
355.38 89.96
390.01 85.52
400.66 79.31
320.30 83.30
325.19 107.72
322.52 165.00
315.86 159.23
318.08 153.01
309.65 145.91
310.53 141.91
317.19 141.02
322.08 141.02
315.86 130.81
325.19 132.59
305.65 98.40
305.65 107.28
292.33 105.06
281.67 107.28
279.01 117.05
271.02 113.50
275.90 126.37
271.02 126.37
272.79 133.92
285.67 136.58
288.78 125.04
295.44 143.69
299.43 140.58
304.76 125.48
294.55 131.26
280.34 146.35
274.57 147.24
290.11 160.56
303.43 156.12
303.87 168.55
297.21 161.89
306.09 175.21
294.11 182.32
280.34 169.88
294.55 172.99
282.12 192.97
291.44 204.07
306.98 192.53
314.97 184.09
289.22 221.39
272.35 218.28
269.24 201.85
269.24 186.31
271.02 171.22
273.68 237.81
273.24 250.69
286.56 250.69
297.66 236.93
305.65 248.47
302.54 258.68
356.26 249.36
675.78 86.41
689.10 82.42
725.95 74.42
740.16 76.20
752.59 86.86
783.23 95.29
772.57 83.75
784.56 111.28
769.91 106.39
762.80 103.28
751.70 99.73
743.27 99.73
741.05 92.18
733.50 95.29
724.62 95.29
717.07 93.52
711.30 97.07
706.42 80.64
703.31 82.86
691.32 104.17
689.99 115.27
677.56 100.18
673.12 97.07
675.78 112.61
669.12 115.27
670.45 124.15
678.44 133.92
674.89 120.16
687.32 131.26
693.98 131.70
717.96 137.47
710.41 131.26
704.20 133.48
698.87 117.05
696.20 112.16
694.43 121.49
706.42 113.50
709.52 117.05
712.63 109.50
709.08 103.28
705.53 101.51
730.39 112.16
727.28 104.62
745.04 115.72
733.94 119.71
737.50 126.37
729.06 133.48
719.74 125.04
725.95 117.49
748.60 141.02
734.39 159.23
722.40 152.12
722.40 180.10
677.11 174.77
705.97 211.17
756.14 154.34
748.60 183.65
787.22 168.55
773.46 146.35
786.34 140.58
772.57 137.47
755.26 137.03
761.03 121.49
760.58 115.27
752.59 120.60
744.16 126.37
773.46 115.27
791.22 121.93
793.00 130.37
785.89 125.04
776.57 126.37
766.36 125.48
711.74 145.91
684.22 122.38
779.68 153.46
272.06 49.12
265.85 50.01
252.09 51.34
222.34 75.31
211.68 73.09
192.59 70.87
184.60 70.87
174.39 70.87
181.05 75.31
188.59 83.75
173.50 84.64
161.95 76.64
163.73 77.98
156.63 73.54
149.97 76.64
144.64 79.31
131.32 80.20
124.22 77.98
158.40 83.75
119.33 77.09
116.22 79.75
142.42 80.20
180.16 109.50
247.65 115.27
260.97 117.05
263.63 121.93
268.96 129.48
265.85 131.70
257.86 127.26
251.20 121.49
234.77 120.60
246.31 136.58
255.64 137.03
266.74 136.58
269.40 143.24
258.30 148.13
255.19 141.02
251.20 143.24
238.32 144.13
234.33 136.58
231.22 130.81
189.48 117.49
190.37 126.37
194.65 93.29
200.87 78.20
196.43 73.76
204.42 77.31
164.46 103.06
176.89 120.82
173.34 123.49
165.35 120.82
168.01 116.38
223.95 143.91
220.40 148.35
224.84 148.35
210.63 146.57
203.53 140.36
219.51 135.92
187.55 133.25
179.56 139.47
166.24 139.47
11.88 132.59
6.56 128.15
15.44 117.94
18.54 117.49
22.98 117.49
34.08 113.50
42.52 114.38
51.40 113.05
58.06 113.05
65.16 113.05
72.71 106.39
90.03 98.84
93.58 103.28
83.37 114.38
65.16 120.60
70.49 122.82
73.16 117.94
101.57 107.28
97.13 116.16
103.35 122.38
93.58 124.15
131.76 114.38
131.32 126.82
126.88 125.48
149.52 112.61
139.31 113.50
147.75 125.48
141.53 122.38
152.63 134.81
157.51 141.02
157.07 126.82
161.51 121.04
169.50 153.46
159.73 154.34
155.29 145.46
148.63 137.92
148.63 154.34
135.31 134.81
122.88 129.04
127.77 137.03
129.99 133.48
132.65 140.14
135.31 147.24
131.76 152.12
127.32 152.12
123.33 145.02
116.22 143.24
120.66 157.90
117.56 150.35
109.56 151.24
123.77 165.89
128.66 172.99
148.19 166.78
139.31 156.56
151.74 159.67
151.30 175.21
155.29 170.77
166.39 165.89
173.05 158.34
173.94 166.78
169.95 177.43
191.26 182.32
193.92 166.78
187.71 161.45
199.25 156.56
192.15 148.57
195.70 146.35
208.57 151.68
214.79 160.56
206.35 166.78
201.91 169.00
209.02 179.65
38.52 130.37
49.18 127.26
18.10 137.92
20.32 131.70
39.86 141.91
39.86 149.02
34.53 144.13
22.10 147.24
13.22 149.02
3.00 160.56
14.99 157.45
18.54 165.89
27.87 168.11
33.20 160.56
30.98 153.46
44.30 154.34
63.39 153.46
54.95 160.56
63.83 145.02
56.28 149.02
53.18 141.02
71.82 139.69
88.25 130.37
90.03 139.25
82.48 127.26
80.70 130.81
69.16 131.70
106.90 145.02
112.23 129.92
111.78 118.82
106.01 119.27
101.13 152.57
101.13 129.92
98.02 160.56
88.70 161.00
84.26 152.57
79.82 147.24
78.93 152.12
71.38 156.56
70.94 162.78
67.38 172.10
75.82 174.32
82.48 167.22
76.26 165.89
86.48 169.88
82.92 181.43
89.14 176.10
93.58 172.99
103.35 184.54
96.69 177.43
50.51 167.22
46.96 172.10
46.96 176.99
33.64 180.10
42.52 184.54
24.76 189.42
14.55 179.65
14.55 195.64
26.98 201.85
46.96 190.31
48.74 202.30
45.63 202.30
34.53 204.07
44.74 211.62
33.64 232.49
23.43 225.83
22.98 240.03
28.31 249.36
38.08 262.68
13.22 208.51
25.65 264.01
20.32 276.00
34.97 278.66
49.18 246.69
59.84 268.89
47.40 238.26
63.83 237.81
88.70 273.78
77.15 244.92
102.46 256.46
114.45 279.11
113.56 238.26
106.46 224.49
94.47 207.18
94.47 194.75
69.60 200.08
63.39 204.07
4.78 189.86
1.67 205.85
4.78 144.13
106.46 192.53
121.11 193.86
106.90 208.95
88.70 204.52
92.25 216.50
80.26 221.39
72.27 209.40
85.59 231.15
68.72 217.39
119.78 263.57
88.70 244.03
148.19 254.69
151.74 237.37
133.98 238.70
125.99 231.15
144.19 224.49
122.00 212.06
135.31 198.30
147.30 208.51
158.40 202.30
148.63 193.86
120.66 179.21
114.45 169.88
128.21 183.65
109.56 163.67
181.05 199.19
163.73 193.42
171.28 225.83
156.63 212.06
187.26 218.72
172.17 215.17
188.59 199.63
185.04 188.53
197.03 189.42
216.12 187.64
200.14 207.18
211.24 224.49
205.91 216.50
201.03 226.71
192.59 229.82
170.83 256.46
189.48 244.92
182.82 238.26
165.06 240.92
185.93 270.23
201.91 262.68
201.91 269.34
226.78 264.45
221.89 244.47
162.84 256.02
247.20 264.45
263.63 246.25
254.31 247.14
239.21 227.60
251.20 231.15
219.67 224.94
226.33 218.28
229.44 206.29
222.78 196.08
229.44 172.10
226.33 154.34
236.99 174.32
242.32 181.43
242.32 168.11
236.99 153.46
264.07 157.45
268.07 151.68
258.30 180.54
256.53 166.78
252.53 151.68
284.50 184.54
281.39 179.21
284.94 173.88
261.85 213.39
246.31 218.28
241.87 200.08
258.75 192.08
248.53 193.86
21.49 533.74
57.90 494.66
14.39 485.78
20.61 464.47
10.84 417.41
35.70 404.09
32.15 387.22
18.83 360.58
6.40 365.91
9.06 345.48
7.29 316.18
10.84 299.31
6.40 283.32
6.40 268.23
41.92 297.53
29.49 318.84
32.15 355.25
49.91 356.14
85.43 347.26
80.99 318.84
71.22 291.32
57.90 298.42
31.26 347.26
57.01 286.88
84.54 293.98
105.85 291.32
107.63 320.62
112.96 309.96
116.51 303.75
133.38 305.52
143.15 322.40
153.80 333.05
162.68 347.26
162.68 359.69
130.72 364.13
114.73 353.47
117.40 386.33
98.75 380.11
104.96 406.75
75.66 384.55
58.79 409.42
64.12 436.06
58.79 467.14
117.40 479.57
102.30 434.28
136.93 426.29
177.78 446.71
161.80 395.21
206.19 367.68
215.96 347.26
209.75 326.84
183.11 317.07
170.68 308.19
155.58 281.55
162.68 279.77
136.93 277.11
137.82 258.46
254.15 309.96
231.95 317.07
235.50 334.83
267.47 347.26
260.36 390.77
318.08 373.01
344.72 341.04
306.54 324.17
326.07 317.96
285.23 266.45
257.70 275.33
219.51 281.55
195.54 295.76
218.63 298.42
66.78 256.68
391.78 333.05
374.91 318.84
359.82 291.32
346.50 277.11
310.09 299.31
315.42 262.01
308.31 211.40
310.98 203.41
445.95 309.96
436.18 322.40
413.98 301.97
425.53 285.10
400.66 272.67
392.67 286.88
373.14 268.23
494.79 293.98
497.45 320.62
477.03 333.05
476.14 293.98
453.94 289.54
473.48 260.24
529.42 283.32
570.27 342.82
672.39 211.40
354.49 331.28
344.72 316.18
285.00 695.44
316.25 282.00
297.02 24.80
331.88 113.73
311.44 161.81
471.29 251.95
519.37 235.12
548.21 340.89
407.59 539.20
563.84 521.17
605.90 358.92
634.75 354.11
676.81 275.99
623.93 218.30
753.73 372.14
818.64 338.49
855.89 445.45
970.07 309.64
1108.29 307.24
1191.22 333.68
1075.84 429.83
1199.63 417.81
1182.80 643.76
1271.74 547.61
1102.28 131.76
1062.62 144.98
1006.13 256.76
944.83 181.04
876.33 159.41
828.25 167.82
845.08 211.09
830.65 208.68
794.60 214.69
777.77 190.65
763.35 165.42
709.26 157.00
722.49 185.85
573.45 92.10
543.41 92.10
621.53 68.06
508.55 60.85
515.76 41.62
553.02 30.80
466.49 64.46
471.29 50.03
437.64 41.62
464.08 26.00
682.82 84.89
709.26 89.70
693.64 122.15
757.34 100.51
745.32 125.75
784.98 94.50
821.04 89.70
813.83 117.34
790.99 125.75
922.00 41.62
887.14 41.62
909.98 38.02
875.12 35.61
1044.59 33.21
1067.42 42.82
1092.66 76.48
1126.32 83.69
1113.10 24.80
1147.95 26.00
1181.60 35.61
430.43 19.09
465.88 14.88
530.19 20.89
543.41 19.09
523.57 11.27
574.05 15.48
592.68 12.48
598.69 10.67
893.15 23.29
851.69 15.48
908.78 19.69
1059.01 17.88
1086.65 47.33
1226.07 13.08
1194.22 17.88
1209.85 12.48
1095.67 14.88
560.65 14.69
515.05 6.35
534.79 10.03
419.56 4.29
515.68 119.21
900.52 28.54
1017.27 25.71
269.00 735.50
273.50 599.50
234.50 596.50
261.00 414.50
238.50 385.50
236.50 373.50
116.00 430.00
124.00 399.50
152.50 372.50
97.00 333.00
112.50 309.50
106.00 270.50
354.00 636.00
386.00 500.00
379.50 474.50
428.00 457.00
441.00 422.00
452.00 491.50
503.00 521.50
338.00 453.50
314.00 448.00
287.00 436.00
390.00 356.00
366.00 332.50
328.50 339.50
325.50 377.50
340.50 284.50
355.50 289.00
416.00 335.50
