237.50 525.00
127.00 549.00
119.00 444.00
232.00 254.50
229.00 217.00
187.50 231.50
179.00 257.50
149.50 233.00
138.50 261.00
104.50 266.50
110.00 220.50
82.00 253.50
54.00 241.50
149.00 118.00
122.50 107.50
106.00 113.00
83.00 109.50
78.50 86.00
80.00 72.50
82.50 100.50
102.50 104.00
473.00 156.50
436.50 99.00
317.00 52.00
103.00 844.50
200.00 717.50
106.00 482.00
112.00 452.00
208.00 488.00
238.00 416.50
204.50 390.50
237.50 387.50
244.00 347.00
231.50 340.00
237.50 323.50
284.42 598.39
261.56 569.40
376.68 613.35
419.07 531.07
480.16 579.69
603.59 556.00
654.70 512.36
640.99 466.23
678.39 487.43
759.43 442.55
844.21 433.82
1088.57 548.52
809.30 427.59
788.10 412.62
834.23 381.46
879.12 427.59
847.95 366.49
892.83 387.69
876.62 365.25
911.53 351.53
910.29 329.09
951.43 350.29
957.66 309.14
998.81 306.65
1068.62 337.82
1096.05 330.34
1032.47 297.92
1031.22 277.98
1005.04 285.46
794.34 276.73
759.43 265.51
663.43 334.08
579.90 364.00
537.51 367.74
518.81 350.29
528.78 326.60
440.26 364.00
416.57 365.25
359.22 364.00
407.85 280.47
426.55 276.73
458.96 259.27
319.33 259.27
260.73 263.01
609.82 260.52
642.23 259.27
543.95 258.34
1063.43 257.72
1094.60 260.21
1013.56 265.20
1242.34 296.99
1274.75 281.40
1224.26 258.34
985.03 272.91
1074.03 292.34
