152.50 470.00
215.50 328.00
74.00 223.50
125.50 130.50
131.50 105.00
251.00 97.00
219.50 69.50
254.50 68.50
262.50 50.00
258.00 21.50
354.00 470.00
374.00 399.50
477.00 150.00
438.00 132.00
422.00 156.50
342.50 205.50
351.50 174.00
360.50 51.00
342.00 67.50
338.50 58.00
10.15 505.29
25.13 466.58
37.62 471.57
68.84 444.10
116.29 449.09
163.75 435.36
188.72 437.85
209.95 449.09
227.43 411.63
262.40 414.13
286.13 462.83
301.11 474.07
246.17 486.56
299.86 620.18
344.82 648.90
637.03 821.23
667.01 881.17
462.21 592.70
424.74 577.72
492.18 555.24
522.15 527.77
499.67 494.05
519.65 550.24
552.12 575.22
440.98 444.10
422.24 505.29
372.29 477.82
372.29 444.10
389.78 437.85
374.79 429.11
348.57 426.62
468.45 381.66
502.17 382.91
548.37 420.37
549.62 409.13
580.84 400.39
604.57 437.85
572.10 437.85
597.07 482.81
630.79 469.07
638.28 451.59
622.05 441.60
628.29 432.86
703.22 581.46
698.23 550.24
848.08 595.20
845.58 531.51
884.29 527.77
798.13 531.51
759.42 509.03
708.22 491.55
685.74 422.87
718.21 440.35
753.17 444.10
789.39 457.83
870.56 486.56
908.02 502.79
1020.41 489.05
1022.91 455.34
999.18 432.86
984.20 414.13
967.96 422.87
967.96 409.13
960.47 391.65
945.48 407.88
924.25 386.65
648.90 387.59
662.63 379.47
678.87 382.60
705.72 398.83
750.67 342.63
803.75 408.82
816.23 404.45
828.10 425.68
868.68 434.42
869.31 463.77
914.89 431.30
936.74 439.42
902.40 401.95
875.55 399.45
863.69 390.71
881.17 368.23
893.66 380.72
952.98 352.63
1000.43 363.86
979.85 370.67
984.13 371.96
992.26 371.31
848.21 449.44
490.27 275.67
468.96 277.97
475.87 266.45
464.35 273.94
444.20 302.16
436.13 297.55
436.13 313.10
419.43 318.29
427.50 284.31
436.71 278.55
424.62 265.30
413.10 263.00
403.31 269.91
395.82 265.30
383.15 292.37
369.90 280.27
395.24 308.49
371.63 314.25
407.34 344.78
418.28 351.11
409.07 364.94
395.82 355.72
362.42 352.84
350.90 356.87
349.17 376.45
280.63 377.03
277.18 393.73
324.40 391.43
377.97 430.02
482.78 396.04
453.41 383.36
477.03 360.33
489.12 331.53
469.54 343.05
447.65 332.11
521.95 382.79
467.81 483.58
454.56 502.01
430.95 502.01
350.32 515.25
297.91 551.54
264.51 436.35
566.29 517.56
388.91 379.91
775.36 310.80
805.30 283.15
813.37 290.64
808.76 260.69
857.14 263.00
862.90 259.54
870.38 268.18
873.26 261.27
923.95 279.70
923.37 269.91
938.34 267.03
938.34 283.73
950.44 263.57
953.89 264.72
976.93 277.39
983.84 274.51
984.42 264.15
1015.52 275.67
997.66 262.42
1017.82 260.69
1025.88 268.18
1072.53 272.79
1004.00 291.79
995.36 286.61
991.90 301.01
979.23 295.82
982.69 288.91
858.87 288.91
851.38 292.37
875.57 287.76
883.63 279.12
883.63 299.86
882.48 315.98
892.27 317.13
906.09 304.46
869.81 330.38
858.87 343.05
851.95 305.61
835.83 306.77
823.73 317.71
821.43 334.41
812.79 314.83
791.48 323.47
790.33 310.80
850.23 364.36
874.99 406.98
921.07 386.82
941.22 389.12
978.08 384.52
1007.45 363.78
1002.85 349.39
1006.88 335.56
942.95 337.87
923.37 321.74
1032.22 315.98
1044.89 327.50
1074.84 311.37
1069.08 295.25
1075.41 290.06
1108.24 283.73
1116.31 280.85
1133.01 313.68
1089.24 328.08
1104.79 336.14
1116.88 349.39
1086.93 347.08
1120.91 367.24
1154.89 332.11
1169.87 338.44
1162.96 307.34
1187.72 292.94
1238.40 290.06
1230.34 317.13
1218.24 326.35
1205.57 311.37
1244.16 317.71
1273.53 305.61
1271.23 367.81
1246.47 404.67
1191.75 401.22
1107.09 406.98
1052.38 392.00
1037.98 412.74
998.24 410.43
957.35 420.22
898.03 459.96
1108.82 491.64
295.90 742.10
513.60 757.07
692.13 810.06
406.79 288.22
445.41 264.69
437.74 259.07
429.30 262.90
452.57 257.02
464.33 258.81
477.89 259.32
489.14 257.02
504.74 258.30
470.98 286.69
466.12 291.80
458.45 283.87
457.68 276.97
451.80 270.83
457.43 265.46
447.71 280.04
418.55 292.57
460.50 318.14
475.33 316.10
491.44 380.80
513.95 309.19
518.81 352.92
379.68 358.81
766.11 277.99
865.34 264.69
902.93 308.42
774.29 263.41
1182.33 285.41
1189.24 262.13
1161.88 320.19
1214.30 316.86
950.76 295.99
799.36 259.67
1174.79 293.94
467.21 299.93
377.74 307.42
387.15 314.70
394.00 288.37
376.67 283.88
418.40 266.27
442.38 289.44
418.19 301.86
498.35 286.50
783.57 803.69
668.84 750.61
809.25 462.71
841.79 458.86
1149.59 593.28
810.11 375.38
903.43 396.36
794.91 339.74
810.11 335.25
822.31 279.38
786.03 279.22
785.82 269.48
774.58 287.89
862.02 272.05
879.46 268.52
900.44 260.81
899.15 268.73
889.31 258.99
826.81 262.74
841.15 266.81
846.71 263.17
1035.07 277.72
1042.35 272.48
1064.61 276.33
1050.27 264.56
1108.92 299.29
1128.18 304.42
1147.23 266.32
1251.90 390.47
1262.61 349.80
1237.56 302.50
1251.69 307.64
1191.54 350.44
1140.38 365.86
