192.50 373.50
91.00 103.00
500.00 564.00
463.50 455.00
518.00 276.50
503.00 258.00
493.50 214.50
507.00 174.00
504.00 158.00
482.00 151.50
457.50 172.50
426.00 153.50
399.50 183.50
398.00 234.00
381.50 223.50
438.00 115.50
440.00 122.00
457.50 88.50
383.00 284.00
281.00 628.00
504.00 96.00
151.25 720.97
331.09 691.80
503.65 859.50
644.61 735.55
704.16 725.83
677.42 537.47
856.06 621.32
907.09 569.07
947.19 458.49
926.54 408.66
876.71 395.30
841.47 344.26
874.28 313.88
961.78 271.35
1005.52 271.35
1021.32 385.57
318.94 477.93
263.04 503.45
80.76 466.99
24.87 514.38
7.85 479.14
28.51 430.54
20.00 407.45
10.28 424.46
208.36 425.68
265.47 445.12
292.21 417.17
145.17 405.02
645.83 426.89
684.71 422.03
558.33 398.94
571.70 394.08
514.59 383.14
509.73 415.95
536.46 432.97
462.33 424.46
407.65 353.98
428.31 334.54
158.46 336.71
194.08 339.54
220.65 329.36
187.86 322.58
204.82 295.44
229.13 298.84
174.29 298.84
158.46 316.93
136.42 304.49
136.98 322.58
101.93 320.88
78.76 327.10
40.32 327.67
61.23 307.32
53.88 293.18
78.19 283.57
66.32 267.75
49.93 267.75
39.19 263.22
56.71 258.14
94.02 279.05
120.59 271.14
125.68 275.66
144.33 273.96
144.33 273.96
154.51 279.05
176.55 283.01
193.51 279.05
209.91 271.70
204.25 268.88
241.00 280.75
253.43 272.83
264.17 269.44
270.96 260.96
255.69 259.83
238.74 258.14
288.48 263.22
303.18 259.27
315.62 269.44
349.53 263.22
326.36 285.83
367.62 298.84
380.62 297.14
391.93 267.75
413.41 271.14
419.63 284.70
432.63 279.05
405.50 296.58
441.11 265.48
451.85 261.53
462.59 265.48
485.20 257.00
447.89 403.98
296.96 302.79
265.30 300.53
153.94 258.14
120.59 261.53
109.28 262.09
563.59 307.86
569.36 297.36
596.13 297.36
622.38 267.97
640.22 282.67
649.67 281.62
658.60 264.82
664.90 299.99
688.52 284.76
692.72 257.99
709.51 259.04
724.74 277.42
764.10 270.59
837.59 275.32
521.07 297.36
526.32 279.52
559.39 264.82
602.43 259.04
633.93 259.57
384.02 260.08
369.26 319.73
337.55 338.57
330.33 354.90
321.86 303.09
291.09 373.73
14.46 314.63
222.94 369.78
275.19 349.12
250.89 368.56
71.22 450.73
103.33 457.57
20.28 328.40
35.26 291.80
30.55 271.89
90.06 267.82
658.46 275.80
711.04 496.16
712.26 477.93
557.93 493.73
561.57 466.99
600.46 527.75
600.46 544.76
687.95 655.35
474.08 669.93
344.06 702.74
282.08 680.87
261.42 594.59
271.14 447.55
269.93 364.92
279.65 353.98
356.21 332.11
379.30 334.54
379.30 288.36
389.02 283.50
408.46 262.84
363.50 260.41
441.27 436.61
430.33 398.94
595.60 344.26
625.98 339.40
644.21 339.40
674.59 418.38
821.63 373.42
802.18 368.56
980.82 339.40
1012.41 374.64
1046.44 375.85
1249.37 711.25
1273.68 904.46
1240.87 386.79
1268.82 334.54
1227.50 356.41
1233.57 368.56
1188.61 356.41
1112.06 328.46
1125.42 311.45
1125.42 300.51
1121.78 277.42
1088.97 274.99
1097.47 306.59
1073.17 288.36
1069.52 264.06
1030.64 313.88
945.57 294.44
901.83 305.37
911.55 293.22
814.33 296.87
809.47 271.35
749.93 289.57
738.99 302.94
721.98 283.50
740.21 264.06
649.07 305.37
638.13 283.50
610.18 262.84
599.25 279.85
573.73 285.93
562.79 259.19
548.21 288.36
515.40 294.44
511.75 327.25
770.59 266.49
1195.90 288.36
1210.49 284.71
1242.08 268.92
1268.82 266.49
1238.44 328.46
435.19 458.49
650.28 276.21
699.71 269.09
804.85 263.58
629.75 262.73
585.23 279.69
1147.98 259.37
1196.90 258.76
1253.46 258.76
1025.70 387.16
678.26 267.39
679.11 256.48
