43.20 443.41
28.24 399.77
67.51 395.41
77.49 360.50
28.86 362.37
38.21 332.45
76.24 318.73
6.42 339.93
3.93 368.60
5.18 306.89
30.11 291.93
17.02 270.11
46.32 270.11
73.12 305.02
78.73 281.95
88.08 258.27
65.02 252.66
41.95 240.19
7.05 216.50
24.50 185.95
4.55 185.95
25.12 167.88
14.53 152.29
58.79 179.10
51.31 204.03
83.72 214.01
108.03 228.97
127.36 196.55
93.69 196.55
79.98 181.59
83.10 147.31
54.42 154.79
64.40 124.24
35.72 133.59
12.66 122.37
45.69 113.02
22.01 104.29
93.07 439.05
103.05 409.12
113.64 371.72
121.12 339.93
119.88 313.75
115.51 280.08
127.98 265.75
141.07 247.05
164.14 236.45
144.81 211.51
164.76 203.41
142.94 179.72
121.12 157.90
113.02 180.97
94.32 134.84
79.98 119.88
71.88 103.05
46.94 91.82
60.66 82.47
33.85 81.23
22.01 51.93
51.31 69.38
71.25 71.88
68.76 37.59
70.01 10.79
109.90 37.59
103.05 55.05
106.16 82.47
92.45 98.06
122.37 102.42
107.41 118.01
122.99 124.24
135.46 128.60
146.06 419.10
136.71 449.64
144.19 395.41
167.88 384.81
164.14 359.88
167.25 324.34
149.80 295.05
175.36 264.50
185.33 247.05
184.08 225.23
184.08 195.93
168.50 156.66
149.80 146.06
164.14 137.33
150.42 114.27
167.88 92.45
143.56 86.84
166.63 76.24
145.44 67.51
155.41 43.20
171.62 45.69
164.76 23.88
124.86 78.11
190.94 36.97
227.10 35.10
215.25 15.15
210.89 54.42
195.31 55.05
207.77 70.63
184.08 66.27
192.19 86.84
210.89 100.55
186.58 101.18
175.36 116.14
190.32 142.94
206.53 124.24
215.25 143.56
222.73 128.60
230.21 109.90
240.81 141.69
204.66 166.01
204.66 186.58
220.86 199.05
217.75 221.49
237.07 184.08
219.62 248.29
247.67 242.06
234.58 275.10
225.23 290.68
266.99 278.84
262.01 301.28
215.88 319.98
195.93 301.28
188.45 339.93
207.15 342.42
209.02 370.47
211.51 395.41
187.20 413.49
218.37 421.59
208.40 437.80
249.54 430.32
251.41 457.75
283.82 421.59
258.89 399.77
273.23 369.23
243.93 353.02
260.14 326.84
277.59 257.64
286.94 238.32
281.33 205.90
257.02 202.79
269.49 183.46
262.01 147.31
271.36 117.38
252.66 91.82
243.31 71.88
235.20 83.10
248.92 51.93
232.71 65.02
270.11 43.82
284.45 24.50
279.46 8.92
308.76 18.27
359.88 8.92
340.55 34.47
310.01 45.69
340.55 50.68
313.75 61.90
283.82 58.79
283.82 78.73
302.53 83.10
265.75 84.97
316.24 111.77
331.82 91.82
333.69 78.73
343.05 63.15
353.64 66.27
358.63 82.47
374.21 63.15
364.24 46.32
401.02 38.84
394.16 56.29
394.79 81.23
379.82 124.24
367.36 113.02
405.38 105.54
419.72 83.10
431.56 45.69
450.27 41.33
419.72 57.54
450.27 65.02
462.11 52.55
480.81 61.28
498.27 54.42
516.97 47.56
543.77 31.36
475.82 21.38
520.71 23.88
603.62 47.56
561.23 48.19
533.80 55.05
515.72 66.27
548.14 76.24
578.68 56.29
578.06 72.50
616.08 70.01
600.50 86.84
570.58 86.84
456.03 82.32
484.08 79.82
431.10 115.05
422.99 106.63
444.50 107.56
465.38 100.40
475.67 115.05
504.03 115.36
511.51 90.11
545.80 119.41
528.34 126.58
556.08 104.14
565.75 118.47
588.50 108.19
604.40 124.71
622.16 109.75
603.77 143.41
622.16 152.14
562.01 145.59
534.89 146.21
516.50 151.20
489.07 140.60
488.76 168.66
458.21 148.71
422.99 132.50
398.99 143.41
407.72 132.50
365.33 148.40
367.20 169.59
344.45 160.86
322.63 154.94
329.80 179.56
338.53 130.32
347.56 193.90
326.68 208.55
370.32 196.08
395.56 175.20
419.25 177.07
436.40 163.05
466.01 180.50
443.25 194.84
435.46 206.68
468.19 203.25
492.19 196.40
508.08 184.86
527.41 171.46
537.07 187.67
546.11 200.76
569.80 200.76
613.44 190.47
605.02 170.84
540.81 219.15
505.90 211.98
483.77 217.59
455.72 222.58
408.97 226.63
395.25 209.18
383.41 224.76
341.95 228.19
320.76 232.86
360.66 239.10
394.32 236.92
440.45 237.85
535.05 91.20
573.07 245.80
595.51 209.64
569.33 222.73
604.24 228.97
621.07 212.14
609.85 262.63
594.27 288.19
617.95 308.14
577.44 313.75
608.60 341.18
594.27 376.08
574.32 383.56
556.86 432.19
618.58 409.12
597.38 444.03
518.84 443.41
511.36 412.86
526.94 380.45
430.94 467.10
389.18 457.75
356.14 453.38
307.51 444.66
354.27 432.19
319.98 410.99
386.68 412.24
420.34 417.85
444.66 432.81
448.40 404.14
457.75 361.75
499.51 369.23
478.32 353.02
489.54 326.84
513.23 328.08
516.34 358.63
535.67 296.29
503.88 286.32
520.71 273.23
542.53 263.25
540.03 243.31
509.49 252.66
485.80 240.19
470.21 255.77
460.86 283.20
427.20 257.64
434.68 300.66
434.68 328.71
418.47 348.66
409.12 371.72
364.86 350.53
389.18 325.59
409.75 306.89
407.88 280.08
376.08 287.56
363.62 303.77
363.62 262.63
311.88 257.64
293.80 290.68
328.08 299.41
335.56 322.47
319.36 347.41
301.28 364.86
298.16 318.73
300.66 410.37
305.02 166.63
291.93 148.55
302.53 195.93
298.16 128.60
313.12 131.10
571.82 161.02
559.36 293.80
566.84 344.29
551.25 369.23
354.27 399.77
383.56 382.32
479.56 427.20
962.81 719.20
1089.04 657.85
1063.09 549.32
972.25 565.83
738.66 535.16
672.60 537.52
843.66 394.77
933.32 384.16
952.19 326.35
1118.53 315.73
1172.80 203.66
1260.10 250.85
1260.10 148.21
841.30 244.95
854.28 198.94
908.54 169.45
900.29 108.10
879.05 64.45
844.84 62.09
833.04 32.60
810.63 36.14
792.93 58.55
660.80 90.41
636.03 39.68
594.74 33.78
547.55 131.70
523.95 206.02
456.71 195.40
312.78 223.71
265.59 213.10
984.05 126.68
1001.74 92.47
1026.52 85.39
1064.86 111.94
1107.33 90.11
1181.06 94.83
1208.78 73.00
1181.06 72.41
1091.99 51.18
1113.82 30.53
1125.61 14.02
1116.77 6.35
1047.75 38.79
1006.46 32.30
986.41 28.18
973.43 22.28
959.27 68.29
940.99 59.44
916.80 5.76
1231.20 9.89
1059.55 5.76
1050.70 1.63
1017.67 6.35
998.20 9.89
979.92 8.71
385.34 14.61
359.97 7.53
105.33 757.56
71.92 698.06
46.87 671.96
62.53 621.86
81.32 626.03
28.08 615.59
63.57 597.85
142.90 702.23
118.90 664.65
148.12 646.91
167.96 610.37
169.00 573.84
159.60 549.83
126.20 557.14
132.47 545.66
85.49 571.75
31.21 571.75
9.29 560.27
10.34 525.82
5.12 511.21
10.34 488.25
32.26 491.38
52.09 508.08
61.48 487.20
79.23 494.51
74.01 476.76
112.63 491.38
116.81 476.76
141.86 478.85
148.12 488.25
149.17 513.30
117.85 520.61
96.97 511.21
78.19 520.61
109.50 535.22
132.47 508.08
150.21 478.85
172.13 503.90
177.35 493.47
186.74 486.16
201.36 531.04
171.09 520.61
198.23 639.60
229.54 606.20
239.98 595.76
269.21 629.16
253.55 688.66
239.98 808.70
300.52 692.84
339.14 678.22
363.15 661.52
334.97 624.99
367.33 618.73
360.02 588.45
324.53 546.70
294.26 545.66
273.38 566.53
280.69 596.80
283.82 510.17
283.82 498.68
262.94 509.12
257.73 491.38
235.80 501.82
241.02 520.61
226.41 525.82
237.89 557.14
229.54 555.05
229.54 488.25
221.19 478.85
330.79 530.00
326.62 513.30
304.70 503.90
267.12 472.59
253.55 472.59
246.24 478.85
258.77 487.20
294.26 474.68
307.83 473.63
316.18 479.90
329.75 472.59
338.10 470.50
352.71 454.84
352.71 480.94
347.49 559.23
347.49 498.68
349.58 755.47
409.08 678.22
388.20 646.91
410.12 586.37
405.95 561.31
390.29 559.23
405.95 515.39
389.25 501.82
380.90 500.77
370.46 498.68
369.42 527.91
431.00 654.22
471.71 659.43
487.37 736.68
445.62 783.65
552.09 657.35
527.03 647.95
492.59 597.85
443.53 618.73
447.70 588.45
461.27 579.06
463.36 531.04
446.66 522.69
439.35 503.90
595.93 643.78
610.54 678.22
657.51 628.12
656.47 603.07
630.37 608.29
607.41 589.50
584.44 598.89
571.92 581.15
594.88 571.75
551.04 621.86
530.17 603.07
688.83 637.51
704.49 731.46
742.06 742.94
748.33 707.45
744.15 652.13
706.57 593.67
776.51 666.74
773.38 617.68
790.08 608.29
816.18 621.86
825.57 600.98
832.88 654.22
869.41 639.60
844.36 751.29
891.33 824.36
960.22 820.19
1007.20 814.97
1011.37 717.89
957.09 746.07
948.74 671.96
975.88 641.69
1014.50 656.30
1005.11 593.67
975.88 612.46
953.96 617.68
940.39 633.34
938.30 647.95
933.08 598.89
921.60 586.37
956.05 573.84
982.15 575.93
955.01 557.14
983.19 557.14
963.36 533.13
921.60 566.53
919.52 552.96
905.95 544.61
895.51 535.22
890.29 564.45
872.54 573.84
849.58 566.53
817.22 571.75
775.47 564.45
759.81 583.24
789.04 624.99
717.01 574.88
693.00 571.75
674.21 564.45
655.43 579.06
643.94 557.14
611.58 540.44
637.68 511.21
694.05 540.44
704.49 540.44
718.06 524.78
518.68 573.84
527.03 531.04
581.31 524.78
494.68 573.84
490.50 557.14
468.58 502.86
498.85 517.47
489.46 496.60
479.02 491.38
466.49 493.47
474.84 478.85
499.89 466.33
524.95 469.46
569.83 491.38
537.47 508.08
543.74 491.38
542.69 480.94
584.44 501.82
586.53 493.47
617.85 484.07
562.52 559.23
751.46 557.14
777.55 544.61
775.47 525.82
765.03 498.68
734.76 524.78
944.57 527.91
932.04 516.43
939.35 498.68
945.61 489.29
935.17 474.68
919.52 480.94
906.99 496.60
898.64 517.47
875.67 513.30
855.84 518.52
844.36 505.99
823.48 505.99
840.18 533.13
862.10 542.53
806.78 533.13
799.47 513.30
809.91 493.47
787.99 478.85
795.30 476.76
814.09 469.46
812.00 454.84
795.30 447.54
782.77 462.15
762.94 469.46
749.37 489.29
739.98 476.76
747.28 465.28
753.55 453.80
771.29 454.84
794.26 429.79
829.75 469.46
847.49 459.02
871.50 454.84
878.81 469.46
891.33 472.59
877.76 486.16
872.54 493.47
957.09 462.15
932.04 462.15
913.25 472.59
894.46 465.28
921.60 462.15
933.08 451.71
968.58 476.76
997.80 462.15
1016.59 479.90
1018.68 498.68
1001.98 500.77
994.67 496.60
993.63 520.61
1009.28 555.05
742.06 436.05
523.90 451.71
496.76 457.98
488.41 457.98
486.32 439.19
474.84 447.54
464.40 441.27
465.45 428.75
453.97 436.05
436.22 443.36
432.05 451.71
427.87 470.50
420.56 476.76
402.82 476.76
422.65 495.55
435.18 488.25
447.70 476.76
378.81 478.85
368.37 481.98
403.86 465.28
393.42 479.90
393.42 462.15
378.81 447.54
367.33 459.02
370.46 444.41
356.89 441.27
347.49 436.05
326.62 446.49
561.48 472.59
559.39 459.02
551.04 453.80
585.49 462.15
596.97 465.28
707.62 509.12
684.13 503.38
691.44 505.47
670.56 522.17
639.25 477.81
621.50 470.50
591.75 482.51
577.14 489.29
569.83 448.58
612.11 447.54
604.80 469.46
604.28 459.54
591.75 449.62
594.88 437.62
602.19 432.92
614.19 429.27
624.63 428.75
633.50 448.58
654.38 460.06
675.26 455.89
691.96 477.81
679.43 488.77
669.52 477.81
661.69 488.77
727.45 456.93
720.67 449.62
721.71 441.27
714.92 442.84
703.96 441.27
708.66 433.97
695.61 440.23
691.44 437.62
682.57 441.27
683.09 435.01
657.51 438.66
665.86 429.27
637.16 419.88
584.44 433.97
578.70 437.62
574.53 436.58
565.66 440.23
526.51 503.38
620.98 509.64
763.98 492.42
775.47 491.38
778.60 482.51
828.18 496.60
898.64 495.03
541.65 440.23
528.60 451.19
448.22 429.79
451.36 425.62
439.35 421.44
437.26 413.09
425.78 430.84
415.87 433.97
417.43 426.14
423.17 418.83
416.91 416.22
637.16 412.57
630.37 411.00
622.54 416.22
610.02 421.96
592.27 427.18
587.58 424.05
544.26 460.06
466.49 523.21
475.89 536.26
459.71 480.42
516.07 432.92
496.76 425.09
505.64 422.48
483.19 428.75
467.01 410.48
478.50 407.35
638.72 403.70
625.15 407.35
604.28 411.00
523.38 423.53
530.17 423.53
479.54 416.74
489.46 428.75
589.14 402.13
583.40 409.44
575.05 408.92
557.83 414.13
540.60 421.96
550.52 415.18
542.69 416.22
529.64 411.52
533.30 411.00
534.86 404.22
529.64 403.70
505.11 415.18
501.46 408.92
485.28 411.00
497.81 405.26
513.99 407.35
471.19 419.88
489.98 370.29
495.72 362.99
543.74 395.87
540.08 401.61
595.41 407.35
598.54 401.61
597.49 394.82
610.54 415.18
626.72 401.61
563.05 405.26
566.18 401.61
571.92 401.61
511.38 400.04
555.74 425.62
584.97 401.61
555.74 400.04
560.96 400.56
545.82 403.17
548.95 403.17
654.38 411.00
523.38 400.04
527.03 395.87
503.55 400.56
492.59 403.17
487.37 402.13
409.08 425.62
406.47 429.27
840.18 430.84
881.94 457.45
914.82 590.02
773.38 611.42
730.58 611.42
606.37 604.63
447.70 611.42
425.78 605.68
409.08 476.76
452.92 460.58
475.89 457.45
768.16 464.76
854.28 475.72
610.54 401.61
649.16 395.87
560.44 394.30
552.09 391.17
544.26 390.13
535.91 386.99
545.82 389.08
516.60 396.39
493.63 397.95
506.16 392.74
504.59 394.82
511.90 390.65
517.64 392.74
521.81 390.13
563.57 390.13
568.79 389.08
620.46 400.04
623.59 395.87
603.76 395.87
606.37 395.87
660.64 551.40
644.99 390.13
649.16 389.60
655.95 389.60
641.33 390.13
633.50 395.87
51.83 559.23
52.35 544.09
252.25 512.78
294.52 523.74
346.71 538.35
94.10 435.01
71.66 432.92
58.09 418.31
63.31 409.96
42.43 423.01
33.04 438.66
41.39 431.88
45.57 439.19
50.79 433.97
25.21 438.14
15.82 435.53
9.55 435.53
106.63 430.84
106.63 423.01
133.77 418.31
126.46 431.88
133.77 425.62
132.73 430.84
146.30 434.49
143.69 420.40
148.38 418.31
152.56 425.62
158.82 424.57
164.56 426.66
157.26 433.97
164.56 433.97
181.79 432.92
180.74 413.09
172.91 412.57
186.48 426.66
184.92 421.96
176.05 423.53
191.18 418.31
192.75 425.62
202.14 426.66
208.40 426.66
212.06 432.92
218.32 429.27
225.63 427.18
231.37 426.66
236.59 431.36
230.32 414.66
219.89 408.39
219.36 402.65
224.58 405.78
229.80 402.65
238.68 416.22
245.98 431.88
250.16 427.18
254.85 424.05
263.73 429.27
274.69 430.31
268.42 423.01
273.12 419.88
278.86 423.53
290.87 419.88
296.09 419.88
294.00 396.39
292.43 430.84
298.17 427.18
303.91 426.66
311.74 432.92
309.66 424.05
318.01 430.31
322.18 420.40
333.66 420.40
328.44 426.66
330.53 434.49
337.32 433.97
337.32 424.57
345.15 421.96
356.63 423.53
358.19 418.31
364.98 425.62
369.68 418.31
375.94 423.53
380.11 417.27
388.47 424.57
394.73 419.35
399.43 417.27
399.43 412.05
395.25 408.39
404.64 415.70
338.36 300.88
353.50 299.31
297.13 300.88
273.12 297.22
90.19 285.70
79.23 282.56
194.57 303.96
211.80 291.44
223.28 291.44
266.60 297.18
346.97 305.53
519.21 315.44
698.22 826.45
340.19 606.20
737.89 492.42
616.28 310.23
588.10 310.23
643.42 309.18
1001.20 436.58
122.67 591.77
101.18 587.68
194.27 565.18
190.18 574.38
77.40 426.56
84.56 419.91
85.58 412.75
108.09 412.75
115.76 409.68
377.13 436.28
721.11 484.36
696.56 465.95
686.33 469.02
646.43 418.89
580.45 395.45
579.94 390.85
573.80 393.92
568.68 392.90
590.68 389.83
598.86 390.34
604.49 389.83
613.70 393.92
617.28 388.80
617.79 391.87
623.92 387.27
629.04 391.87
611.65 386.25
384.00 798.00
382.50 688.50
468.50 658.50
462.50 566.00
480.50 441.50
351.50 475.00
394.50 439.00
384.00 425.00
333.00 428.00
327.50 371.50
326.00 359.00
330.50 337.00
333.00 285.50
360.00 338.50
441.50 384.50
480.00 440.50
338.00 327.50
