139.00 590.50
173.00 505.00
181.00 437.00
186.50 370.00
233.00 269.50
162.50 211.50
156.50 161.50
179.00 146.50
236.00 172.50
218.50 151.00
236.50 143.50
197.00 113.50
193.00 127.50
236.00 113.50
245.00 93.00
242.00 76.50
220.00 71.50
263.50 358.00
263.00 356.50
256.00 365.00
256.00 365.00
256.00 365.00
305.13 280.46
261.90 202.05
262.63 141.23
334.45 144.16
338.11 120.71
364.49 135.36
403.33 139.03
417.26 135.36
447.30 121.44
474.42 108.25
475.88 128.77
491.27 118.51
497.87 118.51
560.16 123.64
575.55 140.49
534.51 257.01
511.06 295.12
459.76 293.65
402.60 298.05
552.10 220.37
573.35 195.45
611.45 195.45
654.69 298.05
624.65 336.16
598.26 303.91
728.71 265.07
446.45 380.49
519.73 475.76
817.26 273.50
845.10 250.05
792.34 197.29
778.78 110.45
858.66 66.48
870.39 54.02
836.68 56.95
870.39 102.39
860.13 92.13
819.09 133.90
802.97 174.94
855.00 124.37
902.63 90.66
937.81 111.18
1006.69 115.58
976.65 172.74
943.67 276.80
971.52 264.34
981.78 396.25
1038.20 154.42
1085.84 144.16
1083.64 84.80
1126.14 69.41
1144.46 133.90
1156.19 110.45
1154.72 204.98
1075.58 279.00
996.07 466.97
1073.74 604.74
1069.35 689.74
993.13 719.06
1191.00 478.69
1268.68 506.54
1210.05 277.90
1262.81 367.30
1226.78 100.19
1212.86 72.34
1171.09 62.08
1153.50 54.02
1152.03 37.90
1185.01 15.18
1244.37 15.91
1258.29 42.29
1274.42 62.08
1217.26 53.29
1236.31 67.94
1196.74 61.35
1234.05 50.17
846.94 26.17
837.41 35.70
825.68 26.90
907.76 21.04
923.15 18.11
931.94 18.11
947.33 31.30
959.06 18.84
975.91 30.57
264.71 396.61
881.38 26.17
190.69 894.25
15.42 829.96
29.51 707.53
169.55 726.03
343.94 759.50
509.51 552.52
453.15 545.48
391.50 479.42
365.96 419.53
388.85 368.45
317.51 405.44
272.60 357.88
149.29 351.72
114.07 356.12
82.36 518.18
4.85 416.01
22.47 370.21
786.07 741.00
1022.10 792.08
539.68 331.35
553.55 324.08
573.15 377.37
631.94 291.72
649.11 283.79
478.69 404.01
492.55 326.26
320.64 331.93
296.49 340.66
293.00 301.97
393.76 262.50
360.74 265.34
216.35 275.25
257.30 268.19
287.18 276.05
55.28 297.10
93.82 278.05
106.47 286.19
115.63 305.83
124.07 302.48
975.13 321.61
932.85 321.83
784.96 295.62
796.41 275.48
823.72 275.81
705.37 310.16
724.63 275.81
676.41 268.87
756.95 258.05
488.63 268.30
532.62 270.35
566.37 271.37
606.27 270.35
58.98 259.10
261.53 785.93
474.31 755.24
731.07 596.68
918.28 542.46
977.61 270.35
951.01 264.21
259.09 780.10
307.45 697.61
272.37 621.76
328.31 652.10
410.80 726.06
562.50 767.78
582.41 687.18
448.72 642.62
677.23 947.92
732.22 867.33
887.72 671.06
1156.99 785.79
1066.92 751.66
1048.90 660.64
1075.45 652.10
1190.18 700.46
1153.20 631.24
814.71 677.70
728.43 680.55
635.51 703.30
529.32 643.57
383.30 627.45
349.17 625.55
328.31 627.45
359.60 631.24
451.57 599.95
477.17 595.21
521.73 611.33
574.83 611.33
599.48 624.61
617.49 607.54
652.58 645.46
750.24 613.23
764.46 617.97
804.28 608.49
818.50 631.24
850.74 639.78
872.55 603.75
834.62 594.26
906.68 614.18
962.62 630.29
968.31 607.54
924.69 604.69
947.45 608.49
984.43 608.49
1018.56 617.02
1052.69 610.38
1083.04 605.64
1112.43 604.69
1140.87 588.58
1167.42 578.15
1181.64 585.73
1182.59 621.76
1208.19 609.44
1218.62 606.59
1204.40 590.47
1217.67 574.35
1189.23 566.77
937.92 580.75
914.92 581.08
899.58 594.08
898.58 578.75
957.92 589.08
946.25 565.75
953.92 559.75
939.25 557.08
926.92 563.75
906.58 560.08
895.92 565.08
897.25 555.08
887.58 573.42
859.58 575.08
845.92 599.08
851.92 585.08
824.25 581.75
843.58 572.42
855.58 564.75
869.25 557.08
871.25 550.75
875.25 553.08
881.92 553.42
890.25 559.08
876.58 559.75
872.92 571.75
880.92 570.42
877.25 570.42
854.58 545.08
858.58 553.08
849.92 554.75
845.58 561.75
830.58 561.08
815.25 575.08
802.25 567.08
784.25 584.08
802.25 587.75
771.92 597.75
751.25 591.42
732.25 594.42
702.58 602.08
711.92 566.08
743.25 571.75
780.92 573.75
788.58 566.75
856.25 560.42
864.92 564.42
838.25 549.08
844.58 553.75
842.92 548.08
831.25 553.75
848.92 548.75
817.92 559.08
802.25 555.08
809.25 560.42
810.92 551.75
814.58 547.08
819.92 549.42
795.25 553.75
796.92 545.42
795.58 541.75
802.58 544.75
790.58 554.75
783.25 552.75
787.58 545.08
774.58 551.42
773.25 544.42
775.58 542.08
777.25 546.75
766.92 543.75
761.92 552.42
771.25 559.75
771.58 573.42
751.92 566.08
752.58 555.75
742.92 557.42
747.25 551.08
749.25 542.75
757.92 547.08
763.58 548.42
811.58 567.42
829.58 569.42
933.92 560.08
928.92 557.42
778.92 559.42
729.92 551.08
724.25 554.75
731.58 576.75
712.58 557.08
731.25 565.75
734.58 568.42
811.92 541.75
815.92 553.75
812.58 558.75
695.58 574.75
661.92 608.08
673.25 588.42
683.92 602.75
712.25 597.42
652.92 586.08
661.25 566.75
676.92 570.75
641.92 572.08
651.25 564.42
578.25 589.92
587.58 589.92
564.25 591.25
602.25 581.92
614.92 572.58
622.25 559.25
562.92 569.92
578.25 575.25
550.92 574.58
549.58 567.92
514.92 571.92
492.92 577.25
467.58 583.92
522.25 560.58
526.25 567.92
579.58 567.25
606.92 565.25
605.58 551.25
698.92 567.92
696.92 558.58
631.92 560.08
630.58 565.08
612.25 554.08
614.58 544.75
620.58 545.75
626.58 543.42
624.25 551.42
632.25 549.42
628.25 548.75
636.92 550.08
641.58 549.42
642.25 551.42
645.58 547.42
644.58 545.42
650.25 545.08
655.92 545.75
657.92 552.75
651.92 556.42
663.58 560.08
684.58 572.42
690.58 566.08
683.58 565.42
674.58 556.08
686.58 554.08
686.25 548.42
695.25 553.08
700.92 555.08
704.25 554.08
701.92 549.08
698.25 551.08
717.92 547.75
724.58 540.75
744.25 546.08
737.58 552.08
734.58 545.75
711.58 544.08
715.58 795.92
678.25 548.75
667.25 546.08
670.92 542.42
674.25 547.08
676.25 542.75
683.25 544.08
687.92 541.08
691.25 539.75
685.92 538.08
681.25 538.08
682.25 539.75
665.92 539.42
660.25 537.42
659.92 540.08
667.92 541.75
705.25 544.75
706.58 540.42
695.58 547.42
694.25 543.75
676.92 538.75
670.58 539.42
657.58 542.75
694.58 540.42
643.25 561.75
719.92 562.42
680.92 543.75
930.25 659.25
1243.93 602.40
1240.87 576.83
1258.26 583.99
1271.55 580.92
1275.65 604.45
1259.28 755.85
976.94 565.57
1001.49 565.57
980.01 558.41
1017.86 564.55
1026.04 578.87
1007.63 583.99
981.03 588.08
1041.38 590.12
1040.36 571.71
1064.91 576.83
1072.07 560.46
1055.71 559.43
1112.99 562.50
1098.67 595.24
1084.35 583.99
1084.35 571.71
1154.94 571.71
1162.10 564.55
964.66 557.39
959.55 564.55
684.39 898.13
1122.48 785.58
