233.39 534.69
103.76 421.79
576.27 654.56
682.20 465.00
698.93 412.03
697.54 367.43
849.46 313.07
859.22 283.80
7.59 147.21
14.56 131.87
6.20 63.58
53.59 10.61
33.14 3.99
95.87 31.87
136.98 63.92
167.65 63.92
192.04 -0.89
226.19 3.99
391.36 15.84
484.05 2.60
492.41 33.26
75.66 117.59
133.50 193.55
180.89 166.37
171.13 98.77
212.95 98.07
210.86 63.92
237.34 84.83
259.64 114.10
269.40 149.65
270.79 222.12
205.28 237.46
236.64 277.18
392.75 274.39
521.91 289.38
498.22 235.02
629.24 278.23
333.75 109.57
364.41 102.60
315.63 99.82
417.38 104.00
421.56 69.15
390.89 76.12
464.77 60.79
492.64 99.82
509.37 104.00
542.82 130.48
570.70 186.23
598.57 177.87
528.88 170.90
510.76 161.14
665.48 149.99
697.54 119.33
671.05 73.33
724.02 59.39
747.71 64.97
729.59 83.09
643.18 140.24
744.93 236.41
767.23 225.26
822.98 216.90
841.10 215.50
841.10 168.11
887.10 117.94
870.37 83.09
916.37 63.58
919.16 182.05
1002.78 124.90
1004.18 84.48
998.60 25.94
580.45 34.65
502.40 5.38
655.72 20.02
795.10 18.63
-252.42 188.09
-192.49 229.19
6.15 226.83
78.93 169.47
364.46 3.80
329.36 9.79
21.56 78.39
383.30 117.67
450.51 115.53
470.42 46.28
431.25 5.94
286.12 372.17
605.48 25.31
617.68 40.29
659.85 69.72
522.50 594.00
505.50 508.50
552.50 465.00
548.00 392.00
510.50 392.00
450.50 403.50
413.50 485.00
364.00 413.00
353.00 307.00
415.00 287.00
523.50 294.00
534.00 223.50
531.00 136.50
497.00 139.00
488.00 153.00
499.00 172.00
445.50 185.00
428.50 150.00
448.00 132.50
411.00 142.00
400.00 172.00
340.00 184.50
355.00 140.00
373.50 122.00
340.50 109.50
344.50 69.50
352.00 56.50
340.50 46.50
362.00 13.50
471.00 227.00
408.00 219.50
396.00 242.00
363.50 229.50
224.50 696.00
128.00 464.00
226.00 426.00
236.50 404.50
186.00 372.00
239.00 350.00
236.00 333.50
402.50 958.50
218.00 347.50
264.38 469.73
277.59 570.14
274.95 409.84
334.84 385.18
390.32 438.91
384.16 600.96
503.94 633.55
625.48 553.40
604.34 398.40
683.61 477.66
726.76 430.10
743.50 581.59
928.45 487.35
963.68 532.27
991.86 346.43
958.40 331.46
914.36 327.06
835.97 331.46
663.35 356.12
638.69 351.72
624.60 335.86
1215.57 327.94
1222.62 467.09
1162.73 512.01
259.39 347.09
328.52 316.71
483.53 305.70
509.51 319.35
599.79 291.61
302.25 280.71
327.57 275.42
382.18 277.62
409.48 275.42
480.82 284.23
795.46 283.79
847.64 276.08
877.59 300.74
959.28 273.88
1123.97 282.25
1000.45 272.73
1205.66 293.04
1265.77 300.08
1278.36 294.30
1276.56 486.14
557.66 268.05
603.46 263.64
580.56 261.88
