197.00 286.50
117.50 120.00
582.00 596.00
458.00 435.50
398.00 360.50
465.00 275.00
467.00 96.50
359.50 81.00
170.00 775.50
248.50 502.00
170.50 491.00
143.50 398.00
107.50 392.00
68.00 377.00
223.00 817.50
167.00 775.50
248.50 506.00
171.50 493.00
146.50 399.50
104.00 389.50
66.50 377.00
222.50 822.00
363.00 801.50
301.50 718.50
298.50 682.50
366.50 733.50
447.00 720.00
432.50 663.00
376.50 599.00
499.50 638.00
516.00 678.50
522.50 770.00
512.00 590.00
498.00 478.00
461.00 461.00
453.00 481.00
475.50 432.50
474.00 419.50
492.50 438.50
410.00 480.50
417.50 428.50
402.50 428.50
344.00 485.00
345.00 503.00
365.00 490.00
353.00 434.00
339.50 412.00
315.50 431.00
285.00 447.50
334.50 359.50
336.00 342.50
324.00 327.50
338.00 332.00
346.50 327.50
366.50 340.00
348.50 303.50
354.00 300.50
351.50 290.00
342.50 288.50
327.50 291.50
320.00 289.00
312.00 284.50
318.50 279.50
323.00 268.00
325.50 262.00
335.00 269.00
339.00 269.00
343.50 269.00
404.00 512.50
396.50 350.00
