26.80 473.39
94.98 505.53
163.16 534.75
156.34 471.44
132.97 476.31
121.28 450.01
96.93 428.58
68.68 413.00
37.51 423.71
229.40 466.57
206.99 453.91
184.59 450.01
192.38 428.58
185.56 401.31
214.79 419.82
259.59 497.74
302.45 529.88
324.85 554.23
327.77 490.92
340.44 469.49
355.05 445.14
338.49 455.86
323.88 446.12
300.50 433.45
300.50 457.81
284.92 464.62
287.84 406.18
404.72 450.99
424.20 440.27
482.64 494.82
464.14 478.26
514.79 537.68
481.67 511.38
548.88 488.00
540.11 460.73
552.77 455.86
558.62 440.27
546.93 433.45
531.34 435.40
514.79 442.22
490.44 462.68
626.80 488.97
671.60 483.13
695.95 518.19
734.92 539.62
734.92 501.64
784.59 446.12
836.21 467.55
851.80 469.49
886.86 478.26
870.31 451.96
836.21 590.27
736.86 592.22
119.82 404.96
63.81 397.17
59.43 386.46
89.62 385.48
74.53 378.18
47.25 386.46
17.55 386.94
16.57 402.53
139.30 417.63
155.86 411.30
210.89 400.09
194.82 397.17
224.04 401.56
356.99 407.89
273.71 398.15
263.00 397.66
253.75 376.72
252.29 375.74
415.92 404.48
162.68 393.28
144.17 395.71
136.86 395.71
115.92 378.67
186.54 385.48
425.66 422.01
415.92 435.65
23.88 454.64
193.36 375.26
176.31 371.85
169.98 366.98
163.16 366.98
146.60 375.26
55.29 373.19
39.46 371.73
87.43 364.91
2.94 361.99
51.15 361.01
213.32 372.94
328.26 419.70
333.62 395.59
322.42 398.02
358.45 391.45
381.10 399.00
416.41 378.06
399.12 387.31
336.78 384.14
367.46 379.52
309.75 384.63
290.76 386.82
453.91 408.50
453.67 439.42
503.10 411.90
487.03 396.08
467.55 402.16
456.59 398.51
445.63 403.38
445.87 389.75
517.95 389.26
549.36 396.81
523.31 413.61
600.74 411.42
582.97 411.90
570.79 432.36
540.11 406.30
569.57 399.97
380.86 380.86
388.65 375.50
707.64 406.18
675.99 417.38
639.95 436.86
689.62 449.53
724.69 438.81
615.60 429.56
639.46 419.33
633.62 397.90
649.69 399.36
673.55 395.95
668.68 385.73
615.60 398.88
591.73 390.11
706.67 387.68
711.54 379.88
703.75 379.88
656.99 375.01
619.01 378.91
624.85 378.91
608.29 387.68
589.79 377.94
566.41 383.29
541.57 387.68
724.20 399.36
575.18 475.34
885.89 424.44
862.03 432.24
860.08 421.04
848.39 432.72
832.81 425.42
821.60 423.47
821.12 443.93
807.48 441.49
787.51 425.42
800.18 417.63
813.81 406.43
824.04 398.63
833.78 403.99
839.62 409.35
849.85 400.58
872.74 404.96
776.31 405.45
761.21 417.63
752.45 399.61
737.84 420.06
842.06 395.71
842.06 384.02
847.42 384.02
783.13 390.84
760.24 392.30
734.43 384.02
810.40 385.48
809.92 393.28
794.82 386.46
896.60 402.53
679.40 384.02
661.38 404.96
686.70 412.76
771.93 401.56
532.81 382.07
466.57 374.77
875.66 385.00
883.45 392.30
775.34 380.61
29.23 359.19
21.93 360.65
204.56 350.42
194.82 351.88
186.05 357.24
209.43 357.24
221.12 367.46
298.55 377.69
282.97 370.87
271.77 367.46
322.90 365.52
337.51 367.46
331.18 363.08
363.32 375.26
364.79 366.49
351.64 371.85
350.18 363.08
361.38 361.62
378.42 361.62
384.27 361.62
372.09 370.87
417.87 362.11
439.79 369.90
447.58 379.15
397.42 375.74
504.07 370.39
513.32 375.74
109.59 432.48
27.70 389.96
22.30 380.52
10.17 350.85
3.87 347.70
10.17 344.11
16.01 345.01
13.76 347.70
22.30 344.11
26.80 345.90
27.70 350.40
32.64 345.90
31.29 341.41
29.05 335.56
21.40 335.12
17.81 334.22
24.10 336.91
35.34 337.81
37.14 342.31
38.49 336.01
43.43 337.36
42.98 340.96
42.53 346.80
37.59 349.50
47.03 345.01
47.48 340.51
47.03 336.91
52.87 336.01
54.22 340.51
51.97 345.01
52.87 350.40
56.92 342.31
60.07 337.81
60.96 341.41
60.96 343.66
66.36 338.71
67.26 342.76
69.96 336.46
60.96 344.56
65.46 368.38
76.70 361.64
62.31 358.94
191.78 343.66
198.98 345.01
194.03 340.96
188.64 336.01
185.94 338.71
184.14 340.06
185.94 333.77
180.99 334.67
176.95 335.12
171.10 334.67
194.48 335.56
198.98 338.71
200.77 335.12
205.72 337.36
209.77 335.12
215.16 334.22
212.01 338.26
207.97 342.31
216.51 347.25
212.01 349.95
216.96 340.51
222.35 343.66
221.00 349.95
225.95 344.56
230.00 343.66
230.00 337.81
225.95 336.91
234.04 341.41
238.09 337.81
238.99 345.01
234.49 349.95
229.55 361.64
224.60 359.84
246.18 360.74
241.68 374.68
231.34 380.52
207.97 378.72
205.27 387.26
225.95 390.41
278.10 379.62
262.81 365.68
258.32 362.09
259.22 353.55
251.12 353.10
259.67 347.25
252.92 345.90
246.63 349.50
246.63 343.66
243.93 341.86
247.08 337.81
243.48 348.60
250.67 340.51
254.72 338.26
256.52 342.76
260.56 337.81
263.71 343.66
265.96 338.26
269.11 343.21
267.76 348.15
266.86 353.55
274.05 354.00
279.90 350.40
283.49 345.90
280.35 339.16
277.65 342.76
273.60 338.71
286.19 339.16
287.99 344.11
292.93 341.41
295.18 339.61
294.73 346.35
292.93 351.30
283.49 354.45
292.93 357.14
291.13 362.09
286.19 366.58
296.98 364.79
297.43 358.49
301.47 360.29
305.52 363.44
310.02 358.49
311.81 353.55
309.12 349.50
302.82 349.95
301.02 344.56
305.97 344.11
303.27 340.96
305.52 336.01
309.12 340.06
313.61 341.41
318.11 340.51
315.41 337.36
315.86 345.46
314.06 348.15
318.11 352.65
316.31 363.44
314.51 366.13
323.50 354.45
327.10 350.40
320.80 346.80
324.40 346.80
325.30 341.86
327.55 337.81
329.35 343.21
332.49 339.61
332.04 345.46
335.19 344.56
340.58 342.31
340.58 347.25
332.04 350.85
338.34 355.79
345.08 354.90
348.23 350.85
351.37 349.05
348.68 343.66
344.63 340.96
347.78 339.61
351.37 341.86
353.62 342.76
355.42 344.56
360.81 339.61
359.92 344.56
358.57 341.41
363.96 341.86
303.95 392.21
353.40 354.00
360.59 356.24
363.29 352.20
359.69 349.05
369.58 352.65
370.48 359.39
378.57 355.79
380.82 350.85
375.43 347.25
369.58 345.01
369.58 340.51
372.28 341.41
375.43 345.01
377.67 340.51
380.82 344.11
384.42 340.51
384.87 346.35
388.46 345.01
392.96 343.66
398.80 339.61
392.06 338.26
386.66 339.16
397.45 349.95
393.41 354.90
393.41 362.54
392.51 370.18
405.99 360.29
401.05 352.20
406.89 352.20
405.54 347.70
407.34 343.21
410.94 339.16
412.29 346.35
416.78 347.70
417.68 354.45
412.74 355.35
424.88 351.75
429.37 356.24
433.42 349.50
430.27 344.11
423.98 341.86
419.48 343.66
419.03 340.06
436.56 345.01
437.91 339.16
446.90 340.51
441.51 346.35
439.26 349.05
438.36 354.90
432.97 357.59
446.90 362.99
442.41 356.69
446.90 354.45
448.70 348.60
452.75 352.20
455.45 360.74
454.55 368.83
449.15 358.04
459.49 354.45
462.64 354.00
459.94 345.90
454.55 349.95
451.40 345.01
456.79 342.31
466.68 340.96
463.99 342.76
468.48 347.70
464.44 349.95
468.48 344.56
474.78 340.96
479.27 341.86
477.92 346.35
472.98 350.40
470.73 357.59
472.98 365.68
479.72 361.64
481.52 354.45
483.77 348.60
485.12 343.66
489.16 344.11
488.71 349.05
492.76 344.56
499.05 346.35
494.11 348.15
493.21 354.45
488.71 351.75
484.22 361.19
482.87 372.43
497.70 363.44
467.58 387.71
484.22 382.77
504.90 394.46
496.80 395.80
505.35 383.67
522.88 377.37
514.79 368.83
509.84 359.39
502.65 358.04
495.01 359.39
499.05 354.90
501.30 348.15
496.80 351.30
500.85 342.76
506.69 346.35
509.39 345.90
506.24 351.30
502.65 354.45
509.84 354.45
512.09 351.75
513.89 346.80
520.63 343.66
520.63 351.30
517.93 346.80
529.62 346.80
529.62 351.75
526.92 358.49
532.32 363.89
519.73 362.54
513.89 358.94
540.41 375.13
547.60 377.82
546.25 368.38
544.01 372.43
537.71 368.83
537.71 362.54
534.57 356.69
539.96 349.95
535.91 344.11
534.57 348.15
535.02 350.40
526.47 342.31
531.87 343.21
540.86 343.66
545.36 345.01
545.80 348.60
544.91 350.85
543.56 354.90
546.70 358.94
550.30 352.20
551.65 347.70
551.20 344.11
556.59 344.56
557.49 349.05
553.00 355.79
555.69 357.14
558.39 359.84
556.14 365.24
553.45 362.09
557.04 373.33
562.89 368.38
556.59 386.81
579.97 375.13
569.63 371.98
572.33 364.34
567.83 359.84
564.69 354.00
564.24 349.50
565.14 342.31
570.53 343.21
570.08 347.25
570.08 355.35
575.48 358.49
575.92 353.55
575.92 347.70
581.77 345.46
581.32 352.20
581.32 356.24
580.42 363.44
588.06 358.94
586.26 353.10
585.81 345.46
591.21 345.01
593.91 341.86
598.85 343.21
596.60 346.80
590.76 349.05
592.11 351.30
595.26 349.95
598.40 356.69
594.81 360.74
596.15 370.18
598.85 378.72
603.80 371.08
599.75 365.68
584.02 371.53
576.82 370.63
606.49 344.11
604.70 346.80
602.45 353.10
605.15 356.69
610.99 349.95
613.24 345.46
614.14 352.65
610.09 357.59
611.89 361.19
614.59 356.69
620.43 354.45
619.08 346.35
624.93 346.35
623.13 351.30
623.13 356.69
628.07 354.00
628.97 347.70
631.22 357.14
624.48 362.99
614.14 362.54
613.69 369.28
621.78 371.08
630.32 374.68
634.82 379.17
638.86 367.93
632.57 366.13
639.76 361.19
641.56 356.24
634.82 351.30
639.31 347.70
637.06 353.55
642.46 352.65
645.60 346.35
652.80 347.25
650.55 351.75
646.05 358.04
646.95 366.13
654.15 360.74
655.50 355.35
659.54 351.75
657.29 347.70
664.94 350.40
670.78 350.40
665.39 356.24
660.89 359.84
659.09 365.68
654.60 368.38
646.95 368.38
646.95 374.68
646.05 383.22
653.25 385.02
663.14 376.92
666.73 367.93
666.73 360.74
671.68 357.59
671.68 362.09
672.58 370.63
676.17 367.48
678.42 360.29
680.67 355.79
680.67 351.75
676.62 353.55
686.96 351.75
686.51 357.14
692.36 350.85
696.40 352.65
691.46 357.59
691.91 353.55
695.06 359.84
689.66 364.79
680.67 364.79
683.82 373.33
691.46 376.92
687.41 386.36
686.51 401.20
695.95 403.45
690.11 393.11
699.55 372.43
695.95 367.93
700.45 364.34
704.95 359.39
701.80 351.30
701.80 358.94
704.95 353.10
710.34 350.85
716.18 350.85
713.94 354.90
710.79 360.74
705.84 367.03
707.64 371.53
716.18 370.18
713.49 365.68
709.89 363.89
718.88 361.64
720.68 355.79
724.73 351.75
730.57 351.75
729.22 358.94
726.07 362.54
717.98 371.53
723.83 371.08
727.87 367.03
729.67 364.34
735.96 360.29
739.11 355.35
739.11 352.20
735.07 353.55
746.30 355.35
744.06 358.04
739.56 361.64
736.41 367.48
733.27 371.98
730.57 394.01
744.96 380.97
743.16 375.13
747.20 368.83
752.15 364.34
754.85 359.39
754.85 354.90
762.94 358.04
766.98 359.84
764.74 364.79
762.49 371.53
757.09 372.43
757.99 367.03
751.25 370.18
746.75 364.79
740.46 369.73
756.19 381.87
768.33 389.51
864.99 366.58
872.18 363.44
878.47 367.48
874.43 369.28
871.73 375.13
886.11 372.88
869.03 390.86
862.74 396.70
850.60 395.36
860.04 388.16
856.89 390.86
827.67 384.12
820.93 379.62
482.00 483.50
345.00 358.00
454.50 278.50
394.50 195.00
317.00 187.50
395.00 112.00
378.00 77.50
339.00 73.00
342.00 44.50
339.50 39.00
357.50 55.00
142.61 597.10
180.60 591.84
209.24 593.59
254.83 578.39
309.18 570.80
333.15 573.13
354.19 558.52
385.16 546.83
400.94 561.44
429.58 548.00
443.03 595.93
493.88 578.98
509.66 563.20
516.09 612.88
562.26 580.15
83.57 573.13
118.64 569.04
150.20 545.08
54.94 548.00
46.75 488.97
83.57 487.80
125.66 487.80
165.40 466.76
206.90 467.34
210.41 505.92
263.59 483.71
283.46 490.72
284.63 420.59
301.58 436.37
302.17 481.96
339.57 477.28
340.74 448.06
373.47 448.06
416.73 453.32
400.36 496.57
458.81 472.60
503.81 492.48
522.51 487.80
523.68 454.48
485.11 474.36
572.20 486.05
550.57 536.31
596.16 550.34
583.30 505.92
611.36 492.48
625.38 503.58
659.28 495.98
713.05 475.53
702.53 588.33
673.31 584.82
602.59 593.01
759.23 566.70
781.44 559.69
763.90 530.47
759.23 488.38
790.79 488.38
811.83 490.14
814.75 519.95
852.16 541.57
872.03 508.84
844.56 498.32
902.42 490.14
911.19 532.22
297.49 529.88
388.67 479.62
526.61 516.44
387.00 776.00
473.00 786.00
486.00 569.00
438.50 492.50
370.50 509.50
459.00 456.50
447.00 430.00
326.00 333.50
390.00 340.00
