207.50 117.00
75.50 48.00
462.50 446.00
339.50 292.00
419.00 208.00
404.00 81.00
336.00 70.50
153.76 965.85
444.84 716.48
264.69 486.08
307.36 452.90
369.93 405.49
447.68 483.24
522.59 522.11
542.50 409.28
818.88 345.88
886.91 365.08
895.31 258.19
432.51 330.47
453.13 362.47
497.46 290.88
549.85 312.22
349.55 317.91
254.73 375.39
462.73 270.82
432.82 256.43
62.50 311.51
154.47 343.98
127.68 297.28
178.17 319.33
100.42 288.99
218.88 269.77
254.68 264.42
296.69 260.41
331.06 258.39
365.87 693.24
348.18 629.54
284.47 637.80
364.69 549.32
398.90 539.88
439.01 718.02
450.81 708.58
435.47 661.39
501.54 648.41
476.77 679.09
500.36 615.38
498.00 598.87
510.98 576.45
490.92 552.86
508.62 519.83
534.57 541.06
595.92 485.61
635.44 450.81
679.09 446.68
695.60 529.26
738.07 548.73
746.33 539.88
719.79 628.95
805.32 566.42
767.57 565.24
824.78 542.83
846.02 631.90
852.51 664.34
808.27 522.18
834.22 467.33
800.60 459.66
795.88 446.68
829.50 456.12
848.38 466.15
532.21 529.26
549.32 549.91
584.71 569.37
831.57 529.85
888.19 479.12
923.00 482.07
932.14 486.20
945.41 483.25
978.44 481.48
973.13 539.00
963.40 536.64
664.34 738.07
690.30 736.89
863.71 736.89
913.26 660.21
1011.18 603.59
1171.62 729.82
1243.59 795.88
1202.30 603.59
1151.57 588.25
1092.58 577.63
1066.63 539.88
1211.73 561.71
1188.14 550.50
1130.92 546.37
1114.41 541.06
1112.64 516.29
1134.46 508.03
1155.11 508.03
1157.47 531.03
1211.73 503.90
1280.16 561.71
1237.69 466.15
1161.00 472.64
1172.80 479.71
1173.98 470.28
1185.19 452.58
1135.64 454.94
1010.00 480.30
962.22 431.64
978.44 432.23
970.48 419.55
974.61 421.61
994.07 423.09
1047.75 431.64
1053.94 425.74
1068.69 428.40
1071.94 432.53
1083.73 424.86
1085.50 453.17
1056.30 429.87
1173.98 449.63
1152.45 449.63
1151.57 461.13
1142.42 436.65
1127.97 445.80
1110.87 443.14
1109.39 433.12
1097.59 428.99
1089.34 423.97
1193.74 414.83
1204.06 412.77
1214.98 416.89
1200.23 445.50
1226.18 448.75
1246.53 456.41
1257.74 463.79
1266.00 448.16
1250.07 433.41
1230.90 425.74
1277.50 474.11
1279.57 449.04
