595.50 118.50
386.00 43.00
414.00 205.50
791.50 183.00
697.50 269.50
751.00 334.50
360.00 501.00
264.50 559.00
610.50 552.50
705.50 597.50
849.00 718.00
757.50 845.00
793.50 983.00
454.00 860.00
514.50 908.00
294.50 758.50
158.50 947.00
1858.00 212.00
1895.50 201.00
1857.50 299.00
503.00 506.50
527.00 382.00
441.00 263.50
379.50 319.00
336.00 237.00
333.00 177.00
393.00 201.00
391.50 190.50
449.00 167.50
472.50 190.50
342.50 112.50
346.50 93.00
324.00 77.50
330.00 46.00
410.00 83.50
392.00 82.50
224.00 820.50
224.00 820.50
224.00 820.50
89.50 657.50
89.00 449.50
86.50 404.00
166.50 441.00
200.50 387.00
170.50 330.50
90.50 305.50
63.00 303.50
289.00 770.00
310.00 589.00
355.00 631.00
438.50 665.00
412.00 550.50
502.00 568.50
482.50 434.50
441.50 436.50
364.50 437.50
400.00 406.00
437.00 395.00
469.00 380.50
492.50 364.00
